# urn:cts:greekLit:tlg0057.tlg032.1st1K-grc1 

"cts"	"running id"	"nth occurrence"	"word form"	"join-(b)efore/join-(a)fter"	"original tag"
1.5	1	[1]	ΓΑΛΗΝΟΥ	_	_
1.5	2	[1]	ΠΕΡΙ	_	_
1.5	3	[1]	ΤΩΝ	_	_
1.5	4	[1]	ΙΠΠΟΚΡΑΤΟΥΣ	_	_
1.5	5	[1]	ΚΑΙ	_	_
1.5	6	[1]	ΠΛΑΤΩΝΟΣ	_	_
1.5	7	[1]	ΔΟΓΜΑΤΩΝ	_	_
1.5	8	[1]	ΒΙΒΛΙΑ	_	_
1.5	9	[1]	ΕΝΝΕΑ	_	_
1.5	10	[1]	.	b	_
1.5	11	[1]	ΠΡΩΤΟΝ	_	_
1.5	12	[1]	ΑΚΕΦΑΛΟΝ	_	_
1.5	13	[2]	.	b	_
1.5	14	[1]	Ἀλλὰ	_	_
1.5	15	[1]	κᾀκείνου	_	_
1.5	16	[1]	τὸ	_	_
1.5	17	[1]	συνεχὲς	_	_
1.5	18	[1]	τῷ	_	_
1.5	19	[1]	στέρνῳ	_	_
1.5	20	[1]	διεσεσήπει	_	_
1.5	21	[1]	,	b	_
1.5	22	[1]	καὶ	_	_
1.5	23	[1]	ἦν	_	_
1.5	24	[1]	οὕτω	_	_
1.5	25	[1]	σαφῶς	_	_
1.5	26	[1]	θεάσασθαι	_	_
1.5	27	[1]	τὴν	_	_
1.5	28	[1]	καρδίαν	_	_
1.5	29	[2]	,	b	_
1.5	30	[1]	ὡς	_	_
1.5	31	[1]	κᾀν	_	_
1.5	32	[1]	ταῖς	_	_
1.5	33	[1]	τῶν	_	_
1.5	34	[1]	ζώων	_	_
1.5	35	[1]	ἀνατομαῖς	_	_
1.5	36	[3]	,	b	_
1.5	37	[1]	ἐπειδὰν	_	_
1.5	38	[1]	ἑκόντες	_	_
1.5	39	[1]	ἀναγυμνῶμεν	_	_
1.5	40	[3]	.	b	_
1.5	41	[2]	τὸ	_	_
1.5	42	[1]	μὲν	_	_
1.5	43	[1]	οὖν	_	_
1.5	44	[1]	παιδάριον	_	_
1.5	45	[1]	ἐσώθη	_	_
1.5	46	[4]	,	b	_
1.5	47	[1]	σαρκωθέντων	_	_
1.5	48	[1]	τε	_	_
1.5	49	[2]	τῶν	_	_
1.5	50	[1]	περὶ	_	_
1.5	51	[3]	τὸ	_	_
1.5	52	[1]	στέρνον	_	_
1.5	53	[2]	καὶ	_	_
1.5	54	[1]	συμφύντων	_	_
1.5	55	[1]	ἀλλήλοις	_	_
1.5	56	[5]	,	b	_
1.5	57	[3]	καὶ	_	_
1.5	58	[1]	τοιοῦτον	_	_
1.5	59	[1]	ἐπίθεμα	_	_
1.5	60	[1]	γενομένων	_	_
1.5	61	[1]	τῆς	_	_
1.5	62	[1]	καρδίας	_	_
1.5	63	[6]	,	b	_
1.5	64	[1]	οἷόν	_	_
1.5	65	[1]	περ	_	_
1.5	66	[1]	ἡ	_	_
1.5	67	[1]	ἔμπροσθεν	_	_
1.5	68	[2]	ἦν	_	_
1.5	69	[1]	κορυφὴ	_	_
1.5	70	[1]	τοῦ	_	_
1.5	71	[1]	χιτῶνος	_	_
1.5	72	[4]	.	b	_
1.5	73	[4]	καὶ	_	_
1.5	74	[1]	οὐ	_	_
1.5	75	[1]	χρὴ	_	_
1.5	76	[1]	θαυμάζειν	_	_
1.5	77	[7]	,	b	_
1.5	78	[1]	εἰ	_	_
1.5	79	[8]	,	b	_
1.5	80	[1]	γυμνωθείσης	_	_
1.5	81	[2]	τῆς	_	_
1.5	82	[2]	καρδίας	_	_
1.5	83	[9]	,	b	_
1.5	84	[2]	ἐσώθη	_	_
1.5	85	[4]	τὸ	_	_
1.5	86	[2]	παιδάριον	_	_
1.5	87	[5]	.	b	_
1.5	88	[1]	οὐδὲν	_	_
1.5	89	[1]	γὰρ	_	_
1.5	90	[1]	περιττότερον	_	_
1.5	91	[2]	ἡ	_	_
1.5	92	[1]	διάθεσις	_	_
1.5	93	[1]	εἶχε	_	_
1.5	94	[3]	τῶν	_	_
1.5	95	[1]	ὁσημέραι	_	_
1.5	96	[1]	γινομένων	_	_
1.5	97	[1]	εἰς	_	_
1.5	98	[1]	τὸν	_	_
1.5	99	[1]	θώρακα	_	_
1.5	100	[1]	συντρήσεων	_	_
1.5	101	[6]	.	b	_
1.5	102	[2]	οὐ	_	_
1.5	103	[1]	μὴν	_	_
1.5	104	[1]	οὐδὲ	_	_
1.5	105	[1]	ὁ	_	_
1.5	106	[1]	περικάρδιος	_	_
1.5	107	[1]	ἴδιον	_	_
1.5	108	[1]	ἐξαίρετον	_	_
1.5	109	[1]	ἐπιφέρει	_	_
1.5	110	[1]	τινὰ	_	_
1.5	111	[1]	κίνδυνον	_	_
1.5	112	[10]	,	b	_
1.5	113	[1]	ὥσπερ	_	_
1.5	114	[1]	που	_	_
1.5	115	[5]	καὶ	_	_
1.5	116	[1]	Ἡρόφιλος	_	_
1.5	117	[1]	εἴρηκε	_	_
1.5	118	[6]	καὶ	_	_
1.5	119	[1]	ἄλλοι	_	_
1.5	120	[1]	πολλοὶ	_	_
1.5	121	[4]	τῶν	_	_
1.5	122	[1]	ἰατρῶν	_	_
1.5	123	[7]	.	b	_
1.5	124	[1]	οὔτε	_	_
1.5	125	[2]	οὖν	_	_
1.5	126	[5]	τὸ	_	_
1.5	127	[3]	παιδάριον	_	_
1.5	128	[1]	ἐκεῖνο	_	_
1.5	129	[1]	παρ	_	_
1.5	130	[1]	’	b	_
1.5	131	[1]	ὅλην	_	_
1.5	132	[2]	τὴν	_	_
1.5	133	[1]	θεραπείαν	_	_
1.5	134	[1]	ἐβέβλαπτο	_	_
1.5	135	[3]	τὴν	_	_
1.5	136	[1]	ἐνέργειαν	_	_
1.5	137	[11]	,	b	_
1.5	138	[2]	οὔτε	_	_
1.5	139	[1]	ἄν	_	_
1.5	140	[1]	τι	_	_
1.5	141	[1]	ζῶον	_	_
1.5	142	[1]	ὁμοίως	_	_
1.5	143	[1]	ἀνατέμνωμεν	_	_
1.5	144	[8]	.	b	_
1.5	145	[1]	τίνος	_	_
1.5	146	[3]	οὖν	_	_
1.5	147	[1]	ἕνεκα	_	_
1.5	148	[1]	ταῦτ	_	_
1.5	149	[2]	’	b	_
1.5	150	[1]	εἴρηταί	_	_
1.5	151	[1]	μοι	_	_
1.5	152	[1]	;	b	_
1.5	153	[2]	τοῦ	_	_
1.5	154	[4]	τὴν	_	_
1.5	155	[2]	καρδίαν	_	_
1.5	156	[1]	αἵματος	_	_
1.5	157	[1]	εἶναι	_	_
1.5	158	[1]	μεστὴν	_	_
1.5	159	[1]	τηνικαῦτα	_	_
1.5	160	[1]	κατ	_	_
1.5	161	[3]	’	b	_
1.5	162	[1]	ἀμφοτέρας	_	_
1.5	163	[1]	τὰς	_	_
1.5	164	[1]	κοιλίας	_	_
1.5	165	[9]	.	b	_
1.5	166	[2]	τῷ	_	_
1.5	167	[1]	τοῦτο	_	_
1.5	168	[1]	δῆλον	_	_
1.5	169	[2]	;	b	_
1.5	170	[2]	εἰ	_	_
1.5	171	[1]	τρώσαις	_	_
1.5	172	[1]	αὐτὴν	_	_
1.5	173	[12]	,	b	_
1.5	174	[1]	εὐθὺς	_	_
1.5	175	[1]	ἐκχεῖται	_	_
1.5	176	[6]	τὸ	_	_
1.5	177	[1]	αἷμα	_	_
1.5	178	[10]	.	b	_
1.5	179	[1]	ἐχρῆν	_	_
1.5	180	[1]	δέ	_	_
1.5	181	[1]	γε	_	_
1.5	182	[1]	κατὰ	_	_
1.5	183	[2]	τὸν	_	_
1.5	184	[1]	Χρύσιππον	_	_
1.5	185	[1]	ἢ	_	_
1.5	186	[7]	τὸ	_	_
1.5	187	[1]	πνεῦμα	_	_
1.5	188	[1]	πρότερον	_	_
1.5	189	[1]	ἐκκενούμενον	_	_
1.5	190	[1]	φαίνεσθαι	_	_
1.5	191	[13]	,	b	_
1.5	192	[1]	κᾄπειθ	_	_
1.5	193	[4]	’	b	_
1.5	194	[1]	οὕτως	_	_
1.5	195	[1]	ἕπεσθαι	_	_
1.5	196	[8]	τὸ	_	_
1.5	197	[2]	αἷμα	_	_
1.5	198	[14]	,	b	_
1.5	199	[2]	ἢ	_	_
1.5	200	[1]	μηδὲ	_	_
1.5	201	[1]	ὅλως	_	_
1.5	202	[2]	ἕπεσθαι	_	_
1.5	203	[15]	,	b	_
1.5	204	[1]	καθάπερ	_	_
1.5	205	[2]	οὐδὲ	_	_
1.5	206	[1]	ἐπὶ	_	_
1.5	207	[5]	τῶν	_	_
1.5	208	[2]	κατὰ	_	_
1.5	209	[3]	τὸν	_	_
1.5	210	[1]	ἐγκέφαλον	_	_
1.5	211	[1]	ἕπεται	_	_
1.5	212	[1]	κοιλιῶν	_	_
1.5	213	[11]	.	b	_
1.5	214	[1]	ἀλλ	_	_
1.5	215	[5]	’	b	_
1.5	216	[2]	ἐπειδὰν	_	_
1.5	217	[1]	ἐκκόψαντες	_	_
1.5	218	[9]	τὸ	_	_
1.5	219	[1]	κρανίον	_	_
1.5	220	[1]	ἀφέλωμεν	_	_
1.5	221	[5]	τὴν	_	_
1.5	222	[1]	παχεῖαν	_	_
1.5	223	[1]	μήνιγγα	_	_
1.5	224	[16]	,	b	_
1.5	225	[7]	καὶ	_	_
1.5	226	[1]	γυμνώσαντες	_	_
1.5	227	[1]	ἅπαντα	_	_
1.5	228	[4]	τὸν	_	_
1.5	229	[2]	ἐγκέφαλον	_	_
1.5	230	[1]	ἐπιχειρῶμεν	_	_
1.5	231	[1]	τιτρώσκειν	_	_
1.5	232	[1]	ἡντιναοῦν	_	_
1.5	233	[1]	αὐτοῦ	_	_
1.5	234	[1]	κοιλίαν	_	_
1.5	235	[17]	,	b	_
1.5	236	[3]	οὔτε	_	_
1.5	237	[1]	ἐν	_	_
1.5	238	[3]	τῷ	_	_
1.5	239	[1]	παραχρῆμα	_	_
1.5	240	[1]	φαίνεται	_	_
1.5	241	[2]	κατ	_	_
1.5	242	[6]	’	b	_
1.5	243	[1]	αὐτὰς	_	_
1.5	244	[3]	αἷμα	_	_
1.5	245	[1]	περιεχόμενον	_	_
1.5	246	[18]	,	b	_
1.5	247	[4]	οὔτε	_	_
1.5	248	[1]	ὕστερον	_	_
1.5	249	[1]	ἑπόμενον	_	_
1.5	250	[12]	.	b	_
1.5	251	[2]	οὕτως	_	_
1.5	252	[1]	δὲ	_	_
1.5	253	[1]	κᾀπὶ	_	_
1.5	254	[3]	τοῦ	_	_
1.5	255	[1]	τεθνεῶτος	_	_
1.5	256	[1]	ἤδη	_	_
1.5	257	[1]	ζώου	_	_
1.5	258	[3]	κατὰ	_	_
1.5	259	[2]	μὲν	_	_
1.5	260	[6]	τὴν	_	_
1.5	261	[1]	ἀριστερὰν	_	_
1.5	262	[2]	κοιλίαν	_	_
1.5	263	[3]	τῆς	_	_
1.5	264	[3]	καρδίας	_	_
1.5	265	[1]	οὐκ	_	_
1.5	266	[1]	ἔσθ	_	_
1.5	267	[7]	’	b	_
1.5	268	[1]	ὅπου	_	_
1.5	269	[2]	οὐκ	_	_
1.5	270	[1]	ἂν	_	_
1.5	271	[1]	εὕροις	_	_
1.5	272	[2]	αἵματος	_	_
1.5	273	[1]	θρόμβους	_	_
1.5	274	[19]	,	b	_
1.5	275	[2]	ἐν	_	_
1.5	276	[2]	δὲ	_	_
1.5	277	[2]	ταῖς	_	_
1.5	278	[4]	κατὰ	_	_
1.5	279	[5]	τὸν	_	_
1.5	280	[3]	ἐγκέφαλον	_	_
1.5	281	[1]	οὐχ	_	_
1.5	282	[1]	εὑρήσεις	_	_
1.5	283	[20]	,	b	_
1.5	284	[1]	πλὴν	_	_
1.5	285	[3]	εἰ	_	_
1.5	286	[1]	θλασθέντος	_	_
1.5	287	[2]	αὐτοῦ	_	_
1.5	288	[1]	σὺν	_	_
1.5	289	[4]	τῷ	_	_
1.5	290	[1]	κρανίῳ	_	_
1.5	291	[6]	τῶν	_	_
1.5	292	[3]	ἐν	_	_
1.5	293	[1]	αὐτῷ	_	_
1.5	294	[1]	τινες	_	_
1.5	295	[1]	ἀρτηριῶν	_	_
1.5	296	[3]	ἢ	_	_
1.5	297	[1]	φλεβῶν	_	_
1.5	298	[1]	διασπασθεῖεν	_	_
1.5	299	[13]	.	b	_
1.5	300	[2]	οὕτω	_	_
1.5	301	[3]	δὲ	_	_
1.5	302	[2]	κᾀπὶ	_	_
1.5	303	[7]	τῶν	_	_
1.5	304	[1]	τιτρωσκομένων	_	_
1.5	305	[5]	κατὰ	_	_
1.5	306	[7]	τὴν	_	_
1.5	307	[1]	ἔκφυσιν	_	_
1.5	308	[4]	τοῦ	_	_
1.5	309	[1]	νωτιαίου	_	_
1.5	310	[1]	βοῶν	_	_
1.5	311	[1]	εὑρίσκεταί	_	_
1.5	312	[1]	ποτε	_	_
1.5	313	[1]	διαδιδόμενον	_	_
1.5	314	[1]	εἴς	_	_
1.5	315	[1]	τινα	_	_
1.5	316	[8]	τῶν	_	_
1.5	317	[1]	προσθίων	_	_
1.5	318	[2]	κοιλιῶν	_	_
1.5	319	[4]	αἷμα	_	_
1.5	320	[14]	.	b	_
1.5	321	[8]	καὶ	_	_
1.5	322	[2]	οὐδὲν	_	_
1.5	323	[1]	οὐδ	_	_
1.5	324	[8]	’	b	_
1.5	325	[1]	ἐνταῦθα	_	_
1.5	326	[1]	θαυμαστὸν	_	_
1.5	327	[21]	,	b	_
1.5	328	[1]	αὐτῆς	_	_
1.5	329	[4]	τῆς	_	_
1.5	330	[1]	ὀπισθίου	_	_
1.5	331	[2]	κοιλίας	_	_
1.5	332	[1]	τιτρωσκομένης	_	_
1.5	333	[22]	,	b	_
1.5	334	[9]	καὶ	_	_
1.5	335	[1]	πολλῶν	_	_
1.5	336	[10]	καὶ	_	_
1.5	337	[1]	μεγάλων	_	_
1.5	338	[1]	αὐτῇ	_	_
1.5	339	[1]	συντιτρωσκομένων	_	_
1.5	340	[1]	ἀγγείων	_	_
1.5	341	[23]	,	b	_
1.5	342	[1]	ἀφικνεῖσθαί	_	_
1.5	343	[2]	ποτε	_	_
1.5	344	[11]	καὶ	_	_
1.5	345	[1]	μέχρι	_	_
1.5	346	[9]	τῶν	_	_
1.5	347	[2]	προσθίων	_	_
1.5	348	[10]	τὸ	_	_
1.5	349	[5]	αἷμα	_	_
1.5	350	[15]	.	b	_
1.5	351	[1]	δύναιτο	_	_
1.5	352	[1]	δ	_	_
1.5	353	[9]	’	b	_
1.5	354	[2]	ἂν	_	_
1.5	355	[1]	ἐνίοτε	_	_
1.5	356	[12]	καὶ	_	_
1.5	357	[1]	βρόχῳ	_	_
1.5	358	[1]	πνιγέντος	_	_
1.5	359	[5]	τοῦ	_	_
1.5	360	[2]	ζώου	_	_
1.5	361	[1]	διὰ	_	_
1.5	362	[8]	τὴν	_	_
1.5	363	[1]	ὑπερβάλλουσαν	_	_
1.5	364	[1]	βίαν	_	_
1.5	365	[1]	ῥαγῆναί	_	_
1.5	366	[2]	τι	_	_
1.5	367	[10]	τῶν	_	_
1.5	368	[6]	κατὰ	_	_
1.5	369	[6]	τὸν	_	_
1.5	370	[4]	ἐγκέφαλον	_	_
1.5	371	[2]	ἀγγείων	_	_
1.5	372	[24]	,	b	_
1.5	373	[1]	οἷα	_	_
1.5	374	[1]	δὴ	_	_
1.5	375	[1]	πολλάκις	_	_
1.5	376	[1]	ὁρᾶται	_	_
1.5	377	[1]	γιγνόμενα	_	_
1.5	378	[13]	καὶ	_	_
1.5	379	[1]	καθ	_	_
1.5	380	[10]	’	b	_
1.5	381	[1]	ὁτιοῦν	_	_
1.5	382	[1]	ἄλλο	_	_
1.5	383	[1]	μέρος	_	_
1.5	384	[1]	ὑπὸ	_	_
1.5	385	[1]	πλήθους	_	_
1.5	386	[3]	αἵματος	_	_
1.5	387	[4]	ἢ	_	_
1.5	388	[1]	χύσεως	_	_
1.5	389	[1]	ἀναῤῥαγέντος	_	_
1.5	390	[1]	ἀγγείου	_	_
1.5	391	[16]	.	b	_
1.5	392	[4]	εἰ	_	_
1.5	393	[2]	δ	_	_
1.5	394	[11]	’	b	_
1.5	395	[4]	ἐν	_	_
1.5	396	[1]	ὕδατι	_	_
1.5	397	[1]	πνιγείη	_	_
1.5	398	[11]	τὸ	_	_
1.5	399	[2]	ζῶον	_	_
1.5	400	[25]	,	b	_
1.5	401	[3]	οὐκ	_	_
1.5	402	[3]	ἂν	_	_
1.5	403	[2]	ὁμοίως	_	_
1.5	404	[1]	ἀγγεῖον	_	_
1.5	405	[1]	ῥαγείη	_	_
1.5	406	[17]	.	b	_
1.5	407	[7]	κατὰ	_	_
1.5	408	[1]	μέντοι	_	_
1.5	409	[1]	τοὺς	_	_
1.5	410	[1]	ἄλλους	_	_
1.5	411	[1]	ἅπαντας	_	_
1.5	412	[1]	θανάτους	_	_
1.5	413	[11]	τῶν	_	_
1.5	414	[2]	ζώων	_	_
1.5	415	[4]	οὐκ	_	_
1.5	416	[4]	ἂν	_	_
1.5	417	[2]	εὕροις	_	_
1.5	418	[5]	ἐν	_	_
1.5	419	[1]	ἐγκεφάλου	_	_
1.5	420	[1]	κοιλίᾳ	_	_
1.5	421	[2]	περιεχόμενον	_	_
1.5	422	[1]	θρόμβον	_	_
1.5	423	[26]	,	b	_
1.5	424	[2]	ὥσπερ	_	_
1.5	425	[6]	ἐν	_	_
1.5	426	[1]	τῇ	_	_
1.5	427	[1]	καρδίᾳ	_	_
1.5	428	[1]	διαπαντός	_	_
1.5	429	[18]	.	b	_
1.5	430	[1]	ἀλλὰ	_	_
1.5	431	[1]	τὰ	_	_
1.5	432	[3]	μὲν	_	_
1.5	433	[2]	ἐπὶ	_	_
1.5	434	[12]	τῶν	_	_
1.5	435	[1]	τεθνεώτων	_	_
1.5	436	[1]	ἐκ	_	_
1.5	437	[1]	περιουσίας	_	_
1.5	438	[1]	εἰρῆσθαί	_	_
1.5	439	[2]	μοι	_	_
1.5	440	[1]	δοκῶ	_	_
1.5	441	[19]	.	b	_
1.5	442	[1]	ἐπάνειμι	_	_
1.5	443	[3]	δ	_	_
1.5	444	[12]	’	b	_
1.5	445	[1]	αὖθις	_	_
1.5	446	[3]	ἐπὶ	_	_
1.5	447	[1]	ζῶντα	_	_
1.5	448	[1]	ζῶα	_	_
1.5	449	[27]	,	b	_
1.5	450	[14]	καὶ	_	_
1.5	451	[1]	δείκνυμί	_	_
1.5	452	[1]	σοι	_	_
1.5	453	[28]	,	b	_
1.5	454	[2]	γυμνωθείσης	_	_
1.5	455	[5]	τῆς	_	_
1.5	456	[4]	καρδίας	_	_
1.5	457	[29]	,	b	_
1.5	458	[3]	οὐ	_	_
1.5	459	[1]	μόνον	_	_
1.5	460	[5]	εἰ	_	_
1.5	461	[1]	σμίλην	_	_
1.5	462	[1]	καθείης	_	_
1.5	463	[2]	εἰς	_	_
1.5	464	[9]	τὴν	_	_
1.5	465	[2]	ἀριστερὰν	_	_
1.5	466	[3]	κοιλίαν	_	_
1.5	467	[30]	,	b	_
1.5	468	[6]	αἷμα	_	_
1.5	469	[1]	προχεόμενον	_	_
1.5	470	[1]	εὐθέως	_	_
1.5	471	[31]	,	b	_
1.5	472	[2]	ἀλλὰ	_	_
1.5	473	[1]	κᾂν	_	_
1.5	474	[1]	γραφεῖον	_	_
1.5	475	[32]	,	b	_
1.5	476	[5]	ἢ	_	_
1.5	477	[1]	βελόνην	_	_
1.5	478	[33]	,	b	_
1.5	479	[1]	ἤ	_	_
1.5	480	[3]	τι	_	_
1.5	481	[2]	τοιοῦτον	_	_
1.5	482	[1]	ἕτερον	_	_
1.5	483	[20]	.	b	_
1.5	484	[1]	καίτοι	_	_
1.5	485	[2]	γε	_	_
1.5	486	[34]	,	b	_
1.5	487	[1]	εἴπερ	_	_
1.5	488	[1]	ἀναγκαῖον	_	_
1.5	489	[3]	ἦν	_	_
1.5	490	[35]	,	b	_
1.5	491	[2]	ἐχρῆν	_	_
1.5	492	[1]	ἐκκενωθῆναι	_	_
1.5	493	[12]	τὸ	_	_
1.5	494	[2]	πνεῦμα	_	_
1.5	495	[2]	πρότερον	_	_
1.5	496	[36]	,	b	_
1.5	497	[1]	ἵνα	_	_
1.5	498	[1]	ἀκολουθήσῃ	_	_
1.5	499	[13]	τὸ	_	_
1.5	500	[7]	αἷμα	_	_
1.5	501	[1]	·	b	_
1.5	502	[14]	τὸ	_	_
1.5	503	[2]	γὰρ	_	_
1.5	504	[1]	στεγνὸν	_	_
1.5	505	[6]	τῆς	_	_
1.5	506	[1]	ὀπῆς	_	_
1.5	507	[5]	ἂν	_	_
1.5	508	[3]	εἰς	_	_
1.5	509	[1]	χρόνου	_	_
1.5	510	[1]	μῆκος	_	_
1.5	511	[4]	οὐ	_	_
1.5	512	[1]	σμικρὰ	_	_
1.5	513	[1]	συνετέλεσεν	_	_
1.5	514	[21]	.	b	_
1.5	515	[3]	ἀλλὰ	_	_
1.5	516	[2]	οὐχ	_	_
1.5	517	[1]	ᾧδ	_	_
1.5	518	[13]	’	b	_
1.5	519	[1]	ἔχει	_	_
1.5	520	[1]	τἀληθές	_	_
1.5	521	[2]	·	b	_
1.5	522	[2]	ἕπεται	_	_
1.5	523	[3]	γὰρ	_	_
1.5	524	[1]	αὐτίκα	_	_
1.5	525	[1]	μάλα	_	_
1.5	526	[5]	τῷ	_	_
1.5	527	[1]	τρώσαντι	_	_
1.5	528	[15]	τὸ	_	_
1.5	529	[8]	αἷμα	_	_
1.5	530	[37]	,	b	_
1.5	531	[1]	ὥστε	_	_
1.5	532	[5]	οὐκ	_	_
1.5	533	[6]	ἂν	_	_
1.5	534	[38]	,	b	_
1.5	535	[2]	οὐδ	_	_
1.5	536	[14]	’	b	_
1.5	537	[6]	εἰ	_	_
1.5	538	[1]	πάνυ	_	_
1.5	539	[1]	σφόδρα	_	_
1.5	540	[1]	ταχύνῃς	_	_
1.5	541	[7]	ἐν	_	_
1.5	542	[2]	τῇ	_	_
1.5	543	[1]	χειρουργίᾳ	_	_
1.5	544	[39]	,	b	_
1.5	545	[1]	δυνήσῃ	_	_
1.5	546	[1]	ποτὲ	_	_
1.5	547	[1]	ἀναίμακτον	_	_
1.5	548	[1]	ἐξαρπάσαι	_	_
1.5	549	[16]	τὸ	_	_
1.5	550	[1]	τρῶσαν	_	_
1.5	551	[22]	.	b	_
1.5	552	[1]	ᾧ	_	_
1.5	553	[2]	δῆλον	_	_
1.5	554	[40]	,	b	_
1.5	555	[2]	ὡς	_	_
1.5	556	[1]	πλήρης	_	_
1.5	557	[1]	ἐστὶν	_	_
1.5	558	[4]	αἵματος	_	_
1.5	559	[3]	ἡ	_	_
1.5	560	[1]	ἀριστερὰ	_	_
1.5	561	[1]	κοιλία	_	_
1.5	562	[23]	.	b	_
1.6	1	[1]	Τὸ	_	_
1.6	2	[1]	γὰρ	_	_
1.6	3	[1]	ὑπὸ	_	_
1.6	4	[1]	τῶν	_	_
1.6	5	[1]	περὶ	_	_
1.6	6	[1]	τὸν	_	_
1.6	7	[1]	Ἐρασίστρατον	_	_
1.6	8	[1]	λεγόμενον	_	_
1.6	9	[1]	,	b	_
1.6	10	[1]	ὡς	_	_
1.6	11	[1]	πρὶν	_	_
1.6	12	[1]	μὲν	_	_
1.6	13	[1]	τοῦ	_	_
1.6	14	[1]	γυμνωθῆναι	_	_
1.6	15	[1]	πνεῦμα	_	_
1.6	16	[1]	μόνον	_	_
1.6	17	[1]	ἐν	_	_
1.6	18	[1]	αὐτῇ	_	_
1.6	19	[1]	περιείχετο	_	_
1.6	20	[2]	,	b	_
1.6	21	[1]	γυμνωθείσης	_	_
1.6	22	[1]	δὲ	_	_
1.6	23	[1]	παρεμπίπτει	_	_
1.6	24	[1]	τὸ	_	_
1.6	25	[1]	αἷμα	_	_
1.6	26	[3]	,	b	_
1.6	27	[1]	οὐδὲν	_	_
1.6	28	[1]	ἄλλ	_	_
1.6	29	[1]	’	b	_
1.6	30	[1]	ἐστὶν	_	_
1.6	31	[1]	ἢ	_	_
1.6	32	[1]	ἀνθρώπων	_	_
1.6	33	[1]	λόγος	_	_
1.6	34	[1]	ἀναισχύντων	_	_
1.6	35	[1]	πρὸς	_	_
1.6	36	[2]	τὸν	_	_
1.6	37	[1]	ἔλεγχον	_	_
1.6	38	[1]	.	b	_
1.6	39	[1]	ἀλλὰ	_	_
1.6	40	[1]	καὶ	_	_
1.6	41	[1]	τοῦτ	_	_
1.6	42	[2]	’	b	_
1.6	43	[1]	αὐτῶν	_	_
1.6	44	[1]	ἐλέγξαι	_	_
1.6	45	[2]	τὸ	_	_
1.6	46	[1]	ἀναισχύντημα	_	_
1.6	47	[1]	ῥᾷστόν	_	_
1.6	48	[1]	ἐστιν	_	_
1.6	49	[2]	.	b	_
1.6	50	[1]	εἰ	_	_
1.6	51	[2]	γὰρ	_	_
1.6	52	[1]	δὴ	_	_
1.6	53	[1]	παρὰ	_	_
1.6	54	[1]	φύσιν	_	_
1.6	55	[1]	εἰς	_	_
1.6	56	[1]	τὴν	_	_
1.6	57	[1]	πνευματικὴν	_	_
1.6	58	[1]	κοιλίαν	_	_
1.6	59	[1]	τῆς	_	_
1.6	60	[1]	καρδίας	_	_
1.6	61	[1]	ἐκπέπτωκε	_	_
1.6	62	[3]	τὸ	_	_
1.6	63	[2]	αἷμα	_	_
1.6	64	[4]	,	b	_
1.6	65	[1]	πάντ	_	_
1.6	66	[3]	’	b	_
1.6	67	[1]	ἐχρῆν	_	_
1.6	68	[5]	,	b	_
1.6	69	[1]	οἶμαι	_	_
1.6	70	[6]	,	b	_
1.6	71	[1]	συγκεχύσθαι	_	_
1.6	72	[1]	τὰ	_	_
1.6	73	[1]	κατὰ	_	_
1.6	74	[2]	φύσιν	_	_
1.6	75	[1]	αὐτῆς	_	_
1.6	76	[1]	ἔργα	_	_
1.6	77	[7]	,	b	_
1.6	78	[2]	καὶ	_	_
1.6	79	[1]	μήτε	_	_
1.6	80	[1]	τὰς	_	_
1.6	81	[1]	ἀρτηρίας	_	_
1.6	82	[1]	ἔθ	_	_
1.6	83	[4]	’	b	_
1.6	84	[1]	ὁμοίως	_	_
1.6	85	[1]	σφύζειν	_	_
1.6	86	[8]	,	b	_
1.6	87	[2]	ὡς	_	_
1.6	88	[1]	ὅτ	_	_
1.6	89	[5]	’	b	_
1.6	90	[1]	ἐκ	_	_
1.6	91	[2]	τοῦ	_	_
1.6	92	[1]	παρ	_	_
1.6	93	[6]	’	b	_
1.6	94	[2]	αὐτῆς	_	_
1.6	95	[1]	ἐπληροῦτο	_	_
1.6	96	[1]	πνεύματος	_	_
1.6	97	[9]	,	b	_
1.6	98	[1]	ἀπολωλέναι	_	_
1.6	99	[1]	τε	_	_
1.6	100	[1]	παμπόλλας	_	_
1.6	101	[1]	ἐνεργείας	_	_
1.6	102	[10]	,	b	_
1.6	103	[3]	ὡς	_	_
1.6	104	[1]	ἂν	_	_
1.6	105	[2]	τῆς	_	_
1.6	106	[1]	πηγῆς	_	_
1.6	107	[2]	αὐτῶν	_	_
1.6	108	[1]	οὐκέτι	_	_
1.6	109	[1]	οὔσης	_	_
1.6	110	[3]	.	b	_
1.6	111	[1]	Ἐρασίστρατος	_	_
1.6	112	[2]	μὲν	_	_
1.6	113	[3]	γὰρ	_	_
1.6	114	[1]	ζωτικοῦ	_	_
1.6	115	[2]	πνεύματος	_	_
1.6	116	[11]	,	b	_
1.6	117	[1]	Χρύσιππος	_	_
1.6	118	[2]	δὲ	_	_
1.6	119	[3]	τοῦ	_	_
1.6	120	[1]	ψυχικοῦ	_	_
1.6	121	[3]	πνεύματος	_	_
1.6	122	[1]	πλήρη	_	_
1.6	123	[1]	φασὶν	_	_
1.6	124	[1]	εἶναι	_	_
1.6	125	[2]	τὴν	_	_
1.6	126	[2]	κοιλίαν	_	_
1.6	127	[1]	ταύτην	_	_
1.6	128	[4]	.	b	_
1.6	129	[1]	ἀλλ	_	_
1.6	130	[7]	’	b	_
1.6	131	[2]	οὐδὲν	_	_
1.6	132	[1]	ὅλως	_	_
1.6	133	[4]	τὸ	_	_
1.6	134	[1]	ζῶον	_	_
1.6	135	[1]	καταλαμβάνει	_	_
1.6	136	[1]	σύμπτωμα	_	_
1.6	137	[5]	.	b	_
1.6	138	[3]	καὶ	_	_
1.6	139	[2]	τοῦτ	_	_
1.6	140	[8]	’	b	_
1.6	141	[1]	ἔνεστι	_	_
1.6	142	[1]	τῷ	_	_
1.6	143	[1]	βουλομένῳ	_	_
1.6	144	[1]	μαθεῖν	_	_
1.6	145	[2]	παρ	_	_
1.6	146	[9]	’	b	_
1.6	147	[1]	ἡμῶν	_	_
1.6	148	[12]	,	b	_
1.6	149	[1]	ὥσπερ	_	_
1.6	150	[1]	ἀμέλει	_	_
1.6	151	[1]	πολλάκις	_	_
1.6	152	[1]	ἐδείξαμεν	_	_
1.6	153	[1]	οὐκ	_	_
1.6	154	[1]	ὀλίγοις	_	_
1.6	155	[2]	τῶν	_	_
1.6	156	[1]	ἀπιστούντων	_	_
1.6	157	[13]	,	b	_
1.6	158	[1]	εὐθὺς	_	_
1.6	159	[1]	ἀντιπαραβάλλοντες	_	_
1.6	160	[1]	αὐτοῖς	_	_
1.6	161	[1]	ἐφ	_	_
1.6	162	[10]	’	b	_
1.6	163	[1]	ἑτέρου	_	_
1.6	164	[1]	ζώου	_	_
1.6	165	[14]	,	b	_
1.6	166	[2]	πολλάκις	_	_
1.6	167	[3]	δὲ	_	_
1.6	168	[4]	καὶ	_	_
1.6	169	[1]	καθ	_	_
1.6	170	[11]	’	b	_
1.6	171	[1]	ἒν	_	_
1.6	172	[1]	ὁτιοῦν	_	_
1.6	173	[1]	ταὐτὸν	_	_
1.6	174	[15]	,	b	_
1.6	175	[1]	ὁπόσα	_	_
1.6	176	[2]	τε	_	_
1.6	177	[5]	καὶ	_	_
1.6	178	[1]	ὁποῖα	_	_
1.6	179	[2]	καταλαμβάνει	_	_
1.6	180	[5]	τὸ	_	_
1.6	181	[1]	σύμπαν	_	_
1.6	182	[1]	σῶμα	_	_
1.6	183	[1]	παθήματα	_	_
1.6	184	[16]	,	b	_
1.6	185	[1]	κοιλίας	_	_
1.6	186	[1]	ἐγκεφάλου	_	_
1.6	187	[1]	τρωθείσης	_	_
1.6	188	[6]	.	b	_
1.6	189	[1]	καίτοι	_	_
1.6	190	[1]	τί	_	_
1.6	191	[1]	λέγω	_	_
1.6	192	[2]	τρωθείσης	_	_
1.6	193	[1]	;	b	_
1.6	194	[2]	εἰ	_	_
1.6	195	[4]	γὰρ	_	_
1.6	196	[6]	καὶ	_	_
1.6	197	[2]	πρὶν	_	_
1.6	198	[1]	τρῶσαι	_	_
1.6	199	[1]	θλίψῃς	_	_
1.6	200	[1]	ἡντινοῦν	_	_
1.6	201	[3]	αὐτῶν	_	_
1.6	202	[17]	,	b	_
1.6	203	[1]	ἀκίνητόν	_	_
1.6	204	[3]	τε	_	_
1.6	205	[7]	καὶ	_	_
1.6	206	[1]	ἀναίσθητον	_	_
1.6	207	[18]	,	b	_
1.6	208	[1]	ἄπνουν	_	_
1.6	209	[4]	τε	_	_
1.6	210	[8]	καὶ	_	_
1.6	211	[1]	ἄφωνον	_	_
1.6	212	[2]	εὐθὺς	_	_
1.6	213	[1]	ἔσται	_	_
1.6	214	[6]	τὸ	_	_
1.6	215	[2]	ζῶον	_	_
1.6	216	[7]	.	b	_
1.6	217	[1]	οὕτω	_	_
1.6	218	[4]	δὲ	_	_
1.6	219	[1]	κᾀπὶ	_	_
1.6	220	[3]	τῶν	_	_
1.6	221	[2]	ἀνθρώπων	_	_
1.6	222	[4]	αὐτῶν	_	_
1.6	223	[1]	ἀνατιτραμένων	_	_
1.6	224	[1]	φαίνεται	_	_
1.6	225	[1]	συμπίπτον	_	_
1.6	226	[8]	.	b	_
1.6	227	[1]	﻿	_	_
1.6	228	[2]	ἐν	_	_
1.6	229	[5]	γὰρ	_	_
1.6	230	[2]	τῷ	_	_
1.6	231	[2]	τὰ	_	_
1.6	232	[1]	κατεαγότα	_	_
1.6	233	[4]	τῶν	_	_
1.6	234	[1]	ὀστῶν	_	_
1.6	235	[1]	ἐκκόπτειν	_	_
1.6	236	[19]	,	b	_
1.6	237	[1]	ὑποβάλλειν	_	_
1.6	238	[1]	ἀναγκαζομένων	_	_
1.6	239	[2]	ἡμῶν	_	_
1.6	240	[1]	ἀσφαλείας	_	_
1.6	241	[1]	ἕνεκα	_	_
1.6	242	[1]	τοὺς	_	_
1.6	243	[1]	καλουμένους	_	_
1.6	244	[1]	μηνιγγοφύλακας	_	_
1.6	245	[20]	,	b	_
1.6	246	[3]	εἰ	_	_
1.6	247	[1]	βραχεῖ	_	_
1.6	248	[1]	βιαιότερον	_	_
1.6	249	[1]	ἐπιθλίψει	_	_
1.6	250	[1]	τις	_	_
1.6	251	[2]	αὐτοῖς	_	_
1.6	252	[3]	τὸν	_	_
1.6	253	[1]	ἐγκέφαλον	_	_
1.6	254	[21]	,	b	_
1.6	255	[1]	ἀναίσθητός	_	_
1.6	256	[5]	τε	_	_
1.6	257	[9]	καὶ	_	_
1.6	258	[1]	ἀκίνητος	_	_
1.6	259	[1]	ἁπασῶν	_	_
1.6	260	[5]	τῶν	_	_
1.6	261	[2]	καθ	_	_
1.6	262	[12]	’	b	_
1.6	263	[1]	ὁρμὴν	_	_
1.6	264	[1]	κινήσεων	_	_
1.6	265	[1]	ὁ	_	_
1.6	266	[1]	ἄνθρωπος	_	_
1.6	267	[1]	ἀποτελεῖται	_	_
1.6	268	[22]	,	b	_
1.6	269	[1]	οὐ	_	_
1.6	270	[1]	μὴν	_	_
1.6	271	[1]	τήν	_	_
1.6	272	[1]	γε	_	_
1.6	273	[1]	καρδίαν	_	_
1.6	274	[1]	γυμνωθεῖσαν	_	_
1.6	275	[1]	θλιβόντων	_	_
1.6	276	[9]	.	b	_
1.6	277	[2]	ἀλλ	_	_
1.6	278	[13]	’	b	_
1.6	279	[1]	ἔγωγε	_	_
1.6	280	[1]	οἶδα	_	_
1.6	281	[10]	καὶ	_	_
1.6	282	[1]	πυράγρᾳ	_	_
1.6	283	[1]	ποτὲ	_	_
1.6	284	[1]	χαλκέως	_	_
1.6	285	[1]	ἐπιτρέψας	_	_
1.6	286	[1]	τινὶ	_	_
1.6	287	[1]	περιλαβεῖν	_	_
1.6	288	[1]	αὐτὴν	_	_
1.6	289	[23]	,	b	_
1.6	290	[1]	ἐπειδὴ	_	_
1.6	291	[11]	καὶ	_	_
1.6	292	[6]	τῶν	_	_
1.6	293	[1]	δακτύλων	_	_
1.6	294	[1]	ἐξεπήδα	_	_
1.6	295	[1]	βιαίως	_	_
1.6	296	[1]	παλλομένη	_	_
1.6	297	[10]	.	b	_
1.6	298	[3]	ἀλλ	_	_
1.6	299	[14]	’	b	_
1.6	300	[3]	οὐδὲν	_	_
1.6	301	[1]	οὐδὲ	_	_
1.6	302	[1]	τότε	_	_
1.6	303	[7]	τὸ	_	_
1.6	304	[3]	ζῶον	_	_
1.6	305	[1]	ἔπασχεν	_	_
1.6	306	[24]	,	b	_
1.6	307	[1]	οὔτε	_	_
1.6	308	[2]	εἰς	_	_
1.6	309	[1]	αἴσθησιν	_	_
1.6	310	[25]	,	b	_
1.6	311	[2]	οὔτε	_	_
1.6	312	[3]	εἰς	_	_
1.6	313	[1]	κίνησιν	_	_
1.6	314	[3]	τὴν	_	_
1.6	315	[3]	καθ	_	_
1.6	316	[15]	’	b	_
1.6	317	[2]	ὁρμὴν	_	_
1.6	318	[26]	,	b	_
1.6	319	[4]	ἀλλ	_	_
1.6	320	[16]	’	b	_
1.6	321	[1]	ἐκεκράγει	_	_
1.6	322	[6]	τε	_	_
1.6	323	[1]	μεγάλα	_	_
1.6	324	[27]	,	b	_
1.6	325	[12]	καὶ	_	_
1.6	326	[1]	ἀκωλύτως	_	_
1.6	327	[1]	ἀνέπνει	_	_
1.6	328	[28]	,	b	_
1.6	329	[13]	καὶ	_	_
1.6	330	[1]	πάντα	_	_
1.6	331	[1]	ἐκίνει	_	_
1.6	332	[1]	σφοδρῶς	_	_
1.6	333	[3]	τὰ	_	_
1.6	334	[1]	κῶλα	_	_
1.6	335	[11]	.	b	_
1.6	336	[1]	μόνη	_	_
1.6	337	[6]	γὰρ	_	_
1.6	338	[1]	ἡ	_	_
1.6	339	[7]	τῶν	_	_
1.6	340	[1]	ἀρτηριῶν	_	_
1.6	341	[1]	βλάπτεται	_	_
1.6	342	[1]	κίνησις	_	_
1.6	343	[29]	,	b	_
1.6	344	[2]	οὕτω	_	_
1.6	345	[1]	διαληφθείσης	_	_
1.6	346	[3]	τῆς	_	_
1.6	347	[2]	καρδίας	_	_
1.6	348	[30]	,	b	_
1.6	349	[1]	ἄλλο	_	_
1.6	350	[5]	δὲ	_	_
1.6	351	[4]	οὐδὲν	_	_
1.6	352	[1]	πάσχει	_	_
1.6	353	[8]	τὸ	_	_
1.6	354	[4]	ζῶον	_	_
1.6	355	[31]	,	b	_
1.6	356	[5]	ἀλλ	_	_
1.6	357	[17]	’	b	_
1.6	358	[32]	,	b	_
1.6	359	[1]	ἄχρι	_	_
1.6	360	[1]	περ	_	_
1.6	361	[2]	ἂν	_	_
1.6	362	[1]	ζῇ	_	_
1.6	363	[33]	,	b	_
1.6	364	[14]	καὶ	_	_
1.6	365	[1]	κινεῖ	_	_
1.6	366	[2]	πάντα	_	_
1.6	367	[4]	τὰ	_	_
1.6	368	[1]	μέλη	_	_
1.6	369	[34]	,	b	_
1.6	370	[15]	καὶ	_	_
1.6	371	[1]	ἀναπνεῖ	_	_
1.6	372	[12]	.	b	_
1.6	373	[2]	ἐγκεφάλου	_	_
1.6	374	[6]	δὲ	_	_
1.6	375	[3]	οὕτω	_	_
1.6	376	[1]	θλιφθέντος	_	_
1.6	377	[35]	,	b	_
1.6	378	[1]	ἔμπαλιν	_	_
1.6	379	[1]	ἅπαντα	_	_
1.6	380	[1]	συμπίπτει	_	_
1.6	381	[1]	·	b	_
1.6	382	[1]	σφύζουσι	_	_
1.6	383	[3]	μὲν	_	_
1.6	384	[1]	αἱ	_	_
1.6	385	[1]	ἀρτηρίαι	_	_
1.6	386	[2]	κατὰ	_	_
1.6	387	[3]	φύσιν	_	_
1.6	388	[1]	ἅμα	_	_
1.6	389	[1]	τῇ	_	_
1.6	390	[1]	καρδίᾳ	_	_
1.6	391	[36]	,	b	_
1.6	392	[1]	κινεῖται	_	_
1.6	393	[1]	δ	_	_
1.6	394	[18]	’	b	_
1.6	395	[5]	οὐδὲν	_	_
1.6	396	[1]	μέλος	_	_
1.6	397	[37]	,	b	_
1.6	398	[2]	οὐδὲ	_	_
1.6	399	[2]	ἀναπνεῖ	_	_
1.6	400	[9]	τὸ	_	_
1.6	401	[5]	ζῶον	_	_
1.6	402	[38]	,	b	_
1.6	403	[3]	οὐδὲ	_	_
1.6	404	[1]	ἐκφωνεῖ	_	_
1.6	405	[13]	.	b	_
1.6	406	[1]	ἤδη	_	_
1.6	407	[4]	μὲν	_	_
1.6	408	[1]	οὖν	_	_
1.6	409	[2]	ἐκ	_	_
1.6	410	[1]	τῶνδε	_	_
1.6	411	[16]	καὶ	_	_
1.6	412	[2]	ἄλλο	_	_
1.6	413	[1]	τι	_	_
1.6	414	[1]	μεῖζον	_	_
1.6	415	[1]	ἐκφαίνεται	_	_
1.6	416	[39]	,	b	_
1.6	417	[10]	τὸ	_	_
1.6	418	[2]	μήτε	_	_
1.6	419	[4]	τὴν	_	_
1.6	420	[2]	καρδίαν	_	_
1.6	421	[3]	ἐγκεφάλου	_	_
1.6	422	[1]	τινὸς	_	_
1.6	423	[1]	δεῖσθαι	_	_
1.6	424	[2]	πρὸς	_	_
1.6	425	[5]	τὴν	_	_
1.6	426	[1]	οἰκείαν	_	_
1.6	427	[2]	κίνησιν	_	_
1.6	428	[40]	,	b	_
1.6	429	[3]	μήτε	_	_
1.6	430	[4]	τὸν	_	_
1.6	431	[2]	ἐγκέφαλον	_	_
1.6	432	[4]	τῆς	_	_
1.6	433	[3]	καρδίας	_	_
1.6	434	[14]	.	b	_
1.6	435	[2]	οὐ	_	_
1.6	436	[2]	μὴν	_	_
1.6	437	[1]	τούτου	_	_
1.6	438	[2]	γε	_	_
1.6	439	[1]	ἕνεκεν	_	_
1.6	440	[1]	ἐμνημόνευσα	_	_
1.6	441	[8]	τῶν	_	_
1.6	442	[3]	ἐκ	_	_
1.6	443	[5]	τῆς	_	_
1.6	444	[1]	ἀνατομῆς	_	_
1.6	445	[1]	φαινομένων	_	_
1.6	446	[41]	,	b	_
1.6	447	[6]	ἀλλ	_	_
1.6	448	[19]	’	b	_
1.6	449	[1]	ὅπως	_	_
1.6	450	[1]	ἐπιδείξαιμι	_	_
1.6	451	[11]	τὸ	_	_
1.6	452	[1]	ψυχικὸν	_	_
1.6	453	[2]	πνεῦμα	_	_
1.6	454	[3]	κατὰ	_	_
1.6	455	[2]	τὰς	_	_
1.6	456	[4]	τοῦ	_	_
1.6	457	[4]	ἐγκεφάλου	_	_
1.6	458	[2]	κοιλίας	_	_
1.6	459	[1]	περιεχόμενον	_	_
1.6	460	[15]	.	b	_
1.6	461	[1]	ἔνθα	_	_
1.6	462	[1]	νῦν	_	_
1.6	463	[17]	καὶ	_	_
1.6	464	[1]	μάλιστα	_	_
1.6	465	[1]	μεμψαίμην	_	_
1.6	466	[3]	ἂν	_	_
1.6	467	[5]	τὸν	_	_
1.6	468	[1]	Χρύσιππον	_	_
1.6	469	[42]	,	b	_
1.6	470	[1]	ὅτι	_	_
1.6	471	[1]	βουλόμενος	_	_
1.6	472	[1]	εἰλικρινές	_	_
1.6	473	[2]	τι	_	_
1.6	474	[18]	καὶ	_	_
1.6	475	[1]	καθαρὸν	_	_
1.6	476	[2]	εἶναι	_	_
1.6	477	[3]	πνεῦμα	_	_
1.6	478	[12]	τὸ	_	_
1.6	479	[4]	κατὰ	_	_
1.6	480	[6]	τὴν	_	_
1.6	481	[1]	ἀρχὴν	_	_
1.6	482	[6]	τῆς	_	_
1.6	483	[1]	ψυχῆς	_	_
1.6	484	[43]	,	b	_
1.6	485	[3]	οὐ	_	_
1.6	486	[1]	προσηκόντως	_	_
1.6	487	[3]	ἐν	_	_
1.6	488	[2]	τῇ	_	_
1.6	489	[2]	καρδίᾳ	_	_
1.6	490	[1]	καθίδρυσεν	_	_
1.6	491	[1]	αὐτό	_	_
1.6	492	[16]	.	b	_
1.6	493	[2]	καίτοι	_	_
1.6	494	[2]	Χρύσιππον	_	_
1.6	495	[5]	μὲν	_	_
1.6	496	[1]	ἄν	_	_
1.6	497	[2]	τις	_	_
1.6	498	[1]	ἀποδέξαιτο	_	_
1.6	499	[1]	μετρίως	_	_
1.6	500	[1]	ἀποφηνάμενον	_	_
1.6	501	[44]	,	b	_
1.6	502	[4]	ὡς	_	_
1.6	503	[1]	μήθ	_	_
1.6	504	[20]	’	b	_
1.6	505	[2]	ὅτι	_	_
1.6	506	[9]	τῶν	_	_
1.6	507	[1]	νεύρων	_	_
1.6	508	[1]	ἀρχὴ	_	_
1.6	509	[2]	ἡ	_	_
1.6	510	[1]	καρδία	_	_
1.6	511	[7]	τὴν	_	_
1.6	512	[1]	γνῶσιν	_	_
1.6	513	[1]	αὐτῷ	_	_
1.6	514	[1]	χαρίζεσθαι	_	_
1.6	515	[45]	,	b	_
1.6	516	[1]	μήτ	_	_
1.6	517	[21]	’	b	_
1.6	518	[3]	ἄλλο	_	_
1.6	519	[1]	μηδὲν	_	_
1.6	520	[10]	τῶν	_	_
1.6	521	[5]	κατὰ	_	_
1.6	522	[13]	τὸ	_	_
1.6	523	[1]	πρόβλημα	_	_
1.6	524	[1]	τοῦτο	_	_
1.6	525	[1]	ζητουμένων	_	_
1.6	526	[2]	·	b	_
1.6	527	[1]	ὁμολογεῖ	_	_
1.6	528	[7]	γὰρ	_	_
1.6	529	[1]	ἀπείρως	_	_
1.6	530	[1]	ἔχειν	_	_
1.6	531	[11]	τῶν	_	_
1.6	532	[1]	ἀνατομῶν	_	_
1.6	533	[17]	.	b	_
1.6	534	[1]	Ἀριστοτέλει	_	_
1.6	535	[1]	δέ	_	_
1.6	536	[3]	γε	_	_
1.6	537	[19]	καὶ	_	_
1.6	538	[1]	Πραξαγόρᾳ	_	_
1.6	539	[46]	,	b	_
1.6	540	[2]	παρὰ	_	_
1.6	541	[14]	τὸ	_	_
1.6	542	[1]	φαινόμενον	_	_
1.6	543	[1]	ἀποφαινομένοις	_	_
1.6	544	[47]	,	b	_
1.6	545	[2]	ἀρχὴν	_	_
1.6	546	[12]	τῶν	_	_
1.6	547	[2]	νεύρων	_	_
1.6	548	[3]	εἶναι	_	_
1.6	549	[8]	τὴν	_	_
1.6	550	[3]	καρδίαν	_	_
1.6	551	[48]	,	b	_
1.6	552	[1]	ἐγκαλέσειεν	_	_
1.6	553	[2]	ἄν	_	_
1.6	554	[3]	τις	_	_
1.6	555	[1]	δικαίως	_	_
1.6	556	[18]	.	b	_
1.6	557	[3]	ὅτι	_	_
1.6	558	[6]	μὲν	_	_
1.6	559	[8]	γὰρ	_	_
1.6	560	[1]	ἄλλα	_	_
1.6	561	[1]	πολλὰ	_	_
1.6	562	[13]	τῶν	_	_
1.6	563	[6]	κατὰ	_	_
1.6	564	[3]	τὰς	_	_
1.6	565	[1]	ἀνατομὰς	_	_
1.6	566	[1]	ἀκριβῶς	_	_
1.6	567	[1]	οὐχ	_	_
1.6	568	[1]	ἑωράκασιν	_	_
1.6	569	[49]	,	b	_
1.6	570	[1]	ἐξ	_	_
1.6	571	[1]	ὧν	_	_
1.6	572	[1]	ὑπελείποντο	_	_
1.6	573	[1]	συνταγμάτων	_	_
1.6	574	[2]	ἔνεστι	_	_
1.6	575	[1]	καταμαθεῖν	_	_
1.6	576	[3]	·	b	_
1.6	577	[4]	ὅτι	_	_
1.6	578	[7]	δὲ	_	_
1.6	579	[1]	ἤτοι	_	_
1.6	580	[1]	παντάπασιν	_	_
1.6	581	[1]	αὐτοὶ	_	_
1.6	582	[1]	τυφλώττοντες	_	_
1.6	583	[50]	,	b	_
1.6	584	[2]	ἢ	_	_
1.6	585	[1]	τυφλοῖς	_	_
1.6	586	[1]	διαλεγόμενοι	_	_
1.6	587	[51]	,	b	_
1.6	588	[2]	περὶ	_	_
1.6	589	[7]	τῆς	_	_
1.6	590	[14]	τῶν	_	_
1.6	591	[3]	νεύρων	_	_
1.6	592	[1]	ἀρχῆς	_	_
1.6	593	[1]	ἔγραψαν	_	_
1.6	594	[52]	,	b	_
1.6	595	[4]	οὐ	_	_
1.6	596	[1]	λόγοις	_	_
1.6	597	[1]	χρὴ	_	_
1.6	598	[1]	μακροῖς	_	_
1.6	599	[1]	κατασκευάζειν	_	_
1.6	600	[53]	,	b	_
1.6	601	[7]	ἀλλ	_	_
1.6	602	[22]	’	b	_
1.6	603	[1]	ἐπὶ	_	_
1.6	604	[9]	τὴν	_	_
1.6	605	[2]	αἴσθησιν	_	_
1.6	606	[1]	ἰέναι	_	_
1.6	607	[19]	.	b	_
1.6	608	[2]	φαίνεται	_	_
1.6	609	[9]	γὰρ	_	_
1.6	610	[54]	,	b	_
1.6	611	[5]	ὡς	_	_
1.6	612	[1]	ἔμπροσθεν	_	_
1.6	613	[1]	ἐδήλωσα	_	_
1.6	614	[55]	,	b	_
1.6	615	[5]	τὰ	_	_
1.6	616	[7]	μὲν	_	_
1.6	617	[15]	τῶν	_	_
1.6	618	[4]	νεύρων	_	_
1.6	619	[2]	ἐξ	_	_
1.6	620	[5]	ἐγκεφάλου	_	_
1.6	621	[1]	ἄντικρυς	_	_
1.6	622	[1]	ἐκπεφυκότα	_	_
1.6	623	[56]	,	b	_
1.6	624	[6]	τὰ	_	_
1.6	625	[2]	δ	_	_
1.6	626	[23]	’	b	_
1.6	627	[4]	ἐκ	_	_
1.6	628	[5]	τοῦ	_	_
1.6	629	[1]	νωτιαίου	_	_
1.6	630	[1]	μυελοῦ	_	_
1.6	631	[57]	,	b	_
1.6	632	[1]	νωτιαῖος	_	_
1.6	633	[3]	δ	_	_
1.6	634	[24]	’	b	_
1.6	635	[1]	αὐτὸς	_	_
1.6	636	[3]	ἐξ	_	_
1.6	637	[6]	ἐγκεφάλου	_	_
1.6	638	[20]	.	b	_
1.6	639	[1]	βέλτιον	_	_
1.6	640	[2]	οὖν	_	_
1.6	641	[1]	ἦν	_	_
1.6	642	[1]	οὔθ	_	_
1.6	643	[25]	’	b	_
1.6	644	[1]	ἁπλῶς	_	_
1.6	645	[3]	ἀρχὴν	_	_
1.6	646	[16]	τῶν	_	_
1.6	647	[5]	νεύρων	_	_
1.6	648	[1]	ἀποφήνασθαι	_	_
1.6	649	[10]	τὴν	_	_
1.6	650	[4]	καρδίαν	_	_
1.6	651	[58]	,	b	_
1.6	652	[1]	ὅπερ	_	_
1.6	653	[1]	Ἀριστοτέλης	_	_
1.6	654	[1]	ἐποίησεν	_	_
1.6	655	[59]	,	b	_
1.6	656	[3]	οὔτε	_	_
1.6	657	[5]	ἐκ	_	_
1.6	658	[1]	πανουργίας	_	_
1.6	659	[2]	τινὸς	_	_
1.6	660	[1]	ἐπιβεβουλευμένης	_	_
1.6	661	[60]	,	b	_
1.6	662	[6]	ὡς	_	_
1.6	663	[2]	ὁ	_	_
1.6	664	[1]	Πραξαγόρας	_	_
1.6	665	[21]	.	b	_
1.6	666	[1]	οὗτος	_	_
1.6	667	[10]	γὰρ	_	_
1.6	668	[3]	ὁ	_	_
1.6	669	[1]	ἀνὴρ	_	_
1.6	670	[2]	ἐπειδὴ	_	_
1.6	671	[2]	μηδὲν	_	_
1.6	672	[1]	ἑώρα	_	_
1.6	673	[1]	νεῦρον	_	_
1.6	674	[1]	ἐκφυόμενον	_	_
1.6	675	[8]	τῆς	_	_
1.6	676	[4]	καρδίας	_	_
1.6	677	[61]	,	b	_
1.6	678	[1]	ἐφιλοτιμεῖτο	_	_
1.6	679	[8]	δὲ	_	_
1.6	680	[3]	πρὸς	_	_
1.6	681	[1]	Ἱπποκράτην	_	_
1.6	682	[62]	,	b	_
1.6	683	[20]	καὶ	_	_
1.6	684	[1]	πάντως	_	_
1.6	685	[1]	ἐβούλετο	_	_
1.6	686	[6]	τὸν	_	_
1.6	687	[3]	ἐγκέφαλον	_	_
1.6	688	[1]	ἀφελέσθαι	_	_
1.6	689	[9]	τῆς	_	_
1.6	690	[17]	τῶν	_	_
1.6	691	[6]	νεύρων	_	_
1.6	692	[2]	ἀρχῆς	_	_
1.6	693	[63]	,	b	_
1.6	694	[5]	οὐ	_	_
1.6	695	[1]	σμικρὸν	_	_
1.6	696	[1]	ἀπετόλμησε	_	_
1.6	697	[1]	ψεύσασθαι	_	_
1.6	698	[64]	,	b	_
1.6	699	[4]	τὰς	_	_
1.6	700	[2]	ἀρτηρίας	_	_
1.6	701	[1]	φάμενος	_	_
1.6	702	[4]	ἐν	_	_
1.6	703	[3]	τῷ	_	_
1.6	704	[1]	προϊέναι	_	_
1.6	705	[21]	καὶ	_	_
1.6	706	[1]	κατασχίζεσθαι	_	_
1.6	707	[1]	στενὰς	_	_
1.6	708	[1]	γιγνομένας	_	_
1.6	709	[4]	εἰς	_	_
1.6	710	[1]	νεῦρα	_	_
1.6	711	[1]	μεταβάλλειν	_	_
1.6	712	[4]	·	b	_
1.6	713	[6]	τοῦ	_	_
1.6	714	[11]	γὰρ	_	_
1.6	715	[2]	δὴ	_	_
1.6	716	[1]	σώματος	_	_
1.6	717	[5]	αὐτῶν	_	_
1.6	718	[1]	ὑπάρχοντος	_	_
1.6	719	[1]	νευρώδους	_	_
1.6	720	[8]	μὲν	_	_
1.6	721	[65]	,	b	_
1.6	722	[2]	ἀλλὰ	_	_
1.6	723	[1]	κοίλου	_	_
1.6	724	[66]	,	b	_
1.6	725	[7]	κατὰ	_	_
1.6	726	[11]	τὴν	_	_
1.6	727	[2]	ἐπὶ	_	_
1.6	728	[1]	πλέον	_	_
1.6	729	[5]	ἐν	_	_
1.6	730	[4]	τῷ	_	_
1.6	731	[1]	ζώῳ	_	_
1.6	732	[1]	σχίσιν	_	_
1.6	733	[1]	οὕτως	_	_
1.6	734	[1]	γιγνομένων	_	_
1.6	735	[1]	μικρῶν	_	_
1.6	736	[18]	τῶν	_	_
1.6	737	[1]	κοιλοτήτων	_	_
1.6	738	[67]	,	b	_
1.6	739	[7]	ὡς	_	_
1.6	740	[1]	ἐπιπίπτειν	_	_
1.6	741	[1]	ἀλλήλοις	_	_
1.6	742	[2]	τοὺς	_	_
1.6	743	[1]	χιτῶνας	_	_
1.6	744	[68]	,	b	_
1.6	745	[1]	ὁπόταν	_	_
1.6	746	[2]	τοῦτο	_	_
1.6	747	[1]	πρῶτον	_	_
1.6	748	[1]	γένηται	_	_
1.6	749	[69]	,	b	_
1.6	750	[2]	νεῦρον	_	_
1.6	751	[2]	ἤδη	_	_
1.6	752	[1]	φαίνεσθαι	_	_
1.6	753	[15]	τὸ	_	_
1.6	754	[1]	ἀγγεῖον	_	_
1.6	755	[22]	.	b	_
1.6	756	[2]	Ἐρασίστρατος	_	_
1.6	757	[9]	μὲν	_	_
1.6	758	[3]	οὖν	_	_
1.6	759	[4]	οὐδὲ	_	_
1.6	760	[1]	ἀντιλογίας	_	_
1.6	761	[1]	ἠξίωσε	_	_
1.6	762	[7]	τὸν	_	_
1.6	763	[1]	λόγον	_	_
1.6	764	[70]	,	b	_
1.6	765	[8]	ὡς	_	_
1.6	766	[1]	ἀναισχύντως	_	_
1.6	767	[1]	ἀποτετολμημένον	_	_
1.6	768	[23]	.	b	_
1.7	1	[1]	Ἐγὼ	_	_
1.7	2	[1]	δὲ	_	_
1.7	3	[1]	,	b	_
1.7	4	[1]	ἐπειδή	_	_
1.7	5	[1]	περ	_	_
1.7	6	[1]	ἅπαξ	_	_
1.7	7	[1]	κατέστην	_	_
1.7	8	[1]	εἰς	_	_
1.7	9	[1]	τὸ	_	_
1.7	10	[1]	περὶ	_	_
1.7	11	[1]	πάντων	_	_
1.7	12	[1]	διασκέψασθαι	_	_
1.7	13	[2]	,	b	_
1.7	14	[1]	βραχέα	_	_
1.7	15	[1]	τῷ	_	_
1.7	16	[1]	Πραξαγόρᾳ	_	_
1.7	17	[1]	διαλεχθῆναι	_	_
1.7	18	[1]	βούλομαι	_	_
1.7	19	[3]	,	b	_
1.7	20	[1]	καὶ	_	_
1.7	21	[1]	μάλισθ	_	_
1.7	22	[1]	’	b	_
1.7	23	[1]	ὅτι	_	_
1.7	24	[2]	καὶ	_	_
1.7	25	[1]	Χρύσιππος	_	_
1.7	26	[1]	ἐμνημόνευσε	_	_
1.7	27	[1]	τἀνδρὸς	_	_
1.7	28	[4]	,	b	_
1.7	29	[1]	ἀντιθεὶς	_	_
1.7	30	[1]	τοῖς	_	_
1.7	31	[1]	ἀπὸ	_	_
1.7	32	[1]	τῆς	_	_
1.7	33	[1]	κεφαλῆς	_	_
1.7	34	[1]	ἄρχεσθαι	_	_
1.7	35	[1]	τὰ	_	_
1.7	36	[1]	νεῦρα	_	_
1.7	37	[1]	νομίζουσιν	_	_
1.7	38	[1]	.	b	_
1.7	39	[2]	ὅτι	_	_
1.7	40	[1]	γὰρ	_	_
1.7	41	[1]	οὕτως	_	_
1.7	42	[1]	ἐχρῆν	_	_
1.7	43	[1]	ἔχειν	_	_
1.7	44	[2]	τὸ	_	_
1.7	45	[1]	φαινόμενον	_	_
1.7	46	[1]	ἐκ	_	_
1.7	47	[1]	τῶν	_	_
1.7	48	[1]	ἀνατομῶν	_	_
1.7	49	[5]	,	b	_
1.7	50	[1]	ὡς	_	_
1.7	51	[1]	ὁ	_	_
1.7	52	[1]	Πραξαγόρας	_	_
1.7	53	[1]	εἴρηκεν	_	_
1.7	54	[6]	,	b	_
1.7	55	[1]	εἰ	_	_
1.7	56	[1]	μελλήσει	_	_
1.7	57	[1]	τις	_	_
1.7	58	[1]	εὐλόγως	_	_
1.7	59	[1]	ἀρχὴν	_	_
1.7	60	[2]	τῶν	_	_
1.7	61	[1]	νεύρων	_	_
1.7	62	[1]	ὑπολήψεσθαι	_	_
1.7	63	[1]	τὴν	_	_
1.7	64	[1]	καρδίαν	_	_
1.7	65	[7]	,	b	_
1.7	66	[1]	οὐδ	_	_
1.7	67	[2]	’	b	_
1.7	68	[1]	ἡμεῖς	_	_
1.7	69	[1]	ἀμφισβητοῦμεν	_	_
1.7	70	[2]	.	b	_
1.7	71	[3]	ὅτι	_	_
1.7	72	[1]	δ	_	_
1.7	73	[3]	’	b	_
1.7	74	[1]	οὐχ	_	_
1.7	75	[2]	οὕτως	_	_
1.7	76	[1]	ἔχει	_	_
1.7	77	[8]	,	b	_
1.7	78	[1]	μυριάκις	_	_
1.7	79	[1]	μὲν	_	_
1.7	80	[1]	ἤδη	_	_
1.7	81	[2]	τοῖς	_	_
1.7	82	[1]	βουληθεῖσι	_	_
1.7	83	[1]	γνῶναι	_	_
1.7	84	[1]	τἀληθὲς	_	_
1.7	85	[1]	ἐπὶ	_	_
1.7	86	[3]	τῶν	_	_
1.7	87	[1]	ζώων	_	_
1.7	88	[1]	ἐδείξαμεν	_	_
1.7	89	[9]	,	b	_
1.7	90	[1]	οὐκ	_	_
1.7	91	[1]	ὀκνήσομεν	_	_
1.7	92	[2]	δὲ	_	_
1.7	93	[1]	κᾀνταῦθα	_	_
1.7	94	[2]	τὴν	_	_
1.7	95	[1]	ἀνατομὴν	_	_
1.7	96	[1]	ἑρμηνεῦσαι	_	_
1.7	97	[4]	τῶν	_	_
1.7	98	[1]	ἀρτηριῶν	_	_
1.7	99	[10]	,	b	_
1.7	100	[1]	ὥσπερ	_	_
1.7	101	[1]	ἔμπροσθεν	_	_
1.7	102	[5]	τῶν	_	_
1.7	103	[2]	νεύρων	_	_
1.7	104	[3]	.	b	_
1.7	105	[1]	ἐκφύεται	_	_
1.7	106	[2]	μὲν	_	_
1.7	107	[2]	γὰρ	_	_
1.7	108	[2]	ἐκ	_	_
1.7	109	[2]	τῆς	_	_
1.7	110	[1]	ἀριστερᾶς	_	_
1.7	111	[1]	κοιλίας	_	_
1.7	112	[3]	τῆς	_	_
1.7	113	[1]	καρδίας	_	_
1.7	114	[1]	ἀρτηρία	_	_
1.7	115	[1]	μεγίστη	_	_
1.7	116	[11]	,	b	_
1.7	117	[1]	καθάπερ	_	_
1.7	118	[1]	τι	_	_
1.7	119	[1]	πρέμνον	_	_
1.7	120	[1]	ἁπασῶν	_	_
1.7	121	[6]	τῶν	_	_
1.7	122	[1]	κατὰ	_	_
1.7	123	[3]	τὸ	_	_
1.7	124	[1]	ζῶον	_	_
1.7	125	[2]	ἀρτηριῶν	_	_
1.7	126	[4]	.	b	_
1.7	127	[1]	ἀποβλαστάνει	_	_
1.7	128	[3]	δὲ	_	_
1.7	129	[1]	ἀπ	_	_
1.7	130	[4]	’	b	_
1.7	131	[1]	αὐτῆς	_	_
1.7	132	[1]	πρῶτον	_	_
1.7	133	[3]	μὲν	_	_
1.7	134	[1]	ἡ	_	_
1.7	135	[3]	τὴν	_	_
1.7	136	[2]	καρδίαν	_	_
1.7	137	[1]	περιστέφουσα	_	_
1.7	138	[1]	·	b	_
1.7	139	[3]	καὶ	_	_
1.7	140	[1]	δὴ	_	_
1.7	141	[4]	καὶ	_	_
1.7	142	[1]	ὀνομάζουσιν	_	_
1.7	143	[3]	οὕτως	_	_
1.7	144	[1]	αὐτὴν	_	_
1.7	145	[12]	,	b	_
1.7	146	[1]	οἷς	_	_
1.7	147	[1]	μέλει	_	_
1.7	148	[7]	τῶν	_	_
1.7	149	[2]	ἀνατομῶν	_	_
1.7	150	[5]	.	b	_
1.7	151	[1]	ἀλλ	_	_
1.7	152	[5]	’	b	_
1.7	153	[2]	οὐκ	_	_
1.7	154	[1]	ἂν	_	_
1.7	155	[1]	εἴποις	_	_
1.7	156	[13]	,	b	_
1.7	157	[1]	ὦ	_	_
1.7	158	[1]	γενναιότατε	_	_
1.7	159	[1]	Πραξαγόρα	_	_
1.7	160	[14]	,	b	_
1.7	161	[1]	μειουμένην	_	_
1.7	162	[1]	ἐν	_	_
1.7	163	[2]	τῷ	_	_
1.7	164	[1]	κατασχίζεσθαι	_	_
1.7	165	[4]	τὴν	_	_
1.7	166	[1]	ἀρτηρίαν	_	_
1.7	167	[1]	ταύτην	_	_
1.7	168	[2]	εἰς	_	_
1.7	169	[2]	νεῦρα	_	_
1.7	170	[1]	τελευτᾷν	_	_
1.7	171	[6]	.	b	_
1.7	172	[1]	ἐφεξῆς	_	_
1.7	173	[4]	δὲ	_	_
1.7	174	[1]	τῆσδε	_	_
1.7	175	[1]	δίχα	_	_
1.7	176	[1]	σχισθείσης	_	_
1.7	177	[4]	τῆς	_	_
1.7	178	[1]	μεγάλης	_	_
1.7	179	[1]	ἀρτηρίας	_	_
1.7	180	[15]	,	b	_
1.7	181	[2]	ἡ	_	_
1.7	182	[4]	μὲν	_	_
1.7	183	[1]	μείζων	_	_
1.7	184	[1]	μοῖρα	_	_
1.7	185	[1]	κατακαμφθεῖσα	_	_
1.7	186	[1]	πρὸς	_	_
1.7	187	[5]	τὴν	_	_
1.7	188	[1]	ῥάχιν	_	_
1.7	189	[16]	,	b	_
1.7	190	[2]	ἐπὶ	_	_
1.7	191	[1]	μέσων	_	_
1.7	192	[1]	στηρίζεται	_	_
1.7	193	[8]	τῶν	_	_
1.7	194	[1]	σπονδύλων	_	_
1.7	195	[2]	·	b	_
1.7	196	[3]	ἡ	_	_
1.7	197	[2]	δ	_	_
1.7	198	[6]	’	b	_
1.7	199	[1]	ἑτέρα	_	_
1.7	200	[1]	μετέωρος	_	_
1.7	201	[1]	εὐθὺ	_	_
1.7	202	[9]	τῶν	_	_
1.7	203	[1]	σφαγῶν	_	_
1.7	204	[1]	ἀναφέρεται	_	_
1.7	205	[7]	.	b	_
1.7	206	[1]	πρώτας	_	_
1.7	207	[1]	οὖν	_	_
1.7	208	[1]	ἐπίσκεψαί	_	_
1.7	209	[1]	μοι	_	_
1.7	210	[1]	τὰς	_	_
1.7	211	[3]	εἰς	_	_
1.7	212	[1]	τὸν	_	_
1.7	213	[1]	θώρακα	_	_
1.7	214	[1]	φερομένας	_	_
1.7	215	[2]	ἀπ	_	_
1.7	216	[7]	’	b	_
1.7	217	[1]	αὐτῶν	_	_
1.7	218	[17]	,	b	_
1.7	219	[5]	καὶ	_	_
1.7	220	[1]	τόλμησον	_	_
1.7	221	[1]	εἰπεῖν	_	_
1.7	222	[1]	τινα	_	_
1.7	223	[1]	μεταβάλλειν	_	_
1.7	224	[4]	εἰς	_	_
1.7	225	[1]	νεῦρον	_	_
1.7	226	[8]	.	b	_
1.7	227	[1]	εἰσὶ	_	_
1.7	228	[5]	μὲν	_	_
1.7	229	[3]	γὰρ	_	_
1.7	230	[1]	δύο	_	_
1.7	231	[6]	καὶ	_	_
1.7	232	[1]	εἴκοσι	_	_
1.7	233	[2]	τὸν	_	_
1.7	234	[1]	ἀριθμὸν	_	_
1.7	235	[18]	,	b	_
1.7	236	[2]	ἐν	_	_
1.7	237	[1]	ἑκάστῳ	_	_
1.7	238	[1]	μεσοπλευρίῳ	_	_
1.7	239	[1]	μία	_	_
1.7	240	[9]	.	b	_
1.7	241	[1]	συναποφύεται	_	_
1.7	242	[3]	δ	_	_
1.7	243	[8]	’	b	_
1.7	244	[1]	αὐταῖς	_	_
1.7	245	[2]	ἀπὸ	_	_
1.7	246	[1]	τοῦ	_	_
1.7	247	[1]	νωτιαίου	_	_
1.7	248	[3]	νεῦρα	_	_
1.7	249	[10]	.	b	_
1.7	250	[7]	καὶ	_	_
1.7	251	[1]	φαίνεταί	_	_
1.7	252	[1]	γε	_	_
1.7	253	[1]	καθ	_	_
1.7	254	[9]	’	b	_
1.7	255	[1]	ὅλον	_	_
1.7	256	[3]	τὸν	_	_
1.7	257	[2]	θώρακα	_	_
1.7	258	[1]	συναποτεινόμενά	_	_
1.7	259	[1]	τε	_	_
1.7	260	[8]	καὶ	_	_
1.7	261	[1]	συγκατασχιζόμενα	_	_
1.7	262	[1]	ταυτὶ	_	_
1.7	263	[2]	τὰ	_	_
1.7	264	[2]	δύο	_	_
1.7	265	[1]	γένη	_	_
1.7	266	[10]	τῶν	_	_
1.7	267	[1]	ἀγγείων	_	_
1.7	268	[1]	εἴς	_	_
1.7	269	[2]	τε	_	_
1.7	270	[4]	τὸν	_	_
1.7	271	[1]	ὑπεζωκότα	_	_
1.7	272	[2]	τὰς	_	_
1.7	273	[1]	πλευρὰς	_	_
1.7	274	[1]	χιτῶνα	_	_
1.7	275	[9]	καὶ	_	_
1.7	276	[1]	τοὺς	_	_
1.7	277	[1]	μεσοπλευρίους	_	_
1.7	278	[1]	μῦς	_	_
1.7	279	[19]	,	b	_
1.7	280	[1]	τρίτου	_	_
1.7	281	[1]	τινὸς	_	_
1.7	282	[1]	αὐτοῖς	_	_
1.7	283	[1]	συναποφυομένου	_	_
1.7	284	[3]	τε	_	_
1.7	285	[10]	καὶ	_	_
1.7	286	[1]	συναποτεινομένου	_	_
1.7	287	[11]	καὶ	_	_
1.7	288	[1]	συγκατασχιζομένου	_	_
1.7	289	[1]	φλεβώδους	_	_
1.7	290	[1]	ἀγγείου	_	_
1.7	291	[11]	.	b	_
1.7	292	[2]	ἀλλ	_	_
1.7	293	[10]	’	b	_
1.7	294	[1]	οὐδὲν	_	_
1.7	295	[1]	τό	_	_
1.7	296	[2]	γε	_	_
1.7	297	[1]	νῦν	_	_
1.7	298	[1]	εἶναι	_	_
1.7	299	[1]	δέομαι	_	_
1.7	300	[1]	διεξέρχεσθαι	_	_
1.7	301	[2]	περὶ	_	_
1.7	302	[1]	φλεβῶν	_	_
1.7	303	[3]	·	b	_
1.7	304	[1]	ἀναμένει	_	_
1.7	305	[4]	γὰρ	_	_
1.7	306	[2]	οὖν	_	_
1.7	307	[1]	κᾀκείνας	_	_
1.7	308	[1]	﻿	_	_
1.7	309	[1]	ἑτέρωθι	_	_
1.7	310	[1]	οὐ	_	_
1.7	311	[1]	σμικρὸς	_	_
1.7	312	[1]	λόγος	_	_
1.7	313	[12]	.	b	_
1.7	314	[3]	ἐπὶ	_	_
1.7	315	[5]	δὲ	_	_
1.7	316	[3]	τὰς	_	_
1.7	317	[2]	ἀρτηρίας	_	_
1.7	318	[1]	αὖθις	_	_
1.7	319	[1]	ἐπάνειμι	_	_
1.7	320	[13]	.	b	_
1.7	321	[12]	καὶ	_	_
1.7	322	[1]	καταλίπωμεν	_	_
1.7	323	[2]	ἤδη	_	_
1.7	324	[4]	τὰς	_	_
1.7	325	[2]	κατὰ	_	_
1.7	326	[5]	τὸν	_	_
1.7	327	[3]	θώρακα	_	_
1.7	328	[20]	,	b	_
1.7	329	[1]	μηδ	_	_
1.7	330	[11]	’	b	_
1.7	331	[1]	αὐτοῦ	_	_
1.7	332	[2]	τοῦ	_	_
1.7	333	[1]	Πραξαγόρου	_	_
1.7	334	[1]	τολμήσαντος	_	_
1.7	335	[3]	ἐν	_	_
1.7	336	[1]	θώρακι	_	_
1.7	337	[1]	φάναι	_	_
1.7	338	[1]	μηδεμίαν	_	_
1.7	339	[2]	ἀρτηρίαν	_	_
1.7	340	[5]	εἰς	_	_
1.7	341	[2]	νεῦρον	_	_
1.7	342	[2]	μεταβάλλειν	_	_
1.7	343	[14]	.	b	_
1.7	344	[1]	καίτοι	_	_
1.7	345	[21]	,	b	_
1.7	346	[1]	εἴπερ	_	_
1.7	347	[4]	ἐν	_	_
1.7	348	[2]	θώρακι	_	_
1.7	349	[6]	μὲν	_	_
1.7	350	[1]	φαίνεται	_	_
1.7	351	[4]	νεῦρα	_	_
1.7	352	[1]	πάμπολλα	_	_
1.7	353	[22]	,	b	_
1.7	354	[1]	μεταβάλλει	_	_
1.7	355	[4]	δ	_	_
1.7	356	[12]	’	b	_
1.7	357	[1]	οὐδὲ	_	_
1.7	358	[2]	μία	_	_
1.7	359	[1]	κατ	_	_
1.7	360	[13]	’	b	_
1.7	361	[1]	αὐτὸν	_	_
1.7	362	[6]	εἰς	_	_
1.7	363	[3]	νεῦρον	_	_
1.7	364	[2]	ἀρτηρία	_	_
1.7	365	[23]	,	b	_
1.7	366	[1]	δῆλον	_	_
1.7	367	[2]	ὡς	_	_
1.7	368	[3]	οὐκ	_	_
1.7	369	[1]	ἔστιν	_	_
1.7	370	[3]	ἐκ	_	_
1.7	371	[11]	τῶν	_	_
1.7	372	[3]	ἀρτηριῶν	_	_
1.7	373	[4]	ἡ	_	_
1.7	374	[1]	γένεσις	_	_
1.7	375	[3]	τοῖς	_	_
1.7	376	[1]	νεύροις	_	_
1.7	377	[15]	.	b	_
1.7	378	[1]	ἀλλὰ	_	_
1.7	379	[5]	γὰρ	_	_
1.7	380	[4]	ἐπὶ	_	_
1.7	381	[5]	τὰς	_	_
1.7	382	[1]	ἔξω	_	_
1.7	383	[3]	τοῦ	_	_
1.7	384	[1]	θώρακος	_	_
1.7	385	[1]	ἴωμεν	_	_
1.7	386	[16]	.	b	_
1.7	387	[1]	ὧν	_	_
1.7	388	[1]	πρώτη	_	_
1.7	389	[1]	μέν	_	_
1.7	390	[1]	ἐστι	_	_
1.7	391	[1]	συζυγία	_	_
1.7	392	[12]	τῶν	_	_
1.7	393	[5]	ἐπὶ	_	_
1.7	394	[6]	τὰς	_	_
1.7	395	[1]	ὠμοπλάτας	_	_
1.7	396	[1]	ἀναφερομένων	_	_
1.7	397	[24]	,	b	_
1.7	398	[1]	ἀφ	_	_
1.7	399	[14]	’	b	_
1.7	400	[2]	ὧν	_	_
1.7	401	[4]	οὐκ	_	_
1.7	402	[1]	ὀλίγη	_	_
1.7	403	[2]	μοῖρα	_	_
1.7	404	[13]	καὶ	_	_
1.7	405	[2]	πρὸς	_	_
1.7	406	[6]	τὸν	_	_
1.7	407	[1]	νωτιαῖον	_	_
1.7	408	[1]	εἴσω	_	_
1.7	409	[1]	καταδύεται	_	_
1.7	410	[25]	,	b	_
1.7	411	[14]	καὶ	_	_
1.7	412	[4]	τοῖς	_	_
1.7	413	[5]	ἐν	_	_
1.7	414	[1]	τραχήλῳ	_	_
1.7	415	[1]	μυσὶ	_	_
1.7	416	[1]	διασπείρεται	_	_
1.7	417	[26]	,	b	_
1.7	418	[1]	δευτέρα	_	_
1.7	419	[6]	δὲ	_	_
1.7	420	[13]	τῶν	_	_
1.7	421	[7]	εἰς	_	_
1.7	422	[7]	τὰς	_	_
1.7	423	[1]	χεῖρας	_	_
1.7	424	[1]	φερομένων	_	_
1.7	425	[4]	ἀρτηριῶν	_	_
1.7	426	[27]	,	b	_
1.7	427	[1]	ἅς	_	_
1.7	428	[2]	μοι	_	_
1.7	429	[15]	καὶ	_	_
1.7	430	[2]	μάλισθ	_	_
1.7	431	[15]	’	b	_
1.7	432	[3]	ὡς	_	_
1.7	433	[1]	ἀπονευρουμένας	_	_
1.7	434	[2]	ὁ	_	_
1.7	435	[2]	Πραξαγόρας	_	_
1.7	436	[1]	αἰνίττεσθαι	_	_
1.7	437	[1]	δοκεῖ	_	_
1.7	438	[17]	.	b	_
1.7	439	[2]	καίτοι	_	_
1.7	440	[1]	φανερώτερόν	_	_
1.7	441	[3]	γε	_	_
1.7	442	[14]	τῶν	_	_
1.7	443	[3]	κατὰ	_	_
1.7	444	[7]	τὸν	_	_
1.7	445	[4]	θώρακα	_	_
1.7	446	[16]	καὶ	_	_
1.7	447	[1]	ταύτας	_	_
1.7	448	[1]	ἰδεῖν	_	_
1.7	449	[2]	ἔστιν	_	_
1.7	450	[28]	,	b	_
1.7	451	[1]	ὅσῳ	_	_
1.7	452	[2]	περ	_	_
1.7	453	[17]	καὶ	_	_
1.7	454	[1]	μείζους	_	_
1.7	455	[1]	εἰσὶν	_	_
1.7	456	[29]	,	b	_
1.7	457	[8]	εἰς	_	_
1.7	458	[1]	ὅλα	_	_
1.7	459	[3]	τὰ	_	_
1.7	460	[1]	κῶλα	_	_
1.7	461	[1]	κατασχιζομένας	_	_
1.7	462	[1]	ἄχρι	_	_
1.7	463	[15]	τῶν	_	_
1.7	464	[1]	δακτύλων	_	_
1.7	465	[18]	.	b	_
1.7	466	[3]	ἀλλ	_	_
1.7	467	[16]	’	b	_
1.7	468	[2]	οὐδὲ	_	_
1.7	469	[1]	τούτων	_	_
1.7	470	[3]	οὐδὲ	_	_
1.7	471	[3]	μία	_	_
1.7	472	[2]	φαίνεται	_	_
1.7	473	[4]	νεῦρον	_	_
1.7	474	[1]	γιγνομένη	_	_
1.7	475	[19]	.	b	_
1.7	476	[18]	καὶ	_	_
1.7	477	[6]	γὰρ	_	_
1.7	478	[1]	αἱ	_	_
1.7	479	[4]	κατὰ	_	_
1.7	480	[2]	τοὺς	_	_
1.7	481	[1]	καρποὺς	_	_
1.7	482	[16]	τῶν	_	_
1.7	483	[1]	χειρῶν	_	_
1.7	484	[30]	,	b	_
1.7	485	[3]	ὧν	_	_
1.7	486	[1]	ἔθος	_	_
1.7	487	[1]	ἡμῖν	_	_
1.7	488	[1]	ἐστιν	_	_
1.7	489	[1]	ἅπτεσθαι	_	_
1.7	490	[1]	πυρετῶν	_	_
1.7	491	[1]	διαγνώσεως	_	_
1.7	492	[1]	ἕνεκα	_	_
1.7	493	[31]	,	b	_
1.7	494	[19]	καὶ	_	_
1.7	495	[2]	αἱ	_	_
1.7	496	[1]	μεταξὺ	_	_
1.7	497	[17]	τῶν	_	_
1.7	498	[2]	δακτύλων	_	_
1.7	499	[1]	λιχανοῦ	_	_
1.7	500	[4]	τε	_	_
1.7	501	[20]	καὶ	_	_
1.7	502	[1]	μεγάλου	_	_
1.7	503	[1]	μικραὶ	_	_
1.7	504	[7]	μὲν	_	_
1.7	505	[1]	ὑπάρχουσι	_	_
1.7	506	[1]	παντάπασιν	_	_
1.7	507	[32]	,	b	_
1.7	508	[4]	ἀλλ	_	_
1.7	509	[17]	’	b	_
1.7	510	[1]	οὔτε	_	_
1.7	511	[9]	εἰς	_	_
1.7	512	[5]	νεῦρον	_	_
1.7	513	[3]	ἤδη	_	_
1.7	514	[1]	μεταβεβλήκασιν	_	_
1.7	515	[33]	,	b	_
1.7	516	[1]	ἐναργῶς	_	_
1.7	517	[5]	τε	_	_
1.7	518	[1]	φαίνονται	_	_
1.7	519	[1]	σφύζουσαι	_	_
1.7	520	[21]	καὶ	_	_
1.7	521	[1]	πρὸ	_	_
1.7	522	[5]	τῆς	_	_
1.7	523	[1]	ἀνατομῆς	_	_
1.7	524	[20]	.	b	_
1.7	525	[5]	ἀλλ	_	_
1.7	526	[18]	’	b	_
1.7	527	[6]	ἐν	_	_
1.7	528	[1]	ταύταις	_	_
1.7	529	[8]	μὲν	_	_
1.7	530	[1]	ἴσως	_	_
1.7	531	[2]	οὐ	_	_
1.7	532	[1]	χρὴ	_	_
1.7	533	[1]	πικρῶς	_	_
1.7	534	[1]	διελέγχειν	_	_
1.7	535	[8]	τὸν	_	_
1.7	536	[1]	Πραξαγόραν	_	_
1.7	537	[34]	,	b	_
1.7	538	[1]	ἀλλά	_	_
1.7	539	[2]	τι	_	_
1.7	540	[22]	καὶ	_	_
1.7	541	[1]	συγγνώμης	_	_
1.7	542	[1]	νέμειν	_	_
1.7	543	[35]	,	b	_
1.7	544	[2]	εἰ	_	_
1.7	545	[1]	μικρὰς	_	_
1.7	546	[3]	ἀρτηρίας	_	_
1.7	547	[5]	οὐκ	_	_
1.7	548	[1]	ἐθεάσατο	_	_
1.7	549	[21]	.	b	_
1.7	550	[3]	καίτοι	_	_
1.7	551	[1]	γ	_	_
1.7	552	[19]	’	b	_
1.7	553	[36]	,	b	_
1.7	554	[1]	ὅταν	_	_
1.7	555	[10]	εἰς	_	_
1.7	556	[5]	νεῦρα	_	_
1.7	557	[3]	μεταβάλλειν	_	_
1.7	558	[1]	αὐτὰς	_	_
1.7	559	[1]	φάσκῃ	_	_
1.7	560	[8]	τὰς	_	_
1.7	561	[1]	σμικροτέρας	_	_
1.7	562	[37]	,	b	_
1.7	563	[6]	οὐκ	_	_
1.7	564	[1]	ἀμβλυωπίαν	_	_
1.7	565	[1]	ὑποτιμᾶται	_	_
1.7	566	[1]	δήπουθεν	_	_
1.7	567	[38]	,	b	_
1.7	568	[6]	ἀλλ	_	_
1.7	569	[20]	’	b	_
1.7	570	[1]	ὀξὺ	_	_
1.7	571	[1]	βλέπειν	_	_
1.7	572	[1]	ἐπαγγέλλεται	_	_
1.7	573	[22]	.	b	_
1.7	574	[18]	τῶν	_	_
1.7	575	[7]	δὲ	_	_
1.7	576	[5]	κατὰ	_	_
1.7	577	[9]	τὰς	_	_
1.7	578	[1]	μασχάλας	_	_
1.7	579	[5]	ἀρτηριῶν	_	_
1.7	580	[39]	,	b	_
1.7	581	[1]	(	a	_
1.7	582	[1]	ἔστι	_	_
1.7	583	[8]	δὲ	_	_
1.7	584	[2]	καθ	_	_
1.7	585	[21]	’	b	_
1.7	586	[1]	ἑκατέραν	_	_
1.7	587	[1]	χεῖρα	_	_
1.7	588	[4]	μία	_	_
1.7	589	[40]	,	b	_
1.7	590	[1]	)	b	_
1.7	591	[1]	μεγάλων	_	_
1.7	592	[6]	τε	_	_
1.7	593	[1]	οὐσῶν	_	_
1.7	594	[1]	ἅμα	_	_
1.7	595	[23]	καὶ	_	_
1.7	596	[1]	τέτταρα	_	_
1.7	597	[1]	ζεύγη	_	_
1.7	598	[3]	νεύρων	_	_
1.7	599	[2]	μεγάλων	_	_
1.7	600	[1]	ἀμφ	_	_
1.7	601	[22]	’	b	_
1.7	602	[1]	αὑτὰς	_	_
1.7	603	[1]	ἐχουσῶν	_	_
1.7	604	[41]	,	b	_
1.7	605	[1]	ἀναμνῆσαι	_	_
1.7	606	[2]	βούλομαι	_	_
1.7	607	[3]	τοὺς	_	_
1.7	608	[4]	τὰ	_	_
1.7	609	[4]	τοῦ	_	_
1.7	610	[2]	Πραξαγόρου	_	_
1.7	611	[1]	πρεσβεύοντας	_	_
1.7	612	[23]	.	b	_
1.7	613	[1]	οὐδέπω	_	_
1.7	614	[9]	μὲν	_	_
1.7	615	[7]	γὰρ	_	_
1.7	616	[2]	οὐδ	_	_
1.7	617	[23]	’	b	_
1.7	618	[1]	ὑπήρξατο	_	_
1.7	619	[1]	σχίζεσθαι	_	_
1.7	620	[6]	κατὰ	_	_
1.7	621	[1]	ταῦτα	_	_
1.7	622	[5]	τὰ	_	_
1.7	623	[1]	μόρια	_	_
1.7	624	[19]	τῶν	_	_
1.7	625	[6]	ἀρτηριῶν	_	_
1.7	626	[1]	οὐδετέρα	_	_
1.7	627	[4]	·	b	_
1.7	628	[1]	μεγάλα	_	_
1.7	629	[1]	δέ	_	_
1.7	630	[2]	ἐστιν	_	_
1.7	631	[4]	οὕτως	_	_
1.7	632	[4]	ἤδη	_	_
1.7	633	[6]	τὰ	_	_
1.7	634	[6]	νεῦρα	_	_
1.7	635	[42]	,	b	_
1.7	636	[1]	ὥστ	_	_
1.7	637	[24]	’	b	_
1.7	638	[43]	,	b	_
1.7	639	[3]	εἰ	_	_
1.7	640	[24]	καὶ	_	_
1.7	641	[1]	τυφλὸς	_	_
1.7	642	[1]	εἴη	_	_
1.7	643	[2]	τις	_	_
1.7	644	[44]	,	b	_
1.7	645	[7]	οὐκ	_	_
1.7	646	[2]	ἂν	_	_
1.7	647	[1]	λάθοιεν	_	_
1.7	648	[2]	αὐτοῦ	_	_
1.7	649	[6]	τὴν	_	_
1.7	650	[1]	ἁφήν	_	_
1.7	651	[24]	.	b	_
1.7	652	[1]	πόθεν	_	_
1.7	653	[3]	οὖν	_	_
1.7	654	[1]	ἐγεννήθη	_	_
1.7	655	[2]	ταῦτα	_	_
1.7	656	[45]	,	b	_
1.7	657	[25]	καὶ	_	_
1.7	658	[1]	τίνων	_	_
1.7	659	[7]	ἀρτηριῶν	_	_
1.7	660	[1]	ἀπεβλάστησε	_	_
1.7	661	[46]	,	b	_
1.7	662	[1]	δίκαιος	_	_
1.7	663	[1]	λέγειν	_	_
1.7	664	[3]	ὁ	_	_
1.7	665	[3]	Πραξαγόρας	_	_
1.7	666	[1]	ἐστί	_	_
1.7	667	[25]	.	b	_
1.7	668	[4]	καίτοι	_	_
1.7	669	[1]	τί	_	_
1.7	670	[1]	προκαλοῦμαι	_	_
1.7	671	[2]	λέγειν	_	_
1.7	672	[1]	ἐκεῖνον	_	_
1.7	673	[47]	,	b	_
1.7	674	[1]	ἐνὸν	_	_
1.7	675	[1]	ἡμᾶς	_	_
1.7	676	[2]	εἰπεῖν	_	_
1.7	677	[5]	ἤδη	_	_
1.7	678	[1]	τἀληθές	_	_
1.7	679	[1]	;	b	_
1.7	680	[4]	ὡς	_	_
1.7	681	[5]	ἡ	_	_
1.7	682	[10]	μὲν	_	_
1.7	683	[2]	πρώτη	_	_
1.7	684	[2]	συζυγία	_	_
1.7	685	[20]	τῶν	_	_
1.7	686	[1]	εἰρημένων	_	_
1.7	687	[1]	τεττάρων	_	_
1.7	688	[4]	νεύρων	_	_
1.7	689	[3]	ἀπὸ	_	_
1.7	690	[5]	τοῦ	_	_
1.7	691	[2]	νωτιαίου	_	_
1.7	692	[1]	μυελοῦ	_	_
1.7	693	[1]	σαφῶς	_	_
1.7	694	[2]	ἀποβλαστάνει	_	_
1.7	695	[48]	,	b	_
1.7	696	[1]	καθὰ	_	_
1.7	697	[1]	συμβέβληκεν	_	_
1.7	698	[4]	ὁ	_	_
1.7	699	[1]	τέταρτος	_	_
1.7	700	[6]	τοῦ	_	_
1.7	701	[1]	τραχήλου	_	_
1.7	702	[1]	σπόνδυλος	_	_
1.7	703	[3]	τῷ	_	_
1.7	704	[1]	πέμπτῳ	_	_
1.7	705	[49]	,	b	_
1.7	706	[6]	ἡ	_	_
1.7	707	[2]	δευτέρα	_	_
1.7	708	[9]	δὲ	_	_
1.7	709	[2]	ἐφεξῆς	_	_
1.7	710	[1]	αὐτῇ	_	_
1.7	711	[50]	,	b	_
1.7	712	[2]	μεταξὺ	_	_
1.7	713	[7]	τοῦ	_	_
1.7	714	[1]	πέμπτου	_	_
1.7	715	[7]	τε	_	_
1.7	716	[26]	καὶ	_	_
1.7	717	[1]	ἕκτου	_	_
1.7	718	[51]	,	b	_
1.7	719	[27]	καὶ	_	_
1.7	720	[2]	δὴ	_	_
1.7	721	[28]	καὶ	_	_
1.7	722	[7]	ἡ	_	_
1.7	723	[1]	τρίτη	_	_
1.7	724	[11]	μὲν	_	_
1.7	725	[52]	,	b	_
1.7	726	[1]	ἵνα	_	_
1.7	727	[2]	συμβέβληκεν	_	_
1.7	728	[5]	ὁ	_	_
1.7	729	[1]	ἕκτος	_	_
1.7	730	[4]	τῷ	_	_
1.7	731	[1]	ἑβδόμῳ	_	_
1.7	732	[53]	,	b	_
1.7	733	[8]	ἡ	_	_
1.7	734	[1]	τετάρτη	_	_
1.7	735	[5]	δ	_	_
1.7	736	[25]	’	b	_
1.7	737	[1]	ἐπ	_	_
1.7	738	[26]	’	b	_
1.7	739	[2]	αὐτῇ	_	_
1.7	740	[26]	.	b	_
1.7	741	[4]	τὸ	_	_
1.7	742	[10]	δὲ	_	_
1.7	743	[1]	τελευταῖον	_	_
1.7	744	[1]	ζεῦγος	_	_
1.7	745	[21]	τῶν	_	_
1.7	746	[5]	νεύρων	_	_
1.7	747	[4]	ἐκ	_	_
1.7	748	[6]	τῆς	_	_
1.7	749	[3]	μεταξὺ	_	_
1.7	750	[1]	χώρας	_	_
1.7	751	[2]	ἐκφύεται	_	_
1.7	752	[8]	τοῦ	_	_
1.7	753	[1]	θ	_	_
1.7	754	[27]	’	b	_
1.7	755	[1]	ὑστάτου	_	_
1.7	756	[22]	τῶν	_	_
1.7	757	[9]	τοῦ	_	_
1.7	758	[2]	τραχήλου	_	_
1.7	759	[2]	σπονδύλων	_	_
1.7	760	[29]	καὶ	_	_
1.7	761	[10]	τοῦ	_	_
1.7	762	[1]	πρώτου	_	_
1.7	763	[23]	τῶν	_	_
1.7	764	[7]	ἐν	_	_
1.7	765	[5]	τῷ	_	_
1.7	766	[3]	θώρακι	_	_
1.7	767	[5]	·	b	_
1.7	768	[30]	καὶ	_	_
1.7	769	[1]	τοῦτό	_	_
1.7	770	[2]	ἐστι	_	_
1.7	771	[5]	τὸ	_	_
1.7	772	[11]	εἰς	_	_
1.7	773	[1]	ἄκρας	_	_
1.7	774	[1]	ἰὸν	_	_
1.7	775	[10]	τὰς	_	_
1.7	776	[2]	χεῖρας	_	_
1.7	777	[27]	.	b	_
1.7	778	[5]	οὕτως	_	_
1.7	779	[8]	γὰρ	_	_
1.7	780	[1]	οἱ	_	_
1.7	781	[1]	ἀνατομικώτατοι	_	_
1.7	782	[24]	τῶν	_	_
1.7	783	[2]	πρὸ	_	_
1.7	784	[1]	ἡμῶν	_	_
1.7	785	[1]	ἔγραψαν	_	_
1.7	786	[54]	,	b	_
1.7	787	[4]	ὧν	_	_
1.7	788	[1]	κᾀν	_	_
1.7	789	[5]	τοῖς	_	_
1.7	790	[1]	πρώτοις	_	_
1.7	791	[1]	λόγοις	_	_
1.7	792	[2]	κᾀν	_	_
1.7	793	[6]	τοῖς	_	_
1.7	794	[2]	νῦν	_	_
1.7	795	[1]	ἐνεστῶσι	_	_
1.7	796	[1]	φυλάττω	_	_
1.7	797	[7]	τὴν	_	_
1.7	798	[1]	διδασκαλίαν	_	_
1.7	799	[55]	,	b	_
1.7	800	[1]	πληθυντικῶς	_	_
1.7	801	[1]	εἴ	_	_
1.7	802	[2]	τί	_	_
1.7	803	[1]	που	_	_
1.7	804	[1]	παρεῖδον	_	_
1.7	805	[56]	,	b	_
1.7	806	[1]	ἢ	_	_
1.7	807	[8]	οὐκ	_	_
1.7	808	[1]	ἀκριβῶς	_	_
1.7	809	[1]	ἐξειργάσαντο	_	_
1.7	810	[57]	,	b	_
1.7	811	[1]	παραλιπών	_	_
1.7	812	[6]	·	b	_
1.7	813	[8]	ἐν	_	_
1.7	814	[1]	ἑτέρᾳ	_	_
1.7	815	[1]	γάρ	_	_
1.7	816	[3]	μοι	_	_
1.7	817	[1]	πραγματείᾳ	_	_
1.7	818	[3]	περὶ	_	_
1.7	819	[25]	τῶν	_	_
1.7	820	[1]	τοιούτων	_	_
1.7	821	[1]	εἰρήσεται	_	_
1.7	822	[28]	.	b	_
1.7	823	[9]	οὐκ	_	_
1.7	824	[4]	οὖν	_	_
1.7	825	[4]	ἀρτηρίας	_	_
1.7	826	[2]	χρὴ	_	_
1.7	827	[1]	ζητεῖν	_	_
1.7	828	[58]	,	b	_
1.7	829	[1]	ἐξ	_	_
1.7	830	[5]	ὧν	_	_
1.7	831	[7]	νεῦρα	_	_
1.7	832	[6]	τῷ	_	_
1.7	833	[1]	λόγῳ	_	_
1.7	834	[1]	γεννήσαντες	_	_
1.7	835	[59]	,	b	_
1.7	836	[2]	ἢ	_	_
1.7	837	[4]	τοὺς	_	_
1.7	838	[1]	δακτύλους	_	_
1.7	839	[1]	κινήσομεν	_	_
1.7	840	[60]	,	b	_
1.7	841	[1]	ἤ	_	_
1.7	842	[3]	τι	_	_
1.7	843	[26]	τῶν	_	_
1.7	844	[7]	κατὰ	_	_
1.7	845	[11]	τὰς	_	_
1.7	846	[3]	χεῖρας	_	_
1.7	847	[1]	ἕτερον	_	_
1.7	848	[29]	.	b	_
1.7	849	[1]	ἔχομεν	_	_
1.7	850	[9]	γὰρ	_	_
1.7	851	[6]	ἤδη	_	_
1.7	852	[7]	τὰ	_	_
1.7	853	[8]	νεῦρα	_	_
1.7	854	[31]	καὶ	_	_
1.7	855	[1]	πλείω	_	_
1.7	856	[32]	καὶ	_	_
1.7	857	[1]	μείζω	_	_
1.7	858	[27]	τῶν	_	_
1.7	859	[8]	ἀρτηριῶν	_	_
1.7	860	[61]	,	b	_
1.7	861	[10]	οὐκ	_	_
1.7	862	[5]	ἐκ	_	_
1.7	863	[7]	τῆς	_	_
1.7	864	[1]	ἐκείνων	_	_
1.7	865	[1]	τραγικῆς	_	_
1.7	866	[1]	μεταμορφώσεως	_	_
1.7	867	[62]	,	b	_
1.7	868	[7]	ἀλλ	_	_
1.7	869	[28]	’	b	_
1.7	870	[6]	ἐκ	_	_
1.7	871	[11]	τοῦ	_	_
1.7	872	[3]	νωτιαίου	_	_
1.7	873	[2]	μυελοῦ	_	_
1.7	874	[1]	γεγενημένα	_	_
1.7	875	[30]	.	b	_
1.7	876	[8]	τὰ	_	_
1.7	877	[12]	μὲν	_	_
1.7	878	[3]	δὴ	_	_
1.7	879	[12]	τοῦ	_	_
1.7	880	[3]	Πραξαγόρου	_	_
1.7	881	[1]	ψεύσματα	_	_
1.7	882	[1]	πεφώραται	_	_
1.7	883	[2]	σαφῶς	_	_
1.7	884	[7]	ἤδη	_	_
1.7	885	[63]	,	b	_
1.7	886	[33]	καὶ	_	_
1.7	887	[2]	οὐδὲν	_	_
1.7	888	[1]	ἔτι	_	_
1.7	889	[4]	Πραξαγόρου	_	_
1.7	890	[2]	γ	_	_
1.7	891	[29]	’	b	_
1.7	892	[1]	ἕνεκεν	_	_
1.7	893	[6]	ἐπὶ	_	_
1.7	894	[12]	τὰς	_	_
1.7	895	[5]	ἀρτηρίας	_	_
1.7	896	[1]	ἰέναι	_	_
1.7	897	[3]	χρὴ	_	_
1.7	898	[7]	τῷ	_	_
1.7	899	[2]	λόγῳ	_	_
1.7	900	[31]	.	b	_
1.7	901	[8]	ἀλλ	_	_
1.7	902	[30]	’	b	_
1.7	903	[1]	ἐπειδήπερ	_	_
1.7	904	[1]	ὑπεσχόμην	_	_
1.7	905	[64]	,	b	_
1.7	906	[5]	ὡς	_	_
1.7	907	[2]	ἔμπροσθεν	_	_
1.7	908	[1]	ἐδήλωσα	_	_
1.7	909	[8]	τὴν	_	_
1.7	910	[28]	τῶν	_	_
1.7	911	[6]	νεύρων	_	_
1.7	912	[12]	εἰς	_	_
1.7	913	[1]	ἅπαντα	_	_
1.7	914	[13]	τοῦ	_	_
1.7	915	[1]	ζώου	_	_
1.7	916	[9]	τὰ	_	_
1.7	917	[2]	μόρια	_	_
1.7	918	[1]	νομὴν	_	_
1.7	919	[65]	,	b	_
1.7	920	[1]	οὕτω	_	_
1.7	921	[34]	καὶ	_	_
1.7	922	[3]	νῦν	_	_
1.7	923	[1]	ἐκδιδάξαι	_	_
1.7	924	[29]	τῶν	_	_
1.7	925	[9]	ἀρτηριῶν	_	_
1.7	926	[66]	,	b	_
1.7	927	[7]	ἐπὶ	_	_
1.7	928	[13]	τὰς	_	_
1.7	929	[1]	ὑπολοίπους	_	_
1.7	930	[2]	αὖθις	_	_
1.7	931	[2]	αὐτῶν	_	_
1.7	932	[1]	τρέψωμεν	_	_
1.7	933	[32]	.	b	_
1.7	934	[35]	καὶ	_	_
1.7	935	[2]	πρώτας	_	_
1.7	936	[13]	μὲν	_	_
1.7	937	[14]	τὰς	_	_
1.7	938	[8]	ἐπὶ	_	_
1.7	939	[5]	τοὺς	_	_
1.7	940	[1]	μασθοὺς	_	_
1.7	941	[2]	φερομένας	_	_
1.7	942	[1]	προσθήσω	_	_
1.7	943	[8]	τῷ	_	_
1.7	944	[3]	λόγῳ	_	_
1.7	945	[67]	,	b	_
1.7	946	[1]	δευτέρας	_	_
1.7	947	[11]	δὲ	_	_
1.7	948	[15]	τὰς	_	_
1.7	949	[1]	ἄνω	_	_
1.7	950	[14]	τοῦ	_	_
1.7	951	[2]	θώρακος	_	_
1.7	952	[68]	,	b	_
1.7	953	[36]	καὶ	_	_
1.7	954	[1]	τρίτας	_	_
1.7	955	[16]	τὰς	_	_
1.7	956	[1]	κάτω	_	_
1.7	957	[69]	,	b	_
1.7	958	[37]	καὶ	_	_
1.7	959	[1]	τετάρτας	_	_
1.7	960	[70]	,	b	_
1.7	961	[1]	ὅσαι	_	_
1.7	962	[7]	τοῖς	_	_
1.7	963	[1]	σκέλεσι	_	_
1.7	964	[1]	διανέμονται	_	_
1.7	965	[33]	.	b	_
1.7	966	[3]	αἱ	_	_
1.7	967	[14]	μὲν	_	_
1.7	968	[4]	δὴ	_	_
1.7	969	[30]	τῶν	_	_
1.7	970	[1]	μασθῶν	_	_
1.7	971	[1]	ἀρτηρίαι	_	_
1.7	972	[8]	τῆς	_	_
1.7	973	[9]	ἐπὶ	_	_
1.7	974	[17]	τὰς	_	_
1.7	975	[1]	σφαγὰς	_	_
1.7	976	[1]	ἀναφερομένης	_	_
1.7	977	[1]	ἀποφύονται	_	_
1.7	978	[71]	,	b	_
1.7	979	[1]	ἐπιβαίνουσαι	_	_
1.7	980	[12]	δὲ	_	_
1.7	981	[9]	τῷ	_	_
1.7	982	[1]	στέρνῳ	_	_
1.7	983	[1]	καλουμένῳ	_	_
1.7	984	[1]	μικρὸν	_	_
1.7	985	[1]	ὑποκάτω	_	_
1.7	986	[9]	τῆς	_	_
1.7	987	[31]	τῶν	_	_
1.7	988	[1]	κλειδῶν	_	_
1.7	989	[3]	πρὸς	_	_
1.7	990	[1]	αὐτὸ	_	_
1.7	991	[1]	διαρθρώσεως	_	_
1.7	992	[72]	,	b	_
1.7	993	[1]	ὑποφέρονται	_	_
1.7	994	[1]	διὰ	_	_
1.7	995	[1]	παντὸς	_	_
1.7	996	[1]	αὐτῷ	_	_
1.7	997	[73]	,	b	_
1.7	998	[38]	καὶ	_	_
1.7	999	[1]	τελευτῶσαι	_	_
1.7	1000	[1]	διεκπίπτουσιν	_	_
1.7	1001	[1]	ἐκτὸς	_	_
1.7	1002	[15]	τοῦ	_	_
1.7	1003	[3]	θώρακος	_	_
1.7	1004	[1]	ὑπὸ	_	_
1.7	1005	[16]	τοῦ	_	_
1.7	1006	[1]	στήθους	_	_
1.7	1007	[34]	.	b	_
1.7	1008	[3]	οὐ	_	_
1.7	1009	[1]	μὴν	_	_
1.7	1010	[1]	ἐνταῦθά	_	_
1.7	1011	[4]	γε	_	_
1.7	1012	[1]	ὅλαι	_	_
1.7	1013	[1]	κατασχίζονται	_	_
1.7	1014	[7]	·	b	_
1.7	1015	[3]	φαίνεται	_	_
1.7	1016	[2]	γάρ	_	_
1.7	1017	[3]	τις	_	_
1.7	1018	[3]	αὐτῶν	_	_
1.7	1019	[3]	μοῖρα	_	_
1.7	1020	[1]	δι	_	_
1.7	1021	[31]	’	b	_
1.7	1022	[1]	ἐπιγαστρίου	_	_
1.7	1023	[1]	κατιοῦσα	_	_
1.7	1024	[74]	,	b	_
1.7	1025	[1]	κἀνταῦθ	_	_
1.7	1026	[32]	’	b	_
1.7	1027	[13]	εἰς	_	_
1.7	1028	[2]	πλείω	_	_
1.7	1029	[1]	σχιζομένη	_	_
1.7	1030	[75]	,	b	_
1.7	1031	[1]	ταῖς	_	_
1.7	1032	[4]	ἀπὸ	_	_
1.7	1033	[32]	τῶν	_	_
1.7	1034	[1]	βουβώνων	_	_
1.7	1035	[1]	ἀνιούσαις	_	_
1.7	1036	[14]	εἰς	_	_
1.7	1037	[1]	ταὐτὸν	_	_
1.7	1038	[1]	ἥκουσα	_	_
1.7	1039	[35]	.	b	_
1.7	1040	[1]	λελέξεται	_	_
1.7	1041	[13]	δὲ	_	_
1.7	1042	[1]	ὑπὲρ	_	_
1.7	1043	[2]	ἐκείνων	_	_
1.7	1044	[1]	ὀλίγον	_	_
1.7	1045	[1]	ὕστερον	_	_
1.7	1046	[76]	,	b	_
1.7	1047	[1]	ἐπειδὰν	_	_
1.7	1048	[9]	ἡ	_	_
1.7	1049	[17]	τοῦ	_	_
1.7	1050	[1]	λόγου	_	_
1.7	1051	[1]	τάξις	_	_
1.7	1052	[1]	ὑποβάλλῃ	_	_
1.7	1053	[36]	.	b	_
1.7	1054	[1]	νυνὶ	_	_
1.7	1055	[14]	δὲ	_	_
1.7	1056	[10]	ἐπὶ	_	_
1.7	1057	[18]	τὰς	_	_
1.7	1058	[2]	ἄνω	_	_
1.7	1059	[2]	κλειδῶν	_	_
1.7	1060	[2]	ἰέναι	_	_
1.7	1061	[1]	καιρὸς	_	_
1.7	1062	[77]	,	b	_
1.7	1063	[2]	ἀρχὴν	_	_
1.7	1064	[10]	τῷ	_	_
1.7	1065	[4]	λόγῳ	_	_
1.7	1066	[1]	τήνδε	_	_
1.7	1067	[1]	θεμένους	_	_
1.7	1068	[37]	.	b	_
1.7	1069	[2]	ἐπειδὰν	_	_
1.7	1070	[2]	πρῶτον	_	_
1.7	1071	[7]	ἐκ	_	_
1.7	1072	[18]	τοῦ	_	_
1.7	1073	[4]	θώρακος	_	_
1.7	1074	[1]	ἀνασχοῦσα	_	_
1.7	1075	[39]	καὶ	_	_
1.7	1076	[19]	τὰς	_	_
1.7	1077	[1]	κλεῖς	_	_
1.7	1078	[1]	ὑπερβᾶσα	_	_
1.7	1079	[8]	κατὰ	_	_
1.7	1080	[1]	μέσην	_	_
1.7	1081	[1]	γένηται	_	_
1.7	1082	[9]	τὴν	_	_
1.7	1083	[1]	σφαγὴν	_	_
1.7	1084	[10]	ἡ	_	_
1.7	1085	[1]	ὄρθιος	_	_
1.7	1086	[3]	ἀρτηρία	_	_
1.7	1087	[78]	,	b	_
1.7	1088	[2]	δίχα	_	_
1.7	1089	[1]	σχίζεται	_	_
1.7	1090	[38]	.	b	_
1.7	1091	[1]	τοὐντεῦθεν	_	_
1.7	1092	[15]	δὲ	_	_
1.7	1093	[6]	τὸ	_	_
1.7	1094	[1]	γεννηθὲν	_	_
1.7	1095	[2]	ζεῦγος	_	_
1.7	1096	[10]	ἀρτηριῶν	_	_
1.7	1097	[3]	μεγάλων	_	_
1.7	1098	[11]	οὐκ	_	_
1.7	1099	[1]	ὀρθῶς	_	_
1.7	1100	[15]	μὲν	_	_
1.7	1101	[1]	ὀνομάζονται	_	_
1.7	1102	[1]	καρωτίδες	_	_
1.7	1103	[79]	,	b	_
1.7	1104	[9]	ἀλλ	_	_
1.7	1105	[33]	’	b	_
1.7	1106	[8]	ἤδη	_	_
1.7	1107	[1]	κρατεῖ	_	_
1.7	1108	[1]	τοὔνομα	_	_
1.7	1109	[2]	διὰ	_	_
1.7	1110	[10]	τὴν	_	_
1.7	1111	[1]	πολλὴν	_	_
1.7	1112	[1]	ἄνοιαν	_	_
1.7	1113	[1]	ἁπάντων	_	_
1.7	1114	[1]	μεθ	_	_
1.7	1115	[34]	’	b	_
1.7	1116	[1]	Ἱπποκράτην	_	_
1.7	1117	[1]	φιλοσόφων	_	_
1.7	1118	[8]	τε	_	_
1.7	1119	[40]	καὶ	_	_
1.7	1120	[1]	ἰατρῶν	_	_
1.7	1121	[39]	.	b	_
1.7	1122	[10]	ἀλλ	_	_
1.7	1123	[35]	’	b	_
1.7	1124	[4]	ὅτι	_	_
1.7	1125	[16]	μὲν	_	_
1.7	1126	[1]	οὗτοί	_	_
1.7	1127	[9]	τε	_	_
1.7	1128	[1]	κακῶς	_	_
1.7	1129	[1]	ὑπειλήφασι	_	_
1.7	1130	[1]	πάθημα	_	_
1.7	1131	[33]	τῶν	_	_
1.7	1132	[2]	εἰρημένων	_	_
1.7	1133	[11]	ἀρτηριῶν	_	_
1.7	1134	[2]	εἶναι	_	_
1.7	1135	[9]	τὸν	_	_
1.7	1136	[1]	κάρον	_	_
1.7	1137	[80]	,	b	_
1.7	1138	[1]	οὔθ	_	_
1.7	1139	[36]	’	b	_
1.7	1140	[1]	Ἱπποκράτης	_	_
1.7	1141	[6]	οὕτως	_	_
1.7	1142	[1]	ἐγίγνωσκεν	_	_
1.7	1143	[81]	,	b	_
1.7	1144	[9]	ἐν	_	_
1.7	1145	[11]	τῷ	_	_
1.7	1146	[1]	δευτέρῳ	_	_
1.7	1147	[1]	τῶνδε	_	_
1.7	1148	[34]	τῶν	_	_
1.7	1149	[1]	ὑπομνημάτων	_	_
1.7	1150	[1]	ἀναγκαῖόν	_	_
1.7	1151	[2]	ἐστί	_	_
1.7	1152	[4]	μοι	_	_
1.7	1153	[1]	διελθεῖν	_	_
1.7	1154	[8]	·	b	_
1.7	1155	[10]	ἐν	_	_
1.7	1156	[16]	δὲ	_	_
1.7	1157	[12]	τῷ	_	_
1.7	1158	[1]	παρόντι	_	_
1.7	1159	[5]	λόγῳ	_	_
1.7	1160	[19]	τοῦ	_	_
1.7	1161	[5]	γε	_	_
1.7	1162	[1]	ὀνόματος	_	_
1.7	1163	[4]	οὐ	_	_
1.7	1164	[1]	φθονήσω	_	_
1.7	1165	[2]	ταῖς	_	_
1.7	1166	[1]	ἀρτηρίαις	_	_
1.7	1167	[82]	,	b	_
1.7	1168	[11]	ἀλλ	_	_
1.7	1169	[37]	’	b	_
1.7	1170	[1]	ὀνομαζέσθωσαν	_	_
1.7	1171	[2]	ἔτι	_	_
1.7	1172	[41]	καὶ	_	_
1.7	1173	[4]	νῦν	_	_
1.7	1174	[2]	καρωτίδες	_	_
1.7	1175	[40]	.	b	_
1.7	1176	[1]	ὅστις	_	_
1.7	1177	[17]	δὲ	_	_
1.7	1178	[6]	ὁ	_	_
1.7	1179	[1]	τρόπος	_	_
1.7	1180	[2]	αὐταῖς	_	_
1.7	1181	[3]	ἐστι	_	_
1.7	1182	[1]	θέσεώς	_	_
1.7	1183	[10]	τε	_	_
1.7	1184	[2]	ἅμα	_	_
1.7	1185	[42]	καὶ	_	_
1.7	1186	[1]	σχίσεως	_	_
1.7	1187	[83]	,	b	_
1.7	1188	[1]	ἁπάσης	_	_
1.7	1189	[11]	τε	_	_
1.7	1190	[10]	τῆς	_	_
1.7	1191	[15]	εἰς	_	_
1.7	1192	[10]	τὰ	_	_
1.7	1193	[35]	τῶν	_	_
1.7	1194	[3]	κλειδῶν	_	_
1.7	1195	[3]	ἄνω	_	_
1.7	1196	[3]	μόρια	_	_
1.7	1197	[1]	νομῆς	_	_
1.7	1198	[84]	,	b	_
1.7	1199	[1]	ἐγὼ	_	_
1.7	1200	[1]	διηγήσομαι	_	_
1.7	1201	[41]	.	b	_
1.7	1202	[1]	φέρονται	_	_
1.7	1203	[17]	μὲν	_	_
1.7	1204	[3]	ἔτι	_	_
1.7	1205	[43]	καὶ	_	_
1.7	1206	[5]	νῦν	_	_
1.7	1207	[1]	ὄρθιαι	_	_
1.7	1208	[85]	,	b	_
1.7	1209	[2]	καθάπερ	_	_
1.7	1210	[2]	ἐξ	_	_
1.7	1211	[1]	ἀρχῆς	_	_
1.7	1212	[1]	ὥρμησαν	_	_
1.7	1213	[86]	,	b	_
1.7	1214	[7]	τὸ	_	_
1.7	1215	[6]	δ	_	_
1.7	1216	[38]	’	b	_
1.7	1217	[1]	οἷον	_	_
1.7	1218	[2]	πρέμνον	_	_
1.7	1219	[4]	αὐτῶν	_	_
1.7	1220	[2]	εὐθὺ	_	_
1.7	1221	[11]	τῆς	_	_
1.7	1222	[2]	κεφαλῆς	_	_
1.7	1223	[42]	.	b	_
1.7	1224	[1]	ἀποβλαστήματα	_	_
1.7	1225	[18]	δὲ	_	_
1.7	1226	[2]	﻿	_	_
1.7	1227	[9]	κατὰ	_	_
1.7	1228	[10]	τὸν	_	_
1.7	1229	[1]	τράχηλον	_	_
1.7	1230	[1]	ἀποπέμπουσι	_	_
1.7	1231	[1]	μικρὰ	_	_
1.7	1232	[8]	τοῖς	_	_
1.7	1233	[1]	ταύτῃ	_	_
1.7	1234	[1]	μυσίν	_	_
1.7	1235	[43]	.	b	_
1.7	1236	[3]	ἐπειδὰν	_	_
1.7	1237	[19]	δὲ	_	_
1.7	1238	[1]	πλησίον	_	_
1.7	1239	[9]	ἤδη	_	_
1.7	1240	[1]	γένωνται	_	_
1.7	1241	[12]	τῆς	_	_
1.7	1242	[1]	γένυος	_	_
1.7	1243	[87]	,	b	_
1.7	1244	[1]	ἑκατέρα	_	_
1.7	1245	[3]	δίχα	_	_
1.7	1246	[2]	σχίζεται	_	_
1.7	1247	[44]	.	b	_
1.7	1248	[44]	καὶ	_	_
1.7	1249	[7]	οὕτως	_	_
1.7	1250	[10]	ἤδη	_	_
1.7	1251	[1]	τέτταρες	_	_
1.7	1252	[4]	αἱ	_	_
1.7	1253	[1]	πᾶσαι	_	_
1.7	1254	[1]	γενηθεῖσαι	_	_
1.7	1255	[88]	,	b	_
1.7	1256	[3]	δύο	_	_
1.7	1257	[18]	μὲν	_	_
1.7	1258	[16]	εἰς	_	_
1.7	1259	[1]	γλῶττάν	_	_
1.7	1260	[12]	τε	_	_
1.7	1261	[45]	καὶ	_	_
1.7	1262	[1]	σύμπαν	_	_
1.7	1263	[8]	τὸ	_	_
1.7	1264	[1]	πρόσωπον	_	_
1.7	1265	[89]	,	b	_
1.7	1266	[1]	ὅσον	_	_
1.7	1267	[13]	τε	_	_
1.7	1268	[9]	τὸ	_	_
1.7	1269	[13]	τῆς	_	_
1.7	1270	[3]	κεφαλῆς	_	_
1.7	1271	[2]	ἐκτὸς	_	_
1.7	1272	[20]	τοῦ	_	_
1.7	1273	[1]	κρανίου	_	_
1.7	1274	[90]	,	b	_
1.7	1275	[2]	κατασχίζονται	_	_
1.7	1276	[91]	,	b	_
1.7	1277	[4]	δύο	_	_
1.7	1278	[20]	δὲ	_	_
1.7	1279	[1]	λοιπὸν	_	_
1.7	1280	[1]	διεξερχόμεναι	_	_
1.7	1281	[10]	τὸ	_	_
1.7	1282	[1]	κράνιον	_	_
1.7	1283	[17]	εἰς	_	_
1.7	1284	[11]	τὸν	_	_
1.7	1285	[1]	ἐγκέφαλον	_	_
1.7	1286	[1]	ἔρχονται	_	_
1.7	1287	[45]	.	b	_
1.7	1288	[46]	καὶ	_	_
1.7	1289	[1]	δεῖ	_	_
1.7	1290	[47]	καὶ	_	_
1.7	1291	[2]	τῶνδε	_	_
1.7	1292	[1]	μεμνῆσθαι	_	_
1.7	1293	[36]	τῶν	_	_
1.7	1294	[12]	ἀρτηριῶν	_	_
1.7	1295	[46]	.	b	_
1.7	1296	[5]	οὐ	_	_
1.7	1297	[2]	σμικρὸς	_	_
1.7	1298	[10]	γὰρ	_	_
1.7	1299	[3]	οὐδ	_	_
1.7	1300	[39]	’	b	_
1.7	1301	[2]	αὐτὰς	_	_
1.7	1302	[1]	ἐκδέχεται	_	_
1.7	1303	[2]	λόγος	_	_
1.7	1304	[92]	,	b	_
1.7	1305	[5]	ὅτι	_	_
1.7	1306	[2]	μηδ	_	_
1.7	1307	[40]	’	b	_
1.7	1308	[1]	ἁπλῶς	_	_
1.7	1309	[93]	,	b	_
1.7	1310	[3]	μηδ	_	_
1.7	1311	[41]	’	b	_
1.7	1312	[6]	ὡς	_	_
1.7	1313	[1]	ἔτυχεν	_	_
1.7	1314	[11]	ἐπὶ	_	_
1.7	1315	[12]	τὸν	_	_
1.7	1316	[2]	ἐγκέφαλον	_	_
1.7	1317	[1]	ἀνιᾶσιν	_	_
1.7	1318	[94]	,	b	_
1.7	1319	[12]	ἀλλ	_	_
1.7	1320	[42]	’	b	_
1.7	1321	[2]	ὑπὸ	_	_
1.7	1322	[1]	τῇ	_	_
1.7	1323	[1]	παχείᾳ	_	_
1.7	1324	[1]	μήνιγγι	_	_
1.7	1325	[11]	τὸ	_	_
1.7	1326	[1]	θαυμαστὸν	_	_
1.7	1327	[1]	ἐκεῖνο	_	_
1.7	1328	[1]	πλέγμα	_	_
1.7	1329	[12]	τὸ	_	_
1.7	1330	[13]	τῷ	_	_
1.7	1331	[1]	δικτύῳ	_	_
1.7	1332	[1]	παραπλήσιον	_	_
1.7	1333	[1]	ἐργάζονται	_	_
1.7	1334	[47]	.	b	_
1.7	1335	[2]	νυνὶ	_	_
1.7	1336	[7]	δ	_	_
1.7	1337	[43]	’	b	_
1.7	1338	[2]	οὔτε	_	_
1.7	1339	[2]	τούτων	_	_
1.7	1340	[37]	τῶν	_	_
1.7	1341	[13]	ἀρτηριῶν	_	_
1.7	1342	[1]	οὔτ	_	_
1.7	1343	[1]	ἄλλης	_	_
1.7	1344	[1]	οὐδεμιᾶς	_	_
1.7	1345	[1]	ἀνάγκη	_	_
1.7	1346	[3]	λέγειν	_	_
1.7	1347	[1]	ἅπασαν	_	_
1.7	1348	[11]	τὴν	_	_
1.7	1349	[8]	ἐκ	_	_
1.7	1350	[14]	τῆς	_	_
1.7	1351	[2]	ἀνατομῆς	_	_
1.7	1352	[1]	γιγνωσκομένην	_	_
1.7	1353	[1]	ἰδέαν	_	_
1.7	1354	[9]	·	b	_
1.7	1355	[2]	τῇ	_	_
1.7	1356	[14]	τε	_	_
1.7	1357	[11]	γὰρ	_	_
1.7	1358	[4]	περὶ	_	_
1.7	1359	[1]	χρείας	_	_
1.7	1360	[1]	μορίων	_	_
1.7	1361	[2]	πραγματείᾳ	_	_
1.7	1362	[48]	καὶ	_	_
1.7	1363	[3]	τῇ	_	_
1.7	1364	[38]	τῶν	_	_
1.7	1365	[1]	ἀνατομικῶν	_	_
1.7	1366	[1]	ἐγχειρήσεων	_	_
1.7	1367	[11]	ἡ	_	_
1.7	1368	[1]	τοιαύτη	_	_
1.7	1369	[1]	διέξοδός	_	_
1.7	1370	[3]	ἐστιν	_	_
1.7	1371	[1]	οἰκειοτέρα	_	_
1.7	1372	[48]	.	b	_
1.7	1373	[10]	κατὰ	_	_
1.7	1374	[21]	δὲ	_	_
1.7	1375	[13]	τὸ	_	_
1.7	1376	[1]	παρὸν	_	_
1.7	1377	[95]	,	b	_
1.7	1378	[2]	ὅσον	_	_
1.7	1379	[1]	ὑπογράψαι	_	_
1.7	1380	[1]	χρήσιμον	_	_
1.7	1381	[96]	,	b	_
1.7	1382	[7]	ὡς	_	_
1.7	1383	[9]	ἐκ	_	_
1.7	1384	[15]	τῆς	_	_
1.7	1385	[2]	ἀριστερᾶς	_	_
1.7	1386	[2]	κοιλίας	_	_
1.7	1387	[16]	τῆς	_	_
1.7	1388	[2]	καρδίας	_	_
1.7	1389	[5]	αἱ	_	_
1.7	1390	[2]	ἀρτηρίαι	_	_
1.7	1391	[2]	πᾶσαι	_	_
1.7	1392	[1]	πεφύκασι	_	_
1.7	1393	[97]	,	b	_
1.7	1394	[12]	τὴν	_	_
1.7	1395	[2]	ἀνατομὴν	_	_
1.7	1396	[5]	αὐτῶν	_	_
1.7	1397	[1]	διέξειμι	_	_
1.7	1398	[49]	.	b	_
1.7	1399	[12]	ἡ	_	_
1.7	1400	[2]	μείζων	_	_
1.7	1401	[4]	μοῖρα	_	_
1.7	1402	[17]	τῆς	_	_
1.7	1403	[1]	μεγίστης	_	_
1.7	1404	[6]	ἀρτηρίας	_	_
1.7	1405	[1]	ἐστήρικται	_	_
1.7	1406	[19]	μὲν	_	_
1.7	1407	[12]	ἐπὶ	_	_
1.7	1408	[1]	μέσης	_	_
1.7	1409	[18]	τῆς	_	_
1.7	1410	[1]	ῥάχεως	_	_
1.7	1411	[6]	οὐ	_	_
1.7	1412	[11]	κατὰ	_	_
1.7	1413	[13]	τὸν	_	_
1.7	1414	[1]	νῶτον	_	_
1.7	1415	[1]	μόνον	_	_
1.7	1416	[98]	,	b	_
1.7	1417	[2]	ἀλλὰ	_	_
1.7	1418	[49]	καὶ	_	_
1.7	1419	[13]	τὴν	_	_
1.7	1420	[1]	ὀσφὺν	_	_
1.7	1421	[2]	ἅπασαν	_	_
1.7	1422	[50]	.	b	_
1.7	1423	[1]	ἀποφύσεις	_	_
1.7	1424	[22]	δὲ	_	_
1.7	1425	[3]	πρώτας	_	_
1.7	1426	[20]	μὲν	_	_
1.7	1427	[99]	,	b	_
1.7	1428	[8]	ὡς	_	_
1.7	1429	[3]	ἔμπροσθεν	_	_
1.7	1430	[1]	εἴπομεν	_	_
1.7	1431	[100]	,	b	_
1.7	1432	[18]	εἰς	_	_
1.7	1433	[2]	ὅλον	_	_
1.7	1434	[1]	ἀποστέλλει	_	_
1.7	1435	[14]	τὸν	_	_
1.7	1436	[5]	θώρακα	_	_
1.7	1437	[101]	,	b	_
1.7	1438	[1]	κᾄπειτ	_	_
1.7	1439	[44]	’	b	_
1.7	1440	[102]	,	b	_
1.7	1441	[4]	ἐπειδὰν	_	_
1.7	1442	[11]	ἤδη	_	_
1.7	1443	[1]	διεκπίπτῃ	_	_
1.7	1444	[14]	τὸ	_	_
1.7	1445	[1]	διάφραγμα	_	_
1.7	1446	[103]	,	b	_
1.7	1447	[50]	καὶ	_	_
1.7	1448	[1]	τούτῳ	_	_
1.7	1449	[3]	ζεῦγος	_	_
1.7	1450	[2]	ἕτερον	_	_
1.7	1451	[51]	.	b	_
1.7	1452	[3]	ἐφεξῆς	_	_
1.7	1453	[23]	δὲ	_	_
1.7	1454	[3]	πρώτη	_	_
1.7	1455	[39]	τῶν	_	_
1.7	1456	[2]	κάτω	_	_
1.7	1457	[21]	τοῦ	_	_
1.7	1458	[5]	θώρακος	_	_
1.7	1459	[4]	ἀρτηρία	_	_
1.7	1460	[1]	διττὴ	_	_
1.7	1461	[1]	μετ	_	_
1.7	1462	[45]	’	b	_
1.7	1463	[3]	αὐτὰς	_	_
1.7	1464	[1]	εὐθέως	_	_
1.7	1465	[20]	τὰς	_	_
1.7	1466	[1]	φρένας	_	_
1.7	1467	[1]	ἀποβλαστάνουσα	_	_
1.7	1468	[19]	τῆς	_	_
1.7	1469	[13]	ἐπὶ	_	_
1.7	1470	[14]	τὴν	_	_
1.7	1471	[2]	ῥάχιν	_	_
1.7	1472	[1]	φέρεται	_	_
1.7	1473	[4]	πρὸς	_	_
1.7	1474	[14]	τῷ	_	_
1.7	1475	[1]	σπληνὶ	_	_
1.7	1476	[104]	,	b	_
1.7	1477	[51]	καὶ	_	_
1.7	1478	[1]	γαστρὶ	_	_
1.7	1479	[105]	,	b	_
1.7	1480	[52]	καὶ	_	_
1.7	1481	[1]	ἥπατι	_	_
1.7	1482	[106]	,	b	_
1.7	1483	[53]	καὶ	_	_
1.7	1484	[9]	τοῖς	_	_
1.7	1485	[1]	ἐντέροις	_	_
1.7	1486	[1]	ἅπασι	_	_
1.7	1487	[107]	,	b	_
1.7	1488	[54]	καὶ	_	_
1.7	1489	[1]	παντὶ	_	_
1.7	1490	[15]	τῷ	_	_
1.7	1491	[1]	μεσαραίῳ	_	_
1.7	1492	[1]	διασπειρομένη	_	_
1.7	1493	[52]	.	b	_
1.7	1494	[1]	ἐξῆς	_	_
1.7	1495	[24]	δὲ	_	_
1.7	1496	[12]	κατὰ	_	_
1.7	1497	[1]	συζυγίαν	_	_
1.7	1498	[12]	ἤδη	_	_
1.7	1499	[5]	δύο	_	_
1.7	1500	[21]	μὲν	_	_
1.7	1501	[19]	εἰς	_	_
1.7	1502	[6]	τοὺς	_	_
1.7	1503	[1]	νεφροὺς	_	_
1.7	1504	[1]	μείζονες	_	_
1.7	1505	[1]	πολλῷ	_	_
1.7	1506	[20]	τῆς	_	_
1.7	1507	[1]	προειρημένης	_	_
1.7	1508	[108]	,	b	_
1.7	1509	[1]	ἄλλαι	_	_
1.7	1510	[25]	δὲ	_	_
1.7	1511	[6]	δύο	_	_
1.7	1512	[2]	κατ	_	_
1.7	1513	[46]	’	b	_
1.7	1514	[1]	ἐπιγάστριόν	_	_
1.7	1515	[15]	τε	_	_
1.7	1516	[55]	καὶ	_	_
1.7	1517	[21]	τὰς	_	_
1.7	1518	[1]	ψόας	_	_
1.7	1519	[109]	,	b	_
1.7	1520	[3]	καθ	_	_
1.7	1521	[47]	’	b	_
1.7	1522	[1]	ἕκαστον	_	_
1.7	1523	[1]	σπόνδυλον	_	_
1.7	1524	[1]	ἓν	_	_
1.7	1525	[4]	ζεῦγος	_	_
1.7	1526	[110]	,	b	_
1.7	1527	[2]	ἄχρι	_	_
1.7	1528	[22]	τοῦ	_	_
1.7	1529	[1]	πλατέος	_	_
1.7	1530	[1]	ὀστοῦ	_	_
1.7	1531	[111]	,	b	_
1.7	1532	[56]	καὶ	_	_
1.7	1533	[2]	μέν	_	_
1.7	1534	[6]	γε	_	_
1.7	1535	[57]	καὶ	_	_
1.7	1536	[20]	εἰς	_	_
1.7	1537	[22]	τὰς	_	_
1.7	1538	[1]	μήτρας	_	_
1.7	1539	[16]	τε	_	_
1.7	1540	[58]	καὶ	_	_
1.7	1541	[1]	ὄρχεις	_	_
1.7	1542	[1]	ἐντεῦθεν	_	_
1.7	1543	[1]	κατέρχονται	_	_
1.7	1544	[112]	,	b	_
1.7	1545	[1]	καί	_	_
1.7	1546	[4]	τις	_	_
1.7	1547	[1]	ἀζυγὴς	_	_
1.7	1548	[21]	εἰς	_	_
1.7	1549	[1]	μεσεντέριον	_	_
1.7	1550	[53]	.	b	_
1.7	1551	[3]	ἀλλὰ	_	_
1.7	1552	[59]	καὶ	_	_
1.7	1553	[22]	εἰς	_	_
1.7	1554	[2]	αὐτὸν	_	_
1.7	1555	[2]	εἴσω	_	_
1.7	1556	[15]	τὸν	_	_
1.7	1557	[2]	νωτιαῖον	_	_
1.7	1558	[5]	ἀπὸ	_	_
1.7	1559	[21]	τῆς	_	_
1.7	1560	[2]	μεγάλης	_	_
1.7	1561	[7]	ἀρτηρίας	_	_
1.7	1562	[4]	καθ	_	_
1.7	1563	[48]	’	b	_
1.7	1564	[1]	ὅλην	_	_
1.7	1565	[15]	τὴν	_	_
1.7	1566	[3]	ῥάχιν	_	_
1.7	1567	[1]	ἐκφύονταί	_	_
1.7	1568	[1]	τινες	_	_
1.7	1569	[3]	ἀρτηρίαι	_	_
1.7	1570	[2]	μικραὶ	_	_
1.7	1571	[113]	,	b	_
1.7	1572	[7]	δύο	_	_
1.7	1573	[5]	καθ	_	_
1.7	1574	[49]	’	b	_
1.7	1575	[2]	ἕκαστον	_	_
1.7	1576	[2]	σπόνδυλον	_	_
1.7	1577	[54]	.	b	_
1.7	1578	[5]	ἐπειδὰν	_	_
1.7	1579	[26]	δὲ	_	_
1.7	1580	[13]	κατὰ	_	_
1.7	1581	[15]	τὸ	_	_
1.7	1582	[1]	ἱερὸν	_	_
1.7	1583	[1]	ὀστοῦν	_	_
1.7	1584	[2]	γένηται	_	_
1.7	1585	[114]	,	b	_
1.7	1586	[3]	σχίζεται	_	_
1.7	1587	[2]	τοὐντεῦθεν	_	_
1.7	1588	[13]	ἤδη	_	_
1.7	1589	[23]	εἰς	_	_
1.7	1590	[2]	μεγάλα	_	_
1.7	1591	[1]	μέρη	_	_
1.7	1592	[55]	.	b	_
1.7	1593	[60]	καὶ	_	_
1.7	1594	[1]	κατέρχεταί	_	_
1.7	1595	[5]	τις	_	_
1.7	1596	[24]	εἰς	_	_
1.7	1597	[1]	ἑκάτερον	_	_
1.7	1598	[1]	σκέλος	_	_
1.7	1599	[115]	,	b	_
1.7	1600	[11]	ἐν	_	_
1.7	1601	[4]	τῇ	_	_
1.7	1602	[1]	παρόδῳ	_	_
1.7	1603	[10]	τοῖς	_	_
1.7	1604	[6]	καθ	_	_
1.7	1605	[50]	’	b	_
1.7	1606	[2]	ἱερὸν	_	_
1.7	1607	[2]	ὀστοῦν	_	_
1.7	1608	[2]	ἀποβλαστήματα	_	_
1.7	1609	[1]	πέμψασα	_	_
1.7	1610	[116]	,	b	_
1.7	1611	[1]	κύστει	_	_
1.7	1612	[17]	τε	_	_
1.7	1613	[61]	καὶ	_	_
1.7	1614	[22]	τῆς	_	_
1.7	1615	[2]	μήτρας	_	_
1.7	1616	[11]	τοῖς	_	_
1.7	1617	[3]	κάτω	_	_
1.7	1618	[117]	,	b	_
1.7	1619	[62]	καὶ	_	_
1.7	1620	[1]	ξυνελόντι	_	_
1.7	1621	[2]	φάναι	_	_
1.7	1622	[118]	,	b	_
1.7	1623	[12]	τοῖς	_	_
1.7	1624	[1]	γεννητικοῖς	_	_
1.7	1625	[2]	ἅπασι	_	_
1.7	1626	[1]	μορίοις	_	_
1.7	1627	[10]	·	b	_
1.7	1628	[3]	οὐδὲν	_	_
1.7	1629	[12]	γὰρ	_	_
1.7	1630	[4]	ἔτι	_	_
1.7	1631	[2]	δέομαι	_	_
1.7	1632	[4]	λέγειν	_	_
1.7	1633	[4]	οὐδ	_	_
1.7	1634	[51]	’	b	_
1.7	1635	[1]	ἐνταῦθα	_	_
1.7	1636	[16]	τὸν	_	_
1.7	1637	[1]	τρόπον	_	_
1.7	1638	[23]	τῆς	_	_
1.7	1639	[1]	διανομῆς	_	_
1.7	1640	[56]	.	b	_
1.7	1641	[6]	ἀπὸ	_	_
1.7	1642	[3]	τούτων	_	_
1.7	1643	[40]	τῶν	_	_
1.7	1644	[14]	ἀρτηριῶν	_	_
1.7	1645	[41]	τῶν	_	_
1.7	1646	[14]	ἐπὶ	_	_
1.7	1647	[11]	τὰ	_	_
1.7	1648	[1]	σκέλη	_	_
1.7	1649	[2]	φερομένων	_	_
1.7	1650	[119]	,	b	_
1.7	1651	[6]	ἐπειδὰν	_	_
1.7	1652	[2]	πλησίον	_	_
1.7	1653	[1]	ἥκωσι	_	_
1.7	1654	[2]	βουβώνων	_	_
1.7	1655	[120]	,	b	_
1.7	1656	[1]	ἀποφύεται	_	_
1.7	1657	[5]	μία	_	_
1.7	1658	[7]	καθ	_	_
1.7	1659	[52]	’	b	_
1.7	1660	[2]	ἑκάτερον	_	_
1.7	1661	[4]	ἄνω	_	_
1.7	1662	[23]	τοῦ	_	_
1.7	1663	[1]	σώματος	_	_
1.7	1664	[1]	ἰοῦσα	_	_
1.7	1665	[2]	δι	_	_
1.7	1666	[53]	’	b	_
1.7	1667	[2]	ἐπιγαστρίου	_	_
1.7	1668	[57]	.	b	_
1.7	1669	[1]	κατασχιζόμεναι	_	_
1.7	1670	[8]	δ	_	_
1.7	1671	[54]	’	b	_
1.7	1672	[2]	ἐνταῦθα	_	_
1.7	1673	[121]	,	b	_
1.7	1674	[3]	ταῖς	_	_
1.7	1675	[7]	ἀπὸ	_	_
1.7	1676	[42]	τῶν	_	_
1.7	1677	[1]	μαστῶν	_	_
1.7	1678	[1]	καταφερομέναις	_	_
1.7	1679	[25]	εἰς	_	_
1.7	1680	[2]	ταὐτὸν	_	_
1.7	1681	[1]	ἥκουσιν	_	_
1.7	1682	[122]	,	b	_
1.7	1683	[9]	ὡς	_	_
1.7	1684	[1]	ἑνοῦσθαι	_	_
1.7	1685	[12]	τὰ	_	_
1.7	1686	[2]	τέτταρα	_	_
1.7	1687	[1]	τάδε	_	_
1.7	1688	[58]	.	b	_
1.7	1689	[5]	περὶ	_	_
1.7	1690	[4]	τούτων	_	_
1.7	1691	[43]	τῶν	_	_
1.7	1692	[15]	ἀρτηριῶν	_	_
1.7	1693	[1]	εἴρηταί	_	_
1.7	1694	[5]	μοι	_	_
1.7	1695	[63]	καὶ	_	_
1.7	1696	[1]	πρόσθεν	_	_
1.7	1697	[123]	,	b	_
1.7	1698	[1]	ἡνίκα	_	_
1.7	1699	[23]	τὰς	_	_
1.7	1700	[14]	κατὰ	_	_
1.7	1701	[17]	τὸν	_	_
1.7	1702	[6]	θώρακα	_	_
1.7	1703	[1]	διῄειν	_	_
1.7	1704	[16]	τῷ	_	_
1.7	1705	[6]	λόγῳ	_	_
1.7	1706	[59]	.	b	_
1.7	1707	[1]	λοιπαί	_	_
1.7	1708	[27]	δὲ	_	_
1.7	1709	[44]	τῶν	_	_
1.7	1710	[1]	σκελῶν	_	_
1.7	1711	[6]	αἱ	_	_
1.7	1712	[4]	ἀρτηρίαι	_	_
1.7	1713	[8]	δύο	_	_
1.7	1714	[124]	,	b	_
1.7	1715	[6]	μία	_	_
1.7	1716	[8]	καθ	_	_
1.7	1717	[55]	’	b	_
1.7	1718	[3]	ἑκάτερον	_	_
1.7	1719	[1]	ἐνεχθεῖσα	_	_
1.7	1720	[1]	βουβῶνα	_	_
1.7	1721	[125]	,	b	_
1.7	1722	[13]	τοῖς	_	_
1.7	1723	[1]	ἐντὸς	_	_
1.7	1724	[24]	τοῦ	_	_
1.7	1725	[1]	μηροῦ	_	_
1.7	1726	[1]	παρατέταται	_	_
1.7	1727	[1]	μέρεσιν	_	_
1.7	1728	[3]	ἄχρι	_	_
1.7	1729	[25]	τοῦ	_	_
1.7	1730	[1]	γόνα	_	_
1.7	1731	[1]	τος	_	_
1.7	1732	[60]	.	b	_
1.7	1733	[8]	ἀπὸ	_	_
1.7	1734	[5]	τούτων	_	_
1.7	1735	[1]	ἑκατέρας	_	_
1.7	1736	[26]	εἰς	_	_
1.7	1737	[7]	τοὺς	_	_
1.7	1738	[9]	καθ	_	_
1.7	1739	[56]	’	b	_
1.7	1740	[4]	ἑκάτερον	_	_
1.7	1741	[45]	τῶν	_	_
1.7	1742	[1]	μηρῶν	_	_
1.7	1743	[2]	μῦς	_	_
1.7	1744	[7]	αἱ	_	_
1.7	1745	[5]	ἀρτηρίαι	_	_
1.7	1746	[3]	κατασχίζονται	_	_
1.7	1747	[126]	,	b	_
1.7	1748	[16]	τὸ	_	_
1.7	1749	[9]	δ	_	_
1.7	1750	[57]	’	b	_
1.7	1751	[1]	ὑπόλοιπον	_	_
1.7	1752	[6]	αὐτῶν	_	_
1.7	1753	[3]	διὰ	_	_
1.7	1754	[24]	τῆς	_	_
1.7	1755	[1]	ἰγνύος	_	_
1.7	1756	[1]	ἐνεχθὲν	_	_
1.7	1757	[2]	εἴς	_	_
1.7	1758	[18]	τε	_	_
1.7	1759	[13]	τὰ	_	_
1.7	1760	[6]	περὶ	_	_
1.7	1761	[16]	τὴν	_	_
1.7	1762	[1]	κνήμην	_	_
1.7	1763	[2]	ἅπαντα	_	_
1.7	1764	[64]	καὶ	_	_
1.7	1765	[18]	τὸν	_	_
1.7	1766	[1]	πόδα	_	_
1.7	1767	[1]	νενέμηται	_	_
1.7	1768	[61]	.	b	_
1.7	1769	[65]	καὶ	_	_
1.7	1770	[4]	οὐδὲν	_	_
1.7	1771	[5]	οὐδ	_	_
1.7	1772	[58]	’	b	_
1.7	1773	[3]	ἐνταῦθα	_	_
1.7	1774	[3]	δέομαι	_	_
1.7	1775	[1]	διέρχεσθαι	_	_
1.7	1776	[19]	τὸν	_	_
1.7	1777	[2]	τρόπον	_	_
1.7	1778	[25]	τῆς	_	_
1.7	1779	[2]	νομῆς	_	_
1.7	1780	[127]	,	b	_
1.7	1781	[13]	ἀλλ	_	_
1.7	1782	[59]	’	b	_
1.7	1783	[1]	ἀρκεῖ	_	_
1.7	1784	[1]	βραχεῖ	_	_
1.7	1785	[7]	λόγῳ	_	_
1.7	1786	[1]	δεδηλωκέναι	_	_
1.7	1787	[24]	τὰς	_	_
1.7	1788	[12]	ἐν	_	_
1.7	1789	[17]	τῷ	_	_
1.7	1790	[1]	ζώῳ	_	_
1.7	1791	[1]	πάσας	_	_
1.7	1792	[8]	ἀρτηρίας	_	_
1.7	1793	[9]	ἀπὸ	_	_
1.7	1794	[1]	μιᾶς	_	_
1.7	1795	[1]	ἐκείνης	_	_
1.7	1796	[1]	πεφυκυίας	_	_
1.7	1797	[128]	,	b	_
1.7	1798	[1]	ἣν	_	_
1.7	1799	[10]	ἐκ	_	_
1.7	1800	[26]	τῆς	_	_
1.7	1801	[3]	ἀριστερᾶς	_	_
1.7	1802	[3]	κοιλίας	_	_
1.7	1803	[27]	τῆς	_	_
1.7	1804	[3]	καρδίας	_	_
1.7	1805	[129]	,	b	_
1.7	1806	[2]	οἷον	_	_
1.7	1807	[11]	ἐκ	_	_
1.7	1808	[1]	γῆς	_	_
1.7	1809	[1]	τινος	_	_
1.7	1810	[3]	πρέμνον	_	_
1.7	1811	[130]	,	b	_
1.7	1812	[1]	ἐλέγομεν	_	_
1.7	1813	[1]	φύεσθαι	_	_
1.7	1814	[62]	.	b	_
1.7	1815	[2]	ἔστι	_	_
1.7	1816	[28]	δὲ	_	_
1.7	1817	[66]	καὶ	_	_
1.7	1818	[2]	ἑτέρα	_	_
1.7	1819	[6]	τις	_	_
1.7	1820	[5]	ἀρτηρία	_	_
1.7	1821	[28]	τῆς	_	_
1.7	1822	[2]	αὐτῆς	_	_
1.7	1823	[4]	κοιλίας	_	_
1.7	1824	[1]	ἐκφυομένη	_	_
1.7	1825	[131]	,	b	_
1.7	1826	[1]	φλεβώδης	_	_
1.7	1827	[20]	τὸν	_	_
1.7	1828	[2]	χιτῶνα	_	_
1.7	1829	[63]	.	b	_
1.7	1830	[1]	κατασχίζεται	_	_
1.7	1831	[10]	δ	_	_
1.7	1832	[60]	’	b	_
1.7	1833	[27]	εἰς	_	_
1.7	1834	[3]	ὅλον	_	_
1.7	1835	[1]	αὕτη	_	_
1.7	1836	[21]	τὸν	_	_
1.7	1837	[1]	πνεύμονα	_	_
1.7	1838	[14]	τοῖς	_	_
1.7	1839	[1]	ζώοις	_	_
1.7	1840	[1]	ἅπασιν	_	_
1.7	1841	[132]	,	b	_
1.7	1842	[2]	οἷς	_	_
1.7	1843	[1]	πνεύμων	_	_
1.7	1844	[1]	ἐστίν	_	_
1.7	1845	[11]	·	b	_
1.7	1846	[3]	οἷς	_	_
1.7	1847	[11]	δ	_	_
1.7	1848	[61]	’	b	_
1.7	1849	[12]	οὐκ	_	_
1.7	1850	[3]	ἔστιν	_	_
1.7	1851	[133]	,	b	_
1.7	1852	[28]	εἰς	_	_
1.7	1853	[1]	ἕτερόν	_	_
1.7	1854	[4]	τι	_	_
1.7	1855	[1]	μόριον	_	_
1.7	1856	[1]	ἀνάλογον	_	_
1.7	1857	[1]	ὑπάρχον	_	_
1.7	1858	[1]	πνεύμονι	_	_
1.7	1859	[134]	,	b	_
1.7	1860	[3]	καθάπερ	_	_
1.7	1861	[15]	τοῖς	_	_
1.7	1862	[1]	ἰχθύσιν	_	_
1.7	1863	[29]	εἰς	_	_
1.7	1864	[14]	τὰ	_	_
1.7	1865	[1]	βρογχία	_	_
1.7	1866	[64]	.	b	_
1.7	1867	[2]	ταύτην	_	_
1.7	1868	[17]	τὴν	_	_
1.7	1869	[3]	ἀρτηρίαν	_	_
1.7	1870	[1]	εἰκάσειεν	_	_
1.7	1871	[1]	ἄν	_	_
1.7	1872	[7]	τις	_	_
1.7	1873	[18]	τῷ	_	_
1.7	1874	[26]	τοῦ	_	_
1.7	1875	[1]	πρέμνου	_	_
1.7	1876	[1]	κάτωθεν	_	_
1.7	1877	[13]	ἐν	_	_
1.7	1878	[3]	αὐτῇ	_	_
1.7	1879	[5]	τῇ	_	_
1.7	1880	[1]	γῇ	_	_
1.7	1881	[1]	ἐμπεριεχομένῳ	_	_
1.7	1882	[1]	μέρει	_	_
1.7	1883	[27]	τοῦ	_	_
1.7	1884	[1]	φυτοῦ	_	_
1.7	1885	[12]	·	b	_
1.7	1886	[67]	καὶ	_	_
1.7	1887	[5]	δὴ	_	_
1.7	1888	[68]	καὶ	_	_
1.7	1889	[2]	κατασχίζεσθαι	_	_
1.7	1890	[3]	ταύτην	_	_
1.7	1891	[22]	μὲν	_	_
1.7	1892	[10]	ὡς	_	_
1.7	1893	[3]	ἂν	_	_
1.7	1894	[30]	εἰς	_	_
1.7	1895	[1]	ῥίζας	_	_
1.7	1896	[1]	τινὰς	_	_
1.7	1897	[25]	τὰς	_	_
1.7	1898	[15]	κατὰ	_	_
1.7	1899	[22]	τὸν	_	_
1.7	1900	[2]	πνεύμονα	_	_
1.7	1901	[2]	πεφυκυίας	_	_
1.7	1902	[9]	ἀρτηρίας	_	_
1.7	1903	[135]	,	b	_
1.7	1904	[18]	τὴν	_	_
1.7	1905	[1]	μεγάλην	_	_
1.7	1906	[29]	δὲ	_	_
1.7	1907	[19]	τὴν	_	_
1.7	1908	[31]	εἰς	_	_
1.7	1909	[4]	ὅλον	_	_
1.7	1910	[17]	τὸ	_	_
1.7	1911	[1]	σῶμα	_	_
1.7	1912	[1]	νενεμημένην	_	_
1.7	1913	[1]	οἷόν	_	_
1.7	1914	[3]	περ	_	_
1.7	1915	[1]	κλάδους	_	_
1.7	1916	[1]	ἀπομερίζειν	_	_
1.7	1917	[1]	ἑαυτῆς	_	_
1.7	1918	[1]	ἁπάσας	_	_
1.7	1919	[26]	τὰς	_	_
1.7	1920	[16]	κατὰ	_	_
1.7	1921	[18]	τὸ	_	_
1.7	1922	[2]	ζῶον	_	_
1.7	1923	[10]	ἀρτηρίας	_	_
1.7	1924	[136]	,	b	_
1.7	1925	[1]	ἃς	_	_
1.7	1926	[2]	ὀλίγον	_	_
1.7	1927	[4]	ἔμπροσθεν	_	_
1.7	1928	[1]	εἶπον	_	_
1.7	1929	[65]	.	b	_
1.7	1930	[8]	οὕτως	_	_
1.7	1931	[13]	γὰρ	_	_
1.7	1932	[1]	οἶμαι	_	_
1.7	1933	[69]	καὶ	_	_
1.7	1934	[23]	τὸν	_	_
1.7	1935	[2]	Ἱπποκράτην	_	_
1.7	1936	[1]	προσεικάσαντα	_	_
1.7	1937	[1]	ῥίζωσιν	_	_
1.7	1938	[16]	ἀρτηριῶν	_	_
1.7	1939	[1]	ἀποφαίνεσθαι	_	_
1.7	1940	[20]	τὴν	_	_
1.7	1941	[3]	καρδίαν	_	_
1.7	1942	[137]	,	b	_
1.7	1943	[2]	ὥσπερ	_	_
1.7	1944	[1]	ἀμέλει	_	_
1.7	1945	[46]	τῶν	_	_
1.7	1946	[2]	φλεβῶν	_	_
1.7	1947	[19]	τὸ	_	_
1.7	1948	[1]	ἧπαρ	_	_
1.7	1949	[66]	.	b	_
1.7	1950	[2]	εἰρήσεται	_	_
1.7	1951	[2]	δέ	_	_
1.7	1952	[6]	μοι	_	_
1.7	1953	[7]	περὶ	_	_
1.7	1954	[29]	τῆς	_	_
1.7	1955	[1]	εἰκόνος	_	_
1.7	1956	[15]	ἐπὶ	_	_
1.7	1957	[1]	πλέον	_	_
1.7	1958	[14]	ἐν	_	_
1.7	1959	[16]	τοῖς	_	_
1.7	1960	[1]	ἑξῆς	_	_
1.7	1961	[138]	,	b	_
1.7	1962	[7]	ἐπειδὰν	_	_
1.7	1963	[2]	ὑπὲρ	_	_
1.7	1964	[1]	ἥπατός	_	_
1.7	1965	[19]	τε	_	_
1.7	1966	[70]	καὶ	_	_
1.7	1967	[3]	φλεβῶν	_	_
1.7	1968	[7]	ὁ	_	_
1.7	1969	[3]	λόγος	_	_
1.7	1970	[1]	περαίνηται	_	_
1.7	1971	[67]	.	b	_
1.7	1972	[3]	νυνὶ	_	_
1.7	1973	[30]	δὲ	_	_
1.7	1974	[2]	ἀρκεῖ	_	_
1.7	1975	[15]	τὰ	_	_
1.7	1976	[1]	λεγόμενα	_	_
1.7	1977	[5]	πρὸς	_	_
1.7	1978	[1]	ἔνδειξιν	_	_
1.7	1979	[28]	τοῦ	_	_
1.7	1980	[71]	καὶ	_	_
1.7	1981	[27]	τὰς	_	_
1.7	1982	[11]	ἀρτηρίας	_	_
1.7	1983	[2]	ἁπάσας	_	_
1.7	1984	[10]	ἀπὸ	_	_
1.7	1985	[30]	τῆς	_	_
1.7	1986	[4]	καρδίας	_	_
1.7	1987	[1]	ἐκπεφυκέναι	_	_
1.7	1988	[139]	,	b	_
1.7	1989	[72]	καὶ	_	_
1.7	1990	[2]	μηδεμίαν	_	_
1.7	1991	[7]	αὐτῶν	_	_
1.7	1992	[32]	εἰς	_	_
1.7	1993	[6]	νεῦρον	_	_
1.7	1994	[4]	μεταβάλλειν	_	_
1.7	1995	[140]	,	b	_
1.7	1996	[14]	ἀλλ	_	_
1.7	1997	[62]	’	b	_
1.7	1998	[3]	ἀρχὴν	_	_
1.7	1999	[2]	ἁπάντων	_	_
1.7	2000	[47]	τῶν	_	_
1.7	2001	[7]	νεύρων	_	_
1.7	2002	[1]	ὑπάρχειν	_	_
1.7	2003	[24]	τὸν	_	_
1.7	2004	[3]	ἐγκέφαλον	_	_
1.7	2005	[68]	.	b	_
1.8	1	[1]	Καταλιπόντες	_	_
1.8	2	[1]	οὖν	_	_
1.8	3	[1]	ἤδη	_	_
1.8	4	[1]	τὸν	_	_
1.8	5	[1]	Πραξαγόραν	_	_
1.8	6	[1]	ἀναίσχυντα	_	_
1.8	7	[1]	σοφιζόμενον	_	_
1.8	8	[1]	,	b	_
1.8	9	[1]	αὖθις	_	_
1.8	10	[1]	ἐπὶ	_	_
1.8	11	[2]	τὸν	_	_
1.8	12	[1]	Ἀριστοτέλη	_	_
1.8	13	[1]	μεταβῶμεν	_	_
1.8	14	[2]	,	b	_
1.8	15	[1]	ἐπειδὴ	_	_
1.8	16	[1]	καὶ	_	_
1.8	17	[1]	αὐτὸς	_	_
1.8	18	[1]	ἐκ	_	_
1.8	19	[1]	τῆς	_	_
1.8	20	[1]	καρδίας	_	_
1.8	21	[1]	φύεσθαί	_	_
1.8	22	[1]	φησιν	_	_
1.8	23	[1]	τὰ	_	_
1.8	24	[1]	νεῦρα	_	_
1.8	25	[1]	.	b	_
1.8	26	[1]	συγκεχυμένως	_	_
1.8	27	[1]	δὲ	_	_
1.8	28	[1]	εἴρηται	_	_
1.8	29	[2]	καὶ	_	_
1.8	30	[1]	ἀδιορίστως	_	_
1.8	31	[1]	δὶς	_	_
1.8	32	[1]	πρὸς	_	_
1.8	33	[1]	αὐτοῦ	_	_
1.8	34	[1]	περὶ	_	_
1.8	35	[2]	τῆς	_	_
1.8	36	[1]	τῶν	_	_
1.8	37	[1]	νεύρων	_	_
1.8	38	[1]	ἀρχῆς	_	_
1.8	39	[2]	.	b	_
1.8	40	[1]	ἐχρῆν	_	_
1.8	41	[1]	γὰρ	_	_
1.8	42	[3]	,	b	_
1.8	43	[1]	οἶμαι	_	_
1.8	44	[4]	,	b	_
1.8	45	[3]	τὸν	_	_
1.8	46	[1]	ἀπὸ	_	_
1.8	47	[2]	καρδίας	_	_
1.8	48	[1]	αὐτὰ	_	_
1.8	49	[1]	φύεσθαι	_	_
1.8	50	[1]	φάσκοντα	_	_
1.8	51	[1]	δεῖξαι	_	_
1.8	52	[5]	,	b	_
1.8	53	[1]	πῶς	_	_
1.8	54	[1]	εἰς	_	_
1.8	55	[1]	ἕκαστον	_	_
1.8	56	[1]	τοῦ	_	_
1.8	57	[1]	ζώου	_	_
1.8	58	[1]	μόριον	_	_
1.8	59	[1]	ἀπ	_	_
1.8	60	[1]	’	b	_
1.8	61	[1]	αὐτῆς	_	_
1.8	62	[1]	ἔρχεται	_	_
1.8	63	[1]	τὸ	_	_
1.8	64	[1]	νεῦρον	_	_
1.8	65	[6]	,	b	_
1.8	66	[1]	ὥσπερ	_	_
1.8	67	[1]	ἡμεῖς	_	_
1.8	68	[1]	ὀλίγον	_	_
1.8	69	[1]	ἔμπροσθεν	_	_
1.8	70	[1]	ἐπεδείξαμεν	_	_
1.8	71	[1]	ἀρτηρίαν	_	_
1.8	72	[7]	,	b	_
1.8	73	[1]	οὐ	_	_
1.8	74	[2]	τὸ	_	_
1.8	75	[1]	ἁπλῶς	_	_
1.8	76	[1]	γε	_	_
1.8	77	[1]	τοῦτο	_	_
1.8	78	[1]	εἰπεῖν	_	_
1.8	79	[1]	μόνον	_	_
1.8	80	[1]	αὔταρκες	_	_
1.8	81	[1]	ὑπολαβεῖν	_	_
1.8	82	[3]	.	b	_
1.8	83	[1]	ὅθεν	_	_
1.8	84	[8]	,	b	_
1.8	85	[1]	ὃ	_	_
1.8	86	[1]	ἐν	_	_
1.8	87	[1]	τῷ	_	_
1.8	88	[1]	τρίτῳ	_	_
1.8	89	[2]	περὶ	_	_
1.8	90	[2]	τῶν	_	_
1.8	91	[2]	ἐν	_	_
1.8	92	[1]	τοῖς	_	_
1.8	93	[1]	ζώοις	_	_
1.8	94	[1]	μορίων	_	_
1.8	95	[1]	ἔγραψεν	_	_
1.8	96	[9]	,	b	_
1.8	97	[1]	οὐδαμῶς	_	_
1.8	98	[1]	ἦν	_	_
1.8	99	[1]	πρέπον	_	_
1.8	100	[1]	Ἀριστοτέλει	_	_
1.8	101	[4]	.	b	_
1.8	102	[1]	παραγράψω	_	_
1.8	103	[2]	δὲ	_	_
1.8	104	[1]	τὴν	_	_
1.8	105	[1]	ῥῆσιν	_	_
1.8	106	[1]	αὐτήν	_	_
1.8	107	[5]	.	b	_
1.8	108	[1]	Ἔχει	_	_
1.8	109	[3]	δὲ	_	_
1.8	110	[3]	καὶ	_	_
1.8	111	[2]	νεύρων	_	_
1.8	112	[1]	πλῆθος	_	_
1.8	113	[1]	ἡ	_	_
1.8	114	[1]	καρδία	_	_
1.8	115	[10]	,	b	_
1.8	116	[4]	καὶ	_	_
1.8	117	[2]	τοῦτο	_	_
1.8	118	[1]	εὐλόγως	_	_
1.8	119	[1]	·	b	_
1.8	120	[2]	ἀπὸ	_	_
1.8	121	[1]	﻿	_	_
1.8	122	[1]	ταύτης	_	_
1.8	123	[2]	γὰρ	_	_
1.8	124	[1]	αἱ	_	_
1.8	125	[1]	κινήσεις	_	_
1.8	126	[6]	.	b	_
1.8	127	[1]	περαίνονται	_	_
1.8	128	[4]	δὲ	_	_
1.8	129	[1]	διὰ	_	_
1.8	130	[2]	τοῦ	_	_
1.8	131	[1]	θ	_	_
1.8	132	[2]	’	b	_
1.8	133	[1]	ἕλκειν	_	_
1.8	134	[5]	καὶ	_	_
1.8	135	[1]	ἀνιέναι	_	_
1.8	136	[7]	.	b	_
1.8	137	[1]	δεῖ	_	_
1.8	138	[2]	οὖν	_	_
1.8	139	[1]	τοιαύτης	_	_
1.8	140	[1]	ὑπηρεσίας	_	_
1.8	141	[1]	τε	_	_
1.8	142	[6]	καὶ	_	_
1.8	143	[1]	ἰσχύος	_	_
1.8	144	[8]	.	b	_
1.8	145	[1]	ὅτι	_	_
1.8	146	[1]	μὲν	_	_
1.8	147	[3]	γὰρ	_	_
1.8	148	[2]	δεῖ	_	_
1.8	149	[2]	τοιαύτης	_	_
1.8	150	[2]	ὑπηρεσίας	_	_
1.8	151	[2]	τε	_	_
1.8	152	[7]	καὶ	_	_
1.8	153	[2]	ἰσχύος	_	_
1.8	154	[1]	ἐκείνῳ	_	_
1.8	155	[2]	τῷ	_	_
1.8	156	[1]	μέλει	_	_
1.8	157	[3]	τοῦ	_	_
1.8	158	[1]	σώματος	_	_
1.8	159	[11]	,	b	_
1.8	160	[2]	ὃ	_	_
1.8	161	[2]	τὴν	_	_
1.8	162	[1]	ἀρχὴν	_	_
1.8	163	[3]	τῆς	_	_
1.8	164	[1]	ψυχῆς	_	_
1.8	165	[3]	ἐν	_	_
1.8	166	[1]	ἑαυτῷ	_	_
1.8	167	[1]	περιέχει	_	_
1.8	168	[12]	,	b	_
1.8	169	[1]	πρόδηλον	_	_
1.8	170	[1]	ἅπαντι	_	_
1.8	171	[2]	·	b	_
1.8	172	[3]	τὸ	_	_
1.8	173	[1]	μέντοι	_	_
1.8	174	[3]	τὴν	_	_
1.8	175	[1]	καρδίαν	_	_
1.8	176	[1]	τοῦτ	_	_
1.8	177	[3]	’	b	_
1.8	178	[1]	εἶναι	_	_
1.8	179	[4]	τὸ	_	_
1.8	180	[1]	μέλος	_	_
1.8	181	[13]	,	b	_
1.8	182	[2]	οὐ	_	_
1.8	183	[2]	μόνον	_	_
1.8	184	[1]	οὐκ	_	_
1.8	185	[1]	ἀπέδειξεν	_	_
1.8	186	[1]	ὁ	_	_
1.8	187	[1]	Ἀριστοτέλης	_	_
1.8	188	[14]	,	b	_
1.8	189	[1]	ἀλλ	_	_
1.8	190	[4]	’	b	_
1.8	191	[1]	οὐδὲ	_	_
1.8	192	[1]	πιθανῶς	_	_
1.8	193	[1]	ἐπεχείρησεν	_	_
1.8	194	[15]	,	b	_
1.8	195	[1]	εἰ	_	_
1.8	196	[1]	μὴ	_	_
1.8	197	[1]	ἄρα	_	_
1.8	198	[5]	τὸ	_	_
1.8	199	[3]	νεύρων	_	_
1.8	200	[1]	ἔχειν	_	_
1.8	201	[2]	πλῆθος	_	_
1.8	202	[1]	αὐτὴν	_	_
1.8	203	[1]	ἱκανὸν	_	_
1.8	204	[2]	εἶναι	_	_
1.8	205	[1]	γνώρισμα	_	_
1.8	206	[1]	νομίζει	_	_
1.8	207	[4]	τοῦ	_	_
1.8	208	[4]	νεύρων	_	_
1.8	209	[1]	ὑπάρχειν	_	_
1.8	210	[1]	ἀρχήν	_	_
1.8	211	[9]	.	b	_
1.8	212	[2]	ἀλλ	_	_
1.8	213	[5]	’	b	_
1.8	214	[1]	οὕτω	_	_
1.8	215	[2]	γε	_	_
1.8	216	[8]	καὶ	_	_
1.8	217	[1]	τὰς	_	_
1.8	218	[1]	χεῖρας	_	_
1.8	219	[9]	καὶ	_	_
1.8	220	[1]	τοὺς	_	_
1.8	221	[1]	πόδας	_	_
1.8	222	[1]	ἀρχὰς	_	_
1.8	223	[1]	ὑποληψόμεθα	_	_
1.8	224	[5]	νεύρων	_	_
1.8	225	[10]	.	b	_
1.8	226	[1]	ἂν	_	_
1.8	227	[4]	γὰρ	_	_
1.8	228	[2]	ἱκανὸν	_	_
1.8	229	[3]	εἶναι	_	_
1.8	230	[1]	νομίσωμεν	_	_
1.8	231	[16]	,	b	_
1.8	232	[1]	ἔνθα	_	_
1.8	233	[1]	ᾖ	_	_
1.8	234	[2]	νεῦρα	_	_
1.8	235	[1]	πολλὰ	_	_
1.8	236	[17]	,	b	_
1.8	237	[2]	τοῦτ	_	_
1.8	238	[6]	’	b	_
1.8	239	[2]	ἀρχὴν	_	_
1.8	240	[1]	τίθεσθαι	_	_
1.8	241	[6]	νεύρων	_	_
1.8	242	[18]	,	b	_
1.8	243	[1]	οὐδὲν	_	_
1.8	244	[1]	ἡμᾶς	_	_
1.8	245	[1]	κωλύσει	_	_
1.8	246	[10]	καὶ	_	_
1.8	247	[1]	ταῦτα	_	_
1.8	248	[2]	τὰ	_	_
1.8	249	[1]	μόρια	_	_
1.8	250	[7]	νεύρων	_	_
1.8	251	[2]	ἀρχὰς	_	_
1.8	252	[2]	ὑπολαβεῖν	_	_
1.8	253	[11]	.	b	_
1.8	254	[2]	οὕτω	_	_
1.8	255	[5]	δὲ	_	_
1.8	256	[11]	καὶ	_	_
1.8	257	[6]	τὸ	_	_
1.8	258	[3]	τῷ	_	_
1.8	259	[1]	δικτύῳ	_	_
1.8	260	[1]	παραπλήσιον	_	_
1.8	261	[1]	πλέγμα	_	_
1.8	262	[7]	τὸ	_	_
1.8	263	[1]	ὑπὸ	_	_
1.8	264	[1]	τῇ	_	_
1.8	265	[1]	παχείᾳ	_	_
1.8	266	[1]	μήνιγγι	_	_
1.8	267	[3]	τῶν	_	_
1.8	268	[1]	ἀρτηριῶν	_	_
1.8	269	[3]	ἀρχὴν	_	_
1.8	270	[1]	ἐροῦμεν	_	_
1.8	271	[19]	,	b	_
1.8	272	[3]	οὐ	_	_
1.8	273	[4]	τὴν	_	_
1.8	274	[2]	καρδίαν	_	_
1.8	275	[3]	·	b	_
1.8	276	[1]	ἀναρίθμητον	_	_
1.8	277	[1]	γάρ	_	_
1.8	278	[1]	τι	_	_
1.8	279	[3]	πλῆθος	_	_
1.8	280	[2]	ἀρτηριῶν	_	_
1.8	281	[1]	ἐστι	_	_
1.8	282	[1]	κατ	_	_
1.8	283	[7]	’	b	_
1.8	284	[1]	ἐκεῖνο	_	_
1.8	285	[8]	τὸ	_	_
1.8	286	[2]	πλέγμα	_	_
1.8	287	[12]	.	b	_
1.8	288	[1]	ταυτὶ	_	_
1.8	289	[2]	μὲν	_	_
1.8	290	[3]	οὖν	_	_
1.8	291	[2]	ἐκ	_	_
1.8	292	[1]	περιουσίας	_	_
1.8	293	[1]	εἰρήσθω	_	_
1.8	294	[1]	μοι	_	_
1.8	295	[2]	πρὸς	_	_
1.8	296	[9]	τὸ	_	_
1.8	297	[1]	μηδ	_	_
1.8	298	[8]	’	b	_
1.8	299	[2]	εἰ	_	_
1.8	300	[2]	πολλὰ	_	_
1.8	301	[1]	κατὰ	_	_
1.8	302	[5]	τὴν	_	_
1.8	303	[3]	καρδίαν	_	_
1.8	304	[1]	ἐφαίνετο	_	_
1.8	305	[3]	νεῦρα	_	_
1.8	306	[20]	,	b	_
1.8	307	[1]	πάντως	_	_
1.8	308	[1]	ἄν	_	_
1.8	309	[1]	τιν	_	_
1.8	310	[9]	’	b	_
1.8	311	[3]	ἐκ	_	_
1.8	312	[1]	τούτων	_	_
1.8	313	[2]	τίθεσθαι	_	_
1.8	314	[1]	δικαίως	_	_
1.8	315	[4]	ἀρχὴν	_	_
1.8	316	[1]	ἁπάντων	_	_
1.8	317	[4]	τῶν	_	_
1.8	318	[2]	κατὰ	_	_
1.8	319	[10]	τὸ	_	_
1.8	320	[1]	σῶμα	_	_
1.8	321	[5]	τοῦ	_	_
1.8	322	[2]	ζώου	_	_
1.8	323	[8]	νεύρων	_	_
1.8	324	[13]	.	b	_
1.8	325	[1]	ἐπεὶ	_	_
1.8	326	[1]	δ	_	_
1.8	327	[10]	’	b	_
1.8	328	[1]	οὐδ	_	_
1.8	329	[11]	’	b	_
1.8	330	[1]	ἔχει	_	_
1.8	331	[4]	νεῦρα	_	_
1.8	332	[3]	πολλὰ	_	_
1.8	333	[21]	,	b	_
1.8	334	[1]	μεῖζον	_	_
1.8	335	[2]	ἂν	_	_
1.8	336	[1]	ἔτι	_	_
1.8	337	[1]	γίγνοιτο	_	_
1.8	338	[4]	τῷ	_	_
1.8	339	[2]	Ἀριστοτέλει	_	_
1.8	340	[11]	τὸ	_	_
1.8	341	[1]	ἄτοπον	_	_
1.8	342	[14]	.	b	_
1.8	343	[1]	εἰσὶ	_	_
1.8	344	[3]	μὲν	_	_
1.8	345	[2]	γάρ	_	_
1.8	346	[1]	τινες	_	_
1.8	347	[4]	ἐν	_	_
1.8	348	[1]	αὐτῇ	_	_
1.8	349	[1]	νευρώδεις	_	_
1.8	350	[1]	διαφύσεις	_	_
1.8	351	[22]	,	b	_
1.8	352	[4]	οὐ	_	_
1.8	353	[1]	μὴν	_	_
1.8	354	[2]	ἤδη	_	_
1.8	355	[1]	γέ	_	_
1.8	356	[1]	πω	_	_
1.8	357	[12]	καὶ	_	_
1.8	358	[5]	νεῦρα	_	_
1.8	359	[15]	.	b	_
1.8	360	[1]	δειχθείη	_	_
1.8	361	[6]	δὲ	_	_
1.8	362	[3]	ἂν	_	_
1.8	363	[5]	οὐ	_	_
1.8	364	[2]	διὰ	_	_
1.8	365	[1]	μακρῶν	_	_
1.8	366	[3]	τοῦτο	_	_
1.8	367	[2]	κατ	_	_
1.8	368	[12]	’	b	_
1.8	369	[1]	αὐτὸν	_	_
1.8	370	[4]	τὸν	_	_
1.8	371	[2]	Ἀριστοτέλη	_	_
1.8	372	[16]	.	b	_
1.8	373	[1]	οὗτος	_	_
1.8	374	[1]	γοῦν	_	_
1.8	375	[1]	ἐστιν	_	_
1.8	376	[2]	ὁ	_	_
1.8	377	[1]	διδάξας	_	_
1.8	378	[2]	ἡμᾶς	_	_
1.8	379	[2]	εἰς	_	_
1.8	380	[6]	τὴν	_	_
1.8	381	[1]	ἐνέργειάν	_	_
1.8	382	[3]	τε	_	_
1.8	383	[13]	καὶ	_	_
1.8	384	[1]	χρείαν	_	_
1.8	385	[1]	ἀποβλέπειν	_	_
1.8	386	[1]	ἑκάστου	_	_
1.8	387	[5]	τῶν	_	_
1.8	388	[1]	ὀργάνων	_	_
1.8	389	[23]	,	b	_
1.8	390	[2]	οὐκ	_	_
1.8	391	[3]	εἰς	_	_
1.8	392	[7]	τὴν	_	_
1.8	393	[1]	κατασκευὴν	_	_
1.8	394	[24]	,	b	_
1.8	395	[1]	ἐπειδὰν	_	_
1.8	396	[25]	,	b	_
1.8	397	[1]	ὅ	_	_
1.8	398	[1]	τί	_	_
1.8	399	[1]	ποτέ	_	_
1.8	400	[2]	ἐστιν	_	_
1.8	401	[1]	αὐτὸ	_	_
1.8	402	[12]	τὸ	_	_
1.8	403	[4]	εἶναι	_	_
1.8	404	[26]	,	b	_
1.8	405	[1]	σκοπώμεθα	_	_
1.8	406	[17]	.	b	_
1.8	407	[5]	τῷ	_	_
1.8	408	[2]	γοῦν	_	_
1.8	409	[1]	ὀφθαλμῷ	_	_
1.8	410	[1]	ἵνα	_	_
1.8	411	[2]	ᾖ	_	_
1.8	412	[27]	,	b	_
1.8	413	[2]	τί	_	_
1.8	414	[2]	ποτέ	_	_
1.8	415	[3]	ἐστιν	_	_
1.8	416	[1]	ἐρωτηθέντες	_	_
1.8	417	[28]	,	b	_
1.8	418	[1]	ἀποκριναίμεθα	_	_
1.8	419	[1]	ὀργάνῳ	_	_
1.8	420	[1]	ὀπτικῷ	_	_
1.8	421	[18]	.	b	_
1.8	422	[6]	οὐ	_	_
1.8	423	[5]	γὰρ	_	_
1.8	424	[1]	δὴ	_	_
1.8	425	[1]	τό	_	_
1.8	426	[1]	γ	_	_
1.8	427	[13]	’	b	_
1.8	428	[4]	ἐκ	_	_
1.8	429	[1]	τοσούτων	_	_
1.8	430	[4]	τε	_	_
1.8	431	[14]	καὶ	_	_
1.8	432	[1]	τοιούτων	_	_
1.8	433	[1]	ὑγρῶν	_	_
1.8	434	[1]	χιτώνων	_	_
1.8	435	[5]	τε	_	_
1.8	436	[15]	καὶ	_	_
1.8	437	[1]	ὑμένων	_	_
1.8	438	[16]	καὶ	_	_
1.8	439	[1]	μυῶν	_	_
1.8	440	[1]	ὡδί	_	_
1.8	441	[1]	πως	_	_
1.8	442	[1]	συγκειμένων	_	_
1.8	443	[1]	κατεσκευάσθαι	_	_
1.8	444	[8]	τὴν	_	_
1.8	445	[1]	οὐσίαν	_	_
1.8	446	[2]	αὐτὴν	_	_
1.8	447	[5]	εἶναι	_	_
1.8	448	[1]	βούλεται	_	_
1.8	449	[6]	τῶν	_	_
1.8	450	[1]	ὀφθαλμῶν	_	_
1.8	451	[3]	ὁ	_	_
1.8	452	[2]	Ἀριστοτέλης	_	_
1.8	453	[29]	,	b	_
1.8	454	[1]	ὀρθότατα	_	_
1.8	455	[1]	γινώσκων	_	_
1.8	456	[30]	,	b	_
1.8	457	[1]	ὡς	_	_
1.8	458	[17]	καὶ	_	_
1.8	459	[3]	πρὸς	_	_
1.8	460	[1]	ἡμῶν	_	_
1.8	461	[5]	ἐν	_	_
1.8	462	[1]	ἑτέροις	_	_
1.8	463	[1]	ἐπιδέδεικται	_	_
1.8	464	[19]	.	b	_
1.8	465	[1]	νυνὶ	_	_
1.8	466	[2]	δ	_	_
1.8	467	[14]	’	b	_
1.8	468	[2]	οἶμαι	_	_
1.8	469	[1]	δεῖσθαι	_	_
1.8	470	[1]	εἴς	_	_
1.8	471	[3]	γε	_	_
1.8	472	[3]	τὰ	_	_
1.8	473	[1]	παρόντα	_	_
1.8	474	[4]	τῆς	_	_
1.8	475	[1]	παρ	_	_
1.8	476	[15]	’	b	_
1.8	477	[2]	ἡμῶν	_	_
1.8	478	[1]	ἀποδείξεως	_	_
1.8	479	[2]	αὐτοῦ	_	_
1.8	480	[6]	τοῦ	_	_
1.8	481	[1]	Ἀριστοτέλους	_	_
1.8	482	[1]	δοξάζοντος	_	_
1.8	483	[1]	οὕτως	_	_
1.8	484	[20]	.	b	_
1.8	485	[3]	εἰ	_	_
1.8	486	[4]	μὲν	_	_
1.8	487	[6]	γὰρ	_	_
1.8	488	[4]	πρὸς	_	_
1.8	489	[1]	ἄλλον	_	_
1.8	490	[1]	τινὰ	_	_
1.8	491	[5]	τὸν	_	_
1.8	492	[1]	λόγον	_	_
1.8	493	[1]	ἐποιούμην	_	_
1.8	494	[31]	,	b	_
1.8	495	[1]	ἐπειρώμην	_	_
1.8	496	[4]	ἂν	_	_
1.8	497	[1]	ἐπιδεικνύειν	_	_
1.8	498	[32]	,	b	_
1.8	499	[2]	ὡς	_	_
1.8	500	[1]	ταῖς	_	_
1.8	501	[1]	ἐνεργείαις	_	_
1.8	502	[6]	τε	_	_
1.8	503	[18]	καὶ	_	_
1.8	504	[1]	χρείαις	_	_
1.8	505	[2]	ἕκαστον	_	_
1.8	506	[7]	τῶν	_	_
1.8	507	[2]	μορίων	_	_
1.8	508	[33]	,	b	_
1.8	509	[7]	οὐ	_	_
1.8	510	[2]	τῇ	_	_
1.8	511	[7]	τοῦ	_	_
1.8	512	[2]	σώματος	_	_
1.8	513	[1]	ἰδέᾳ	_	_
1.8	514	[34]	,	b	_
1.8	515	[1]	κρίνεται	_	_
1.8	516	[21]	.	b	_
1.8	517	[2]	ἐπειδὴ	_	_
1.8	518	[7]	δὲ	_	_
1.8	519	[5]	πρὸς	_	_
1.8	520	[3]	Ἀριστοτέλη	_	_
1.8	521	[1]	διαλέγομαι	_	_
1.8	522	[35]	,	b	_
1.8	523	[6]	τὸν	_	_
1.8	524	[2]	αὐτὸν	_	_
1.8	525	[2]	οὕτως	_	_
1.8	526	[1]	γινώσκοντα	_	_
1.8	527	[1]	πολὺ	_	_
1.8	528	[1]	πρότερον	_	_
1.8	529	[3]	ἡμῶν	_	_
1.8	530	[36]	,	b	_
1.8	531	[1]	ἀναμνῆσαι	_	_
1.8	532	[1]	χρὴ	_	_
1.8	533	[3]	μόνον	_	_
1.8	534	[1]	ὧν	_	_
1.8	535	[2]	αὐτὸς	_	_
1.8	536	[1]	ἔν	_	_
1.8	537	[7]	τε	_	_
1.8	538	[6]	τῷ	_	_
1.8	539	[1]	δευτέρῳ	_	_
1.8	540	[3]	περὶ	_	_
1.8	541	[2]	ψυχῆς	_	_
1.8	542	[1]	κᾀν	_	_
1.8	543	[7]	τῷ	_	_
1.8	544	[4]	περὶ	_	_
1.8	545	[3]	μορίων	_	_
1.8	546	[1]	ἀπεφήνατο	_	_
1.8	547	[37]	,	b	_
1.8	548	[13]	τὸ	_	_
1.8	549	[1]	ταὐτὸν	_	_
1.8	550	[19]	καὶ	_	_
1.8	551	[14]	τὸ	_	_
1.8	552	[1]	ἕτερον	_	_
1.8	553	[1]	ὄργανον	_	_
1.8	554	[5]	ἐκ	_	_
1.8	555	[8]	τῶν	_	_
1.8	556	[1]	ἐνεργειῶν	_	_
1.8	557	[38]	,	b	_
1.8	558	[3]	οὐκ	_	_
1.8	559	[6]	ἐκ	_	_
1.8	560	[5]	τῆς	_	_
1.8	561	[8]	τοῦ	_	_
1.8	562	[3]	σώματος	_	_
1.8	563	[1]	ἰδέας	_	_
1.8	564	[39]	,	b	_
1.8	565	[1]	κρίνεσθαι	_	_
1.8	566	[1]	βουλόμενος	_	_
1.8	567	[22]	.	b	_
1.8	568	[4]	εἰ	_	_
1.8	569	[5]	μὲν	_	_
1.8	570	[7]	γὰρ	_	_
1.8	571	[1]	ὀπτικὸν	_	_
1.8	572	[1]	εἴη	_	_
1.8	573	[15]	τὸ	_	_
1.8	574	[2]	ὄργανον	_	_
1.8	575	[40]	,	b	_
1.8	576	[1]	ὀφθαλμός	_	_
1.8	577	[2]	ἐστι	_	_
1.8	578	[41]	,	b	_
1.8	579	[1]	κᾂν	_	_
1.8	580	[1]	ἑτέρως	_	_
1.8	581	[1]	ἔχῃ	_	_
1.8	582	[1]	κατεσκευασμένον	_	_
1.8	583	[1]	ἄνθρωπός	_	_
1.8	584	[8]	τε	_	_
1.8	585	[20]	καὶ	_	_
1.8	586	[1]	καρκῖνος	_	_
1.8	587	[4]	·	b	_
1.8	588	[5]	εἰ	_	_
1.8	589	[8]	δὲ	_	_
1.8	590	[1]	βαδιστικὸν	_	_
1.8	591	[42]	,	b	_
1.8	592	[1]	σκέλος	_	_
1.8	593	[43]	,	b	_
1.8	594	[2]	ἄν	_	_
1.8	595	[1]	τ	_	_
1.8	596	[16]	’	b	_
1.8	597	[1]	ἐλέφαντος	_	_
1.8	598	[44]	,	b	_
1.8	599	[3]	ἄν	_	_
1.8	600	[2]	τ	_	_
1.8	601	[17]	’	b	_
1.8	602	[1]	αἰγὸς	_	_
1.8	603	[45]	,	b	_
1.8	604	[4]	ἄν	_	_
1.8	605	[3]	τ	_	_
1.8	606	[18]	’	b	_
1.8	607	[1]	οἰὸς	_	_
1.8	608	[46]	,	b	_
1.8	609	[5]	ἄν	_	_
1.8	610	[4]	τ	_	_
1.8	611	[19]	’	b	_
1.8	612	[1]	ἀνθρώπου	_	_
1.8	613	[1]	τύχῃ	_	_
1.8	614	[23]	.	b	_
1.8	615	[6]	εἰ	_	_
1.8	616	[9]	δὲ	_	_
1.8	617	[1]	ταῦθ	_	_
1.8	618	[20]	’	b	_
1.8	619	[3]	οὕτως	_	_
1.8	620	[2]	ἔχει	_	_
1.8	621	[47]	,	b	_
1.8	622	[1]	κρινέσθω	_	_
1.8	623	[1]	σοι	_	_
1.8	624	[16]	τὸ	_	_
1.8	625	[2]	νεῦρον	_	_
1.8	626	[48]	,	b	_
1.8	627	[1]	Ἀριστότελες	_	_
1.8	628	[1]	φίλτατε	_	_
1.8	629	[49]	,	b	_
1.8	630	[2]	μὴ	_	_
1.8	631	[3]	τῇ	_	_
1.8	632	[9]	τοῦ	_	_
1.8	633	[4]	σώματος	_	_
1.8	634	[2]	ἰδέᾳ	_	_
1.8	635	[50]	,	b	_
1.8	636	[1]	καθάπερ	_	_
1.8	637	[2]	τοῖς	_	_
1.8	638	[1]	πολλοῖς	_	_
1.8	639	[21]	καὶ	_	_
1.8	640	[1]	ἀγυμνάστοις	_	_
1.8	641	[5]	περὶ	_	_
1.8	642	[2]	λόγον	_	_
1.8	643	[51]	,	b	_
1.8	644	[3]	ἀλλ	_	_
1.8	645	[21]	’	b	_
1.8	646	[1]	ἐνεργείᾳ	_	_
1.8	647	[9]	τε	_	_
1.8	648	[22]	καὶ	_	_
1.8	649	[1]	χρείᾳ	_	_
1.8	650	[24]	.	b	_
1.9	1	[1]	Τρία	_	_
1.9	2	[1]	γάρ	_	_
1.9	3	[1]	ἐστιν	_	_
1.9	4	[1]	ὄργανα	_	_
1.9	5	[1]	παραπλήσια	_	_
1.9	6	[1]	μὲν	_	_
1.9	7	[1]	ἀλλήλοις	_	_
1.9	8	[1]	τὴν	_	_
1.9	9	[1]	μορφὴν	_	_
1.9	10	[1]	τοῦ	_	_
1.9	11	[1]	σώματος	_	_
1.9	12	[1]	,	b	_
1.9	13	[1]	οὐκ	_	_
1.9	14	[1]	ὀλίγον	_	_
1.9	15	[1]	δ	_	_
1.9	16	[1]	’	b	_
1.9	17	[1]	ἐνεργείαις	_	_
1.9	18	[1]	τε	_	_
1.9	19	[1]	καὶ	_	_
1.9	20	[1]	χρείαις	_	_
1.9	21	[1]	διαλλάττοντα	_	_
1.9	22	[1]	·	b	_
1.9	23	[1]	προσαγορεύεται	_	_
1.9	24	[2]	δ	_	_
1.9	25	[2]	’	b	_
1.9	26	[1]	αὐτῶν	_	_
1.9	27	[1]	τὸ	_	_
1.9	28	[2]	μὲν	_	_
1.9	29	[1]	νεῦρον	_	_
1.9	30	[2]	,	b	_
1.9	31	[2]	τὸ	_	_
1.9	32	[1]	δὲ	_	_
1.9	33	[1]	σύνδεσμος	_	_
1.9	34	[3]	,	b	_
1.9	35	[3]	τὸ	_	_
1.9	36	[2]	δὲ	_	_
1.9	37	[1]	τένων	_	_
1.9	38	[1]	.	b	_
1.9	39	[4]	τὸ	_	_
1.9	40	[3]	μὲν	_	_
1.9	41	[1]	δὴ	_	_
1.9	42	[2]	νεῦρον	_	_
1.9	43	[1]	ἐξ	_	_
1.9	44	[1]	ἐγκεφάλου	_	_
1.9	45	[1]	πάντως	_	_
1.9	46	[1]	ἢ	_	_
1.9	47	[1]	νωτιαίου	_	_
1.9	48	[1]	πέφυκεν	_	_
1.9	49	[4]	,	b	_
1.9	50	[1]	αἴσθησιν	_	_
1.9	51	[5]	,	b	_
1.9	52	[2]	ἢ	_	_
1.9	53	[1]	κίνησιν	_	_
1.9	54	[6]	,	b	_
1.9	55	[3]	ἢ	_	_
1.9	56	[5]	τὸ	_	_
1.9	57	[1]	συναμφότερον	_	_
1.9	58	[1]	οἷς	_	_
1.9	59	[1]	ἂν	_	_
1.9	60	[1]	ἐμφύηται	_	_
1.9	61	[1]	παράγον	_	_
1.9	62	[2]	.	b	_
1.9	63	[1]	ὁ	_	_
1.9	64	[2]	σύνδεσμος	_	_
1.9	65	[3]	δ	_	_
1.9	66	[3]	’	b	_
1.9	67	[1]	ἀναίσθητος	_	_
1.9	68	[1]	μέν	_	_
1.9	69	[2]	ἐστιν	_	_
1.9	70	[7]	,	b	_
1.9	71	[1]	ἡ	_	_
1.9	72	[1]	χρεία	_	_
1.9	73	[3]	δὲ	_	_
1.9	74	[1]	αὐτοῦ	_	_
1.9	75	[1]	κατὰ	_	_
1.9	76	[1]	τοὔνομα	_	_
1.9	77	[3]	.	b	_
1.9	78	[1]	λοιπὸς	_	_
1.9	79	[4]	δὲ	_	_
1.9	80	[2]	τένων	_	_
1.9	81	[1]	πέρας	_	_
1.9	82	[1]	ἐστὶ	_	_
1.9	83	[1]	νευρῶδες	_	_
1.9	84	[1]	μυὸς	_	_
1.9	85	[8]	,	b	_
1.9	86	[1]	ἐκ	_	_
1.9	87	[1]	συνδέσμου	_	_
1.9	88	[2]	καὶ	_	_
1.9	89	[1]	νεύρου	_	_
1.9	90	[1]	γεννώμενος	_	_
1.9	91	[9]	,	b	_
1.9	92	[1]	ὡς	_	_
1.9	93	[1]	ἔν	_	_
1.9	94	[2]	τε	_	_
1.9	95	[1]	τοῖς	_	_
1.9	96	[1]	περὶ	_	_
1.9	97	[1]	μυῶν	_	_
1.9	98	[1]	κινήσεως	_	_
1.9	99	[1]	ἡμῖν	_	_
1.9	100	[1]	ἐπιδέδεικται	_	_
1.9	101	[1]	κᾀν	_	_
1.9	102	[1]	ταῖς	_	_
1.9	103	[1]	ἀνατομικαῖς	_	_
1.9	104	[1]	ἐγχειρήσεσι	_	_
1.9	105	[4]	.	b	_
1.9	106	[3]	νεῦρον	_	_
1.9	107	[4]	μὲν	_	_
1.9	108	[2]	δὴ	_	_
1.9	109	[1]	πᾶν	_	_
1.9	110	[1]	ἀκριβῶς	_	_
1.9	111	[1]	ἐστι	_	_
1.9	112	[1]	στρογγύλον	_	_
1.9	113	[10]	,	b	_
1.9	114	[1]	οἱ	_	_
1.9	115	[1]	τένοντες	_	_
1.9	116	[4]	δ	_	_
1.9	117	[4]	’	b	_
1.9	118	[1]	οὐχ	_	_
1.9	119	[1]	ἅπαντες	_	_
1.9	120	[11]	,	b	_
1.9	121	[1]	ἔτι	_	_
1.9	122	[5]	δὲ	_	_
1.9	123	[1]	μᾶλλον	_	_
1.9	124	[2]	οἱ	_	_
1.9	125	[1]	σύνδεσμοι	_	_
1.9	126	[2]	·	b	_
1.9	127	[1]	πλατύνονται	_	_
1.9	128	[1]	γὰρ	_	_
1.9	129	[3]	οἱ	_	_
1.9	130	[1]	πλείους	_	_
1.9	131	[2]	αὐτῶν	_	_
1.9	132	[1]	εἰς	_	_
1.9	133	[1]	ὑμένος	_	_
1.9	134	[1]	ἰδέαν	_	_
1.9	135	[5]	.	b	_
1.9	136	[1]	ἀλλ	_	_
1.9	137	[5]	’	b	_
1.9	138	[1]	ὑμὴν	_	_
1.9	139	[5]	μὲν	_	_
1.9	140	[1]	ἅπας	_	_
1.9	141	[2]	ἀκριβῶς	_	_
1.9	142	[2]	ἐστι	_	_
1.9	143	[1]	λεπτὸς	_	_
1.9	144	[3]	καὶ	_	_
1.9	145	[1]	μαλακὸς	_	_
1.9	146	[12]	,	b	_
1.9	147	[3]	σύνδεσμος	_	_
1.9	148	[6]	δὲ	_	_
1.9	149	[4]	καὶ	_	_
1.9	150	[1]	σκληρὸς	_	_
1.9	151	[13]	,	b	_
1.9	152	[5]	καὶ	_	_
1.9	153	[1]	παχὺς	_	_
1.9	154	[1]	τοὐπίπαν	_	_
1.9	155	[6]	.	b	_
1.9	156	[1]	ἔνιοι	_	_
1.9	157	[6]	μὲν	_	_
1.9	158	[3]	αὐτῶν	_	_
1.9	159	[1]	νευροχονδρώδεις	_	_
1.9	160	[1]	ὀνομάζονταί	_	_
1.9	161	[3]	τε	_	_
1.9	162	[1]	καί	_	_
1.9	163	[1]	εἰσιν	_	_
1.9	164	[3]	·	b	_
1.9	165	[1]	οὔτε	_	_
1.9	166	[7]	δὲ	_	_
1.9	167	[2]	ὑμὴν	_	_
1.9	168	[14]	,	b	_
1.9	169	[2]	οὔτε	_	_
1.9	170	[4]	νεῦρον	_	_
1.9	171	[15]	,	b	_
1.9	172	[3]	οὔτε	_	_
1.9	173	[3]	τένων	_	_
1.9	174	[2]	εἰς	_	_
1.9	175	[1]	τοσαύτην	_	_
1.9	176	[1]	ποθ	_	_
1.9	177	[6]	’	b	_
1.9	178	[1]	ἥκει	_	_
1.9	179	[1]	σκληρότητα	_	_
1.9	180	[7]	.	b	_
1.9	181	[1]	ἀλλὰ	_	_
1.9	182	[1]	τῶν	_	_
1.9	183	[7]	μὲν	_	_
1.9	184	[1]	νεύρων	_	_
1.9	185	[1]	ἔνια	_	_
1.9	186	[6]	καὶ	_	_
1.9	187	[1]	πάνυ	_	_
1.9	188	[1]	μαλακὰ	_	_
1.9	189	[2]	τὴν	_	_
1.9	190	[1]	φύσιν	_	_
1.9	191	[1]	ἐστὶν	_	_
1.9	192	[16]	,	b	_
1.9	193	[3]	εἰς	_	_
1.9	194	[2]	αἴσθησιν	_	_
1.9	195	[1]	ἐπιτήδεια	_	_
1.9	196	[1]	μόνην	_	_
1.9	197	[17]	,	b	_
1.9	198	[2]	ἔνια	_	_
1.9	199	[5]	δ	_	_
1.9	200	[7]	’	b	_
1.9	201	[18]	,	b	_
1.9	202	[1]	εἰ	_	_
1.9	203	[7]	καὶ	_	_
1.9	204	[1]	σκληρότερα	_	_
1.9	205	[1]	τούτων	_	_
1.9	206	[1]	ὑπάρχει	_	_
1.9	207	[2]	κατὰ	_	_
1.9	208	[3]	τὴν	_	_
1.9	209	[2]	τοῦ	_	_
1.9	210	[2]	σώματος	_	_
1.9	211	[1]	οὐσίαν	_	_
1.9	212	[19]	,	b	_
1.9	213	[2]	ἀλλὰ	_	_
1.9	214	[1]	παμπόλλῳ	_	_
1.9	215	[1]	γε	_	_
1.9	216	[1]	ἀπολείπεται	_	_
1.9	217	[2]	συνδέσμου	_	_
1.9	218	[1]	σκληρότητος	_	_
1.9	219	[8]	.	b	_
1.9	220	[1]	οὕτω	_	_
1.9	221	[8]	δὲ	_	_
1.9	222	[8]	καὶ	_	_
1.9	223	[4]	οἱ	_	_
1.9	224	[1]	ὑμένες	_	_
1.9	225	[20]	,	b	_
1.9	226	[2]	εἰ	_	_
1.9	227	[9]	καὶ	_	_
1.9	228	[1]	διαφέρουσι	_	_
1.9	229	[1]	ἀλλήλων	_	_
1.9	230	[3]	κατὰ	_	_
1.9	231	[2]	σκληρότητα	_	_
1.9	232	[21]	,	b	_
1.9	233	[1]	συνδέσμων	_	_
1.9	234	[1]	ἀπολείπονται	_	_
1.9	235	[1]	πάμπολυ	_	_
1.9	236	[9]	.	b	_
1.9	237	[5]	οἱ	_	_
1.9	238	[2]	τένοντες	_	_
1.9	239	[9]	δὲ	_	_
1.9	240	[1]	σύγκεινται	_	_
1.9	241	[8]	μὲν	_	_
1.9	242	[1]	ἔκ	_	_
1.9	243	[4]	τε	_	_
1.9	244	[2]	τῶν	_	_
1.9	245	[2]	συνδέσμων	_	_
1.9	246	[10]	καὶ	_	_
1.9	247	[3]	τῶν	_	_
1.9	248	[2]	νεύρων	_	_
1.9	249	[4]	τῶν	_	_
1.9	250	[1]	σκληροτέρων	_	_
1.9	251	[22]	,	b	_
1.9	252	[1]	ἐν	_	_
1.9	253	[1]	τῷ	_	_
1.9	254	[1]	μέσῳ	_	_
1.9	255	[10]	δὲ	_	_
1.9	256	[1]	εἰκότως	_	_
1.9	257	[1]	ἀμφοῖν	_	_
1.9	258	[1]	εἰσι	_	_
1.9	259	[23]	,	b	_
1.9	260	[1]	τοσούτῳ	_	_
1.9	261	[2]	νεύρου	_	_
1.9	262	[1]	σκληρότεροι	_	_
1.9	263	[4]	τὴν	_	_
1.9	264	[2]	οὐσίαν	_	_
1.9	265	[1]	ὑπάρχοντες	_	_
1.9	266	[24]	,	b	_
1.9	267	[1]	ὅσῳ	_	_
1.9	268	[3]	συνδέσμου	_	_
1.9	269	[1]	μαλακώτεροι	_	_
1.9	270	[10]	.	b	_
1.9	271	[1]	ἅπαντα	_	_
1.9	272	[11]	δὲ	_	_
1.9	273	[1]	ταῦτά	_	_
1.9	274	[3]	ἐστι	_	_
1.9	275	[1]	τὰ	_	_
1.9	276	[1]	τρία	_	_
1.9	277	[1]	γένη	_	_
1.9	278	[1]	λευκὰ	_	_
1.9	279	[25]	,	b	_
1.9	280	[11]	καὶ	_	_
1.9	281	[1]	ἄναιμα	_	_
1.9	282	[26]	,	b	_
1.9	283	[12]	καὶ	_	_
1.9	284	[1]	ἀκοίλια	_	_
1.9	285	[27]	,	b	_
1.9	286	[13]	καὶ	_	_
1.9	287	[4]	εἰς	_	_
1.9	288	[1]	ἶνας	_	_
1.9	289	[1]	εὐθείας	_	_
1.9	290	[1]	λυόμενα	_	_
1.9	291	[28]	,	b	_
1.9	292	[1]	πλὴν	_	_
1.9	293	[5]	τῶν	_	_
1.9	294	[2]	πάνυ	_	_
1.9	295	[1]	σκληρῶν	_	_
1.9	296	[3]	συνδέσμων	_	_
1.9	297	[4]	·	b	_
1.9	298	[1]	οὐ	_	_
1.9	299	[2]	γὰρ	_	_
1.9	300	[1]	οἷόν	_	_
1.9	301	[5]	τε	_	_
1.9	302	[1]	τούτους	_	_
1.9	303	[1]	ἀναλῦσαι	_	_
1.9	304	[5]	εἰς	_	_
1.9	305	[2]	ἶνας	_	_
1.9	306	[11]	.	b	_
1.9	307	[3]	εἰ	_	_
1.9	308	[1]	γοῦν	_	_
1.9	309	[1]	οὕτως	_	_
1.9	310	[1]	ὀνομάζειν	_	_
1.9	311	[1]	ἐθέλεις	_	_
1.9	312	[29]	,	b	_
1.9	313	[2]	ὡς	_	_
1.9	314	[1]	Ἱπποκράτης	_	_
1.9	315	[1]	ὠνόμασε	_	_
1.9	316	[30]	,	b	_
1.9	317	[6]	τὸ	_	_
1.9	318	[9]	μὲν	_	_
1.9	319	[1]	αἴσθησίν	_	_
1.9	320	[6]	τε	_	_
1.9	321	[14]	καὶ	_	_
1.9	322	[2]	κίνησιν	_	_
1.9	323	[1]	παρέχον	_	_
1.9	324	[1]	ἤτοι	_	_
1.9	325	[5]	νεῦρον	_	_
1.9	326	[31]	,	b	_
1.9	327	[4]	ἢ	_	_
1.9	328	[1]	τόνον	_	_
1.9	329	[32]	,	b	_
1.9	330	[1]	(	a	_
1.9	331	[1]	ἄμφω	_	_
1.9	332	[3]	γὰρ	_	_
1.9	333	[1]	αὐτὸ	_	_
1.9	334	[1]	προσαγορεύει	_	_
1.9	335	[33]	,	b	_
1.9	336	[1]	)	b	_
1.9	337	[7]	τὸ	_	_
1.9	338	[12]	δὲ	_	_
1.9	339	[1]	ἀναίσθητον	_	_
1.9	340	[1]	σύνδεσμον	_	_
1.9	341	[34]	,	b	_
1.9	342	[6]	εἰς	_	_
1.9	343	[1]	ὃν	_	_
1.9	344	[13]	δὲ	_	_
1.9	345	[2]	ὁ	_	_
1.9	346	[1]	μῦς	_	_
1.9	347	[1]	τελευτᾷ	_	_
1.9	348	[35]	,	b	_
1.9	349	[1]	τένοντα	_	_
1.9	350	[36]	,	b	_
1.9	351	[1]	δείξω	_	_
1.9	352	[1]	σοι	_	_
1.9	353	[1]	σαφῶς	_	_
1.9	354	[2]	οὐκ	_	_
1.9	355	[1]	ἔχουσαν	_	_
1.9	356	[1]	πλῆθος	_	_
1.9	357	[3]	νεύρων	_	_
1.9	358	[5]	τὴν	_	_
1.9	359	[1]	καρδίαν	_	_
1.9	360	[12]	.	b	_
1.9	361	[4]	εἰ	_	_
1.9	362	[14]	δὲ	_	_
1.9	363	[15]	καὶ	_	_
1.9	364	[1]	συγχεῖν	_	_
1.9	365	[1]	βούλοιο	_	_
1.9	366	[1]	τὰς	_	_
1.9	367	[1]	προσηγορίας	_	_
1.9	368	[37]	,	b	_
1.9	369	[3]	ὡς	_	_
1.9	370	[6]	οἱ	_	_
1.9	371	[1]	πλεῖστοι	_	_
1.9	372	[6]	τῶν	_	_
1.9	373	[1]	μεθ	_	_
1.9	374	[8]	’	b	_
1.9	375	[1]	Ἱπποκράτη	_	_
1.9	376	[38]	,	b	_
1.9	377	[1]	κάλει	_	_
1.9	378	[10]	μὲν	_	_
1.9	379	[2]	ἅπαντα	_	_
1.9	380	[1]	νεῦρα	_	_
1.9	381	[39]	,	b	_
1.9	382	[1]	διαφορὰς	_	_
1.9	383	[6]	δ	_	_
1.9	384	[9]	’	b	_
1.9	385	[2]	ἐν	_	_
1.9	386	[1]	αὐτοῖς	_	_
1.9	387	[1]	λέγε	_	_
1.9	388	[1]	τριττὰς	_	_
1.9	389	[40]	,	b	_
1.9	390	[1]	αἰσθητικὰ	_	_
1.9	391	[11]	μὲν	_	_
1.9	392	[16]	καὶ	_	_
1.9	393	[1]	προαιρετικὰ	_	_
1.9	394	[1]	﻿	_	_
1.9	395	[2]	τὰ	_	_
1.9	396	[2]	ἐξ	_	_
1.9	397	[2]	ἐγκεφάλου	_	_
1.9	398	[17]	καὶ	_	_
1.9	399	[2]	νωτιαίου	_	_
1.9	400	[1]	πεφυκότα	_	_
1.9	401	[41]	,	b	_
1.9	402	[1]	συνδετικὰ	_	_
1.9	403	[15]	δὲ	_	_
1.9	404	[3]	τὰ	_	_
1.9	405	[1]	ἀναίσθητα	_	_
1.9	406	[42]	,	b	_
1.9	407	[18]	καὶ	_	_
1.9	408	[1]	τρίτα	_	_
1.9	409	[2]	ἔτι	_	_
1.9	410	[1]	πρὸς	_	_
1.9	411	[1]	τούτοις	_	_
1.9	412	[4]	τὰ	_	_
1.9	413	[2]	ἐκ	_	_
1.9	414	[7]	τῶν	_	_
1.9	415	[2]	μυῶν	_	_
1.9	416	[1]	ἀπονευρουμένων	_	_
1.9	417	[1]	φυόμενα	_	_
1.9	418	[13]	.	b	_
1.10	1	[1]	Καὶ	_	_
1.10	2	[1]	οὕτως	_	_
1.10	3	[1]	δὲ	_	_
1.10	4	[1]	δείξομεν	_	_
1.10	5	[1]	οὐκ	_	_
1.10	6	[1]	ἔχουσαν	_	_
1.10	7	[1]	ἀξιόλογα	_	_
1.10	8	[1]	τὸ	_	_
1.10	9	[1]	μέγεθος	_	_
1.10	10	[1]	ἢ	_	_
1.10	11	[2]	τὸ	_	_
1.10	12	[1]	πλῆθος	_	_
1.10	13	[1]	αἰσθητικά	_	_
1.10	14	[1]	τε	_	_
1.10	15	[1]	καὶ	_	_
1.10	16	[1]	προαιρετικὰ	_	_
1.10	17	[1]	νεῦρα	_	_
1.10	18	[1]	τὴν	_	_
1.10	19	[1]	καρδίαν	_	_
1.10	20	[1]	ἐναργῶς	_	_
1.10	21	[1]	,	b	_
1.10	22	[1]	ἀλλ	_	_
1.10	23	[1]	’	b	_
1.10	24	[2]	,	b	_
1.10	25	[1]	ὡς	_	_
1.10	26	[1]	ἔμπροσθεν	_	_
1.10	27	[1]	εἴρηται	_	_
1.10	28	[3]	,	b	_
1.10	29	[1]	σμικρὸν	_	_
1.10	30	[1]	ἀπ	_	_
1.10	31	[2]	’	b	_
1.10	32	[1]	ἐγκεφάλου	_	_
1.10	33	[1]	κατιὸν	_	_
1.10	34	[1]	εἰς	_	_
1.10	35	[1]	αὐτὴν	_	_
1.10	36	[1]	ἐμφύεται	_	_
1.10	37	[1]	.	b	_
1.10	38	[1]	τί	_	_
1.10	39	[1]	ποτε	_	_
1.10	40	[1]	οὖν	_	_
1.10	41	[1]	ἐστι	_	_
1.10	42	[3]	τὸ	_	_
1.10	43	[1]	πρὸς	_	_
1.10	44	[1]	Ἀριστοτέλους	_	_
1.10	45	[1]	εἰρημένον	_	_
1.10	46	[4]	,	b	_
1.10	47	[1]	ἔχει	_	_
1.10	48	[2]	δὲ	_	_
1.10	49	[2]	καὶ	_	_
1.10	50	[1]	νεύρων	_	_
1.10	51	[2]	πλῆθος	_	_
1.10	52	[1]	ἡ	_	_
1.10	53	[1]	καρδία	_	_
1.10	54	[1]	;	b	_
1.10	55	[1]	οὔτε	_	_
1.10	56	[1]	γὰρ	_	_
1.10	57	[1]	φιλοψευδὴς	_	_
1.10	58	[1]	ὁ	_	_
1.10	59	[1]	ἀνὴρ	_	_
1.10	60	[5]	,	b	_
1.10	61	[2]	οὔτε	_	_
1.10	62	[1]	παντάπασιν	_	_
1.10	63	[1]	ἄπειρος	_	_
1.10	64	[1]	τῆς	_	_
1.10	65	[1]	ἀνατομῆς	_	_
1.10	66	[6]	,	b	_
1.10	67	[1]	ἵνα	_	_
1.10	68	[3]	καὶ	_	_
1.10	69	[1]	τοῦτόν	_	_
1.10	70	[1]	τις	_	_
1.10	71	[7]	,	b	_
1.10	72	[1]	ὥσπερ	_	_
1.10	73	[1]	τοὺς	_	_
1.10	74	[1]	περὶ	_	_
1.10	75	[1]	τὸν	_	_
1.10	76	[1]	Χρύσιππον	_	_
1.10	77	[8]	,	b	_
1.10	78	[1]	ἑτέροις	_	_
1.10	79	[1]	ἐψευσμένοις	_	_
1.10	80	[1]	ἠκολουθηκέναι	_	_
1.10	81	[1]	νομίσειεν	_	_
1.10	82	[2]	.	b	_
1.10	83	[1]	ἐμοὶ	_	_
1.10	84	[1]	μὲν	_	_
1.10	85	[1]	δοκεῖ	_	_
1.10	86	[1]	τὰς	_	_
1.10	87	[1]	ὑπὸ	_	_
1.10	88	[1]	Ἡροφίλου	_	_
1.10	89	[1]	νευρώδεις	_	_
1.10	90	[1]	διαφύσεις	_	_
1.10	91	[1]	ὠνομασμένας	_	_
1.10	92	[9]	,	b	_
1.10	93	[1]	αὐτὰς	_	_
1.10	94	[1]	οὐ	_	_
1.10	95	[2]	νευρώδεις	_	_
1.10	96	[10]	,	b	_
1.10	97	[2]	ἀλλ	_	_
1.10	98	[3]	’	b	_
1.10	99	[1]	ἄντικρυς	_	_
1.10	100	[1]	εἰρηκέναι	_	_
1.10	101	[2]	νεῦρα	_	_
1.10	102	[3]	.	b	_
1.10	103	[1]	πέρατα	_	_
1.10	104	[1]	δ	_	_
1.10	105	[4]	’	b	_
1.10	106	[1]	ἐστὶ	_	_
1.10	107	[1]	ταῦτα	_	_
1.10	108	[1]	τῶν	_	_
1.10	109	[1]	ἐπὶ	_	_
1.10	110	[1]	τοῖς	_	_
1.10	111	[1]	στόμασι	_	_
1.10	112	[2]	τῆς	_	_
1.10	113	[1]	καρδίας	_	_
1.10	114	[1]	ὑμένων	_	_
1.10	115	[11]	,	b	_
1.10	116	[1]	ὑπὲρ	_	_
1.10	117	[1]	ὧν	_	_
1.10	118	[1]	Ἐρασίστρατος	_	_
1.10	119	[2]	μὲν	_	_
1.10	120	[1]	ἀκριβῶς	_	_
1.10	121	[1]	ἔγραψεν	_	_
1.10	122	[12]	,	b	_
1.10	123	[1]	Ἡρόφιλος	_	_
1.10	124	[2]	δ	_	_
1.10	125	[5]	’	b	_
1.10	126	[1]	ἀμελῶς	_	_
1.10	127	[4]	.	b	_
1.10	128	[1]	συμφύονται	_	_
1.10	129	[3]	δὲ	_	_
1.10	130	[4]	καὶ	_	_
1.10	131	[1]	συνδοῦνται	_	_
1.10	132	[1]	δι	_	_
1.10	133	[6]	’	b	_
1.10	134	[1]	αὐτῶν	_	_
1.10	135	[2]	πρὸς	_	_
1.10	136	[2]	τὴν	_	_
1.10	137	[2]	καρδίαν	_	_
1.10	138	[1]	οἱ	_	_
1.10	139	[1]	ὑμένες	_	_
1.10	140	[1]	οὗτοι	_	_
1.10	141	[13]	,	b	_
1.10	142	[5]	καὶ	_	_
1.10	143	[2]	ἡ	_	_
1.10	144	[1]	χρεία	_	_
1.10	145	[1]	γε	_	_
1.10	146	[1]	κατὰ	_	_
1.10	147	[2]	τοὺς	_	_
1.10	148	[1]	συνδέσμους	_	_
1.10	149	[1]	αὐτοῖς	_	_
1.10	150	[14]	,	b	_
1.10	151	[2]	οὐ	_	_
1.10	152	[2]	κατὰ	_	_
1.10	153	[1]	τὰ	_	_
1.10	154	[3]	νεῦρα	_	_
1.10	155	[5]	.	b	_
1.10	156	[3]	ἀλλ	_	_
1.10	157	[7]	’	b	_
1.10	158	[1]	εἰ	_	_
1.10	159	[6]	καὶ	_	_
1.10	160	[1]	νεῦρά	_	_
1.10	161	[2]	τις	_	_
1.10	162	[1]	εἶναι	_	_
1.10	163	[1]	συγχωρήσειεν	_	_
1.10	164	[1]	αὐτὰ	_	_
1.10	165	[15]	,	b	_
1.10	166	[7]	καὶ	_	_
1.10	167	[1]	μὴ	_	_
1.10	168	[1]	νευρώδη	_	_
1.10	169	[1]	σώματα	_	_
1.10	170	[16]	,	b	_
1.10	171	[1]	τό	_	_
1.10	172	[2]	γε	_	_
1.10	173	[3]	τὴν	_	_
1.10	174	[3]	καρδίαν	_	_
1.10	175	[1]	ὑπάρχειν	_	_
1.10	176	[2]	νεύρων	_	_
1.10	177	[1]	ἀρχὴν	_	_
1.10	178	[2]	οὐκ	_	_
1.10	179	[1]	ἐξ	_	_
1.10	180	[1]	ἀνάγκης	_	_
1.10	181	[1]	ἕπεται	_	_
1.10	182	[17]	,	b	_
1.10	183	[2]	μὴ	_	_
1.10	184	[1]	δυναμένων	_	_
1.10	185	[1]	ἡμῶν	_	_
1.10	186	[1]	ἐπιδεῖξαι	_	_
1.10	187	[1]	μηδὲν	_	_
1.10	188	[1]	νεῦρον	_	_
1.10	189	[2]	εἰς	_	_
1.10	190	[2]	μηδὲν	_	_
1.10	191	[1]	μόριον	_	_
1.10	192	[1]	τοῦ	_	_
1.10	193	[1]	σώματος	_	_
1.10	194	[2]	ἀπ	_	_
1.10	195	[8]	’	b	_
1.10	196	[1]	αὐτῆς	_	_
1.10	197	[1]	φερόμενον	_	_
1.10	198	[18]	,	b	_
1.10	199	[2]	ὡς	_	_
1.10	200	[2]	ἔμπροσθεν	_	_
1.10	201	[1]	ἐδείξαμεν	_	_
1.10	202	[3]	ἀπ	_	_
1.10	203	[9]	’	b	_
1.10	204	[2]	ἐγκεφάλου	_	_
1.10	205	[2]	τε	_	_
1.10	206	[8]	καὶ	_	_
1.10	207	[1]	νωτιαίου	_	_
1.10	208	[6]	.	b	_
1.10	209	[2]	δοκεῖ	_	_
1.10	210	[1]	δή	_	_
1.10	211	[1]	μοι	_	_
1.10	212	[1]	δύο	_	_
1.10	213	[3]	μὲν	_	_
1.10	214	[1]	ἐνταῦθα	_	_
1.10	215	[1]	ὑποθέμενος	_	_
1.10	216	[1]	ὀρθῶς	_	_
1.10	217	[2]	ὁ	_	_
1.10	218	[1]	Ἀριστοτέλης	_	_
1.10	219	[19]	,	b	_
1.10	220	[1]	ἓν	_	_
1.10	221	[4]	μὲν	_	_
1.10	222	[20]	,	b	_
1.10	223	[3]	ὡς	_	_
1.10	224	[1]	ἰσχύος	_	_
1.10	225	[1]	δεῖ	_	_
1.10	226	[1]	τινος	_	_
1.10	227	[3]	οὐκ	_	_
1.10	228	[1]	ἀγεννοῦς	_	_
1.10	229	[3]	εἰς	_	_
1.10	230	[2]	τὰς	_	_
1.10	231	[3]	κατὰ	_	_
1.10	232	[1]	προαίρεσιν	_	_
1.10	233	[1]	ἐνεργείας	_	_
1.10	234	[21]	,	b	_
1.10	235	[1]	ἕτερον	_	_
1.10	236	[3]	δ	_	_
1.10	237	[10]	’	b	_
1.10	238	[22]	,	b	_
1.10	239	[4]	ὡς	_	_
1.10	240	[1]	οὐδὲ	_	_
1.10	241	[1]	μιᾶς	_	_
1.10	242	[1]	τοιαύτης	_	_
1.10	243	[2]	ἰσχύος	_	_
1.10	244	[1]	ἐγκεφάλῳ	_	_
1.10	245	[1]	μέτεστιν	_	_
1.10	246	[23]	,	b	_
1.10	247	[1]	ἐπ	_	_
1.10	248	[11]	’	b	_
1.10	249	[2]	αὐτοῖς	_	_
1.10	250	[4]	δὲ	_	_
1.10	251	[1]	τρίτον	_	_
1.10	252	[2]	ἐξ	_	_
1.10	253	[1]	αἰσθήσεως	_	_
1.10	254	[1]	προσλαβὼν	_	_
1.10	255	[24]	,	b	_
1.10	256	[4]	τὸ	_	_
1.10	257	[3]	πλῆθος	_	_
1.10	258	[2]	τῶν	_	_
1.10	259	[1]	ἐν	_	_
1.10	260	[1]	τῇ	_	_
1.10	261	[1]	καρδίᾳ	_	_
1.10	262	[1]	νευρωδῶν	_	_
1.10	263	[1]	συνδέσμων	_	_
1.10	264	[25]	,	b	_
1.10	265	[4]	οὐκ	_	_
1.10	266	[1]	ἔθ	_	_
1.10	267	[12]	’	b	_
1.10	268	[1]	ὑπομεῖναι	_	_
1.10	269	[2]	περὶ	_	_
1.10	270	[4]	τὴν	_	_
1.10	271	[4]	κατὰ	_	_
1.10	272	[1]	μέρος	_	_
1.10	273	[1]	ἀνατομὴν	_	_
1.10	274	[1]	ἀσχοληθῆναι	_	_
1.10	275	[9]	καὶ	_	_
1.10	276	[1]	ζητῆσαι	_	_
1.10	277	[26]	,	b	_
1.10	278	[1]	πῶς	_	_
1.10	279	[4]	εἰς	_	_
1.10	280	[1]	ἕκαστον	_	_
1.10	281	[2]	τοῦ	_	_
1.10	282	[2]	σώματος	_	_
1.10	283	[2]	μόριον	_	_
1.10	284	[1]	ἐκ	_	_
1.10	285	[2]	καρδίας	_	_
1.10	286	[1]	ἀφικνεῖται	_	_
1.10	287	[2]	νεῦρον	_	_
1.10	288	[27]	,	b	_
1.10	289	[4]	ἀλλ	_	_
1.10	290	[13]	’	b	_
1.10	291	[5]	ὡς	_	_
1.10	292	[2]	ἄντικρυς	_	_
1.10	293	[1]	ἑπόμενον	_	_
1.10	294	[2]	ἐν	_	_
1.10	295	[1]	οἷς	_	_
1.10	296	[1]	εἶπον	_	_
1.10	297	[1]	ἀποφήνασθαι	_	_
1.10	298	[7]	.	b	_
1.10	299	[1]	πολλὰ	_	_
1.10	300	[2]	γὰρ	_	_
1.10	301	[1]	δὴ	_	_
1.10	302	[1]	τοιαῦτα	_	_
1.10	303	[10]	καὶ	_	_
1.10	304	[1]	παρὰ	_	_
1.10	305	[2]	τοῖς	_	_
1.10	306	[1]	ἰατροῖς	_	_
1.10	307	[1]	ἔστιν	_	_
1.10	308	[1]	εὑρεῖν	_	_
1.10	309	[1]	ἀνατομικὰ	_	_
1.10	310	[1]	θεωρήματα	_	_
1.10	311	[1]	μοχθηρῶς	_	_
1.10	312	[1]	γεγραμμένα	_	_
1.10	313	[28]	,	b	_
1.10	314	[3]	μὴ	_	_
1.10	315	[1]	βουληθέντων	_	_
1.10	316	[2]	αὐτῶν	_	_
1.10	317	[1]	ἀναμεῖναι	_	_
1.10	318	[5]	τὸ	_	_
1.10	319	[1]	φαινόμενον	_	_
1.10	320	[2]	ἐκ	_	_
1.10	321	[3]	τῆς	_	_
1.10	322	[2]	ἀνατομῆς	_	_
1.10	323	[29]	,	b	_
1.10	324	[5]	ἀλλ	_	_
1.10	325	[14]	’	b	_
1.10	326	[3]	ἐξ	_	_
1.10	327	[1]	ἀκολουθίας	_	_
1.10	328	[1]	μέν	_	_
1.10	329	[2]	τινος	_	_
1.10	330	[1]	ἐλπισάντων	_	_
1.10	331	[6]	ὡς	_	_
1.10	332	[1]	ἑωρακότων	_	_
1.10	333	[8]	.	b	_
1.10	334	[1]	οὕτω	_	_
1.10	335	[2]	δή	_	_
1.10	336	[2]	μοι	_	_
1.10	337	[11]	καὶ	_	_
1.10	338	[3]	ὁ	_	_
1.10	339	[2]	Ἀριστοτέλης	_	_
1.10	340	[1]	ἐσφάλθαι	_	_
1.10	341	[1]	φαίνεται	_	_
1.10	342	[30]	,	b	_
1.10	343	[2]	δύο	_	_
1.10	344	[5]	μὲν	_	_
1.10	345	[1]	ἀληθῆ	_	_
1.10	346	[1]	θέμενος	_	_
1.10	347	[1]	λήμματα	_	_
1.10	348	[31]	,	b	_
1.10	349	[6]	τὸ	_	_
1.10	350	[5]	δὲ	_	_
1.10	351	[2]	τρίτον	_	_
1.10	352	[1]	ἐγγὺς	_	_
1.10	353	[1]	ἀληθείας	_	_
1.10	354	[1]	πιθανόν	_	_
1.10	355	[9]	.	b	_
1.10	356	[2]	ἀληθῆ	_	_
1.10	357	[6]	μὲν	_	_
1.10	358	[2]	οὖν	_	_
1.10	359	[1]	εἶναί	_	_
1.10	360	[1]	φημι	_	_
1.10	361	[2]	τό	_	_
1.10	362	[3]	τε	_	_
1.10	363	[1]	δεῖν	_	_
1.10	364	[3]	ἰσχύος	_	_
1.10	365	[1]	τινὸς	_	_
1.10	366	[3]	τοῖς	_	_
1.10	367	[1]	κινήσουσιν	_	_
1.10	368	[1]	ὀργάνοις	_	_
1.10	369	[2]	τὰ	_	_
1.10	370	[3]	τοῦ	_	_
1.10	371	[1]	ζώου	_	_
1.10	372	[1]	μέλη	_	_
1.10	373	[32]	,	b	_
1.10	374	[12]	καὶ	_	_
1.10	375	[7]	τὸ	_	_
1.10	376	[3]	μηδὲν	_	_
1.10	377	[4]	ἀπ	_	_
1.10	378	[15]	’	b	_
1.10	379	[3]	ἐγκεφάλου	_	_
1.10	380	[1]	φαίνεσθαι	_	_
1.10	381	[1]	τοιοῦτον	_	_
1.10	382	[33]	,	b	_
1.10	383	[1]	πιθανὸν	_	_
1.10	384	[6]	δὲ	_	_
1.10	385	[34]	,	b	_
1.10	386	[5]	οὐκ	_	_
1.10	387	[1]	ἀληθὲς	_	_
1.10	388	[35]	,	b	_
1.10	389	[7]	ὡς	_	_
1.10	390	[3]	ἐν	_	_
1.10	391	[2]	τῇ	_	_
1.10	392	[2]	καρδίᾳ	_	_
1.10	393	[4]	πλῆθος	_	_
1.10	394	[1]	εἴη	_	_
1.10	395	[3]	νεύρων	_	_
1.10	396	[10]	.	b	_
1.10	397	[6]	ἀλλ	_	_
1.10	398	[16]	’	b	_
1.10	399	[1]	ἡμεῖς	_	_
1.10	400	[3]	γε	_	_
1.10	401	[1]	δεῖξαι	_	_
1.10	402	[1]	δυνάμεθα	_	_
1.10	403	[8]	τὸ	_	_
1.10	404	[1]	καλῶς	_	_
1.10	405	[7]	μὲν	_	_
1.10	406	[1]	ὑπ	_	_
1.10	407	[17]	’	b	_
1.10	408	[1]	αὐτοῦ	_	_
1.10	409	[1]	τῷ	_	_
1.10	410	[1]	λόγῳ	_	_
1.10	411	[1]	γνωσθὲν	_	_
1.10	412	[1]	ὄργανον	_	_
1.10	413	[36]	,	b	_
1.10	414	[1]	ὑφ	_	_
1.10	415	[18]	’	b	_
1.10	416	[1]	οὗ	_	_
1.10	417	[1]	χρὴ	_	_
1.10	418	[1]	κινεῖσθαι	_	_
1.10	419	[3]	τὰ	_	_
1.10	420	[4]	τοῦ	_	_
1.10	421	[2]	ζώου	_	_
1.10	422	[2]	μέλη	_	_
1.10	423	[37]	,	b	_
1.10	424	[1]	διότι	_	_
1.10	425	[4]	δ	_	_
1.10	426	[19]	’	b	_
1.10	427	[1]	ἠμέλησε	_	_
1.10	428	[2]	ζητῆσαι	_	_
1.10	429	[5]	κατὰ	_	_
1.10	430	[3]	τὰς	_	_
1.10	431	[1]	ἀνατομὰς	_	_
1.10	432	[1]	αὐτὸ	_	_
1.10	433	[38]	,	b	_
1.10	434	[1]	διὰ	_	_
1.10	435	[1]	τοῦτ	_	_
1.10	436	[20]	’	b	_
1.10	437	[1]	ἐκφεύγοντος	_	_
1.10	438	[5]	τὴν	_	_
1.10	439	[2]	διὰ	_	_
1.10	440	[3]	τῶν	_	_
1.10	441	[1]	αἰσθήσεων	_	_
1.10	442	[1]	εὕρεσιν	_	_
1.10	443	[39]	,	b	_
1.10	444	[1]	ἄγνωστόν	_	_
1.10	445	[4]	τε	_	_
1.10	446	[1]	μεῖναν	_	_
1.10	447	[1]	τἀνδρί	_	_
1.10	448	[11]	.	b	_
1.10	449	[4]	τῶν	_	_
1.10	450	[8]	μὲν	_	_
1.10	451	[3]	γὰρ	_	_
1.10	452	[4]	νεύρων	_	_
1.10	453	[1]	οὐδέν	_	_
1.10	454	[2]	ἐστι	_	_
1.10	455	[2]	τοιοῦτον	_	_
1.10	456	[40]	,	b	_
1.10	457	[2]	οἱ	_	_
1.10	458	[7]	δὲ	_	_
1.10	459	[1]	ὀνομαζόμενοι	_	_
1.10	460	[1]	μύες	_	_
1.10	461	[1]	ὑποδεχόμενοι	_	_
1.10	462	[2]	ταῦτα	_	_
1.10	463	[1]	κινοῦσι	_	_
1.10	464	[4]	τὰ	_	_
1.10	465	[3]	μέλη	_	_
1.10	466	[12]	.	b	_
1.10	467	[13]	καὶ	_	_
1.10	468	[1]	δόξειεν	_	_
1.10	469	[1]	ἂν	_	_
1.10	470	[1]	οἷον	_	_
1.10	471	[1]	μοχλοῦ	_	_
1.10	472	[3]	τινος	_	_
1.10	473	[1]	ἔχειν	_	_
1.10	474	[1]	δύναμιν	_	_
1.10	475	[4]	ὁ	_	_
1.10	476	[1]	μῦς	_	_
1.10	477	[8]	ὡς	_	_
1.10	478	[3]	πρὸς	_	_
1.10	479	[9]	τὸ	_	_
1.10	480	[3]	νεῦρον	_	_
1.10	481	[13]	.	b	_
1.10	482	[2]	ὥσπερ	_	_
1.10	483	[4]	γὰρ	_	_
1.10	484	[41]	,	b	_
1.10	485	[1]	ὅσα	_	_
1.10	486	[1]	ταῖς	_	_
1.10	487	[1]	χερσὶν	_	_
1.10	488	[1]	οὐχ	_	_
1.10	489	[1]	οἷοί	_	_
1.10	490	[1]	τ	_	_
1.10	491	[21]	’	b	_
1.10	492	[1]	ἐσμὲν	_	_
1.10	493	[1]	κινῆσαι	_	_
1.10	494	[1]	βάρη	_	_
1.10	495	[42]	,	b	_
1.10	496	[3]	διὰ	_	_
1.10	497	[5]	τῶν	_	_
1.10	498	[1]	μοχλῶν	_	_
1.10	499	[2]	αὐτὰ	_	_
1.10	500	[1]	κινοῦμεν	_	_
1.10	501	[43]	,	b	_
1.10	502	[2]	οὕτω	_	_
1.10	503	[14]	καὶ	_	_
1.10	504	[5]	τὰ	_	_
1.10	505	[5]	τοῦ	_	_
1.10	506	[3]	σώματος	_	_
1.10	507	[4]	μέλη	_	_
1.10	508	[4]	τοῖς	_	_
1.10	509	[1]	νεύροις	_	_
1.10	510	[1]	ἀδυνατοῦντες	_	_
1.10	511	[1]	κινεῖν	_	_
1.10	512	[3]	τοὺς	_	_
1.10	513	[2]	μῦς	_	_
1.10	514	[1]	προσεκτησάμεθα	_	_
1.10	515	[14]	.	b	_
1.10	516	[1]	λυόμενον	_	_
1.10	517	[5]	γὰρ	_	_
1.10	518	[5]	εἰς	_	_
1.10	519	[1]	ἶνας	_	_
1.10	520	[4]	ἐν	_	_
1.10	521	[1]	ἑκάστῳ	_	_
1.10	522	[1]	μυῒ	_	_
1.10	523	[10]	τὸ	_	_
1.10	524	[4]	νεῦρον	_	_
1.10	525	[1]	ἀναμίγνυταί	_	_
1.10	526	[5]	τε	_	_
1.10	527	[15]	καὶ	_	_
1.10	528	[1]	διαπλέκεται	_	_
1.10	529	[2]	ταῖς	_	_
1.10	530	[3]	ἐκ	_	_
1.10	531	[6]	τῶν	_	_
1.10	532	[1]	συνδεσμῶν	_	_
1.10	533	[1]	ἰσὶν	_	_
1.10	534	[44]	,	b	_
1.10	535	[1]	εἶτ	_	_
1.10	536	[22]	’	b	_
1.10	537	[4]	ἐξ	_	_
1.10	538	[1]	ἀμφοῖν	_	_
1.10	539	[1]	ἕν	_	_
1.10	540	[1]	τι	_	_
1.10	541	[1]	νευρῶδες	_	_
1.10	542	[1]	σῶμα	_	_
1.10	543	[1]	γεννηθὲν	_	_
1.10	544	[1]	ἐκφύεται	_	_
1.10	545	[6]	τοῦ	_	_
1.10	546	[4]	σώματος	_	_
1.10	547	[7]	τοῦ	_	_
1.10	548	[1]	μυὸς	_	_
1.10	549	[5]	ὁ	_	_
1.10	550	[1]	προσαγορευόμενος	_	_
1.10	551	[1]	τένων	_	_
1.10	552	[1]	·	b	_
1.10	553	[2]	οὕτως	_	_
1.10	554	[6]	γὰρ	_	_
1.10	555	[2]	οὐχ	_	_
1.10	556	[1]	Ἱπποκράτης	_	_
1.10	557	[1]	μόνον	_	_
1.10	558	[45]	,	b	_
1.10	559	[1]	ἀλλὰ	_	_
1.10	560	[16]	καὶ	_	_
1.10	561	[1]	Ὅμηρος	_	_
1.10	562	[1]	αὐτὸν	_	_
1.10	563	[1]	ὀνομάζουσιν	_	_
1.10	564	[15]	.	b	_
1.10	565	[1]	ὅστις	_	_
1.10	566	[2]	τένων	_	_
1.10	567	[1]	ὀργάνων	_	_
1.10	568	[1]	ἐκφυόμενος	_	_
1.10	569	[1]	ἀνάλογον	_	_
1.10	570	[1]	ἕξει	_	_
1.10	571	[2]	τῷ	_	_
1.10	572	[8]	τοῦ	_	_
1.10	573	[2]	μοχλοῦ	_	_
1.10	574	[1]	πέρατι	_	_
1.10	575	[3]	τῷ	_	_
1.10	576	[1]	ψαύοντι	_	_
1.10	577	[7]	τῶν	_	_
1.10	578	[1]	βαρῶν	_	_
1.10	579	[16]	.	b	_
1.10	580	[1]	οὐδ	_	_
1.10	581	[23]	’	b	_
1.10	582	[2]	ἔστιν	_	_
1.10	583	[1]	οὐδὲν	_	_
1.10	584	[2]	εὑρεῖν	_	_
1.10	585	[5]	ἐν	_	_
1.10	586	[4]	τῷ	_	_
1.10	587	[1]	σώματι	_	_
1.10	588	[1]	μέλος	_	_
1.10	589	[46]	,	b	_
1.10	590	[1]	ὃ	_	_
1.10	591	[6]	κατὰ	_	_
1.10	592	[9]	μὲν	_	_
1.10	593	[6]	τὴν	_	_
1.10	594	[1]	ἡμετέραν	_	_
1.10	595	[1]	κινεῖται	_	_
1.10	596	[2]	προαίρεσιν	_	_
1.10	597	[47]	,	b	_
1.10	598	[3]	οὐ	_	_
1.10	599	[1]	προτέτακται	_	_
1.10	600	[5]	δ	_	_
1.10	601	[24]	’	b	_
1.10	602	[2]	αὐτοῦ	_	_
1.10	603	[3]	τις	_	_
1.10	604	[3]	μῦς	_	_
1.10	605	[5]	ἀπ	_	_
1.10	606	[25]	’	b	_
1.10	607	[4]	ἐγκεφάλου	_	_
1.10	608	[1]	δεχόμενος	_	_
1.10	609	[5]	νεῦρον	_	_
1.10	610	[17]	.	b	_
1.10	611	[2]	ὅστις	_	_
1.10	612	[8]	δὲ	_	_
1.10	613	[17]	καὶ	_	_
1.10	614	[3]	περὶ	_	_
1.10	615	[1]	τοῦδε	_	_
1.10	616	[1]	πεισθῆναι	_	_
1.10	617	[1]	ἐθέλοι	_	_
1.10	618	[1]	βεβαίως	_	_
1.10	619	[48]	,	b	_
1.10	620	[1]	τούτῳ	_	_
1.10	621	[1]	γέγραπται	_	_
1.10	622	[4]	πρὸς	_	_
1.10	623	[2]	ἡμῶν	_	_
1.10	624	[1]	ὑπομνήματα	_	_
1.10	625	[3]	δύο	_	_
1.10	626	[49]	,	b	_
1.10	627	[7]	κατὰ	_	_
1.10	628	[1]	μόνας	_	_
1.10	629	[1]	ἑκάτερον	_	_
1.10	630	[50]	,	b	_
1.10	631	[2]	ἓν	_	_
1.10	632	[10]	μὲν	_	_
1.10	633	[51]	,	b	_
1.10	634	[1]	ἅπαντας	_	_
1.10	635	[4]	τοὺς	_	_
1.10	636	[4]	μῦς	_	_
1.10	637	[52]	,	b	_
1.10	638	[1]	ὁποία	_	_
1.10	639	[2]	τ	_	_
1.10	640	[26]	’	b	_
1.10	641	[1]	ἐστὶν	_	_
1.10	642	[1]	ἐνέργεια	_	_
1.10	643	[1]	καθ	_	_
1.10	644	[27]	’	b	_
1.10	645	[2]	ἕκαστον	_	_
1.10	646	[53]	,	b	_
1.10	647	[2]	ἀκριβῶς	_	_
1.10	648	[1]	διδάσκον	_	_
1.10	649	[54]	,	b	_
1.10	650	[2]	ἕτερον	_	_
1.10	651	[9]	δὲ	_	_
1.10	652	[55]	,	b	_
1.10	653	[7]	τὴν	_	_
1.10	654	[8]	τῶν	_	_
1.10	655	[5]	νεύρων	_	_
1.10	656	[6]	εἰς	_	_
1.10	657	[1]	αὐτοὺς	_	_
1.10	658	[1]	νομὴν	_	_
1.10	659	[1]	διηγούμενον	_	_
1.10	660	[18]	.	b	_
1.10	661	[4]	οὐ	_	_
1.10	662	[1]	μὴν	_	_
1.10	663	[2]	ἀλλὰ	_	_
1.10	664	[18]	καὶ	_	_
1.10	665	[6]	ἐν	_	_
1.10	666	[3]	ταῖς	_	_
1.10	667	[1]	ἀνατομικαῖς	_	_
1.10	668	[1]	ἐγχειρήσεσι	_	_
1.10	669	[19]	καὶ	_	_
1.10	670	[5]	τοῖς	_	_
1.10	671	[4]	περὶ	_	_
1.10	672	[1]	χρείας	_	_
1.10	673	[1]	μορίων	_	_
1.10	674	[1]	ὑπομνήμασιν	_	_
1.10	675	[2]	ἐπὶ	_	_
1.10	676	[1]	πλέον	_	_
1.10	677	[2]	ὑπὲρ	_	_
1.10	678	[1]	ἁπάντων	_	_
1.10	679	[1]	τούτων	_	_
1.10	680	[1]	διέξιμεν	_	_
1.10	681	[19]	.	b	_
1.10	682	[1]	ὥστ	_	_
1.10	683	[28]	’	b	_
1.10	684	[1]	οὐδενὸς	_	_
1.10	685	[1]	ἔτι	_	_
1.10	686	[1]	προσδεῖν	_	_
1.10	687	[1]	ἡμῖν	_	_
1.10	688	[1]	ἔοικεν	_	_
1.10	689	[56]	,	b	_
1.10	690	[7]	ἀλλ	_	_
1.10	691	[29]	’	b	_
1.10	692	[1]	ὁμολογουμένως	_	_
1.10	693	[1]	ἑαυτῷ	_	_
1.10	694	[6]	τε	_	_
1.10	695	[20]	καὶ	_	_
1.10	696	[6]	τοῖς	_	_
1.10	697	[2]	ἐναργῶς	_	_
1.10	698	[1]	φαινομένοις	_	_
1.10	699	[1]	ὑπάρχει	_	_
1.10	700	[1]	πᾶσιν	_	_
1.10	701	[2]	ἀρχὴν	_	_
1.10	702	[9]	τῶν	_	_
1.10	703	[6]	νεύρων	_	_
1.10	704	[1]	ἐγκέφαλον	_	_
1.10	705	[1]	τιθέμενος	_	_
1.10	706	[20]	.	b	_
1.10	707	[3]	οὕτω	_	_
1.10	708	[10]	δὲ	_	_
1.10	709	[21]	καὶ	_	_
1.10	710	[10]	τῶν	_	_
1.10	711	[1]	ἀρτηριῶν	_	_
1.10	712	[1]	ἐπεδείξαμεν	_	_
1.10	713	[3]	ἀρχὴν	_	_
1.10	714	[1]	ὑπάρχουσαν	_	_
1.10	715	[8]	τὴν	_	_
1.10	716	[4]	καρδίαν	_	_
1.10	717	[21]	.	b	_
1.10	718	[1]	ὅτι	_	_
1.10	719	[11]	δὲ	_	_
1.10	720	[22]	καὶ	_	_
1.10	721	[11]	τῶν	_	_
1.10	722	[1]	φλεβῶν	_	_
1.10	723	[1]	ἀρχὴ	_	_
1.10	724	[11]	τὸ	_	_
1.10	725	[1]	ἧπάρ	_	_
1.10	726	[1]	ἐστιν	_	_
1.10	727	[57]	,	b	_
1.10	728	[7]	ἐν	_	_
1.10	729	[7]	τοῖς	_	_
1.10	730	[1]	ἐφεξῆς	_	_
1.10	731	[1]	ἀποδειχθήσεται	_	_
1.10	732	[22]	.	b	_
1.10	733	[1]	ἐνταῦθ	_	_
1.10	734	[30]	’	b	_
1.10	735	[3]	οὖν	_	_
1.10	736	[1]	ἤδη	_	_
1.10	737	[1]	καταπαύσας	_	_
1.10	738	[12]	τὸ	_	_
1.10	739	[1]	πρῶτον	_	_
1.10	740	[1]	βιβλίον	_	_
1.10	741	[58]	,	b	_
1.10	742	[3]	ἐπὶ	_	_
1.10	743	[6]	τὰ	_	_
1.10	744	[1]	συνεχῆ	_	_
1.10	745	[8]	τοῖς	_	_
1.10	746	[1]	ἀποδεδειγμένοις	_	_
1.10	747	[8]	ἐν	_	_
1.10	748	[1]	αὐτῷ	_	_
1.10	749	[8]	κατὰ	_	_
1.10	750	[13]	τὸ	_	_
1.10	751	[1]	δεύτερον	_	_
1.10	752	[1]	τρέψομαι	_	_
1.10	753	[23]	.	b	_
2.1	1	[1]	ΓΑΛΗΝΟΥ	_	_
2.1	2	[1]	ΠΕΡΙ	_	_
2.1	3	[1]	ΤΩΝ	_	_
2.1	4	[1]	ΚΑΘ	_	_
2.1	5	[1]	’	b	_
2.1	6	[1]	ΙΠΠΟΚΡΑΤΗΝ	_	_
2.1	7	[1]	ΚΑΙ	_	_
2.1	8	[1]	ΠΛΑΤΩΝΑ	_	_
2.1	9	[1]	ΔΟΓΜΑΤΩΝ	_	_
2.1	10	[1]	ΒΙΒΛΙΟΝ	_	_
2.1	11	[1]	ΔΕΥΤΕΡΟΝ	_	_
2.1	12	[1]	.	b	_
2.1	13	[1]	Περὶ	_	_
2.1	14	[1]	τῶν	_	_
2.1	15	[1]	Ἱπποκράτους	_	_
2.1	16	[1]	καὶ	_	_
2.1	17	[1]	Πλάτωνος	_	_
2.1	18	[1]	δογμάτων	_	_
2.1	19	[1]	ἐπισκέψασθαι	_	_
2.1	20	[1]	προθέμενος	_	_
2.1	21	[1]	ἀπὸ	_	_
2.1	22	[1]	τοῦ	_	_
2.1	23	[1]	πρώτου	_	_
2.1	24	[1]	κατὰ	_	_
2.1	25	[1]	τὴν	_	_
2.1	26	[1]	δύναμιν	_	_
2.1	27	[1]	ὑπηρξάμην	_	_
2.1	28	[1]	,	b	_
2.1	29	[1]	ᾧ	_	_
2.1	30	[2]	καὶ	_	_
2.1	31	[1]	τἄλλα	_	_
2.1	32	[1]	σχεδὸν	_	_
2.1	33	[1]	ἅπαντα	_	_
2.1	34	[1]	τὰ	_	_
2.1	35	[2]	κατὰ	_	_
2.1	36	[1]	μέρος	_	_
2.1	37	[1]	ἀκολουθεῖν	_	_
2.1	38	[1]	ἔδειξα	_	_
2.1	39	[2]	.	b	_
2.1	40	[1]	τοῦτο	_	_
2.1	41	[1]	δέ	_	_
2.1	42	[1]	ἐστι	_	_
2.1	43	[2]	τὰ	_	_
2.1	44	[1]	περὶ	_	_
2.1	45	[2]	τῶν	_	_
2.1	46	[1]	διοικουσῶν	_	_
2.1	47	[1]	ἡμᾶς	_	_
2.1	48	[1]	δυνάμεων	_	_
2.1	49	[2]	,	b	_
2.1	50	[1]	ὁπόσαι	_	_
2.1	51	[1]	τέ	_	_
2.1	52	[1]	εἰσι	_	_
2.1	53	[1]	τὸν	_	_
2.1	54	[1]	ἀριθμὸν	_	_
2.1	55	[3]	,	b	_
2.1	56	[1]	ὁποία	_	_
2.1	57	[2]	τέ	_	_
2.1	58	[1]	τις	_	_
2.1	59	[1]	ἑκάστη	_	_
2.1	60	[4]	,	b	_
2.1	61	[3]	καὶ	_	_
2.1	62	[1]	τόπον	_	_
2.1	63	[1]	ὅντιν	_	_
2.1	64	[2]	’	b	_
2.1	65	[1]	ἐν	_	_
2.1	66	[1]	τῷ	_	_
2.1	67	[1]	ζώῳ	_	_
2.1	68	[1]	κατείληφεν	_	_
2.1	69	[3]	.	b	_
2.1	70	[1]	ἠξίουν	_	_
2.1	71	[1]	τε	_	_
2.1	72	[1]	μηδὲν	_	_
2.1	73	[1]	οὕτω	_	_
2.1	74	[1]	φυλάττεσθαι	_	_
2.1	75	[3]	κατὰ	_	_
2.1	76	[2]	τὸν	_	_
2.1	77	[1]	λόγον	_	_
2.1	78	[5]	,	b	_
2.1	79	[1]	ὡς	_	_
2.1	80	[1]	τὸ	_	_
2.1	81	[1]	τοῖς	_	_
2.1	82	[1]	ἐναργῶς	_	_
2.1	83	[1]	φαινομένοις	_	_
2.1	84	[1]	ἐναντία	_	_
2.1	85	[1]	τίθεσθαι	_	_
2.1	86	[6]	,	b	_
2.1	87	[1]	καθάπερ	_	_
2.1	88	[1]	οἵ	_	_
2.1	89	[2]	τε	_	_
2.1	90	[2]	μηδὲν	_	_
2.1	91	[1]	ἄλογον	_	_
2.1	92	[1]	ζῶον	_	_
2.1	93	[1]	ἐπιθυμεῖν	_	_
2.1	94	[1]	ἢ	_	_
2.1	95	[1]	θυμοῦσθαι	_	_
2.1	96	[1]	φάσκοντες	_	_
2.1	97	[7]	,	b	_
2.1	98	[2]	οἵ	_	_
2.1	99	[3]	τε	_	_
2.1	100	[2]	τὴν	_	_
2.1	101	[1]	ἀρχὴν	_	_
2.1	102	[3]	τῶν	_	_
2.1	103	[1]	νεύρων	_	_
2.1	104	[1]	ὑπάρχειν	_	_
2.1	105	[2]	ἐν	_	_
2.1	106	[1]	τῇ	_	_
2.1	107	[1]	καρδίᾳ	_	_
2.1	108	[4]	.	b	_
2.1	109	[1]	ἀποτετόλμηται	_	_
2.1	110	[1]	γὰρ	_	_
2.1	111	[2]	ἅπαντα	_	_
2.1	112	[3]	τὰ	_	_
2.1	113	[1]	τοιαῦτα	_	_
2.1	114	[1]	πρὸς	_	_
2.1	115	[1]	ἀνθρώπων	_	_
2.1	116	[1]	ἀνατρέψαι	_	_
2.1	117	[1]	φιλονεικούντων	_	_
2.1	118	[8]	,	b	_
2.1	119	[1]	ὅσα	_	_
2.1	120	[1]	καλῶς	_	_
2.1	121	[1]	εἴρηται	_	_
2.1	122	[2]	τοῖς	_	_
2.1	123	[1]	παλαιοῖς	_	_
2.1	124	[9]	,	b	_
2.1	125	[1]	ὑπὲρ	_	_
2.1	126	[2]	τοῦ	_	_
2.1	127	[1]	νεωτέραν	_	_
2.1	128	[1]	αἵρεσιν	_	_
2.1	129	[1]	ἰδίαν	_	_
2.1	130	[1]	συστήσασθαι	_	_
2.1	131	[5]	.	b	_
2.1	132	[4]	τὰ	_	_
2.1	133	[1]	μὲν	_	_
2.1	134	[1]	οὖν	_	_
2.1	135	[2]	τοιαῦτα	_	_
2.1	136	[4]	τῶν	_	_
2.1	137	[1]	ψευσμάτων	_	_
2.1	138	[3]	ἐν	_	_
2.1	139	[2]	τῷ	_	_
2.1	140	[1]	πρώτῳ	_	_
2.1	141	[1]	βιβλίῳ	_	_
2.1	142	[1]	διήλεγξα	_	_
2.1	143	[1]	·	b	_
2.1	144	[1]	νυνὶ	_	_
2.1	145	[1]	δὲ	_	_
2.1	146	[1]	ἐπὶ	_	_
2.1	147	[1]	θάτερον	_	_
2.1	148	[1]	εἶδος	_	_
2.1	149	[1]	λόγων	_	_
2.1	150	[1]	ὧν	_	_
2.1	151	[1]	ποιοῦνται	_	_
2.1	152	[1]	ἔγνωκα	_	_
2.1	153	[1]	μεταβὰς	_	_
2.1	154	[1]	ἐπιδεῖξαι	_	_
2.1	155	[1]	σαφῶς	_	_
2.1	156	[10]	,	b	_
2.1	157	[1]	καθ	_	_
2.1	158	[3]	’	b	_
2.1	159	[1]	ὅσον	_	_
2.1	160	[1]	οἷός	_	_
2.1	161	[1]	τ	_	_
2.1	162	[4]	’	b	_
2.1	163	[1]	εἰμὶ	_	_
2.1	164	[11]	,	b	_
2.1	165	[1]	πῇ	_	_
2.1	166	[1]	ποτε	_	_
2.1	167	[1]	σφάλλονται	_	_
2.1	168	[6]	.	b	_
2.2	1	[1]	Διελέσθαι	_	_
2.2	2	[1]	δὲ	_	_
2.2	3	[1]	ἴσως	_	_
2.2	4	[1]	ἄμεινον	_	_
2.2	5	[1]	ἕνεκα	_	_
2.2	6	[1]	σαφηνείας	_	_
2.2	7	[1]	εὐθὺς	_	_
2.2	8	[1]	ἐν	_	_
2.2	9	[1]	ἀρχῇ	_	_
2.2	10	[1]	τοῦδε	_	_
2.2	11	[1]	τοῦ	_	_
2.2	12	[1]	γράμματος	_	_
2.2	13	[1]	,	b	_
2.2	14	[1]	ἥτις	_	_
2.2	15	[1]	ἐστὶν	_	_
2.2	16	[1]	ἡ	_	_
2.2	17	[1]	διαφορὰ	_	_
2.2	18	[1]	τῶν	_	_
2.2	19	[1]	λόγων	_	_
2.2	20	[2]	,	b	_
2.2	21	[1]	οἷς	_	_
2.2	22	[1]	χρῶνται	_	_
2.2	23	[1]	πάντες	_	_
2.2	24	[1]	οἱ	_	_
2.2	25	[1]	κακῶς	_	_
2.2	26	[1]	ὁτιοῦν	_	_
2.2	27	[1]	μεταχειριζόμενοι	_	_
2.2	28	[1]	πρόβλημα	_	_
2.2	29	[1]	.	b	_
2.2	30	[1]	φημὶ	_	_
2.2	31	[1]	δὴ	_	_
2.2	32	[2]	τῶν	_	_
2.2	33	[1]	λημμάτων	_	_
2.2	34	[3]	,	b	_
2.2	35	[1]	ἃ	_	_
2.2	36	[2]	ἕνεκα	_	_
2.2	37	[2]	τοῦ	_	_
2.2	38	[1]	συμπεράσματος	_	_
2.2	39	[1]	λαμβάνουσιν	_	_
2.2	40	[4]	,	b	_
2.2	41	[1]	τὰ	_	_
2.2	42	[1]	μὲν	_	_
2.2	43	[1]	ἄντικρυς	_	_
2.2	44	[1]	εἶναι	_	_
2.2	45	[1]	ψευδῆ	_	_
2.2	46	[5]	,	b	_
2.2	47	[2]	τὰ	_	_
2.2	48	[1]	δ	_	_
2.2	49	[1]	’	b	_
2.2	50	[1]	οὐκ	_	_
2.2	51	[1]	οἰκεῖα	_	_
2.2	52	[3]	τοῦ	_	_
2.2	53	[1]	προκειμένου	_	_
2.2	54	[1]	σκέμματος	_	_
2.2	55	[2]	.	b	_
2.2	56	[2]	ἄντικρυς	_	_
2.2	57	[2]	μὲν	_	_
2.2	58	[2]	ψευδῆ	_	_
2.2	59	[3]	τὰ	_	_
2.2	60	[1]	τοιαῦτα	_	_
2.2	61	[6]	,	b	_
2.2	62	[1]	περὶ	_	_
2.2	63	[1]	ὧν	_	_
2.2	64	[2]	ἐν	_	_
2.2	65	[1]	τῷ	_	_
2.2	66	[1]	πρώτῳ	_	_
2.2	67	[1]	βιβλίῳ	_	_
2.2	68	[1]	διῆλθον	_	_
2.2	69	[1]	ἐπὶ	_	_
2.2	70	[1]	πλέον	_	_
2.2	71	[7]	,	b	_
2.2	72	[1]	ὅταν	_	_
2.2	73	[1]	ἤτοι	_	_
2.2	74	[1]	μηδὲν	_	_
2.2	75	[3]	τῶν	_	_
2.2	76	[1]	ἀλόγων	_	_
2.2	77	[1]	ζώων	_	_
2.2	78	[1]	ἐπιθυμεῖν	_	_
2.2	79	[1]	τις	_	_
2.2	80	[1]	ἢ	_	_
2.2	81	[1]	θυμοῦσθαι	_	_
2.2	82	[1]	φάσκῃ	_	_
2.2	83	[8]	,	b	_
2.2	84	[1]	καθάπερ	_	_
2.2	85	[2]	οἱ	_	_
2.2	86	[1]	ἀπὸ	_	_
2.2	87	[1]	τῆς	_	_
2.2	88	[1]	στοᾶς	_	_
2.2	89	[9]	,	b	_
2.2	90	[2]	ἢ	_	_
2.2	91	[1]	πάλιν	_	_
2.2	92	[1]	ἐκ	_	_
2.2	93	[1]	καρδίας	_	_
2.2	94	[1]	πεφυκέναι	_	_
2.2	95	[4]	τὰ	_	_
2.2	96	[1]	νεῦρα	_	_
2.2	97	[3]	.	b	_
2.2	98	[5]	τὰ	_	_
2.2	99	[2]	δὲ	_	_
2.2	100	[1]	οὖν	_	_
2.2	101	[2]	οἰκεῖα	_	_
2.2	102	[4]	τῶν	_	_
2.2	103	[2]	λημμάτων	_	_
2.2	104	[1]	ὁπόσα	_	_
2.2	105	[1]	τὴν	_	_
2.2	106	[1]	φύσιν	_	_
2.2	107	[2]	ἐστὶν	_	_
2.2	108	[10]	,	b	_
2.2	109	[1]	εἴρηται	_	_
2.2	110	[3]	μὲν	_	_
2.2	111	[2]	ἐπὶ	_	_
2.2	112	[1]	πλεῖστον	_	_
2.2	113	[3]	ἐν	_	_
2.2	114	[1]	τοῖς	_	_
2.2	115	[2]	περὶ	_	_
2.2	116	[1]	ἀποδείξεως	_	_
2.2	117	[1]	ὑπομνήμασιν	_	_
2.2	118	[11]	,	b	_
2.2	119	[4]	ἐν	_	_
2.2	120	[2]	οἷς	_	_
2.2	121	[1]	ἅπασαν	_	_
2.2	122	[1]	ἐδήλωσα	_	_
2.2	123	[2]	τὴν	_	_
2.2	124	[1]	ἀποδεικτικὴν	_	_
2.2	125	[1]	μέθοδον	_	_
2.2	126	[1]	ὁποία	_	_
2.2	127	[1]	τίς	_	_
2.2	128	[1]	ἐστιν	_	_
2.2	129	[12]	,	b	_
2.2	130	[1]	παρεκάλουν	_	_
2.2	131	[1]	τε	_	_
2.2	132	[1]	διὰ	_	_
2.2	133	[4]	τοῦ	_	_
2.2	134	[1]	πρώτου	_	_
2.2	135	[1]	τῶνδε	_	_
2.2	136	[5]	τῶν	_	_
2.2	137	[1]	ὑπομνημάτων	_	_
2.2	138	[13]	,	b	_
2.2	139	[5]	ἐν	_	_
2.2	140	[1]	ἐκείνῃ	_	_
2.2	141	[1]	γυμνάσασθαι	_	_
2.2	142	[1]	πρότερον	_	_
2.2	143	[14]	,	b	_
2.2	144	[1]	ὅστις	_	_
2.2	145	[2]	ὁτιοῦν	_	_
2.2	146	[1]	ἀποδεικνύειν	_	_
2.2	147	[1]	ἐπιχειρεῖ	_	_
2.2	148	[4]	.	b	_
2.2	149	[1]	γεγράφθαι	_	_
2.2	150	[3]	δὲ	_	_
2.2	151	[1]	λέγω	_	_
2.2	152	[1]	ὑπὲρ	_	_
2.2	153	[1]	αὐτῆς	_	_
2.2	154	[1]	ἄριστα	_	_
2.2	155	[2]	τοῖς	_	_
2.2	156	[1]	παλαιοῖς	_	_
2.2	157	[1]	φιλοσόφοις	_	_
2.2	158	[3]	τοῖς	_	_
2.2	159	[3]	περὶ	_	_
2.2	160	[1]	Θεόφραστόν	_	_
2.2	161	[2]	τε	_	_
2.2	162	[1]	καὶ	_	_
2.2	163	[1]	Ἀριστοτέλην	_	_
2.2	164	[1]	κατὰ	_	_
2.2	165	[6]	τῶν	_	_
2.2	166	[1]	δευτέρων	_	_
2.2	167	[1]	ἀναλυτικῶν	_	_
2.2	168	[1]	βιβλίων	_	_
2.2	169	[5]	.	b	_
2.2	170	[2]	καὶ	_	_
2.2	171	[2]	διὰ	_	_
2.2	172	[1]	τοῦτο	_	_
2.2	173	[1]	πρὸς	_	_
2.2	174	[1]	ἐκείνους	_	_
2.2	175	[4]	μὲν	_	_
2.2	176	[1]	οὐδὲ	_	_
2.2	177	[1]	μακρὸν	_	_
2.2	178	[1]	ἔσεσθαι	_	_
2.2	179	[1]	τὸν	_	_
2.2	180	[1]	λόγον	_	_
2.2	181	[1]	ἐλπίζω	_	_
2.2	182	[4]	περὶ	_	_
2.2	183	[7]	τῶν	_	_
2.2	184	[1]	τριῶν	_	_
2.2	185	[1]	ἀρχῶν	_	_
2.2	186	[5]	τοῦ	_	_
2.2	187	[1]	ζώου	_	_
2.2	188	[6]	.	b	_
2.2	189	[6]	τὰ	_	_
2.2	190	[1]	γὰρ	_	_
2.2	191	[1]	ἰδιωτικά	_	_
2.2	192	[3]	τε	_	_
2.2	193	[3]	καὶ	_	_
2.2	194	[1]	ῥητορικὰ	_	_
2.2	195	[1]	λήμματα	_	_
2.2	196	[1]	αἰδοῦνται	_	_
2.2	197	[1]	παραλαμβάνειν	_	_
2.2	198	[1]	εἰς	_	_
2.2	199	[1]	ἀποδείξεις	_	_
2.2	200	[1]	ἐπιστημονικὰς	_	_
2.2	201	[15]	,	b	_
2.2	202	[2]	ὧν	_	_
2.2	203	[1]	πέπλησται	_	_
2.2	204	[7]	τὰ	_	_
2.2	205	[1]	Χρυσίππου	_	_
2.2	206	[1]	βιβλία	_	_
2.2	207	[16]	,	b	_
2.2	208	[1]	ποτὲ	_	_
2.2	209	[5]	μὲν	_	_
2.2	210	[1]	ἰδιώτας	_	_
2.2	211	[1]	ἐπικαλούμενα	_	_
2.2	212	[1]	μάρτυρας	_	_
2.2	213	[3]	ὧν	_	_
2.2	214	[1]	ὑποτίθεται	_	_
2.2	215	[3]	λημμάτων	_	_
2.2	216	[17]	,	b	_
2.2	217	[1]	ἔστι	_	_
2.2	218	[4]	δὲ	_	_
2.2	219	[1]	ὅτε	_	_
2.2	220	[1]	ποιητὰς	_	_
2.2	221	[18]	,	b	_
2.2	222	[3]	ἢ	_	_
2.2	223	[3]	τὴν	_	_
2.2	224	[1]	βελτίστην	_	_
2.2	225	[1]	ἐτυμολογίαν	_	_
2.2	226	[19]	,	b	_
2.2	227	[1]	ἤ	_	_
2.2	228	[1]	τι	_	_
2.2	229	[1]	ἄλλο	_	_
2.2	230	[1]	τοιοῦτον	_	_
2.2	231	[20]	,	b	_
2.2	232	[2]	ἃ	_	_
2.2	233	[1]	περαίνει	_	_
2.2	234	[6]	μὲν	_	_
2.2	235	[1]	οὐδὲν	_	_
2.2	236	[21]	,	b	_
2.2	237	[1]	ἀναλίσκει	_	_
2.2	238	[5]	δὲ	_	_
2.2	239	[4]	καὶ	_	_
2.2	240	[1]	κατατρίβει	_	_
2.2	241	[1]	μάτην	_	_
2.2	242	[1]	ἡμῶν	_	_
2.2	243	[2]	τὸν	_	_
2.2	244	[1]	χρόνον	_	_
2.2	245	[1]	αὐτὸ	_	_
2.2	246	[2]	τοῦτο	_	_
2.2	247	[1]	μόνον	_	_
2.2	248	[1]	ἐνδεικνυμένων	_	_
2.2	249	[1]	αὐτοῖς	_	_
2.2	250	[22]	,	b	_
2.2	251	[1]	ὡς	_	_
2.2	252	[2]	οὐκ	_	_
2.2	253	[1]	ἔστιν	_	_
2.2	254	[1]	ἐπιστημονικὰ	_	_
2.2	255	[8]	τὰ	_	_
2.2	256	[6]	τοῦ	_	_
2.2	257	[2]	συμπεράσματος	_	_
2.2	258	[2]	λήμματα	_	_
2.2	259	[23]	,	b	_
2.2	260	[1]	μετὰ	_	_
2.2	261	[1]	ταῦτα	_	_
2.2	262	[6]	δὲ	_	_
2.2	263	[5]	καὶ	_	_
2.2	264	[1]	συγκαταβαινόντων	_	_
2.2	265	[4]	τε	_	_
2.2	266	[6]	καὶ	_	_
2.2	267	[1]	συμπαλαιόντων	_	_
2.2	268	[2]	αὐτοῖς	_	_
2.2	269	[2]	ὑπὲρ	_	_
2.2	270	[7]	τοῦ	_	_
2.2	271	[1]	δεῖξαι	_	_
2.2	272	[7]	καὶ	_	_
2.2	273	[1]	τοὺς	_	_
2.2	274	[2]	ἰδιώτας	_	_
2.2	275	[8]	καὶ	_	_
2.2	276	[2]	τοὺς	_	_
2.2	277	[2]	ποιητὰς	_	_
2.2	278	[2]	οὐδὲν	_	_
2.2	279	[1]	ἧττον	_	_
2.2	280	[1]	ἡμῖν	_	_
2.2	281	[4]	ἢ	_	_
2.2	282	[1]	ἐκείνοις	_	_
2.2	283	[1]	μαρτυροῦντας	_	_
2.2	284	[24]	,	b	_
2.2	285	[1]	ἀλλ	_	_
2.2	286	[2]	’	b	_
2.2	287	[2]	ἔστιν	_	_
2.2	288	[2]	ὅτε	_	_
2.2	289	[9]	καὶ	_	_
2.2	290	[1]	μᾶλλον	_	_
2.2	291	[7]	.	b	_
2.2	292	[1]	οὕτω	_	_
2.2	293	[7]	δὲ	_	_
2.2	294	[10]	καὶ	_	_
2.2	295	[4]	τὴν	_	_
2.2	296	[2]	ἐτυμολογίαν	_	_
2.2	297	[25]	,	b	_
2.2	298	[1]	ἐπειδὰν	_	_
2.2	299	[1]	ἄγωμεν	_	_
2.2	300	[1]	μακροτέραν	_	_
2.2	301	[1]	σχολὴν	_	_
2.2	302	[26]	,	b	_
2.2	303	[1]	ἐπιδείκνυμεν	_	_
2.2	304	[3]	αὐτοῖς	_	_
2.2	305	[3]	οὐδὲν	_	_
2.2	306	[2]	μᾶλλον	_	_
2.2	307	[2]	ἐκείνοις	_	_
2.2	308	[1]	ἤπερ	_	_
2.2	309	[2]	ἡμῖν	_	_
2.2	310	[1]	μαρτυροῦσαν	_	_
2.2	311	[8]	.	b	_
2.2	312	[2]	ἀλλ	_	_
2.2	313	[3]	’	b	_
2.2	314	[1]	ὅτι	_	_
2.2	315	[7]	μὲν	_	_
2.2	316	[1]	ἀλαζών	_	_
2.2	317	[1]	ἐστι	_	_
2.2	318	[1]	μάρτυρ	_	_
2.2	319	[2]	ἡ	_	_
2.2	320	[1]	ἐτυμολογία	_	_
2.2	321	[27]	,	b	_
2.2	322	[1]	πολλάκις	_	_
2.2	323	[8]	μὲν	_	_
2.2	324	[1]	ὁμοίως	_	_
2.2	325	[1]	μαρτυροῦσα	_	_
2.2	326	[4]	τοῖς	_	_
2.2	327	[1]	τἀναντία	_	_
2.2	328	[1]	λέγουσι	_	_
2.2	329	[8]	τῶν	_	_
2.2	330	[1]	ἀληθῶν	_	_
2.2	331	[28]	,	b	_
2.2	332	[3]	οὐκ	_	_
2.2	333	[1]	ὀλιγάκις	_	_
2.2	334	[8]	δὲ	_	_
2.2	335	[5]	τοῖς	_	_
2.2	336	[1]	ψευδομένοις	_	_
2.2	337	[3]	μᾶλλον	_	_
2.2	338	[29]	,	b	_
2.2	339	[2]	ἤπερ	_	_
2.2	340	[6]	τοῖς	_	_
2.2	341	[1]	ἀληθεύουσιν	_	_
2.2	342	[30]	,	b	_
2.2	343	[6]	ἐν	_	_
2.2	344	[1]	ἑτέρᾳ	_	_
2.2	345	[1]	πραγματείᾳ	_	_
2.2	346	[1]	δέδεικταί	_	_
2.2	347	[1]	μοι	_	_
2.2	348	[2]	τῆς	_	_
2.2	349	[5]	περὶ	_	_
2.2	350	[1]	ὀνομάτων	_	_
2.2	351	[1]	ὀρθότητος	_	_
2.2	352	[31]	,	b	_
2.2	353	[1]	ἔνθα	_	_
2.2	354	[11]	καὶ	_	_
2.2	355	[6]	περὶ	_	_
2.2	356	[3]	τῆς	_	_
2.2	357	[1]	ἐγὼ	_	_
2.2	358	[1]	φωνῆς	_	_
2.2	359	[1]	ἐπέδειξα	_	_
2.2	360	[3]	τὸν	_	_
2.2	361	[1]	Χρύσιππον	_	_
2.2	362	[1]	ἐτυμολογοῦντα	_	_
2.2	363	[1]	ψευδῶς	_	_
2.2	364	[9]	.	b	_
2.2	365	[1]	τί	_	_
2.2	366	[9]	μὲν	_	_
2.2	367	[2]	οὖν	_	_
2.2	368	[1]	ἔτι	_	_
2.2	369	[1]	δεοίμην	_	_
2.2	370	[3]	ὑπὲρ	_	_
2.2	371	[9]	τῶν	_	_
2.2	372	[1]	αὐτῶν	_	_
2.2	373	[1]	ἐνταῦθα	_	_
2.2	374	[1]	διεξιέναι	_	_
2.2	375	[1]	;	b	_
2.2	376	[1]	Χρυσίππῳ	_	_
2.2	377	[10]	μὲν	_	_
2.2	378	[2]	γὰρ	_	_
2.2	379	[12]	καὶ	_	_
2.2	380	[3]	τοῦτο	_	_
2.2	381	[1]	φίλον	_	_
2.2	382	[32]	,	b	_
2.2	383	[1]	οὐ	_	_
2.2	384	[1]	δὶς	_	_
2.2	385	[5]	ἢ	_	_
2.2	386	[1]	τρὶς	_	_
2.2	387	[33]	,	b	_
2.2	388	[1]	ἀλλὰ	_	_
2.2	389	[13]	καὶ	_	_
2.2	390	[1]	τετράκις	_	_
2.2	391	[1]	ἐνίοτε	_	_
2.2	392	[14]	καὶ	_	_
2.2	393	[1]	πεντάκις	_	_
2.2	394	[4]	ὑπὲρ	_	_
2.2	395	[10]	τῶν	_	_
2.2	396	[2]	αὐτῶν	_	_
2.2	397	[7]	ἐν	_	_
2.2	398	[1]	διαφερούσαις	_	_
2.2	399	[1]	πραγματείαις	_	_
2.2	400	[1]	διέρχεσθαι	_	_
2.2	401	[1]	·	b	_
2.2	402	[1]	φυλάξαιτο	_	_
2.2	403	[9]	δὲ	_	_
2.2	404	[1]	ἄν	_	_
2.2	405	[2]	τις	_	_
2.2	406	[2]	αὐτὸ	_	_
2.2	407	[11]	τῶν	_	_
2.2	408	[1]	χρόνου	_	_
2.2	409	[1]	φειδομένων	_	_
2.2	410	[10]	.	b	_
2.2	411	[1]	ἅ	_	_
2.2	412	[2]	δ	_	_
2.2	413	[4]	’	b	_
2.2	414	[3]	οὖν	_	_
2.2	415	[5]	ὑπὲρ	_	_
2.2	416	[4]	τῆς	_	_
2.2	417	[2]	ἐγὼ	_	_
2.2	418	[2]	φωνῆς	_	_
2.2	419	[1]	ἔγραψεν	_	_
2.2	420	[8]	ἐν	_	_
2.2	421	[2]	τῷ	_	_
2.2	422	[2]	πρώτῳ	_	_
2.2	423	[7]	περὶ	_	_
2.2	424	[1]	ψυχῆς	_	_
2.2	425	[1]	ὁ	_	_
2.2	426	[1]	Χρύσιππος	_	_
2.2	427	[6]	ὑπὲρ	_	_
2.2	428	[1]	ἡγεμονικοῦ	_	_
2.2	429	[1]	διαλεγόμενος	_	_
2.2	430	[34]	,	b	_
2.2	431	[1]	ἤδη	_	_
2.2	432	[1]	παραγράψω	_	_
2.2	433	[1]	γνωρίσματος	_	_
2.2	434	[3]	ἕνεκα	_	_
2.2	435	[11]	.	b	_
2.2	436	[1]	Οὕτως	_	_
2.2	437	[10]	δὲ	_	_
2.2	438	[15]	καὶ	_	_
2.2	439	[1]	τὸ	_	_
2.2	440	[3]	ἐγὼ	_	_
2.2	441	[1]	λέγομεν	_	_
2.2	442	[2]	κατὰ	_	_
2.2	443	[4]	τοῦτο	_	_
2.2	444	[35]	,	b	_
2.2	445	[1]	δεικνύντες	_	_
2.2	446	[1]	αὑτοὺς	_	_
2.2	447	[9]	ἐν	_	_
2.2	448	[3]	τῷ	_	_
2.2	449	[1]	ἀποφαίνεσθαι	_	_
2.2	450	[5]	τὴν	_	_
2.2	451	[1]	διάνοιαν	_	_
2.2	452	[2]	εἶναι	_	_
2.2	453	[36]	,	b	_
2.2	454	[5]	τῆς	_	_
2.2	455	[1]	δείξεως	_	_
2.2	456	[1]	φυσικῶς	_	_
2.2	457	[16]	καὶ	_	_
2.2	458	[1]	οἰκείως	_	_
2.2	459	[2]	ἐνταῦθα	_	_
2.2	460	[1]	φερομένης	_	_
2.2	461	[37]	,	b	_
2.2	462	[17]	καὶ	_	_
2.2	463	[1]	ἄνευ	_	_
2.2	464	[11]	δὲ	_	_
2.2	465	[6]	τῆς	_	_
2.2	466	[3]	κατὰ	_	_
2.2	467	[6]	τὴν	_	_
2.2	468	[1]	χεῖρα	_	_
2.2	469	[1]	τοιαύτης	_	_
2.2	470	[2]	δείξεως	_	_
2.2	471	[1]	νεύοντες	_	_
2.2	472	[2]	εἰς	_	_
2.2	473	[2]	αὑτοὺς	_	_
2.2	474	[2]	τὸ	_	_
2.2	475	[4]	ἐγὼ	_	_
2.2	476	[2]	λέγομεν	_	_
2.2	477	[38]	,	b	_
2.2	478	[2]	εὐθὺς	_	_
2.2	479	[18]	καὶ	_	_
2.2	480	[7]	τῆς	_	_
2.2	481	[5]	ἐγὼ	_	_
2.2	482	[3]	φωνῆς	_	_
2.2	483	[2]	τοιαύτης	_	_
2.2	484	[1]	οὔσης	_	_
2.2	485	[39]	,	b	_
2.2	486	[19]	καὶ	_	_
2.2	487	[4]	κατὰ	_	_
2.2	488	[7]	τὴν	_	_
2.2	489	[1]	ἑξῆς	_	_
2.2	490	[1]	ὑπογεγραμμένην	_	_
2.2	491	[1]	δεῖξιν	_	_
2.2	492	[1]	συνεκφερομένης	_	_
2.2	493	[12]	.	b	_
2.2	494	[3]	τὸ	_	_
2.2	495	[3]	γὰρ	_	_
2.2	496	[6]	ἐγὼ	_	_
2.2	497	[1]	προφερόμεθα	_	_
2.2	498	[5]	κατὰ	_	_
2.2	499	[8]	τὴν	_	_
2.2	500	[1]	πρώτην	_	_
2.2	501	[1]	συλλαβὴν	_	_
2.2	502	[1]	κατασπῶντες	_	_
2.2	503	[4]	τὸ	_	_
2.2	504	[1]	κάτω	_	_
2.2	505	[1]	χεῖλος	_	_
2.2	506	[3]	εἰς	_	_
2.2	507	[3]	αὑτοὺς	_	_
2.2	508	[1]	δεικτικῶς	_	_
2.2	509	[40]	,	b	_
2.2	510	[1]	ἀκολούθως	_	_
2.2	511	[12]	δὲ	_	_
2.2	512	[1]	τῇ	_	_
2.2	513	[8]	τοῦ	_	_
2.2	514	[1]	γενείου	_	_
2.2	515	[1]	κινήσει	_	_
2.2	516	[20]	καὶ	_	_
2.2	517	[3]	ἐπὶ	_	_
2.2	518	[5]	τὸ	_	_
2.2	519	[1]	στῆθος	_	_
2.2	520	[1]	νεύσει	_	_
2.2	521	[13]	.	b	_
2.2	522	[21]	καὶ	_	_
2.2	523	[2]	τῇ	_	_
2.2	524	[1]	τοιαύτῃ	_	_
2.2	525	[1]	δείξει	_	_
2.2	526	[3]	ἡ	_	_
2.2	527	[2]	ἑξῆς	_	_
2.2	528	[1]	συλλαβὴ	_	_
2.2	529	[1]	παράκειται	_	_
2.2	530	[41]	,	b	_
2.2	531	[4]	οὐδὲν	_	_
2.2	532	[1]	ἀποστηματικὸν	_	_
2.2	533	[1]	παρεμφαίνουσα	_	_
2.2	534	[42]	,	b	_
2.2	535	[1]	ὅπερ	_	_
2.2	536	[4]	ἐπὶ	_	_
2.2	537	[9]	τοῦ	_	_
2.2	538	[1]	ἐκεῖνος	_	_
2.2	539	[1]	συντέτευχε	_	_
2.2	540	[14]	.	b	_
2.2	541	[3]	διὰ	_	_
2.2	542	[1]	ταύτης	_	_
2.2	543	[4]	οὖν	_	_
2.2	544	[1]	ἁπάσης	_	_
2.2	545	[8]	τῆς	_	_
2.2	546	[1]	ῥήσεως	_	_
2.2	547	[2]	ὁ	_	_
2.2	548	[2]	Χρύσιππος	_	_
2.2	549	[5]	οὐδὲν	_	_
2.2	550	[11]	μὲν	_	_
2.2	551	[1]	ἐπιστημονικὸν	_	_
2.2	552	[1]	λῆμμα	_	_
2.2	553	[10]	τοῦ	_	_
2.2	554	[9]	τὴν	_	_
2.2	555	[1]	ἀρχὴν	_	_
2.2	556	[9]	τῆς	_	_
2.2	557	[2]	ψυχῆς	_	_
2.2	558	[1]	ὑπάρχειν	_	_
2.2	559	[10]	ἐν	_	_
2.2	560	[3]	τῇ	_	_
2.2	561	[1]	καρδίᾳ	_	_
2.2	562	[1]	παραλαμβάνει	_	_
2.2	563	[43]	,	b	_
2.2	564	[1]	δύο	_	_
2.2	565	[3]	δ	_	_
2.2	566	[5]	’	b	_
2.2	567	[1]	ἐς	_	_
2.2	568	[1]	ταὐτὸν	_	_
2.2	569	[4]	οὐκ	_	_
2.2	570	[3]	οἰκεῖα	_	_
2.2	571	[4]	τῷ	_	_
2.2	572	[1]	προκειμένῳ	_	_
2.2	573	[1]	συμπλέκει	_	_
2.2	574	[44]	,	b	_
2.2	575	[6]	τὸ	_	_
2.2	576	[12]	μὲν	_	_
2.2	577	[1]	ἕτερον	_	_
2.2	578	[2]	ἀπὸ	_	_
2.2	579	[10]	τῆς	_	_
2.2	580	[1]	ἐτυμολογίας	_	_
2.2	581	[45]	,	b	_
2.2	582	[2]	ὅτι	_	_
2.2	583	[10]	τὴν	_	_
2.2	584	[7]	ἐγὼ	_	_
2.2	585	[1]	φωνὴν	_	_
2.2	586	[1]	φθεγγόμενοι	_	_
2.2	587	[6]	κατὰ	_	_
2.2	588	[11]	τὴν	_	_
2.2	589	[2]	πρώτην	_	_
2.2	590	[2]	συλλαβὴν	_	_
2.2	591	[12]	τὴν	_	_
2.2	592	[1]	ε	_	_
2.2	593	[1]	﻿	_	_
2.2	594	[1]	λεγομένην	_	_
2.2	595	[7]	τὸ	_	_
2.2	596	[1]	στόμα	_	_
2.2	597	[2]	κάτω	_	_
2.2	598	[1]	που	_	_
2.2	599	[22]	καὶ	_	_
2.2	600	[13]	τὴν	_	_
2.2	601	[1]	γένυν	_	_
2.2	602	[1]	ἀπάγομεν	_	_
2.2	603	[2]	ὡς	_	_
2.2	604	[5]	ἐπὶ	_	_
2.2	605	[9]	τὰ	_	_
2.2	606	[1]	στέρνα	_	_
2.2	607	[46]	,	b	_
2.2	608	[8]	τὸ	_	_
2.2	609	[13]	δὲ	_	_
2.2	610	[2]	ἕτερον	_	_
2.2	611	[47]	,	b	_
2.2	612	[3]	ὅτι	_	_
2.2	613	[23]	καὶ	_	_
2.2	614	[14]	τὴν	_	_
2.2	615	[2]	χεῖρα	_	_
2.2	616	[1]	συνεπιφέρομεν	_	_
2.2	617	[2]	ἐνίοτε	_	_
2.2	618	[7]	τοῖς	_	_
2.2	619	[1]	στέρνοις	_	_
2.2	620	[48]	,	b	_
2.2	621	[1]	ἡμᾶς	_	_
2.2	622	[1]	αὐτοὺς	_	_
2.2	623	[2]	δεικνύντες	_	_
2.2	624	[49]	,	b	_
2.2	625	[11]	ἐν	_	_
2.2	626	[5]	τῷ	_	_
2.2	627	[1]	λέγειν	_	_
2.2	628	[50]	,	b	_
2.2	629	[1]	ἐμοὶ	_	_
2.2	630	[5]	τοῦτο	_	_
2.2	631	[1]	προσῆκεν	_	_
2.2	632	[51]	,	b	_
2.2	633	[6]	τοῦτο	_	_
2.2	634	[1]	ἐγώ	_	_
2.2	635	[1]	σοι	_	_
2.2	636	[2]	λέγω	_	_
2.2	637	[15]	.	b	_
2.2	638	[4]	ὅτι	_	_
2.2	639	[14]	δὲ	_	_
2.2	640	[24]	καὶ	_	_
2.2	641	[11]	τῆς	_	_
2.2	642	[1]	ῥινὸς	_	_
2.2	643	[1]	ἅπτονται	_	_
2.2	644	[2]	πολλάκις	_	_
2.2	645	[3]	οἱ	_	_
2.2	646	[1]	ἄνθρωποι	_	_
2.2	647	[1]	λέγοντες	_	_
2.2	648	[52]	,	b	_
2.2	649	[2]	ἐμοὶ	_	_
2.2	650	[7]	τοῦτο	_	_
2.2	651	[1]	δὸς	_	_
2.2	652	[53]	,	b	_
2.2	653	[3]	ἐμοὶ	_	_
2.2	654	[8]	τοῦτο	_	_
2.2	655	[1]	προσήκει	_	_
2.2	656	[54]	,	b	_
2.2	657	[9]	τοῦτο	_	_
2.2	658	[2]	ἐγώ	_	_
2.2	659	[2]	σοι	_	_
2.2	660	[3]	λέγω	_	_
2.2	661	[55]	,	b	_
2.2	662	[1]	παντελῶς	_	_
2.2	663	[1]	ἐπιλέλησται	_	_
2.2	664	[16]	.	b	_
2.2	665	[1]	καίτοι	_	_
2.2	666	[1]	κατά	_	_
2.2	667	[1]	γε	_	_
2.2	668	[15]	τὴν	_	_
2.2	669	[8]	ἐγὼ	_	_
2.2	670	[2]	φωνὴν	_	_
2.2	671	[5]	οὐκ	_	_
2.2	672	[1]	ἐπελάθετο	_	_
2.2	673	[12]	τῆς	_	_
2.2	674	[2]	ἐκεῖνος	_	_
2.2	675	[56]	,	b	_
2.2	676	[6]	οὐκ	_	_
2.2	677	[3]	ἀπὸ	_	_
2.2	678	[1]	παραπλησίας	_	_
2.2	679	[1]	δέ	_	_
2.2	680	[1]	τινος	_	_
2.2	681	[57]	,	b	_
2.2	682	[3]	ἀλλ	_	_
2.2	683	[6]	’	b	_
2.2	684	[4]	ἀπὸ	_	_
2.2	685	[13]	τῆς	_	_
2.2	686	[2]	αὐτῆς	_	_
2.2	687	[1]	ἀκριβῶς	_	_
2.2	688	[1]	συλλαβῆς	_	_
2.2	689	[1]	ἀρχομένης	_	_
2.2	690	[14]	τῆς	_	_
2.2	691	[1]	ε΄	_	_
2.2	692	[17]	.	b	_
2.2	693	[1]	ἐχρῆν	_	_
2.2	694	[4]	δ	_	_
2.2	695	[7]	’	b	_
2.2	696	[58]	,	b	_
2.2	697	[1]	οἶμαι	_	_
2.2	698	[59]	,	b	_
2.2	699	[2]	καθάπερ	_	_
2.2	700	[6]	ἐπὶ	_	_
2.2	701	[2]	ταύτης	_	_
2.2	702	[1]	ἐμνημόνευσε	_	_
2.2	703	[13]	μὲν	_	_
2.2	704	[60]	,	b	_
2.2	705	[7]	οὐκ	_	_
2.2	706	[1]	ἔλυσε	_	_
2.2	707	[15]	δὲ	_	_
2.2	708	[9]	τὸ	_	_
2.2	709	[1]	ἄτοπον	_	_
2.2	710	[61]	,	b	_
2.2	711	[2]	οὕτω	_	_
2.2	712	[1]	κᾀπὶ	_	_
2.2	713	[15]	τῆς	_	_
2.2	714	[7]	ἐπὶ	_	_
2.2	715	[11]	τοῦ	_	_
2.2	716	[1]	στέρνου	_	_
2.2	717	[3]	δείξεως	_	_
2.2	718	[1]	ἐπιμνησθῆναι	_	_
2.2	719	[14]	μὲν	_	_
2.2	720	[16]	τῆς	_	_
2.2	721	[8]	ἐπὶ	_	_
2.2	722	[16]	τὴν	_	_
2.2	723	[1]	ῥῖνα	_	_
2.2	724	[1]	φορᾶς	_	_
2.2	725	[12]	τοῦ	_	_
2.2	726	[1]	δακτύλου	_	_
2.2	727	[62]	,	b	_
2.2	728	[1]	μὴ	_	_
2.2	729	[1]	μέντοι	_	_
2.2	730	[1]	μηδὲ	_	_
2.2	731	[3]	ἐνταῦθα	_	_
2.2	732	[1]	διαλύεσθαι	_	_
2.2	733	[10]	τὸ	_	_
2.2	734	[1]	προβληθὲν	_	_
2.2	735	[63]	,	b	_
2.2	736	[1]	εἰ	_	_
2.2	737	[2]	μὴ	_	_
2.2	738	[1]	ἄρα	_	_
2.2	739	[3]	τις	_	_
2.2	740	[1]	οἴεται	_	_
2.2	741	[64]	,	b	_
2.2	742	[17]	τὴν	_	_
2.2	743	[1]	ἀπόφασιν	_	_
2.2	744	[13]	τοῦ	_	_
2.2	745	[2]	Χρυσίππου	_	_
2.2	746	[65]	,	b	_
2.2	747	[1]	ψιλὴν	_	_
2.2	748	[1]	αὐτὴν	_	_
2.2	749	[1]	μόνην	_	_
2.2	750	[1]	ῥηθεῖσαν	_	_
2.2	751	[66]	,	b	_
2.2	752	[1]	ἀπόδειξιν	_	_
2.2	753	[2]	ὑπάρχειν	_	_
2.2	754	[18]	.	b	_
2.2	755	[2]	τί	_	_
2.2	756	[4]	γὰρ	_	_
2.2	757	[2]	δὴ	_	_
2.2	758	[1]	καί	_	_
2.2	759	[1]	φησιν	_	_
2.2	760	[2]	;	b	_
2.2	761	[2]	ἀκολούθως	_	_
2.2	762	[16]	δὲ	_	_
2.2	763	[4]	τῇ	_	_
2.2	764	[14]	τοῦ	_	_
2.2	765	[2]	γενείου	_	_
2.2	766	[2]	κινήσει	_	_
2.2	767	[25]	καὶ	_	_
2.2	768	[9]	ἐπὶ	_	_
2.2	769	[11]	τὸ	_	_
2.2	770	[2]	στῆθος	_	_
2.2	771	[2]	νεύσει	_	_
2.2	772	[67]	,	b	_
2.2	773	[26]	καὶ	_	_
2.2	774	[5]	τῇ	_	_
2.2	775	[2]	τοιαύτῃ	_	_
2.2	776	[2]	δείξει	_	_
2.2	777	[4]	ἡ	_	_
2.2	778	[3]	ἑξῆς	_	_
2.2	779	[2]	συλλαβὴ	_	_
2.2	780	[2]	παράκειται	_	_
2.2	781	[68]	,	b	_
2.2	782	[6]	οὐδὲν	_	_
2.2	783	[2]	ἀποστηματικὸν	_	_
2.2	784	[2]	παρεμφαίνουσα	_	_
2.2	785	[69]	,	b	_
2.2	786	[1]	ὥσπερ	_	_
2.2	787	[10]	ἐπὶ	_	_
2.2	788	[15]	τοῦ	_	_
2.2	789	[3]	ἐκεῖνος	_	_
2.2	790	[1]	συντέτευχεν	_	_
2.2	791	[19]	.	b	_
2.2	792	[1]	ἐννοήσας	_	_
2.2	793	[5]	γὰρ	_	_
2.2	794	[70]	,	b	_
2.2	795	[5]	ὅτι	_	_
2.2	796	[5]	ἡ	_	_
2.2	797	[4]	ἐκεῖνος	_	_
2.2	798	[1]	φωνὴ	_	_
2.2	799	[18]	τὴν	_	_
2.2	800	[2]	ἀρχὴν	_	_
2.2	801	[5]	ἀπὸ	_	_
2.2	802	[17]	τῆς	_	_
2.2	803	[3]	αὐτῆς	_	_
2.2	804	[1]	ποιεῖται	_	_
2.2	805	[2]	συλλαβῆς	_	_
2.2	806	[71]	,	b	_
2.2	807	[2]	ὥσπερ	_	_
2.2	808	[27]	καὶ	_	_
2.2	809	[6]	ἡ	_	_
2.2	810	[9]	ἐγὼ	_	_
2.2	811	[72]	,	b	_
2.2	812	[28]	καὶ	_	_
2.2	813	[1]	δεήσει	_	_
2.2	814	[29]	καὶ	_	_
2.2	815	[1]	ταύτην	_	_
2.2	816	[1]	ἐνδείκνυσθαι	_	_
2.2	817	[2]	ταὐτὸν	_	_
2.2	818	[1]	σημαινόμενον	_	_
2.2	819	[73]	,	b	_
2.2	820	[4]	εἰς	_	_
2.2	821	[19]	τὴν	_	_
2.2	822	[12]	τῶν	_	_
2.2	823	[1]	ἐπιφερομένων	_	_
2.2	824	[1]	συλλαβῶν	_	_
2.2	825	[1]	διαφορὰν	_	_
2.2	826	[1]	ἀναφέρει	_	_
2.2	827	[20]	τὴν	_	_
2.2	828	[16]	τοῦ	_	_
2.2	829	[1]	ζητουμένου	_	_
2.2	830	[1]	λύσιν	_	_
2.2	831	[20]	.	b	_
2.2	832	[2]	ἔστι	_	_
2.2	833	[17]	δὲ	_	_
2.2	834	[1]	τοιάδε	_	_
2.2	835	[2]	·	b	_
2.2	836	[1]	εἰπὼν	_	_
2.2	837	[74]	,	b	_
2.2	838	[18]	τῆς	_	_
2.2	839	[10]	ἐγὼ	_	_
2.2	840	[4]	φωνῆς	_	_
2.2	841	[21]	τὴν	_	_
2.2	842	[1]	δευτέραν	_	_
2.2	843	[3]	συλλαβὴν	_	_
2.2	844	[22]	τὴν	_	_
2.2	845	[1]	γώ	_	_
2.2	846	[2]	μηδὲν	_	_
2.2	847	[3]	ἀποστηματικὸν	_	_
2.2	848	[1]	ἐμφαίνειν	_	_
2.2	849	[75]	,	b	_
2.2	850	[1]	ἐπήγαγεν	_	_
2.2	851	[76]	,	b	_
2.2	852	[11]	ἐπὶ	_	_
2.2	853	[18]	δὲ	_	_
2.2	854	[19]	τῆς	_	_
2.2	855	[5]	ἐκεῖνος	_	_
2.2	856	[2]	ἐμφαίνειν	_	_
2.2	857	[23]	τὴν	_	_
2.2	858	[1]	κεί	_	_
2.2	859	[21]	.	b	_
2.2	860	[10]	τοῦτο	_	_
2.2	861	[5]	δ	_	_
2.2	862	[8]	’	b	_
2.2	863	[1]	ἀπόφασίς	_	_
2.2	864	[2]	ἐστι	_	_
2.2	865	[1]	ψιλὴ	_	_
2.2	866	[77]	,	b	_
2.2	867	[1]	μηδεμίαν	_	_
2.2	868	[2]	ἀπόδειξιν	_	_
2.2	869	[1]	ἔχουσα	_	_
2.2	870	[78]	,	b	_
2.2	871	[3]	μὴ	_	_
2.2	872	[6]	ὅτι	_	_
2.2	873	[1]	βεβαίαν	_	_
2.2	874	[5]	τε	_	_
2.2	875	[30]	καὶ	_	_
2.2	876	[1]	ἐπιστημονικὴν	_	_
2.2	877	[79]	,	b	_
2.2	878	[2]	ἀλλὰ	_	_
2.2	879	[1]	μηδ	_	_
2.2	880	[9]	’	b	_
2.2	881	[1]	ἄχρι	_	_
2.2	882	[1]	πιθανότητος	_	_
2.2	883	[6]	ἢ	_	_
2.2	884	[1]	ῥητορικῆς	_	_
2.2	885	[7]	ἢ	_	_
2.2	886	[1]	σοφιστικῆς	_	_
2.2	887	[1]	προϊοῦσαν	_	_
2.2	888	[22]	.	b	_
2.2	889	[4]	διὰ	_	_
2.2	890	[3]	τί	_	_
2.2	891	[6]	γὰρ	_	_
2.2	892	[7]	ἡ	_	_
2.2	893	[15]	μὲν	_	_
2.2	894	[2]	κεί	_	_
2.2	895	[3]	συλλαβὴ	_	_
2.2	896	[1]	ἀποστηματικόν	_	_
2.2	897	[2]	τι	_	_
2.2	898	[1]	δηλώσει	_	_
2.2	899	[80]	,	b	_
2.2	900	[8]	ἡ	_	_
2.2	901	[19]	δὲ	_	_
2.2	902	[2]	γώ	_	_
2.2	903	[4]	μὴ	_	_
2.2	904	[81]	,	b	_
2.2	905	[2]	οὐ	_	_
2.2	906	[1]	προσθεῖναι	_	_
2.2	907	[1]	δίκαιον	_	_
2.2	908	[1]	ἦν	_	_
2.2	909	[1]	αὐτὸν	_	_
2.2	910	[1]	ἀπόδειξίν	_	_
2.2	911	[1]	τινα	_	_
2.2	912	[3]	;	b	_
2.2	913	[5]	διὰ	_	_
2.2	914	[4]	τί	_	_
2.2	915	[20]	δὲ	_	_
2.2	916	[8]	τοῖς	_	_
2.2	917	[16]	μὲν	_	_
2.2	918	[2]	στέρνοις	_	_
2.2	919	[1]	ἐπιφέροντες	_	_
2.2	920	[4]	τὸν	_	_
2.2	921	[1]	δάκτυλον	_	_
2.2	922	[1]	ἐπιδεικνύμεθα	_	_
2.2	923	[82]	,	b	_
2.2	924	[24]	τὴν	_	_
2.2	925	[3]	ἀρχὴν	_	_
2.2	926	[20]	τῆς	_	_
2.2	927	[3]	ψυχῆς	_	_
2.2	928	[4]	ἐνταῦθα	_	_
2.2	929	[3]	εἶναι	_	_
2.2	930	[83]	,	b	_
2.2	931	[6]	τῇ	_	_
2.2	932	[1]	ῥινὶ	_	_
2.2	933	[21]	δὲ	_	_
2.2	934	[2]	ἐπιφέροντες	_	_
2.2	935	[8]	οὐκ	_	_
2.2	936	[1]	ἐνδεικνύμεθα	_	_
2.2	937	[4]	;	b	_
2.2	938	[2]	δίκαιον	_	_
2.2	939	[7]	γὰρ	_	_
2.2	940	[84]	,	b	_
2.2	941	[1]	εἴπερ	_	_
2.2	942	[9]	ἡ	_	_
2.2	943	[1]	δεῖξις	_	_
2.2	944	[1]	ἱκανὴ	_	_
2.2	945	[1]	πίστις	_	_
2.2	946	[5]	εἰς	_	_
2.2	947	[1]	εὕρεσιν	_	_
2.2	948	[2]	ἡγεμονικοῦ	_	_
2.2	949	[1]	μορίου	_	_
2.2	950	[4]	ψυχῆς	_	_
2.2	951	[85]	,	b	_
2.2	952	[9]	οὐκ	_	_
2.2	953	[12]	ἐπὶ	_	_
2.2	954	[17]	μὲν	_	_
2.2	955	[13]	τῶν	_	_
2.2	956	[1]	στέρνων	_	_
2.2	957	[2]	αὐτὴν	_	_
2.2	958	[1]	ἱκανὴν	_	_
2.2	959	[3]	ὑπάρχειν	_	_
2.2	960	[86]	,	b	_
2.2	961	[1]	ἀσθενῆ	_	_
2.2	962	[22]	δὲ	_	_
2.2	963	[13]	ἐπὶ	_	_
2.2	964	[21]	τῆς	_	_
2.2	965	[2]	ῥινὸς	_	_
2.2	966	[87]	,	b	_
2.2	967	[3]	ἀλλὰ	_	_
2.2	968	[2]	κᾀπὶ	_	_
2.2	969	[3]	ταύτης	_	_
2.2	970	[1]	ἰσχύειν	_	_
2.2	971	[2]	ὁμοίως	_	_
2.2	972	[88]	,	b	_
2.2	973	[8]	ἢ	_	_
2.2	974	[2]	εἴπερ	_	_
2.2	975	[2]	οὐδὲ	_	_
2.2	976	[14]	ἐπὶ	_	_
2.2	977	[4]	ταύτης	_	_
2.2	978	[89]	,	b	_
2.2	979	[3]	οὐδὲ	_	_
2.2	980	[15]	ἐπὶ	_	_
2.2	981	[14]	τῶν	_	_
2.2	982	[2]	στέρνων	_	_
2.2	983	[23]	.	b	_
2.2	984	[6]	διὰ	_	_
2.2	985	[5]	τί	_	_
2.2	986	[23]	δὲ	_	_
2.2	987	[12]	ἐν	_	_
2.2	988	[1]	ταῖς	_	_
2.2	989	[1]	συγκαταθέσεσιν	_	_
2.2	990	[1]	ἐπινεύοντες	_	_
2.2	991	[25]	τὴν	_	_
2.2	992	[1]	κεφαλὴν	_	_
2.2	993	[90]	,	b	_
2.2	994	[1]	ἐφ	_	_
2.2	995	[10]	’	b	_
2.2	996	[1]	ὃ	_	_
2.2	997	[1]	φέρομεν	_	_
2.2	998	[3]	αὐτὴν	_	_
2.2	999	[1]	μέρος	_	_
2.2	1000	[91]	,	b	_
2.2	1001	[13]	ἐν	_	_
2.2	1002	[1]	ἐκείνῳ	_	_
2.2	1003	[26]	τὴν	_	_
2.2	1004	[4]	ἀρχὴν	_	_
2.2	1005	[22]	τῆς	_	_
2.2	1006	[5]	ψυχῆς	_	_
2.2	1007	[4]	ὑπάρχειν	_	_
2.2	1008	[2]	ἐνδεικνύμεθα	_	_
2.2	1009	[4]	μᾶλλον	_	_
2.2	1010	[92]	,	b	_
2.2	1011	[31]	καὶ	_	_
2.2	1012	[10]	οὐκ	_	_
2.2	1013	[1]	αὐτῷ	_	_
2.2	1014	[1]	κινουμένῳ	_	_
2.2	1015	[5]	;	b	_
2.2	1016	[12]	τὸ	_	_
2.2	1017	[1]	γάρ	_	_
2.2	1018	[1]	τοι	_	_
2.2	1019	[1]	πρῶτον	_	_
2.2	1020	[1]	κινούμενον	_	_
2.2	1021	[14]	ἐν	_	_
2.2	1022	[3]	ἡμῖν	_	_
2.2	1023	[1]	μόριον	_	_
2.2	1024	[1]	ἐπινευόντων	_	_
2.2	1025	[93]	,	b	_
2.2	1026	[3]	αὐτὸ	_	_
2.2	1027	[1]	δήπου	_	_
2.2	1028	[1]	πιθανώτερον	_	_
2.2	1029	[1]	ἔχειν	_	_
2.2	1030	[1]	ἐστὶ	_	_
2.2	1031	[27]	τὴν	_	_
2.2	1032	[5]	ἀρχὴν	_	_
2.2	1033	[23]	τῆς	_	_
2.2	1034	[6]	ψυχῆς	_	_
2.2	1035	[94]	,	b	_
2.2	1036	[3]	ἤπερ	_	_
2.2	1037	[3]	τι	_	_
2.2	1038	[15]	τῶν	_	_
2.2	1039	[1]	ἄλλων	_	_
2.2	1040	[95]	,	b	_
2.2	1041	[2]	πρὸς	_	_
2.2	1042	[2]	ὃ	_	_
2.2	1043	[1]	φέρεται	_	_
2.2	1044	[2]	κινούμενον	_	_
2.2	1045	[3]	·	b	_
2.2	1046	[1]	ἵνα	_	_
2.2	1047	[5]	μὴ	_	_
2.2	1048	[1]	νῦν	_	_
2.2	1049	[1]	ἐκείνων	_	_
2.2	1050	[1]	μνημονεύω	_	_
2.2	1051	[16]	τῶν	_	_
2.2	1052	[1]	ἀνθρώπων	_	_
2.2	1053	[96]	,	b	_
2.2	1054	[1]	οἳ	_	_
2.2	1055	[2]	ταῖς	_	_
2.2	1056	[1]	κεφαλαῖς	_	_
2.2	1057	[1]	ἀνανεύουσιν	_	_
2.2	1058	[97]	,	b	_
2.2	1059	[2]	ἐπειδὰν	_	_
2.2	1060	[1]	συγκατατίθωνται	_	_
2.2	1061	[24]	.	b	_
2.2	1062	[1]	τάχα	_	_
2.2	1063	[8]	γὰρ	_	_
2.2	1064	[1]	φήσει	_	_
2.2	1065	[98]	,	b	_
2.2	1066	[3]	τοὺς	_	_
2.2	1067	[1]	βαρβάρους	_	_
2.2	1068	[99]	,	b	_
2.2	1069	[3]	ὥσπερ	_	_
2.2	1070	[1]	τἄλλα	_	_
2.2	1071	[1]	χείρους	_	_
2.2	1072	[1]	εἰσὶ	_	_
2.2	1073	[32]	καὶ	_	_
2.2	1074	[1]	ἀλογώτεροι	_	_
2.2	1075	[17]	τῶν	_	_
2.2	1076	[1]	Ἑλλήνων	_	_
2.2	1077	[100]	,	b	_
2.2	1078	[3]	οὕτω	_	_
2.2	1079	[1]	κᾀν	_	_
2.2	1080	[1]	τῷδε	_	_
2.2	1081	[1]	σφάλλεσθαι	_	_
2.2	1082	[25]	.	b	_
2.2	1083	[1]	πάντ	_	_
2.2	1084	[11]	’	b	_
2.2	1085	[5]	οὖν	_	_
2.2	1086	[101]	,	b	_
2.2	1087	[1]	ὅσα	_	_
2.2	1088	[1]	περιττὰ	_	_
2.2	1089	[18]	τῶν	_	_
2.2	1090	[1]	ἐπιχειρημάτων	_	_
2.2	1091	[102]	,	b	_
2.2	1092	[15]	ἐν	_	_
2.2	1093	[9]	τοῖς	_	_
2.2	1094	[8]	περὶ	_	_
2.2	1095	[2]	ἀποδείξεως	_	_
2.2	1096	[1]	ἐδείξαμεν	_	_
2.2	1097	[11]	οὐκ	_	_
2.2	1098	[4]	οἰκεῖα	_	_
2.2	1099	[6]	τῷ	_	_
2.2	1100	[1]	ζητουμένῳ	_	_
2.2	1101	[1]	πράγματι	_	_
2.2	1102	[4]	·	b	_
2.2	1103	[33]	καὶ	_	_
2.2	1104	[7]	διὰ	_	_
2.2	1105	[11]	τοῦτο	_	_
2.2	1106	[2]	νῦν	_	_
2.2	1107	[3]	οὐ	_	_
2.2	1108	[1]	χρὴ	_	_
2.2	1109	[1]	μηκύνειν	_	_
2.2	1110	[9]	περὶ	_	_
2.2	1111	[3]	αὐτῶν	_	_
2.2	1112	[103]	,	b	_
2.2	1113	[4]	ὥσπερ	_	_
2.2	1114	[4]	οὐδὲ	_	_
2.2	1115	[10]	περὶ	_	_
2.2	1116	[19]	τῶν	_	_
2.2	1117	[2]	ἐκ	_	_
2.2	1118	[24]	τῆς	_	_
2.2	1119	[2]	ἐτυμολογίας	_	_
2.2	1120	[1]	ὁρμωμένων	_	_
2.2	1121	[104]	,	b	_
2.2	1122	[2]	εἴρηται	_	_
2.2	1123	[9]	γὰρ	_	_
2.2	1124	[34]	καὶ	_	_
2.2	1125	[11]	περὶ	_	_
2.2	1126	[2]	ἐκείνων	_	_
2.2	1127	[1]	αὐτάρκως	_	_
2.2	1128	[16]	ἐν	_	_
2.2	1129	[10]	τοῖς	_	_
2.2	1130	[12]	περὶ	_	_
2.2	1131	[2]	ὀνομάτων	_	_
2.2	1132	[2]	ὀρθότητος	_	_
2.2	1133	[26]	.	b	_
2.3	1	[1]	Ἀλλὰ	_	_
2.3	2	[1]	τίνα	_	_
2.3	3	[1]	χρὴ	_	_
2.3	4	[1]	ζητεῖν	_	_
2.3	5	[1]	λήμματα	_	_
2.3	6	[1]	τῷ	_	_
2.3	7	[1]	προκειμένῳ	_	_
2.3	8	[1]	προβλήματι	_	_
2.3	9	[1]	προσήκοντά	_	_
2.3	10	[1]	τε	_	_
2.3	11	[1]	καὶ	_	_
2.3	12	[1]	οἰκεῖα	_	_
2.3	13	[1]	;	b	_
2.3	14	[1]	γέγραπται	_	_
2.3	15	[1]	μὲν	_	_
2.3	16	[1]	δήπου	_	_
2.3	17	[2]	καὶ	_	_
2.3	18	[1]	περὶ	_	_
2.3	19	[1]	τούτων	_	_
2.3	20	[1]	ἐπὶ	_	_
2.3	21	[1]	πλεῖστον	_	_
2.3	22	[1]	ἐν	_	_
2.3	23	[1]	τοῖς	_	_
2.3	24	[2]	περὶ	_	_
2.3	25	[1]	ἀποδείξεως	_	_
2.3	26	[1]	ὑπό	_	_
2.3	27	[2]	τε	_	_
2.3	28	[1]	τῶν	_	_
2.3	29	[1]	παλαιῶν	_	_
2.3	30	[1]	εἰρημένοις	_	_
2.3	31	[1]	ἀσφαλέστερόν	_	_
2.3	32	[3]	τε	_	_
2.3	33	[3]	καὶ	_	_
2.3	34	[1]	συντομώτερον	_	_
2.3	35	[1]	,	b	_
2.3	36	[2]	ὑπό	_	_
2.3	37	[4]	τε	_	_
2.3	38	[1]	ἡμῶν	_	_
2.3	39	[1]	ἐξηγουμένων	_	_
2.3	40	[1]	ἐκεῖνα	_	_
2.3	41	[1]	σαφῶς	_	_
2.3	42	[5]	τε	_	_
2.3	43	[1]	ἅμα	_	_
2.3	44	[4]	καὶ	_	_
2.3	45	[1]	διὰ	_	_
2.3	46	[1]	πολλῶν	_	_
2.3	47	[1]	.	b	_
2.3	48	[1]	ἀρκέσει	_	_
2.3	49	[1]	δὲ	_	_
2.3	50	[1]	νῦν	_	_
2.3	51	[1]	ἐξ	_	_
2.3	52	[1]	αὐτῶν	_	_
2.3	53	[1]	τὸ	_	_
2.3	54	[1]	κεφάλαιον	_	_
2.3	55	[1]	ἀναμνήσασι	_	_
2.3	56	[1]	μόνον	_	_
2.3	57	[1]	ἐκείνῳ	_	_
2.3	58	[1]	χρήσασθαι	_	_
2.3	59	[1]	σκοπῷ	_	_
2.3	60	[1]	εἰς	_	_
2.3	61	[1]	τὴν	_	_
2.3	62	[2]	τῶν	_	_
2.3	63	[1]	κατὰ	_	_
2.3	64	[1]	μέρος	_	_
2.3	65	[1]	εὕρεσιν	_	_
2.3	66	[2]	.	b	_
2.3	67	[1]	ἦν	_	_
2.3	68	[2]	δὲ	_	_
2.3	69	[2]	τὸ	_	_
2.3	70	[2]	κεφάλαιον	_	_
2.3	71	[2]	,	b	_
2.3	72	[1]	ὡς	_	_
2.3	73	[1]	ἀπ	_	_
2.3	74	[1]	’	b	_
2.3	75	[1]	αὐτῆς	_	_
2.3	76	[2]	χρὴ	_	_
2.3	77	[1]	τῆς	_	_
2.3	78	[1]	οὐσίας	_	_
2.3	79	[1]	τοῦ	_	_
2.3	80	[1]	ζητουμένου	_	_
2.3	81	[1]	πράγματος	_	_
2.3	82	[1]	ἐξευρίσκειν	_	_
2.3	83	[1]	τὰ	_	_
2.3	84	[2]	προσήκοντά	_	_
2.3	85	[6]	τε	_	_
2.3	86	[5]	καὶ	_	_
2.3	87	[2]	οἰκεῖα	_	_
2.3	88	[2]	λήμματα	_	_
2.3	89	[3]	,	b	_
2.3	90	[1]	καθάπερ	_	_
2.3	91	[2]	ἐν	_	_
2.3	92	[1]	τούτοις	_	_
2.3	93	[4]	,	b	_
2.3	94	[3]	ἐν	_	_
2.3	95	[1]	οἷς	_	_
2.3	96	[1]	Χρύσιππος	_	_
2.3	97	[1]	ἐπισκοπεῖται	_	_
2.3	98	[3]	περὶ	_	_
2.3	99	[2]	τοῦ	_	_
2.3	100	[2]	τῆς	_	_
2.3	101	[1]	ψυχῆς	_	_
2.3	102	[1]	ἡγεμονικοῦ	_	_
2.3	103	[5]	,	b	_
2.3	104	[1]	τόν	_	_
2.3	105	[7]	τε	_	_
2.3	106	[3]	τῆς	_	_
2.3	107	[2]	οὐσίας	_	_
2.3	108	[1]	λόγον	_	_
2.3	109	[1]	εἰπόντας	_	_
2.3	110	[6]	,	b	_
2.3	111	[1]	ὑπὲρ	_	_
2.3	112	[1]	οὗ	_	_
2.3	113	[1]	ζητοῦμεν	_	_
2.3	114	[2]	πράγματος	_	_
2.3	115	[7]	,	b	_
2.3	116	[2]	ἐκείνῳ	_	_
2.3	117	[1]	χρῆσθαι	_	_
2.3	118	[1]	κανόνι	_	_
2.3	119	[8]	τε	_	_
2.3	120	[6]	καὶ	_	_
2.3	121	[2]	σκοπῷ	_	_
2.3	122	[3]	τῶν	_	_
2.3	123	[2]	κατὰ	_	_
2.3	124	[2]	μέρος	_	_
2.3	125	[1]	ἁπάντων	_	_
2.3	126	[3]	.	b	_
2.3	127	[1]	ἔστι	_	_
2.3	128	[3]	δὲ	_	_
2.3	129	[3]	τὸ	_	_
2.3	130	[1]	ἡγεμονικὸν	_	_
2.3	131	[8]	,	b	_
2.3	132	[2]	ὡς	_	_
2.3	133	[1]	αὐτοὶ	_	_
2.3	134	[1]	βούλονται	_	_
2.3	135	[9]	,	b	_
2.3	136	[4]	τὸ	_	_
2.3	137	[1]	κατάρχον	_	_
2.3	138	[1]	αἰσθήσεώς	_	_
2.3	139	[9]	τε	_	_
2.3	140	[7]	καὶ	_	_
2.3	141	[1]	ὁρμῆς	_	_
2.3	142	[4]	.	b	_
2.3	143	[1]	οὐκ	_	_
2.3	144	[1]	οὖν	_	_
2.3	145	[1]	ἄλλοθεν	_	_
2.3	146	[3]	χρὴ	_	_
2.3	147	[1]	δεικνύναι	_	_
2.3	148	[2]	τὴν	_	_
2.3	149	[1]	καρδίαν	_	_
2.3	150	[4]	ἐν	_	_
2.3	151	[1]	αὑτῇ	_	_
2.3	152	[5]	τὸ	_	_
2.3	153	[2]	ἡγεμονικὸν	_	_
2.3	154	[1]	ἔχουσαν	_	_
2.3	155	[10]	,	b	_
2.3	156	[1]	ἢ	_	_
2.3	157	[1]	ἐκ	_	_
2.3	158	[3]	τοῦ	_	_
2.3	159	[1]	πάσης	_	_
2.3	160	[2]	μὲν	_	_
2.3	161	[4]	τῆς	_	_
2.3	162	[1]	καθ	_	_
2.3	163	[2]	’	b	_
2.3	164	[1]	ὁρμὴν	_	_
2.3	165	[1]	κινήσεως	_	_
2.3	166	[1]	ἐξηγεῖσθαι	_	_
2.3	167	[2]	τοῖς	_	_
2.3	168	[1]	ἄλλοις	_	_
2.3	169	[4]	τοῦ	_	_
2.3	170	[1]	ζώου	_	_
2.3	171	[1]	μορίοις	_	_
2.3	172	[11]	,	b	_
2.3	173	[1]	ἅπασαν	_	_
2.3	174	[4]	δὲ	_	_
2.3	175	[1]	αἴσθησιν	_	_
2.3	176	[2]	εἰς	_	_
2.3	177	[1]	αὐτὴν	_	_
2.3	178	[1]	ἀναφέρεσθαι	_	_
2.3	179	[5]	.	b	_
2.3	180	[1]	πόθεν	_	_
2.3	181	[2]	οὖν	_	_
2.3	182	[1]	τοῦτο	_	_
2.3	183	[1]	δειχθήσεται	_	_
2.3	184	[2]	;	b	_
2.3	185	[2]	πόθεν	_	_
2.3	186	[5]	δὲ	_	_
2.3	187	[2]	ἄλλοθεν	_	_
2.3	188	[12]	,	b	_
2.3	189	[2]	ἢ	_	_
2.3	190	[2]	ἐκ	_	_
2.3	191	[4]	τῶν	_	_
2.3	192	[1]	ἀνατομῶν	_	_
2.3	193	[3]	;	b	_
2.3	194	[1]	εἰ	_	_
2.3	195	[1]	γὰρ	_	_
2.3	196	[1]	αὕτη	_	_
2.3	197	[3]	τοῖς	_	_
2.3	198	[3]	κατὰ	_	_
2.3	199	[3]	μέρος	_	_
2.3	200	[1]	ἅπασιν	_	_
2.3	201	[1]	ἐπιπέμπει	_	_
2.3	202	[1]	δύναμιν	_	_
2.3	203	[2]	αἰσθήσεώς	_	_
2.3	204	[10]	τε	_	_
2.3	205	[2]	ἅμα	_	_
2.3	206	[8]	καὶ	_	_
2.3	207	[2]	κινήσεως	_	_
2.3	208	[13]	,	b	_
2.3	209	[1]	ἀποπεφυκέναι	_	_
2.3	210	[1]	τι	_	_
2.3	211	[1]	πάντως	_	_
2.3	212	[2]	ἀπ	_	_
2.3	213	[3]	’	b	_
2.3	214	[2]	αὐτῆς	_	_
2.3	215	[1]	ἀγγεῖον	_	_
2.3	216	[1]	ἀναγκαῖόν	_	_
2.3	217	[1]	ἐστιν	_	_
2.3	218	[3]	εἰς	_	_
2.3	219	[3]	τὴν	_	_
2.3	220	[2]	αὐτῶν	_	_
2.3	221	[1]	ὑπηρεσίαν	_	_
2.3	222	[6]	.	b	_
2.3	223	[1]	ὥστε	_	_
2.3	224	[3]	ἐκ	_	_
2.3	225	[5]	τῆς	_	_
2.3	226	[1]	ἀποδεικτικῆς	_	_
2.3	227	[1]	μεθόδου	_	_
2.3	228	[1]	πέφῃνεν	_	_
2.3	229	[14]	,	b	_
2.3	230	[1]	ὅτι	_	_
2.3	231	[11]	τε	_	_
2.3	232	[1]	χρησιμώτερον	_	_
2.3	233	[1]	ἀνατέμνοντας	_	_
2.3	234	[2]	τὰ	_	_
2.3	235	[1]	ζῶα	_	_
2.3	236	[1]	κατασκέπτεσθαι	_	_
2.3	237	[15]	,	b	_
2.3	238	[2]	τίνα	_	_
2.3	239	[9]	καὶ	_	_
2.3	240	[1]	πόσα	_	_
2.3	241	[1]	γένη	_	_
2.3	242	[1]	σωμάτων	_	_
2.3	243	[4]	ἐκ	_	_
2.3	244	[6]	τῆς	_	_
2.3	245	[1]	καρδίας	_	_
2.3	246	[1]	ἐκφυόμενα	_	_
2.3	247	[1]	διανέμεται	_	_
2.3	248	[4]	τοῖς	_	_
2.3	249	[2]	ἄλλοις	_	_
2.3	250	[5]	τοῦ	_	_
2.3	251	[2]	ζώου	_	_
2.3	252	[2]	μορίοις	_	_
2.3	253	[16]	,	b	_
2.3	254	[2]	ὅτι	_	_
2.3	255	[12]	τε	_	_
2.3	256	[17]	,	b	_
2.3	257	[2]	τούτων	_	_
2.3	258	[3]	αὐτῶν	_	_
2.3	259	[1]	ὄντων	_	_
2.3	260	[1]	τοιούτων	_	_
2.3	261	[10]	καὶ	_	_
2.3	262	[1]	τοσῶνδε	_	_
2.3	263	[18]	,	b	_
2.3	264	[2]	τοῦτο	_	_
2.3	265	[3]	μὲν	_	_
2.3	266	[2]	αἴσθησιν	_	_
2.3	267	[3]	ἢ	_	_
2.3	268	[1]	κίνησιν	_	_
2.3	269	[4]	ἢ	_	_
2.3	270	[1]	ἄμφω	_	_
2.3	271	[1]	παράγει	_	_
2.3	272	[19]	,	b	_
2.3	273	[3]	τοῦτο	_	_
2.3	274	[1]	δ	_	_
2.3	275	[4]	’	b	_
2.3	276	[1]	ἄλλο	_	_
2.3	277	[2]	τι	_	_
2.3	278	[7]	.	b	_
2.3	279	[11]	καὶ	_	_
2.3	280	[1]	οὕτως	_	_
2.3	281	[1]	ἐστὶν	_	_
2.3	282	[1]	ἤδη	_	_
2.3	283	[1]	τινῶν	_	_
2.3	284	[5]	ἐν	_	_
2.3	285	[5]	τοῖς	_	_
2.3	286	[1]	ζώοις	_	_
2.3	287	[1]	δυνάμεων	_	_
2.3	288	[1]	ἡ	_	_
2.3	289	[1]	καρδία	_	_
2.3	290	[1]	πηγή	_	_
2.3	291	[8]	.	b	_
2.3	292	[1]	ταύτης	_	_
2.3	293	[7]	τῆς	_	_
2.3	294	[1]	ὁδοῦ	_	_
2.3	295	[1]	πᾶν	_	_
2.3	296	[3]	ὅτι	_	_
2.3	297	[1]	περ	_	_
2.3	298	[1]	ἂν	_	_
2.3	299	[1]	ἔξω	_	_
2.3	300	[1]	πίπτῃ	_	_
2.3	301	[20]	,	b	_
2.3	302	[1]	περιττόν	_	_
2.3	303	[1]	τ	_	_
2.3	304	[5]	’	b	_
2.3	305	[1]	ἐστὶ	_	_
2.3	306	[12]	καὶ	_	_
2.3	307	[1]	ἀλλότριον	_	_
2.3	308	[21]	,	b	_
2.3	309	[13]	καὶ	_	_
2.3	310	[1]	ταύτῃ	_	_
2.3	311	[1]	διήνεγκεν	_	_
2.3	312	[1]	ἐπιστημονικὸν	_	_
2.3	313	[1]	δείξεως	_	_
2.3	314	[1]	λῆμμα	_	_
2.3	315	[1]	ῥητορικοῦ	_	_
2.3	316	[13]	τε	_	_
2.3	317	[14]	καὶ	_	_
2.3	318	[1]	γυμναστικοῦ	_	_
2.3	319	[15]	καὶ	_	_
2.3	320	[1]	σοφιστικοῦ	_	_
2.3	321	[22]	,	b	_
2.3	322	[2]	ὑπὲρ	_	_
2.3	323	[1]	ὧν	_	_
2.3	324	[1]	οὐδ	_	_
2.3	325	[6]	’	b	_
2.3	326	[4]	αὐτῶν	_	_
2.3	327	[1]	οὐδεμίαν	_	_
2.3	328	[1]	ἐδίδαξαν	_	_
2.3	329	[1]	ἡμᾶς	_	_
2.3	330	[1]	οὔτε	_	_
2.3	331	[1]	μέθοδον	_	_
2.3	332	[2]	οὔτε	_	_
2.3	333	[1]	γυμνασίαν	_	_
2.3	334	[1]	οἵ	_	_
2.3	335	[1]	γε	_	_
2.3	336	[4]	περὶ	_	_
2.3	337	[1]	τὸν	_	_
2.3	338	[1]	Ζήνωνα	_	_
2.3	339	[16]	καὶ	_	_
2.3	340	[2]	τὸν	_	_
2.3	341	[1]	Χρύσιππον	_	_
2.3	342	[9]	.	b	_
2.3	343	[1]	ὅθεν	_	_
2.3	344	[1]	ἀναμέμικται	_	_
2.3	345	[1]	φύρδην	_	_
2.3	346	[6]	ἐν	_	_
2.3	347	[6]	τοῖς	_	_
2.3	348	[1]	﻿	_	_
2.3	349	[1]	βιβλίοις	_	_
2.3	350	[5]	αὐτῶν	_	_
2.3	351	[1]	ἐφεξῆς	_	_
2.3	352	[1]	ἅπαντα	_	_
2.3	353	[3]	τὰ	_	_
2.3	354	[3]	λήμματα	_	_
2.3	355	[10]	.	b	_
2.3	356	[17]	καὶ	_	_
2.3	357	[1]	πολλάκις	_	_
2.3	358	[1]	ἡγεῖται	_	_
2.3	359	[4]	μὲν	_	_
2.3	360	[23]	,	b	_
2.3	361	[2]	εἰ	_	_
2.3	362	[2]	οὕτως	_	_
2.3	363	[1]	ἔχει	_	_
2.3	364	[24]	,	b	_
2.3	365	[1]	ῥητορικὸν	_	_
2.3	366	[1]	ἐπιχείρημα	_	_
2.3	367	[25]	,	b	_
2.3	368	[1]	τούτῳ	_	_
2.3	369	[2]	δ	_	_
2.3	370	[7]	’	b	_
2.3	371	[1]	ἕπεται	_	_
2.3	372	[1]	γυμναστικόν	_	_
2.3	373	[14]	τε	_	_
2.3	374	[18]	καὶ	_	_
2.3	375	[1]	διαλεκτικὸν	_	_
2.3	376	[26]	,	b	_
2.3	377	[1]	εἶθ	_	_
2.3	378	[8]	’	b	_
2.3	379	[1]	ἑξῆς	_	_
2.3	380	[2]	ἐπιστημονικὸν	_	_
2.3	381	[27]	,	b	_
2.3	382	[2]	εἶθ	_	_
2.3	383	[9]	’	b	_
2.3	384	[28]	,	b	_
2.3	385	[3]	οὕτως	_	_
2.3	386	[3]	εἰ	_	_
2.3	387	[1]	ἔτυχε	_	_
2.3	388	[29]	,	b	_
2.3	389	[1]	σοφιστικὸν	_	_
2.3	390	[30]	,	b	_
2.3	391	[2]	οὐκ	_	_
2.3	392	[1]	εἰδότων	_	_
2.3	393	[31]	,	b	_
2.3	394	[3]	ὡς	_	_
2.3	395	[4]	τὰ	_	_
2.3	396	[5]	μὲν	_	_
2.3	397	[1]	ἐπιστημονικὰ	_	_
2.3	398	[4]	λήμματα	_	_
2.3	399	[1]	πρὸς	_	_
2.3	400	[4]	τὴν	_	_
2.3	401	[1]	οὐσίαν	_	_
2.3	402	[1]	ἀναφέρεται	_	_
2.3	403	[6]	τοῦ	_	_
2.3	404	[2]	ζητουμένου	_	_
2.3	405	[32]	,	b	_
2.3	406	[19]	καὶ	_	_
2.3	407	[1]	τοῦτον	_	_
2.3	408	[2]	ἔχει	_	_
2.3	409	[3]	τὸν	_	_
2.3	410	[1]	σκοπὸν	_	_
2.3	411	[33]	,	b	_
2.3	412	[5]	τῶν	_	_
2.3	413	[3]	δ	_	_
2.3	414	[10]	’	b	_
2.3	415	[1]	ἄλλων	_	_
2.3	416	[2]	ἁπάντων	_	_
2.3	417	[1]	ἔξωθεν	_	_
2.3	418	[2]	ὄντων	_	_
2.3	419	[34]	,	b	_
2.3	420	[1]	ὅσοις	_	_
2.3	421	[6]	μὲν	_	_
2.3	422	[1]	ὁ	_	_
2.3	423	[1]	διαλεκτικὸς	_	_
2.3	424	[4]	εἰς	_	_
2.3	425	[6]	τὸ	_	_
2.3	426	[1]	γυμνάσασθαι	_	_
2.3	427	[1]	χρῆται	_	_
2.3	428	[35]	,	b	_
2.3	429	[20]	καὶ	_	_
2.3	430	[1]	σοφιστὰς	_	_
2.3	431	[1]	ἐξελέγξαι	_	_
2.3	432	[36]	,	b	_
2.3	433	[21]	καὶ	_	_
2.3	434	[1]	πεῖραν	_	_
2.3	435	[1]	λαβεῖν	_	_
2.3	436	[1]	μυήσεως	_	_
2.3	437	[1]	μειρακίου	_	_
2.3	438	[37]	,	b	_
2.3	439	[22]	καὶ	_	_
2.3	440	[1]	μαιεύσασθαι	_	_
2.3	441	[38]	,	b	_
2.3	442	[23]	καὶ	_	_
2.3	443	[1]	προσαγαγεῖν	_	_
2.3	444	[1]	ἐπί	_	_
2.3	445	[1]	τινος	_	_
2.3	446	[2]	εὕρεσιν	_	_
2.3	447	[39]	,	b	_
2.3	448	[1]	ἀπορῆσαί	_	_
2.3	449	[15]	τε	_	_
2.3	450	[1]	ποιῆσαι	_	_
2.3	451	[11]	.	b	_
2.3	452	[1]	ταυτὶ	_	_
2.3	453	[7]	μὲν	_	_
2.3	454	[2]	ἅπαντα	_	_
2.3	455	[1]	διαλεκτικά	_	_
2.3	456	[16]	τε	_	_
2.3	457	[1]	κάλει	_	_
2.3	458	[40]	,	b	_
2.3	459	[4]	εἰ	_	_
2.3	460	[1]	βούλοιο	_	_
2.3	461	[41]	,	b	_
2.3	462	[24]	καὶ	_	_
2.3	463	[1]	γυμναστικὰ	_	_
2.3	464	[42]	,	b	_
2.3	465	[25]	καὶ	_	_
2.3	466	[1]	τοπικὰ	_	_
2.3	467	[43]	,	b	_
2.3	468	[1]	(	a	_
2.3	469	[6]	τῶν	_	_
2.3	470	[2]	γὰρ	_	_
2.3	471	[1]	ὀνομάτων	_	_
2.3	472	[1]	οὐ	_	_
2.3	473	[1]	φροντίζω	_	_
2.3	474	[44]	,	b	_
2.3	475	[1]	)	b	_
2.3	476	[1]	διορίζειν	_	_
2.3	477	[6]	δὲ	_	_
2.3	478	[1]	ταῦτα	_	_
2.3	479	[1]	πειρῶ	_	_
2.3	480	[7]	τῶν	_	_
2.3	481	[1]	ἐπιστημονικῶν	_	_
2.3	482	[12]	.	b	_
2.3	483	[1]	ὅσα	_	_
2.3	484	[4]	δ	_	_
2.3	485	[11]	’	b	_
2.3	486	[1]	ἔτι	_	_
2.3	487	[3]	τούτων	_	_
2.3	488	[1]	ἀποκεχώρηκε	_	_
2.3	489	[1]	ἐξωτέρω	_	_
2.3	490	[45]	,	b	_
2.3	491	[26]	καὶ	_	_
2.3	492	[1]	μάλιστα	_	_
2.3	493	[2]	διὰ	_	_
2.3	494	[1]	παραδειγμάτων	_	_
2.3	495	[1]	ἐνδόξων	_	_
2.3	496	[17]	τε	_	_
2.3	497	[27]	καὶ	_	_
2.3	498	[1]	πολιτικῶν	_	_
2.3	499	[1]	ἐπαγωγῶν	_	_
2.3	500	[1]	τέ	_	_
2.3	501	[1]	τινων	_	_
2.3	502	[2]	τοιούτων	_	_
2.3	503	[5]	ἢ	_	_
2.3	504	[1]	μαρτύρων	_	_
2.3	505	[5]	εἰς	_	_
2.3	506	[1]	σύστασιν	_	_
2.3	507	[1]	ἀφικνεῖται	_	_
2.3	508	[46]	,	b	_
2.3	509	[1]	ταῦτ	_	_
2.3	510	[12]	’	b	_
2.3	511	[5]	εἰ	_	_
2.3	512	[2]	βούλοιο	_	_
2.3	513	[1]	πιθανὰ	_	_
2.3	514	[18]	τε	_	_
2.3	515	[28]	καὶ	_	_
2.3	516	[1]	ῥητορικὰ	_	_
2.3	517	[1]	προσαγορεύειν	_	_
2.3	518	[47]	,	b	_
2.3	519	[1]	οὔ	_	_
2.3	520	[1]	μοι	_	_
2.3	521	[1]	μέλει	_	_
2.3	522	[8]	τῆς	_	_
2.3	523	[1]	κλήσεως	_	_
2.3	524	[48]	,	b	_
2.3	525	[1]	γνωρίζειν	_	_
2.3	526	[7]	δὲ	_	_
2.3	527	[6]	αὐτῶν	_	_
2.3	528	[4]	χρὴ	_	_
2.3	529	[1]	πειρᾶσθαι	_	_
2.3	530	[5]	τὴν	_	_
2.3	531	[1]	φύσιν	_	_
2.3	532	[13]	.	b	_
2.3	533	[2]	ἔτι	_	_
2.3	534	[8]	δὲ	_	_
2.3	535	[1]	μᾶλλον	_	_
2.3	536	[2]	ἀποκεχώρηκε	_	_
2.3	537	[9]	τῆς	_	_
2.3	538	[3]	οὐσίας	_	_
2.3	539	[7]	τοῦ	_	_
2.3	540	[3]	ζητουμένου	_	_
2.3	541	[5]	τὰ	_	_
2.3	542	[1]	σοφιστικὰ	_	_
2.3	543	[49]	,	b	_
2.3	544	[29]	καὶ	_	_
2.3	545	[2]	γέγραπται	_	_
2.3	546	[5]	περὶ	_	_
2.3	547	[4]	τούτων	_	_
2.3	548	[3]	ἁπάντων	_	_
2.3	549	[7]	τοῖς	_	_
2.3	550	[1]	παλαιοῖς	_	_
2.3	551	[50]	,	b	_
2.3	552	[7]	ἐν	_	_
2.3	553	[8]	μὲν	_	_
2.3	554	[8]	τοῖς	_	_
2.3	555	[1]	σοφιστικοῖς	_	_
2.3	556	[1]	ἐλέγχοις	_	_
2.3	557	[6]	περὶ	_	_
2.3	558	[8]	τῶν	_	_
2.3	559	[1]	σοφιστικῶν	_	_
2.3	560	[1]	εἴτε	_	_
2.3	561	[1]	προτάσεων	_	_
2.3	562	[1]	ἐθέλεις	_	_
2.3	563	[1]	ὀνομάζειν	_	_
2.3	564	[51]	,	b	_
2.3	565	[2]	εἴτε	_	_
2.3	566	[1]	ἀξιωμάτων	_	_
2.3	567	[52]	,	b	_
2.3	568	[3]	εἴτε	_	_
2.3	569	[1]	λόγων	_	_
2.3	570	[53]	,	b	_
2.3	571	[1]	οὐδὲν	_	_
2.3	572	[3]	γὰρ	_	_
2.3	573	[6]	εἰς	_	_
2.3	574	[6]	τὰ	_	_
2.3	575	[1]	παρόντα	_	_
2.3	576	[1]	διαφέρει	_	_
2.3	577	[54]	,	b	_
2.3	578	[4]	κατὰ	_	_
2.3	579	[9]	δὲ	_	_
2.3	580	[1]	τὰς	_	_
2.3	581	[1]	ῥητορικὰς	_	_
2.3	582	[1]	τέχνας	_	_
2.3	583	[3]	ὑπὲρ	_	_
2.3	584	[9]	τῶν	_	_
2.3	585	[1]	ῥητορικῶν	_	_
2.3	586	[55]	,	b	_
2.3	587	[8]	ἐν	_	_
2.3	588	[10]	δὲ	_	_
2.3	589	[9]	τοῖς	_	_
2.3	590	[1]	τοπικοῖς	_	_
2.3	591	[4]	ὑπὲρ	_	_
2.3	592	[10]	τῶν	_	_
2.3	593	[1]	διαλεκτικῶν	_	_
2.3	594	[56]	,	b	_
2.3	595	[9]	ἐν	_	_
2.3	596	[11]	δὲ	_	_
2.3	597	[10]	τοῖς	_	_
2.3	598	[7]	περὶ	_	_
2.3	599	[2]	ἀποδείξεως	_	_
2.3	600	[57]	,	b	_
2.3	601	[1]	ἃ	_	_
2.3	602	[1]	δὴ	_	_
2.3	603	[30]	καὶ	_	_
2.3	604	[1]	δεύτερα	_	_
2.3	605	[1]	ἀναλυτικὰ	_	_
2.3	606	[1]	ἐπιγράφουσιν	_	_
2.3	607	[58]	,	b	_
2.3	608	[5]	ὑπὲρ	_	_
2.3	609	[11]	τῶν	_	_
2.3	610	[2]	ἐπιστημονικῶν	_	_
2.3	611	[14]	.	b	_
2.3	612	[2]	ὥστε	_	_
2.3	613	[59]	,	b	_
2.3	614	[1]	ὅστις	_	_
2.3	615	[1]	ὁτιοῦν	_	_
2.3	616	[1]	ἀποδεικνύναι	_	_
2.3	617	[1]	πειρᾶται	_	_
2.3	618	[60]	,	b	_
2.3	619	[1]	πρῶτα	_	_
2.3	620	[9]	μὲν	_	_
2.3	621	[5]	χρὴ	_	_
2.3	622	[1]	τοῦτ	_	_
2.3	623	[13]	’	b	_
2.3	624	[1]	ἐγνωκέναι	_	_
2.3	625	[61]	,	b	_
2.3	626	[6]	τὴν	_	_
2.3	627	[1]	διαφορὰν	_	_
2.3	628	[12]	τῶν	_	_
2.3	629	[1]	λημμάτων	_	_
2.3	630	[7]	αὐτῶν	_	_
2.3	631	[62]	,	b	_
2.3	632	[3]	εἶθ	_	_
2.3	633	[14]	’	b	_
2.3	634	[2]	ἑξῆς	_	_
2.3	635	[1]	χρόνῳ	_	_
2.3	636	[1]	πολλῷ	_	_
2.3	637	[1]	γεγυμνάσθαι	_	_
2.3	638	[63]	,	b	_
2.3	639	[1]	λέγοντος	_	_
2.3	640	[10]	μὲν	_	_
2.3	641	[1]	ἑτέρου	_	_
2.3	642	[64]	,	b	_
2.3	643	[2]	γνωρίζειν	_	_
2.3	644	[1]	αὐτὰ	_	_
2.3	645	[1]	ποίου	_	_
2.3	646	[1]	γένους	_	_
2.3	647	[2]	ἐστὶν	_	_
2.3	648	[5]	ἐκ	_	_
2.3	649	[13]	τῶν	_	_
2.3	650	[1]	εἰρημένων	_	_
2.3	651	[65]	,	b	_
2.3	652	[1]	μὴ	_	_
2.3	653	[2]	λέγοντος	_	_
2.3	654	[12]	δὲ	_	_
2.3	655	[2]	ἑτέρου	_	_
2.3	656	[66]	,	b	_
2.3	657	[1]	ταχέως	_	_
2.3	658	[1]	ἔστιν	_	_
2.3	659	[1]	εὑρίσκειν	_	_
2.3	660	[1]	αὐτὸν	_	_
2.3	661	[7]	εἰς	_	_
2.3	662	[1]	ἕκαστον	_	_
2.3	663	[14]	τῶν	_	_
2.3	664	[1]	προβληθέντων	_	_
2.3	665	[15]	.	b	_
2.3	666	[1]	ἑνὶ	_	_
2.3	667	[13]	δὲ	_	_
2.3	668	[1]	λόγῳ	_	_
2.3	669	[67]	,	b	_
2.3	670	[2]	καθάπερ	_	_
2.3	671	[2]	ἐπὶ	_	_
2.3	672	[2]	τῷ	_	_
2.3	673	[1]	λογίζεσθαι	_	_
2.3	674	[1]	ποιοῦμεν	_	_
2.3	675	[68]	,	b	_
2.3	676	[1]	οὕτω	_	_
2.3	677	[1]	κᾀνταῦθα	_	_
2.3	678	[1]	πράττειν	_	_
2.3	679	[16]	.	b	_
2.3	680	[2]	ὅστις	_	_
2.3	681	[1]	ἐθέλει	_	_
2.3	682	[1]	γίγνεσθαι	_	_
2.3	683	[1]	λογιστικὸς	_	_
2.3	684	[69]	,	b	_
2.3	685	[1]	οὗτος	_	_
2.3	686	[11]	μὲν	_	_
2.3	687	[1]	ἐκμανθάνει	_	_
2.3	688	[1]	πρῶτον	_	_
2.3	689	[1]	ἀριθμοὺς	_	_
2.3	690	[1]	ἅπαντας	_	_
2.3	691	[70]	,	b	_
2.3	692	[1]	οὓς	_	_
2.3	693	[1]	ὀνομάζουσιν	_	_
2.3	694	[1]	ἐκεῖνοι	_	_
2.3	695	[1]	τετραγώνους	_	_
2.3	696	[31]	καὶ	_	_
2.3	697	[1]	ἑτερομήκεις	_	_
2.3	698	[71]	,	b	_
2.3	699	[2]	ἐφεξῆς	_	_
2.3	700	[14]	δὲ	_	_
2.3	701	[1]	γυμνάζεται	_	_
2.3	702	[2]	χρόνῳ	_	_
2.3	703	[1]	παμπόλλῳ	_	_
2.3	704	[1]	πολλαπλασιάζειν	_	_
2.3	705	[32]	καὶ	_	_
2.3	706	[1]	μερίζειν	_	_
2.3	707	[72]	,	b	_
2.3	708	[4]	εἶθ	_	_
2.3	709	[15]	’	b	_
2.3	710	[3]	ἑξῆς	_	_
2.3	711	[1]	μαθὼν	_	_
2.3	712	[1]	ὀλιγίστας	_	_
2.3	713	[1]	μεθόδους	_	_
2.3	714	[73]	,	b	_
2.3	715	[4]	οὕτως	_	_
2.3	716	[2]	ἤδη	_	_
2.3	717	[8]	περὶ	_	_
2.3	718	[1]	παντὸς	_	_
2.3	719	[8]	τοῦ	_	_
2.3	720	[1]	προβληθέντος	_	_
2.3	721	[1]	ἱκανὸς	_	_
2.3	722	[1]	γίνεται	_	_
2.3	723	[2]	λογίζεσθαι	_	_
2.3	724	[17]	.	b	_
2.3	725	[1]	καί	_	_
2.3	726	[2]	μοι	_	_
2.3	727	[1]	θαυμάζειν	_	_
2.3	728	[1]	ἐπέρχεται	_	_
2.3	729	[10]	τῆς	_	_
2.3	730	[15]	τῶν	_	_
2.3	731	[2]	πολλῶν	_	_
2.3	732	[1]	δοξοσοφίας	_	_
2.3	733	[74]	,	b	_
2.3	734	[6]	εἰ	_	_
2.3	735	[2]	προβληθέντος	_	_
2.3	736	[12]	μὲν	_	_
2.3	737	[75]	,	b	_
2.3	738	[2]	ἂν	_	_
2.3	739	[2]	οὕτω	_	_
2.3	740	[1]	τύχῃ	_	_
2.3	741	[76]	,	b	_
2.3	742	[1]	τίς	_	_
2.3	743	[1]	γίγνεται	_	_
2.3	744	[1]	τόκος	_	_
2.3	745	[1]	ἑκατοστὸς	_	_
2.3	746	[1]	Ἀττικῶν	_	_
2.3	747	[1]	δισμυρίων	_	_
2.3	748	[1]	πεντακισχιλίων	_	_
2.3	749	[1]	ἑξακοσίων	_	_
2.3	750	[1]	τριακονταεπτὰ	_	_
2.3	751	[77]	,	b	_
2.3	752	[1]	μηνῶν	_	_
2.3	753	[1]	τεσσαρεσκαίδεκα	_	_
2.3	754	[78]	,	b	_
2.3	755	[11]	τοῖς	_	_
2.3	756	[1]	λογιστικοῖς	_	_
2.3	757	[1]	ἐπιτρέπουσιν	_	_
2.3	758	[79]	,	b	_
2.3	759	[1]	εἰδότες	_	_
2.3	760	[80]	,	b	_
2.3	761	[1]	οἶμαι	_	_
2.3	762	[81]	,	b	_
2.3	763	[2]	σαφῶς	_	_
2.3	764	[82]	,	b	_
2.3	765	[4]	ὡς	_	_
2.3	766	[1]	ἑαυτῷ	_	_
2.3	767	[2]	οὐ	_	_
2.3	768	[1]	μέτεστιν	_	_
2.3	769	[1]	ἐπιστήμη	_	_
2.3	770	[1]	οὐδεμία	_	_
2.3	771	[9]	τοῦ	_	_
2.3	772	[3]	λογίζεσθαι	_	_
2.3	773	[7]	τὰ	_	_
2.3	774	[1]	τοιαῦτα	_	_
2.3	775	[83]	,	b	_
2.3	776	[1]	διότι	_	_
2.3	777	[1]	μήτ	_	_
2.3	778	[16]	’	b	_
2.3	779	[1]	ἤσκησαν	_	_
2.3	780	[2]	αὐτὰ	_	_
2.3	781	[1]	μήθ	_	_
2.3	782	[17]	’	b	_
2.3	783	[1]	ὅλως	_	_
2.3	784	[1]	ἔμαθον	_	_
2.3	785	[84]	,	b	_
2.3	786	[1]	ἀποδείξει	_	_
2.3	787	[15]	δὲ	_	_
2.3	788	[2]	χρῆσθαι	_	_
2.3	789	[1]	τολμῶσιν	_	_
2.3	790	[85]	,	b	_
2.3	791	[1]	εὖ	_	_
2.3	792	[2]	εἰδότες	_	_
2.3	793	[86]	,	b	_
2.3	794	[5]	ὡς	_	_
2.3	795	[3]	οὔτε	_	_
2.3	796	[1]	παρ	_	_
2.3	797	[18]	’	b	_
2.3	798	[1]	ἑτέρων	_	_
2.3	799	[2]	ἔμαθον	_	_
2.3	800	[2]	ὅλως	_	_
2.3	801	[2]	οὐδὲν	_	_
2.3	802	[87]	,	b	_
2.3	803	[4]	οὔτε	_	_
2.3	804	[2]	αὐτοὶ	_	_
2.3	805	[2]	καθ	_	_
2.3	806	[19]	’	b	_
2.3	807	[1]	ἑαυτοὺς	_	_
2.3	808	[1]	ἐξεῦρον	_	_
2.3	809	[88]	,	b	_
2.3	810	[2]	οἵ	_	_
2.3	811	[2]	γε	_	_
2.3	812	[1]	μηδὲ	_	_
2.3	813	[1]	ἐζήτησαν	_	_
2.3	814	[89]	,	b	_
2.3	815	[1]	ὅπου	_	_
2.3	816	[3]	γε	_	_
2.3	817	[33]	καὶ	_	_
2.3	818	[1]	ἣν	_	_
2.3	819	[1]	μεμαθήκεσαν	_	_
2.3	820	[1]	ὁδὸν	_	_
2.3	821	[1]	ἀποδεικτικὴν	_	_
2.3	822	[90]	,	b	_
2.3	823	[3]	οὐκ	_	_
2.3	824	[2]	ἦν	_	_
2.3	825	[1]	ἱκανὸν	_	_
2.3	826	[91]	,	b	_
2.3	827	[1]	ἀλλ	_	_
2.3	828	[20]	’	b	_
2.3	829	[1]	ἐχρῆν	_	_
2.3	830	[92]	,	b	_
2.3	831	[2]	οἶμαι	_	_
2.3	832	[93]	,	b	_
2.3	833	[1]	πρότερον	_	_
2.3	834	[1]	ἠσκῆσθαι	_	_
2.3	835	[1]	κατ	_	_
2.3	836	[21]	’	b	_
2.3	837	[1]	αὐτήν	_	_
2.3	838	[18]	.	b	_
2.3	839	[1]	οὐδὲ	_	_
2.3	840	[4]	γὰρ	_	_
2.3	841	[12]	τοῖς	_	_
2.3	842	[1]	ῥήτορσιν	_	_
2.3	843	[1]	ἀπόχρη	_	_
2.3	844	[2]	μέθοδον	_	_
2.3	845	[1]	ἐκμαθεῖν	_	_
2.3	846	[94]	,	b	_
2.3	847	[6]	ὡς	_	_
2.3	848	[6]	χρὴ	_	_
2.3	849	[1]	διαιρεῖν	_	_
2.3	850	[1]	ὑπόθεσιν	_	_
2.3	851	[2]	ἅπασαν	_	_
2.3	852	[95]	,	b	_
2.3	853	[2]	ἀλλ	_	_
2.3	854	[22]	’	b	_
2.3	855	[3]	ἐπὶ	_	_
2.3	856	[1]	τῇ	_	_
2.3	857	[1]	γνώσει	_	_
2.3	858	[11]	τῆς	_	_
2.3	859	[2]	μεθόδου	_	_
2.3	860	[34]	καὶ	_	_
2.3	861	[7]	τὴν	_	_
2.3	862	[1]	ἄσκησιν	_	_
2.3	863	[1]	ἐπάγουσιν	_	_
2.3	864	[19]	.	b	_
2.3	865	[1]	ἠβουλόμην	_	_
2.3	866	[3]	ἂν	_	_
2.3	867	[3]	οὖν	_	_
2.3	868	[3]	μοι	_	_
2.3	869	[35]	καὶ	_	_
2.3	870	[4]	τὸν	_	_
2.3	871	[1]	ἀποδεικτικὸν	_	_
2.3	872	[1]	εἶναι	_	_
2.3	873	[1]	φάσκοντα	_	_
2.3	874	[2]	πρῶτον	_	_
2.3	875	[13]	μὲν	_	_
2.3	876	[1]	εἰπεῖν	_	_
2.3	877	[8]	τὴν	_	_
2.3	878	[3]	μέθοδον	_	_
2.3	879	[96]	,	b	_
2.3	880	[1]	ᾗ	_	_
2.3	881	[2]	χρῆται	_	_
2.3	882	[2]	πρὸς	_	_
2.3	883	[2]	τὰς	_	_
2.3	884	[1]	ἀποδείξεις	_	_
2.3	885	[97]	,	b	_
2.3	886	[5]	εἶθ	_	_
2.3	887	[23]	’	b	_
2.3	888	[98]	,	b	_
2.3	889	[1]	ὅπως	_	_
2.3	890	[1]	ἤσκηται	_	_
2.3	891	[2]	κατ	_	_
2.3	892	[24]	’	b	_
2.3	893	[2]	αὐτὴν	_	_
2.3	894	[99]	,	b	_
2.3	895	[1]	ἐπιδείξασθαι	_	_
2.3	896	[20]	.	b	_
2.3	897	[1]	νυνὶ	_	_
2.3	898	[16]	δὲ	_	_
2.3	899	[1]	πῶς	_	_
2.3	900	[14]	μὲν	_	_
2.3	901	[1]	οἱ	_	_
2.3	902	[3]	διὰ	_	_
2.3	903	[1]	δύο	_	_
2.3	904	[1]	τροπικῶν	_	_
2.3	905	[6]	ἢ	_	_
2.3	906	[1]	τριῶν	_	_
2.3	907	[1]	ἀναλύονται	_	_
2.3	908	[1]	συλλογισμοὶ	_	_
2.3	909	[100]	,	b	_
2.3	910	[36]	καὶ	_	_
2.3	911	[2]	πῶς	_	_
2.3	912	[2]	οἱ	_	_
2.3	913	[1]	ἀδιαφόρως	_	_
2.3	914	[1]	περαίνονται	_	_
2.3	915	[101]	,	b	_
2.3	916	[1]	ἤ	_	_
2.3	917	[1]	τινες	_	_
2.3	918	[1]	ἄλλοι	_	_
2.3	919	[1]	τοιοῦτοι	_	_
2.3	920	[102]	,	b	_
2.3	921	[3]	τῷ	_	_
2.3	922	[1]	πρώτῳ	_	_
2.3	923	[37]	καὶ	_	_
2.3	924	[1]	δευτέρῳ	_	_
2.3	925	[1]	θέματι	_	_
2.3	926	[1]	προσχρώμενοι	_	_
2.3	927	[103]	,	b	_
2.3	928	[1]	πολλοῖς	_	_
2.3	929	[1]	ἐστι	_	_
2.3	930	[1]	συντυχεῖν	_	_
2.3	931	[1]	ἀκριβῶς	_	_
2.3	932	[1]	ἠσκημένοις	_	_
2.3	933	[104]	,	b	_
2.3	934	[1]	ὥσπερ	_	_
2.3	935	[1]	ἀμέλει	_	_
2.3	936	[38]	καὶ	_	_
2.3	937	[1]	ἐπ	_	_
2.3	938	[25]	’	b	_
2.3	939	[3]	ἄλλοις	_	_
2.3	940	[105]	,	b	_
2.3	941	[2]	ὅσοις	_	_
2.3	942	[4]	διὰ	_	_
2.3	943	[10]	τοῦ	_	_
2.3	944	[1]	τρίτου	_	_
2.3	945	[1]	θέματος	_	_
2.3	946	[7]	ἢ	_	_
2.3	947	[1]	τετάρτου	_	_
2.3	948	[1]	συλλογισμοὺς	_	_
2.3	949	[1]	ἀναλύουσι	_	_
2.3	950	[21]	.	b	_
2.3	951	[1]	καίτοι	_	_
2.3	952	[5]	τούτων	_	_
2.3	953	[1]	τοὺς	_	_
2.3	954	[1]	πλείστους	_	_
2.3	955	[1]	ἔνεστιν	_	_
2.3	956	[1]	ἑτέρως	_	_
2.3	957	[1]	ἀναλύειν	_	_
2.3	958	[2]	συντομώτερον	_	_
2.3	959	[106]	,	b	_
2.3	960	[7]	ὡς	_	_
2.3	961	[1]	Ἀντίπατρος	_	_
2.3	962	[1]	ἔγραψεν	_	_
2.3	963	[107]	,	b	_
2.3	964	[3]	πρὸς	_	_
2.3	965	[4]	τῷ	_	_
2.3	966	[39]	καὶ	_	_
2.3	967	[1]	περιεργίαν	_	_
2.3	968	[2]	εἶναι	_	_
2.3	969	[3]	οὐ	_	_
2.3	970	[1]	μικρὰν	_	_
2.3	971	[1]	ἀχρήστου	_	_
2.3	972	[3]	πράγματος	_	_
2.3	973	[3]	ἅπασαν	_	_
2.3	974	[9]	τὴν	_	_
2.3	975	[16]	τῶν	_	_
2.3	976	[3]	τοιούτων	_	_
2.3	977	[1]	συλλογισμῶν	_	_
2.3	978	[1]	συμπλοκὴν	_	_
2.3	979	[108]	,	b	_
2.3	980	[8]	ὡς	_	_
2.3	981	[1]	αὐτὸς	_	_
2.3	982	[2]	ὁ	_	_
2.3	983	[1]	Χρυσίππως	_	_
2.3	984	[1]	ἔργῳ	_	_
2.3	985	[1]	μαρτυρεῖ	_	_
2.3	986	[109]	,	b	_
2.3	987	[1]	μηδαμόθι	_	_
2.3	988	[17]	τῶν	_	_
2.3	989	[1]	ἑαυτοῦ	_	_
2.3	990	[1]	συγγραμμάτων	_	_
2.3	991	[8]	εἰς	_	_
2.3	992	[1]	ἀπόδειξιν	_	_
2.3	993	[1]	δόγματος	_	_
2.3	994	[1]	ἐκείνων	_	_
2.3	995	[1]	δεηθεὶς	_	_
2.3	996	[18]	τῶν	_	_
2.3	997	[2]	συλλογισμῶν	_	_
2.3	998	[22]	.	b	_
2.3	999	[2]	ὅπως	_	_
2.3	1000	[17]	δὲ	_	_
2.3	1001	[7]	χρὴ	_	_
2.3	1002	[3]	γνωρίζειν	_	_
2.3	1003	[19]	τε	_	_
2.3	1004	[40]	καὶ	_	_
2.3	1005	[1]	διακρίνειν	_	_
2.3	1006	[2]	ἐπιστημονικὰ	_	_
2.3	1007	[5]	λήμματα	_	_
2.3	1008	[2]	διαλεκτικῶν	_	_
2.3	1009	[20]	τε	_	_
2.3	1010	[41]	καὶ	_	_
2.3	1011	[2]	ῥητορικῶν	_	_
2.3	1012	[42]	καὶ	_	_
2.3	1013	[2]	σοφιστικῶν	_	_
2.3	1014	[110]	,	b	_
2.3	1015	[1]	οὐκέτι	_	_
2.3	1016	[1]	ἔγραψαν	_	_
2.3	1017	[1]	ἀξιόλογον	_	_
2.3	1018	[3]	οὐδὲν	_	_
2.3	1019	[3]	οἱ	_	_
2.3	1020	[9]	περὶ	_	_
2.3	1021	[5]	τὸν	_	_
2.3	1022	[2]	Χρύσιππον	_	_
2.3	1023	[111]	,	b	_
2.3	1024	[5]	οὔτε	_	_
2.3	1025	[1]	φαίνονται	_	_
2.3	1026	[1]	χρώμενοι	_	_
2.3	1027	[23]	.	b	_
2.3	1028	[3]	ἀλλ	_	_
2.3	1029	[26]	’	b	_
2.3	1030	[4]	ὅτι	_	_
2.3	1031	[3]	τὰς	_	_
2.3	1032	[1]	χεῖρας	_	_
2.3	1033	[1]	ἐπιφέρομεν	_	_
2.3	1034	[5]	τῷ	_	_
2.3	1035	[1]	θώρακι	_	_
2.3	1036	[1]	δεικνύντες	_	_
2.3	1037	[2]	ἡμᾶς	_	_
2.3	1038	[1]	αὐτοὺς	_	_
2.3	1039	[112]	,	b	_
2.3	1040	[8]	ἢ	_	_
2.3	1041	[2]	τῇ	_	_
2.3	1042	[1]	κεφαλῇ	_	_
2.3	1043	[1]	κάτω	_	_
2.3	1044	[1]	νεύομεν	_	_
2.3	1045	[113]	,	b	_
2.3	1046	[7]	εἰ	_	_
2.3	1047	[10]	τὴν	_	_
2.3	1048	[1]	ἐγὼ	_	_
2.3	1049	[1]	φθεγγόμεθα	_	_
2.3	1050	[1]	φωνὴν	_	_
2.3	1051	[114]	,	b	_
2.3	1052	[9]	εἰς	_	_
2.3	1053	[1]	ἔνδειξιν	_	_
2.3	1054	[11]	τοῦ	_	_
2.3	1055	[11]	τὴν	_	_
2.3	1056	[2]	καρδίαν	_	_
2.3	1057	[3]	εἶναι	_	_
2.3	1058	[12]	τὴν	_	_
2.3	1059	[1]	ἀρχὴν	_	_
2.3	1060	[12]	τῆς	_	_
2.3	1061	[2]	ψυχῆς	_	_
2.3	1062	[4]	οὐκ	_	_
2.3	1063	[1]	αἰδοῦνται	_	_
2.3	1064	[1]	γράφοντες	_	_
2.3	1065	[115]	,	b	_
2.3	1066	[2]	ὧν	_	_
2.3	1067	[2]	ἡ	_	_
2.3	1068	[1]	δεῖξις	_	_
2.3	1069	[4]	οὐδὲν	_	_
2.3	1070	[2]	μᾶλλον	_	_
2.3	1071	[10]	ἐν	_	_
2.3	1072	[3]	τῇ	_	_
2.3	1073	[1]	καρδίᾳ	_	_
2.3	1074	[116]	,	b	_
2.3	1075	[9]	ἢ	_	_
2.3	1076	[11]	ἐν	_	_
2.3	1077	[4]	τῇ	_	_
2.3	1078	[1]	ῥινί	_	_
2.3	1079	[21]	τε	_	_
2.3	1080	[43]	καὶ	_	_
2.3	1081	[6]	τῷ	_	_
2.3	1082	[1]	μετώπῳ	_	_
2.3	1083	[117]	,	b	_
2.3	1084	[2]	(	a	_
2.3	1085	[44]	καὶ	_	_
2.3	1086	[5]	γὰρ	_	_
2.3	1087	[45]	καὶ	_	_
2.3	1088	[2]	ταῦτα	_	_
2.3	1089	[1]	δείκνυται	_	_
2.3	1090	[2]	πολλάκις	_	_
2.3	1091	[1]	ὑπὸ	_	_
2.3	1092	[19]	τῶν	_	_
2.3	1093	[1]	ἀνθρώπων	_	_
2.3	1094	[118]	,	b	_
2.3	1095	[2]	)	b	_
2.3	1096	[1]	ἐμφαίνει	_	_
2.3	1097	[7]	τὸ	_	_
2.3	1098	[1]	ἡγεμονοῦν	_	_
2.3	1099	[4]	εἶναι	_	_
2.3	1100	[13]	τῆς	_	_
2.3	1101	[3]	ψυχῆς	_	_
2.3	1102	[24]	.	b	_
2.3	1103	[3]	ἡ	_	_
2.3	1104	[18]	δὲ	_	_
2.3	1105	[1]	ἐπίνευσις	_	_
2.3	1106	[5]	οὐδὲν	_	_
2.3	1107	[3]	μᾶλλον	_	_
2.3	1108	[12]	ἐν	_	_
2.3	1109	[13]	τοῖς	_	_
2.3	1110	[5]	κατὰ	_	_
2.3	1111	[13]	τὴν	_	_
2.3	1112	[1]	κεφαλὴν	_	_
2.3	1113	[119]	,	b	_
2.3	1114	[10]	ἢ	_	_
2.3	1115	[13]	ἐν	_	_
2.3	1116	[14]	τοῖς	_	_
2.3	1117	[6]	κατὰ	_	_
2.3	1118	[6]	τὸν	_	_
2.3	1119	[1]	θώρακα	_	_
2.3	1120	[25]	.	b	_
2.3	1121	[4]	ἡ	_	_
2.3	1122	[19]	δὲ	_	_
2.3	1123	[1]	ε΄	_	_
2.3	1124	[1]	φωνὴ	_	_
2.3	1125	[1]	πόσης	_	_
2.3	1126	[1]	ἀτοπίας	_	_
2.3	1127	[1]	ἔχεται	_	_
2.3	1128	[120]	,	b	_
2.3	1129	[7]	κατὰ	_	_
2.3	1130	[8]	τὸ	_	_
2.3	1131	[1]	δεύτερον	_	_
2.3	1132	[1]	ὑπέδειξα	_	_
2.3	1133	[20]	τῶν	_	_
2.3	1134	[6]	ὑπὲρ	_	_
2.3	1135	[2]	ὀνομάτων	_	_
2.3	1136	[1]	ὀρθότητος	_	_
2.3	1137	[26]	.	b	_
2.3	1138	[1]	εἴ	_	_
2.3	1139	[1]	τις	_	_
2.3	1140	[4]	οὖν	_	_
2.3	1141	[1]	καλῶς	_	_
2.3	1142	[2]	ἤσκηται	_	_
2.3	1143	[4]	τὰς	_	_
2.3	1144	[1]	διαφορὰς	_	_
2.3	1145	[21]	τῶν	_	_
2.3	1146	[2]	λημμάτων	_	_
2.3	1147	[2]	ἐξευρίσκειν	_	_
2.3	1148	[22]	τε	_	_
2.3	1149	[46]	καὶ	_	_
2.3	1150	[4]	γνωρίζειν	_	_
2.3	1151	[121]	,	b	_
2.3	1152	[4]	οὐ	_	_
2.3	1153	[1]	δεήσομαι	_	_
2.3	1154	[4]	πρὸς	_	_
2.3	1155	[2]	αὐτὸν	_	_
2.3	1156	[1]	ἀντιλογίας	_	_
2.3	1157	[1]	μακροτέρας	_	_
2.3	1158	[122]	,	b	_
2.3	1159	[2]	ὥσπερ	_	_
2.3	1160	[2]	οὐδὲ	_	_
2.3	1161	[5]	πρὸς	_	_
2.3	1162	[2]	τοὺς	_	_
2.3	1163	[6]	ἐκ	_	_
2.3	1164	[12]	τοῦ	_	_
2.3	1165	[1]	περιπάτου	_	_
2.3	1166	[27]	.	b	_
2.3	1167	[8]	κατὰ	_	_
2.3	1168	[6]	γὰρ	_	_
2.3	1169	[5]	τὰς	_	_
2.3	1170	[1]	ἰδίας	_	_
2.3	1171	[8]	αὐτῶν	_	_
2.3	1172	[1]	διδασκαλίας	_	_
2.3	1173	[3]	ὁ	_	_
2.3	1174	[1]	λόγος	_	_
2.3	1175	[1]	ἔσται	_	_
2.3	1176	[4]	μοι	_	_
2.3	1177	[6]	πρὸς	_	_
2.3	1178	[2]	αὐτοὺς	_	_
2.3	1179	[7]	ὑπὲρ	_	_
2.3	1180	[13]	τοῦ	_	_
2.3	1181	[14]	τὴν	_	_
2.3	1182	[14]	τοῦ	_	_
2.3	1183	[2]	ἡγεμονικοῦ	_	_
2.3	1184	[14]	τῆς	_	_
2.3	1185	[4]	ψυχῆς	_	_
2.3	1186	[2]	ἀρχὴν	_	_
2.3	1187	[14]	ἐν	_	_
2.3	1188	[1]	ἐγκεφάλῳ	_	_
2.3	1189	[1]	περιέχεσθαι	_	_
2.3	1190	[123]	,	b	_
2.3	1191	[15]	τῆς	_	_
2.3	1192	[20]	δὲ	_	_
2.3	1193	[1]	θυμοειδοῦς	_	_
2.3	1194	[15]	ἐν	_	_
2.3	1195	[2]	καρδίᾳ	_	_
2.3	1196	[124]	,	b	_
2.3	1197	[16]	τῆς	_	_
2.3	1198	[5]	δ	_	_
2.3	1199	[27]	’	b	_
2.3	1200	[1]	ἐπιθυμητικῆς	_	_
2.3	1201	[16]	ἐν	_	_
2.3	1202	[1]	ἥπατι	_	_
2.3	1203	[28]	.	b	_
2.3	1204	[7]	πρὸς	_	_
2.3	1205	[1]	μέντοι	_	_
2.3	1206	[3]	τοὺς	_	_
2.3	1207	[1]	Στωϊκοὺς	_	_
2.3	1208	[2]	ἀναγκαῖόν	_	_
2.3	1209	[2]	ἐστι	_	_
2.3	1210	[1]	μακρὸν	_	_
2.3	1211	[1]	ἀνύεσθαι	_	_
2.3	1212	[2]	λόγον	_	_
2.3	1213	[125]	,	b	_
2.3	1214	[1]	ἀνθρώπους	_	_
2.3	1215	[17]	ἐν	_	_
2.3	1216	[15]	μὲν	_	_
2.3	1217	[15]	τοῖς	_	_
2.3	1218	[1]	ἀχρήστοις	_	_
2.3	1219	[17]	τῆς	_	_
2.3	1220	[2]	﻿	_	_
2.3	1221	[1]	λογικῆς	_	_
2.3	1222	[1]	θεωρίας	_	_
2.3	1223	[1]	ἱκανῶς	_	_
2.3	1224	[1]	γεγυμνασμένους	_	_
2.3	1225	[126]	,	b	_
2.3	1226	[18]	ἐν	_	_
2.3	1227	[21]	δὲ	_	_
2.3	1228	[16]	τοῖς	_	_
2.3	1229	[1]	χρησίμοις	_	_
2.3	1230	[1]	ἀγυμναστοτάτους	_	_
2.3	1231	[23]	τε	_	_
2.3	1232	[3]	ἅμα	_	_
2.3	1233	[47]	καὶ	_	_
2.3	1234	[1]	μοχθηραῖς	_	_
2.3	1235	[1]	ὁδοῖς	_	_
2.3	1236	[1]	ἐπιχειρημάτων	_	_
2.3	1237	[1]	ἐντεθραμμένους	_	_
2.3	1238	[1]	·	b	_
2.3	1239	[3]	ὥστε	_	_
2.3	1240	[1]	ἀναγκαῖον	_	_
2.3	1241	[5]	εἶναι	_	_
2.3	1242	[2]	μὴ	_	_
2.3	1243	[2]	μόνον	_	_
2.3	1244	[1]	διδάσκειν	_	_
2.3	1245	[3]	αὐτοὺς	_	_
2.3	1246	[127]	,	b	_
2.3	1247	[1]	ὅσον	_	_
2.3	1248	[1]	χρηστὸν	_	_
2.3	1249	[128]	,	b	_
2.3	1250	[1]	ἀλλὰ	_	_
2.3	1251	[1]	πολὺ	_	_
2.3	1252	[2]	πρότερον	_	_
2.3	1253	[1]	ἀποστῆσαι	_	_
2.3	1254	[15]	τοῦ	_	_
2.3	1255	[1]	μοχθηροῦ	_	_
2.3	1256	[29]	.	b	_
2.3	1257	[4]	τοῦτο	_	_
2.3	1258	[22]	δὲ	_	_
2.3	1259	[1]	χαλεπῶς	_	_
2.3	1260	[16]	μὲν	_	_
2.3	1261	[4]	ἂν	_	_
2.3	1262	[1]	ἴσως	_	_
2.3	1263	[129]	,	b	_
2.3	1264	[1]	ἀνύσειν	_	_
2.3	1265	[6]	δ	_	_
2.3	1266	[28]	’	b	_
2.3	1267	[1]	ἠλπίσαμεν	_	_
2.3	1268	[130]	,	b	_
2.3	1269	[2]	εἴ	_	_
2.3	1270	[2]	τις	_	_
2.3	1271	[9]	αὐτῶν	_	_
2.3	1272	[1]	ὑπέμεινε	_	_
2.3	1273	[5]	τῇ	_	_
2.3	1274	[10]	περὶ	_	_
2.3	1275	[3]	ἀποδείξεως	_	_
2.3	1276	[1]	πραγματείᾳ	_	_
2.3	1277	[1]	ἀκολουθήσας	_	_
2.3	1278	[4]	ἐπὶ	_	_
2.3	1279	[1]	πλέον	_	_
2.3	1280	[19]	ἐν	_	_
2.3	1281	[1]	αὐτῇ	_	_
2.3	1282	[1]	δοῦναί	_	_
2.3	1283	[24]	τε	_	_
2.3	1284	[48]	καὶ	_	_
2.3	1285	[2]	λαβεῖν	_	_
2.3	1286	[3]	λόγον	_	_
2.3	1287	[20]	ἐν	_	_
2.3	1288	[1]	εὐμενέσιν	_	_
2.3	1289	[2]	ἐλέγχοις	_	_
2.3	1290	[30]	.	b	_
2.3	1291	[1]	ἐπεὶ	_	_
2.3	1292	[23]	δὲ	_	_
2.3	1293	[1]	οὐχ	_	_
2.3	1294	[1]	ὑπομένουσι	_	_
2.3	1295	[17]	μὲν	_	_
2.3	1296	[5]	τοῦτο	_	_
2.3	1297	[131]	,	b	_
2.3	1298	[11]	περὶ	_	_
2.3	1299	[24]	δὲ	_	_
2.3	1300	[16]	τοῦ	_	_
2.3	1301	[1]	προτεθέντος	_	_
2.3	1302	[1]	ἀεὶ	_	_
2.3	1303	[1]	ζητοῦσι	_	_
2.3	1304	[132]	,	b	_
2.3	1305	[1]	πρὶν	_	_
2.3	1306	[133]	,	b	_
2.3	1307	[3]	ὅπως	_	_
2.3	1308	[8]	χρὴ	_	_
2.3	1309	[2]	ζητεῖν	_	_
2.3	1310	[134]	,	b	_
2.3	1311	[1]	καταστήσασθαι	_	_
2.3	1312	[135]	,	b	_
2.3	1313	[2]	τίς	_	_
2.3	1314	[5]	ἂν	_	_
2.3	1315	[1]	ἡμῖν	_	_
2.3	1316	[1]	ἐλπὶς	_	_
2.3	1317	[3]	ἔτι	_	_
2.3	1318	[1]	λείποιτο	_	_
2.3	1319	[17]	τοῦ	_	_
2.3	1320	[1]	μεταστῆσαι	_	_
2.3	1321	[4]	τοὺς	_	_
2.3	1322	[2]	ἀνθρώπους	_	_
2.3	1323	[1]	ἀφ	_	_
2.3	1324	[29]	’	b	_
2.3	1325	[3]	ὧν	_	_
2.3	1326	[1]	ψευδῶς	_	_
2.3	1327	[1]	ὑπειλήφασιν	_	_
2.3	1328	[4]	;	b	_
2.4	1	[1]	Ἀλλ	_	_
2.4	2	[1]	’	b	_
2.4	3	[1]	ἐπεὶ	_	_
2.4	4	[1]	μὴ	_	_
2.4	5	[1]	μόνον	_	_
2.4	6	[1]	ἐκείνους	_	_
2.4	7	[1]	πρόκειται	_	_
2.4	8	[1]	πείθειν	_	_
2.4	9	[1]	,	b	_
2.4	10	[1]	ἀλλὰ	_	_
2.4	11	[1]	καὶ	_	_
2.4	12	[1]	τῶν	_	_
2.4	13	[1]	ἄλλων	_	_
2.4	14	[1]	ἁπάντων	_	_
2.4	15	[1]	ὅστις	_	_
2.4	16	[1]	ἂν	_	_
2.4	17	[1]	μήπω	_	_
2.4	18	[1]	μοχθηροῖς	_	_
2.4	19	[1]	ἔθεσι	_	_
2.4	20	[1]	λόγων	_	_
2.4	21	[1]	ἐντεθραμμένος	_	_
2.4	22	[1]	ἀνίατον	_	_
2.4	23	[1]	ἔχῃ	_	_
2.4	24	[1]	τὴν	_	_
2.4	25	[1]	ἐν	_	_
2.4	26	[1]	τῇ	_	_
2.4	27	[1]	ψυχῇ	_	_
2.4	28	[1]	διαστροφὴν	_	_
2.4	29	[2]	,	b	_
2.4	30	[1]	ἄρξομαι	_	_
2.4	31	[1]	πάλιν	_	_
2.4	32	[1]	ἄνωθεν	_	_
2.4	33	[1]	εἰς	_	_
2.4	34	[1]	τὸ	_	_
2.4	35	[1]	προκείμενον	_	_
2.4	36	[1]	σκέμμα	_	_
2.4	37	[1]	δεικνύναι	_	_
2.4	38	[3]	,	b	_
2.4	39	[1]	πῶς	_	_
2.4	40	[1]	ἄν	_	_
2.4	41	[1]	τις	_	_
2.4	42	[1]	ἐπιστημονικὰ	_	_
2.4	43	[1]	λαμβάνοι	_	_
2.4	44	[1]	λήμματα	_	_
2.4	45	[2]	τὴν	_	_
2.4	46	[1]	ἀληθινὴν	_	_
2.4	47	[1]	ἀπόδειξιν	_	_
2.4	48	[1]	συνιστάνοντα	_	_
2.4	49	[4]	,	b	_
2.4	50	[2]	πῶς	_	_
2.4	51	[1]	δὲ	_	_
2.4	52	[2]	ἂν	_	_
2.4	53	[1]	ταῦτα	_	_
2.4	54	[1]	διακρίνοι	_	_
2.4	55	[2]	τις	_	_
2.4	56	[1]	ἀπὸ	_	_
2.4	57	[2]	τῶν	_	_
2.4	58	[2]	ἄλλων	_	_
2.4	59	[1]	λημμάτων	_	_
2.4	60	[1]	.	b	_
2.4	61	[1]	ἔτι	_	_
2.4	62	[1]	τε	_	_
2.4	63	[1]	πρὸς	_	_
2.4	64	[1]	τούτοις	_	_
2.4	65	[3]	τῶν	_	_
2.4	66	[3]	τὴν	_	_
2.4	67	[1]	φαινομένην	_	_
2.4	68	[2]	ἀπόδειξιν	_	_
2.4	69	[5]	,	b	_
2.4	70	[1]	οὐκ	_	_
2.4	71	[1]	οὖσαν	_	_
2.4	72	[2]	δὲ	_	_
2.4	73	[1]	συνιστάντων	_	_
2.4	74	[2]	λημμάτων	_	_
2.4	75	[1]	ἐπιδείξω	_	_
2.4	76	[4]	τὴν	_	_
2.4	77	[1]	φύσιν	_	_
2.4	78	[1]	ἐπ	_	_
2.4	79	[2]	’	b	_
2.4	80	[1]	αὐτοῦ	_	_
2.4	81	[1]	τοῦ	_	_
2.4	82	[1]	νῦν	_	_
2.4	83	[1]	ἡμῖν	_	_
2.4	84	[1]	προκειμένου	_	_
2.4	85	[1]	σκέμματος	_	_
2.4	86	[2]	.	b	_
2.4	87	[1]	ἥτις	_	_
2.4	88	[3]	δὲ	_	_
2.4	89	[1]	τούτων	_	_
2.4	90	[1]	αὐτῶν	_	_
2.4	91	[1]	ἐστι	_	_
2.4	92	[2]	πρὸς	_	_
2.4	93	[1]	ἄλληλα	_	_
2.4	94	[1]	διαφορὰ	_	_
2.4	95	[6]	,	b	_
2.4	96	[1]	καθ	_	_
2.4	97	[3]	’	b	_
2.4	98	[1]	ὅσον	_	_
2.4	99	[1]	οἷός	_	_
2.4	100	[1]	τ	_	_
2.4	101	[4]	’	b	_
2.4	102	[1]	εἰμὶ	_	_
2.4	103	[7]	,	b	_
2.4	104	[1]	σαφέστατα	_	_
2.4	105	[1]	περὶ	_	_
2.4	106	[1]	πάντων	_	_
2.4	107	[1]	ἐρῶ	_	_
2.4	108	[3]	.	b	_
2.4	109	[2]	ἐπεὶ	_	_
2.4	110	[1]	τοίνυν	_	_
2.4	111	[2]	πρόκειται	_	_
2.4	112	[1]	σκέψασθαι	_	_
2.4	113	[2]	περὶ	_	_
2.4	114	[1]	τῆς	_	_
2.4	115	[1]	καρδίας	_	_
2.4	116	[8]	,	b	_
2.4	117	[1]	εἰ	_	_
2.4	118	[2]	τὸ	_	_
2.4	119	[2]	τῆς	_	_
2.4	120	[1]	ψυχῆς	_	_
2.4	121	[1]	ἡγεμονικόν	_	_
2.4	122	[1]	ἐστιν	_	_
2.4	123	[2]	ἐν	_	_
2.4	124	[1]	αὐτῇ	_	_
2.4	125	[9]	,	b	_
2.4	126	[1]	ὃ	_	_
2.4	127	[1]	κατάρχει	_	_
2.4	128	[1]	πᾶσι	_	_
2.4	129	[1]	τοῖς	_	_
2.4	130	[2]	τοῦ	_	_
2.4	131	[1]	ζώου	_	_
2.4	132	[1]	μορίοις	_	_
2.4	133	[1]	αἰσθήσεώς	_	_
2.4	134	[2]	τε	_	_
2.4	135	[1]	ἅμα	_	_
2.4	136	[2]	καὶ	_	_
2.4	137	[3]	τῆς	_	_
2.4	138	[2]	καθ	_	_
2.4	139	[5]	’	b	_
2.4	140	[1]	ὁρμὴν	_	_
2.4	141	[1]	κινήσεως	_	_
2.4	142	[10]	,	b	_
2.4	143	[1]	ἰστέον	_	_
2.4	144	[1]	ὡς	_	_
2.4	145	[11]	,	b	_
2.4	146	[1]	ὅσα	_	_
2.4	147	[1]	μὲν	_	_
2.4	148	[2]	ἀπὸ	_	_
2.4	149	[4]	τῶν	_	_
2.4	150	[1]	ὑπαρχόντων	_	_
2.4	151	[2]	αὐτῇ	_	_
2.4	152	[1]	λαμβάνεται	_	_
2.4	153	[2]	λήμματα	_	_
2.4	154	[12]	,	b	_
2.4	155	[1]	διττὴν	_	_
2.4	156	[1]	ἕξει	_	_
2.4	157	[5]	τὴν	_	_
2.4	158	[1]	διαφοράν	_	_
2.4	159	[1]	·	b	_
2.4	160	[1]	ἔσται	_	_
2.4	161	[1]	γὰρ	_	_
2.4	162	[2]	αὐτῶν	_	_
2.4	163	[1]	τὰ	_	_
2.4	164	[2]	μὲν	_	_
2.4	165	[1]	κατ	_	_
2.4	166	[6]	’	b	_
2.4	167	[1]	αὐτὸ	_	_
2.4	168	[3]	τὸ	_	_
2.4	169	[1]	προκείμενόν	_	_
2.4	170	[3]	τε	_	_
2.4	171	[3]	καὶ	_	_
2.4	172	[1]	ζητούμενον	_	_
2.4	173	[2]	ἐπιστημονικὰ	_	_
2.4	174	[13]	,	b	_
2.4	175	[2]	τὰ	_	_
2.4	176	[1]	δ	_	_
2.4	177	[7]	’	b	_
2.4	178	[1]	ἄλλα	_	_
2.4	179	[1]	πάντα	_	_
2.4	180	[1]	γένους	_	_
2.4	181	[1]	ἑτέρου	_	_
2.4	182	[1]	δευτέρου	_	_
2.4	183	[1]	παρακειμένου	_	_
2.4	184	[2]	τοῖς	_	_
2.4	185	[1]	ἐπιστημονικοῖς	_	_
2.4	186	[2]	·	b	_
2.4	187	[2]	ὅσα	_	_
2.4	188	[4]	δὲ	_	_
2.4	189	[3]	ἀπὸ	_	_
2.4	190	[5]	τῶν	_	_
2.4	191	[1]	ἀνθρωπίνων	_	_
2.4	192	[1]	δοξῶν	_	_
2.4	193	[14]	,	b	_
2.4	194	[1]	εἴτ	_	_
2.4	195	[8]	’	b	_
2.4	196	[1]	οὖν	_	_
2.4	197	[1]	ἰδιωτῶν	_	_
2.4	198	[15]	,	b	_
2.4	199	[1]	εἴτε	_	_
2.4	200	[1]	ποιητῶν	_	_
2.4	201	[16]	,	b	_
2.4	202	[2]	εἴτε	_	_
2.4	203	[1]	φιλοσόφων	_	_
2.4	204	[17]	,	b	_
2.4	205	[2]	εἴτ	_	_
2.4	206	[9]	’	b	_
2.4	207	[1]	ἐξ	_	_
2.4	208	[1]	ἐτυμολογίας	_	_
2.4	209	[1]	τινὸς	_	_
2.4	210	[18]	,	b	_
2.4	211	[3]	εἴτε	_	_
2.4	212	[1]	ἐκ	_	_
2.4	213	[1]	νευμάτων	_	_
2.4	214	[19]	,	b	_
2.4	215	[4]	εἴτε	_	_
2.4	216	[2]	ἐξ	_	_
2.4	217	[1]	ἐπινευμάτων	_	_
2.4	218	[20]	,	b	_
2.4	219	[5]	εἴτε	_	_
2.4	220	[3]	ἐξ	_	_
2.4	221	[1]	ὅτου	_	_
2.4	222	[1]	δή	_	_
2.4	223	[1]	τινος	_	_
2.4	224	[2]	ἑτέρου	_	_
2.4	225	[1]	τοιούτου	_	_
2.4	226	[2]	λαμβάνεται	_	_
2.4	227	[3]	λήμματα	_	_
2.4	228	[21]	,	b	_
2.4	229	[3]	τοῦ	_	_
2.4	230	[1]	τρίτου	_	_
2.4	231	[2]	γένους	_	_
2.4	232	[2]	ἔσται	_	_
2.4	233	[2]	ταῦτα	_	_
2.4	234	[22]	,	b	_
2.4	235	[2]	διττὴν	_	_
2.4	236	[3]	μὲν	_	_
2.4	237	[1]	ἀπόστασιν	_	_
2.4	238	[1]	ἀφεστῶτα	_	_
2.4	239	[6]	τῶν	_	_
2.4	240	[1]	ἐπιστημονικῶν	_	_
2.4	241	[4]	.	b	_
2.4	242	[1]	οὐ	_	_
2.4	243	[1]	πολλῷ	_	_
2.4	244	[1]	δέ	_	_
2.4	245	[1]	τινι	_	_
2.4	246	[1]	διαφέροντα	_	_
2.4	247	[7]	τῶν	_	_
2.4	248	[1]	σοφιστικῶν	_	_
2.4	249	[23]	,	b	_
2.4	250	[1]	ἅπερ	_	_
2.4	251	[3]	ἐν	_	_
2.4	252	[1]	ὁμωνυμίαις	_	_
2.4	253	[1]	τέ	_	_
2.4	254	[1]	τισι	_	_
2.4	255	[4]	καὶ	_	_
2.4	256	[3]	τοῖς	_	_
2.4	257	[4]	τῆς	_	_
2.4	258	[1]	λέξεως	_	_
2.4	259	[1]	σχήμασι	_	_
2.4	260	[1]	μάλιστα	_	_
2.4	261	[1]	συνίσταται	_	_
2.4	262	[5]	.	b	_
2.4	263	[1]	ἀρκτέον	_	_
2.4	264	[2]	οὖν	_	_
2.4	265	[4]	ἀπὸ	_	_
2.4	266	[8]	τῶν	_	_
2.4	267	[2]	ὑπαρχόντων	_	_
2.4	268	[2]	ἁπάντων	_	_
2.4	269	[2]	τῇ	_	_
2.4	270	[1]	καρδίᾳ	_	_
2.4	271	[24]	,	b	_
2.4	272	[5]	καὶ	_	_
2.4	273	[1]	λεκτέον	_	_
2.4	274	[1]	ἐφεξῆς	_	_
2.4	275	[3]	ταῦτα	_	_
2.4	276	[2]	πάντα	_	_
2.4	277	[25]	,	b	_
2.4	278	[1]	πρῶτον	_	_
2.4	279	[4]	μὲν	_	_
2.4	280	[4]	ἐν	_	_
2.4	281	[1]	κεφαλαίοις	_	_
2.4	282	[4]	τε	_	_
2.4	283	[6]	καὶ	_	_
2.4	284	[1]	κατὰ	_	_
2.4	285	[1]	γένος	_	_
2.4	286	[26]	,	b	_
2.4	287	[1]	εἶθ	_	_
2.4	288	[10]	’	b	_
2.4	289	[1]	οὕτως	_	_
2.4	290	[7]	καὶ	_	_
2.4	291	[2]	κατὰ	_	_
2.4	292	[1]	μέρος	_	_
2.4	293	[5]	τε	_	_
2.4	294	[8]	καὶ	_	_
2.4	295	[2]	κατ	_	_
2.4	296	[11]	’	b	_
2.4	297	[1]	εἶδος	_	_
2.4	298	[6]	.	b	_
2.4	299	[1]	ὑπάρχει	_	_
2.4	300	[1]	δὴ	_	_
2.4	301	[3]	τῇ	_	_
2.4	302	[2]	καρδίᾳ	_	_
2.4	303	[1]	θέσις	_	_
2.4	304	[27]	,	b	_
2.4	305	[9]	καὶ	_	_
2.4	306	[1]	πηλικότης	_	_
2.4	307	[28]	,	b	_
2.4	308	[10]	καὶ	_	_
2.4	309	[1]	πλοκὴ	_	_
2.4	310	[29]	,	b	_
2.4	311	[11]	καὶ	_	_
2.4	312	[1]	διάπλασις	_	_
2.4	313	[30]	,	b	_
2.4	314	[12]	καὶ	_	_
2.4	315	[1]	διάθεσις	_	_
2.4	316	[31]	,	b	_
2.4	317	[13]	καὶ	_	_
2.4	318	[1]	κίνησις	_	_
2.4	319	[7]	.	b	_
2.4	320	[5]	ἀπὸ	_	_
2.4	321	[1]	πρώτης	_	_
2.4	322	[3]	οὖν	_	_
2.4	323	[5]	τῆς	_	_
2.4	324	[1]	θέσεως	_	_
2.4	325	[2]	ἀρκτέον	_	_
2.4	326	[32]	,	b	_
2.4	327	[1]	ἐπιδεικνύντας	_	_
2.4	328	[33]	,	b	_
2.4	329	[1]	ὅσαι	_	_
2.4	330	[1]	προτάσεις	_	_
2.4	331	[1]	ἀπ	_	_
2.4	332	[12]	’	b	_
2.4	333	[1]	αὐτῆς	_	_
2.4	334	[1]	συνίστανται	_	_
2.4	335	[8]	.	b	_
2.4	336	[1]	κεῖται	_	_
2.4	337	[5]	δὲ	_	_
2.4	338	[2]	ὡς	_	_
2.4	339	[3]	πρὸς	_	_
2.4	340	[5]	μὲν	_	_
2.4	341	[1]	τὸν	_	_
2.4	342	[1]	θώρακα	_	_
2.4	343	[1]	μέση	_	_
2.4	344	[1]	πως	_	_
2.4	345	[1]	μᾶλλον	_	_
2.4	346	[9]	.	b	_
2.4	347	[1]	ἡ	_	_
2.4	348	[6]	μὲν	_	_
2.4	349	[2]	γὰρ	_	_
2.4	350	[1]	βάσις	_	_
2.4	351	[2]	αὐτῆς	_	_
2.4	352	[1]	ἀκριβῶς	_	_
2.4	353	[2]	ἐστι	_	_
2.4	354	[2]	μέση	_	_
2.4	355	[4]	τοῦ	_	_
2.4	356	[1]	θώρακος	_	_
2.4	357	[1]	ἅπαντος	_	_
2.4	358	[34]	,	b	_
2.4	359	[2]	ἡ	_	_
2.4	360	[1]	κορυφὴ	_	_
2.4	361	[6]	δὲ	_	_
2.4	362	[14]	καὶ	_	_
2.4	363	[3]	τὰ	_	_
2.4	364	[1]	κάτω	_	_
2.4	365	[1]	μέρη	_	_
2.4	366	[1]	προήκει	_	_
2.4	367	[1]	τοσοῦτον	_	_
2.4	368	[35]	,	b	_
2.4	369	[1]	ἡλίκον	_	_
2.4	370	[1]	περ	_	_
2.4	371	[3]	ἂν	_	_
2.4	372	[1]	ᾖ	_	_
2.4	373	[4]	τὸ	_	_
2.4	374	[1]	μέγεθος	_	_
2.4	375	[6]	τῆς	_	_
2.4	376	[2]	καρδίας	_	_
2.4	377	[10]	.	b	_
2.4	378	[3]	ὡς	_	_
2.4	379	[7]	δὲ	_	_
2.4	380	[4]	πρὸς	_	_
2.4	381	[1]	ὅλον	_	_
2.4	382	[5]	τὸ	_	_
2.4	383	[1]	ζῶον	_	_
2.4	384	[1]	ἀνωτέρω	_	_
2.4	385	[9]	τῶν	_	_
2.4	386	[1]	μέσων	_	_
2.4	387	[2]	αὐτοῦ	_	_
2.4	388	[1]	μερῶν	_	_
2.4	389	[1]	τέτακται	_	_
2.4	390	[2]	τοσοῦτον	_	_
2.4	391	[36]	,	b	_
2.4	392	[2]	ὅσον	_	_
2.4	393	[1]	ἀπέχει	_	_
2.4	394	[10]	τῶν	_	_
2.4	395	[3]	κατὰ	_	_
2.4	396	[2]	τὸν	_	_
2.4	397	[1]	ὀμφαλὸν	_	_
2.4	398	[1]	χωρίων	_	_
2.4	399	[3]	·	b	_
2.4	400	[1]	ἐκεῖνα	_	_
2.4	401	[3]	γὰρ	_	_
2.4	402	[1]	ἀκριβέστατα	_	_
2.4	403	[4]	τὰ	_	_
2.4	404	[1]	μέσα	_	_
2.4	405	[11]	.	b	_
2.4	406	[2]	ἀλλὰ	_	_
2.4	407	[15]	καὶ	_	_
2.4	408	[5]	πρὸς	_	_
2.4	409	[3]	τὸν	_	_
2.4	410	[1]	λάρυγγα	_	_
2.4	411	[37]	,	b	_
2.4	412	[1]	δι	_	_
2.4	413	[13]	’	b	_
2.4	414	[1]	οὗ	_	_
2.4	415	[1]	ἀναπνέομεν	_	_
2.4	416	[38]	,	b	_
2.4	417	[1]	οὕτω	_	_
2.4	418	[2]	πως	_	_
2.4	419	[1]	ἔχει	_	_
2.4	420	[2]	θέσεως	_	_
2.4	421	[39]	,	b	_
2.4	422	[1]	ὥστε	_	_
2.4	423	[1]	διὰ	_	_
2.4	424	[1]	μέσου	_	_
2.4	425	[5]	τοῦ	_	_
2.4	426	[1]	πνεύμονος	_	_
2.4	427	[3]	αὐτῇ	_	_
2.4	428	[1]	συνῆπται	_	_
2.4	429	[12]	.	b	_
2.4	430	[4]	κατὰ	_	_
2.4	431	[4]	γὰρ	_	_
2.4	432	[6]	τὴν	_	_
2.4	433	[1]	ἀριστερὰν	_	_
2.4	434	[1]	κοιλίαν	_	_
2.4	435	[7]	τῆς	_	_
2.4	436	[3]	καρδίας	_	_
2.4	437	[1]	ἐκφύεταί	_	_
2.4	438	[3]	τις	_	_
2.4	439	[1]	ἀρτηρία	_	_
2.4	440	[1]	φλεβώδης	_	_
2.4	441	[6]	τὸ	_	_
2.4	442	[1]	σῶμα	_	_
2.4	443	[40]	,	b	_
2.4	444	[7]	τὸ	_	_
2.4	445	[7]	μὲν	_	_
2.4	446	[2]	πρῶτον	_	_
2.4	447	[2]	εἰς	_	_
2.4	448	[1]	τοσαῦτα	_	_
2.4	449	[1]	μόρια	_	_
2.4	450	[1]	σχιζομένη	_	_
2.4	451	[41]	,	b	_
2.4	452	[1]	ὅσοι	_	_
2.4	453	[2]	περ	_	_
2.4	454	[4]	ἂν	_	_
2.4	455	[1]	ὦσιν	_	_
2.4	456	[1]	οἱ	_	_
2.4	457	[6]	τοῦ	_	_
2.4	458	[2]	πνεύμονος	_	_
2.4	459	[1]	λοβοί	_	_
2.4	460	[4]	·	b	_
2.4	461	[1]	μετὰ	_	_
2.4	462	[4]	ταῦτα	_	_
2.4	463	[8]	δὲ	_	_
2.4	464	[1]	ἤδη	_	_
2.4	465	[3]	καθ	_	_
2.4	466	[14]	’	b	_
2.4	467	[1]	ἕκαστον	_	_
2.4	468	[3]	αὐτῶν	_	_
2.4	469	[1]	ἑκάστη	_	_
2.4	470	[1]	διανέμεται	_	_
2.4	471	[42]	,	b	_
2.4	472	[3]	εἰς	_	_
2.4	473	[1]	πολλὰ	_	_
2.4	474	[1]	γιγνομένη	_	_
2.4	475	[2]	μόρια	_	_
2.4	476	[43]	,	b	_
2.4	477	[1]	μέχρι	_	_
2.4	478	[3]	περ	_	_
2.4	479	[5]	ἂν	_	_
2.4	480	[1]	ἀναλωθῇ	_	_
2.4	481	[1]	σύμπασα	_	_
2.4	482	[13]	.	b	_
2.4	483	[4]	τοῖς	_	_
2.4	484	[9]	δὲ	_	_
2.4	485	[1]	ἐσχάτοις	_	_
2.4	486	[3]	αὐτῆς	_	_
2.4	487	[1]	πέρασι	_	_
2.4	488	[1]	παμπόλλοις	_	_
2.4	489	[1]	οὖσιν	_	_
2.4	490	[1]	οἷόν	_	_
2.4	491	[4]	περ	_	_
2.4	492	[1]	δένδρου	_	_
2.4	493	[1]	βλάσταις	_	_
2.4	494	[4]	εἰς	_	_
2.4	495	[1]	ταὐτὸν	_	_
2.4	496	[1]	ἥκει	_	_
2.4	497	[5]	τὰ	_	_
2.4	498	[8]	τῆς	_	_
2.4	499	[1]	τραχείας	_	_
2.4	500	[1]	ἀρτηρίας	_	_
2.4	501	[1]	πέρατα	_	_
2.4	502	[4]	τὸν	_	_
2.4	503	[1]	αὐτὸν	_	_
2.4	504	[1]	τρόπον	_	_
2.4	505	[5]	εἰς	_	_
2.4	506	[2]	ὅλον	_	_
2.4	507	[8]	τὸ	_	_
2.4	508	[1]	σπλάγχνον	_	_
2.4	509	[1]	μερισθείσης	_	_
2.4	510	[44]	,	b	_
2.4	511	[1]	ὅν	_	_
2.4	512	[5]	περ	_	_
2.4	513	[3]	ἡ	_	_
2.4	514	[2]	φλεβώδης	_	_
2.4	515	[2]	ἀρτηρία	_	_
2.4	516	[14]	.	b	_
2.4	517	[16]	καὶ	_	_
2.4	518	[8]	μὲν	_	_
2.4	519	[2]	δὴ	_	_
2.4	520	[17]	καὶ	_	_
2.4	521	[6]	πρὸς	_	_
2.4	522	[2]	αὐτὸν	_	_
2.4	523	[5]	τὸν	_	_
2.4	524	[1]	πνεύμονα	_	_
2.4	525	[1]	θέσιν	_	_
2.4	526	[2]	ἔχει	_	_
2.4	527	[1]	τοιαύτην	_	_
2.4	528	[45]	,	b	_
2.4	529	[1]	ὥστ	_	_
2.4	530	[15]	’	b	_
2.4	531	[1]	ἔξωθεν	_	_
2.4	532	[1]	ὑπ	_	_
2.4	533	[16]	’	b	_
2.4	534	[3]	αὐτοῦ	_	_
2.4	535	[1]	πανταχόθεν	_	_
2.4	536	[1]	ἠμφιέσθαι	_	_
2.4	537	[15]	.	b	_
2.4	538	[6]	τὰ	_	_
2.4	539	[9]	μὲν	_	_
2.4	540	[4]	οὖν	_	_
2.4	541	[9]	τῆς	_	_
2.4	542	[3]	θέσεως	_	_
2.4	543	[1]	ᾧδε	_	_
2.4	544	[3]	ἔχει	_	_
2.4	545	[4]	τῇ	_	_
2.4	546	[3]	καρδίᾳ	_	_
2.4	547	[46]	,	b	_
2.4	548	[18]	καὶ	_	_
2.4	549	[1]	δύναιτ	_	_
2.4	550	[17]	’	b	_
2.4	551	[2]	ἄν	_	_
2.4	552	[4]	τις	_	_
2.4	553	[2]	ἀπ	_	_
2.4	554	[18]	’	b	_
2.4	555	[4]	αὐτῆς	_	_
2.4	556	[1]	ἐπιχειρήματα	_	_
2.4	557	[1]	ποιεῖσθαι	_	_
2.4	558	[47]	,	b	_
2.4	559	[5]	τῇ	_	_
2.4	560	[10]	μὲν	_	_
2.4	561	[4]	ὡς	_	_
2.4	562	[7]	πρὸς	_	_
2.4	563	[9]	τὸ	_	_
2.4	564	[1]	σύμπαν	_	_
2.4	565	[2]	σῶμα	_	_
2.4	566	[48]	,	b	_
2.4	567	[1]	διότι	_	_
2.4	568	[1]	μέσον	_	_
2.4	569	[3]	πως	_	_
2.4	570	[4]	αὐτοῦ	_	_
2.4	571	[2]	κεῖται	_	_
2.4	572	[1]	δικαίας	_	_
2.4	573	[1]	ἕνεκα	_	_
2.4	574	[1]	νομῆς	_	_
2.4	575	[1]	ὧν	_	_
2.4	576	[1]	ἐπιπέμπει	_	_
2.4	577	[1]	δυνάμεων	_	_
2.4	578	[5]	αὐτοῦ	_	_
2.4	579	[49]	,	b	_
2.4	580	[6]	τῇ	_	_
2.4	581	[10]	δὲ	_	_
2.4	582	[5]	ὡς	_	_
2.4	583	[8]	πρὸς	_	_
2.4	584	[7]	τὴν	_	_
2.4	585	[1]	τραχεῖαν	_	_
2.4	586	[1]	ἀρτηρίαν	_	_
2.4	587	[50]	,	b	_
2.4	588	[1]	ὅτι	_	_
2.4	589	[8]	τὴν	_	_
2.4	590	[1]	φωνὴν	_	_
2.4	591	[2]	διὰ	_	_
2.4	592	[1]	ταύτης	_	_
2.4	593	[1]	ἐκπέμπει	_	_
2.4	594	[16]	.	b	_
2.4	595	[19]	καὶ	_	_
2.4	596	[11]	μὲν	_	_
2.4	597	[3]	δὴ	_	_
2.4	598	[20]	καὶ	_	_
2.4	599	[9]	τὴν	_	_
2.4	600	[1]	χρείαν	_	_
2.4	601	[6]	τε	_	_
2.4	602	[21]	καὶ	_	_
2.4	603	[10]	τὴν	_	_
2.4	604	[1]	ἐνέργειαν	_	_
2.4	605	[10]	τῆς	_	_
2.4	606	[1]	ἀναπνοῆς	_	_
2.4	607	[1]	συνάπτων	_	_
2.4	608	[4]	αὐτῇ	_	_
2.4	609	[2]	δύναιτ	_	_
2.4	610	[19]	’	b	_
2.4	611	[3]	ἄν	_	_
2.4	612	[1]	τινα	_	_
2.4	613	[1]	κᾀντεῦθεν	_	_
2.4	614	[2]	ἐπιχειρήματα	_	_
2.4	615	[1]	λαμβάνειν	_	_
2.4	616	[17]	.	b	_
2.4	617	[5]	κατὰ	_	_
2.4	618	[11]	δὲ	_	_
2.4	619	[6]	τὸν	_	_
2.4	620	[3]	αὐτὸν	_	_
2.4	621	[2]	τρόπον	_	_
2.4	622	[51]	,	b	_
2.4	623	[2]	ὅτι	_	_
2.4	624	[3]	μέση	_	_
2.4	625	[7]	τοῦ	_	_
2.4	626	[2]	θώρακος	_	_
2.4	627	[52]	,	b	_
2.4	628	[1]	ἴσως	_	_
2.4	629	[6]	ἂν	_	_
2.4	630	[1]	ἔχοι	_	_
2.4	631	[1]	τι	_	_
2.4	632	[22]	καὶ	_	_
2.4	633	[3]	περὶ	_	_
2.4	634	[1]	τούτου	_	_
2.4	635	[1]	λαβεῖν	_	_
2.4	636	[1]	ὁ	_	_
2.4	637	[1]	βουλόμενος	_	_
2.4	638	[2]	ἐκ	_	_
2.4	639	[2]	πάντων	_	_
2.4	640	[1]	ἐπιχειρεῖν	_	_
2.4	641	[18]	.	b	_
2.4	642	[1]	ἀλλ	_	_
2.4	643	[20]	’	b	_
2.4	644	[1]	οὔπω	_	_
2.4	645	[2]	τούτων	_	_
2.4	646	[1]	οὐδὲν	_	_
2.4	647	[1]	ἐπιστημονικὸν	_	_
2.4	648	[53]	,	b	_
2.4	649	[1]	οὐδὲ	_	_
2.4	650	[1]	ἀποδεῖξαι	_	_
2.4	651	[10]	τὸ	_	_
2.4	652	[2]	προκείμενον	_	_
2.4	653	[1]	ἱκανὸν	_	_
2.4	654	[54]	,	b	_
2.4	655	[1]	ἔστ	_	_
2.4	656	[21]	’	b	_
2.4	657	[7]	ἂν	_	_
2.4	658	[1]	μηδέπω	_	_
2.4	659	[1]	περαίνηται	_	_
2.4	660	[2]	δι	_	_
2.4	661	[22]	’	b	_
2.4	662	[4]	αὐτῶν	_	_
2.4	663	[55]	,	b	_
2.4	664	[6]	ὡς	_	_
2.4	665	[2]	αἰσθήσεώς	_	_
2.4	666	[7]	τε	_	_
2.4	667	[23]	καὶ	_	_
2.4	668	[2]	κινήσεως	_	_
2.4	669	[11]	τῆς	_	_
2.4	670	[6]	κατὰ	_	_
2.4	671	[1]	προαίρεσιν	_	_
2.4	672	[1]	ἀρχὴ	_	_
2.4	673	[5]	τοῖς	_	_
2.4	674	[1]	ζώοις	_	_
2.4	675	[1]	ἐστὶν	_	_
2.4	676	[4]	ἡ	_	_
2.4	677	[1]	καρδία	_	_
2.4	678	[19]	.	b	_
2.4	679	[2]	οὐ	_	_
2.4	680	[5]	γὰρ	_	_
2.4	681	[4]	ἐξ	_	_
2.4	682	[1]	ἀνάγκης	_	_
2.4	683	[1]	ἕπεται	_	_
2.4	684	[1]	τῷ	_	_
2.4	685	[1]	μέσην	_	_
2.4	686	[2]	τῷ	_	_
2.4	687	[1]	ζώῳ	_	_
2.4	688	[1]	κεῖσθαι	_	_
2.4	689	[11]	τὸ	_	_
2.4	690	[3]	πάντων	_	_
2.4	691	[1]	ἀρχὴν	_	_
2.4	692	[1]	ὑπάρχειν	_	_
2.4	693	[1]	αὐτήν	_	_
2.4	694	[20]	.	b	_
2.4	695	[1]	καίτοι	_	_
2.4	696	[1]	γε	_	_
2.4	697	[2]	οὐδὲ	_	_
2.4	698	[2]	αὐτὸ	_	_
2.4	699	[1]	τοῦτο	_	_
2.4	700	[1]	ἀληθές	_	_
2.4	701	[3]	ἐστι	_	_
2.4	702	[56]	,	b	_
2.4	703	[12]	τὸ	_	_
2.4	704	[2]	μέσον	_	_
2.4	705	[5]	ἐν	_	_
2.4	706	[6]	τοῖς	_	_
2.4	707	[2]	ζώοις	_	_
2.4	708	[1]	εἶναι	_	_
2.4	709	[11]	τὴν	_	_
2.4	710	[1]	καρδίαν	_	_
2.4	711	[21]	.	b	_
2.4	712	[2]	εἰ	_	_
2.4	713	[6]	γὰρ	_	_
2.4	714	[2]	ἀκριβῶς	_	_
2.4	715	[5]	τις	_	_
2.4	716	[1]	ἐξετάσειε	_	_
2.4	717	[57]	,	b	_
2.4	718	[7]	τὰ	_	_
2.4	719	[7]	κατὰ	_	_
2.4	720	[7]	τὸν	_	_
2.4	721	[1]	ὀμφαλόν	_	_
2.4	722	[4]	ἐστι	_	_
2.4	723	[2]	μέσα	_	_
2.4	724	[22]	.	b	_
2.4	725	[8]	κατὰ	_	_
2.4	726	[12]	δὲ	_	_
2.4	727	[8]	τὸν	_	_
2.4	728	[4]	αὐτὸν	_	_
2.4	729	[3]	τρόπον	_	_
2.4	730	[3]	οὐδὲ	_	_
2.4	731	[58]	,	b	_
2.4	732	[3]	ὅτι	_	_
2.4	733	[4]	μέση	_	_
2.4	734	[8]	τοῦ	_	_
2.4	735	[3]	θώρακος	_	_
2.4	736	[5]	ἡ	_	_
2.4	737	[2]	καρδία	_	_
2.4	738	[59]	,	b	_
2.4	739	[3]	διὰ	_	_
2.4	740	[1]	τοῦτ	_	_
2.4	741	[23]	’	b	_
2.4	742	[2]	ἀρχὴ	_	_
2.4	743	[9]	τοῦ	_	_
2.4	744	[2]	ζώου	_	_
2.4	745	[1]	παντός	_	_
2.4	746	[23]	.	b	_
2.4	747	[4]	οὐδὲ	_	_
2.4	748	[7]	γὰρ	_	_
2.4	749	[60]	,	b	_
2.4	750	[4]	ὅτι	_	_
2.4	751	[1]	καθάπερ	_	_
2.4	752	[6]	ἐν	_	_
2.4	753	[1]	ἀκρο	_	_
2.4	754	[1]	πόλει	_	_
2.4	755	[7]	τῇ	_	_
2.4	756	[1]	κεφαλῇ	_	_
2.4	757	[1]	δίκην	_	_
2.4	758	[1]	μεγάλου	_	_
2.4	759	[1]	βασιλέως	_	_
2.4	760	[2]	ὁ	_	_
2.4	761	[1]	ἐγκέφαλος	_	_
2.4	762	[1]	ἵδρυται	_	_
2.4	763	[61]	,	b	_
2.4	764	[4]	διὰ	_	_
2.4	765	[2]	τοῦτ	_	_
2.4	766	[24]	’	b	_
2.4	767	[5]	ἐξ	_	_
2.4	768	[2]	ἀνάγκης	_	_
2.4	769	[6]	ἡ	_	_
2.4	770	[12]	τῆς	_	_
2.4	771	[2]	ψυχῆς	_	_
2.4	772	[3]	ἀρχὴ	_	_
2.4	773	[3]	κατ	_	_
2.4	774	[25]	’	b	_
2.4	775	[1]	αὐτόν	_	_
2.4	776	[2]	ἐστιν	_	_
2.4	777	[62]	,	b	_
2.4	778	[5]	οὐδὲ	_	_
2.4	779	[5]	ὅτι	_	_
2.4	780	[2]	καθάπερ	_	_
2.4	781	[1]	τινὰς	_	_
2.4	782	[1]	δορυφόρους	_	_
2.4	783	[4]	ἔχει	_	_
2.4	784	[1]	τὰς	_	_
2.4	785	[1]	αἰσθήσεις	_	_
2.4	786	[1]	περιῳκισμένας	_	_
2.4	787	[63]	,	b	_
2.4	788	[1]	οὔτ	_	_
2.4	789	[26]	’	b	_
2.4	790	[1]	εἴ	_	_
2.4	791	[2]	γε	_	_
2.4	792	[24]	καὶ	_	_
2.4	793	[2]	τοῦτο	_	_
2.4	794	[1]	λέγοι	_	_
2.4	795	[6]	τις	_	_
2.4	796	[64]	,	b	_
2.4	797	[1]	ὅπερ	_	_
2.4	798	[1]	οὐρανὸς	_	_
2.4	799	[7]	ἐν	_	_
2.4	800	[1]	ὅλῳ	_	_
2.4	801	[3]	τῷ	_	_
2.4	802	[1]	κόσμῳ	_	_
2.4	803	[65]	,	b	_
2.4	804	[3]	τοῦτ	_	_
2.4	805	[27]	’	b	_
2.4	806	[8]	ἐν	_	_
2.4	807	[1]	ἀνθρώποις	_	_
2.4	808	[2]	εἶναι	_	_
2.4	809	[12]	τὴν	_	_
2.4	810	[1]	κεφαλὴν	_	_
2.4	811	[66]	,	b	_
2.4	812	[25]	καὶ	_	_
2.4	813	[5]	διὰ	_	_
2.4	814	[1]	τοῦθ	_	_
2.4	815	[28]	’	b	_
2.4	816	[67]	,	b	_
2.4	817	[1]	ὥσπερ	_	_
2.4	818	[1]	ἐκεῖνος	_	_
2.4	819	[1]	οἶκός	_	_
2.4	820	[5]	ἐστι	_	_
2.4	821	[11]	τῶν	_	_
2.4	822	[1]	θεῶν	_	_
2.4	823	[68]	,	b	_
2.4	824	[2]	οὕτω	_	_
2.4	825	[9]	τὸν	_	_
2.4	826	[1]	ἐγκέφαλον	_	_
2.4	827	[1]	οἶκον	_	_
2.4	828	[3]	εἶναι	_	_
2.4	829	[10]	τοῦ	_	_
2.4	830	[1]	λογισμοῦ	_	_
2.4	831	[24]	.	b	_
2.4	832	[26]	καὶ	_	_
2.4	833	[8]	γὰρ	_	_
2.4	834	[8]	τὰ	_	_
2.4	835	[1]	τοιαῦτα	_	_
2.4	836	[3]	πάντα	_	_
2.4	837	[69]	,	b	_
2.4	838	[1]	καίπερ	_	_
2.4	839	[1]	ὄντα	_	_
2.4	840	[1]	πολὺ	_	_
2.4	841	[1]	﻿	_	_
2.4	842	[12]	μὲν	_	_
2.4	843	[1]	πιθανώτερα	_	_
2.4	844	[12]	τῶν	_	_
2.4	845	[1]	ἐπὶ	_	_
2.4	846	[13]	τῆς	_	_
2.4	847	[4]	καρδίας	_	_
2.4	848	[1]	εἰρημένων	_	_
2.4	849	[70]	,	b	_
2.4	850	[1]	ὅμως	_	_
2.4	851	[2]	οὐκ	_	_
2.4	852	[1]	ἔστιν	_	_
2.4	853	[6]	οὐδὲ	_	_
2.4	854	[1]	αὐτὰ	_	_
2.4	855	[1]	πιστὰ	_	_
2.4	856	[9]	πρὸς	_	_
2.4	857	[1]	ἐπιστήμην	_	_
2.4	858	[1]	ἀκριβῆ	_	_
2.4	859	[71]	,	b	_
2.4	860	[3]	καθάπερ	_	_
2.4	861	[7]	οὐδὲ	_	_
2.4	862	[6]	ὅτι	_	_
2.4	863	[14]	τῆς	_	_
2.4	864	[1]	φωνῆς	_	_
2.4	865	[7]	ἡ	_	_
2.4	866	[3]	καρδία	_	_
2.4	867	[1]	δημιουργός	_	_
2.4	868	[3]	ἐστιν	_	_
2.4	869	[25]	.	b	_
2.4	870	[3]	εἰ	_	_
2.4	871	[13]	μὲν	_	_
2.4	872	[9]	γὰρ	_	_
2.4	873	[1]	ἀπόδειξίν	_	_
2.4	874	[2]	τινα	_	_
2.4	875	[1]	διδάσκειν	_	_
2.4	876	[1]	ἡμᾶς	_	_
2.4	877	[1]	ἔχουσιν	_	_
2.4	878	[72]	,	b	_
2.4	879	[1]	ἡδέως	_	_
2.4	880	[1]	ἀκουσόμεθα	_	_
2.4	881	[5]	·	b	_
2.4	882	[13]	τὸ	_	_
2.4	883	[13]	δὲ	_	_
2.4	884	[6]	ἀπὸ	_	_
2.4	885	[15]	τῆς	_	_
2.4	886	[4]	θέσεως	_	_
2.4	887	[1]	μόνης	_	_
2.4	888	[1]	ὁρμᾶσθαι	_	_
2.4	889	[1]	μοχθηρόν	_	_
2.4	890	[26]	.	b	_
2.4	891	[3]	οὕτω	_	_
2.4	892	[10]	γὰρ	_	_
2.4	893	[73]	,	b	_
2.4	894	[1]	οἶμαι	_	_
2.4	895	[74]	,	b	_
2.4	896	[27]	καὶ	_	_
2.4	897	[10]	τὸν	_	_
2.4	898	[2]	πνεύμονα	_	_
2.4	899	[28]	καὶ	_	_
2.4	900	[13]	τὴν	_	_
2.4	901	[2]	τραχεῖαν	_	_
2.4	902	[2]	ἀρτηρίαν	_	_
2.4	903	[2]	ἀρχὴν	_	_
2.4	904	[16]	τῆς	_	_
2.4	905	[2]	φωνῆς	_	_
2.4	906	[1]	ἐροῦμεν	_	_
2.4	907	[75]	,	b	_
2.4	908	[7]	ὡς	_	_
2.4	909	[1]	ἐγγυτέρω	_	_
2.4	910	[3]	γε	_	_
2.4	911	[1]	ταῦτ	_	_
2.4	912	[29]	’	b	_
2.4	913	[6]	ἐστι	_	_
2.4	914	[17]	τῆς	_	_
2.4	915	[5]	καρδίας	_	_
2.4	916	[7]	τοῖς	_	_
2.4	917	[1]	φωνητικοῖς	_	_
2.4	918	[1]	ὀργάνοις	_	_
2.4	919	[27]	.	b	_
2.4	920	[3]	αὐτὸ	_	_
2.4	921	[14]	μὲν	_	_
2.4	922	[11]	γὰρ	_	_
2.4	923	[14]	τὸ	_	_
2.4	924	[1]	πρῶτόν	_	_
2.4	925	[8]	τε	_	_
2.4	926	[29]	καὶ	_	_
2.4	927	[1]	ἴδιον	_	_
2.4	928	[1]	ὄργανον	_	_
2.4	929	[18]	τῆς	_	_
2.4	930	[3]	φωνῆς	_	_
2.4	931	[3]	ὁ	_	_
2.4	932	[1]	λάρυγξ	_	_
2.4	933	[1]	ἐστίν	_	_
2.4	934	[28]	.	b	_
2.4	935	[4]	εἰ	_	_
2.4	936	[1]	γοῦν	_	_
2.4	937	[1]	κατώτερον	_	_
2.4	938	[1]	τέμοις	_	_
2.4	939	[6]	αὐτοῦ	_	_
2.4	940	[14]	τὴν	_	_
2.4	941	[3]	τραχεῖαν	_	_
2.4	942	[3]	ἀρτηρίαν	_	_
2.4	943	[76]	,	b	_
2.4	944	[1]	οὐκέτ	_	_
2.4	945	[30]	’	b	_
2.4	946	[1]	ἀκούσῃ	_	_
2.4	947	[1]	φωνοῦντος	_	_
2.4	948	[11]	τοῦ	_	_
2.4	949	[3]	ζώου	_	_
2.4	950	[77]	,	b	_
2.4	951	[2]	καίτοι	_	_
2.4	952	[1]	γ	_	_
2.4	953	[31]	’	b	_
2.4	954	[1]	ἀναπνέον	_	_
2.4	955	[1]	ἀκωλύτως	_	_
2.4	956	[1]	ὄψει	_	_
2.4	957	[30]	καὶ	_	_
2.4	958	[2]	νῦν	_	_
2.4	959	[1]	αὐτό	_	_
2.4	960	[29]	.	b	_
2.4	961	[31]	καὶ	_	_
2.4	962	[1]	εἴπερ	_	_
2.4	963	[1]	ἄνθρωπος	_	_
2.4	964	[1]	εἴη	_	_
2.4	965	[15]	τὸ	_	_
2.4	966	[4]	οὕτω	_	_
2.4	967	[1]	τρωθὲν	_	_
2.4	968	[78]	,	b	_
2.4	969	[1]	ἐξέσται	_	_
2.4	970	[1]	σοι	_	_
2.4	971	[1]	κελεύειν	_	_
2.4	972	[1]	αὐτῷ	_	_
2.4	973	[1]	φθέγξασθαί	_	_
2.4	974	[2]	τι	_	_
2.4	975	[30]	.	b	_
2.4	976	[1]	προθυμηθήσεται	_	_
2.4	977	[15]	μὲν	_	_
2.4	978	[12]	γὰρ	_	_
2.4	979	[79]	,	b	_
2.4	980	[2]	οὐδὲν	_	_
2.4	981	[14]	δὲ	_	_
2.4	982	[2]	ἀκούσῃ	_	_
2.4	983	[1]	πλέον	_	_
2.4	984	[1]	ἐκπνοῆς	_	_
2.4	985	[1]	ῥοιζώδους	_	_
2.4	986	[80]	,	b	_
2.4	987	[1]	ἣν	_	_
2.4	988	[1]	ἡμεῖς	_	_
2.4	989	[1]	ὀνομάζομεν	_	_
2.4	990	[1]	ἐκφύσησιν	_	_
2.4	991	[6]	·	b	_
2.4	992	[1]	ἄνευ	_	_
2.4	993	[15]	δὲ	_	_
2.4	994	[12]	τοῦ	_	_
2.4	995	[1]	προθυμεῖσθαι	_	_
2.4	996	[1]	φθέγξασθαι	_	_
2.4	997	[1]	φέρεται	_	_
2.4	998	[16]	μὲν	_	_
2.4	999	[1]	ἔξω	_	_
2.4	1000	[16]	τὸ	_	_
2.4	1001	[1]	πνεῦμα	_	_
2.4	1002	[9]	κατὰ	_	_
2.4	1003	[2]	τὰς	_	_
2.4	1004	[1]	ἐκπνοὰς	_	_
2.4	1005	[81]	,	b	_
2.4	1006	[3]	οὐ	_	_
2.4	1007	[1]	μὴν	_	_
2.4	1008	[1]	σὺν	_	_
2.4	1009	[1]	ψόφῳ	_	_
2.4	1010	[1]	γέ	_	_
2.4	1011	[2]	τινι	_	_
2.4	1012	[32]	καὶ	_	_
2.4	1013	[1]	ἀθρόως	_	_
2.4	1014	[31]	.	b	_
2.4	1015	[2]	ὄψει	_	_
2.4	1016	[16]	δὲ	_	_
2.4	1017	[33]	καὶ	_	_
2.4	1018	[1]	τοὺς	_	_
2.4	1019	[10]	κατὰ	_	_
2.4	1020	[11]	τὸν	_	_
2.4	1021	[2]	θώρακα	_	_
2.4	1022	[1]	μῦς	_	_
2.4	1023	[2]	ἅμα	_	_
2.4	1024	[8]	τοῖς	_	_
2.4	1025	[4]	κατ	_	_
2.4	1026	[32]	’	b	_
2.4	1027	[1]	ἐπιγάστριον	_	_
2.4	1028	[82]	,	b	_
2.4	1029	[1]	ὅταν	_	_
2.4	1030	[1]	προθυμῆται	_	_
2.4	1031	[1]	φθέγγεσθαι	_	_
2.4	1032	[17]	τὸ	_	_
2.4	1033	[2]	ζῶον	_	_
2.4	1034	[83]	,	b	_
2.4	1035	[1]	ἐκτεινομένους	_	_
2.4	1036	[1]	σφοδρῶς	_	_
2.4	1037	[32]	.	b	_
2.4	1038	[1]	τούτους	_	_
2.4	1039	[1]	μέν	_	_
2.4	1040	[4]	γε	_	_
2.4	1041	[34]	καὶ	_	_
2.4	1042	[1]	πρὸ	_	_
2.4	1043	[13]	τοῦ	_	_
2.4	1044	[1]	τρωθῆναι	_	_
2.4	1045	[15]	τὴν	_	_
2.4	1046	[4]	τραχεῖαν	_	_
2.4	1047	[4]	ἀρτηρίαν	_	_
2.4	1048	[1]	σαφῶς	_	_
2.4	1049	[2]	ἔστιν	_	_
2.4	1050	[1]	ἰδεῖν	_	_
2.4	1051	[1]	τεινομένους	_	_
2.4	1052	[84]	,	b	_
2.4	1053	[1]	ἐπειδὰν	_	_
2.4	1054	[1]	βιαιότερον	_	_
2.4	1055	[1]	φωνῶμεν	_	_
2.4	1056	[85]	,	b	_
2.4	1057	[2]	ἀλλ	_	_
2.4	1058	[33]	’	b	_
2.4	1059	[1]	ἐπί	_	_
2.4	1060	[5]	γε	_	_
2.4	1061	[1]	τετρωμένῃ	_	_
2.4	1062	[8]	τῇ	_	_
2.4	1063	[1]	ἀρτηρίᾳ	_	_
2.4	1064	[1]	πονοῦσι	_	_
2.4	1065	[1]	μάτην	_	_
2.4	1066	[3]	ὅσα	_	_
2.4	1067	[6]	γε	_	_
2.4	1068	[10]	πρὸς	_	_
2.4	1069	[1]	γένεσιν	_	_
2.4	1070	[4]	φωνῆς	_	_
2.4	1071	[33]	.	b	_
2.4	1072	[2]	ἐκφύσησιν	_	_
2.4	1073	[13]	γὰρ	_	_
2.4	1074	[1]	μόνην	_	_
2.4	1075	[1]	ἐργάζονται	_	_
2.4	1076	[1]	διαφέρουσαν	_	_
2.4	1077	[1]	ἁπλῆς	_	_
2.4	1078	[2]	ἐκπνοῆς	_	_
2.4	1079	[86]	,	b	_
2.4	1080	[7]	ὅτι	_	_
2.4	1081	[2]	μετὰ	_	_
2.4	1082	[1]	ψόφου	_	_
2.4	1083	[9]	τε	_	_
2.4	1084	[3]	ἅμα	_	_
2.4	1085	[35]	καὶ	_	_
2.4	1086	[1]	τάχους	_	_
2.4	1087	[1]	ἐκκενοῦται	_	_
2.4	1088	[18]	τὸ	_	_
2.4	1089	[2]	πνεῦμα	_	_
2.4	1090	[34]	.	b	_
2.4	1091	[1]	διττὸν	_	_
2.4	1092	[5]	οὖν	_	_
2.4	1093	[1]	ἁμαρτάνεται	_	_
2.4	1094	[1]	κᾀνταῦθα	_	_
2.4	1095	[1]	ἁμάρτημα	_	_
2.4	1096	[9]	τοῖς	_	_
2.4	1097	[16]	τὴν	_	_
2.4	1098	[2]	φωνὴν	_	_
2.4	1099	[3]	ἐκ	_	_
2.4	1100	[19]	τῆς	_	_
2.4	1101	[6]	καρδίας	_	_
2.4	1102	[1]	ἐκπέμπεσθαι	_	_
2.4	1103	[1]	νομίζουσιν	_	_
2.4	1104	[87]	,	b	_
2.4	1105	[8]	ὅτι	_	_
2.4	1106	[3]	πρῶτον	_	_
2.4	1107	[17]	μὲν	_	_
2.4	1108	[7]	ἀπὸ	_	_
2.4	1109	[20]	τῆς	_	_
2.4	1110	[5]	θέσεως	_	_
2.4	1111	[1]	ἐπιχειροῦσιν	_	_
2.4	1112	[88]	,	b	_
2.4	1113	[1]	ἔπειτα	_	_
2.4	1114	[17]	δὲ	_	_
2.4	1115	[8]	οὐδὲ	_	_
2.4	1116	[8]	ἀπὸ	_	_
2.4	1117	[2]	ταύτης	_	_
2.4	1118	[89]	,	b	_
2.4	1119	[8]	ὡς	_	_
2.4	1120	[1]	χρή	_	_
2.4	1121	[35]	.	b	_
2.4	1122	[1]	τείνονται	_	_
2.4	1123	[18]	μὲν	_	_
2.4	1124	[14]	γὰρ	_	_
2.4	1125	[1]	οἵ	_	_
2.4	1126	[10]	τε	_	_
2.4	1127	[11]	κατὰ	_	_
2.4	1128	[12]	τὸν	_	_
2.4	1129	[3]	θώρακα	_	_
2.4	1130	[1]	μύες	_	_
2.4	1131	[1]	ἅπαντες	_	_
2.4	1132	[90]	,	b	_
2.4	1133	[2]	οἵ	_	_
2.4	1134	[11]	τε	_	_
2.4	1135	[5]	κατ	_	_
2.4	1136	[34]	’	b	_
2.4	1137	[2]	ἐπιγάστριον	_	_
2.4	1138	[91]	,	b	_
2.4	1139	[2]	ἐπειδὰν	_	_
2.4	1140	[1]	θελήσῃ	_	_
2.4	1141	[1]	φωνῆσαι	_	_
2.4	1142	[19]	τὸ	_	_
2.4	1143	[3]	ζῶον	_	_
2.4	1144	[92]	,	b	_
2.4	1145	[6]	εἰς	_	_
2.4	1146	[1]	τάσιν	_	_
2.4	1147	[2]	δή	_	_
2.4	1148	[3]	τινα	_	_
2.4	1149	[36]	καὶ	_	_
2.4	1150	[1]	κίνησιν	_	_
2.4	1151	[1]	ἀγόμενοι	_	_
2.4	1152	[93]	,	b	_
2.4	1153	[21]	τῆς	_	_
2.4	1154	[7]	καρδίας	_	_
2.4	1155	[1]	οὐδεμίαν	_	_
2.4	1156	[9]	ἐν	_	_
2.4	1157	[1]	τούτῳ	_	_
2.4	1158	[1]	νεωτέραν	_	_
2.4	1159	[1]	ἐπικτωμένης	_	_
2.4	1160	[2]	ἐνέργειαν	_	_
2.4	1161	[94]	,	b	_
2.4	1162	[4]	οὐ	_	_
2.4	1163	[2]	μὴν	_	_
2.4	1164	[2]	ἤδη	_	_
2.4	1165	[2]	γέ	_	_
2.4	1166	[1]	πω	_	_
2.4	1167	[20]	τὸ	_	_
2.4	1168	[1]	κάτωθεν	_	_
2.4	1169	[1]	ἀναφερόμενον	_	_
2.4	1170	[3]	πνεῦμα	_	_
2.4	1171	[95]	,	b	_
2.4	1172	[1]	πρὶν	_	_
2.4	1173	[1]	ὑπὸ	_	_
2.4	1174	[14]	τοῦ	_	_
2.4	1175	[1]	λάρυγγος	_	_
2.4	1176	[1]	ῥυθμισθῆναι	_	_
2.4	1177	[96]	,	b	_
2.4	1178	[5]	φωνῆς	_	_
2.4	1179	[5]	ἔχει	_	_
2.4	1180	[1]	ἰδέαν	_	_
2.4	1181	[97]	,	b	_
2.4	1182	[3]	ἀλλ	_	_
2.4	1183	[35]	’	b	_
2.4	1184	[98]	,	b	_
2.4	1185	[9]	ὡς	_	_
2.4	1186	[1]	εἴρηται	_	_
2.4	1187	[1]	πρόσθεν	_	_
2.4	1188	[99]	,	b	_
2.4	1189	[1]	ἐκφυσήσεως	_	_
2.4	1190	[2]	μόνης	_	_
2.4	1191	[100]	,	b	_
2.4	1192	[10]	ὡς	_	_
2.4	1193	[1]	ἀπεδείξαμεν	_	_
2.4	1194	[10]	ἐν	_	_
2.4	1195	[9]	τῇ	_	_
2.4	1196	[4]	περὶ	_	_
2.4	1197	[6]	φωνῆς	_	_
2.4	1198	[1]	πραγματείᾳ	_	_
2.4	1199	[36]	.	b	_
2.4	1200	[1]	πληττομένη	_	_
2.4	1201	[15]	γὰρ	_	_
2.4	1202	[2]	ὑπὸ	_	_
2.4	1203	[13]	τῶν	_	_
2.4	1204	[12]	κατὰ	_	_
2.4	1205	[13]	τὸν	_	_
2.4	1206	[2]	λάρυγγα	_	_
2.4	1207	[1]	χόνδρων	_	_
2.4	1208	[101]	,	b	_
2.4	1209	[1]	οἷον	_	_
2.4	1210	[3]	ὑπὸ	_	_
2.4	1211	[1]	πλήκτρων	_	_
2.4	1212	[1]	τινῶν	_	_
2.4	1213	[102]	,	b	_
2.4	1214	[8]	ἡ	_	_
2.4	1215	[1]	ἐκφύσησις	_	_
2.4	1216	[1]	αὕτη	_	_
2.4	1217	[1]	φωνὴ	_	_
2.4	1218	[1]	γίνεται	_	_
2.4	1219	[37]	.	b	_
2.4	1220	[1]	σύγκειται	_	_
2.4	1221	[18]	δὲ	_	_
2.4	1222	[4]	ὁ	_	_
2.4	1223	[2]	λάρυγξ	_	_
2.4	1224	[4]	ἐκ	_	_
2.4	1225	[1]	τριῶν	_	_
2.4	1226	[2]	χόνδρων	_	_
2.4	1227	[4]	ὑπὸ	_	_
2.4	1228	[1]	μυῶν	_	_
2.4	1229	[1]	πολλῶν	_	_
2.4	1230	[1]	κινουμένων	_	_
2.4	1231	[38]	.	b	_
2.4	1232	[2]	ὅστις	_	_
2.4	1233	[19]	δὲ	_	_
2.4	1234	[5]	ὁ	_	_
2.4	1235	[1]	τρόπος	_	_
2.4	1236	[1]	ἐστὶ	_	_
2.4	1237	[22]	τῆς	_	_
2.4	1238	[14]	τῶν	_	_
2.4	1239	[3]	χόνδρων	_	_
2.4	1240	[1]	συστάσεως	_	_
2.4	1241	[103]	,	b	_
2.4	1242	[1]	ἢ	_	_
2.4	1243	[23]	τῆς	_	_
2.4	1244	[15]	τῶν	_	_
2.4	1245	[2]	μυῶν	_	_
2.4	1246	[3]	κινήσεως	_	_
2.4	1247	[104]	,	b	_
2.4	1248	[1]	ἐμοὶ	_	_
2.4	1249	[19]	μὲν	_	_
2.4	1250	[11]	ἐν	_	_
2.4	1251	[1]	ταῖς	_	_
2.4	1252	[5]	περὶ	_	_
2.4	1253	[3]	τούτων	_	_
2.4	1254	[1]	οἰκείαις	_	_
2.4	1255	[1]	πραγματείαις	_	_
2.4	1256	[3]	ἀκριβῶς	_	_
2.4	1257	[2]	εἴρηται	_	_
2.4	1258	[39]	.	b	_
2.4	1259	[10]	τοῖς	_	_
2.4	1260	[20]	δὲ	_	_
2.4	1261	[9]	ἀπὸ	_	_
2.4	1262	[24]	τῆς	_	_
2.4	1263	[6]	θέσεως	_	_
2.4	1264	[3]	μόνης	_	_
2.4	1265	[2]	ἐπιχειροῦσιν	_	_
2.4	1266	[3]	οὐδὲν	_	_
2.4	1267	[16]	τῶν	_	_
2.4	1268	[1]	τοιούτων	_	_
2.4	1269	[1]	γιγνώσκεται	_	_
2.4	1270	[40]	.	b	_
2.4	1271	[1]	κᾄπειτα	_	_
2.4	1272	[1]	θαυμάζουσιν	_	_
2.4	1273	[1]	ἐξαίφνης	_	_
2.4	1274	[1]	ἀκούσαντες	_	_
2.4	1275	[105]	,	b	_
2.4	1276	[6]	ἐξ	_	_
2.4	1277	[1]	ἐγκεφάλου	_	_
2.4	1278	[1]	γίγνεσθαι	_	_
2.4	1279	[17]	τὴν	_	_
2.4	1280	[1]	φωνήν	_	_
2.4	1281	[7]	·	b	_
2.4	1282	[2]	ἔτι	_	_
2.4	1283	[21]	δὲ	_	_
2.4	1284	[2]	μᾶλλον	_	_
2.4	1285	[106]	,	b	_
2.4	1286	[3]	ἐπειδὰν	_	_
2.4	1287	[1]	ἀκούσωσιν	_	_
2.4	1288	[107]	,	b	_
2.4	1289	[11]	ὡς	_	_
2.4	1290	[1]	αἱ	_	_
2.4	1291	[13]	κατὰ	_	_
2.4	1292	[2]	προαίρεσιν	_	_
2.4	1293	[1]	ἅπασαι	_	_
2.4	1294	[1]	κινήσεις	_	_
2.4	1295	[5]	ὑπὸ	_	_
2.4	1296	[3]	μυῶν	_	_
2.4	1297	[1]	ἐπιτελοῦνται	_	_
2.4	1298	[108]	,	b	_
2.4	1299	[1]	θαυμάζουσί	_	_
2.4	1300	[12]	τε	_	_
2.4	1301	[37]	καὶ	_	_
2.4	1302	[1]	παραδοξολόγους	_	_
2.4	1303	[2]	ἡμᾶς	_	_
2.4	1304	[1]	ἀποκαλοῦσι	_	_
2.4	1305	[109]	,	b	_
2.4	1306	[3]	καίτοι	_	_
2.4	1307	[7]	γε	_	_
2.4	1308	[2]	ἡμεῖς	_	_
2.4	1309	[110]	,	b	_
2.4	1310	[2]	ἅπερ	_	_
2.4	1311	[1]	ἐπαγγελλόμεθα	_	_
2.4	1312	[1]	λόγῳ	_	_
2.4	1313	[111]	,	b	_
2.4	1314	[5]	ταῦτα	_	_
2.4	1315	[2]	ἐπὶ	_	_
2.4	1316	[2]	ταῖς	_	_
2.4	1317	[17]	τῶν	_	_
2.4	1318	[1]	ζώων	_	_
2.4	1319	[1]	ἀνατομαῖς	_	_
2.4	1320	[1]	ἐπιδείκνυμεν	_	_
2.4	1321	[112]	,	b	_
2.4	1322	[2]	οἱ	_	_
2.4	1323	[2]	δ	_	_
2.4	1324	[36]	’	b	_
2.4	1325	[4]	οὐδὲν	_	_
2.4	1326	[1]	ἄλλο	_	_
2.4	1327	[1]	ἔχουσι	_	_
2.4	1328	[1]	λέγειν	_	_
2.4	1329	[113]	,	b	_
2.4	1330	[2]	ἢ	_	_
2.4	1331	[114]	,	b	_
2.4	1332	[2]	διότι	_	_
2.4	1333	[1]	πλησίον	_	_
2.4	1334	[2]	ἐστὶν	_	_
2.4	1335	[9]	ἡ	_	_
2.4	1336	[4]	καρδία	_	_
2.4	1337	[15]	τοῦ	_	_
2.4	1338	[2]	λάρυγγος	_	_
2.4	1339	[115]	,	b	_
2.4	1340	[6]	διὰ	_	_
2.4	1341	[4]	τοῦτ	_	_
2.4	1342	[37]	’	b	_
2.4	1343	[7]	ἐξ	_	_
2.4	1344	[1]	ἐκείνης	_	_
2.4	1345	[1]	ἄρχεσθαι	_	_
2.4	1346	[18]	τὴν	_	_
2.4	1347	[2]	φωνήν	_	_
2.4	1348	[41]	.	b	_
2.4	1349	[1]	αἱροῦνται	_	_
2.4	1350	[16]	γὰρ	_	_
2.4	1351	[116]	,	b	_
2.4	1352	[2]	οἶμαι	_	_
2.4	1353	[117]	,	b	_
2.4	1354	[19]	τὴν	_	_
2.4	1355	[1]	σύντομόν	_	_
2.4	1356	[13]	τε	_	_
2.4	1357	[38]	καὶ	_	_
2.4	1358	[1]	λείαν	_	_
2.4	1359	[1]	ὁδὸν	_	_
2.4	1360	[12]	ἐν	_	_
2.4	1361	[11]	τοῖς	_	_
2.4	1362	[1]	λόγοις	_	_
2.4	1363	[1]	ἀντὶ	_	_
2.4	1364	[25]	τῆς	_	_
2.4	1365	[2]	τραχείας	_	_
2.4	1366	[14]	τε	_	_
2.4	1367	[39]	καὶ	_	_
2.4	1368	[1]	μακρᾶς	_	_
2.4	1369	[118]	,	b	_
2.4	1370	[1]	κᾂν	_	_
2.4	1371	[2]	αὕτη	_	_
2.4	1372	[20]	μὲν	_	_
2.4	1373	[1]	ἀπάγει	_	_
2.4	1374	[11]	πρὸς	_	_
2.4	1375	[21]	τὸ	_	_
2.4	1376	[2]	ζητούμενον	_	_
2.4	1377	[119]	,	b	_
2.4	1378	[10]	ἡ	_	_
2.4	1379	[22]	δὲ	_	_
2.4	1380	[1]	λεία	_	_
2.4	1381	[15]	τε	_	_
2.4	1382	[40]	καὶ	_	_
2.4	1383	[1]	βραχεῖα	_	_
2.4	1384	[1]	σφάλλει	_	_
2.4	1385	[1]	τἀληθοῦς	_	_
2.4	1386	[42]	.	b	_
2.4	1387	[1]	οὐδ	_	_
2.4	1388	[38]	’	b	_
2.4	1389	[3]	ἐστὶν	_	_
2.4	1390	[3]	ὅστις	_	_
2.4	1391	[1]	ἐμοί	_	_
2.4	1392	[1]	ποθ	_	_
2.4	1393	[39]	’	b	_
2.4	1394	[1]	ὑπέμεινε	_	_
2.4	1395	[1]	δεικνύντι	_	_
2.4	1396	[2]	τοὺς	_	_
2.4	1397	[2]	μῦς	_	_
2.4	1398	[1]	ἅπαντας	_	_
2.4	1399	[120]	,	b	_
2.4	1400	[1]	ὑφ	_	_
2.4	1401	[40]	’	b	_
2.4	1402	[2]	ὧν	_	_
2.4	1403	[11]	ἡ	_	_
2.4	1404	[1]	ἀναπνοή	_	_
2.4	1405	[16]	τε	_	_
2.4	1406	[1]	γίγνεται	_	_
2.4	1407	[41]	καὶ	_	_
2.4	1408	[1]	φωνή	_	_
2.4	1409	[43]	.	b	_
2.4	1410	[4]	καίτοι	_	_
2.4	1411	[2]	γ	_	_
2.4	1412	[41]	’	b	_
2.4	1413	[3]	οὐκ	_	_
2.4	1414	[13]	ἐν	_	_
2.4	1415	[2]	τούτοις	_	_
2.4	1416	[1]	μόνοις	_	_
2.4	1417	[2]	ἐστὶ	_	_
2.4	1418	[22]	τὸ	_	_
2.4	1419	[1]	κῦρος	_	_
2.4	1420	[26]	τῆς	_	_
2.4	1421	[1]	ἀποδείξεως	_	_
2.4	1422	[121]	,	b	_
2.4	1423	[4]	ἀλλ	_	_
2.4	1424	[42]	’	b	_
2.4	1425	[12]	ἡ	_	_
2.4	1426	[1]	τρίτη	_	_
2.4	1427	[1]	μοῖρα	_	_
2.4	1428	[16]	τοῦ	_	_
2.4	1429	[1]	λόγου	_	_
2.4	1430	[2]	παντός	_	_
2.4	1431	[44]	.	b	_
2.4	1432	[3]	οἱ	_	_
2.4	1433	[21]	μὲν	_	_
2.4	1434	[17]	γὰρ	_	_
2.4	1435	[2]	μύες	_	_
2.4	1436	[1]	ὄργανά	_	_
2.4	1437	[4]	τινα	_	_
2.4	1438	[1]	κινοῦσιν	_	_
2.4	1439	[122]	,	b	_
2.4	1440	[2]	ὑφ	_	_
2.4	1441	[43]	’	b	_
2.4	1442	[3]	ὧν	_	_
2.4	1443	[2]	ἀναπνοή	_	_
2.4	1444	[17]	τε	_	_
2.4	1445	[42]	καὶ	_	_
2.4	1446	[2]	φωνὴ	_	_
2.4	1447	[2]	γίγνεται	_	_
2.4	1448	[123]	,	b	_
2.4	1449	[1]	δέονται	_	_
2.4	1450	[3]	δ	_	_
2.4	1451	[44]	’	b	_
2.4	1452	[1]	αὐτοὶ	_	_
2.4	1453	[2]	πάλιν	_	_
2.4	1454	[124]	,	b	_
2.4	1455	[1]	ὅπως	_	_
2.4	1456	[1]	κινηθῶσι	_	_
2.4	1457	[125]	,	b	_
2.4	1458	[18]	τῶν	_	_
2.4	1459	[3]	ἀπ	_	_
2.4	1460	[45]	’	b	_
2.4	1461	[2]	ἐγκεφάλου	_	_
2.4	1462	[1]	νεύρων	_	_
2.4	1463	[126]	,	b	_
2.4	1464	[4]	ὧν	_	_
2.4	1465	[2]	εἴ	_	_
2.4	1466	[3]	τι	_	_
2.4	1467	[1]	βρόχοις	_	_
2.4	1468	[1]	διαλάβοις	_	_
2.4	1469	[127]	,	b	_
2.4	1470	[6]	εἴτε	_	_
2.4	1471	[2]	τέμοις	_	_
2.4	1472	[128]	,	b	_
2.4	1473	[1]	ἀκίνητον	_	_
2.4	1474	[1]	αὐτίκα	_	_
2.4	1475	[1]	μάλα	_	_
2.4	1476	[1]	ποιήσεις	_	_
2.4	1477	[14]	τὸν	_	_
2.4	1478	[1]	μῦν	_	_
2.4	1479	[1]	ἐκεῖνον	_	_
2.4	1480	[129]	,	b	_
2.4	1481	[7]	εἰς	_	_
2.4	1482	[1]	ὃν	_	_
2.4	1483	[23]	τὸ	_	_
2.4	1484	[1]	νεῦρον	_	_
2.4	1485	[1]	ἐνέβαλεν	_	_
2.4	1486	[130]	,	b	_
2.4	1487	[2]	ἀκίνητον	_	_
2.4	1488	[23]	δὲ	_	_
2.4	1489	[43]	καὶ	_	_
2.4	1490	[17]	τοῦ	_	_
2.4	1491	[4]	ζώου	_	_
2.4	1492	[24]	τὸ	_	_
2.4	1493	[1]	μέλος	_	_
2.4	1494	[131]	,	b	_
2.4	1495	[2]	ὃ	_	_
2.4	1496	[1]	πρότερον	_	_
2.4	1497	[6]	ὑπὸ	_	_
2.4	1498	[18]	τοῦ	_	_
2.4	1499	[1]	μυὸς	_	_
2.4	1500	[1]	ἐκινεῖτο	_	_
2.4	1501	[132]	,	b	_
2.4	1502	[2]	πρὶν	_	_
2.4	1503	[1]	τμηθῆναι	_	_
2.4	1504	[25]	τὸ	_	_
2.4	1505	[2]	νεῦρον	_	_
2.4	1506	[45]	.	b	_
2.4	1507	[4]	ὅστις	_	_
2.4	1508	[6]	οὖν	_	_
2.4	1509	[1]	ὄντως	_	_
2.4	1510	[1]	ἀληθείας	_	_
2.4	1511	[1]	ἐρᾷ	_	_
2.4	1512	[133]	,	b	_
2.4	1513	[12]	πρὸς	_	_
2.4	1514	[3]	ἡμᾶς	_	_
2.4	1515	[1]	ἡκέτω	_	_
2.4	1516	[134]	,	b	_
2.4	1517	[1]	μαθησόμενος	_	_
2.4	1518	[1]	ἐναργῶς	_	_
2.4	1519	[2]	ἐπ	_	_
2.4	1520	[46]	’	b	_
2.4	1521	[5]	αὐτῶν	_	_
2.4	1522	[19]	τῶν	_	_
2.4	1523	[2]	ζώων	_	_
2.4	1524	[135]	,	b	_
2.4	1525	[5]	εἰ	_	_
2.4	1526	[2]	μόνον	_	_
2.4	1527	[2]	ἔχοι	_	_
2.4	1528	[3]	τὰς	_	_
2.4	1529	[2]	αἰσθήσεις	_	_
2.4	1530	[1]	ἀπηρώτους	_	_
2.4	1531	[136]	,	b	_
2.4	1532	[3]	ὑφ	_	_
2.4	1533	[47]	’	b	_
2.4	1534	[1]	ἑτέρων	_	_
2.4	1535	[22]	μὲν	_	_
2.4	1536	[1]	ὀργάνων	_	_
2.4	1537	[18]	τε	_	_
2.4	1538	[44]	καὶ	_	_
2.4	1539	[4]	μυῶν	_	_
2.4	1540	[45]	καὶ	_	_
2.4	1541	[2]	νεύρων	_	_
2.4	1542	[1]	εἰσπνοὴν	_	_
2.4	1543	[1]	ἀβίαστον	_	_
2.4	1544	[1]	γιγνομένην	_	_
2.4	1545	[137]	,	b	_
2.4	1546	[4]	ὑφ	_	_
2.4	1547	[48]	’	b	_
2.4	1548	[2]	ἑτέρων	_	_
2.4	1549	[24]	δὲ	_	_
2.4	1550	[20]	τὴν	_	_
2.4	1551	[3]	μετὰ	_	_
2.4	1552	[1]	βίας	_	_
2.4	1553	[8]	·	b	_
2.4	1554	[1]	ὀνομάζω	_	_
2.4	1555	[25]	δὲ	_	_
2.4	1556	[2]	ἀβίαστον	_	_
2.4	1557	[23]	μὲν	_	_
2.4	1558	[21]	τὴν	_	_
2.4	1559	[12]	τοῖς	_	_
2.4	1560	[1]	ὑγιαίνουσι	_	_
2.4	1561	[46]	καὶ	_	_
2.4	1562	[1]	μηδεμίαν	_	_
2.4	1563	[1]	ἰσχυρὰν	_	_
2.4	1564	[2]	κίνησιν	_	_
2.4	1565	[1]	κινουμένοις	_	_
2.4	1566	[1]	ὑπάρχουσαν	_	_
2.4	1567	[138]	,	b	_
2.4	1568	[1]	βιαίαν	_	_
2.4	1569	[26]	δὲ	_	_
2.4	1570	[22]	τὴν	_	_
2.4	1571	[1]	ἔν	_	_
2.4	1572	[19]	τε	_	_
2.4	1573	[1]	πάθεσί	_	_
2.4	1574	[2]	τισι	_	_
2.4	1575	[47]	καὶ	_	_
2.4	1576	[13]	τοῖς	_	_
2.4	1577	[1]	σφοδροῖς	_	_
2.4	1578	[1]	γυμνασίοις	_	_
2.4	1579	[1]	ἐπιτελουμένην	_	_
2.4	1580	[139]	,	b	_
2.4	1581	[1]	ἐφ	_	_
2.4	1582	[49]	’	b	_
2.4	1583	[1]	ἧς	_	_
2.4	1584	[1]	εὐθέως	_	_
2.4	1585	[3]	ὄψει	_	_
2.4	1586	[1]	συνεξαιρόμενα	_	_
2.4	1587	[48]	καὶ	_	_
2.4	1588	[9]	τὰ	_	_
2.4	1589	[14]	κατὰ	_	_
2.4	1590	[4]	τὰς	_	_
2.4	1591	[1]	ὠμοπλάτας	_	_
2.4	1592	[1]	ἅπαντα	_	_
2.4	1593	[3]	μόρια	_	_
2.4	1594	[9]	·	b	_
2.4	1595	[49]	καὶ	_	_
2.4	1596	[4]	δὴ	_	_
2.4	1597	[50]	καὶ	_	_
2.4	1598	[5]	τὰς	_	_
2.4	1599	[1]	ἀνάλογον	_	_
2.4	1600	[1]	αὐταῖς	_	_
2.4	1601	[2]	ἐκπνοὰς	_	_
2.4	1602	[140]	,	b	_
2.4	1603	[5]	ὑφ	_	_
2.4	1604	[50]	’	b	_
2.4	1605	[3]	ἑτέρων	_	_
2.4	1606	[24]	μὲν	_	_
2.4	1607	[2]	ὀργάνων	_	_
2.4	1608	[51]	καὶ	_	_
2.4	1609	[5]	μυῶν	_	_
2.4	1610	[52]	καὶ	_	_
2.4	1611	[3]	νεύρων	_	_
2.4	1612	[23]	τὴν	_	_
2.4	1613	[1]	ἀβίαστόν	_	_
2.4	1614	[20]	τε	_	_
2.4	1615	[53]	καὶ	_	_
2.4	1616	[1]	μικρὰν	_	_
2.4	1617	[141]	,	b	_
2.4	1618	[6]	ὑφ	_	_
2.4	1619	[51]	’	b	_
2.4	1620	[4]	ἑτέρων	_	_
2.4	1621	[27]	δὲ	_	_
2.4	1622	[24]	τὴν	_	_
2.4	1623	[1]	βίαιόν	_	_
2.4	1624	[21]	τε	_	_
2.4	1625	[54]	καὶ	_	_
2.4	1626	[1]	μεγάλην	_	_
2.4	1627	[142]	,	b	_
2.4	1628	[2]	ἣν	_	_
2.4	1629	[1]	ὀνομάζειν	_	_
2.4	1630	[1]	ἔθος	_	_
2.4	1631	[2]	ἡμῖν	_	_
2.4	1632	[3]	ἐκφύσησιν	_	_
2.4	1633	[46]	.	b	_
2.4	1634	[3]	ἐπὶ	_	_
2.4	1635	[28]	δὲ	_	_
2.4	1636	[3]	τούτοις	_	_
2.4	1637	[1]	ἅπασιν	_	_
2.4	1638	[1]	ἑξῆς	_	_
2.4	1639	[1]	ἐπιδείξομέν	_	_
2.4	1640	[2]	σοι	_	_
2.4	1641	[26]	τὸ	_	_
2.4	1642	[27]	τῆς	_	_
2.4	1643	[7]	φωνῆς	_	_
2.4	1644	[2]	ἴδιον	_	_
2.4	1645	[2]	ὄργανον	_	_
2.4	1646	[143]	,	b	_
2.4	1647	[15]	τὸν	_	_
2.4	1648	[3]	λάρυγγα	_	_
2.4	1649	[144]	,	b	_
2.4	1650	[55]	καὶ	_	_
2.4	1651	[3]	τοὺς	_	_
2.4	1652	[1]	κινοῦντας	_	_
2.4	1653	[5]	αὐτὸν	_	_
2.4	1654	[3]	μῦς	_	_
2.4	1655	[145]	,	b	_
2.4	1656	[56]	καὶ	_	_
2.4	1657	[10]	τὰ	_	_
2.4	1658	[20]	τῶν	_	_
2.4	1659	[6]	μυῶν	_	_
2.4	1660	[1]	ἐκείνων	_	_
2.4	1661	[1]	νεῦρα	_	_
2.4	1662	[11]	τὰ	_	_
2.4	1663	[8]	ἐξ	_	_
2.4	1664	[3]	ἐγκεφάλου	_	_
2.4	1665	[1]	καθήκοντα	_	_
2.4	1666	[47]	.	b	_
2.4	1667	[57]	καὶ	_	_
2.4	1668	[4]	μετὰ	_	_
2.4	1669	[6]	ταῦτα	_	_
2.4	1670	[25]	τὴν	_	_
2.4	1671	[1]	γλῶτταν	_	_
2.4	1672	[146]	,	b	_
2.4	1673	[1]	ἕτερον	_	_
2.4	1674	[3]	ὄργανον	_	_
2.4	1675	[147]	,	b	_
2.4	1676	[5]	οὐ	_	_
2.4	1677	[8]	φωνῆς	_	_
2.4	1678	[148]	,	b	_
2.4	1679	[3]	ἀλλὰ	_	_
2.4	1680	[1]	διαλέκτου	_	_
2.4	1681	[22]	τε	_	_
2.4	1682	[58]	καὶ	_	_
2.4	1683	[1]	διαλέξεως	_	_
2.4	1684	[149]	,	b	_
2.4	1685	[1]	ὁποτέρως	_	_
2.4	1686	[8]	ἂν	_	_
2.4	1687	[2]	ὀνομάζειν	_	_
2.4	1688	[1]	ἐθελήσαις	_	_
2.4	1689	[150]	,	b	_
2.4	1690	[59]	καὶ	_	_
2.4	1691	[4]	τοὺς	_	_
2.4	1692	[4]	μῦς	_	_
2.4	1693	[2]	ἐπιδείξομέν	_	_
2.4	1694	[3]	σοι	_	_
2.4	1695	[60]	καὶ	_	_
2.4	1696	[12]	τὰ	_	_
2.4	1697	[2]	νεῦρα	_	_
2.4	1698	[13]	τὰ	_	_
2.4	1699	[9]	ἐξ	_	_
2.4	1700	[4]	ἐγκεφάλου	_	_
2.4	1701	[48]	.	b	_
2.4	1702	[61]	καὶ	_	_
2.4	1703	[5]	δὴ	_	_
2.4	1704	[62]	καὶ	_	_
2.4	1705	[1]	ζῶα	_	_
2.4	1706	[1]	πλείω	_	_
2.4	1707	[1]	παρασκευάσαντες	_	_
2.4	1708	[151]	,	b	_
2.4	1709	[1]	ἄλλην	_	_
2.4	1710	[6]	κατ	_	_
2.4	1711	[52]	’	b	_
2.4	1712	[2]	ἄλλο	_	_
2.4	1713	[21]	τῶν	_	_
2.4	1714	[2]	εἰρημένων	_	_
2.4	1715	[1]	ἐνεργειῶν	_	_
2.4	1716	[1]	ἐπιδείξομεν	_	_
2.4	1717	[1]	ἀπολλυμένην	_	_
2.4	1718	[2]	ἐφ	_	_
2.4	1719	[53]	’	b	_
2.4	1720	[1]	ἑκάστου	_	_
2.4	1721	[22]	τῶν	_	_
2.4	1722	[4]	ἀπ	_	_
2.4	1723	[54]	’	b	_
2.4	1724	[5]	ἐγκεφάλου	_	_
2.4	1725	[4]	νεύρων	_	_
2.4	1726	[1]	τεμνομένου	_	_
2.4	1727	[49]	.	b	_
2.4	1728	[1]	τάχ	_	_
2.4	1729	[55]	’	b	_
2.4	1730	[2]	ἴσως	_	_
2.4	1731	[1]	ἐπιθυμεῖ	_	_
2.4	1732	[7]	τις	_	_
2.4	1733	[1]	ἀκοῦσαι	_	_
2.4	1734	[23]	τῶν	_	_
2.4	1735	[3]	εἰρημένων	_	_
2.4	1736	[2]	ἐνεργειῶν	_	_
2.4	1737	[1]	ἑκάστης	_	_
2.4	1738	[27]	τὸ	_	_
2.4	1739	[3]	ἴδιον	_	_
2.4	1740	[4]	ὄργανον	_	_
2.4	1741	[152]	,	b	_
2.4	1742	[63]	καὶ	_	_
2.4	1743	[5]	τοὺς	_	_
2.4	1744	[2]	κινοῦντας	_	_
2.4	1745	[5]	μῦς	_	_
2.4	1746	[153]	,	b	_
2.4	1747	[1]	οἵτινές	_	_
2.4	1748	[2]	τέ	_	_
2.4	1749	[1]	εἰσι	_	_
2.4	1750	[154]	,	b	_
2.4	1751	[64]	καὶ	_	_
2.4	1752	[1]	πόσοι	_	_
2.4	1753	[16]	τὸν	_	_
2.4	1754	[1]	ἀριθμὸν	_	_
2.4	1755	[155]	,	b	_
2.4	1756	[1]	ἥντινά	_	_
2.4	1757	[23]	τε	_	_
2.4	1758	[2]	θέσιν	_	_
2.4	1759	[2]	ἔχουσι	_	_
2.4	1760	[156]	,	b	_
2.4	1761	[65]	καὶ	_	_
2.4	1762	[1]	πηλίκοι	_	_
2.4	1763	[28]	τὸ	_	_
2.4	1764	[2]	μέγεθος	_	_
2.4	1765	[1]	ὑπάρχουσι	_	_
2.4	1766	[157]	,	b	_
2.4	1767	[2]	﻿	_	_
2.4	1768	[66]	καὶ	_	_
2.4	1769	[1]	τίνα	_	_
2.4	1770	[1]	δέχονται	_	_
2.4	1771	[3]	νεῦρα	_	_
2.4	1772	[158]	,	b	_
2.4	1773	[67]	καὶ	_	_
2.4	1774	[1]	πόσα	_	_
2.4	1775	[159]	,	b	_
2.4	1776	[68]	καὶ	_	_
2.4	1777	[1]	πηλίκα	_	_
2.4	1778	[160]	,	b	_
2.4	1779	[69]	καὶ	_	_
2.4	1780	[15]	κατὰ	_	_
2.4	1781	[1]	τί	_	_
2.4	1782	[2]	μάλιστα	_	_
2.4	1783	[2]	μέρος	_	_
2.4	1784	[10]	ἐξ	_	_
2.4	1785	[6]	ἐγκεφάλου	_	_
2.4	1786	[1]	βλαστάνονται	_	_
2.4	1787	[161]	,	b	_
2.4	1788	[1]	τίς	_	_
2.4	1789	[24]	τε	_	_
2.4	1790	[14]	τοῖς	_	_
2.4	1791	[2]	ὑπ	_	_
2.4	1792	[56]	’	b	_
2.4	1793	[6]	αὐτῶν	_	_
2.4	1794	[2]	κινουμένοις	_	_
2.4	1795	[2]	ὀργάνοις	_	_
2.4	1796	[2]	τρόπος	_	_
2.4	1797	[3]	ἐστὶ	_	_
2.4	1798	[28]	τῆς	_	_
2.4	1799	[4]	κινήσεως	_	_
2.4	1800	[50]	.	b	_
2.4	1801	[1]	ἐγὼ	_	_
2.4	1802	[29]	δὲ	_	_
2.4	1803	[70]	καὶ	_	_
2.4	1804	[2]	πρόσθεν	_	_
2.4	1805	[1]	εἶπον	_	_
2.4	1806	[162]	,	b	_
2.4	1807	[12]	ὡς	_	_
2.4	1808	[1]	πολλάκις	_	_
2.4	1809	[1]	ὑπὲρ	_	_
2.4	1810	[24]	τῶν	_	_
2.4	1811	[7]	αὐτῶν	_	_
2.4	1812	[1]	γράφειν	_	_
2.4	1813	[4]	οὐκ	_	_
2.4	1814	[1]	ἐπαινῶ	_	_
2.4	1815	[163]	,	b	_
2.4	1816	[5]	ἀλλ	_	_
2.4	1817	[57]	’	b	_
2.4	1818	[2]	εἴπερ	_	_
2.4	1819	[2]	ὄντως	_	_
2.4	1820	[1]	ἐστί	_	_
2.4	1821	[8]	τις	_	_
2.4	1822	[1]	φιλομαθὴς	_	_
2.4	1823	[164]	,	b	_
2.4	1824	[1]	ἑτέρας	_	_
2.4	1825	[2]	ὑπὲρ	_	_
2.4	1826	[4]	τούτων	_	_
2.4	1827	[3]	ἁπάντων	_	_
2.4	1828	[6]	ἔχει	_	_
2.4	1829	[1]	πραγματείας	_	_
2.4	1830	[3]	ἡμῖν	_	_
2.4	1831	[1]	γεγραμμένας	_	_
2.4	1832	[51]	.	b	_
2.4	1833	[4]	πρῶτον	_	_
2.4	1834	[25]	μὲν	_	_
2.4	1835	[26]	τὴν	_	_
2.4	1836	[6]	περὶ	_	_
2.4	1837	[1]	θώρακός	_	_
2.4	1838	[25]	τε	_	_
2.4	1839	[71]	καὶ	_	_
2.4	1840	[3]	πνεύμονος	_	_
2.4	1841	[5]	κινήσεως	_	_
2.4	1842	[165]	,	b	_
2.4	1843	[1]	ἔνθα	_	_
2.4	1844	[1]	δείκνυμεν	_	_
2.4	1845	[7]	ὑπὸ	_	_
2.4	1846	[19]	τοῦ	_	_
2.4	1847	[4]	θώρακος	_	_
2.4	1848	[1]	κινούμενον	_	_
2.4	1849	[17]	τὸν	_	_
2.4	1850	[3]	πνεύμονα	_	_
2.4	1851	[166]	,	b	_
2.4	1852	[72]	καὶ	_	_
2.4	1853	[16]	κατὰ	_	_
2.4	1854	[26]	μὲν	_	_
2.4	1855	[6]	τὰς	_	_
2.4	1856	[1]	διαστολὰς	_	_
2.4	1857	[1]	διαστελλόμενον	_	_
2.4	1858	[1]	ἕλκειν	_	_
2.4	1859	[18]	τὸν	_	_
2.4	1860	[2]	ἔξωθεν	_	_
2.4	1861	[1]	ἀέρα	_	_
2.4	1862	[167]	,	b	_
2.4	1863	[73]	καὶ	_	_
2.4	1864	[5]	τοῦτ	_	_
2.4	1865	[58]	’	b	_
2.4	1866	[4]	εἶναι	_	_
2.4	1867	[27]	τὴν	_	_
2.4	1868	[2]	εἰσπνοὴν	_	_
2.4	1869	[168]	,	b	_
2.4	1870	[17]	κατὰ	_	_
2.4	1871	[30]	δὲ	_	_
2.4	1872	[7]	τὰς	_	_
2.4	1873	[1]	συστολὰς	_	_
2.4	1874	[1]	συστελλόμενον	_	_
2.4	1875	[1]	ἐκθλίβειν	_	_
2.4	1876	[19]	τὸν	_	_
2.4	1877	[14]	ἐν	_	_
2.4	1878	[1]	αὑτῷ	_	_
2.4	1879	[1]	περιεχόμενον	_	_
2.4	1880	[1]	εἴς	_	_
2.4	1881	[26]	τε	_	_
2.4	1882	[20]	τὸν	_	_
2.4	1883	[4]	λάρυγγα	_	_
2.4	1884	[74]	καὶ	_	_
2.4	1885	[29]	τὸ	_	_
2.4	1886	[1]	στόμα	_	_
2.4	1887	[169]	,	b	_
2.4	1888	[75]	καὶ	_	_
2.4	1889	[7]	διὰ	_	_
2.4	1890	[5]	τούτων	_	_
2.4	1891	[1]	ἐκπέμπειν	_	_
2.4	1892	[2]	ἔξω	_	_
2.4	1893	[170]	,	b	_
2.4	1894	[76]	καὶ	_	_
2.4	1895	[6]	τοῦτ	_	_
2.4	1896	[59]	’	b	_
2.4	1897	[5]	εἶναι	_	_
2.4	1898	[28]	τὴν	_	_
2.4	1899	[1]	ἐκπνοήν	_	_
2.4	1900	[52]	.	b	_
2.4	1901	[1]	ἑτέραν	_	_
2.4	1902	[31]	δὲ	_	_
2.4	1903	[7]	ἔχει	_	_
2.4	1904	[1]	πραγματείαν	_	_
2.4	1905	[2]	ἐφεξῆς	_	_
2.4	1906	[1]	τῇδε	_	_
2.4	1907	[7]	περὶ	_	_
2.4	1908	[25]	τῶν	_	_
2.4	1909	[29]	τῆς	_	_
2.4	1910	[2]	ἀναπνοῆς	_	_
2.4	1911	[1]	αἰτίων	_	_
2.4	1912	[171]	,	b	_
2.4	1913	[2]	ἔνθα	_	_
2.4	1914	[77]	καὶ	_	_
2.4	1915	[6]	τοὺς	_	_
2.4	1916	[6]	μῦς	_	_
2.4	1917	[2]	ἅπαντας	_	_
2.4	1918	[1]	ἐδήλωσα	_	_
2.4	1919	[172]	,	b	_
2.4	1920	[78]	καὶ	_	_
2.4	1921	[14]	τὰ	_	_
2.4	1922	[13]	πρὸς	_	_
2.4	1923	[8]	αὐτῶν	_	_
2.4	1924	[1]	ὄργανα	_	_
2.4	1925	[1]	κινούμενα	_	_
2.4	1926	[173]	,	b	_
2.4	1927	[79]	καὶ	_	_
2.4	1928	[15]	τὰ	_	_
2.4	1929	[4]	νεῦρα	_	_
2.4	1930	[16]	τὰ	_	_
2.4	1931	[15]	τοῖς	_	_
2.4	1932	[1]	μυσὶ	_	_
2.4	1933	[29]	τὴν	_	_
2.4	1934	[11]	ἐξ	_	_
2.4	1935	[7]	ἐγκεφάλου	_	_
2.4	1936	[1]	παρέχοντα	_	_
2.4	1937	[1]	δύναμιν	_	_
2.4	1938	[30]	τὴν	_	_
2.4	1939	[1]	ψυχικήν	_	_
2.4	1940	[53]	.	b	_
2.4	1941	[1]	εἶτ	_	_
2.4	1942	[60]	’	b	_
2.4	1943	[1]	αὖθις	_	_
2.4	1944	[2]	ἄλλην	_	_
2.4	1945	[2]	ἑξῆς	_	_
2.4	1946	[1]	ταῖσδε	_	_
2.4	1947	[8]	περὶ	_	_
2.4	1948	[30]	τῆς	_	_
2.4	1949	[9]	φωνῆς	_	_
2.4	1950	[8]	ἔχει	_	_
2.4	1951	[2]	πραγματείαν	_	_
2.4	1952	[174]	,	b	_
2.4	1953	[1]	ὑπέρ	_	_
2.4	1954	[27]	τε	_	_
2.4	1955	[26]	τῶν	_	_
2.4	1956	[7]	ταῦτα	_	_
2.4	1957	[1]	κινούντων	_	_
2.4	1958	[7]	μυῶν	_	_
2.4	1959	[175]	,	b	_
2.4	1960	[3]	ἔτι	_	_
2.4	1961	[28]	τε	_	_
2.4	1962	[27]	τῶν	_	_
2.4	1963	[8]	εἰς	_	_
2.4	1964	[2]	τούτους	_	_
2.4	1965	[1]	καθηκόν	_	_
2.4	1966	[1]	των	_	_
2.4	1967	[12]	ἐξ	_	_
2.4	1968	[8]	ἐγκεφάλου	_	_
2.4	1969	[5]	νεύρων	_	_
2.4	1970	[54]	.	b	_
2.4	1971	[9]	εἰς	_	_
2.4	1972	[2]	δέ	_	_
2.4	1973	[8]	γε	_	_
2.4	1974	[17]	τὰ	_	_
2.4	1975	[1]	παρόντα	_	_
2.4	1976	[80]	καὶ	_	_
2.4	1977	[7]	τοῦτ	_	_
2.4	1978	[61]	’	b	_
2.4	1979	[1]	ἀρκεῖ	_	_
2.4	1980	[1]	μοι	_	_
2.4	1981	[3]	μόνον	_	_
2.4	1982	[1]	εἰπεῖν	_	_
2.4	1983	[176]	,	b	_
2.4	1984	[13]	ὡς	_	_
2.4	1985	[177]	,	b	_
2.4	1986	[3]	εἴπερ	_	_
2.4	1987	[13]	ἡ	_	_
2.4	1988	[3]	φωνὴ	_	_
2.4	1989	[1]	τυπουμένου	_	_
2.4	1990	[4]	πως	_	_
2.4	1991	[20]	τοῦ	_	_
2.4	1992	[18]	κατὰ	_	_
2.4	1993	[21]	τὸν	_	_
2.4	1994	[4]	πνεύμονα	_	_
2.4	1995	[1]	πνεύματος	_	_
2.4	1996	[8]	ὑπὸ	_	_
2.4	1997	[21]	τοῦ	_	_
2.4	1998	[19]	κατὰ	_	_
2.4	1999	[31]	τὴν	_	_
2.4	2000	[2]	καρδίαν	_	_
2.4	2001	[1]	ἐγίγνετο	_	_
2.4	2002	[178]	,	b	_
2.4	2003	[1]	κᾄπειθ	_	_
2.4	2004	[62]	’	b	_
2.4	2005	[1]	ἑαυτῷ	_	_
2.4	2006	[30]	τὸ	_	_
2.4	2007	[20]	κατὰ	_	_
2.4	2008	[22]	τὸν	_	_
2.4	2009	[5]	λάρυγγα	_	_
2.4	2010	[1]	συντυποῦντος	_	_
2.4	2011	[179]	,	b	_
2.4	2012	[5]	οὐκ	_	_
2.4	2013	[9]	ἂν	_	_
2.4	2014	[1]	ἀπώλλυτο	_	_
2.4	2015	[1]	παραχρῆμα	_	_
2.4	2016	[1]	τμηθέντων	_	_
2.4	2017	[6]	νεύρων	_	_
2.4	2018	[2]	τινῶν	_	_
2.4	2019	[1]	ἤτοι	_	_
2.4	2020	[21]	κατὰ	_	_
2.4	2021	[23]	τὸν	_	_
2.4	2022	[1]	τράχηλον	_	_
2.4	2023	[3]	ἢ	_	_
2.4	2024	[32]	τὴν	_	_
2.4	2025	[2]	κεφαλὴν	_	_
2.4	2026	[180]	,	b	_
2.4	2027	[4]	ἔτι	_	_
2.4	2028	[32]	δὲ	_	_
2.4	2029	[3]	μᾶλλον	_	_
2.4	2030	[6]	οὐκ	_	_
2.4	2031	[10]	ἂν	_	_
2.4	2032	[1]	ἀπώλετο	_	_
2.4	2033	[1]	θλιψάντων	_	_
2.4	2034	[24]	τὸν	_	_
2.4	2035	[2]	ἐγκέφαλον	_	_
2.4	2036	[181]	,	b	_
2.4	2037	[4]	ἢ	_	_
2.4	2038	[1]	τρωσάντων	_	_
2.4	2039	[1]	ἄχρι	_	_
2.4	2040	[1]	κοιλίας	_	_
2.4	2041	[182]	,	b	_
2.4	2042	[5]	ἢ	_	_
2.4	2043	[1]	διατεμόντων	_	_
2.4	2044	[25]	τὸν	_	_
2.4	2045	[1]	νωτιαῖον	_	_
2.4	2046	[1]	μυελόν	_	_
2.4	2047	[55]	.	b	_
2.4	2048	[31]	τὸ	_	_
2.4	2049	[27]	μὲν	_	_
2.4	2050	[18]	γὰρ	_	_
2.4	2051	[31]	τῆς	_	_
2.4	2052	[3]	τραχείας	_	_
2.4	2053	[2]	ἀρτηρίας	_	_
2.4	2054	[183]	,	b	_
2.4	2055	[1]	ἥνπερ	_	_
2.4	2056	[6]	δὴ	_	_
2.4	2057	[81]	καὶ	_	_
2.4	2058	[6]	λάρυγγα	_	_
2.4	2059	[1]	προσαγορεύομεν	_	_
2.4	2060	[184]	,	b	_
2.4	2061	[6]	ἢ	_	_
2.4	2062	[22]	τοῦ	_	_
2.4	2063	[4]	πνεύμονος	_	_
2.4	2064	[185]	,	b	_
2.4	2065	[7]	ἢ	_	_
2.4	2066	[32]	τῆς	_	_
2.4	2067	[8]	καρδίας	_	_
2.4	2068	[5]	αὐτῆς	_	_
2.4	2069	[1]	βλαβείσης	_	_
2.4	2070	[1]	ἀπόλλυσθαι	_	_
2.4	2071	[33]	τὴν	_	_
2.4	2072	[3]	φωνὴν	_	_
2.4	2073	[5]	οὐδὲν	_	_
2.4	2074	[11]	ἂν	_	_
2.4	2075	[3]	οἶμαι	_	_
2.4	2076	[1]	θαυμαστὸν	_	_
2.4	2077	[186]	,	b	_
2.4	2078	[4]	εἴπερ	_	_
2.4	2079	[5]	ἐκ	_	_
2.4	2080	[33]	τῆς	_	_
2.4	2081	[9]	καρδίας	_	_
2.4	2082	[1]	ὡρμᾶτο	_	_
2.4	2083	[10]	·	b	_
2.4	2084	[32]	τὸ	_	_
2.4	2085	[33]	δὲ	_	_
2.4	2086	[23]	τοῦ	_	_
2.4	2087	[9]	ἐγκεφάλου	_	_
2.4	2088	[1]	θλιβέντος	_	_
2.4	2089	[187]	,	b	_
2.4	2090	[1]	ἤ	_	_
2.4	2091	[2]	τινος	_	_
2.4	2092	[28]	τῶν	_	_
2.4	2093	[13]	ἐξ	_	_
2.4	2094	[7]	αὐτοῦ	_	_
2.4	2095	[7]	νεύρων	_	_
2.4	2096	[29]	τῶν	_	_
2.4	2097	[10]	εἰς	_	_
2.4	2098	[7]	τοὺς	_	_
2.4	2099	[24]	τοῦ	_	_
2.4	2100	[3]	λάρυγγος	_	_
2.4	2101	[7]	μῦς	_	_
2.4	2102	[1]	φερομένων	_	_
2.4	2103	[188]	,	b	_
2.4	2104	[1]	ἄτοπόν	_	_
2.4	2105	[29]	τε	_	_
2.4	2106	[82]	καὶ	_	_
2.4	2107	[1]	δεινῶς	_	_
2.4	2108	[1]	ἄλογον	_	_
2.4	2109	[189]	,	b	_
2.4	2110	[5]	εἴπερ	_	_
2.4	2111	[9]	γε	_	_
2.4	2112	[1]	μηδενὸς	_	_
2.4	2113	[9]	αὐτῶν	_	_
2.4	2114	[14]	ἡ	_	_
2.4	2115	[34]	τῆς	_	_
2.4	2116	[10]	φωνῆς	_	_
2.4	2117	[1]	γένεσις	_	_
2.4	2118	[1]	προσδεῖται	_	_
2.4	2119	[56]	.	b	_
2.4	2120	[83]	καὶ	_	_
2.4	2121	[3]	μὴν	_	_
2.4	2122	[1]	ἔμπαλιν	_	_
2.4	2123	[9]	ἔχει	_	_
2.4	2124	[33]	τὸ	_	_
2.4	2125	[1]	φαινόμενον	_	_
2.4	2126	[190]	,	b	_
2.4	2127	[8]	ἢ	_	_
2.4	2128	[1]	δοξάζουσιν	_	_
2.4	2129	[1]	ἐκεῖνοι	_	_
2.4	2130	[57]	.	b	_
2.4	2131	[10]	καρδίας	_	_
2.4	2132	[28]	μὲν	_	_
2.4	2133	[19]	γὰρ	_	_
2.4	2134	[1]	γυμνωθείσης	_	_
2.4	2135	[191]	,	b	_
2.4	2136	[14]	ὡς	_	_
2.4	2137	[1]	κᾀν	_	_
2.4	2138	[4]	τῷ	_	_
2.4	2139	[2]	πρὸ	_	_
2.4	2140	[2]	τούτου	_	_
2.4	2141	[2]	μοι	_	_
2.4	2142	[1]	λέλεκται	_	_
2.4	2143	[1]	γράμματι	_	_
2.4	2144	[192]	,	b	_
2.4	2145	[84]	καὶ	_	_
2.4	2146	[1]	κρατῶν	_	_
2.4	2147	[193]	,	b	_
2.4	2148	[85]	καὶ	_	_
2.4	2149	[1]	θλίβων	_	_
2.4	2150	[194]	,	b	_
2.4	2151	[86]	καὶ	_	_
2.4	2152	[1]	θλῶν	_	_
2.4	2153	[195]	,	b	_
2.4	2154	[1]	οὔτε	_	_
2.4	2155	[1]	ἄπνουν	_	_
2.4	2156	[196]	,	b	_
2.4	2157	[2]	οὔτε	_	_
2.4	2158	[1]	ἄφωνον	_	_
2.4	2159	[197]	,	b	_
2.4	2160	[3]	οὔτε	_	_
2.4	2161	[3]	ἄλλην	_	_
2.4	2162	[1]	τινὰ	_	_
2.4	2163	[30]	τῶν	_	_
2.4	2164	[4]	καθ	_	_
2.4	2165	[63]	’	b	_
2.4	2166	[2]	ὁρμὴν	_	_
2.4	2167	[3]	ἐνεργειῶν	_	_
2.4	2168	[1]	ἐμποδιζόμενον	_	_
2.4	2169	[4]	ὄψει	_	_
2.4	2170	[34]	τὸ	_	_
2.4	2171	[4]	ζῶον	_	_
2.4	2172	[11]	·	b	_
2.4	2173	[3]	ἐγκέφαλον	_	_
2.4	2174	[34]	δὲ	_	_
2.4	2175	[1]	γυμνώσας	_	_
2.4	2176	[31]	τῶν	_	_
2.4	2177	[1]	ὀστῶν	_	_
2.4	2178	[198]	,	b	_
2.4	2179	[9]	ἢ	_	_
2.4	2180	[1]	θλίψας	_	_
2.4	2181	[1]	ἡντιναοῦν	_	_
2.4	2182	[8]	αὐτοῦ	_	_
2.4	2183	[2]	κοιλίαν	_	_
2.4	2184	[199]	,	b	_
2.4	2185	[7]	οὐκ	_	_
2.4	2186	[2]	ἄφωνον	_	_
2.4	2187	[4]	μόνον	_	_
2.4	2188	[2]	οὐδ	_	_
2.4	2189	[64]	’	b	_
2.4	2190	[2]	ἄπνουν	_	_
2.4	2191	[1]	εὐθὺς	_	_
2.4	2192	[200]	,	b	_
2.4	2193	[4]	ἀλλὰ	_	_
2.4	2194	[87]	καὶ	_	_
2.4	2195	[1]	παντάπασιν	_	_
2.4	2196	[1]	ἀναίσθητόν	_	_
2.4	2197	[30]	τε	_	_
2.4	2198	[88]	καὶ	_	_
2.4	2199	[3]	ἀκίνητον	_	_
2.4	2200	[1]	ἁπασῶν	_	_
2.4	2201	[32]	τῶν	_	_
2.4	2202	[5]	καθ	_	_
2.4	2203	[65]	’	b	_
2.4	2204	[3]	ὁρμὴν	_	_
2.4	2205	[1]	κινήσεων	_	_
2.4	2206	[1]	ἐργάσῃ	_	_
2.4	2207	[35]	τὸ	_	_
2.4	2208	[5]	ζῶον	_	_
2.4	2209	[58]	.	b	_
2.4	2210	[3]	εἴρηται	_	_
2.4	2211	[3]	δέ	_	_
2.4	2212	[3]	μοι	_	_
2.4	2213	[89]	καὶ	_	_
2.4	2214	[3]	πρόσθεν	_	_
2.4	2215	[201]	,	b	_
2.4	2216	[15]	ὡς	_	_
2.4	2217	[6]	οὐ	_	_
2.4	2218	[1]	χρὴ	_	_
2.4	2219	[1]	συντιτράναι	_	_
2.4	2220	[25]	τοῦ	_	_
2.4	2221	[5]	θώρακος	_	_
2.4	2222	[1]	οὐδετέραν	_	_
2.4	2223	[1]	κοιλότητα	_	_
2.4	2224	[202]	,	b	_
2.4	2225	[1]	γυμνοῦντας	_	_
2.4	2226	[34]	τὴν	_	_
2.4	2227	[3]	καρδίαν	_	_
2.4	2228	[59]	.	b	_
2.4	2229	[6]	εἰ	_	_
2.4	2230	[20]	γὰρ	_	_
2.4	2231	[7]	δὴ	_	_
2.4	2232	[3]	τούτου	_	_
2.4	2233	[1]	τύχῃ	_	_
2.4	2234	[9]	τις	_	_
2.4	2235	[203]	,	b	_
2.4	2236	[7]	οὐ	_	_
2.4	2237	[5]	μόνον	_	_
2.4	2238	[7]	εἰ	_	_
2.4	2239	[1]	θλίβειν	_	_
2.4	2240	[10]	ἢ	_	_
2.4	2241	[1]	θλᾷν	_	_
2.4	2242	[2]	ἤ	_	_
2.4	2243	[4]	τι	_	_
2.4	2244	[1]	τοιοῦτον	_	_
2.4	2245	[2]	ἕτερον	_	_
2.4	2246	[1]	ἐργάζεσθαι	_	_
2.4	2247	[1]	βουληθῇ	_	_
2.4	2248	[204]	,	b	_
2.4	2249	[1]	δυνήσεται	_	_
2.4	2250	[1]	κατορθοῦν	_	_
2.4	2251	[205]	,	b	_
2.4	2252	[5]	ἀλλὰ	_	_
2.4	2253	[90]	καὶ	_	_
2.4	2254	[1]	βουληθεὶς	_	_
2.4	2255	[2]	ἀθρόως	_	_
2.4	2256	[1]	ὅλην	_	_
2.4	2257	[1]	ἐξελεῖν	_	_
2.4	2258	[8]	οὐκ	_	_
2.4	2259	[1]	ἀτυχήσει	_	_
2.4	2260	[35]	τῆς	_	_
2.4	2261	[1]	χειρουργίας	_	_
2.4	2262	[60]	.	b	_
2.4	2263	[2]	γίνεται	_	_
2.4	2264	[29]	μὲν	_	_
2.4	2265	[3]	τοῦτο	_	_
2.4	2266	[91]	καὶ	_	_
2.4	2267	[22]	κατὰ	_	_
2.4	2268	[1]	πολλὰς	_	_
2.4	2269	[1]	θυσίας	_	_
2.4	2270	[14]	ἐξ	_	_
2.4	2271	[1]	ἔθους	_	_
2.4	2272	[2]	οὕτως	_	_
2.4	2273	[1]	ἐπιτελουμένας	_	_
2.4	2274	[206]	,	b	_
2.4	2275	[92]	καὶ	_	_
2.4	2276	[1]	φαίνεται	_	_
2.4	2277	[18]	τὰ	_	_
2.4	2278	[2]	ζῶα	_	_
2.4	2279	[207]	,	b	_
2.4	2280	[36]	τῆς	_	_
2.4	2281	[11]	καρδίας	_	_
2.4	2282	[3]	ἤδη	_	_
2.4	2283	[23]	κατὰ	_	_
2.4	2284	[33]	τῶν	_	_
2.4	2285	[1]	βωμῶν	_	_
2.4	2286	[1]	ἐπικειμένης	_	_
2.4	2287	[208]	,	b	_
2.4	2288	[9]	οὐκ	_	_
2.4	2289	[1]	ἀναπνέοντα	_	_
2.4	2290	[6]	μόνον	_	_
2.4	2291	[209]	,	b	_
2.4	2292	[11]	ἢ	_	_
2.4	2293	[1]	κεκραγότα	_	_
2.4	2294	[1]	συντόνως	_	_
2.4	2295	[210]	,	b	_
2.4	2296	[6]	ἀλλὰ	_	_
2.4	2297	[93]	καὶ	_	_
2.4	2298	[1]	φεύγοντα	_	_
2.4	2299	[211]	,	b	_
2.4	2300	[2]	μέχρι	_	_
2.4	2301	[6]	περ	_	_
2.4	2302	[12]	ἂν	_	_
2.4	2303	[9]	ὑπὸ	_	_
2.4	2304	[37]	τῆς	_	_
2.4	2305	[1]	αἱμοῤῥαγίας	_	_
2.4	2306	[1]	ἀποθάνῃ	_	_
2.4	2307	[61]	.	b	_
2.4	2308	[1]	τάχιστα	_	_
2.4	2309	[35]	δὲ	_	_
2.4	2310	[1]	δήπουθεν	_	_
2.4	2311	[10]	αὐτῶν	_	_
2.4	2312	[2]	ἐκκενοῦται	_	_
2.4	2313	[36]	τὸ	_	_
2.4	2314	[1]	αἷμα	_	_
2.4	2315	[212]	,	b	_
2.4	2316	[1]	τεττάρων	_	_
2.4	2317	[1]	μεγίστων	_	_
2.4	2318	[1]	ἀγγείων	_	_
2.4	2319	[1]	διασπωμένων	_	_
2.4	2320	[213]	,	b	_
2.4	2321	[6]	ἀλλ	_	_
2.4	2322	[66]	’	b	_
2.4	2323	[2]	ἄχρι	_	_
2.4	2324	[7]	περ	_	_
2.4	2325	[13]	ἂν	_	_
2.4	2326	[5]	ἔτι	_	_
2.4	2327	[1]	ζῇ	_	_
2.4	2328	[214]	,	b	_
2.4	2329	[94]	καὶ	_	_
2.4	2330	[1]	ἀναπνεῖ	_	_
2.4	2331	[215]	,	b	_
2.4	2332	[95]	καὶ	_	_
2.4	2333	[1]	φωνεῖ	_	_
2.4	2334	[216]	,	b	_
2.4	2335	[96]	καὶ	_	_
2.4	2336	[1]	τρέχει	_	_
2.4	2337	[62]	.	b	_
2.4	2338	[8]	τοὺς	_	_
2.4	2339	[4]	δέ	_	_
2.4	2340	[10]	γε	_	_
2.4	2341	[24]	κατὰ	_	_
2.4	2342	[26]	τὸν	_	_
2.4	2343	[5]	πρῶτον	_	_
2.4	2344	[1]	σπόνδυλον	_	_
2.4	2345	[1]	ὁσημέραι	_	_
2.4	2346	[1]	διατεμνομένους	_	_
2.4	2347	[1]	ταύρους	_	_
2.4	2348	[35]	τὴν	_	_
2.4	2349	[1]	ἔκφυσιν	_	_
2.4	2350	[26]	τοῦ	_	_
2.4	2351	[1]	νωτιαίου	_	_
2.4	2352	[1]	μυελοῦ	_	_
2.4	2353	[2]	παραχρῆμα	_	_
2.4	2354	[1]	θεώμεθα	_	_
2.4	2355	[2]	μὴ	_	_
2.4	2356	[9]	ὅτι	_	_
2.4	2357	[1]	δραμεῖν	_	_
2.4	2358	[6]	ἔτι	_	_
2.4	2359	[1]	δυναμένους	_	_
2.4	2360	[217]	,	b	_
2.4	2361	[7]	ἀλλὰ	_	_
2.4	2362	[1]	μηδ	_	_
2.4	2363	[67]	’	b	_
2.4	2364	[3]	ἐπ	_	_
2.4	2365	[68]	’	b	_
2.4	2366	[1]	ἐλάχιστον	_	_
2.4	2367	[1]	προβῆναι	_	_
2.4	2368	[218]	,	b	_
2.4	2369	[1]	συναπόλλυται	_	_
2.4	2370	[4]	δ	_	_
2.4	2371	[69]	’	b	_
2.4	2372	[1]	αὐτοῖς	_	_
2.4	2373	[4]	ἅμα	_	_
2.4	2374	[10]	τῇ	_	_
2.4	2375	[1]	τομῇ	_	_
2.4	2376	[97]	καὶ	_	_
2.4	2377	[15]	ἡ	_	_
2.4	2378	[1]	ἀναπνοὴ	_	_
2.4	2379	[98]	καὶ	_	_
2.4	2380	[16]	ἡ	_	_
2.4	2381	[2]	φωνή	_	_
2.4	2382	[12]	·	b	_
2.4	2383	[99]	καὶ	_	_
2.4	2384	[21]	γὰρ	_	_
2.4	2385	[100]	καὶ	_	_
2.4	2386	[1]	ταύταις	_	_
2.4	2387	[1]	ἄνωθέν	_	_
2.4	2388	[4]	ἐστιν	_	_
2.4	2389	[17]	ἡ	_	_
2.4	2390	[1]	ἀρχή	_	_
2.4	2391	[63]	.	b	_
2.4	2392	[36]	τὴν	_	_
2.4	2393	[1]	μέντοι	_	_
2.4	2394	[4]	καρδίαν	_	_
2.4	2395	[4]	ἐπὶ	_	_
2.4	2396	[34]	τῶν	_	_
2.4	2397	[5]	οὕτω	_	_
2.4	2398	[1]	πληγέντων	_	_
2.4	2399	[1]	ταύρων	_	_
2.4	2400	[3]	ἔστιν	_	_
2.4	2401	[2]	ἰδεῖν	_	_
2.4	2402	[3]	ἄχρι	_	_
2.4	2403	[1]	πλείστου	_	_
2.4	2404	[1]	σφύζουσαν	_	_
2.4	2405	[5]	ἅμα	_	_
2.4	2406	[3]	ταῖς	_	_
2.4	2407	[1]	ἀρτηρίαις	_	_
2.4	2408	[1]	ἁπάσαις	_	_
2.4	2409	[13]	·	b	_
2.4	2410	[8]	οὐ	_	_
2.4	2411	[22]	γὰρ	_	_
2.4	2412	[8]	δὴ	_	_
2.4	2413	[101]	καὶ	_	_
2.4	2414	[2]	ταύταις	_	_
2.4	2415	[11]	γε	_	_
2.4	2416	[1]	παρ	_	_
2.4	2417	[70]	’	b	_
2.4	2418	[10]	ἐγκεφάλου	_	_
2.4	2419	[37]	τὸ	_	_
2.4	2420	[1]	σφύζειν	_	_
2.4	2421	[4]	ἐστὶν	_	_
2.4	2422	[219]	,	b	_
2.4	2423	[2]	ὥσπερ	_	_
2.4	2424	[9]	οὐδὲ	_	_
2.4	2425	[5]	αὐτῇ	_	_
2.4	2426	[11]	τῇ	_	_
2.4	2427	[4]	καρδίᾳ	_	_
2.4	2428	[64]	.	b	_
2.4	2429	[16]	ὡς	_	_
2.4	2430	[23]	γὰρ	_	_
2.4	2431	[2]	αἱ	_	_
2.4	2432	[2]	κινήσεις	_	_
2.4	2433	[3]	ἑτέρου	_	_
2.4	2434	[3]	γένους	_	_
2.4	2435	[1]	εἰσὶν	_	_
2.4	2436	[220]	,	b	_
2.4	2437	[6]	οὕτω	_	_
2.4	2438	[102]	καὶ	_	_
2.4	2439	[35]	τῶν	_	_
2.4	2440	[1]	ἀρχῶν	_	_
2.4	2441	[1]	οὐδετέρα	_	_
2.4	2442	[2]	προσδεῖται	_	_
2.4	2443	[38]	τῆς	_	_
2.4	2444	[2]	ἑτέρας	_	_
2.4	2445	[221]	,	b	_
2.4	2446	[7]	ἀλλ	_	_
2.4	2447	[71]	’	b	_
2.4	2448	[4]	ἔστιν	_	_
2.4	2449	[3]	οὕτως	_	_
2.4	2450	[1]	ἥ	_	_
2.4	2451	[31]	τε	_	_
2.4	2452	[5]	καρδία	_	_
2.4	2453	[1]	πηγὴ	_	_
2.4	2454	[39]	τῆς	_	_
2.4	2455	[25]	κατὰ	_	_
2.4	2456	[9]	τοὺς	_	_
2.4	2457	[1]	σφυγμοὺς	_	_
2.4	2458	[6]	κινήσεως	_	_
2.4	2459	[222]	,	b	_
2.4	2460	[1]	ὅ	_	_
2.4	2461	[2]	τ	_	_
2.4	2462	[72]	’	b	_
2.4	2463	[2]	ἐγκέφαλος	_	_
2.4	2464	[40]	τῆς	_	_
2.4	2465	[26]	κατὰ	_	_
2.4	2466	[3]	προαίρεσιν	_	_
2.4	2467	[223]	,	b	_
2.4	2468	[3]	οὐδ	_	_
2.4	2469	[73]	’	b	_
2.4	2470	[5]	ἐστὶν	_	_
2.4	2471	[1]	οὐδεὶς	_	_
2.4	2472	[1]	λόγος	_	_
2.4	2473	[224]	,	b	_
2.4	2474	[1]	ὃς	_	_
2.4	2475	[1]	ἀναγκάσει	_	_
2.4	2476	[1]	μίαν	_	_
2.4	2477	[3]	ἀρχὴν	_	_
2.4	2478	[2]	ἁπασῶν	_	_
2.4	2479	[6]	εἶναι	_	_
2.4	2480	[36]	τῶν	_	_
2.4	2481	[27]	κατὰ	_	_
2.4	2482	[38]	τὸ	_	_
2.4	2483	[6]	ζῶον	_	_
2.4	2484	[4]	ἐνεργειῶν	_	_
2.4	2485	[14]	·	b	_
2.4	2486	[4]	οὔτε	_	_
2.4	2487	[24]	γὰρ	_	_
2.4	2488	[17]	ὡς	_	_
2.4	2489	[10]	οὐκ	_	_
2.4	2490	[1]	ἐνδεχομένων	_	_
2.4	2491	[7]	εἶναι	_	_
2.4	2492	[2]	πολλῶν	_	_
2.4	2493	[225]	,	b	_
2.4	2494	[1]	οὔθ	_	_
2.4	2495	[74]	’	b	_
2.4	2496	[18]	ὡς	_	_
2.4	2497	[3]	μὴ	_	_
2.4	2498	[4]	οὕτως	_	_
2.4	2499	[1]	φαινομένων	_	_
2.4	2500	[1]	ἐπιδείξει	_	_
2.4	2501	[65]	.	b	_
2.4	2502	[8]	ἀλλὰ	_	_
2.4	2503	[9]	περὶ	_	_
2.4	2504	[30]	μὲν	_	_
2.4	2505	[4]	τούτου	_	_
2.4	2506	[2]	κᾀν	_	_
2.4	2507	[16]	τοῖς	_	_
2.4	2508	[3]	ἑξῆς	_	_
2.4	2509	[5]	ἐπὶ	_	_
2.4	2510	[2]	πλέον	_	_
2.4	2511	[2]	αὐτοῖς	_	_
2.4	2512	[1]	διαλέξομαι	_	_
2.4	2513	[66]	.	b	_
2.4	2514	[1]	νυνὶ	_	_
2.4	2515	[5]	δ	_	_
2.4	2516	[75]	’	b	_
2.4	2517	[3]	ἐφ	_	_
2.4	2518	[76]	’	b	_
2.4	2519	[2]	ὅπερ	_	_
2.4	2520	[1]	ἔλεγον	_	_
2.4	2521	[2]	αὖθις	_	_
2.4	2522	[1]	ἐπάνειμι	_	_
2.4	2523	[226]	,	b	_
2.4	2524	[14]	πρὸς	_	_
2.4	2525	[39]	τὸ	_	_
2.4	2526	[1]	μήτε	_	_
2.4	2527	[41]	τῆς	_	_
2.4	2528	[1]	ἀναπνευστικῆς	_	_
2.4	2529	[7]	κινήσεως	_	_
2.4	2530	[227]	,	b	_
2.4	2531	[2]	μήτε	_	_
2.4	2532	[42]	τῆς	_	_
2.4	2533	[1]	φωνητικῆς	_	_
2.4	2534	[1]	δημιουργικὴν	_	_
2.4	2535	[4]	ἀρχὴν	_	_
2.4	2536	[8]	εἶναι	_	_
2.4	2537	[37]	τὴν	_	_
2.4	2538	[5]	καρδίαν	_	_
2.4	2539	[67]	.	b	_
2.4	2540	[3]	δι	_	_
2.4	2541	[77]	’	b	_
2.4	2542	[1]	ἐκείνην	_	_
2.4	2543	[31]	μὲν	_	_
2.4	2544	[25]	γὰρ	_	_
2.4	2545	[40]	τὸ	_	_
2.4	2546	[1]	πλεῖστον	_	_
2.4	2547	[228]	,	b	_
2.4	2548	[9]	οὐ	_	_
2.4	2549	[4]	μὴν	_	_
2.4	2550	[3]	ὑπ	_	_
2.4	2551	[78]	’	b	_
2.4	2552	[2]	ἐκείνης	_	_
2.4	2553	[12]	γε	_	_
2.4	2554	[38]	τὴν	_	_
2.4	2555	[1]	ἀναπνοὴν	_	_
2.4	2556	[2]	γίγνεσθαι	_	_
2.4	2557	[1]	συμβέβηκεν	_	_
2.4	2558	[229]	,	b	_
2.4	2559	[10]	οὐ	_	_
2.4	2560	[2]	ταὐτὸν	_	_
2.4	2561	[6]	δ	_	_
2.4	2562	[79]	’	b	_
2.4	2563	[6]	ἐστὶν	_	_
2.4	2564	[1]	ὑπό	_	_
2.4	2565	[1]	του	_	_
2.4	2566	[1]	γίνεσθαι	_	_
2.4	2567	[103]	καὶ	_	_
2.4	2568	[1]	διά	_	_
2.4	2569	[5]	τι	_	_
2.4	2570	[68]	.	b	_
2.4	2571	[1]	γέγραπται	_	_
2.4	2572	[36]	δὲ	_	_
2.4	2573	[4]	ἡμῖν	_	_
2.4	2574	[1]	ἓν	_	_
2.4	2575	[1]	βιβλίον	_	_
2.4	2576	[1]	ἰδίᾳ	_	_
2.4	2577	[6]	καθ	_	_
2.4	2578	[80]	’	b	_
2.4	2579	[1]	ἑαυτὸ	_	_
2.4	2580	[10]	περὶ	_	_
2.4	2581	[1]	χρείας	_	_
2.4	2582	[3]	ἀναπνοῆς	_	_
2.4	2583	[69]	.	b	_
2.5	1	[1]	Οἱ	_	_
2.5	2	[1]	δ	_	_
2.5	3	[1]	’	b	_
2.5	4	[1]	ἡγούμενοι	_	_
2.5	5	[1]	φωνὴν	_	_
2.5	6	[1]	ἢ	_	_
2.5	7	[1]	ἀναπνοὴν	_	_
2.5	8	[1]	ὑπὸ	_	_
2.5	9	[1]	τῆς	_	_
2.5	10	[1]	καρδίας	_	_
2.5	11	[1]	ἐπιτελεῖσθαι	_	_
2.5	12	[1]	,	b	_
2.5	13	[1]	πρὸς	_	_
2.5	14	[2]	τῆς	_	_
2.5	15	[1]	κατὰ	_	_
2.5	16	[1]	τὴν	_	_
2.5	17	[1]	θέσιν	_	_
2.5	18	[1]	ἐγγύτητος	_	_
2.5	19	[1]	ἠπατήθησαν	_	_
2.5	20	[2]	,	b	_
2.5	21	[1]	οὐκ	_	_
2.5	22	[1]	εἰδότες	_	_
2.5	23	[3]	,	b	_
2.5	24	[1]	ὡς	_	_
2.5	25	[1]	οὐ	_	_
2.5	26	[1]	πάντως	_	_
2.5	27	[4]	,	b	_
2.5	28	[1]	εἴ	_	_
2.5	29	[1]	τι	_	_
2.5	30	[1]	πλησίον	_	_
2.5	31	[1]	ἐστὶ	_	_
2.5	32	[1]	μόριον	_	_
2.5	33	[1]	ἐνεργείας	_	_
2.5	34	[1]	ἡστινοσοῦν	_	_
2.5	35	[5]	,	b	_
2.5	36	[1]	ἐξ	_	_
2.5	37	[1]	ἀνάγκης	_	_
2.5	38	[1]	τοῦτο	_	_
2.5	39	[1]	καὶ	_	_
2.5	40	[1]	ἀρχὴ	_	_
2.5	41	[3]	τῆς	_	_
2.5	42	[2]	ἐνεργείας	_	_
2.5	43	[1]	ἐστίν	_	_
2.5	44	[1]	.	b	_
2.5	45	[1]	οὐδὲ	_	_
2.5	46	[1]	γὰρ	_	_
2.5	47	[6]	,	b	_
2.5	48	[1]	ὅσοι	_	_
2.5	49	[1]	τὸν	_	_
2.5	50	[1]	ἐγκέφαλον	_	_
2.5	51	[1]	ὑπολαμβάνουσιν	_	_
2.5	52	[1]	ἀρχὴν	_	_
2.5	53	[1]	εἶναι	_	_
2.5	54	[4]	τῆς	_	_
2.5	55	[1]	κατ	_	_
2.5	56	[2]	’	b	_
2.5	57	[1]	ὀφθαλμοὺς	_	_
2.5	58	[2]	καὶ	_	_
2.5	59	[1]	ὦτα	_	_
2.5	60	[3]	καὶ	_	_
2.5	61	[1]	ῥῖνας	_	_
2.5	62	[1]	αἰσθήσεως	_	_
2.5	63	[7]	,	b	_
2.5	64	[1]	ὅτι	_	_
2.5	65	[2]	πλησίον	_	_
2.5	66	[1]	αὐτῶν	_	_
2.5	67	[1]	ἐστιν	_	_
2.5	68	[8]	,	b	_
2.5	69	[1]	ὀρθῶς	_	_
2.5	70	[1]	ἐπιχειροῦσιν	_	_
2.5	71	[9]	,	b	_
2.5	72	[1]	ἀλλὰ	_	_
2.5	73	[4]	καὶ	_	_
2.5	74	[1]	τούτους	_	_
2.5	75	[1]	ἡ	_	_
2.5	76	[1]	θέσις	_	_
2.5	77	[1]	ἔσφαλλε	_	_
2.5	78	[10]	,	b	_
2.5	79	[1]	μᾶλλον	_	_
2.5	80	[1]	δὲ	_	_
2.5	81	[1]	οὐχ	_	_
2.5	82	[2]	ἡ	_	_
2.5	83	[2]	θέσις	_	_
2.5	84	[11]	,	b	_
2.5	85	[1]	ἀλλ	_	_
2.5	86	[3]	’	b	_
2.5	87	[3]	ἡ	_	_
2.5	88	[1]	περὶ	_	_
2.5	89	[5]	τῆς	_	_
2.5	90	[2]	αἰσθήσεως	_	_
2.5	91	[1]	δόξα	_	_
2.5	92	[2]	.	b	_
2.5	93	[2]	πάντως	_	_
2.5	94	[2]	γὰρ	_	_
2.5	95	[1]	δήπου	_	_
2.5	96	[1]	τοιούτῳ	_	_
2.5	97	[1]	τινὶ	_	_
2.5	98	[1]	προσχρήσονται	_	_
2.5	99	[2]	κατὰ	_	_
2.5	100	[1]	τὰς	_	_
2.5	101	[1]	ἀποδείξεις	_	_
2.5	102	[1]	ἀξιώματι	_	_
2.5	103	[1]	·	b	_
2.5	104	[1]	πᾶσι	_	_
2.5	105	[1]	τοῖς	_	_
2.5	106	[1]	ἐνεργοῦσιν	_	_
2.5	107	[1]	ἐκ	_	_
2.5	108	[1]	τῶν	_	_
2.5	109	[1]	πλησίων	_	_
2.5	110	[1]	ἐστὶν	_	_
2.5	111	[4]	ἡ	_	_
2.5	112	[1]	ἀρχή	_	_
2.5	113	[3]	.	b	_
2.5	114	[1]	τούτου	_	_
2.5	115	[3]	γὰρ	_	_
2.5	116	[1]	ὑποτεθέντος	_	_
2.5	117	[2]	ὡς	_	_
2.5	118	[1]	ἀληθοῦς	_	_
2.5	119	[12]	,	b	_
2.5	120	[1]	εἶτ	_	_
2.5	121	[4]	’	b	_
2.5	122	[2]	ἐκ	_	_
2.5	123	[1]	τοῦ	_	_
2.5	124	[1]	φαίνεσθαι	_	_
2.5	125	[1]	προληφθέντος	_	_
2.5	126	[13]	,	b	_
2.5	127	[3]	ὡς	_	_
2.5	128	[1]	ἐγκεφάλου	_	_
2.5	129	[1]	ψαύει	_	_
2.5	130	[1]	τὰ	_	_
2.5	131	[2]	ὦτα	_	_
2.5	132	[14]	,	b	_
2.5	133	[1]	περαίνοιτ	_	_
2.5	134	[5]	’	b	_
2.5	135	[1]	ἂν	_	_
2.5	136	[1]	ἤδη	_	_
2.5	137	[1]	τὸ	_	_
2.5	138	[5]	καὶ	_	_
2.5	139	[2]	τὴν	_	_
2.5	140	[2]	ἀρχὴν	_	_
2.5	141	[1]	αὐτοῖς	_	_
2.5	142	[6]	τῆς	_	_
2.5	143	[3]	ἐνεργείας	_	_
2.5	144	[1]	ἐντεῦθεν	_	_
2.5	145	[1]	ὑπάρχειν	_	_
2.5	146	[4]	.	b	_
2.5	147	[1]	﻿	_	_
2.5	148	[2]	ἀλλ	_	_
2.5	149	[6]	’	b	_
2.5	150	[1]	οὔτε	_	_
2.5	151	[2]	πρὸς	_	_
2.5	152	[1]	αἴσθησιν	_	_
2.5	153	[15]	,	b	_
2.5	154	[2]	οὔτε	_	_
2.5	155	[3]	πρὸς	_	_
2.5	156	[1]	νόησιν	_	_
2.5	157	[1]	ἐναργές	_	_
2.5	158	[2]	ἐστιν	_	_
2.5	159	[16]	,	b	_
2.5	160	[4]	ὡς	_	_
2.5	161	[1]	πρῶτόν	_	_
2.5	162	[1]	τε	_	_
2.5	163	[6]	καὶ	_	_
2.5	164	[2]	ἐξ	_	_
2.5	165	[1]	ἑαυτοῦ	_	_
2.5	166	[1]	πιστὸν	_	_
2.5	167	[2]	εἶναι	_	_
2.5	168	[2]	τὸ	_	_
2.5	169	[1]	νῦν	_	_
2.5	170	[1]	εἰρημένον	_	_
2.5	171	[1]	ἀξίωμα	_	_
2.5	172	[17]	,	b	_
2.5	173	[3]	τὸ	_	_
2.5	174	[2]	πᾶσι	_	_
2.5	175	[2]	τοῖς	_	_
2.5	176	[2]	ἐνεργοῦσιν	_	_
2.5	177	[3]	ἐκ	_	_
2.5	178	[2]	τῶν	_	_
2.5	179	[3]	πλησίον	_	_
2.5	180	[3]	εἶναι	_	_
2.5	181	[3]	τὴν	_	_
2.5	182	[1]	ἀρχήν	_	_
2.5	183	[2]	·	b	_
2.5	184	[1]	οὔθ	_	_
2.5	185	[7]	’	b	_
2.5	186	[18]	,	b	_
2.5	187	[2]	ὅτι	_	_
2.5	188	[4]	πλησίον	_	_
2.5	189	[2]	ἐστὶ	_	_
2.5	190	[2]	καρδίας	_	_
2.5	191	[2]	τὰ	_	_
2.5	192	[1]	φωνητικά	_	_
2.5	193	[2]	τε	_	_
2.5	194	[7]	καὶ	_	_
2.5	195	[1]	ἀναπνευστικὰ	_	_
2.5	196	[1]	μόρια	_	_
2.5	197	[19]	,	b	_
2.5	198	[1]	διὰ	_	_
2.5	199	[1]	τοῦτ	_	_
2.5	200	[8]	’	b	_
2.5	201	[4]	ἐκ	_	_
2.5	202	[3]	καρδίας	_	_
2.5	203	[2]	αὐτοῖς	_	_
2.5	204	[5]	ἡ	_	_
2.5	205	[2]	ἀρχή	_	_
2.5	206	[5]	.	b	_
2.5	207	[8]	καὶ	_	_
2.5	208	[1]	μὴν	_	_
2.5	209	[1]	ὁ	_	_
2.5	210	[1]	θαυμαζόμενος	_	_
2.5	211	[2]	ὑπὸ	_	_
2.5	212	[3]	τῶν	_	_
2.5	213	[1]	Στωϊκῶν	_	_
2.5	214	[1]	λόγος	_	_
2.5	215	[2]	ὁ	_	_
2.5	216	[1]	Ζήνωνος	_	_
2.5	217	[20]	,	b	_
2.5	218	[1]	ὃν	_	_
2.5	219	[9]	καὶ	_	_
2.5	220	[1]	πρῶτον	_	_
2.5	221	[1]	ἁπάντων	_	_
2.5	222	[1]	ἔγραψεν	_	_
2.5	223	[1]	ἐν	_	_
2.5	224	[1]	τῷ	_	_
2.5	225	[2]	περὶ	_	_
2.5	226	[2]	τοῦ	_	_
2.5	227	[7]	τῆς	_	_
2.5	228	[1]	ψυχῆς	_	_
2.5	229	[1]	ἡγεμονικοῦ	_	_
2.5	230	[1]	Διογένης	_	_
2.5	231	[3]	ὁ	_	_
2.5	232	[1]	Βαβυλώνιος	_	_
2.5	233	[21]	,	b	_
2.5	234	[2]	οὐκ	_	_
2.5	235	[3]	ἐξ	_	_
2.5	236	[1]	ἄλλου	_	_
2.5	237	[1]	τινὸς	_	_
2.5	238	[1]	ἔχει	_	_
2.5	239	[4]	τὸ	_	_
2.5	240	[1]	θαυμάζεσθαι	_	_
2.5	241	[22]	,	b	_
2.5	242	[1]	πλὴν	_	_
2.5	243	[1]	οὗ	_	_
2.5	244	[2]	νῦν	_	_
2.5	245	[1]	εἶπον	_	_
2.5	246	[1]	ἀξιώματος	_	_
2.5	247	[2]	ἤδη	_	_
2.5	248	[6]	.	b	_
2.5	249	[1]	εἴσῃ	_	_
2.5	250	[2]	δ	_	_
2.5	251	[9]	’	b	_
2.5	252	[1]	ἐναργέστερον	_	_
2.5	253	[23]	,	b	_
2.5	254	[1]	εἰ	_	_
2.5	255	[1]	παραγράψαιμεν	_	_
2.5	256	[1]	αὐτὸν	_	_
2.5	257	[24]	,	b	_
2.5	258	[2]	ἔχει	_	_
2.5	259	[4]	γὰρ	_	_
2.5	260	[1]	ᾧδε	_	_
2.5	261	[7]	.	b	_
2.5	262	[1]	φωνὴ	_	_
2.5	263	[2]	διὰ	_	_
2.5	264	[1]	φάρυγγος	_	_
2.5	265	[1]	χωρεῖ	_	_
2.5	266	[8]	.	b	_
2.5	267	[2]	εἰ	_	_
2.5	268	[2]	δὲ	_	_
2.5	269	[1]	ἦν	_	_
2.5	270	[1]	ἀπὸ	_	_
2.5	271	[3]	τοῦ	_	_
2.5	272	[2]	ἐγκεφάλου	_	_
2.5	273	[1]	χωροῦσα	_	_
2.5	274	[25]	,	b	_
2.5	275	[3]	οὐκ	_	_
2.5	276	[2]	ἂν	_	_
2.5	277	[3]	διὰ	_	_
2.5	278	[2]	φάρυγγος	_	_
2.5	279	[1]	ἐχώρει	_	_
2.5	280	[9]	.	b	_
2.5	281	[1]	ὅθεν	_	_
2.5	282	[3]	δὲ	_	_
2.5	283	[2]	λόγος	_	_
2.5	284	[26]	,	b	_
2.5	285	[10]	καὶ	_	_
2.5	286	[2]	φωνὴ	_	_
2.5	287	[1]	ἐκεῖθεν	_	_
2.5	288	[2]	χωρεῖ	_	_
2.5	289	[10]	.	b	_
2.5	290	[3]	λόγος	_	_
2.5	291	[4]	δὲ	_	_
2.5	292	[2]	ἀπὸ	_	_
2.5	293	[1]	διανοίας	_	_
2.5	294	[3]	χωρεῖ	_	_
2.5	295	[27]	,	b	_
2.5	296	[1]	ὥστ	_	_
2.5	297	[10]	’	b	_
2.5	298	[4]	οὐκ	_	_
2.5	299	[2]	ἐν	_	_
2.5	300	[2]	τῷ	_	_
2.5	301	[1]	ἐγκεφάλῳ	_	_
2.5	302	[2]	ἐστὶν	_	_
2.5	303	[6]	ἡ	_	_
2.5	304	[1]	διάνοια	_	_
2.5	305	[11]	.	b	_
2.5	306	[2]	τὸν	_	_
2.5	307	[2]	αὐτὸν	_	_
2.5	308	[1]	δὴ	_	_
2.5	309	[1]	τοῦτον	_	_
2.5	310	[1]	λόγον	_	_
2.5	311	[2]	Διογένης	_	_
2.5	312	[2]	οὐ	_	_
2.5	313	[3]	κατὰ	_	_
2.5	314	[4]	τὴν	_	_
2.5	315	[1]	αὐτὴν	_	_
2.5	316	[1]	ἐρωτᾷ	_	_
2.5	317	[1]	λέξιν	_	_
2.5	318	[28]	,	b	_
2.5	319	[3]	ἀλλ	_	_
2.5	320	[11]	’	b	_
2.5	321	[2]	ᾧδε	_	_
2.5	322	[12]	.	b	_
2.5	323	[2]	ὅθεν	_	_
2.5	324	[1]	ἐκπέμπεται	_	_
2.5	325	[7]	ἡ	_	_
2.5	326	[3]	φωνὴ	_	_
2.5	327	[29]	,	b	_
2.5	328	[11]	καὶ	_	_
2.5	329	[8]	ἡ	_	_
2.5	330	[1]	ἔναρθρος	_	_
2.5	331	[30]	,	b	_
2.5	332	[1]	οὐκοῦν	_	_
2.5	333	[12]	καὶ	_	_
2.5	334	[9]	ἡ	_	_
2.5	335	[1]	σημαίνουσα	_	_
2.5	336	[2]	ἔναρθρος	_	_
2.5	337	[4]	φωνὴ	_	_
2.5	338	[2]	ἐκεῖθεν	_	_
2.5	339	[13]	.	b	_
2.5	340	[2]	τοῦτο	_	_
2.5	341	[5]	δὲ	_	_
2.5	342	[4]	λόγος	_	_
2.5	343	[14]	.	b	_
2.5	344	[13]	καὶ	_	_
2.5	345	[5]	λόγος	_	_
2.5	346	[1]	ἄρα	_	_
2.5	347	[3]	ἐκεῖθεν	_	_
2.5	348	[2]	ἐκπέμπεται	_	_
2.5	349	[31]	,	b	_
2.5	350	[3]	ὅθεν	_	_
2.5	351	[14]	καὶ	_	_
2.5	352	[10]	ἡ	_	_
2.5	353	[1]	φωνή	_	_
2.5	354	[15]	.	b	_
2.5	355	[11]	ἡ	_	_
2.5	356	[6]	δὲ	_	_
2.5	357	[5]	φωνὴ	_	_
2.5	358	[5]	οὐκ	_	_
2.5	359	[5]	ἐκ	_	_
2.5	360	[4]	τῶν	_	_
2.5	361	[4]	κατὰ	_	_
2.5	362	[5]	τὴν	_	_
2.5	363	[1]	κεφαλὴν	_	_
2.5	364	[1]	τόπων	_	_
2.5	365	[3]	ἐκπέμπεται	_	_
2.5	366	[32]	,	b	_
2.5	367	[2]	ἀλλὰ	_	_
2.5	368	[1]	φανερῶς	_	_
2.5	369	[6]	ἐκ	_	_
2.5	370	[5]	τῶν	_	_
2.5	371	[1]	κάτωθεν	_	_
2.5	372	[2]	μᾶλλον	_	_
2.5	373	[16]	.	b	_
2.5	374	[1]	ἐμφανὴς	_	_
2.5	375	[1]	γοῦν	_	_
2.5	376	[1]	ἐστι	_	_
2.5	377	[4]	διὰ	_	_
2.5	378	[8]	τῆς	_	_
2.5	379	[1]	ἀρτηρίας	_	_
2.5	380	[1]	διεξιοῦσα	_	_
2.5	381	[17]	.	b	_
2.5	382	[15]	καὶ	_	_
2.5	383	[4]	ὁ	_	_
2.5	384	[6]	λόγος	_	_
2.5	385	[2]	ἄρα	_	_
2.5	386	[6]	οὐκ	_	_
2.5	387	[7]	ἐκ	_	_
2.5	388	[9]	τῆς	_	_
2.5	389	[1]	κεφαλῆς	_	_
2.5	390	[4]	ἐκπέμπεται	_	_
2.5	391	[33]	,	b	_
2.5	392	[3]	ἀλλὰ	_	_
2.5	393	[2]	κάτωθεν	_	_
2.5	394	[3]	μᾶλλον	_	_
2.5	395	[18]	.	b	_
2.5	396	[4]	ἀλλὰ	_	_
2.5	397	[2]	μὴν	_	_
2.5	398	[1]	κᾀκεῖνο	_	_
2.5	399	[1]	ἀληθὲς	_	_
2.5	400	[34]	,	b	_
2.5	401	[5]	τὸ	_	_
2.5	402	[3]	τὸν	_	_
2.5	403	[2]	λόγον	_	_
2.5	404	[8]	ἐκ	_	_
2.5	405	[10]	τῆς	_	_
2.5	406	[2]	διανοίας	_	_
2.5	407	[1]	ἐκπέμπεσθαι	_	_
2.5	408	[19]	.	b	_
2.5	409	[1]	ἔνιοι	_	_
2.5	410	[2]	γοῦν	_	_
2.5	411	[16]	καὶ	_	_
2.5	412	[1]	ὁριζόμενοι	_	_
2.5	413	[1]	αὐτόν	_	_
2.5	414	[1]	φασιν	_	_
2.5	415	[1]	εἷναι	_	_
2.5	416	[2]	φωνὴν	_	_
2.5	417	[1]	σημαίνουσαν	_	_
2.5	418	[35]	,	b	_
2.5	419	[3]	ἀπὸ	_	_
2.5	420	[3]	διανοίας	_	_
2.5	421	[1]	ἐκπεμπομένην	_	_
2.5	422	[20]	.	b	_
2.5	423	[17]	καὶ	_	_
2.5	424	[1]	ἄλλως	_	_
2.5	425	[7]	δὲ	_	_
2.5	426	[1]	πιθανὸν	_	_
2.5	427	[3]	ὑπὸ	_	_
2.5	428	[6]	τῶν	_	_
2.5	429	[1]	ἐννοιῶν	_	_
2.5	430	[1]	ἐνσεσημασμένον	_	_
2.5	431	[7]	τῶν	_	_
2.5	432	[3]	ἐν	_	_
2.5	433	[1]	τῇ	_	_
2.5	434	[1]	διανοίᾳ	_	_
2.5	435	[18]	καὶ	_	_
2.5	436	[1]	οἷον	_	_
2.5	437	[1]	ἐκτετυπωμένον	_	_
2.5	438	[2]	ἐκπέμπεσθαι	_	_
2.5	439	[4]	τὸν	_	_
2.5	440	[3]	λόγον	_	_
2.5	441	[36]	,	b	_
2.5	442	[19]	καὶ	_	_
2.5	443	[1]	παρεκτείνεσθαι	_	_
2.5	444	[3]	τῷ	_	_
2.5	445	[1]	χρόνῳ	_	_
2.5	446	[1]	κατά	_	_
2.5	447	[3]	τε	_	_
2.5	448	[6]	τὸ	_	_
2.5	449	[1]	διανοεῖσθαι	_	_
2.5	450	[20]	καὶ	_	_
2.5	451	[6]	τὴν	_	_
2.5	452	[5]	κατὰ	_	_
2.5	453	[7]	τὸ	_	_
2.5	454	[1]	λέγειν	_	_
2.5	455	[1]	ἐνέργειαν	_	_
2.5	456	[21]	.	b	_
2.5	457	[21]	καὶ	_	_
2.5	458	[12]	ἡ	_	_
2.5	459	[2]	διάνοια	_	_
2.5	460	[3]	ἄρα	_	_
2.5	461	[7]	οὐκ	_	_
2.5	462	[1]	ἔστιν	_	_
2.5	463	[4]	ἐν	_	_
2.5	464	[2]	τῇ	_	_
2.5	465	[1]	κεφαλῇ	_	_
2.5	466	[37]	,	b	_
2.5	467	[4]	ἀλλ	_	_
2.5	468	[12]	’	b	_
2.5	469	[5]	ἐν	_	_
2.5	470	[3]	τοῖς	_	_
2.5	471	[1]	κατωτέρω	_	_
2.5	472	[1]	τόποις	_	_
2.5	473	[38]	,	b	_
2.5	474	[1]	μάλιστά	_	_
2.5	475	[1]	πως	_	_
2.5	476	[3]	περὶ	_	_
2.5	477	[7]	τὴν	_	_
2.5	478	[1]	καρδίαν	_	_
2.5	479	[22]	.	b	_
2.5	480	[1]	τοιοῦτος	_	_
2.5	481	[1]	μέντοι	_	_
2.5	482	[22]	καὶ	_	_
2.5	483	[5]	ὁ	_	_
2.5	484	[4]	τοῦ	_	_
2.5	485	[1]	Διογένους	_	_
2.5	486	[7]	λόγος	_	_
2.5	487	[39]	,	b	_
2.5	488	[1]	ἔμπαλιν	_	_
2.5	489	[2]	ἢ	_	_
2.5	490	[6]	κατὰ	_	_
2.5	491	[5]	τὸν	_	_
2.5	492	[5]	τοῦ	_	_
2.5	493	[2]	Ζήνωνος	_	_
2.5	494	[1]	εἰς	_	_
2.5	495	[1]	μῆκος	_	_
2.5	496	[1]	ῥήσεων	_	_
2.5	497	[1]	ἐκτεταμένος	_	_
2.5	498	[40]	,	b	_
2.5	499	[1]	ὥστε	_	_
2.5	500	[1]	ἐκείνῳ	_	_
2.5	501	[1]	μὲν	_	_
2.5	502	[1]	ἐλλείπειν	_	_
2.5	503	[1]	τινὰ	_	_
2.5	504	[8]	τῶν	_	_
2.5	505	[1]	ἀναγκαίων	_	_
2.5	506	[1]	ἀξιωμάτων	_	_
2.5	507	[41]	,	b	_
2.5	508	[1]	πλεονάζειν	_	_
2.5	509	[8]	δὲ	_	_
2.5	510	[1]	τούτῳ	_	_
2.5	511	[23]	.	b	_
2.5	512	[1]	βούλομαι	_	_
2.5	513	[9]	δὲ	_	_
2.5	514	[42]	,	b	_
2.5	515	[1]	πρὶν	_	_
2.5	516	[1]	ἐλέγχειν	_	_
2.5	517	[1]	αὐτοὺς	_	_
2.5	518	[43]	,	b	_
2.5	519	[1]	ἔτι	_	_
2.5	520	[23]	καὶ	_	_
2.5	521	[6]	τὸν	_	_
2.5	522	[6]	τοῦ	_	_
2.5	523	[1]	Χρυσίππου	_	_
2.5	524	[1]	παραθέσθαι	_	_
2.5	525	[44]	,	b	_
2.5	526	[1]	τόνδε	_	_
2.5	527	[7]	τὸν	_	_
2.5	528	[1]	τρόπον	_	_
2.5	529	[1]	ἔχοντα	_	_
2.5	530	[24]	.	b	_
2.5	531	[1]	εὔλογον	_	_
2.5	532	[10]	δὲ	_	_
2.5	533	[45]	,	b	_
2.5	534	[2]	εἰς	_	_
2.5	535	[1]	ὃ	_	_
2.5	536	[1]	γίγνονται	_	_
2.5	537	[1]	αἱ	_	_
2.5	538	[6]	ἐν	_	_
2.5	539	[2]	τούτῳ	_	_
2.5	540	[1]	σημασίαι	_	_
2.5	541	[46]	,	b	_
2.5	542	[24]	καὶ	_	_
2.5	543	[4]	ἐξ	_	_
2.5	544	[2]	οὗ	_	_
2.5	545	[8]	λόγος	_	_
2.5	546	[47]	,	b	_
2.5	547	[1]	ἐκεῖνο	_	_
2.5	548	[4]	εἶναι	_	_
2.5	549	[8]	τὸ	_	_
2.5	550	[1]	κυριεῦον	_	_
2.5	551	[11]	τῆς	_	_
2.5	552	[2]	ψυχῆς	_	_
2.5	553	[1]	μέρος	_	_
2.5	554	[25]	.	b	_
2.5	555	[3]	οὐ	_	_
2.5	556	[5]	γὰρ	_	_
2.5	557	[1]	ἄλλη	_	_
2.5	558	[2]	μὲν	_	_
2.5	559	[13]	ἡ	_	_
2.5	560	[1]	πηγὴ	_	_
2.5	561	[1]	λόγου	_	_
2.5	562	[3]	ἐστὶν	_	_
2.5	563	[48]	,	b	_
2.5	564	[2]	ἄλλη	_	_
2.5	565	[11]	δὲ	_	_
2.5	566	[4]	διανοίας	_	_
2.5	567	[49]	,	b	_
2.5	568	[2]	οὐδὲ	_	_
2.5	569	[3]	ἄλλη	_	_
2.5	570	[3]	μὲν	_	_
2.5	571	[1]	φωνῆς	_	_
2.5	572	[2]	πηγὴ	_	_
2.5	573	[50]	,	b	_
2.5	574	[4]	ἄλλη	_	_
2.5	575	[12]	δὲ	_	_
2.5	576	[2]	λόγου	_	_
2.5	577	[51]	,	b	_
2.5	578	[3]	οὐδὲ	_	_
2.5	579	[9]	τὸ	_	_
2.5	580	[1]	ὅλον	_	_
2.5	581	[1]	ἁπλῶς	_	_
2.5	582	[5]	ἄλλη	_	_
2.5	583	[2]	φωνῆς	_	_
2.5	584	[1]	πηγή	_	_
2.5	585	[3]	ἐστιν	_	_
2.5	586	[52]	,	b	_
2.5	587	[1]	ἄλλο	_	_
2.5	588	[13]	δὲ	_	_
2.5	589	[10]	τὸ	_	_
2.5	590	[2]	κυριεῦον	_	_
2.5	591	[12]	τῆς	_	_
2.5	592	[3]	ψυχῆς	_	_
2.5	593	[2]	μέρος	_	_
2.5	594	[26]	.	b	_
2.5	595	[1]	τοιούτοις	_	_
2.5	596	[14]	δὲ	_	_
2.5	597	[25]	καὶ	_	_
2.5	598	[8]	τὴν	_	_
2.5	599	[1]	διάνοιαν	_	_
2.5	600	[1]	συμ	_	_
2.5	601	[1]	φώνως	_	_
2.5	602	[1]	ἀφοριζόμενοι	_	_
2.5	603	[1]	λέγουσιν	_	_
2.5	604	[53]	,	b	_
2.5	605	[2]	αὐτὴν	_	_
2.5	606	[1]	πηγὴν	_	_
2.5	607	[5]	εἶναι	_	_
2.5	608	[3]	λόγου	_	_
2.5	609	[27]	.	b	_
2.5	610	[11]	τὸ	_	_
2.5	611	[6]	γὰρ	_	_
2.5	612	[2]	ὅλον	_	_
2.5	613	[54]	,	b	_
2.5	614	[4]	ὅθεν	_	_
2.5	615	[6]	ὁ	_	_
2.5	616	[9]	λόγος	_	_
2.5	617	[5]	ἐκπέμπεται	_	_
2.5	618	[55]	,	b	_
2.5	619	[1]	ἐκεῖσε	_	_
2.5	620	[1]	δεῖ	_	_
2.5	621	[26]	καὶ	_	_
2.5	622	[8]	τὸν	_	_
2.5	623	[1]	διαλογισμὸν	_	_
2.5	624	[1]	γίγνεσθαι	_	_
2.5	625	[27]	καὶ	_	_
2.5	626	[2]	τὰς	_	_
2.5	627	[1]	διανοήσεις	_	_
2.5	628	[28]	καὶ	_	_
2.5	629	[3]	τὰς	_	_
2.5	630	[1]	μελέτας	_	_
2.5	631	[9]	τῶν	_	_
2.5	632	[2]	ῥήσεων	_	_
2.5	633	[56]	,	b	_
2.5	634	[1]	καθάπερ	_	_
2.5	635	[1]	ἔφην	_	_
2.5	636	[28]	.	b	_
2.5	637	[1]	ταῦτα	_	_
2.5	638	[15]	δὲ	_	_
2.5	639	[1]	ἐμφανῶς	_	_
2.5	640	[4]	περὶ	_	_
2.5	641	[9]	τὴν	_	_
2.5	642	[2]	καρδίαν	_	_
2.5	643	[1]	γίγνεται	_	_
2.5	644	[57]	,	b	_
2.5	645	[9]	ἐκ	_	_
2.5	646	[13]	τῆς	_	_
2.5	647	[4]	καρδίας	_	_
2.5	648	[5]	διὰ	_	_
2.5	649	[3]	φάρυγγος	_	_
2.5	650	[29]	καὶ	_	_
2.5	651	[14]	τῆς	_	_
2.5	652	[3]	φωνῆς	_	_
2.5	653	[30]	καὶ	_	_
2.5	654	[7]	τοῦ	_	_
2.5	655	[4]	λόγου	_	_
2.5	656	[1]	ἐκπεμπομένων	_	_
2.5	657	[29]	.	b	_
2.5	658	[2]	πιθανὸν	_	_
2.5	659	[16]	δὲ	_	_
2.5	660	[31]	καὶ	_	_
2.5	661	[2]	ἄλλως	_	_
2.5	662	[58]	,	b	_
2.5	663	[3]	εἰς	_	_
2.5	664	[2]	ὃ	_	_
2.5	665	[1]	ἐνσημαίνεται	_	_
2.5	666	[3]	τὰ	_	_
2.5	667	[1]	λεγόμενα	_	_
2.5	668	[59]	,	b	_
2.5	669	[32]	καὶ	_	_
2.5	670	[1]	σημαίνεσθαι	_	_
2.5	671	[4]	ἐκεῖθεν	_	_
2.5	672	[60]	,	b	_
2.5	673	[33]	καὶ	_	_
2.5	674	[4]	τὰς	_	_
2.5	675	[1]	φωνὰς	_	_
2.5	676	[1]	ἀπ	_	_
2.5	677	[13]	’	b	_
2.5	678	[1]	ἐκείνου	_	_
2.5	679	[2]	γίγνεσθαι	_	_
2.5	680	[7]	κατὰ	_	_
2.5	681	[9]	τὸν	_	_
2.5	682	[1]	προειρημένον	_	_
2.5	683	[2]	τρόπον	_	_
2.5	684	[30]	.	b	_
2.5	685	[1]	ἅλις	_	_
2.5	686	[3]	ἤδη	_	_
2.5	687	[1]	μοι	_	_
2.5	688	[10]	τῶν	_	_
2.5	689	[5]	περὶ	_	_
2.5	690	[15]	τῆς	_	_
2.5	691	[4]	φωνῆς	_	_
2.5	692	[1]	λόγων	_	_
2.5	693	[11]	τῶν	_	_
2.5	694	[2]	Στωϊκῶν	_	_
2.5	695	[3]	·	b	_
2.5	696	[3]	εἰ	_	_
2.5	697	[7]	γὰρ	_	_
2.5	698	[34]	καὶ	_	_
2.5	699	[1]	τοὺς	_	_
2.5	700	[4]	ὑπὸ	_	_
2.5	701	[12]	τῶν	_	_
2.5	702	[1]	ἄλλων	_	_
2.5	703	[1]	ἠρωτημένους	_	_
2.5	704	[1]	ἐφεξῆς	_	_
2.5	705	[1]	γράφοιμι	_	_
2.5	706	[1]	σύμπαντας	_	_
2.5	707	[61]	,	b	_
2.5	708	[4]	εἰς	_	_
2.5	709	[1]	ἄμετρόν	_	_
2.5	710	[2]	τι	_	_
2.5	711	[2]	μῆκος	_	_
2.5	712	[1]	ἐμπεσεῖται	_	_
2.5	713	[12]	τὸ	_	_
2.5	714	[1]	γράμμα	_	_
2.5	715	[31]	.	b	_
2.5	716	[4]	οὐ	_	_
2.5	717	[8]	γὰρ	_	_
2.5	718	[3]	ἂν	_	_
2.5	719	[4]	οὐδὲ	_	_
2.5	720	[13]	τῶν	_	_
2.5	721	[5]	ὑπὸ	_	_
2.5	722	[2]	Χρυσίππου	_	_
2.5	723	[4]	τε	_	_
2.5	724	[35]	καὶ	_	_
2.5	725	[2]	Διογένους	_	_
2.5	726	[1]	εἰρημένων	_	_
2.5	727	[1]	ἐμνημόνευσα	_	_
2.5	728	[2]	λόγων	_	_
2.5	729	[62]	,	b	_
2.5	730	[5]	ἀλλ	_	_
2.5	731	[14]	’	b	_
2.5	732	[1]	ἠρκέσθην	_	_
2.5	733	[1]	ἐξετάσας	_	_
2.5	734	[10]	τὸν	_	_
2.5	735	[8]	τοῦ	_	_
2.5	736	[3]	Ζήνωνος	_	_
2.5	737	[1]	μόνον	_	_
2.5	738	[63]	,	b	_
2.5	739	[4]	εἰ	_	_
2.5	740	[1]	μὴ	_	_
2.5	741	[1]	πρός	_	_
2.5	742	[1]	τινα	_	_
2.5	743	[14]	τῶν	_	_
2.5	744	[1]	Σιωϊκῶν	_	_
2.5	745	[1]	ἐγεγόνει	_	_
2.5	746	[1]	μοί	_	_
2.5	747	[1]	ποτε	_	_
2.5	748	[1]	ἀμφισβήτησις	_	_
2.5	749	[1]	ὑπὲρ	_	_
2.5	750	[9]	τοῦ	_	_
2.5	751	[4]	χωρεῖ	_	_
2.5	752	[1]	ῥήματος	_	_
2.5	753	[64]	,	b	_
2.5	754	[1]	ὅπερ	_	_
2.5	755	[1]	ἔλαβεν	_	_
2.5	756	[7]	ὁ	_	_
2.5	757	[1]	Ζήνων	_	_
2.5	758	[7]	ἐν	_	_
2.5	759	[4]	τῷ	_	_
2.5	760	[1]	λόγῳ	_	_
2.5	761	[1]	γράψας	_	_
2.5	762	[1]	ὡδί	_	_
2.5	763	[4]	·	b	_
2.5	764	[6]	φωνὴ	_	_
2.5	765	[6]	διὰ	_	_
2.5	766	[4]	φάρυγγος	_	_
2.5	767	[5]	χωρεῖ	_	_
2.5	768	[32]	.	b	_
2.5	769	[13]	τὸ	_	_
2.5	770	[9]	γὰρ	_	_
2.5	771	[6]	χωρεῖ	_	_
2.5	772	[3]	τοῦτο	_	_
2.5	773	[1]	ῥῆμα	_	_
2.5	774	[1]	ἐγὼ	_	_
2.5	775	[4]	μὲν	_	_
2.5	776	[1]	ἠξίουν	_	_
2.5	777	[1]	ἀκούειν	_	_
2.5	778	[8]	ἐν	_	_
2.5	779	[1]	ἴσῳ	_	_
2.5	780	[5]	τῷ	_	_
2.5	781	[1]	ἐξέρχεται	_	_
2.5	782	[65]	,	b	_
2.5	783	[3]	ἢ	_	_
2.5	784	[6]	ἐκπέμπεται	_	_
2.5	785	[33]	.	b	_
2.5	786	[8]	ὁ	_	_
2.5	787	[17]	δὲ	_	_
2.5	788	[66]	,	b	_
2.5	789	[1]	τούτων	_	_
2.5	790	[5]	μὲν	_	_
2.5	791	[1]	μηδέτερον	_	_
2.5	792	[67]	,	b	_
2.5	793	[1]	ἔφη	_	_
2.5	794	[68]	,	b	_
2.5	795	[1]	σημαίνεται	_	_
2.5	796	[4]	πρὸς	_	_
2.5	797	[1]	αὐτοῦ	_	_
2.5	798	[34]	.	b	_
2.5	799	[36]	καὶ	_	_
2.5	800	[1]	τρίτον	_	_
2.5	801	[2]	ἄλλο	_	_
2.5	802	[1]	παρὰ	_	_
2.5	803	[2]	ταῦτα	_	_
2.5	804	[2]	λέγειν	_	_
2.5	805	[8]	οὐκ	_	_
2.5	806	[1]	εἶ	_	_
2.5	807	[1]	χεν	_	_
2.5	808	[35]	.	b	_
2.5	809	[1]	ἠναγκάσθην	_	_
2.5	810	[1]	οὖν	_	_
2.5	811	[1]	αὐτῷ	_	_
2.5	812	[4]	τὰ	_	_
2.5	813	[15]	τῶν	_	_
2.5	814	[2]	ἄλλων	_	_
2.5	815	[3]	Στωϊκῶν	_	_
2.5	816	[1]	παραναγινώσκειν	_	_
2.5	817	[1]	βιβλία	_	_
2.5	818	[69]	,	b	_
2.5	819	[1]	μεταλαμβανόντων	_	_
2.5	820	[10]	τὴν	_	_
2.5	821	[2]	λέξιν	_	_
2.5	822	[4]	ἢ	_	_
2.5	823	[5]	εἰς	_	_
2.5	824	[14]	τὸ	_	_
2.5	825	[2]	ἐξέρχεται	_	_
2.5	826	[70]	,	b	_
2.5	827	[5]	ἢ	_	_
2.5	828	[6]	εἰς	_	_
2.5	829	[15]	τὸ	_	_
2.5	830	[7]	ἐκπέμπεται	_	_
2.5	831	[71]	,	b	_
2.5	832	[2]	καθάπερ	_	_
2.5	833	[37]	καὶ	_	_
2.5	834	[3]	νῦν	_	_
2.5	835	[1]	ἀπέδειξα	_	_
2.5	836	[1]	Χρύσιππόν	_	_
2.5	837	[5]	τε	_	_
2.5	838	[38]	καὶ	_	_
2.5	839	[1]	Διογένην	_	_
2.5	840	[72]	,	b	_
2.5	841	[1]	μεθ	_	_
2.5	842	[15]	’	b	_
2.5	843	[1]	οὓς	_	_
2.5	844	[9]	οὐκ	_	_
2.5	845	[1]	ἀναγκαῖον	_	_
2.5	846	[1]	ἡγοῦμαι	_	_
2.5	847	[5]	τὰς	_	_
2.5	848	[16]	τῶν	_	_
2.5	849	[3]	ἄλλων	_	_
2.5	850	[1]	παραγράφειν	_	_
2.5	851	[1]	ῥήσεις	_	_
2.5	852	[73]	,	b	_
2.5	853	[6]	ἀλλ	_	_
2.5	854	[16]	’	b	_
2.5	855	[1]	ἐπὶ	_	_
2.5	856	[11]	τὴν	_	_
2.5	857	[1]	ἐξέτασιν	_	_
2.5	858	[2]	αὐτῶν	_	_
2.5	859	[4]	ἤδη	_	_
2.5	860	[1]	τρέψομαι	_	_
2.5	861	[74]	,	b	_
2.5	862	[12]	τὴν	_	_
2.5	863	[3]	ἀρχὴν	_	_
2.5	864	[4]	ἀπὸ	_	_
2.5	865	[10]	τοῦ	_	_
2.5	866	[4]	Ζήνωνος	_	_
2.5	867	[1]	ποιησάμενος	_	_
2.5	868	[75]	,	b	_
2.5	869	[1]	ὅσπερ	_	_
2.5	870	[2]	δὴ	_	_
2.5	871	[39]	καὶ	_	_
2.5	872	[1]	πατήρ	_	_
2.5	873	[2]	ἐστι	_	_
2.5	874	[11]	τοῦ	_	_
2.5	875	[6]	περὶ	_	_
2.5	876	[16]	τῆς	_	_
2.5	877	[5]	φωνῆς	_	_
2.5	878	[5]	λόγου	_	_
2.5	879	[1]	τοῦδε	_	_
2.5	880	[40]	καὶ	_	_
2.5	881	[1]	ἁπάσης	_	_
2.5	882	[17]	τῆς	_	_
2.5	883	[17]	τῶν	_	_
2.5	884	[4]	Στωϊκῶν	_	_
2.5	885	[1]	αἱρέσεως	_	_
2.5	886	[36]	.	b	_
2.5	887	[16]	τὸ	_	_
2.5	888	[6]	μὲν	_	_
2.5	889	[2]	οὖν	_	_
2.5	890	[2]	πρῶτον	_	_
2.5	891	[1]	λῆμμα	_	_
2.5	892	[18]	τῆς	_	_
2.5	893	[7]	χωρεῖ	_	_
2.5	894	[6]	φωνῆς	_	_
2.5	895	[1]	μεταληφθείσης	_	_
2.5	896	[2]	ἐπὶ	_	_
2.5	897	[17]	τὸ	_	_
2.5	898	[1]	σαφέστερον	_	_
2.5	899	[1]	ἔσται	_	_
2.5	900	[1]	τοιόνδε	_	_
2.5	901	[5]	·	b	_
2.5	902	[7]	φωνὴ	_	_
2.5	903	[7]	διὰ	_	_
2.5	904	[5]	φάρυγγος	_	_
2.5	905	[8]	ἐκπέμπεται	_	_
2.5	906	[37]	.	b	_
2.5	907	[18]	τὸ	_	_
2.5	908	[18]	δὲ	_	_
2.5	909	[2]	ἐφεξῆς	_	_
2.5	910	[3]	τούτῳ	_	_
2.5	911	[19]	τὸ	_	_
2.5	912	[1]	δεύτερον	_	_
2.5	913	[1]	τοιοῦτον	_	_
2.5	914	[6]	·	b	_
2.5	915	[5]	εἰ	_	_
2.5	916	[19]	δὲ	_	_
2.5	917	[2]	ἦν	_	_
2.5	918	[2]	ἀπ	_	_
2.5	919	[17]	’	b	_
2.5	920	[3]	ἐγκεφάλου	_	_
2.5	921	[1]	ἐκπεμπομένη	_	_
2.5	922	[76]	,	b	_
2.5	923	[10]	οὐκ	_	_
2.5	924	[4]	ἂν	_	_
2.5	925	[8]	διὰ	_	_
2.5	926	[6]	φάρυγγος	_	_
2.5	927	[1]	ἐξεπέμπετο	_	_
2.5	928	[38]	.	b	_
2.5	929	[1]	τοῦτό	_	_
2.5	930	[1]	φημι	_	_
2.5	931	[20]	τὸ	_	_
2.5	932	[2]	λῆμμα	_	_
2.5	933	[77]	,	b	_
2.5	934	[2]	μὴ	_	_
2.5	935	[3]	ὅτι	_	_
2.5	936	[12]	τοῦ	_	_
2.5	937	[1]	πρώτου	_	_
2.5	938	[1]	γένους	_	_
2.5	939	[1]	ἐκπεπτωκέναι	_	_
2.5	940	[18]	τῶν	_	_
2.5	941	[7]	εἰς	_	_
2.5	942	[6]	τὰς	_	_
2.5	943	[2]	ἀποδείξεις	_	_
2.5	944	[1]	ἐπιτηδείων	_	_
2.5	945	[78]	,	b	_
2.5	946	[5]	ἀλλὰ	_	_
2.5	947	[41]	καὶ	_	_
2.5	948	[13]	τοῦ	_	_
2.5	949	[1]	δευτέρου	_	_
2.5	950	[6]	τε	_	_
2.5	951	[42]	καὶ	_	_
2.5	952	[1]	τρίτου	_	_
2.5	953	[79]	,	b	_
2.5	954	[1]	περιέχεσθαι	_	_
2.5	955	[20]	δὲ	_	_
2.5	956	[9]	ἐν	_	_
2.5	957	[6]	τῷ	_	_
2.5	958	[1]	τετάρτῳ	_	_
2.5	959	[1]	γένει	_	_
2.5	960	[19]	τῶν	_	_
2.5	961	[1]	σοφιστικῶν	_	_
2.5	962	[1]	λημμάτων	_	_
2.5	963	[80]	,	b	_
2.5	964	[2]	εἴ	_	_
2.5	965	[1]	γε	_	_
2.5	966	[3]	δὴ	_	_
2.5	967	[1]	σχῆμά	_	_
2.5	968	[3]	τι	_	_
2.5	969	[1]	λέξεως	_	_
2.5	970	[1]	ὑποδύεται	_	_
2.5	971	[1]	πεπανουργημένον	_	_
2.5	972	[7]	τε	_	_
2.5	973	[43]	καὶ	_	_
2.5	974	[1]	σεσοφισμένον	_	_
2.5	975	[5]	πρὸς	_	_
2.5	976	[1]	ἀμφιβολίαν	_	_
2.5	977	[81]	,	b	_
2.5	978	[10]	ἐκ	_	_
2.5	979	[1]	ταύτης	_	_
2.5	980	[11]	τὸν	_	_
2.5	981	[1]	ἔλεγχον	_	_
2.5	982	[1]	ἐλπίζων	_	_
2.5	983	[1]	ἀποδράσεσθαι	_	_
2.5	984	[39]	.	b	_
2.5	985	[21]	τὸ	_	_
2.5	986	[10]	γὰρ	_	_
2.5	987	[82]	,	b	_
2.5	988	[6]	εἰ	_	_
2.5	989	[3]	δ	_	_
2.5	990	[18]	’	b	_
2.5	991	[3]	ἦν	_	_
2.5	992	[5]	ἀπὸ	_	_
2.5	993	[14]	τοῦ	_	_
2.5	994	[4]	ἐγκεφάλου	_	_
2.5	995	[2]	χωροῦσα	_	_
2.5	996	[83]	,	b	_
2.5	997	[11]	οὐκ	_	_
2.5	998	[5]	ἂν	_	_
2.5	999	[9]	διὰ	_	_
2.5	1000	[7]	φάρυγγος	_	_
2.5	1001	[2]	ἐχώρει	_	_
2.5	1002	[84]	,	b	_
2.5	1003	[1]	μοχθηρῶς	_	_
2.5	1004	[3]	ἔχει	_	_
2.5	1005	[13]	τὴν	_	_
2.5	1006	[6]	ἀπὸ	_	_
2.5	1007	[1]	πρόθεσιν	_	_
2.5	1008	[1]	ἐγκειμένην	_	_
2.5	1009	[3]	τῇ	_	_
2.5	1010	[1]	ῥήσει	_	_
2.5	1011	[40]	.	b	_
2.5	1012	[1]	δύο	_	_
2.5	1013	[1]	γάρ	_	_
2.5	1014	[1]	εἰσιν	_	_
2.5	1015	[10]	ἐν	_	_
2.5	1016	[1]	ἅπασι	_	_
2.5	1017	[4]	τοῖς	_	_
2.5	1018	[2]	τοιούτοις	_	_
2.5	1019	[1]	λόγοις	_	_
2.5	1020	[1]	σαφεῖς	_	_
2.5	1021	[1]	προθέσεις	_	_
2.5	1022	[85]	,	b	_
2.5	1023	[1]	ἥ	_	_
2.5	1024	[8]	τε	_	_
2.5	1025	[6]	ὑπὸ	_	_
2.5	1026	[44]	καὶ	_	_
2.5	1027	[14]	ἡ	_	_
2.5	1028	[5]	ἐξ	_	_
2.5	1029	[86]	,	b	_
2.5	1030	[1]	ὧν	_	_
2.5	1031	[1]	οὐδεμίαν	_	_
2.5	1032	[1]	παρέλαβεν	_	_
2.5	1033	[87]	,	b	_
2.5	1034	[1]	καίτοι	_	_
2.5	1035	[1]	δυνάμενος	_	_
2.5	1036	[1]	εἰπεῖν	_	_
2.5	1037	[7]	·	b	_
2.5	1038	[7]	εἰ	_	_
2.5	1039	[4]	δ	_	_
2.5	1040	[19]	’	b	_
2.5	1041	[4]	ἦν	_	_
2.5	1042	[11]	ἐκ	_	_
2.5	1043	[15]	τοῦ	_	_
2.5	1044	[5]	ἐγκεφάλου	_	_
2.5	1045	[3]	χωροῦσα	_	_
2.5	1046	[88]	,	b	_
2.5	1047	[12]	οὐκ	_	_
2.5	1048	[6]	ἂν	_	_
2.5	1049	[10]	διὰ	_	_
2.5	1050	[8]	φάρυγγος	_	_
2.5	1051	[3]	ἐχώρει	_	_
2.5	1052	[8]	·	b	_
2.5	1053	[6]	ἢ	_	_
2.5	1054	[8]	εἰ	_	_
2.5	1055	[3]	μὴ	_	_
2.5	1056	[12]	ἐκ	_	_
2.5	1057	[16]	τοῦ	_	_
2.5	1058	[6]	ἐγκεφάλου	_	_
2.5	1059	[89]	,	b	_
2.5	1060	[7]	ὑπὸ	_	_
2.5	1061	[17]	τοῦ	_	_
2.5	1062	[7]	ἐγκεφάλου	_	_
2.5	1063	[2]	γε	_	_
2.5	1064	[3]	πάντως	_	_
2.5	1065	[1]	ἐχρῆν	_	_
2.5	1066	[2]	εἰπεῖν	_	_
2.5	1067	[2]	αὐτόν	_	_
2.5	1068	[41]	.	b	_
2.5	1069	[15]	ἡ	_	_
2.5	1070	[11]	γὰρ	_	_
2.5	1071	[11]	διὰ	_	_
2.5	1072	[19]	τῆς	_	_
2.5	1073	[9]	φάρυγγος	_	_
2.5	1074	[2]	ἐκπεμπομένη	_	_
2.5	1075	[8]	φωνὴ	_	_
2.5	1076	[1]	ἔκ	_	_
2.5	1077	[1]	τινός	_	_
2.5	1078	[9]	τε	_	_
2.5	1079	[45]	καὶ	_	_
2.5	1080	[1]	ὑπό	_	_
2.5	1081	[1]	τινος	_	_
2.5	1082	[9]	ἐκπέμπεται	_	_
2.5	1083	[9]	·	b	_
2.5	1084	[2]	ἔκ	_	_
2.5	1085	[2]	τινος	_	_
2.5	1086	[7]	μὲν	_	_
2.5	1087	[90]	,	b	_
2.5	1088	[5]	ὡς	_	_
2.5	1089	[1]	ἀγγείου	_	_
2.5	1090	[1]	περιέχοντος	_	_
2.5	1091	[91]	,	b	_
2.5	1092	[2]	ὑπό	_	_
2.5	1093	[3]	τινος	_	_
2.5	1094	[5]	δ	_	_
2.5	1095	[20]	’	b	_
2.5	1096	[92]	,	b	_
2.5	1097	[6]	ὡς	_	_
2.5	1098	[1]	δυνάμεως	_	_
2.5	1099	[1]	κινούσης	_	_
2.5	1100	[22]	τὸ	_	_
2.5	1101	[1]	περιέχον	_	_
2.5	1102	[10]	·	b	_
2.5	1103	[1]	ὥσπερ	_	_
2.5	1104	[1]	ἀμέλει	_	_
2.5	1105	[46]	καὶ	_	_
2.5	1106	[23]	τὸ	_	_
2.5	1107	[1]	οὖρον	_	_
2.5	1108	[3]	ἐξέρχεται	_	_
2.5	1109	[8]	μὲν	_	_
2.5	1110	[12]	διὰ	_	_
2.5	1111	[18]	τοῦ	_	_
2.5	1112	[1]	αἰδοίου	_	_
2.5	1113	[93]	,	b	_
2.5	1114	[10]	ἐκπέμπεται	_	_
2.5	1115	[6]	δ	_	_
2.5	1116	[21]	’	b	_
2.5	1117	[2]	﻿	_	_
2.5	1118	[6]	ἐξ	_	_
2.5	1119	[2]	ἀγγείου	_	_
2.5	1120	[9]	μὲν	_	_
2.5	1121	[94]	,	b	_
2.5	1122	[20]	τῆς	_	_
2.5	1123	[1]	ὑπερκειμένης	_	_
2.5	1124	[1]	κύστεως	_	_
2.5	1125	[95]	,	b	_
2.5	1126	[8]	ὑπὸ	_	_
2.5	1127	[2]	δυνάμεως	_	_
2.5	1128	[21]	δὲ	_	_
2.5	1129	[21]	τῆς	_	_
2.5	1130	[14]	τὴν	_	_
2.5	1131	[1]	κύστιν	_	_
2.5	1132	[1]	συστελλούσης	_	_
2.5	1133	[8]	εἰς	_	_
2.5	1134	[1]	ἑαυτὴν	_	_
2.5	1135	[96]	,	b	_
2.5	1136	[1]	ἵν	_	_
2.5	1137	[22]	’	b	_
2.5	1138	[1]	ἐκθλίψῃ	_	_
2.5	1139	[24]	τὸ	_	_
2.5	1140	[2]	οὖρον	_	_
2.5	1141	[42]	.	b	_
2.5	1142	[16]	ἡ	_	_
2.5	1143	[7]	δ	_	_
2.5	1144	[23]	’	b	_
2.5	1145	[7]	ἀπὸ	_	_
2.5	1146	[1]	πρόθεσις	_	_
2.5	1147	[1]	ἄδηλός	_	_
2.5	1148	[4]	ἐστιν	_	_
2.5	1149	[97]	,	b	_
2.5	1150	[1]	εἴτε	_	_
2.5	1151	[1]	ἀντὶ	_	_
2.5	1152	[22]	τῆς	_	_
2.5	1153	[7]	ἐξ	_	_
2.5	1154	[98]	,	b	_
2.5	1155	[2]	εἴτε	_	_
2.5	1156	[2]	ἀντὶ	_	_
2.5	1157	[23]	τῆς	_	_
2.5	1158	[9]	ὑπὸ	_	_
2.5	1159	[1]	παρείληπται	_	_
2.5	1160	[43]	.	b	_
2.5	1161	[9]	εἰ	_	_
2.5	1162	[10]	μὲν	_	_
2.5	1163	[3]	οὖν	_	_
2.5	1164	[3]	ἀντὶ	_	_
2.5	1165	[24]	τῆς	_	_
2.5	1166	[8]	ἐξ	_	_
2.5	1167	[99]	,	b	_
2.5	1168	[1]	ἀληθής	_	_
2.5	1169	[5]	ἐστιν	_	_
2.5	1170	[9]	ὁ	_	_
2.5	1171	[10]	λόγος	_	_
2.5	1172	[100]	,	b	_
2.5	1173	[2]	ἔσται	_	_
2.5	1174	[12]	γὰρ	_	_
2.5	1175	[2]	τοιοῦτος	_	_
2.5	1176	[11]	·	b	_
2.5	1177	[10]	εἰ	_	_
2.5	1178	[22]	δὲ	_	_
2.5	1179	[5]	ἦν	_	_
2.5	1180	[13]	ἐκ	_	_
2.5	1181	[19]	τοῦ	_	_
2.5	1182	[8]	ἐγκεφάλου	_	_
2.5	1183	[3]	ἐκπεμπομένη	_	_
2.5	1184	[17]	ἡ	_	_
2.5	1185	[9]	φωνὴ	_	_
2.5	1186	[101]	,	b	_
2.5	1187	[13]	οὐκ	_	_
2.5	1188	[7]	ἂν	_	_
2.5	1189	[13]	διὰ	_	_
2.5	1190	[25]	τῆς	_	_
2.5	1191	[10]	φάρυγγος	_	_
2.5	1192	[2]	ἐξεπέμπετο	_	_
2.5	1193	[44]	.	b	_
2.5	1194	[11]	εἰ	_	_
2.5	1195	[23]	δὲ	_	_
2.5	1196	[4]	ἀντὶ	_	_
2.5	1197	[26]	τῆς	_	_
2.5	1198	[10]	ὑπὸ	_	_
2.5	1199	[102]	,	b	_
2.5	1200	[1]	ψευδὴς	_	_
2.5	1201	[103]	,	b	_
2.5	1202	[3]	ἔσται	_	_
2.5	1203	[13]	γὰρ	_	_
2.5	1204	[1]	αὖ	_	_
2.5	1205	[1]	πάλιν	_	_
2.5	1206	[3]	τοιοῦτος	_	_
2.5	1207	[12]	·	b	_
2.5	1208	[12]	εἰ	_	_
2.5	1209	[24]	δὲ	_	_
2.5	1210	[6]	ἦν	_	_
2.5	1211	[11]	ὑπὸ	_	_
2.5	1212	[20]	τοῦ	_	_
2.5	1213	[9]	ἐγκεφάλου	_	_
2.5	1214	[4]	ἐκπεμπομένη	_	_
2.5	1215	[104]	,	b	_
2.5	1216	[14]	οὐκ	_	_
2.5	1217	[8]	ἂν	_	_
2.5	1218	[14]	διὰ	_	_
2.5	1219	[27]	τῆς	_	_
2.5	1220	[11]	φάρυγγος	_	_
2.5	1221	[1]	ἐξῄει	_	_
2.5	1222	[45]	.	b	_
2.5	1223	[4]	ὅτι	_	_
2.5	1224	[8]	δ	_	_
2.5	1225	[24]	’	b	_
2.5	1226	[15]	οὐκ	_	_
2.5	1227	[2]	ἀληθής	_	_
2.5	1228	[6]	ἐστιν	_	_
2.5	1229	[10]	ὁ	_	_
2.5	1230	[4]	τοιοῦτος	_	_
2.5	1231	[11]	λόγος	_	_
2.5	1232	[105]	,	b	_
2.5	1233	[16]	οὐκ	_	_
2.5	1234	[1]	ἐμὲ	_	_
2.5	1235	[1]	χρὴ	_	_
2.5	1236	[1]	κατασκευάζειν	_	_
2.5	1237	[106]	,	b	_
2.5	1238	[7]	ἀλλ	_	_
2.5	1239	[25]	’	b	_
2.5	1240	[1]	ἐκείνους	_	_
2.5	1241	[2]	αὐτοὺς	_	_
2.5	1242	[1]	ἀξιοῦν	_	_
2.5	1243	[1]	ἀποφήνασθαι	_	_
2.5	1244	[1]	προτέρους	_	_
2.5	1245	[2]	ὑπὲρ	_	_
2.5	1246	[21]	τοῦ	_	_
2.5	1247	[1]	τοιούτου	_	_
2.5	1248	[6]	λόγου	_	_
2.5	1249	[107]	,	b	_
2.5	1250	[25]	τὸ	_	_
2.5	1251	[3]	οὖρον	_	_
2.5	1252	[15]	διὰ	_	_
2.5	1253	[22]	τοῦ	_	_
2.5	1254	[2]	αἰδοίου	_	_
2.5	1255	[8]	χωρεῖ	_	_
2.5	1256	[13]	·	b	_
2.5	1257	[13]	εἰ	_	_
2.5	1258	[25]	δὲ	_	_
2.5	1259	[7]	ἦν	_	_
2.5	1260	[12]	ὑπὸ	_	_
2.5	1261	[28]	τῆς	_	_
2.5	1262	[5]	καρδίας	_	_
2.5	1263	[1]	ἐκπεμπόμενον	_	_
2.5	1264	[108]	,	b	_
2.5	1265	[17]	οὐκ	_	_
2.5	1266	[9]	ἂν	_	_
2.5	1267	[16]	διὰ	_	_
2.5	1268	[23]	τοῦ	_	_
2.5	1269	[3]	αἰδοίου	_	_
2.5	1270	[2]	ἐξῄει	_	_
2.5	1271	[46]	.	b	_
2.5	1272	[47]	καὶ	_	_
2.5	1273	[3]	μὴν	_	_
2.5	1274	[13]	ὑπὸ	_	_
2.5	1275	[1]	προαιρέσεώς	_	_
2.5	1276	[3]	γε	_	_
2.5	1277	[29]	τῆς	_	_
2.5	1278	[1]	ἡμετέρας	_	_
2.5	1279	[11]	ἐκπέμπεται	_	_
2.5	1280	[47]	.	b	_
2.5	1281	[18]	οὐκ	_	_
2.5	1282	[4]	ἄρα	_	_
2.5	1283	[11]	ἐν	_	_
2.5	1284	[4]	τῇ	_	_
2.5	1285	[1]	καρδίᾳ	_	_
2.5	1286	[4]	ἐστὶν	_	_
2.5	1287	[18]	ἡ	_	_
2.5	1288	[1]	προαίρεσις	_	_
2.5	1289	[48]	.	b	_
2.5	1290	[1]	οὕτω	_	_
2.5	1291	[26]	δὲ	_	_
2.5	1292	[48]	καὶ	_	_
2.5	1293	[7]	περὶ	_	_
2.5	1294	[1]	διαχωρήματος	_	_
2.5	1295	[1]	ἐρωτᾷν	_	_
2.5	1296	[1]	ἐγχωρεῖ	_	_
2.5	1297	[49]	.	b	_
2.5	1298	[49]	καὶ	_	_
2.5	1299	[14]	γὰρ	_	_
2.5	1300	[50]	καὶ	_	_
2.5	1301	[4]	τοῦτο	_	_
2.5	1302	[17]	διὰ	_	_
2.5	1303	[11]	μὲν	_	_
2.5	1304	[30]	τῆς	_	_
2.5	1305	[1]	ἔδρας	_	_
2.5	1306	[14]	ὑπὸ	_	_
2.5	1307	[31]	τῆς	_	_
2.5	1308	[2]	ἡμετέρας	_	_
2.5	1309	[1]	προαιρέσεως	_	_
2.5	1310	[1]	πρώτης	_	_
2.5	1311	[2]	κινούσης	_	_
2.5	1312	[12]	ἐκπέμπεται	_	_
2.5	1313	[109]	,	b	_
2.5	1314	[1]	ἥτις	_	_
2.5	1315	[110]	,	b	_
2.5	1316	[1]	οἶμαι	_	_
2.5	1317	[111]	,	b	_
2.5	1318	[51]	καὶ	_	_
2.5	1319	[20]	τῶν	_	_
2.5	1320	[1]	ποῤῥωτάτω	_	_
2.5	1321	[1]	κειμένων	_	_
2.5	1322	[1]	ἑαυτῆς	_	_
2.5	1323	[1]	δάκτυλον	_	_
2.5	1324	[1]	ὁντιναοῦν	_	_
2.5	1325	[21]	τῶν	_	_
2.5	1326	[12]	ἐν	_	_
2.5	1327	[1]	ποδὶ	_	_
2.5	1328	[1]	κινεῖ	_	_
2.5	1329	[1]	παραχρῆμα	_	_
2.5	1330	[112]	,	b	_
2.5	1331	[1]	μηδὲν	_	_
2.5	1332	[14]	ἐκ	_	_
2.5	1333	[24]	τοῦ	_	_
2.5	1334	[1]	διαστήματος	_	_
2.5	1335	[1]	ἐμποδιζομένη	_	_
2.5	1336	[6]	πρὸς	_	_
2.5	1337	[26]	τὸ	_	_
2.5	1338	[1]	τάχος	_	_
2.5	1339	[50]	.	b	_
2.5	1340	[3]	εἴτε	_	_
2.5	1341	[15]	γὰρ	_	_
2.5	1342	[13]	ἐν	_	_
2.5	1343	[2]	ἐγκεφάλῳ	_	_
2.5	1344	[1]	θείης	_	_
2.5	1345	[113]	,	b	_
2.5	1346	[1]	εἴτ	_	_
2.5	1347	[26]	’	b	_
2.5	1348	[14]	ἐν	_	_
2.5	1349	[2]	καρδίᾳ	_	_
2.5	1350	[15]	τὴν	_	_
2.5	1351	[1]	προαίρεσιν	_	_
2.5	1352	[114]	,	b	_
2.5	1353	[7]	ἢ	_	_
2.5	1354	[2]	διάνοιαν	_	_
2.5	1355	[115]	,	b	_
2.5	1356	[8]	ἢ	_	_
2.5	1357	[1]	ὅ	_	_
2.5	1358	[1]	τί	_	_
2.5	1359	[2]	ποτε	_	_
2.5	1360	[52]	καὶ	_	_
2.5	1361	[1]	βούλει	_	_
2.5	1362	[1]	καλεῖν	_	_
2.5	1363	[116]	,	b	_
2.5	1364	[1]	οὐδὲν	_	_
2.5	1365	[16]	γὰρ	_	_
2.5	1366	[9]	εἰς	_	_
2.5	1367	[5]	τὰ	_	_
2.5	1368	[1]	παρόντα	_	_
2.5	1369	[1]	διαφέρει	_	_
2.5	1370	[117]	,	b	_
2.5	1371	[1]	χρόνος	_	_
2.5	1372	[1]	οὐδεὶς	_	_
2.5	1373	[1]	εὑρεθήσεται	_	_
2.5	1374	[1]	μεταξὺ	_	_
2.5	1375	[1]	γιγνόμενος	_	_
2.5	1376	[25]	τοῦ	_	_
2.5	1377	[10]	τε	_	_
2.5	1378	[1]	βουληθῆναι	_	_
2.5	1379	[1]	κινῆσαι	_	_
2.5	1380	[12]	τὸν	_	_
2.5	1381	[2]	δάκτυλον	_	_
2.5	1382	[53]	καὶ	_	_
2.5	1383	[32]	τῆς	_	_
2.5	1384	[4]	ἐνεργείας	_	_
2.5	1385	[2]	αὐτοῦ	_	_
2.5	1386	[118]	,	b	_
2.5	1387	[3]	καθάπερ	_	_
2.5	1388	[119]	,	b	_
2.5	1389	[2]	οἶμαι	_	_
2.5	1390	[120]	,	b	_
2.5	1391	[1]	κᾀπὶ	_	_
2.5	1392	[33]	τῆς	_	_
2.5	1393	[3]	αἰσθήσεως	_	_
2.5	1394	[4]	ἔχει	_	_
2.5	1395	[51]	.	b	_
2.5	1396	[5]	οὐ	_	_
2.5	1397	[17]	γὰρ	_	_
2.5	1398	[4]	οὖν	_	_
2.5	1399	[1]	οὐδ	_	_
2.5	1400	[27]	’	b	_
2.5	1401	[3]	ἐπὶ	_	_
2.5	1402	[2]	ταύτης	_	_
2.5	1403	[1]	ἀναμεῖναι	_	_
2.5	1404	[2]	δεῖ	_	_
2.5	1405	[1]	χρόνον	_	_
2.5	1406	[2]	τινὰ	_	_
2.5	1407	[26]	τοῦ	_	_
2.5	1408	[1]	νύξαντος	_	_
2.5	1409	[9]	ἢ	_	_
2.5	1410	[1]	τρώσαντος	_	_
2.5	1411	[121]	,	b	_
2.5	1412	[2]	ἵν	_	_
2.5	1413	[28]	’	b	_
2.5	1414	[1]	αἴσθηται	_	_
2.5	1415	[27]	τὸ	_	_
2.5	1416	[1]	ζῶον	_	_
2.5	1417	[122]	,	b	_
2.5	1418	[8]	ἀλλ	_	_
2.5	1419	[29]	’	b	_
2.5	1420	[1]	ἅμα	_	_
2.5	1421	[11]	τε	_	_
2.5	1422	[28]	τὸ	_	_
2.5	1423	[1]	τέμνον	_	_
2.5	1424	[1]	τέμνει	_	_
2.5	1425	[54]	καὶ	_	_
2.5	1426	[29]	τὸ	_	_
2.5	1427	[2]	ζῶον	_	_
2.5	1428	[1]	αἰσθάνεται	_	_
2.5	1429	[52]	.	b	_
2.5	1430	[55]	καὶ	_	_
2.5	1431	[5]	τοῦτο	_	_
2.5	1432	[1]	βούλεταί	_	_
2.5	1433	[4]	γε	_	_
2.5	1434	[2]	Ζήνων	_	_
2.5	1435	[56]	καὶ	_	_
2.5	1436	[1]	Χρύσιππος	_	_
2.5	1437	[2]	ἅμα	_	_
2.5	1438	[7]	τῷ	_	_
2.5	1439	[1]	σφετέρῳ	_	_
2.5	1440	[1]	χορῷ	_	_
2.5	1441	[1]	παντὶ	_	_
2.5	1442	[123]	,	b	_
2.5	1443	[1]	διαδίδοσθαι	_	_
2.5	1444	[16]	τὴν	_	_
2.5	1445	[15]	ἐκ	_	_
2.5	1446	[27]	τοῦ	_	_
2.5	1447	[1]	προσπεσόντος	_	_
2.5	1448	[1]	ἔξωθεν	_	_
2.5	1449	[1]	ἐγγε	_	_
2.5	1450	[1]	νομένην	_	_
2.5	1451	[8]	τῷ	_	_
2.5	1452	[1]	μορίῳ	_	_
2.5	1453	[1]	κίνησιν	_	_
2.5	1454	[10]	εἰς	_	_
2.5	1455	[17]	τὴν	_	_
2.5	1456	[4]	ἀρχὴν	_	_
2.5	1457	[34]	τῆς	_	_
2.5	1458	[4]	ψυχῆς	_	_
2.5	1459	[124]	,	b	_
2.5	1460	[3]	ἵν	_	_
2.5	1461	[30]	’	b	_
2.5	1462	[2]	αἴσθηται	_	_
2.5	1463	[30]	τὸ	_	_
2.5	1464	[3]	ζῶον	_	_
2.5	1465	[53]	.	b	_
2.5	1466	[7]	ὡς	_	_
2.5	1467	[5]	οὖν	_	_
2.5	1468	[1]	οὐδείς	_	_
2.5	1469	[3]	ἐστι	_	_
2.5	1470	[2]	χρόνος	_	_
2.5	1471	[1]	αἰσθητὸς	_	_
2.5	1472	[15]	ἐν	_	_
2.5	1473	[9]	τῷ	_	_
2.5	1474	[2]	μεταξὺ	_	_
2.5	1475	[28]	τοῦ	_	_
2.5	1476	[1]	τρωθῆναί	_	_
2.5	1477	[12]	τε	_	_
2.5	1478	[31]	τὸ	_	_
2.5	1479	[2]	μόριον	_	_
2.5	1480	[1]	αἰσθέσθαι	_	_
2.5	1481	[13]	τε	_	_
2.5	1482	[32]	τὸ	_	_
2.5	1483	[4]	ζῶον	_	_
2.5	1484	[125]	,	b	_
2.5	1485	[1]	ὡσαύτως	_	_
2.5	1486	[5]	οὐδὲ	_	_
2.5	1487	[29]	τοῦ	_	_
2.5	1488	[2]	βουληθῆναι	_	_
2.5	1489	[1]	κάμψαι	_	_
2.5	1490	[13]	τὸν	_	_
2.5	1491	[1]	ἄνθρωπον	_	_
2.5	1492	[3]	δάκτυλον	_	_
2.5	1493	[10]	ἢ	_	_
2.5	1494	[14]	τὸν	_	_
2.5	1495	[1]	πόδα	_	_
2.5	1496	[57]	καὶ	_	_
2.5	1497	[1]	αὐτῆς	_	_
2.5	1498	[35]	τῆς	_	_
2.5	1499	[5]	ἐνεργείας	_	_
2.5	1500	[14]	·	b	_
2.5	1501	[1]	οὕτως	_	_
2.5	1502	[6]	οὐδὲ	_	_
2.5	1503	[30]	τοῦ	_	_
2.5	1504	[3]	βουληθῆναι	_	_
2.5	1505	[33]	τὸ	_	_
2.5	1506	[4]	οὖρον	_	_
2.5	1507	[1]	ἐκκρῖναι	_	_
2.5	1508	[58]	καὶ	_	_
2.5	1509	[2]	αὐτῆς	_	_
2.5	1510	[36]	τῆς	_	_
2.5	1511	[1]	ἐκκρίσεως	_	_
2.5	1512	[126]	,	b	_
2.5	1513	[9]	ἀλλ	_	_
2.5	1514	[31]	’	b	_
2.5	1515	[3]	ἅμα	_	_
2.5	1516	[14]	τε	_	_
2.5	1517	[34]	τὸ	_	_
2.5	1518	[37]	τῆς	_	_
2.5	1519	[5]	ψυχῆς	_	_
2.5	1520	[1]	ἡγεμονικὸν	_	_
2.5	1521	[1]	ἐβουλήθη	_	_
2.5	1522	[59]	καὶ	_	_
2.5	1523	[6]	τὰ	_	_
2.5	1524	[38]	τῆς	_	_
2.5	1525	[4]	αἰσθήσεως	_	_
2.5	1526	[1]	ἐνήργησεν	_	_
2.5	1527	[1]	ὄργανα	_	_
2.5	1528	[54]	.	b	_
2.5	1529	[1]	πῶς	_	_
2.5	1530	[6]	οὖν	_	_
2.5	1531	[1]	λύσομεν	_	_
2.5	1532	[1]	ἐκεῖνον	_	_
2.5	1533	[15]	τὸν	_	_
2.5	1534	[4]	λόγον	_	_
2.5	1535	[127]	,	b	_
2.5	1536	[1]	ὧ	_	_
2.5	1537	[1]	σοφώτατοι	_	_
2.5	1538	[128]	,	b	_
2.5	1539	[14]	εἰ	_	_
2.5	1540	[27]	δὲ	_	_
2.5	1541	[8]	ἦν	_	_
2.5	1542	[15]	ὑπὸ	_	_
2.5	1543	[39]	τῆς	_	_
2.5	1544	[6]	καρδίας	_	_
2.5	1545	[2]	ἐκπεμπόμενον	_	_
2.5	1546	[35]	τὸ	_	_
2.5	1547	[5]	οὖρον	_	_
2.5	1548	[129]	,	b	_
2.5	1549	[19]	οὐκ	_	_
2.5	1550	[10]	ἂν	_	_
2.5	1551	[18]	διὰ	_	_
2.5	1552	[31]	τοῦ	_	_
2.5	1553	[4]	αἰδοίου	_	_
2.5	1554	[1]	ἐξεκρίνετο	_	_
2.5	1555	[1]	;	b	_
2.5	1556	[1]	ἣν	_	_
2.5	1557	[18]	γὰρ	_	_
2.5	1558	[11]	ἂν	_	_
2.5	1559	[1]	εἴπητε	_	_
2.5	1560	[1]	λύσιν	_	_
2.5	1561	[130]	,	b	_
2.5	1562	[1]	ἐξέσται	_	_
2.5	1563	[2]	δήπου	_	_
2.5	1564	[60]	καὶ	_	_
2.5	1565	[1]	ἡμᾶς	_	_
2.5	1566	[1]	αὐτῇ	_	_
2.5	1567	[1]	χρήσασθαι	_	_
2.5	1568	[55]	.	b	_
2.5	1569	[8]	κατὰ	_	_
2.5	1570	[12]	μὲν	_	_
2.5	1571	[4]	δὴ	_	_
2.5	1572	[2]	τοὺς	_	_
2.5	1573	[1]	διαλόγους	_	_
2.5	1574	[2]	ἐκείνους	_	_
2.5	1575	[1]	ἀναγκάζειν	_	_
2.5	1576	[2]	χρὴ	_	_
2.5	1577	[1]	λύειν	_	_
2.5	1578	[16]	τὸν	_	_
2.5	1579	[5]	λόγον	_	_
2.5	1580	[56]	.	b	_
2.5	1581	[1]	ἐνταῦθα	_	_
2.5	1582	[28]	δὲ	_	_
2.5	1583	[20]	οὐκ	_	_
2.5	1584	[2]	ἐγχωρεῖ	_	_
2.5	1585	[1]	ποιεῖν	_	_
2.5	1586	[2]	οὕτως	_	_
2.5	1587	[131]	,	b	_
2.5	1588	[6]	ἀλλὰ	_	_
2.5	1589	[3]	χρὴ	_	_
2.5	1590	[18]	τὴν	_	_
2.5	1591	[2]	λύσιν	_	_
2.5	1592	[3]	αὐτοὺς	_	_
2.5	1593	[3]	εἰπεῖν	_	_
2.5	1594	[132]	,	b	_
2.5	1595	[2]	οὐδὲν	_	_
2.5	1596	[1]	ἔχουσαν	_	_
2.5	1597	[1]	ἀποκεκρυμμένον	_	_
2.5	1598	[11]	ἢ	_	_
2.5	1599	[1]	μακρὸν	_	_
2.5	1600	[12]	ἢ	_	_
2.5	1601	[1]	χαλεπὸν	_	_
2.5	1602	[133]	,	b	_
2.5	1603	[10]	ἀλλ	_	_
2.5	1604	[32]	’	b	_
2.5	1605	[16]	ἐκ	_	_
2.5	1606	[1]	προχείρου	_	_
2.5	1607	[1]	φαινομένην	_	_
2.5	1608	[57]	.	b	_
2.5	1609	[3]	οὐδὲν	_	_
2.5	1610	[19]	γὰρ	_	_
2.5	1611	[1]	κωλύει	_	_
2.5	1612	[134]	,	b	_
2.5	1613	[1]	φήσομεν	_	_
2.5	1614	[135]	,	b	_
2.5	1615	[17]	ἐκ	_	_
2.5	1616	[40]	τῆς	_	_
2.5	1617	[2]	κύστεως	_	_
2.5	1618	[1]	ἐκκρίνεσθαι	_	_
2.5	1619	[19]	διὰ	_	_
2.5	1620	[32]	τοῦ	_	_
2.5	1621	[5]	αἰδοίου	_	_
2.5	1622	[36]	τὸ	_	_
2.5	1623	[6]	οὖρον	_	_
2.5	1624	[136]	,	b	_
2.5	1625	[5]	ἀρχὴν	_	_
2.5	1626	[1]	κινήσεως	_	_
2.5	1627	[1]	ἐπιπέμψαντος	_	_
2.5	1628	[33]	τοῦ	_	_
2.5	1629	[2]	ἡγεμονικοῦ	_	_
2.5	1630	[137]	,	b	_
2.5	1631	[1]	ἵνα	_	_
2.5	1632	[1]	συσταλῇ	_	_
2.5	1633	[37]	τὸ	_	_
2.5	1634	[2]	περιέχον	_	_
2.5	1635	[1]	ἀγγεῖον	_	_
2.5	1636	[58]	.	b	_
2.5	1637	[1]	λοιπὸν	_	_
2.5	1638	[138]	,	b	_
2.5	1639	[2]	εἴτ	_	_
2.5	1640	[33]	’	b	_
2.5	1641	[1]	ἐγκέφαλός	_	_
2.5	1642	[7]	ἐστιν	_	_
2.5	1643	[139]	,	b	_
2.5	1644	[4]	εἴτε	_	_
2.5	1645	[1]	καρδία	_	_
2.5	1646	[38]	τὸ	_	_
2.5	1647	[41]	τῆς	_	_
2.5	1648	[6]	ψυχῆς	_	_
2.5	1649	[1]	ἡγεμονοῦν	_	_
2.5	1650	[140]	,	b	_
2.5	1651	[4]	οὐδὲν	_	_
2.5	1652	[3]	οἶμαι	_	_
2.5	1653	[1]	διαφέρειν	_	_
2.5	1654	[1]	εἴς	_	_
2.5	1655	[5]	γε	_	_
2.5	1656	[19]	τὴν	_	_
2.5	1657	[34]	τοῦ	_	_
2.5	1658	[1]	προκειμένου	_	_
2.5	1659	[7]	λόγου	_	_
2.5	1660	[1]	διάλυσιν	_	_
2.5	1661	[59]	.	b	_
2.5	1662	[1]	ἄν	_	_
2.5	1663	[15]	τε	_	_
2.5	1664	[20]	γὰρ	_	_
2.5	1665	[1]	ἐγκέφαλος	_	_
2.5	1666	[1]	ᾖ	_	_
2.5	1667	[141]	,	b	_
2.5	1668	[20]	τὴν	_	_
2.5	1669	[6]	ἀρχὴν	_	_
2.5	1670	[42]	τῆς	_	_
2.5	1671	[2]	κινήσεως	_	_
2.5	1672	[1]	αὐτὸς	_	_
2.5	1673	[1]	ἐπιπέμψει	_	_
2.5	1674	[61]	καὶ	_	_
2.5	1675	[5]	τοῖς	_	_
2.5	1676	[39]	τὸ	_	_
2.5	1677	[7]	οὖρον	_	_
2.5	1678	[1]	ἐκκρίνουσιν	_	_
2.5	1679	[1]	ὀργάνοις	_	_
2.5	1680	[142]	,	b	_
2.5	1681	[62]	καὶ	_	_
2.5	1682	[6]	τοῖς	_	_
2.5	1683	[40]	τὸ	_	_
2.5	1684	[1]	περίττωμα	_	_
2.5	1685	[43]	τῆς	_	_
2.5	1686	[1]	τροφῆς	_	_
2.5	1687	[143]	,	b	_
2.5	1688	[63]	καὶ	_	_
2.5	1689	[7]	τοῖς	_	_
2.5	1690	[41]	τὸ	_	_
2.5	1691	[1]	σκέλος	_	_
2.5	1692	[1]	κινοῦσι	_	_
2.5	1693	[144]	,	b	_
2.5	1694	[64]	καὶ	_	_
2.5	1695	[8]	τοῖς	_	_
2.5	1696	[17]	τὸν	_	_
2.5	1697	[2]	πόδα	_	_
2.5	1698	[65]	καὶ	_	_
2.5	1699	[3]	τοὺς	_	_
2.5	1700	[1]	δακτύλους	_	_
2.5	1701	[145]	,	b	_
2.5	1702	[2]	ἄν	_	_
2.5	1703	[1]	θ	_	_
2.5	1704	[34]	’	b	_
2.5	1705	[19]	ἡ	_	_
2.5	1706	[2]	καρδία	_	_
2.5	1707	[146]	,	b	_
2.5	1708	[9]	κατὰ	_	_
2.5	1709	[18]	τὸν	_	_
2.5	1710	[3]	αὐτὸν	_	_
2.5	1711	[3]	τρόπον	_	_
2.5	1712	[60]	.	b	_
2.5	1713	[3]	οὕτως	_	_
2.5	1714	[147]	,	b	_
2.5	1715	[4]	οἶμαι	_	_
2.5	1716	[148]	,	b	_
2.5	1717	[66]	καὶ	_	_
2.5	1718	[44]	τῆς	_	_
2.5	1719	[7]	φωνῆς	_	_
2.5	1720	[1]	ἐκπεμπομένης	_	_
2.5	1721	[20]	διὰ	_	_
2.5	1722	[12]	φάρυγγος	_	_
2.5	1723	[149]	,	b	_
2.5	1724	[5]	οὐδὲν	_	_
2.5	1725	[2]	κωλύει	_	_
2.5	1726	[19]	τὸν	_	_
2.5	1727	[2]	ἐγκέφαλον	_	_
2.5	1728	[1]	αἴτιον	_	_
2.5	1729	[2]	ὑπάρχειν	_	_
2.5	1730	[45]	τῆς	_	_
2.5	1731	[1]	πρὸ	_	_
2.5	1732	[46]	τῆς	_	_
2.5	1733	[13]	φάρυγγος	_	_
2.5	1734	[3]	κινήσεως	_	_
2.5	1735	[61]	.	b	_
2.5	1736	[2]	ὥστ	_	_
2.5	1737	[35]	’	b	_
2.5	1738	[1]	ἴσον	_	_
2.5	1739	[2]	ἔτι	_	_
2.5	1740	[1]	μένει	_	_
2.5	1741	[42]	τὸ	_	_
2.5	1742	[1]	ζητούμενον	_	_
2.5	1743	[9]	ἐξ	_	_
2.5	1744	[1]	ἀρχῆς	_	_
2.5	1745	[150]	,	b	_
2.5	1746	[6]	οὐδὲν	_	_
2.5	1747	[3]	ἔκ	_	_
2.5	1748	[6]	γε	_	_
2.5	1749	[35]	τοῦ	_	_
2.5	1750	[1]	φαινομένου	_	_
2.5	1751	[7]	πρὸς	_	_
2.5	1752	[1]	οὐδέτερον	_	_
2.5	1753	[22]	τῶν	_	_
2.5	1754	[1]	δογμάτων	_	_
2.5	1755	[1]	ἐπικλίνειν	_	_
2.5	1756	[62]	.	b	_
2.5	1757	[8]	ὡς	_	_
2.5	1758	[21]	γὰρ	_	_
2.5	1759	[4]	ἐπὶ	_	_
2.5	1760	[47]	τῆς	_	_
2.5	1761	[10]	κατὰ	_	_
2.5	1762	[21]	τὴν	_	_
2.5	1763	[2]	κύστιν	_	_
2.5	1764	[67]	καὶ	_	_
2.5	1765	[22]	τὴν	_	_
2.5	1766	[1]	ἕδραν	_	_
2.5	1767	[4]	κινήσεως	_	_
2.5	1768	[1]	ἄδηλον	_	_
2.5	1769	[1]	ὑπῆρχε	_	_
2.5	1770	[151]	,	b	_
2.5	1771	[1]	πότερον	_	_
2.5	1772	[2]	ἐγκέφαλος	_	_
2.5	1773	[13]	ἢ	_	_
2.5	1774	[3]	καρδία	_	_
2.5	1775	[23]	τὴν	_	_
2.5	1776	[7]	ἀρχὴν	_	_
2.5	1777	[5]	ἔχει	_	_
2.5	1778	[152]	,	b	_
2.5	1779	[11]	κατὰ	_	_
2.5	1780	[20]	τὸν	_	_
2.5	1781	[4]	αὐτὸν	_	_
2.5	1782	[4]	τρόπον	_	_
2.5	1783	[1]	ἐπί	_	_
2.5	1784	[16]	τε	_	_
2.5	1785	[8]	φωνῆς	_	_
2.5	1786	[68]	καὶ	_	_
2.5	1787	[1]	ἀναπνοῆς	_	_
2.5	1788	[1]	ὁμοίως	_	_
2.5	1789	[1]	ἔτ	_	_
2.5	1790	[36]	’	b	_
2.5	1791	[2]	ἄδηλον	_	_
2.5	1792	[153]	,	b	_
2.5	1793	[1]	ὁπότερον	_	_
2.5	1794	[23]	τῶν	_	_
2.5	1795	[1]	σπλάγχνων	_	_
2.5	1796	[6]	ἔχει	_	_
2.5	1797	[24]	τὴν	_	_
2.5	1798	[1]	ἡγεμονίαν	_	_
2.5	1799	[63]	.	b	_
2.5	1800	[11]	ἀλλ	_	_
2.5	1801	[37]	’	b	_
2.5	1802	[154]	,	b	_
2.5	1803	[9]	ὡς	_	_
2.5	1804	[1]	εἴρηταί	_	_
2.5	1805	[2]	μοι	_	_
2.5	1806	[69]	καὶ	_	_
2.5	1807	[1]	πρόσθεν	_	_
2.5	1808	[155]	,	b	_
2.5	1809	[20]	ἡ	_	_
2.5	1810	[48]	τῆς	_	_
2.5	1811	[1]	θέσεως	_	_
2.5	1812	[1]	ἐγγύτης	_	_
2.5	1813	[156]	,	b	_
2.5	1814	[1]	ἑκατέρους	_	_
2.5	1815	[1]	ἐξαπατῶσα	_	_
2.5	1816	[157]	,	b	_
2.5	1817	[1]	φαντασίαν	_	_
2.5	1818	[1]	ἀποτελεῖ	_	_
2.5	1819	[24]	τῶν	_	_
2.5	1820	[2]	λημμάτων	_	_
2.5	1821	[158]	,	b	_
2.5	1822	[10]	ὡς	_	_
2.5	1823	[1]	ἐπιστημονικῶν	_	_
2.5	1824	[17]	τε	_	_
2.5	1825	[70]	καὶ	_	_
2.5	1826	[8]	πρὸς	_	_
2.5	1827	[1]	ἀπόδειξιν	_	_
2.5	1828	[2]	ἐπιτηδείων	_	_
2.5	1829	[64]	.	b	_
2.5	1830	[6]	οὐ	_	_
2.5	1831	[4]	μὴν	_	_
2.5	1832	[4]	οὕτως	_	_
2.5	1833	[1]	γ	_	_
2.5	1834	[38]	’	b	_
2.5	1835	[7]	ἔχει	_	_
2.5	1836	[1]	τἀληθές	_	_
2.5	1837	[65]	.	b	_
2.5	1838	[2]	ὅ	_	_
2.5	1839	[18]	τε	_	_
2.5	1840	[22]	γὰρ	_	_
2.5	1841	[2]	ἁπάντων	_	_
2.5	1842	[8]	ἀρχὴν	_	_
2.5	1843	[1]	ὑποτιθέμενος	_	_
2.5	1844	[2]	εἷναι	_	_
2.5	1845	[25]	τὴν	_	_
2.5	1846	[3]	καρδίαν	_	_
2.5	1847	[21]	οὐκ	_	_
2.5	1848	[1]	εὐλαβηθήσεται	_	_
2.5	1849	[26]	τὴν	_	_
2.5	1850	[25]	τῶν	_	_
2.5	1851	[1]	ὀφθαλμῶν	_	_
2.5	1852	[1]	ἐγγύτητα	_	_
2.5	1853	[159]	,	b	_
2.5	1854	[11]	ὡς	_	_
2.5	1855	[4]	μὴ	_	_
2.5	1856	[71]	καὶ	_	_
2.5	1857	[2]	τούτους	_	_
2.5	1858	[3]	ἀπ	_	_
2.5	1859	[39]	’	b	_
2.5	1860	[1]	ἐκείνης	_	_
2.5	1861	[2]	ὥσπερ	_	_
2.5	1862	[1]	πηγῆς	_	_
2.5	1863	[4]	τινος	_	_
2.5	1864	[1]	ἀρύεσθαι	_	_
2.5	1865	[1]	φάναι	_	_
2.5	1866	[27]	τὴν	_	_
2.5	1867	[1]	αἴσθησίν	_	_
2.5	1868	[19]	τε	_	_
2.5	1869	[72]	καὶ	_	_
2.5	1870	[2]	κίνησιν	_	_
2.5	1871	[160]	,	b	_
2.5	1872	[3]	ὅ	_	_
2.5	1873	[20]	τε	_	_
2.5	1874	[21]	τὸν	_	_
2.5	1875	[3]	ἐγκέφαλον	_	_
2.5	1876	[22]	οὐκ	_	_
2.5	1877	[3]	ἄλλο	_	_
2.5	1878	[4]	τι	_	_
2.5	1879	[1]	μόριόν	_	_
2.5	1880	[1]	φησιν	_	_
2.5	1881	[9]	ἀρχὴν	_	_
2.5	1882	[6]	εἶναι	_	_
2.5	1883	[49]	τῆς	_	_
2.5	1884	[26]	τῶν	_	_
2.5	1885	[1]	ἀναπνευστικῶν	_	_
2.5	1886	[21]	τε	_	_
2.5	1887	[73]	καὶ	_	_
2.5	1888	[1]	φωνητικῶν	_	_
2.5	1889	[1]	ὀργάνων	_	_
2.5	1890	[5]	κινήσεως	_	_
2.5	1891	[161]	,	b	_
2.5	1892	[12]	ἀλλ	_	_
2.5	1893	[40]	’	b	_
2.5	1894	[2]	ἐκεῖνον	_	_
2.5	1895	[162]	,	b	_
2.5	1896	[3]	ὥσπερ	_	_
2.5	1897	[9]	τοῖς	_	_
2.5	1898	[1]	ἄλλοις	_	_
2.5	1899	[1]	ἅπασιν	_	_
2.5	1900	[1]	ἐξηγεῖσθαι	_	_
2.5	1901	[50]	τῆς	_	_
2.5	1902	[12]	κατὰ	_	_
2.5	1903	[2]	προαίρεσιν	_	_
2.5	1904	[6]	κινήσεως	_	_
2.5	1905	[163]	,	b	_
2.5	1906	[5]	οὕτως	_	_
2.5	1907	[74]	καὶ	_	_
2.5	1908	[1]	τοῖσδε	_	_
2.5	1909	[66]	.	b	_
2.5	1910	[1]	ἅπερ	_	_
2.5	1911	[7]	οὖν	_	_
2.5	1912	[16]	ἐν	_	_
2.5	1913	[1]	ταῖς	_	_
2.5	1914	[8]	περὶ	_	_
2.5	1915	[51]	τῆς	_	_
2.5	1916	[1]	ἀποδείξεως	_	_
2.5	1917	[1]	μεθόδοις	_	_
2.5	1918	[1]	ἐδιδάχθημεν	_	_
2.5	1919	[1]	καθόλου	_	_
2.5	1920	[164]	,	b	_
2.5	1921	[1]	ταῦθ	_	_
2.5	1922	[41]	’	b	_
2.5	1923	[1]	εὑρίσκεται	_	_
2.5	1924	[13]	κατὰ	_	_
2.5	1925	[3]	μέρος	_	_
2.5	1926	[5]	ἐπὶ	_	_
2.5	1927	[1]	πάσης	_	_
2.5	1928	[1]	ὕλης	_	_
2.5	1929	[1]	πραγμάτων	_	_
2.5	1930	[1]	ἀληθεύοντα	_	_
2.5	1931	[67]	.	b	_
2.5	1932	[4]	χρὴ	_	_
2.5	1933	[23]	γὰρ	_	_
2.5	1934	[23]	οὐκ	_	_
2.5	1935	[8]	ἀπὸ	_	_
2.5	1936	[1]	πάντων	_	_
2.5	1937	[27]	τῶν	_	_
2.5	1938	[1]	ὑπαρχόντων	_	_
2.5	1939	[10]	τῷ	_	_
2.5	1940	[1]	προκειμένῳ	_	_
2.5	1941	[1]	πράγματι	_	_
2.5	1942	[1]	τἀληθὲς	_	_
2.5	1943	[1]	λαμβάνειν	_	_
2.5	1944	[165]	,	b	_
2.5	1945	[13]	ἀλλ	_	_
2.5	1946	[42]	’	b	_
2.5	1947	[9]	ἀπὸ	_	_
2.5	1948	[1]	μόνου	_	_
2.5	1949	[36]	τοῦ	_	_
2.5	1950	[1]	συνημμένου	_	_
2.5	1951	[11]	τῷ	_	_
2.5	1952	[1]	προβλήματι	_	_
2.5	1953	[68]	.	b	_
2.5	1954	[3]	Ζήνων	_	_
2.5	1955	[29]	δὲ	_	_
2.5	1956	[75]	καὶ	_	_
2.5	1957	[2]	Χρύσιππος	_	_
2.5	1958	[76]	καὶ	_	_
2.5	1959	[3]	Διογένης	_	_
2.5	1960	[1]	οἵ	_	_
2.5	1961	[1]	τ	_	_
2.5	1962	[43]	’	b	_
2.5	1963	[1]	ἄλλοι	_	_
2.5	1964	[1]	Στωϊκοὶ	_	_
2.5	1965	[166]	,	b	_
2.5	1966	[1]	κᾂν	_	_
2.5	1967	[1]	μυριάκις	_	_
2.5	1968	[6]	ἐπὶ	_	_
2.5	1969	[12]	τῷ	_	_
2.5	1970	[2]	λόγῳ	_	_
2.5	1971	[1]	θαῤῥῶσιν	_	_
2.5	1972	[167]	,	b	_
2.5	1973	[2]	οὐχ	_	_
2.5	1974	[1]	εὕρωσιν	_	_
2.5	1975	[1]	ἀπολογήσασθαι	_	_
2.5	1976	[9]	περὶ	_	_
2.5	1977	[28]	τῶν	_	_
2.5	1978	[1]	ἁμαρτημάτων	_	_
2.5	1979	[3]	αὐτοῦ	_	_
2.5	1980	[69]	.	b	_
2.5	1981	[43]	τὸ	_	_
2.5	1982	[2]	γάρ	_	_
2.5	1983	[1]	τοι	_	_
2.5	1984	[2]	δεύτερον	_	_
2.5	1985	[3]	λῆμμα	_	_
2.5	1986	[44]	τὸ	_	_
2.5	1987	[2]	κατ	_	_
2.5	1988	[44]	’	b	_
2.5	1989	[5]	αὐτὸν	_	_
2.5	1990	[168]	,	b	_
2.5	1991	[15]	εἰ	_	_
2.5	1992	[13]	μὲν	_	_
2.5	1993	[1]	ἀκριβῶς	_	_
2.5	1994	[22]	τε	_	_
2.5	1995	[4]	ἅμα	_	_
2.5	1996	[77]	καὶ	_	_
2.5	1997	[1]	σαφῶς	_	_
2.5	1998	[78]	καὶ	_	_
2.5	1999	[1]	διωρισμένως	_	_
2.5	2000	[1]	εἴρητο	_	_
2.5	2001	[169]	,	b	_
2.5	2002	[29]	τῶν	_	_
2.5	2003	[18]	ἐκ	_	_
2.5	2004	[2]	δευτέρου	_	_
2.5	2005	[2]	γένους	_	_
2.5	2006	[1]	ἓν	_	_
2.5	2007	[12]	ἂν	_	_
2.5	2008	[1]	ἐφωράθη	_	_
2.5	2009	[4]	πάντως	_	_
2.5	2010	[1]	ὑπάρχον	_	_
2.5	2011	[15]	·	b	_
2.5	2012	[1]	ἐπεὶ	_	_
2.5	2013	[30]	δὲ	_	_
2.5	2014	[14]	κατὰ	_	_
2.5	2015	[45]	τὸ	_	_
2.5	2016	[52]	τῆς	_	_
2.5	2017	[2]	λέξεως	_	_
2.5	2018	[1]	σχῆμα	_	_
2.5	2019	[1]	πεπανουργημένην	_	_
2.5	2020	[2]	ἀμφιβολίαν	_	_
2.5	2021	[1]	ἐπεσπάσατο	_	_
2.5	2022	[170]	,	b	_
2.5	2023	[37]	τοῦ	_	_
2.5	2024	[1]	τετάρτου	_	_
2.5	2025	[3]	γένους	_	_
2.5	2026	[17]	ἐν	_	_
2.5	2027	[4]	τούτῳ	_	_
2.5	2028	[1]	μετέσχεν	_	_
2.5	2029	[70]	.	b	_
2.5	2030	[16]	εἰ	_	_
2.5	2031	[14]	μὲν	_	_
2.5	2032	[8]	οὖν	_	_
2.5	2033	[1]	γινώσκων	_	_
2.5	2034	[4]	αὐτοῦ	_	_
2.5	2035	[28]	τὴν	_	_
2.5	2036	[1]	πανουργίαν	_	_
2.5	2037	[11]	ὁ	_	_
2.5	2038	[4]	Ζήνων	_	_
2.5	2039	[1]	ἑκὼν	_	_
2.5	2040	[1]	παρεχρήσατο	_	_
2.5	2041	[171]	,	b	_
2.5	2042	[1]	σοφιστὴς	_	_
2.5	2043	[13]	ἂν	_	_
2.5	2044	[1]	εἴη	_	_
2.5	2045	[1]	τις	_	_
2.5	2046	[4]	μᾶλλον	_	_
2.5	2047	[14]	ἢ	_	_
2.5	2048	[1]	φιλόσοφος	_	_
2.5	2049	[16]	·	b	_
2.5	2050	[17]	εἰ	_	_
2.5	2051	[31]	δὲ	_	_
2.5	2052	[1]	ἀγνοήσας	_	_
2.5	2053	[1]	ἄκων	_	_
2.5	2054	[1]	ἐχρήσατο	_	_
2.5	2055	[172]	,	b	_
2.5	2056	[1]	λογικῆς	_	_
2.5	2057	[1]	θεωρίας	_	_
2.5	2058	[1]	ἀγύμναστος	_	_
2.5	2059	[71]	.	b	_
2.5	2060	[14]	ἀλλ	_	_
2.5	2061	[45]	’	b	_
2.5	2062	[1]	ἡμεῖς	_	_
2.5	2063	[7]	γε	_	_
2.5	2064	[1]	μήθ	_	_
2.5	2065	[46]	’	b	_
2.5	2066	[1]	ἑκόντες	_	_
2.5	2067	[1]	ποτὲ	_	_
2.5	2068	[3]	τοιούτοις	_	_
2.5	2069	[3]	﻿	_	_
2.5	2070	[1]	χρησαίμεθα	_	_
2.5	2071	[2]	λόγοις	_	_
2.5	2072	[173]	,	b	_
2.5	2073	[1]	ἐχθροῦ	_	_
2.5	2074	[24]	γὰρ	_	_
2.5	2075	[1]	ἀληθείας	_	_
2.5	2076	[1]	ἀνδρὸς	_	_
2.5	2077	[46]	τὸ	_	_
2.5	2078	[1]	πανούργημα	_	_
2.5	2079	[174]	,	b	_
2.5	2080	[1]	μήτ	_	_
2.5	2081	[47]	’	b	_
2.5	2082	[1]	ἄκοντες	_	_
2.5	2083	[16]	ὑπὸ	_	_
2.5	2084	[1]	ἀμαθίας	_	_
2.5	2085	[23]	τε	_	_
2.5	2086	[5]	ἅμα	_	_
2.5	2087	[79]	καὶ	_	_
2.5	2088	[1]	ἀγυμνασίας	_	_
2.5	2089	[1]	ἐμπίπτοιμεν	_	_
2.5	2090	[11]	εἰς	_	_
2.5	2091	[1]	αὐτούς	_	_
2.5	2092	[72]	.	b	_
2.5	2093	[1]	ὁμοίαν	_	_
2.5	2094	[32]	δὲ	_	_
2.5	2095	[8]	ἔχει	_	_
2.5	2096	[13]	τῷ	_	_
2.5	2097	[1]	δευτέρῳ	_	_
2.5	2098	[1]	λήμματι	_	_
2.5	2099	[80]	καὶ	_	_
2.5	2100	[47]	τὸ	_	_
2.5	2101	[1]	τέταρτον	_	_
2.5	2102	[1]	ἀτοπίαν	_	_
2.5	2103	[175]	,	b	_
2.5	2104	[18]	ἐν	_	_
2.5	2105	[1]	ᾧ	_	_
2.5	2106	[2]	φησιν	_	_
2.5	2107	[176]	,	b	_
2.5	2108	[12]	ὁ	_	_
2.5	2109	[12]	λόγος	_	_
2.5	2110	[10]	ἀπὸ	_	_
2.5	2111	[5]	διανοίας	_	_
2.5	2112	[9]	χωρεῖ	_	_
2.5	2113	[73]	.	b	_
2.5	2114	[13]	ὁ	_	_
2.5	2115	[3]	γάρ	_	_
2.5	2116	[2]	τοι	_	_
2.5	2117	[13]	λόγος	_	_
2.5	2118	[1]	οὗτος	_	_
2.5	2119	[177]	,	b	_
2.5	2120	[21]	ἡ	_	_
2.5	2121	[2]	σημαίνουσα	_	_
2.5	2122	[10]	φωνὴ	_	_
2.5	2123	[17]	ὑπὸ	_	_
2.5	2124	[15]	μὲν	_	_
2.5	2125	[53]	τῆς	_	_
2.5	2126	[6]	διανοίας	_	_
2.5	2127	[13]	ἐκπέμπεται	_	_
2.5	2128	[178]	,	b	_
2.5	2129	[4]	καθάπερ	_	_
2.5	2130	[81]	καὶ	_	_
2.5	2131	[1]	τἄλλα	_	_
2.5	2132	[1]	πάντα	_	_
2.5	2133	[7]	τὰ	_	_
2.5	2134	[15]	κατὰ	_	_
2.5	2135	[3]	προαίρεσιν	_	_
2.5	2136	[1]	ἐνεργούμενα	_	_
2.5	2137	[179]	,	b	_
2.5	2138	[7]	οὐ	_	_
2.5	2139	[5]	μὴν	_	_
2.5	2140	[19]	ἐκ	_	_
2.5	2141	[54]	τῆς	_	_
2.5	2142	[7]	διανοίας	_	_
2.5	2143	[8]	γε	_	_
2.5	2144	[180]	,	b	_
2.5	2145	[7]	ἀλλὰ	_	_
2.5	2146	[20]	ἐκ	_	_
2.5	2147	[38]	τοῦ	_	_
2.5	2148	[1]	λάρυγγος	_	_
2.5	2149	[74]	.	b	_
2.5	2150	[1]	ἔμπροσθεν	_	_
2.5	2151	[33]	δὲ	_	_
2.5	2152	[1]	οὐδέπω	_	_
2.5	2153	[11]	φωνὴ	_	_
2.5	2154	[48]	τὸ	_	_
2.5	2155	[1]	ἀναφερόμενόν	_	_
2.5	2156	[8]	ἐστιν	_	_
2.5	2157	[181]	,	b	_
2.5	2158	[15]	ἀλλ	_	_
2.5	2159	[48]	’	b	_
2.5	2160	[182]	,	b	_
2.5	2161	[12]	ὡς	_	_
2.5	2162	[1]	ἔφαμεν	_	_
2.5	2163	[183]	,	b	_
2.5	2164	[1]	ὕλη	_	_
2.5	2165	[2]	τις	_	_
2.5	2166	[1]	οἰκεία	_	_
2.5	2167	[9]	φωνῆς	_	_
2.5	2168	[184]	,	b	_
2.5	2169	[2]	ἣν	_	_
2.5	2170	[1]	ὀνομάζομεν	_	_
2.5	2171	[1]	ἐκφύσησιν	_	_
2.5	2172	[75]	.	b	_
2.5	2173	[14]	ἐκπέμπεται	_	_
2.5	2174	[34]	δὲ	_	_
2.5	2175	[21]	ἐκ	_	_
2.5	2176	[30]	τῶν	_	_
2.5	2177	[16]	κατὰ	_	_
2.5	2178	[1]	πνεύμονα	_	_
2.5	2179	[1]	τραχειῶν	_	_
2.5	2180	[1]	ἀρτηριῶν	_	_
2.5	2181	[185]	,	b	_
2.5	2182	[2]	ὧν	_	_
2.5	2183	[1]	οὐδεμία	_	_
2.5	2184	[55]	τῆς	_	_
2.5	2185	[7]	καρδίας	_	_
2.5	2186	[1]	ἅπτεται	_	_
2.5	2187	[76]	.	b	_
2.5	2188	[14]	ὁ	_	_
2.5	2189	[16]	μὲν	_	_
2.5	2190	[9]	οὖν	_	_
2.5	2191	[5]	Ζήνων	_	_
2.5	2192	[186]	,	b	_
2.5	2193	[5]	εἴτε	_	_
2.5	2194	[2]	ἄκων	_	_
2.5	2195	[6]	εἴτε	_	_
2.5	2196	[2]	ἑκὼν	_	_
2.5	2197	[1]	ἀσαφεῖ	_	_
2.5	2198	[5]	τῇ	_	_
2.5	2199	[1]	λέξει	_	_
2.5	2200	[1]	χρησάμενος	_	_
2.5	2201	[187]	,	b	_
2.5	2202	[12]	εἰς	_	_
2.5	2203	[49]	τὸ	_	_
2.5	2204	[2]	τέταρτον	_	_
2.5	2205	[1]	εἶδος	_	_
2.5	2206	[1]	ἐκπέπτωκε	_	_
2.5	2207	[31]	τῶν	_	_
2.5	2208	[3]	λημμάτων	_	_
2.5	2209	[188]	,	b	_
2.5	2210	[15]	ὁ	_	_
2.5	2211	[4]	Διογένης	_	_
2.5	2212	[35]	δὲ	_	_
2.5	2213	[8]	τὰ	_	_
2.5	2214	[1]	πολλὰ	_	_
2.5	2215	[17]	μὲν	_	_
2.5	2216	[13]	εἰς	_	_
2.5	2217	[50]	τὸ	_	_
2.5	2218	[3]	δεύτερον	_	_
2.5	2219	[189]	,	b	_
2.5	2220	[1]	ἅπαξ	_	_
2.5	2221	[1]	δέ	_	_
2.5	2222	[1]	που	_	_
2.5	2223	[82]	καὶ	_	_
2.5	2224	[2]	αὐτὸς	_	_
2.5	2225	[14]	εἰς	_	_
2.5	2226	[51]	τὸ	_	_
2.5	2227	[3]	τέταρτον	_	_
2.5	2228	[77]	.	b	_
2.5	2229	[1]	ὅταν	_	_
2.5	2230	[18]	μὲν	_	_
2.5	2231	[25]	γὰρ	_	_
2.5	2232	[1]	λέγῃ	_	_
2.5	2233	[190]	,	b	_
2.5	2234	[5]	ὅθεν	_	_
2.5	2235	[22]	ἡ	_	_
2.5	2236	[12]	φωνὴ	_	_
2.5	2237	[15]	ἐκπέμπεται	_	_
2.5	2238	[191]	,	b	_
2.5	2239	[83]	καὶ	_	_
2.5	2240	[2]	ὅταν	_	_
2.5	2241	[192]	,	b	_
2.5	2242	[23]	ἡ	_	_
2.5	2243	[36]	δὲ	_	_
2.5	2244	[13]	φωνὴ	_	_
2.5	2245	[24]	οὐκ	_	_
2.5	2246	[22]	ἐκ	_	_
2.5	2247	[32]	τῶν	_	_
2.5	2248	[17]	κατὰ	_	_
2.5	2249	[29]	τὴν	_	_
2.5	2250	[2]	κεφαλὴν	_	_
2.5	2251	[2]	τόπων	_	_
2.5	2252	[16]	ἐκπέμπεται	_	_
2.5	2253	[193]	,	b	_
2.5	2254	[8]	ἀλλὰ	_	_
2.5	2255	[2]	φανερῶς	_	_
2.5	2256	[23]	ἐκ	_	_
2.5	2257	[33]	τῶν	_	_
2.5	2258	[1]	κάτω	_	_
2.5	2259	[5]	μᾶλλον	_	_
2.5	2260	[194]	,	b	_
2.5	2261	[24]	ἐκ	_	_
2.5	2262	[39]	τοῦ	_	_
2.5	2263	[3]	δευτέρου	_	_
2.5	2264	[4]	γένους	_	_
2.5	2265	[34]	τῶν	_	_
2.5	2266	[1]	ἐπιχειρημάτων	_	_
2.5	2267	[1]	χρῆται	_	_
2.5	2268	[10]	τοῖς	_	_
2.5	2269	[1]	λήμμασιν	_	_
2.5	2270	[78]	.	b	_
2.5	2271	[3]	ὅταν	_	_
2.5	2272	[37]	δὲ	_	_
2.5	2273	[1]	φῇ	_	_
2.5	2274	[195]	,	b	_
2.5	2275	[22]	τὸν	_	_
2.5	2276	[6]	λόγον	_	_
2.5	2277	[11]	ἀπὸ	_	_
2.5	2278	[8]	διανοίας	_	_
2.5	2279	[3]	ἐκπέμπεσθαι	_	_
2.5	2280	[196]	,	b	_
2.5	2281	[1]	δέον	_	_
2.5	2282	[18]	ὑπὸ	_	_
2.5	2283	[9]	διανοίας	_	_
2.5	2284	[2]	φάναι	_	_
2.5	2285	[197]	,	b	_
2.5	2286	[14]	τῷ	_	_
2.5	2287	[2]	τετάρτῳ	_	_
2.5	2288	[2]	χρῆται	_	_
2.5	2289	[2]	γένει	_	_
2.5	2290	[35]	τῶν	_	_
2.5	2291	[2]	ἐπιχειρημάτων	_	_
2.5	2292	[79]	.	b	_
2.5	2293	[16]	ὁ	_	_
2.5	2294	[38]	δὲ	_	_
2.5	2295	[1]	ἔλεγχος	_	_
2.5	2296	[84]	καὶ	_	_
2.5	2297	[36]	τῶν	_	_
2.5	2298	[2]	τούτου	_	_
2.5	2299	[1]	σφαλμάτων	_	_
2.5	2300	[17]	ὁ	_	_
2.5	2301	[3]	αὐτὸς	_	_
2.5	2302	[15]	τῷ	_	_
2.5	2303	[1]	προγεγραμμένῳ	_	_
2.5	2304	[18]	κατὰ	_	_
2.5	2305	[23]	τὸν	_	_
2.5	2306	[40]	τοῦ	_	_
2.5	2307	[5]	Ζήνωνος	_	_
2.5	2308	[7]	λόγον	_	_
2.5	2309	[80]	.	b	_
2.5	2310	[2]	οὕτω	_	_
2.5	2311	[39]	δὲ	_	_
2.5	2312	[85]	καὶ	_	_
2.5	2313	[18]	ὁ	_	_
2.5	2314	[3]	Χρύσιππος	_	_
2.5	2315	[1]	ἐπειδὰν	_	_
2.5	2316	[19]	μὲν	_	_
2.5	2317	[2]	λέγῃ	_	_
2.5	2318	[86]	καὶ	_	_
2.5	2319	[10]	ἐξ	_	_
2.5	2320	[3]	οὗ	_	_
2.5	2321	[19]	ὁ	_	_
2.5	2322	[14]	λόγος	_	_
2.5	2323	[17]	ἐκπέμπεται	_	_
2.5	2324	[198]	,	b	_
2.5	2325	[2]	ἐκεῖνο	_	_
2.5	2326	[7]	εἶναι	_	_
2.5	2327	[52]	τὸ	_	_
2.5	2328	[3]	κυριεῦον	_	_
2.5	2329	[56]	τῆς	_	_
2.5	2330	[7]	ψυχῆς	_	_
2.5	2331	[4]	μέρος	_	_
2.5	2332	[199]	,	b	_
2.5	2333	[1]	ἀντιληψόμεθα	_	_
2.5	2334	[41]	τοῦ	_	_
2.5	2335	[8]	λόγου	_	_
2.5	2336	[87]	καὶ	_	_
2.5	2337	[2]	φήσομεν	_	_
2.5	2338	[200]	,	b	_
2.5	2339	[1]	ὑφ	_	_
2.5	2340	[49]	’	b	_
2.5	2341	[4]	οὗ	_	_
2.5	2342	[20]	μὲν	_	_
2.5	2343	[20]	ὁ	_	_
2.5	2344	[15]	λόγος	_	_
2.5	2345	[18]	ἐκπέμπεται	_	_
2.5	2346	[201]	,	b	_
2.5	2347	[53]	τὸ	_	_
2.5	2348	[4]	κυριεῦον	_	_
2.5	2349	[3]	ὑπάρχειν	_	_
2.5	2350	[202]	,	b	_
2.5	2351	[8]	οὐ	_	_
2.5	2352	[6]	μὴν	_	_
2.5	2353	[11]	ἐξ	_	_
2.5	2354	[5]	οὗ	_	_
2.5	2355	[9]	γε	_	_
2.5	2356	[81]	.	b	_
2.5	2357	[19]	κατὰ	_	_
2.5	2358	[40]	δὲ	_	_
2.5	2359	[24]	τὸν	_	_
2.5	2360	[6]	αὐτὸν	_	_
2.5	2361	[5]	τρόπον	_	_
2.5	2362	[203]	,	b	_
2.5	2363	[1]	κᾀπειδὰν	_	_
2.5	2364	[1]	εἴπῃ	_	_
2.5	2365	[204]	,	b	_
2.5	2366	[54]	τὸ	_	_
2.5	2367	[26]	γὰρ	_	_
2.5	2368	[3]	ὅλον	_	_
2.5	2369	[6]	ὅθεν	_	_
2.5	2370	[21]	ὁ	_	_
2.5	2371	[16]	λόγος	_	_
2.5	2372	[19]	ἐκπέμπεται	_	_
2.5	2373	[205]	,	b	_
2.5	2374	[2]	ἐκεῖσε	_	_
2.5	2375	[3]	δεῖ	_	_
2.5	2376	[88]	καὶ	_	_
2.5	2377	[25]	τὸν	_	_
2.5	2378	[2]	διαλογισμὸν	_	_
2.5	2379	[1]	γίνεσθαι	_	_
2.5	2380	[206]	,	b	_
2.5	2381	[3]	οὐχ	_	_
2.5	2382	[7]	ὅθεν	_	_
2.5	2383	[3]	φήσομεν	_	_
2.5	2384	[207]	,	b	_
2.5	2385	[16]	ἀλλ	_	_
2.5	2386	[50]	’	b	_
2.5	2387	[2]	ὑφ	_	_
2.5	2388	[51]	’	b	_
2.5	2389	[6]	οὗ	_	_
2.5	2390	[1]	μέρους	_	_
2.5	2391	[22]	ὁ	_	_
2.5	2392	[17]	λόγος	_	_
2.5	2393	[20]	ἐκπέμπεται	_	_
2.5	2394	[208]	,	b	_
2.5	2395	[89]	καὶ	_	_
2.5	2396	[55]	τὸ	_	_
2.5	2397	[1]	λογίζεσθαι	_	_
2.5	2398	[3]	κατ	_	_
2.5	2399	[52]	’	b	_
2.5	2400	[1]	ἐκεῖνό	_	_
2.5	2401	[24]	τε	_	_
2.5	2402	[90]	καὶ	_	_
2.5	2403	[19]	ἐν	_	_
2.5	2404	[2]	ἐκείνῳ	_	_
2.5	2405	[3]	γίγνεσθαι	_	_
2.5	2406	[82]	.	b	_
2.5	2407	[1]	δῆλον	_	_
2.5	2408	[27]	γὰρ	_	_
2.5	2409	[5]	δὴ	_	_
2.5	2410	[209]	,	b	_
2.5	2411	[5]	ὅτι	_	_
2.5	2412	[56]	τὸ	_	_
2.5	2413	[3]	ἐκεῖσε	_	_
2.5	2414	[5]	ἀντὶ	_	_
2.5	2415	[42]	τοῦ	_	_
2.5	2416	[1]	ἐκεῖ	_	_
2.5	2417	[23]	ὁ	_	_
2.5	2418	[4]	Χρύσιππος	_	_
2.5	2419	[1]	εἴρηκεν	_	_
2.5	2420	[210]	,	b	_
2.5	2421	[2]	ὅπερ	_	_
2.5	2422	[2]	ἴσον	_	_
2.5	2423	[1]	δύναται	_	_
2.5	2424	[16]	τῷ	_	_
2.5	2425	[20]	ἐν	_	_
2.5	2426	[3]	ἐκείνῳ	_	_
2.5	2427	[17]	τῷ	_	_
2.5	2428	[1]	μέρει	_	_
2.5	2429	[43]	τοῦ	_	_
2.5	2430	[1]	σώματος	_	_
2.5	2431	[83]	.	b	_
2.5	2432	[9]	οὐ	_	_
2.5	2433	[28]	γὰρ	_	_
2.5	2434	[6]	δὴ	_	_
2.5	2435	[1]	τό	_	_
2.5	2436	[10]	γε	_	_
2.5	2437	[15]	εἰς	_	_
2.5	2438	[3]	ἐκεῖνο	_	_
2.5	2439	[57]	τὸ	_	_
2.5	2440	[3]	μόριον	_	_
2.5	2441	[1]	ἡγητέον	_	_
2.5	2442	[7]	αὐτὸν	_	_
2.5	2443	[1]	βούλεσθαι	_	_
2.5	2444	[1]	δηλοῦν	_	_
2.5	2445	[21]	ἐν	_	_
2.5	2446	[18]	τῷ	_	_
2.5	2447	[3]	λέγειν	_	_
2.5	2448	[4]	ἐκεῖσε	_	_
2.5	2449	[211]	,	b	_
2.5	2450	[2]	κᾂν	_	_
2.5	2451	[6]	ὅτι	_	_
2.5	2452	[1]	μάλιστα	_	_
2.5	2453	[58]	τὸ	_	_
2.5	2454	[21]	μὲν	_	_
2.5	2455	[5]	ἐκεῖσε	_	_
2.5	2456	[16]	εἰς	_	_
2.5	2457	[1]	τόπον	_	_
2.5	2458	[2]	ᾖ	_	_
2.5	2459	[2]	δηλοῦν	_	_
2.5	2460	[212]	,	b	_
2.5	2461	[59]	τὸ	_	_
2.5	2462	[41]	δὲ	_	_
2.5	2463	[2]	ἐκεῖ	_	_
2.5	2464	[22]	ἐν	_	_
2.5	2465	[1]	τόπῳ	_	_
2.5	2466	[84]	.	b	_
2.5	2467	[1]	σολοικίζειν	_	_
2.5	2468	[29]	γὰρ	_	_
2.5	2469	[6]	μᾶλλον	_	_
2.5	2470	[1]	ὑποληπτέον	_	_
2.5	2471	[23]	ἐν	_	_
2.5	2472	[6]	τῇ	_	_
2.5	2473	[1]	φωνῇ	_	_
2.5	2474	[26]	τὸν	_	_
2.5	2475	[1]	Χρύσιππον	_	_
2.5	2476	[213]	,	b	_
2.5	2477	[1]	ἤπερ	_	_
2.5	2478	[3]	οὕτω	_	_
2.5	2479	[1]	προφανῶς	_	_
2.5	2480	[1]	ἀδιανόητα	_	_
2.5	2481	[4]	λέγειν	_	_
2.5	2482	[85]	.	b	_
2.5	2483	[60]	τὸ	_	_
2.5	2484	[22]	μὲν	_	_
2.5	2485	[30]	γὰρ	_	_
2.5	2486	[1]	ἱκανῶς	_	_
2.5	2487	[1]	σύνηθες	_	_
2.5	2488	[2]	αὐτῷ	_	_
2.5	2489	[91]	καὶ	_	_
2.5	2490	[2]	μόνον	_	_
2.5	2491	[10]	οὐ	_	_
2.5	2492	[1]	καθ	_	_
2.5	2493	[53]	’	b	_
2.5	2494	[1]	ἑκάστην	_	_
2.5	2495	[1]	ῥῆσιν	_	_
2.5	2496	[1]	γινόμενον	_	_
2.5	2497	[214]	,	b	_
2.5	2498	[61]	τὸ	_	_
2.5	2499	[9]	δ	_	_
2.5	2500	[54]	’	b	_
2.5	2501	[2]	ἀδιανόητα	_	_
2.5	2502	[5]	λέγειν	_	_
2.5	2503	[1]	οὐδαμῶς	_	_
2.5	2504	[86]	.	b	_
2.5	2505	[1]	ἐνίοτε	_	_
2.5	2506	[4]	γάρ	_	_
2.5	2507	[2]	που	_	_
2.5	2508	[92]	καὶ	_	_
2.5	2509	[1]	ψευδῆ	_	_
2.5	2510	[1]	λέγει	_	_
2.5	2511	[215]	,	b	_
2.5	2512	[5]	καθάπερ	_	_
2.5	2513	[93]	καὶ	_	_
2.5	2514	[20]	κατὰ	_	_
2.5	2515	[2]	τοῦτον	_	_
2.5	2516	[27]	τὸν	_	_
2.5	2517	[8]	λόγον	_	_
2.5	2518	[216]	,	b	_
2.5	2519	[17]	ἀλλ	_	_
2.5	2520	[55]	’	b	_
2.5	2521	[25]	οὐκ	_	_
2.5	2522	[1]	ἀδιανόητά	_	_
2.5	2523	[11]	γε	_	_
2.5	2524	[87]	.	b	_
2.5	2525	[2]	διαφέρει	_	_
2.5	2526	[31]	γὰρ	_	_
2.5	2527	[1]	πάμπολυ	_	_
2.5	2528	[62]	τὸ	_	_
2.5	2529	[1]	ψεῦδος	_	_
2.5	2530	[44]	τοῦ	_	_
2.5	2531	[1]	ἀδιανοήτου	_	_
2.5	2532	[88]	.	b	_
2.5	2533	[2]	ἐπεὶ	_	_
2.5	2534	[1]	τοίνυν	_	_
2.5	2535	[63]	τὸ	_	_
2.5	2536	[6]	ἐκεῖσε	_	_
2.5	2537	[6]	ἀντὶ	_	_
2.5	2538	[45]	τοῦ	_	_
2.5	2539	[24]	ἐν	_	_
2.5	2540	[4]	ἐκείνῳ	_	_
2.5	2541	[1]	πιθανώτερόν	_	_
2.5	2542	[9]	ἐστιν	_	_
2.5	2543	[1]	εἰρῆσθαι	_	_
2.5	2544	[9]	πρὸς	_	_
2.5	2545	[46]	τοῦ	_	_
2.5	2546	[3]	Χρυσίππου	_	_
2.5	2547	[217]	,	b	_
2.5	2548	[1]	γένοιτ	_	_
2.5	2549	[56]	’	b	_
2.5	2550	[14]	ἂν	_	_
2.5	2551	[24]	ἡ	_	_
2.5	2552	[1]	ῥῆσις	_	_
2.5	2553	[17]	εἰς	_	_
2.5	2554	[30]	τὴν	_	_
2.5	2555	[37]	τῶν	_	_
2.5	2556	[1]	Ἑλλήνων	_	_
2.5	2557	[1]	διάλεκτον	_	_
2.5	2558	[1]	μεταληφθεῖσα	_	_
2.5	2559	[1]	τοιάδε	_	_
2.5	2560	[17]	·	b	_
2.5	2561	[8]	ὅθεν	_	_
2.5	2562	[24]	ὁ	_	_
2.5	2563	[18]	λόγος	_	_
2.5	2564	[21]	ἐκπέμπεται	_	_
2.5	2565	[218]	,	b	_
2.5	2566	[3]	ἐκεῖ	_	_
2.5	2567	[4]	δεῖ	_	_
2.5	2568	[94]	καὶ	_	_
2.5	2569	[28]	τὸν	_	_
2.5	2570	[3]	διαλογισμὸν	_	_
2.5	2571	[4]	γίγνεσθαι	_	_
2.5	2572	[219]	,	b	_
2.5	2573	[1]	τουτέστιν	_	_
2.5	2574	[25]	ἐν	_	_
2.5	2575	[5]	ἐκείνῳ	_	_
2.5	2576	[19]	τῷ	_	_
2.5	2577	[2]	μορίῳ	_	_
2.5	2578	[89]	.	b	_
2.5	2579	[6]	τοῦτο	_	_
2.5	2580	[42]	δὲ	_	_
2.5	2581	[4]	φήσομεν	_	_
2.5	2582	[1]	ἄντικρυς	_	_
2.5	2583	[8]	εἶναι	_	_
2.5	2584	[2]	ψεῦδος	_	_
2.5	2585	[90]	.	b	_
2.5	2586	[11]	οὐ	_	_
2.5	2587	[32]	γὰρ	_	_
2.5	2588	[220]	,	b	_
2.5	2589	[3]	εἴ	_	_
2.5	2590	[5]	τι	_	_
2.5	2591	[21]	κατὰ	_	_
2.5	2592	[4]	προαίρεσιν	_	_
2.5	2593	[4]	ἔκ	_	_
2.5	2594	[5]	τινος	_	_
2.5	2595	[22]	ἐκπέμπεται	_	_
2.5	2596	[221]	,	b	_
2.5	2597	[4]	κατ	_	_
2.5	2598	[57]	’	b	_
2.5	2599	[4]	ἐκεῖνο	_	_
2.5	2600	[64]	τὸ	_	_
2.5	2601	[4]	μόριον	_	_
2.5	2602	[1]	δείκνυται	_	_
2.5	2603	[31]	τὴν	_	_
2.5	2604	[3]	διάνοιαν	_	_
2.5	2605	[4]	ὑπάρχειν	_	_
2.5	2606	[222]	,	b	_
2.5	2607	[6]	καθάπερ	_	_
2.5	2608	[7]	οὐδὲ	_	_
2.5	2609	[65]	τὸ	_	_
2.5	2610	[8]	οὖρον	_	_
2.5	2611	[223]	,	b	_
2.5	2612	[8]	οὐδὲ	_	_
2.5	2613	[66]	τὸ	_	_
2.5	2614	[1]	πτύελον	_	_
2.5	2615	[224]	,	b	_
2.5	2616	[9]	οὐδὲ	_	_
2.5	2617	[25]	ἡ	_	_
2.5	2618	[1]	κόρυζα	_	_
2.5	2619	[225]	,	b	_
2.5	2620	[10]	οὐδὲ	_	_
2.5	2621	[67]	τὸ	_	_
2.5	2622	[1]	ἀποπάτημα	_	_
2.5	2623	[91]	.	b	_
2.5	2624	[1]	φαίνεται	_	_
2.5	2625	[2]	τοίνυν	_	_
2.5	2626	[7]	τοῦτο	_	_
2.5	2627	[1]	σφῆλαν	_	_
2.5	2628	[1]	τόν	_	_
2.5	2629	[25]	τε	_	_
2.5	2630	[1]	Ζήνωνα	_	_
2.5	2631	[3]	πρῶτον	_	_
2.5	2632	[95]	καὶ	_	_
2.5	2633	[2]	μάλιστα	_	_
2.5	2634	[226]	,	b	_
2.5	2635	[96]	καὶ	_	_
2.5	2636	[1]	μετ	_	_
2.5	2637	[58]	’	b	_
2.5	2638	[8]	αὐτὸν	_	_
2.5	2639	[5]	ἤδη	_	_
2.5	2640	[4]	τοὺς	_	_
2.5	2641	[1]	ἄλλους	_	_
2.5	2642	[1]	Στωϊκοὺς	_	_
2.5	2643	[227]	,	b	_
2.5	2644	[4]	οὐχ	_	_
2.5	2645	[1]	ἥκιστα	_	_
2.5	2646	[43]	δὲ	_	_
2.5	2647	[97]	καὶ	_	_
2.5	2648	[29]	τὸν	_	_
2.5	2649	[2]	Χρύσιππον	_	_
2.5	2650	[1]	ὅσον	_	_
2.5	2651	[12]	γε	_	_
2.5	2652	[7]	ἐπὶ	_	_
2.5	2653	[7]	τῇ	_	_
2.5	2654	[1]	προγεγραμμένῃ	_	_
2.5	2655	[2]	ῥήσει	_	_
2.5	2656	[92]	.	b	_
2.5	2657	[22]	κατὰ	_	_
2.5	2658	[23]	μὲν	_	_
2.5	2659	[33]	γὰρ	_	_
2.5	2660	[1]	ἄλλην	_	_
2.5	2661	[3]	τινὰ	_	_
2.5	2662	[2]	μετ	_	_
2.5	2663	[59]	’	b	_
2.5	2664	[12]	οὐ	_	_
2.5	2665	[1]	πάνυ	_	_
2.5	2666	[1]	πολὺ	_	_
2.5	2667	[3]	ταύτης	_	_
2.5	2668	[1]	γεγραμμένην	_	_
2.5	2669	[1]	ἠναγκάσθη	_	_
2.5	2670	[68]	τὸ	_	_
2.5	2671	[2]	ἀληθὲς	_	_
2.5	2672	[1]	ὁμολογῆσαι	_	_
2.5	2673	[93]	.	b	_
2.5	2674	[1]	ἀναγκασθῆναι	_	_
2.5	2675	[44]	δὲ	_	_
2.5	2676	[2]	εἶπον	_	_
2.5	2677	[228]	,	b	_
2.5	2678	[7]	ὅτι	_	_
2.5	2679	[9]	λόγον	_	_
2.5	2680	[1]	ἕτερον	_	_
2.5	2681	[1]	ἀνατρέψαι	_	_
2.5	2682	[1]	βου	_	_
2.5	2683	[1]	λόμενος	_	_
2.5	2684	[13]	ὡς	_	_
2.5	2685	[26]	οὐκ	_	_
2.5	2686	[1]	ἀληθῆ	_	_
2.5	2687	[229]	,	b	_
2.5	2688	[1]	κᾄπειτα	_	_
2.5	2689	[69]	τὸ	_	_
2.5	2690	[57]	τῆς	_	_
2.5	2691	[1]	ἀντιλογίας	_	_
2.5	2692	[2]	εἶδος	_	_
2.5	2693	[1]	αἰσθόμενος	_	_
2.5	2694	[7]	οὐδὲν	_	_
2.5	2695	[1]	ἧττον	_	_
2.5	2696	[1]	ἐπιστρέφον	_	_
2.5	2697	[98]	καὶ	_	_
2.5	2698	[2]	καθ	_	_
2.5	2699	[60]	’	b	_
2.5	2700	[2]	ἑαυτοῦ	_	_
2.5	2701	[230]	,	b	_
2.5	2702	[1]	συνανατρέψαι	_	_
2.5	2703	[99]	καὶ	_	_
2.5	2704	[30]	τὸν	_	_
2.5	2705	[1]	ἴδιον	_	_
2.5	2706	[27]	οὐκ	_	_
2.5	2707	[1]	ὤκνησε	_	_
2.5	2708	[20]	τῷ	_	_
2.5	2709	[38]	τῶν	_	_
2.5	2710	[1]	ἑτεροδόξων	_	_
2.5	2711	[94]	.	b	_
2.5	2712	[2]	ἐχρῆν	_	_
2.5	2713	[10]	δ	_	_
2.5	2714	[61]	’	b	_
2.5	2715	[2]	αὖ	_	_
2.5	2716	[15]	ἢ	_	_
2.5	2717	[5]	μὴ	_	_
2.5	2718	[3]	ταῦτα	_	_
2.5	2719	[1]	γράφειν	_	_
2.5	2720	[231]	,	b	_
2.5	2721	[16]	ἢ	_	_
2.5	2722	[6]	μὴ	_	_
2.5	2723	[1]	ἐκεῖνα	_	_
2.5	2724	[232]	,	b	_
2.5	2725	[100]	καὶ	_	_
2.5	2726	[3]	μάλιστα	_	_
2.5	2727	[5]	πλησίον	_	_
2.5	2728	[6]	οὕτως	_	_
2.5	2729	[1]	ἀλλήλων	_	_
2.5	2730	[95]	.	b	_
2.5	2731	[18]	εἰ	_	_
2.5	2732	[24]	μὲν	_	_
2.5	2733	[34]	γὰρ	_	_
2.5	2734	[1]	ἀληθὴς	_	_
2.5	2735	[2]	οὗτος	_	_
2.5	2736	[25]	ὁ	_	_
2.5	2737	[19]	λόγος	_	_
2.5	2738	[233]	,	b	_
2.5	2739	[28]	οὐκ	_	_
2.5	2740	[2]	ἀληθὴς	_	_
2.5	2741	[1]	ἐκεῖνος	_	_
2.5	2742	[234]	,	b	_
2.5	2743	[19]	εἰ	_	_
2.5	2744	[11]	δ	_	_
2.5	2745	[62]	’	b	_
2.5	2746	[2]	ἐκεῖνος	_	_
2.5	2747	[1]	ὑγιὴς	_	_
2.5	2748	[235]	,	b	_
2.5	2749	[1]	κίβδηλος	_	_
2.5	2750	[3]	οὗτος	_	_
2.5	2751	[96]	.	b	_
2.5	2752	[2]	ἡμεῖς	_	_
2.5	2753	[25]	μὲν	_	_
2.5	2754	[10]	οὖν	_	_
2.5	2755	[1]	ἐπιστημονικαῖς	_	_
2.5	2756	[2]	μεθόδοις	_	_
2.5	2757	[1]	γυμνασάμενοι	_	_
2.5	2758	[1]	γνωρίζειν	_	_
2.5	2759	[26]	τε	_	_
2.5	2760	[101]	καὶ	_	_
2.5	2761	[1]	διακρίνειν	_	_
2.5	2762	[1]	δυνάμεθα	_	_
2.5	2763	[2]	τόν	_	_
2.5	2764	[27]	τε	_	_
2.5	2765	[2]	ἀληθῆ	_	_
2.5	2766	[102]	καὶ	_	_
2.5	2767	[31]	τὸν	_	_
2.5	2768	[2]	ψευδῆ	_	_
2.5	2769	[18]	·	b	_
2.5	2770	[11]	τοῖς	_	_
2.5	2771	[12]	δ	_	_
2.5	2772	[63]	’	b	_
2.5	2773	[1]	ἀγυμνάστοις	_	_
2.5	2774	[13]	οὐ	_	_
2.5	2775	[1]	σμικρὸν	_	_
2.5	2776	[15]	ἂν	_	_
2.5	2777	[2]	εἴη	_	_
2.5	2778	[1]	ζήτημα	_	_
2.5	2779	[236]	,	b	_
2.5	2780	[2]	πότερον	_	_
2.5	2781	[3]	αὐτῶν	_	_
2.5	2782	[1]	ἕλωνται	_	_
2.5	2783	[97]	.	b	_
2.5	2784	[1]	παραγράψω	_	_
2.5	2785	[45]	δὲ	_	_
2.5	2786	[103]	καὶ	_	_
2.5	2787	[32]	τὴν	_	_
2.5	2788	[2]	ῥῆσιν	_	_
2.5	2789	[3]	αὐτὴν	_	_
2.5	2790	[237]	,	b	_
2.5	2791	[26]	ἐν	_	_
2.5	2792	[1]	ᾗ	_	_
2.5	2793	[1]	δείκνυσιν	_	_
2.5	2794	[26]	ὁ	_	_
2.5	2795	[5]	Χρύσιππος	_	_
2.5	2796	[238]	,	b	_
2.5	2797	[14]	ὡς	_	_
2.5	2798	[29]	οὐκ	_	_
2.5	2799	[2]	ἔστιν	_	_
2.5	2800	[27]	ὁ	_	_
2.5	2801	[1]	προγεγραμμένος	_	_
2.5	2802	[20]	λόγος	_	_
2.5	2803	[1]	ἀποδεικτικός	_	_
2.5	2804	[98]	.	b	_
2.5	2805	[1]	ἔστι	_	_
2.5	2806	[46]	δὲ	_	_
2.5	2807	[2]	τοιάδε	_	_
2.5	2808	[99]	.	b	_
2.5	2809	[9]	ἔχει	_	_
2.5	2810	[13]	δ	_	_
2.5	2811	[64]	’	b	_
2.5	2812	[239]	,	b	_
2.5	2813	[15]	ὡς	_	_
2.5	2814	[2]	ἔφην	_	_
2.5	2815	[1]	πλείονα	_	_
2.5	2816	[3]	αὐτοῖς	_	_
2.5	2817	[8]	ἐπὶ	_	_
2.5	2818	[3]	πᾶσι	_	_
2.5	2819	[240]	,	b	_
2.5	2820	[1]	μή	_	_
2.5	2821	[1]	ποτ	_	_
2.5	2822	[65]	’	b	_
2.5	2823	[20]	εἰ	_	_
2.5	2824	[104]	καὶ	_	_
2.5	2825	[8]	τοῦτο	_	_
2.5	2826	[1]	δοθείη	_	_
2.5	2827	[241]	,	b	_
2.5	2828	[7]	καθάπερ	_	_
2.5	2829	[1]	ἐπιπορεύονται	_	_
2.5	2830	[12]	ἀπὸ	_	_
2.5	2831	[58]	τῆς	_	_
2.5	2832	[2]	κεφαλῆς	_	_
2.5	2833	[9]	εἶναι	_	_
2.5	2834	[33]	τὴν	_	_
2.5	2835	[10]	ἀρχὴν	_	_
2.5	2836	[9]	ἐπὶ	_	_
2.5	2837	[9]	τὰ	_	_
2.5	2838	[1]	εἰρημένα	_	_
2.5	2839	[1]	μέρη	_	_
2.5	2840	[1]	ἐπιζητήσομεν	_	_
2.5	2841	[100]	.	b	_
2.5	2842	[1]	σχεδὸν	_	_
2.5	2843	[35]	γὰρ	_	_
2.5	2844	[242]	,	b	_
2.5	2845	[1]	οἷα	_	_
2.5	2846	[3]	ἄν	_	_
2.5	2847	[2]	τινα	_	_
2.5	2848	[3]	λέγῃ	_	_
2.5	2849	[10]	περὶ	_	_
2.5	2850	[47]	τοῦ	_	_
2.5	2851	[34]	τὴν	_	_
2.5	2852	[3]	φωνὴν	_	_
2.5	2853	[25]	ἐκ	_	_
2.5	2854	[48]	τοῦ	_	_
2.5	2855	[1]	στήθους	_	_
2.5	2856	[1]	φέρεσθαι	_	_
2.5	2857	[21]	διὰ	_	_
2.5	2858	[59]	τῆς	_	_
2.5	2859	[14]	φάρυγγος	_	_
2.5	2860	[13]	ἀπὸ	_	_
2.5	2861	[60]	τῆς	_	_
2.5	2862	[3]	κεφαλῆς	_	_
2.5	2863	[1]	ποιᾶς	_	_
2.5	2864	[6]	τινος	_	_
2.5	2865	[1]	καταρχῆς	_	_
2.5	2866	[1]	γιγνομένης	_	_
2.5	2867	[243]	,	b	_
2.5	2868	[1]	τοιαῦτ	_	_
2.5	2869	[66]	’	b	_
2.5	2870	[1]	ἔξεστι	_	_
2.5	2871	[6]	λέγειν	_	_
2.5	2872	[244]	,	b	_
2.5	2873	[27]	ἐν	_	_
2.5	2874	[8]	τῇ	_	_
2.5	2875	[3]	καρδίᾳ	_	_
2.5	2876	[26]	μὲν	_	_
2.5	2877	[49]	τοῦ	_	_
2.5	2878	[3]	ἡγεμονικοῦ	_	_
2.5	2879	[1]	ὄντος	_	_
2.5	2880	[245]	,	b	_
2.5	2881	[61]	τῆς	_	_
2.5	2882	[47]	δὲ	_	_
2.5	2883	[39]	τῶν	_	_
2.5	2884	[1]	κινήσεων	_	_
2.5	2885	[2]	ἀρχῆς	_	_
2.5	2886	[14]	ἀπὸ	_	_
2.5	2887	[62]	τῆς	_	_
2.5	2888	[4]	κεφαλῆς	_	_
2.5	2889	[1]	οὔσης	_	_
2.5	2890	[101]	.	b	_
2.5	2891	[3]	ὃ	_	_
2.5	2892	[7]	δὴ	_	_
2.5	2893	[36]	γὰρ	_	_
2.5	2894	[1]	βούλεται	_	_
2.5	2895	[7]	λέγειν	_	_
2.5	2896	[28]	ὁ	_	_
2.5	2897	[6]	Χρύσιππος	_	_
2.5	2898	[28]	ἐν	_	_
2.5	2899	[1]	τῇδε	_	_
2.5	2900	[9]	τῇ	_	_
2.5	2901	[3]	ῥήσει	_	_
2.5	2902	[246]	,	b	_
2.5	2903	[1]	τοιοῦτόν	_	_
2.5	2904	[10]	ἐστιν	_	_
2.5	2905	[102]	.	b	_
2.5	2906	[21]	εἰ	_	_
2.5	2907	[105]	καὶ	_	_
2.5	2908	[1]	συγχωρήσειέ	_	_
2.5	2909	[3]	τις	_	_
2.5	2910	[247]	,	b	_
2.5	2911	[11]	ἀρχὴν	_	_
2.5	2912	[10]	εἶναι	_	_
2.5	2913	[1]	νεύρων	_	_
2.5	2914	[35]	τὴν	_	_
2.5	2915	[3]	κεφαλὴν	_	_
2.5	2916	[248]	,	b	_
2.5	2917	[14]	οὐ	_	_
2.5	2918	[5]	πάντως	_	_
2.5	2919	[29]	ἐν	_	_
2.5	2920	[2]	αὐτῇ	_	_
2.5	2921	[1]	συγχωρήσει	_	_
2.5	2922	[70]	τὸ	_	_
2.5	2923	[2]	ἡγεμονικὸν	_	_
2.5	2924	[5]	ὑπάρχειν	_	_
2.5	2925	[103]	.	b	_
2.5	2926	[1]	ἃ	_	_
2.5	2927	[37]	γὰρ	_	_
2.5	2928	[1]	ἐκεῖνοι	_	_
2.5	2929	[1]	δύνανται	_	_
2.5	2930	[8]	λέγειν	_	_
2.5	2931	[3]	ὑπὲρ	_	_
2.5	2932	[50]	τοῦ	_	_
2.5	2933	[36]	τὴν	_	_
2.5	2934	[4]	φωνὴν	_	_
2.5	2935	[26]	ἐκ	_	_
2.5	2936	[51]	τοῦ	_	_
2.5	2937	[2]	στήθους	_	_
2.5	2938	[22]	διὰ	_	_
2.5	2939	[63]	τῆς	_	_
2.5	2940	[15]	φάρυγγος	_	_
2.5	2941	[1]	ἐκφέρεσθαι	_	_
2.5	2942	[249]	,	b	_
2.5	2943	[37]	τὴν	_	_
2.5	2944	[12]	ἀρχὴν	_	_
2.5	2945	[64]	τῆς	_	_
2.5	2946	[6]	ἐνεργείας	_	_
2.5	2947	[12]	τοῖς	_	_
2.5	2948	[1]	μορίοις	_	_
2.5	2949	[1]	ἐπιπεμπούσης	_	_
2.5	2950	[65]	τῆς	_	_
2.5	2951	[5]	κεφαλῆς	_	_
2.5	2952	[250]	,	b	_
2.5	2953	[2]	τοιαῦτ	_	_
2.5	2954	[67]	’	b	_
2.5	2955	[2]	ἔξεστι	_	_
2.5	2956	[9]	λέγειν	_	_
2.5	2957	[4]	ὑπὲρ	_	_
2.5	2958	[40]	τῶν	_	_
2.5	2959	[2]	νεύρων	_	_
2.5	2960	[1]	ἡμῖν	_	_
2.5	2961	[251]	,	b	_
2.5	2962	[16]	ὡς	_	_
2.5	2963	[27]	ἐκ	_	_
2.5	2964	[27]	μὲν	_	_
2.5	2965	[66]	τῆς	_	_
2.5	2966	[6]	κεφαλῆς	_	_
2.5	2967	[1]	ἀρχομένων	_	_
2.5	2968	[252]	,	b	_
2.5	2969	[15]	ἀπὸ	_	_
2.5	2970	[48]	δὲ	_	_
2.5	2971	[67]	τῆς	_	_
2.5	2972	[8]	καρδίας	_	_
2.5	2973	[38]	τὴν	_	_
2.5	2974	[2]	ἐνέργειαν	_	_
2.5	2975	[1]	ἐχόντων	_	_
2.5	2976	[104]	.	b	_
2.5	2977	[1]	ὥσθ	_	_
2.5	2978	[68]	’	b	_
2.5	2979	[253]	,	b	_
2.5	2980	[8]	ὅτι	_	_
2.5	2981	[1]	δυνατόν	_	_
2.5	2982	[11]	ἐστιν	_	_
2.5	2983	[28]	ἐκ	_	_
2.5	2984	[52]	τοῦ	_	_
2.5	2985	[3]	στήθους	_	_
2.5	2986	[28]	τε	_	_
2.5	2987	[106]	καὶ	_	_
2.5	2988	[23]	διὰ	_	_
2.5	2989	[68]	τῆς	_	_
2.5	2990	[16]	φάρυγγος	_	_
2.5	2991	[4]	ἐκπέμπεσθαι	_	_
2.5	2992	[39]	τὴν	_	_
2.5	2993	[5]	φωνὴν	_	_
2.5	2994	[254]	,	b	_
2.5	2995	[13]	ἀρχὴν	_	_
2.5	2996	[69]	τῆς	_	_
2.5	2997	[7]	κινήσεως	_	_
2.5	2998	[13]	τοῖς	_	_
2.5	2999	[2]	ἐνταῦθα	_	_
2.5	3000	[2]	μορίοις	_	_
2.5	3001	[1]	παρεχούσης	_	_
2.5	3002	[70]	τῆς	_	_
2.5	3003	[7]	κεφαλῆς	_	_
2.5	3004	[255]	,	b	_
2.5	3005	[4]	αὐτὸς	_	_
2.5	3006	[29]	ὁ	_	_
2.5	3007	[7]	Χρύσιππος	_	_
2.5	3008	[1]	ὡμολόγησεν	_	_
2.5	3009	[105]	.	b	_
2.5	3010	[1]	οὔκουν	_	_
2.5	3011	[1]	χρηστέον	_	_
2.5	3012	[5]	ἐστὶν	_	_
2.5	3013	[17]	ὡς	_	_
2.5	3014	[1]	ἀποδεικτικῷ	_	_
2.5	3015	[21]	τῷ	_	_
2.5	3016	[3]	λόγῳ	_	_
2.5	3017	[256]	,	b	_
2.5	3018	[8]	καθάπερ	_	_
2.5	3019	[1]	οἱ	_	_
2.5	3020	[1]	πλεῖστοι	_	_
2.5	3021	[4]	﻿	_	_
2.5	3022	[41]	τῶν	_	_
2.5	3023	[5]	Στωϊκῶν	_	_
2.5	3024	[1]	ὑπειλήφασιν	_	_
2.5	3025	[106]	.	b	_
2.5	3026	[1]	ἐπιχειρεῖται	_	_
2.5	3027	[38]	γὰρ	_	_
2.5	3028	[257]	,	b	_
2.5	3029	[18]	ὡς	_	_
2.5	3030	[3]	εἶπον	_	_
2.5	3031	[258]	,	b	_
2.5	3032	[16]	ἀπὸ	_	_
2.5	3033	[71]	τῆς	_	_
2.5	3034	[23]	κατὰ	_	_
2.5	3035	[40]	τὴν	_	_
2.5	3036	[2]	θέσιν	_	_
2.5	3037	[2]	ἐγγύτητος	_	_
2.5	3038	[259]	,	b	_
2.5	3039	[9]	ὅθεν	_	_
2.5	3040	[107]	καὶ	_	_
2.5	3041	[1]	λείπειν	_	_
2.5	3042	[2]	ἡγητέον	_	_
2.5	3043	[22]	τῷ	_	_
2.5	3044	[53]	τοῦ	_	_
2.5	3045	[6]	Ζήνωνος	_	_
2.5	3046	[4]	λόγῳ	_	_
2.5	3047	[1]	λήμματα	_	_
2.5	3048	[10]	πρὸς	_	_
2.5	3049	[71]	τὸ	_	_
2.5	3050	[1]	τελέως	_	_
2.5	3051	[1]	ἠρωτῆσθαι	_	_
2.5	3052	[107]	.	b	_
2.5	3053	[1]	δειχθείη	_	_
2.5	3054	[49]	δὲ	_	_
2.5	3055	[16]	ἂν	_	_
2.5	3056	[2]	ἐναργέστερον	_	_
2.5	3057	[9]	τοῦτο	_	_
2.5	3058	[260]	,	b	_
2.5	3059	[42]	τῶν	_	_
2.5	3060	[4]	λημμάτων	_	_
2.5	3061	[1]	μεταληφθέντων	_	_
2.5	3062	[10]	ἐπὶ	_	_
2.5	3063	[72]	τὸ	_	_
2.5	3064	[2]	σαφέστερον	_	_
2.5	3065	[261]	,	b	_
2.5	3066	[19]	ὡς	_	_
2.5	3067	[11]	εἶναι	_	_
2.5	3068	[32]	τὸν	_	_
2.5	3069	[10]	λόγον	_	_
2.5	3070	[2]	τοιόνδε	_	_
2.5	3071	[19]	·	b	_
2.5	3072	[14]	φωνὴ	_	_
2.5	3073	[24]	διὰ	_	_
2.5	3074	[17]	φάρυγγος	_	_
2.5	3075	[23]	ἐκπέμπεται	_	_
2.5	3076	[108]	.	b	_
2.5	3077	[22]	εἰ	_	_
2.5	3078	[50]	δὲ	_	_
2.5	3079	[9]	ἦν	_	_
2.5	3080	[29]	ἐκ	_	_
2.5	3081	[54]	τοῦ	_	_
2.5	3082	[10]	ἐγκεφάλου	_	_
2.5	3083	[5]	ἐκπεμπομένη	_	_
2.5	3084	[262]	,	b	_
2.5	3085	[30]	οὐκ	_	_
2.5	3086	[17]	ἂν	_	_
2.5	3087	[25]	διὰ	_	_
2.5	3088	[18]	φάρυγγος	_	_
2.5	3089	[3]	ἐξεπέμπετο	_	_
2.5	3090	[109]	.	b	_
2.5	3091	[10]	ὅθεν	_	_
2.5	3092	[51]	δὲ	_	_
2.5	3093	[21]	λόγος	_	_
2.5	3094	[263]	,	b	_
2.5	3095	[108]	καὶ	_	_
2.5	3096	[15]	φωνὴ	_	_
2.5	3097	[5]	ἐκεῖθεν	_	_
2.5	3098	[24]	ἐκπέμπεται	_	_
2.5	3099	[110]	.	b	_
2.5	3100	[22]	λόγος	_	_
2.5	3101	[52]	δὲ	_	_
2.5	3102	[30]	ἐκ	_	_
2.5	3103	[10]	διανοίας	_	_
2.5	3104	[25]	ἐκπέμπεται	_	_
2.5	3105	[111]	.	b	_
2.5	3106	[3]	ὥστ	_	_
2.5	3107	[69]	’	b	_
2.5	3108	[31]	οὐκ	_	_
2.5	3109	[3]	ἔστιν	_	_
2.5	3110	[30]	ἐν	_	_
2.5	3111	[23]	τῷ	_	_
2.5	3112	[3]	ἐγκεφάλῳ	_	_
2.5	3113	[26]	ἡ	_	_
2.5	3114	[3]	διάνοια	_	_
2.5	3115	[112]	.	b	_
2.5	3116	[73]	τὸ	_	_
2.5	3117	[28]	μὲν	_	_
2.5	3118	[11]	οὖν	_	_
2.5	3119	[4]	πρῶτον	_	_
2.5	3120	[4]	λῆμμα	_	_
2.5	3121	[43]	τῶν	_	_
2.5	3122	[11]	πρὸς	_	_
2.5	3123	[2]	αἴσθησιν	_	_
2.5	3124	[1]	ἐναργῶν	_	_
2.5	3125	[12]	ἐστιν	_	_
2.5	3126	[264]	,	b	_
2.5	3127	[4]	ὥστ	_	_
2.5	3128	[70]	’	b	_
2.5	3129	[2]	οὐδ	_	_
2.5	3130	[71]	’	b	_
2.5	3131	[2]	ἀποδείξεως	_	_
2.5	3132	[1]	αὐτὸ	_	_
2.5	3133	[1]	δεῖται	_	_
2.5	3134	[113]	.	b	_
2.5	3135	[1]	πιστὰ	_	_
2.5	3136	[39]	γὰρ	_	_
2.5	3137	[12]	ἐξ	_	_
2.5	3138	[4]	αὐτῶν	_	_
2.5	3139	[1]	ὑπάρχει	_	_
2.5	3140	[2]	πάντα	_	_
2.5	3141	[10]	τὰ	_	_
2.5	3142	[12]	πρὸς	_	_
2.5	3143	[3]	αἴσθησιν	_	_
2.5	3144	[1]	ἐναργῆ	_	_
2.5	3145	[114]	.	b	_
2.5	3146	[74]	τὸ	_	_
2.5	3147	[53]	δὲ	_	_
2.5	3148	[4]	δεύτερον	_	_
2.5	3149	[3]	οὔτε	_	_
2.5	3150	[44]	τῶν	_	_
2.5	3151	[13]	πρὸς	_	_
2.5	3152	[4]	αἴσθησιν	_	_
2.5	3153	[4]	οὔτε	_	_
2.5	3154	[45]	τῶν	_	_
2.5	3155	[14]	πρὸς	_	_
2.5	3156	[2]	νόησιν	_	_
2.5	3157	[2]	ἐναργῶν	_	_
2.5	3158	[4]	ἐστι	_	_
2.5	3159	[115]	.	b	_
2.5	3160	[41]	τὴν	_	_
2.5	3161	[14]	ἀρχὴν	_	_
2.5	3162	[40]	γὰρ	_	_
2.5	3163	[11]	οὐδὲ	_	_
2.5	3164	[31]	ἐκ	_	_
2.5	3165	[46]	τῶν	_	_
2.5	3166	[1]	πρώτων	_	_
2.5	3167	[2]	ἀξιωμάτων	_	_
2.5	3168	[2]	ὑπάρχει	_	_
2.5	3169	[116]	.	b	_
2.5	3170	[18]	ἀλλ	_	_
2.5	3171	[72]	’	b	_
2.5	3172	[3]	ἐχρῆν	_	_
2.5	3173	[1]	ᾧδέ	_	_
2.5	3174	[2]	πως	_	_
2.5	3175	[1]	ἐρωτηθῆναι	_	_
2.5	3176	[33]	τὸν	_	_
2.5	3177	[11]	λόγον	_	_
2.5	3178	[265]	,	b	_
2.5	3179	[1]	εἴπερ	_	_
2.5	3180	[32]	ἐκ	_	_
2.5	3181	[47]	τῶν	_	_
2.5	3182	[2]	πρώτων	_	_
2.5	3183	[29]	τε	_	_
2.5	3184	[109]	καὶ	_	_
2.5	3185	[1]	ἀποδεικτικῶν	_	_
2.5	3186	[1]	ἤμελλεν	_	_
2.5	3187	[1]	ἄρχεσθαι	_	_
2.5	3188	[117]	.	b	_
2.5	3189	[16]	φωνὴ	_	_
2.5	3190	[26]	διὰ	_	_
2.5	3191	[19]	φάρυγγος	_	_
2.5	3192	[26]	ἐκπέμπεται	_	_
2.5	3193	[118]	.	b	_
2.5	3194	[1]	πᾶν	_	_
2.5	3195	[54]	δὲ	_	_
2.5	3196	[75]	τὸ	_	_
2.5	3197	[1]	διά	_	_
2.5	3198	[7]	τινος	_	_
2.5	3199	[3]	ἐκπεμπόμενον	_	_
2.5	3200	[33]	ἐκ	_	_
2.5	3201	[48]	τῶν	_	_
2.5	3202	[1]	συνεχῶν	_	_
2.5	3203	[3]	αὐτῷ	_	_
2.5	3204	[1]	μορίων	_	_
2.5	3205	[27]	ἐκπέμπεται	_	_
2.5	3206	[119]	.	b	_
2.5	3207	[32]	οὐκ	_	_
2.5	3208	[2]	ἔστι	_	_
2.5	3209	[55]	δὲ	_	_
2.5	3210	[3]	ἐγκέφαλος	_	_
2.5	3211	[10]	τῇ	_	_
2.5	3212	[1]	φάρυγγι	_	_
2.5	3213	[1]	συνεχής	_	_
2.5	3214	[20]	·	b	_
2.5	3215	[33]	οὐκ	_	_
2.5	3216	[5]	ἄρα	_	_
2.5	3217	[13]	ἐξ	_	_
2.5	3218	[11]	ἐγκεφάλου	_	_
2.5	3219	[28]	ἐκπέμπεται	_	_
2.5	3220	[120]	.	b	_
2.5	3221	[1]	μετὰ	_	_
2.5	3222	[56]	δὲ	_	_
2.5	3223	[3]	τοῦτον	_	_
2.5	3224	[34]	τὸν	_	_
2.5	3225	[12]	λόγον	_	_
2.5	3226	[1]	αὖθις	_	_
2.5	3227	[2]	ἕτερον	_	_
2.5	3228	[4]	ἐχρῆν	_	_
2.5	3229	[1]	ἐρωτᾶσθαι	_	_
2.5	3230	[266]	,	b	_
2.5	3231	[76]	τὸ	_	_
2.5	3232	[1]	συμπέρασμα	_	_
2.5	3233	[5]	λῆμμα	_	_
2.5	3234	[1]	ποιησάμενον	_	_
2.5	3235	[267]	,	b	_
2.5	3236	[20]	ὡς	_	_
2.5	3237	[12]	εἶναι	_	_
2.5	3238	[3]	τοιόνδε	_	_
2.5	3239	[121]	.	b	_
2.5	3240	[77]	τὸ	_	_
2.5	3241	[11]	ὅθεν	_	_
2.5	3242	[27]	ἡ	_	_
2.5	3243	[17]	φωνὴ	_	_
2.5	3244	[29]	ἐκπέμπεται	_	_
2.5	3245	[268]	,	b	_
2.5	3246	[6]	ἐκεῖθεν	_	_
2.5	3247	[110]	καὶ	_	_
2.5	3248	[28]	ἡ	_	_
2.5	3249	[3]	σημαίνουσα	_	_
2.5	3250	[18]	φωνὴ	_	_
2.5	3251	[269]	,	b	_
2.5	3252	[2]	τουτέστιν	_	_
2.5	3253	[30]	ὁ	_	_
2.5	3254	[23]	λόγος	_	_
2.5	3255	[122]	.	b	_
2.5	3256	[34]	ἐκ	_	_
2.5	3257	[57]	δὲ	_	_
2.5	3258	[11]	διανοίας	_	_
2.5	3259	[31]	ὁ	_	_
2.5	3260	[24]	λόγος	_	_
2.5	3261	[30]	ἐκπέμπεται	_	_
2.5	3262	[270]	,	b	_
2.5	3263	[19]	ἀλλ	_	_
2.5	3264	[73]	’	b	_
2.5	3265	[34]	οὐκ	_	_
2.5	3266	[35]	ἐκ	_	_
2.5	3267	[55]	τοῦ	_	_
2.5	3268	[12]	ἐγκεφάλου	_	_
2.5	3269	[21]	·	b	_
2.5	3270	[35]	οὐκ	_	_
2.5	3271	[6]	ἄρα	_	_
2.5	3272	[31]	ἐν	_	_
2.5	3273	[24]	τῷ	_	_
2.5	3274	[4]	ἐγκεφάλῳ	_	_
2.5	3275	[6]	ἐστὶν	_	_
2.5	3276	[29]	ἡ	_	_
2.5	3277	[4]	διάνοια	_	_
2.5	3278	[123]	.	b	_
2.5	3279	[4]	οὕτω	_	_
2.5	3280	[29]	μὲν	_	_
2.5	3281	[5]	ἐχρῆν	_	_
2.5	3282	[2]	ἠρωτῆσθαι	_	_
2.5	3283	[5]	τοὺς	_	_
2.5	3284	[1]	λόγους	_	_
2.5	3285	[19]	ὑπὸ	_	_
2.5	3286	[56]	τοῦ	_	_
2.5	3287	[7]	Ζήνωνος	_	_
2.5	3288	[271]	,	b	_
2.5	3289	[23]	εἰ	_	_
2.5	3290	[2]	μηδὲν	_	_
2.5	3291	[49]	τῶν	_	_
2.5	3292	[5]	λημμάτων	_	_
2.5	3293	[2]	ἤμελλεν	_	_
2.5	3294	[1]	μήτε	_	_
2.5	3295	[1]	παραλειφθήσεσθαι	_	_
2.5	3296	[272]	,	b	_
2.5	3297	[2]	μήτε	_	_
2.5	3298	[36]	ἐκ	_	_
2.5	3299	[1]	περιττοῦ	_	_
2.5	3300	[1]	παραληφθήσεσθαι	_	_
2.5	3301	[124]	.	b	_
2.5	3302	[1]	ἔνεστι	_	_
2.5	3303	[58]	δὲ	_	_
2.5	3304	[111]	καὶ	_	_
2.5	3305	[1]	συντομώτερον	_	_
2.5	3306	[3]	ἔτι	_	_
2.5	3307	[24]	κατὰ	_	_
2.5	3308	[2]	τόνδε	_	_
2.5	3309	[35]	τὸν	_	_
2.5	3310	[13]	λόγον	_	_
2.5	3311	[1]	ἐρωτῆσαι	_	_
2.5	3312	[273]	,	b	_
2.5	3313	[1]	συνθέντα	_	_
2.5	3314	[6]	τοὺς	_	_
2.5	3315	[2]	λόγους	_	_
2.5	3316	[1]	ἀμφοτέρους	_	_
2.5	3317	[1]	ἐς	_	_
2.5	3318	[1]	ταὐτόν	_	_
2.5	3319	[125]	.	b	_
2.5	3320	[32]	ὁ	_	_
2.5	3321	[25]	λόγος	_	_
2.5	3322	[27]	διὰ	_	_
2.5	3323	[20]	φάρυγγος	_	_
2.5	3324	[31]	ἐκπέμπεται	_	_
2.5	3325	[126]	.	b	_
2.5	3326	[2]	πᾶν	_	_
2.5	3327	[59]	δὲ	_	_
2.5	3328	[78]	τὸ	_	_
2.5	3329	[2]	διά	_	_
2.5	3330	[8]	τινος	_	_
2.5	3331	[4]	ἐκπεμπόμενον	_	_
2.5	3332	[37]	ἐκ	_	_
2.5	3333	[50]	τῶν	_	_
2.5	3334	[2]	συνεχῶν	_	_
2.5	3335	[4]	αὐτῷ	_	_
2.5	3336	[2]	μορίων	_	_
2.5	3337	[32]	ἐκπέμπεται	_	_
2.5	3338	[127]	.	b	_
2.5	3339	[2]	ὥστε	_	_
2.5	3340	[112]	καὶ	_	_
2.5	3341	[33]	ὁ	_	_
2.5	3342	[26]	λόγος	_	_
2.5	3343	[38]	ἐκ	_	_
2.5	3344	[51]	τῶν	_	_
2.5	3345	[3]	συνεχῶν	_	_
2.5	3346	[11]	τῇ	_	_
2.5	3347	[2]	φάρυγγι	_	_
2.5	3348	[3]	μορίων	_	_
2.5	3349	[33]	ἐκπέμπεται	_	_
2.5	3350	[128]	.	b	_
2.5	3351	[4]	ἐγκέφαλος	_	_
2.5	3352	[60]	δὲ	_	_
2.5	3353	[36]	οὐκ	_	_
2.5	3354	[3]	ἔστι	_	_
2.5	3355	[1]	συνεχὴς	_	_
2.5	3356	[12]	τῇ	_	_
2.5	3357	[3]	φάρυγγι	_	_
2.5	3358	[22]	·	b	_
2.5	3359	[37]	οὐκ	_	_
2.5	3360	[7]	ἄρα	_	_
2.5	3361	[14]	ἐξ	_	_
2.5	3362	[13]	ἐγκεφάλου	_	_
2.5	3363	[34]	ὁ	_	_
2.5	3364	[27]	λόγος	_	_
2.5	3365	[34]	ἐκπέμπεται	_	_
2.5	3366	[129]	.	b	_
2.5	3367	[9]	ἀλλὰ	_	_
2.5	3368	[39]	ἐκ	_	_
2.5	3369	[72]	τῆς	_	_
2.5	3370	[12]	διανοίας	_	_
2.5	3371	[35]	ἐκπέμπεται	_	_
2.5	3372	[23]	·	b	_
2.5	3373	[38]	οὐκ	_	_
2.5	3374	[8]	ἄρα	_	_
2.5	3375	[32]	ἐν	_	_
2.5	3376	[5]	ἐγκεφάλῳ	_	_
2.5	3377	[7]	ἐστὶν	_	_
2.5	3378	[30]	ἡ	_	_
2.5	3379	[5]	διάνοια	_	_
2.5	3380	[130]	.	b	_
2.5	3381	[3]	ἔξεστι	_	_
2.5	3382	[61]	δὲ	_	_
2.5	3383	[1]	δηλονότι	_	_
2.5	3384	[113]	καὶ	_	_
2.5	3385	[79]	τὸ	_	_
2.5	3386	[5]	κυριεῦον	_	_
2.5	3387	[4]	εἰπεῖν	_	_
2.5	3388	[7]	ἀντὶ	_	_
2.5	3389	[57]	τοῦ	_	_
2.5	3390	[73]	τῆς	_	_
2.5	3391	[13]	διανοίας	_	_
2.5	3392	[1]	ὀνόματος	_	_
2.5	3393	[131]	.	b	_
2.5	3394	[2]	ὡσαύτως	_	_
2.5	3395	[62]	δὲ	_	_
2.5	3396	[114]	καὶ	_	_
2.5	3397	[80]	τὸ	_	_
2.5	3398	[3]	ἡγεμονικὸν	_	_
2.5	3399	[274]	,	b	_
2.5	3400	[115]	καὶ	_	_
2.5	3401	[81]	τὸ	_	_
2.5	3402	[2]	ἡγεμονοῦν	_	_
2.5	3403	[275]	,	b	_
2.5	3404	[116]	καὶ	_	_
2.5	3405	[82]	τὸ	_	_
2.5	3406	[1]	ἡγούμενον	_	_
2.5	3407	[276]	,	b	_
2.5	3408	[117]	καὶ	_	_
2.5	3409	[83]	τὸ	_	_
2.5	3410	[1]	δεσπόζον	_	_
2.5	3411	[277]	,	b	_
2.5	3412	[118]	καὶ	_	_
2.5	3413	[84]	τὸ	_	_
2.5	3414	[1]	ἄρχον	_	_
2.5	3415	[278]	,	b	_
2.5	3416	[119]	καὶ	_	_
2.5	3417	[85]	τὸ	_	_
2.5	3418	[1]	λογιζόμενον	_	_
2.5	3419	[279]	,	b	_
2.5	3420	[120]	καὶ	_	_
2.5	3421	[86]	τὸ	_	_
2.5	3422	[1]	νοοῦν	_	_
2.5	3423	[280]	,	b	_
2.5	3424	[121]	καὶ	_	_
2.5	3425	[87]	τὸ	_	_
2.5	3426	[1]	φρονοῦν	_	_
2.5	3427	[132]	.	b	_
2.5	3428	[8]	οὐδὲν	_	_
2.5	3429	[41]	γὰρ	_	_
2.5	3430	[2]	διαφέρειν	_	_
2.5	3431	[3]	ἡγητέον	_	_
2.5	3432	[281]	,	b	_
2.5	3433	[1]	ὅπως	_	_
2.5	3434	[4]	ἄν	_	_
2.5	3435	[4]	τις	_	_
2.5	3436	[1]	ὀνομάζειν	_	_
2.5	3437	[1]	ἐθέλοι	_	_
2.5	3438	[282]	,	b	_
2.5	3439	[1]	ταὐτὸ	_	_
2.5	3440	[1]	φυλάττων	_	_
2.5	3441	[88]	τὸ	_	_
2.5	3442	[1]	ὑποκείμενον	_	_
2.5	3443	[1]	πρᾶγμα	_	_
2.5	3444	[133]	.	b	_
2.5	3445	[24]	εἰ	_	_
2.5	3446	[7]	οὕτως	_	_
2.5	3447	[1]	ἅπαντες	_	_
2.5	3448	[1]	ἠρωτήκεσαν	_	_
2.5	3449	[36]	τὸν	_	_
2.5	3450	[14]	λόγον	_	_
2.5	3451	[283]	,	b	_
2.5	3452	[122]	καὶ	_	_
2.5	3453	[7]	μὴ	_	_
2.5	3454	[89]	τὸ	_	_
2.5	3455	[1]	ἀναγκαιότατον	_	_
2.5	3456	[52]	τῶν	_	_
2.5	3457	[6]	λημμάτων	_	_
2.5	3458	[1]	παρελελοίπεσαν	_	_
2.5	3459	[284]	,	b	_
2.5	3460	[33]	ἐν	_	_
2.5	3461	[2]	ᾧ	_	_
2.5	3462	[1]	δηλοῦται	_	_
2.5	3463	[90]	τὸ	_	_
2.5	3464	[3]	πᾶν	_	_
2.5	3465	[285]	,	b	_
2.5	3466	[91]	τὸ	_	_
2.5	3467	[3]	διά	_	_
2.5	3468	[9]	τινος	_	_
2.5	3469	[5]	ἐκπεμπόμενον	_	_
2.5	3470	[286]	,	b	_
2.5	3471	[40]	ἐκ	_	_
2.5	3472	[53]	τῶν	_	_
2.5	3473	[4]	συνεχῶν	_	_
2.5	3474	[5]	αὐτῷ	_	_
2.5	3475	[4]	μορίων	_	_
2.5	3476	[5]	ἐκπέμπεσθαι	_	_
2.5	3477	[287]	,	b	_
2.5	3478	[11]	τὰ	_	_
2.5	3479	[63]	δὲ	_	_
2.5	3480	[39]	οὐκ	_	_
2.5	3481	[1]	ἀναγκαῖα	_	_
2.5	3482	[8]	μὴ	_	_
2.5	3483	[1]	μάτην	_	_
2.5	3484	[1]	προσετεθείκεσαν	_	_
2.5	3485	[288]	,	b	_
2.5	3486	[1]	εὐφώρατος	_	_
2.5	3487	[18]	ἂν	_	_
2.5	3488	[10]	ἦν	_	_
2.5	3489	[35]	ὁ	_	_
2.5	3490	[28]	λόγος	_	_
2.5	3491	[289]	,	b	_
2.5	3492	[1]	ἀπό	_	_
2.5	3493	[30]	τε	_	_
2.5	3494	[74]	τῆς	_	_
2.5	3495	[2]	θέσεως	_	_
2.5	3496	[1]	ἐπιχειρεῖν	_	_
2.5	3497	[1]	ὡρμημένος	_	_
2.5	3498	[290]	,	b	_
2.5	3499	[40]	οὐκ	_	_
2.5	3500	[1]	ἀποδεικνύς	_	_
2.5	3501	[31]	τε	_	_
2.5	3502	[92]	τὸ	_	_
2.5	3503	[1]	προκείμενον	_	_
2.5	3504	[134]	.	b	_
2.5	3505	[25]	εἰ	_	_
2.5	3506	[30]	μὲν	_	_
2.5	3507	[42]	γὰρ	_	_
2.5	3508	[31]	ἡ	_	_
2.5	3509	[15]	ἐξ	_	_
2.5	3510	[2]	πρόθεσις	_	_
2.5	3511	[1]	ἐγκέοιτο	_	_
2.5	3512	[25]	κατὰ	_	_
2.5	3513	[93]	τὸ	_	_
2.5	3514	[6]	λῆμμα	_	_
2.5	3515	[94]	τὸ	_	_
2.5	3516	[1]	λέγον	_	_
2.5	3517	[291]	,	b	_
2.5	3518	[41]	ἐκ	_	_
2.5	3519	[75]	τῆς	_	_
2.5	3520	[14]	διανοίας	_	_
2.5	3521	[6]	ἐκπέμπεσθαι	_	_
2.5	3522	[37]	τὸν	_	_
2.5	3523	[15]	λόγον	_	_
2.5	3524	[292]	,	b	_
2.5	3525	[1]	ψευδὲς	_	_
2.5	3526	[13]	εἶναι	_	_
2.5	3527	[5]	φήσομεν	_	_
2.5	3528	[1]	αὐτό	_	_
2.5	3529	[24]	·	b	_
2.5	3530	[9]	μὴ	_	_
2.5	3531	[43]	γὰρ	_	_
2.5	3532	[42]	ἐκ	_	_
2.5	3533	[76]	τῆς	_	_
2.5	3534	[15]	διανοίας	_	_
2.5	3535	[293]	,	b	_
2.5	3536	[20]	ἀλλ	_	_
2.5	3537	[74]	’	b	_
2.5	3538	[20]	ὑπὸ	_	_
2.5	3539	[77]	τῆς	_	_
2.5	3540	[16]	διανοίας	_	_
2.5	3541	[9]	αὐτὸν	_	_
2.5	3542	[7]	ἐκπέμπεσθαι	_	_
2.5	3543	[135]	.	b	_
2.5	3544	[26]	εἰ	_	_
2.5	3545	[64]	δὲ	_	_
2.5	3546	[42]	τὴν	_	_
2.5	3547	[21]	ὑπὸ	_	_
2.5	3548	[2]	πρόθεσιν	_	_
2.5	3549	[43]	ἐκ	_	_
2.5	3550	[78]	τῆς	_	_
2.5	3551	[17]	ἀπὸ	_	_
2.5	3552	[1]	δηλουμένην	_	_
2.5	3553	[1]	νομίζομεν	_	_
2.5	3554	[294]	,	b	_
2.5	3555	[21]	ὡς	_	_
2.5	3556	[14]	εἶναι	_	_
2.5	3557	[95]	τὸ	_	_
2.5	3558	[7]	λῆμμα	_	_
2.5	3559	[2]	τοιοῦτον	_	_
2.5	3560	[295]	,	b	_
2.5	3561	[36]	ὁ	_	_
2.5	3562	[29]	λόγος	_	_
2.5	3563	[22]	ὑπὸ	_	_
2.5	3564	[79]	τῆς	_	_
2.5	3565	[17]	διανοίας	_	_
2.5	3566	[36]	ἐκπέμπεται	_	_
2.5	3567	[296]	,	b	_
2.5	3568	[96]	τὸ	_	_
2.5	3569	[31]	μὲν	_	_
2.5	3570	[8]	λῆμμα	_	_
2.5	3571	[6]	φήσομεν	_	_
2.5	3572	[3]	ἀληθὲς	_	_
2.5	3573	[6]	ὑπάρχειν	_	_
2.5	3574	[297]	,	b	_
2.5	3575	[1]	ἀπέραντον	_	_
2.5	3576	[65]	δὲ	_	_
2.5	3577	[15]	εἶναι	_	_
2.5	3578	[38]	τὸν	_	_
2.5	3579	[16]	λόγον	_	_
2.5	3580	[298]	,	b	_
2.5	3581	[22]	ὡς	_	_
2.5	3582	[19]	ἂν	_	_
2.5	3583	[1]	μηκέτι	_	_
2.5	3584	[2]	πάντων	_	_
2.5	3585	[54]	τῶν	_	_
2.5	3586	[7]	λημμάτων	_	_
2.5	3587	[2]	ὁμοίως	_	_
2.5	3588	[1]	ἠρωτημένων	_	_
2.5	3589	[299]	,	b	_
2.5	3590	[10]	ἀλλὰ	_	_
2.5	3591	[55]	τῶν	_	_
2.5	3592	[32]	μὲν	_	_
2.5	3593	[43]	τὴν	_	_
2.5	3594	[16]	ἐξ	_	_
2.5	3595	[300]	,	b	_
2.5	3596	[56]	τῶν	_	_
2.5	3597	[66]	δὲ	_	_
2.5	3598	[44]	τὴν	_	_
2.5	3599	[23]	ὑπὸ	_	_
2.5	3600	[3]	πρόθεσιν	_	_
2.5	3601	[2]	ἐχόντων	_	_
2.5	3602	[136]	.	b	_
2.5	3603	[27]	εἰ	_	_
2.5	3604	[2]	δέ	_	_
2.5	3605	[13]	γε	_	_
2.5	3606	[1]	πάνθ	_	_
2.5	3607	[75]	’	b	_
2.5	3608	[3]	ὁμοίως	_	_
2.5	3609	[1]	ἐρωτηθείη	_	_
2.5	3610	[301]	,	b	_
2.5	3611	[26]	κατὰ	_	_
2.5	3612	[33]	μὲν	_	_
2.5	3613	[45]	τὴν	_	_
2.5	3614	[17]	ἐξ	_	_
2.5	3615	[4]	πρόθεσιν	_	_
2.5	3616	[34]	ἐν	_	_
2.5	3617	[25]	τῷ	_	_
2.5	3618	[1]	προτέρῳ	_	_
2.5	3619	[2]	λήμματι	_	_
2.5	3620	[1]	γενήσεται	_	_
2.5	3621	[97]	τὸ	_	_
2.5	3622	[3]	ψεῦδος	_	_
2.5	3623	[302]	,	b	_
2.5	3624	[27]	κατὰ	_	_
2.5	3625	[67]	δὲ	_	_
2.5	3626	[46]	τὴν	_	_
2.5	3627	[24]	ὑπὸ	_	_
2.5	3628	[10]	τοῦτο	_	_
2.5	3629	[34]	μὲν	_	_
2.5	3630	[4]	ἀληθὲς	_	_
2.5	3631	[4]	ἔσται	_	_
2.5	3632	[303]	,	b	_
2.5	3633	[98]	τὸ	_	_
2.5	3634	[2]	καθόλου	_	_
2.5	3635	[68]	δὲ	_	_
2.5	3636	[99]	τὸ	_	_
2.5	3637	[1]	παραλελειμμένον	_	_
2.5	3638	[1]	ὑπ	_	_
2.5	3639	[76]	’	b	_
2.5	3640	[5]	αὐτῶν	_	_
2.5	3641	[304]	,	b	_
2.5	3642	[3]	ὡσαύτως	_	_
2.5	3643	[69]	δὲ	_	_
2.5	3644	[100]	τὸ	_	_
2.5	3645	[28]	κατὰ	_	_
2.5	3646	[5]	μέρος	_	_
2.5	3647	[1]	ἄμφω	_	_
2.5	3648	[3]	ψευδῆ	_	_
2.5	3649	[137]	.	b	_
2.5	3650	[101]	τὸ	_	_
2.5	3651	[35]	μὲν	_	_
2.5	3652	[44]	γὰρ	_	_
2.5	3653	[3]	καθόλου	_	_
2.5	3654	[2]	γενήσεται	_	_
2.5	3655	[3]	τοιοῦτον	_	_
2.5	3656	[138]	.	b	_
2.5	3657	[1]	ἅπαν	_	_
2.5	3658	[102]	τὸ	_	_
2.5	3659	[4]	διά	_	_
2.5	3660	[10]	τινος	_	_
2.5	3661	[6]	ἐκπεμπόμενον	_	_
2.5	3662	[25]	ὑπὸ	_	_
2.5	3663	[57]	τῶν	_	_
2.5	3664	[5]	συνεχῶν	_	_
2.5	3665	[6]	αὐτῷ	_	_
2.5	3666	[5]	μορίων	_	_
2.5	3667	[37]	ἐκπέμπεται	_	_
2.5	3668	[305]	,	b	_
2.5	3669	[103]	τὸ	_	_
2.5	3670	[70]	δὲ	_	_
2.5	3671	[29]	κατὰ	_	_
2.5	3672	[6]	μέρος	_	_
2.5	3673	[306]	,	b	_
2.5	3674	[37]	ὁ	_	_
2.5	3675	[30]	λόγος	_	_
2.5	3676	[307]	,	b	_
2.5	3677	[26]	ὑπὸ	_	_
2.5	3678	[58]	τῶν	_	_
2.5	3679	[13]	τῇ	_	_
2.5	3680	[4]	φάρυγγι	_	_
2.5	3681	[6]	συνεχῶν	_	_
2.5	3682	[6]	μορίων	_	_
2.5	3683	[38]	ἐκπέμπεται	_	_
2.5	3684	[139]	.	b	_
2.5	3685	[15]	οὐ	_	_
2.5	3686	[45]	γὰρ	_	_
2.5	3687	[27]	ὑπὸ	_	_
2.5	3688	[59]	τῶν	_	_
2.5	3689	[7]	συνεχῶν	_	_
2.5	3690	[308]	,	b	_
2.5	3691	[21]	ἀλλ	_	_
2.5	3692	[77]	’	b	_
2.5	3693	[44]	ἐκ	_	_
2.5	3694	[60]	τῶν	_	_
2.5	3695	[8]	συνεχῶν	_	_
2.5	3696	[1]	ἀληθῶς	_	_
2.5	3697	[20]	ἂν	_	_
2.5	3698	[1]	λέγοιτο	_	_
2.5	3699	[140]	.	b	_
2.5	3700	[1]	δέδεικται	_	_
2.5	3701	[3]	τοίνυν	_	_
2.5	3702	[6]	ἤδη	_	_
2.5	3703	[2]	σαφῶς	_	_
2.5	3704	[104]	τὸ	_	_
2.5	3705	[1]	κυριώτατον	_	_
2.5	3706	[61]	τῶν	_	_
2.5	3707	[8]	λημμάτων	_	_
2.5	3708	[2]	παραλελειμμένον	_	_
2.5	3709	[4]	αὐτοῖς	_	_
2.5	3710	[309]	,	b	_
2.5	3711	[17]	ἢ	_	_
2.5	3712	[1]	ἑκοῦσι	_	_
2.5	3713	[1]	σοφιστικῶς	_	_
2.5	3714	[310]	,	b	_
2.5	3715	[18]	ἢ	_	_
2.5	3716	[1]	ἄκουσιν	_	_
2.5	3717	[28]	ὑπὸ	_	_
2.5	3718	[2]	ἀγυμνασίας	_	_
2.5	3719	[80]	τῆς	_	_
2.5	3720	[1]	μεθόδου	_	_
2.5	3721	[141]	.	b	_
2.5	3722	[1]	διὸ	_	_
2.5	3723	[123]	καὶ	_	_
2.5	3724	[1]	παρακρούονται	_	_
2.5	3725	[39]	τὸν	_	_
2.5	3726	[1]	ἀκροατὴν	_	_
2.5	3727	[311]	,	b	_
2.5	3728	[16]	οὐ	_	_
2.5	3729	[1]	δυνάμενον	_	_
2.5	3730	[2]	ἀκριβῶς	_	_
2.5	3731	[1]	διελέσθαι	_	_
2.5	3732	[312]	,	b	_
2.5	3733	[3]	πότερον	_	_
2.5	3734	[62]	τῶν	_	_
2.5	3735	[9]	λημμάτων	_	_
2.5	3736	[8]	ἐστὶν	_	_
2.5	3737	[5]	ἀληθὲς	_	_
2.5	3738	[313]	,	b	_
2.5	3739	[7]	εἴτε	_	_
2.5	3740	[105]	τὸ	_	_
2.5	3741	[30]	κατὰ	_	_
2.5	3742	[47]	τὴν	_	_
2.5	3743	[18]	ἐξ	_	_
2.5	3744	[5]	πρόθεσιν	_	_
2.5	3745	[1]	ἠρωτημένον	_	_
2.5	3746	[314]	,	b	_
2.5	3747	[8]	εἴτε	_	_
2.5	3748	[106]	τὸ	_	_
2.5	3749	[31]	κατὰ	_	_
2.5	3750	[48]	τὴν	_	_
2.5	3751	[3]	ὑπό	_	_
2.5	3752	[25]	·	b	_
2.5	3753	[49]	τὴν	_	_
2.5	3754	[15]	ἀρχὴν	_	_
2.5	3755	[36]	μὲν	_	_
2.5	3756	[46]	γὰρ	_	_
2.5	3757	[12]	οὐδὲ	_	_
2.5	3758	[2]	λέγουσιν	_	_
2.5	3759	[2]	αὐτὸ	_	_
2.5	3760	[2]	κατά	_	_
2.5	3761	[14]	γε	_	_
2.5	3762	[50]	τὴν	_	_
2.5	3763	[3]	λέξιν	_	_
2.5	3764	[315]	,	b	_
2.5	3765	[18]	εἰς	_	_
2.5	3766	[3]	δέ	_	_
2.5	3767	[15]	γε	_	_
2.5	3768	[51]	τὴν	_	_
2.5	3769	[1]	σύστασιν	_	_
2.5	3770	[58]	τοῦ	_	_
2.5	3771	[9]	λόγου	_	_
2.5	3772	[1]	παντὸς	_	_
2.5	3773	[316]	,	b	_
2.5	3774	[23]	ὡς	_	_
2.5	3775	[1]	εἰρηκότες	_	_
2.5	3776	[317]	,	b	_
2.5	3777	[1]	προσχρῶνται	_	_
2.5	3778	[26]	·	b	_
2.5	3779	[107]	τὸ	_	_
2.5	3780	[47]	γὰρ	_	_
2.5	3781	[318]	,	b	_
2.5	3782	[28]	εἰ	_	_
2.5	3783	[14]	δ	_	_
2.5	3784	[78]	’	b	_
2.5	3785	[11]	ἦν	_	_
2.5	3786	[18]	ἀπὸ	_	_
2.5	3787	[59]	τοῦ	_	_
2.5	3788	[14]	ἐγκεφάλου	_	_
2.5	3789	[6]	ἐκπεμπομένη	_	_
2.5	3790	[319]	,	b	_
2.5	3791	[41]	οὐκ	_	_
2.5	3792	[21]	ἂν	_	_
2.5	3793	[28]	διὰ	_	_
2.5	3794	[21]	φάρυγγος	_	_
2.5	3795	[4]	ἐξεπέμπετο	_	_
2.5	3796	[320]	,	b	_
2.5	3797	[32]	κατὰ	_	_
2.5	3798	[52]	τὴν	_	_
2.5	3799	[60]	τοῦ	_	_
2.5	3800	[1]	παραλελειμμένου	_	_
2.5	3801	[1]	λήμματος	_	_
2.5	3802	[1]	δύναμιν	_	_
2.5	3803	[6]	ἀληθὲς	_	_
2.5	3804	[16]	εἶναι	_	_
2.5	3805	[1]	φαντάζεται	_	_
2.5	3806	[142]	.	b	_
2.5	3807	[1]	πᾶσιν	_	_
2.5	3808	[12]	οὖν	_	_
2.5	3809	[14]	τοῖς	_	_
2.5	3810	[1]	ἁμαρτήμασιν	_	_
2.5	3811	[38]	ὁ	_	_
2.5	3812	[61]	τοῦ	_	_
2.5	3813	[8]	Ζήνωνος	_	_
2.5	3814	[31]	λόγος	_	_
2.5	3815	[1]	ὑπεύθυνός	_	_
2.5	3816	[5]	ἐστι	_	_
2.5	3817	[33]	κατὰ	_	_
2.5	3818	[108]	τὸ	_	_
2.5	3819	[5]	δεύτερον	_	_
2.5	3820	[63]	τῶν	_	_
2.5	3821	[10]	λημμάτων	_	_
2.5	3822	[109]	τὸ	_	_
2.5	3823	[1]	νυνί	_	_
2.5	3824	[3]	μοι	_	_
2.5	3825	[1]	λελεγμένον	_	_
2.5	3826	[27]	·	b	_
2.5	3827	[5]	πρῶτον	_	_
2.5	3828	[37]	μὲν	_	_
2.5	3829	[321]	,	b	_
2.5	3830	[9]	ὅτι	_	_
2.5	3831	[53]	τὴν	_	_
2.5	3832	[19]	ἀπὸ	_	_
2.5	3833	[6]	πρόθεσιν	_	_
2.5	3834	[35]	ἐν	_	_
2.5	3835	[7]	αὐτῷ	_	_
2.5	3836	[1]	παρέλαβε	_	_
2.5	3837	[322]	,	b	_
2.5	3838	[2]	δέον	_	_
2.5	3839	[1]	ἤτοι	_	_
2.5	3840	[54]	τὴν	_	_
2.5	3841	[19]	ἐξ	_	_
2.5	3842	[323]	,	b	_
2.5	3843	[19]	ἢ	_	_
2.5	3844	[55]	τὴν	_	_
2.5	3845	[4]	ὑπό	_	_
2.5	3846	[28]	·	b	_
2.5	3847	[6]	δεύτερον	_	_
2.5	3848	[15]	δ	_	_
2.5	3849	[79]	’	b	_
2.5	3850	[324]	,	b	_
2.5	3851	[10]	ὅτι	_	_
2.5	3852	[12]	τὰ	_	_
2.5	3853	[1]	κυριώτατα	_	_
2.5	3854	[1]	παρέλιπε	_	_
2.5	3855	[325]	,	b	_
2.5	3856	[2]	τό	_	_
2.5	3857	[32]	τε	_	_
2.5	3858	[4]	καθόλου	_	_
2.5	3859	[326]	,	b	_
2.5	3860	[110]	τὸ	_	_
2.5	3861	[4]	πᾶν	_	_
2.5	3862	[71]	δὲ	_	_
2.5	3863	[111]	τὸ	_	_
2.5	3864	[5]	διά	_	_
2.5	3865	[11]	τινος	_	_
2.5	3866	[1]	πεμπόμενον	_	_
2.5	3867	[45]	ἐκ	_	_
2.5	3868	[64]	τῶν	_	_
2.5	3869	[9]	συνεχῶν	_	_
2.5	3870	[7]	μορίων	_	_
2.5	3871	[8]	αὐτῷ	_	_
2.5	3872	[39]	ἐκπέμπεται	_	_
2.5	3873	[327]	,	b	_
2.5	3874	[3]	τό	_	_
2.5	3875	[33]	τε	_	_
2.5	3876	[34]	κατὰ	_	_
2.5	3877	[7]	μέρος	_	_
2.5	3878	[328]	,	b	_
2.5	3879	[11]	ὅτι	_	_
2.5	3880	[32]	ἡ	_	_
2.5	3881	[19]	φωνὴ	_	_
2.5	3882	[124]	καὶ	_	_
2.5	3883	[39]	ὁ	_	_
2.5	3884	[32]	λόγος	_	_
2.5	3885	[46]	ἐκ	_	_
2.5	3886	[65]	τῶν	_	_
2.5	3887	[10]	συνεχῶν	_	_
2.5	3888	[14]	τῇ	_	_
2.5	3889	[5]	φάρυγγι	_	_
2.5	3890	[8]	μορίων	_	_
2.5	3891	[1]	ἐκπεμφθήσεται	_	_
2.5	3892	[143]	.	b	_
2.5	3893	[2]	τούτων	_	_
2.5	3894	[48]	γὰρ	_	_
2.5	3895	[5]	οὕτω	_	_
2.5	3896	[1]	διορισθέντων	_	_
2.5	3897	[329]	,	b	_
2.5	3898	[29]	εἰ	_	_
2.5	3899	[38]	μὲν	_	_
2.5	3900	[35]	κατὰ	_	_
2.5	3901	[56]	τὴν	_	_
2.5	3902	[20]	ἐξ	_	_
2.5	3903	[7]	πρόθεσιν	_	_
2.5	3904	[1]	ἅπαντα	_	_
2.5	3905	[2]	ἐρωτηθείη	_	_
2.5	3906	[13]	τὰ	_	_
2.5	3907	[2]	λήμματα	_	_
2.5	3908	[330]	,	b	_
2.5	3909	[4]	ψεῦδος	_	_
2.5	3910	[5]	ἔσται	_	_
2.5	3911	[112]	τὸ	_	_
2.5	3912	[40]	τὸν	_	_
2.5	3913	[17]	λόγον	_	_
2.5	3914	[47]	ἐκ	_	_
2.5	3915	[81]	τῆς	_	_
2.5	3916	[18]	διανοίας	_	_
2.5	3917	[8]	ἐκπέμπεσθαι	_	_
2.5	3918	[29]	·	b	_
2.5	3919	[30]	εἰ	_	_
2.5	3920	[72]	δὲ	_	_
2.5	3921	[36]	κατὰ	_	_
2.5	3922	[57]	τὴν	_	_
2.5	3923	[29]	ὑπὸ	_	_
2.5	3924	[331]	,	b	_
2.5	3925	[4]	τό	_	_
2.5	3926	[34]	τε	_	_
2.5	3927	[5]	καθόλου	_	_
2.5	3928	[113]	τὸ	_	_
2.5	3929	[1]	νυνὶ	_	_
2.5	3930	[1]	λεγόμενον	_	_
2.5	3931	[332]	,	b	_
2.5	3932	[114]	τὸ	_	_
2.5	3933	[5]	πᾶν	_	_
2.5	3934	[6]	διά	_	_
2.5	3935	[12]	τινος	_	_
2.5	3936	[7]	ἐκπεμπόμενον	_	_
2.5	3937	[30]	ὑπὸ	_	_
2.5	3938	[66]	τῶν	_	_
2.5	3939	[11]	συνεχῶν	_	_
2.5	3940	[9]	ἐκπέμπεσθαι	_	_
2.5	3941	[333]	,	b	_
2.5	3942	[125]	καὶ	_	_
2.5	3943	[115]	τὸ	_	_
2.5	3944	[37]	κατὰ	_	_
2.5	3945	[8]	μέρος	_	_
2.5	3946	[334]	,	b	_
2.5	3947	[116]	τὸ	_	_
2.5	3948	[41]	τὸν	_	_
2.5	3949	[18]	λόγον	_	_
2.5	3950	[31]	ὑπὸ	_	_
2.5	3951	[67]	τῶν	_	_
2.5	3952	[36]	ἐν	_	_
2.5	3953	[15]	τῇ	_	_
2.5	3954	[1]	λάρυγγι	_	_
2.5	3955	[9]	μορίων	_	_
2.5	3956	[10]	ἐκπέμπεσθαι	_	_
2.5	3957	[144]	.	b	_
2.5	3958	[31]	εἰ	_	_
2.5	3959	[73]	δὲ	_	_
2.5	3960	[1]	μικτῶς	_	_
2.5	3961	[3]	ἐρωτηθείη	_	_
2.5	3962	[335]	,	b	_
2.5	3963	[3]	κατά	_	_
2.5	3964	[3]	τινα	_	_
2.5	3965	[39]	μὲν	_	_
2.5	3966	[3]	λήμματα	_	_
2.5	3967	[82]	τῆς	_	_
2.5	3968	[21]	ἐξ	_	_
2.5	3969	[1]	προθέσεως	_	_
2.5	3970	[5]	﻿	_	_
2.5	3971	[3]	ἀκριβῶς	_	_
2.5	3972	[1]	παραλαμβανομένης	_	_
2.5	3973	[336]	,	b	_
2.5	3974	[3]	καθ	_	_
2.5	3975	[80]	’	b	_
2.5	3976	[1]	ἑκάτερα	_	_
2.5	3977	[74]	δὲ	_	_
2.5	3978	[83]	τῆς	_	_
2.5	3979	[32]	ὑπὸ	_	_
2.5	3980	[337]	,	b	_
2.5	3981	[9]	καθάπερ	_	_
2.5	3982	[1]	κᾀν	_	_
2.5	3983	[26]	τῷ	_	_
2.5	3984	[42]	τὸν	_	_
2.5	3985	[19]	λόγον	_	_
2.5	3986	[33]	ὑπὸ	_	_
2.5	3987	[84]	τῆς	_	_
2.5	3988	[19]	διανοίας	_	_
2.5	3989	[11]	ἐκπέμπεσθαι	_	_
2.5	3990	[338]	,	b	_
2.5	3991	[68]	τῶν	_	_
2.5	3992	[40]	μὲν	_	_
2.5	3993	[11]	λημμάτων	_	_
2.5	3994	[9]	οὐδὲν	_	_
2.5	3995	[1]	μεμψόμεθα	_	_
2.5	3996	[339]	,	b	_
2.5	3997	[43]	τὸν	_	_
2.5	3998	[4]	ὅλον	_	_
2.5	3999	[75]	δὲ	_	_
2.5	4000	[20]	λόγον	_	_
2.5	4001	[2]	ἀπέραντον	_	_
2.5	4002	[7]	ὑπάρχειν	_	_
2.5	4003	[1]	ἐροῦμεν	_	_
2.5	4004	[145]	.	b	_
2.5	4005	[17]	οὐ	_	_
2.5	4006	[49]	γὰρ	_	_
2.5	4007	[4]	ἔτι	_	_
2.5	4008	[1]	συναφθήσονται	_	_
2.5	4009	[15]	πρὸς	_	_
2.5	4010	[1]	ἀλλήλας	_	_
2.5	4011	[2]	αἱ	_	_
2.5	4012	[1]	κύριαι	_	_
2.5	4013	[62]	τοῦ	_	_
2.5	4014	[1]	συμπεράσματος	_	_
2.5	4015	[1]	προτάσεις	_	_
2.5	4016	[146]	.	b	_
2.5	4017	[4]	ἔστι	_	_
2.5	4018	[50]	γὰρ	_	_
2.5	4019	[6]	αὐτῶν	_	_
2.5	4020	[33]	ἡ	_	_
2.5	4021	[41]	μὲν	_	_
2.5	4022	[1]	ἑτέρα	_	_
2.5	4023	[1]	τοιαύτη	_	_
2.5	4024	[340]	,	b	_
2.5	4025	[40]	ὁ	_	_
2.5	4026	[33]	λόγος	_	_
2.5	4027	[34]	ὑπὸ	_	_
2.5	4028	[85]	τῆς	_	_
2.5	4029	[20]	διανοίας	_	_
2.5	4030	[40]	ἐκπέμπεται	_	_
2.5	4031	[30]	·	b	_
2.5	4032	[34]	ἡ	_	_
2.5	4033	[76]	δὲ	_	_
2.5	4034	[2]	ἑτέρα	_	_
2.5	4035	[341]	,	b	_
2.5	4036	[41]	ὁ	_	_
2.5	4037	[34]	λόγος	_	_
2.5	4038	[48]	ἐκ	_	_
2.5	4039	[63]	τοῦ	_	_
2.5	4040	[15]	ἐγκεφάλου	_	_
2.5	4041	[42]	οὐκ	_	_
2.5	4042	[41]	ἐκπέμπεται	_	_
2.5	4043	[147]	.	b	_
2.5	4044	[6]	ἐχρῆν	_	_
2.5	4045	[4]	δέ	_	_
2.5	4046	[2]	γ	_	_
2.5	4047	[81]	’	b	_
2.5	4048	[1]	ἀμφότερα	_	_
2.5	4049	[2]	ἤτοι	_	_
2.5	4050	[38]	κατὰ	_	_
2.5	4051	[58]	τὴν	_	_
2.5	4052	[35]	ὑπὸ	_	_
2.5	4053	[8]	πρόθεσιν	_	_
2.5	4054	[342]	,	b	_
2.5	4055	[20]	ἢ	_	_
2.5	4056	[39]	κατὰ	_	_
2.5	4057	[59]	τὴν	_	_
2.5	4058	[22]	ἐξ	_	_
2.5	4059	[3]	ἠρωτῆσθαι	_	_
2.5	4060	[343]	,	b	_
2.5	4061	[4]	ἵν	_	_
2.5	4062	[82]	’	b	_
2.5	4063	[1]	ἐπιφέρηταί	_	_
2.5	4064	[6]	τι	_	_
2.5	4065	[1]	κοινὸν	_	_
2.5	4066	[1]	αὐταῖς	_	_
2.5	4067	[2]	συμπέρασμα	_	_
2.5	4068	[148]	.	b	_
2.5	4069	[1]	τάχ	_	_
2.5	4070	[83]	’	b	_
2.5	4071	[22]	ἂν	_	_
2.5	4072	[5]	ἔτι	_	_
2.5	4073	[1]	πλείω	_	_
2.5	4074	[10]	λέγειν	_	_
2.5	4075	[5]	ὑπὲρ	_	_
2.5	4076	[86]	τῆς	_	_
2.5	4077	[64]	τοῦ	_	_
2.5	4078	[10]	λόγου	_	_
2.5	4079	[1]	μοχθηρίας	_	_
2.5	4080	[1]	ἐπειρώμην	_	_
2.5	4081	[344]	,	b	_
2.5	4082	[32]	εἰ	_	_
2.5	4083	[10]	μὴ	_	_
2.5	4084	[126]	καὶ	_	_
2.5	4085	[42]	ὁ	_	_
2.5	4086	[8]	Χρύσιππος	_	_
2.5	4087	[1]	ἐγνώκει	_	_
2.5	4088	[35]	τε	_	_
2.5	4089	[60]	τὴν	_	_
2.5	4090	[2]	ἀτοπίαν	_	_
2.5	4091	[5]	αὐτοῦ	_	_
2.5	4092	[127]	καὶ	_	_
2.5	4093	[44]	τὸν	_	_
2.5	4094	[6]	τρόπον	_	_
2.5	4095	[87]	τῆς	_	_
2.5	4096	[1]	ἀπολήψεως	_	_
2.5	4097	[5]	αὐτὸς	_	_
2.5	4098	[1]	ἐγεγράφει	_	_
2.5	4099	[1]	δι	_	_
2.5	4100	[84]	’	b	_
2.5	4101	[1]	ἧς	_	_
2.5	4102	[1]	ὀλίγον	_	_
2.5	4103	[2]	ἔμπροσθεν	_	_
2.5	4104	[1]	παρεθέμην	_	_
2.5	4105	[1]	ῥήσεως	_	_
2.5	4106	[345]	,	b	_
2.5	4107	[1]	ἐγχωρεῖν	_	_
2.5	4108	[1]	φάσκων	_	_
2.5	4109	[49]	ἐκ	_	_
2.5	4110	[69]	τῶν	_	_
2.5	4111	[40]	κατὰ	_	_
2.5	4112	[1]	στήθη	_	_
2.5	4113	[1]	μερῶν	_	_
2.5	4114	[12]	ἐκπέμπεσθαι	_	_
2.5	4115	[45]	τὸν	_	_
2.5	4116	[21]	λόγον	_	_
2.5	4117	[346]	,	b	_
2.5	4118	[61]	τὴν	_	_
2.5	4119	[16]	ἀρχὴν	_	_
2.5	4120	[88]	τῆς	_	_
2.5	4121	[8]	κινήσεως	_	_
2.5	4122	[2]	ἐπιπεμπούσης	_	_
2.5	4123	[89]	τῆς	_	_
2.5	4124	[8]	κεφαλῆς	_	_
2.5	4125	[347]	,	b	_
2.5	4126	[4]	ὥσπερ	_	_
2.5	4127	[16]	γε	_	_
2.5	4128	[128]	καὶ	_	_
2.5	4129	[14]	τὰ	_	_
2.5	4130	[1]	νεῦρα	_	_
2.5	4131	[3]	πάντα	_	_
2.5	4132	[62]	τὴν	_	_
2.5	4133	[1]	ἔκφυσιν	_	_
2.5	4134	[50]	ἐκ	_	_
2.5	4135	[90]	τῆς	_	_
2.5	4136	[9]	κεφαλῆς	_	_
2.5	4137	[2]	ἔχοντα	_	_
2.5	4138	[63]	τὴν	_	_
2.5	4139	[17]	ἀρχὴν	_	_
2.5	4140	[91]	τῆς	_	_
2.5	4141	[3]	δυνάμεως	_	_
2.5	4142	[20]	ἀπὸ	_	_
2.5	4143	[92]	τῆς	_	_
2.5	4144	[9]	καρδίας	_	_
2.5	4145	[2]	λαμβάνειν	_	_
2.5	4146	[149]	.	b	_
2.5	4147	[4]	ταῦτα	_	_
2.5	4148	[42]	μὲν	_	_
2.5	4149	[13]	οὖν	_	_
2.5	4150	[2]	ὀρθῶς	_	_
2.5	4151	[1]	εἴρηται	_	_
2.5	4152	[27]	τῷ	_	_
2.5	4153	[1]	Χρυσίππῳ	_	_
2.5	4154	[348]	,	b	_
2.5	4155	[129]	καὶ	_	_
2.5	4156	[29]	διὰ	_	_
2.5	4157	[2]	τοῦτ	_	_
2.5	4158	[85]	’	b	_
2.5	4159	[5]	ἄν	_	_
2.5	4160	[5]	τις	_	_
2.5	4161	[9]	αὐτῷ	_	_
2.5	4162	[130]	καὶ	_	_
2.5	4163	[7]	μᾶλλον	_	_
2.5	4164	[1]	μέμψαιτο	_	_
2.5	4165	[349]	,	b	_
2.5	4166	[1]	διότι	_	_
2.5	4167	[1]	κατιδὼν	_	_
2.5	4168	[117]	τὸ	_	_
2.5	4169	[7]	ἀληθὲς	_	_
2.5	4170	[1]	ὅμως	_	_
2.5	4171	[18]	οὐ	_	_
2.5	4172	[3]	χρῆται	_	_
2.5	4173	[31]	·	b	_
2.5	4174	[15]	τὰ	_	_
2.5	4175	[77]	δὲ	_	_
2.5	4176	[21]	ἀπὸ	_	_
2.5	4177	[93]	τῆς	_	_
2.5	4178	[3]	θέσεως	_	_
2.5	4179	[1]	ἐπικεχειρημένα	_	_
2.5	4180	[350]	,	b	_
2.5	4181	[131]	καὶ	_	_
2.5	4182	[3]	τούτων	_	_
2.5	4183	[1]	ὅσα	_	_
2.5	4184	[8]	μᾶλλον	_	_
2.5	4185	[1]	ποιηταὶ	_	_
2.5	4186	[1]	μαρτυροῦσιν	_	_
2.5	4187	[351]	,	b	_
2.5	4188	[21]	ἢ	_	_
2.5	4189	[2]	οἱ	_	_
2.5	4190	[1]	πολλοὶ	_	_
2.5	4191	[70]	τῶν	_	_
2.5	4192	[1]	ἀνθρώ	_	_
2.5	4193	[1]	πων	_	_
2.5	4194	[352]	,	b	_
2.5	4195	[22]	ἢ	_	_
2.5	4196	[1]	ἐτυμολογία	_	_
2.5	4197	[6]	τις	_	_
2.5	4198	[353]	,	b	_
2.5	4199	[1]	ἤ	_	_
2.5	4200	[7]	τι	_	_
2.5	4201	[4]	τοιοῦτον	_	_
2.5	4202	[3]	ἕτερον	_	_
2.5	4203	[354]	,	b	_
2.5	4204	[43]	οὐκ	_	_
2.5	4205	[3]	ὀρθῶς	_	_
2.5	4206	[150]	.	b	_
2.5	4207	[1]	κάλλιον	_	_
2.5	4208	[51]	γὰρ	_	_
2.5	4209	[12]	ἦν	_	_
2.5	4210	[1]	ἐπιμείναντα	_	_
2.5	4211	[15]	τοῖς	_	_
2.5	4212	[41]	κατὰ	_	_
2.5	4213	[64]	τὴν	_	_
2.5	4214	[1]	ἀποδεικτικὴν	_	_
2.5	4215	[1]	μέθοδον	_	_
2.5	4216	[1]	ὑπολαμβανομένοις	_	_
2.5	4217	[2]	λήμμασιν	_	_
2.5	4218	[1]	ἐξετάσαι	_	_
2.5	4219	[36]	τε	_	_
2.5	4220	[132]	καὶ	_	_
2.5	4221	[1]	κρῖναι	_	_
2.5	4222	[30]	διὰ	_	_
2.5	4223	[94]	τῆς	_	_
2.5	4224	[5]	αἰσθήσεως	_	_
2.5	4225	[151]	.	b	_
2.5	4226	[6]	αὐτὸς	_	_
2.5	4227	[78]	δὲ	_	_
2.5	4228	[355]	,	b	_
2.5	4229	[5]	ὥσπερ	_	_
2.5	4230	[19]	οὐ	_	_
2.5	4231	[5]	κατ	_	_
2.5	4232	[86]	’	b	_
2.5	4233	[1]	ἐπιστήμην	_	_
2.5	4234	[356]	,	b	_
2.5	4235	[11]	ἀλλὰ	_	_
2.5	4236	[42]	κατὰ	_	_
2.5	4237	[1]	τύχην	_	_
2.5	4238	[1]	εἰρηκὼς	_	_
2.5	4239	[118]	τὸ	_	_
2.5	4240	[8]	ἀληθὲς	_	_
2.5	4241	[357]	,	b	_
2.5	4242	[1]	ἀπεχώρησέ	_	_
2.5	4243	[37]	τε	_	_
2.5	4244	[95]	τῆς	_	_
2.5	4245	[1]	ζητήσεως	_	_
2.5	4246	[6]	αὐτοῦ	_	_
2.5	4247	[133]	καὶ	_	_
2.5	4248	[1]	ποιητὰς	_	_
2.5	4249	[1]	ἐπάγεται	_	_
2.5	4250	[1]	μάρτυρας	_	_
2.5	4251	[152]	.	b	_
2.6	1	[1]	Ὅπερ	_	_
2.6	2	[1]	οὖν	_	_
2.6	3	[1]	ὁ	_	_
2.6	4	[1]	Χρύσιππος	_	_
2.6	5	[1]	ἐθεάσατο	_	_
2.6	6	[1]	μὲν	_	_
2.6	7	[1]	,	b	_
2.6	8	[1]	οὐκ	_	_
2.6	9	[1]	ἐπεξῆλθε	_	_
2.6	10	[1]	δὲ	_	_
2.6	11	[1]	τῷ	_	_
2.6	12	[1]	λόγῳ	_	_
2.6	13	[2]	,	b	_
2.6	14	[1]	τοῦτ	_	_
2.6	15	[1]	’	b	_
2.6	16	[1]	ἐγώ	_	_
2.6	17	[1]	μοι	_	_
2.6	18	[1]	δοκῶ	_	_
2.6	19	[1]	προσθήσειν	_	_
2.6	20	[1]	.	b	_
2.6	21	[1]	ἐπειδὴ	_	_
2.6	22	[1]	γὰρ	_	_
2.6	23	[1]	ἐγχωρεῖ	_	_
2.6	24	[3]	,	b	_
2.6	25	[1]	κᾂν	_	_
2.6	26	[1]	ὅτι	_	_
2.6	27	[1]	μάλιστα	_	_
2.6	28	[1]	πάντων	_	_
2.6	29	[1]	τῶν	_	_
2.6	30	[1]	νεύρων	_	_
2.6	31	[1]	ἐγκέφαλος	_	_
2.6	32	[1]	ἀρχὴ	_	_
2.6	33	[1]	φαίνεται	_	_
2.6	34	[4]	,	b	_
2.6	35	[1]	τὴν	_	_
2.6	36	[1]	καρδίαν	_	_
2.6	37	[1]	ἐπιπέμπειν	_	_
2.6	38	[1]	αὐτῷ	_	_
2.6	39	[1]	δύναμιν	_	_
2.6	40	[1]	αἰσθητικήν	_	_
2.6	41	[1]	τε	_	_
2.6	42	[1]	καὶ	_	_
2.6	43	[1]	προαιρετικὴν	_	_
2.6	44	[5]	,	b	_
2.6	45	[1]	ὡσαύτως	_	_
2.6	46	[2]	δὲ	_	_
2.6	47	[6]	,	b	_
2.6	48	[2]	κᾂν	_	_
2.6	49	[1]	ἐκ	_	_
2.6	50	[2]	τῶν	_	_
2.6	51	[1]	κατὰ	_	_
2.6	52	[1]	τὸν	_	_
2.6	53	[1]	θώρακα	_	_
2.6	54	[1]	μορίων	_	_
2.6	55	[2]	ὁ	_	_
2.6	56	[1]	λόγος	_	_
2.6	57	[1]	ἐκπέμπεται	_	_
2.6	58	[7]	,	b	_
2.6	59	[2]	τὴν	_	_
2.6	60	[1]	ἀρχὴν	_	_
2.6	61	[1]	τῆς	_	_
2.6	62	[1]	κινήσεως	_	_
2.6	63	[1]	αὐτοῦ	_	_
2.6	64	[1]	ἀπ	_	_
2.6	65	[2]	’	b	_
2.6	66	[1]	ἐγκεφάλου	_	_
2.6	67	[1]	καταφέρεσθαι	_	_
2.6	68	[8]	,	b	_
2.6	69	[1]	ζητητέον	_	_
2.6	70	[1]	ἐφεξῆς	_	_
2.6	71	[1]	ἐστι	_	_
2.6	72	[9]	,	b	_
2.6	73	[1]	πότερον	_	_
2.6	74	[1]	οὐδέτερον	_	_
2.6	75	[1]	οὐδετέρῳ	_	_
2.6	76	[1]	μεταδίδωσιν	_	_
2.6	77	[1]	οὐδεμιᾶς	_	_
2.6	78	[1]	δυνάμεως	_	_
2.6	79	[10]	,	b	_
2.6	80	[1]	ἢ	_	_
2.6	81	[1]	τὸ	_	_
2.6	82	[1]	ἕτερον	_	_
2.6	83	[2]	τῷ	_	_
2.6	84	[1]	ἑτέρῳ	_	_
2.6	85	[2]	.	b	_
2.6	86	[1]	γένοιτο	_	_
2.6	87	[1]	δ	_	_
2.6	88	[3]	’	b	_
2.6	89	[1]	ἂν	_	_
2.6	90	[1]	ἡ	_	_
2.6	91	[1]	ζήτησις	_	_
2.6	92	[1]	ᾧδε	_	_
2.6	93	[3]	.	b	_
2.6	94	[1]	τὰ	_	_
2.6	95	[1]	συνάπτοντα	_	_
2.6	96	[3]	τὴν	_	_
2.6	97	[2]	καρδίαν	_	_
2.6	98	[1]	ἐγκεφάλῳ	_	_
2.6	99	[1]	διασκέψασθαι	_	_
2.6	100	[1]	χρὴ	_	_
2.6	101	[2]	κατὰ	_	_
2.6	102	[1]	τὰς	_	_
2.6	103	[3]	τῶν	_	_
2.6	104	[1]	ζώων	_	_
2.6	105	[1]	ἀνατομὰς	_	_
2.6	106	[11]	,	b	_
2.6	107	[1]	ὁπόσα	_	_
2.6	108	[1]	τ	_	_
2.6	109	[4]	’	b	_
2.6	110	[1]	ἐστὶ	_	_
2.6	111	[2]	καὶ	_	_
2.6	112	[1]	ὁποῖα	_	_
2.6	113	[12]	,	b	_
2.6	114	[1]	κᾄπειτα	_	_
2.6	115	[3]	κατὰ	_	_
2.6	116	[2]	τὸν	_	_
2.6	117	[1]	τράχηλον	_	_
2.6	118	[1]	ἕκαστον	_	_
2.6	119	[1]	αὐτὸ	_	_
2.6	120	[2]	ἢ	_	_
2.6	121	[1]	τέμνειν	_	_
2.6	122	[13]	,	b	_
2.6	123	[3]	ἢ	_	_
2.6	124	[1]	θλᾷν	_	_
2.6	125	[14]	,	b	_
2.6	126	[4]	ἢ	_	_
2.6	127	[1]	βρόχοις	_	_
2.6	128	[1]	διαλαμβάνειν	_	_
2.6	129	[15]	,	b	_
2.6	130	[1]	εἶτ	_	_
2.6	131	[5]	’	b	_
2.6	132	[1]	ἐπισκέπτεσθαι	_	_
2.6	133	[16]	,	b	_
2.6	134	[1]	τίνα	_	_
2.6	135	[1]	καταλαμβάνει	_	_
2.6	136	[2]	τὸ	_	_
2.6	137	[1]	ζῶον	_	_
2.6	138	[1]	παθήματα	_	_
2.6	139	[4]	.	b	_
2.6	140	[1]	συνάπτει	_	_
2.6	141	[3]	δὲ	_	_
2.6	142	[3]	καρδίαν	_	_
2.6	143	[2]	ἐγκεφάλῳ	_	_
2.6	144	[2]	τὰ	_	_
2.6	145	[1]	τρία	_	_
2.6	146	[1]	γένη	_	_
2.6	147	[4]	τῶν	_	_
2.6	148	[1]	ἀγγείων	_	_
2.6	149	[17]	,	b	_
2.6	150	[1]	ἅπερ	_	_
2.6	151	[1]	δὴ	_	_
2.6	152	[3]	καὶ	_	_
2.6	153	[1]	παντὸς	_	_
2.6	154	[1]	τοῦ	_	_
2.6	155	[1]	σώματος	_	_
2.6	156	[1]	ὑπάρχει	_	_
2.6	157	[1]	κοινὰ	_	_
2.6	158	[18]	,	b	_
2.6	159	[1]	φλέβες	_	_
2.6	160	[4]	καὶ	_	_
2.6	161	[1]	ἀρτηρίαι	_	_
2.6	162	[5]	καὶ	_	_
2.6	163	[1]	νεῦρα	_	_
2.6	164	[19]	,	b	_
2.6	165	[2]	φλέβες	_	_
2.6	166	[2]	μὲν	_	_
2.6	167	[1]	αἱ	_	_
2.6	168	[1]	σφαγίτιδες	_	_
2.6	169	[1]	ὀνομαζόμεναι	_	_
2.6	170	[20]	,	b	_
2.6	171	[2]	ἀρτηρίαι	_	_
2.6	172	[4]	δὲ	_	_
2.6	173	[2]	αἱ	_	_
2.6	174	[1]	καρωτίδες	_	_
2.6	175	[21]	,	b	_
2.6	176	[2]	νεῦρα	_	_
2.6	177	[5]	δὲ	_	_
2.6	178	[3]	τὰ	_	_
2.6	179	[1]	ταύταις	_	_
2.6	180	[1]	ταῖς	_	_
2.6	181	[1]	ἀρτηρίαις	_	_
2.6	182	[1]	παραπεφυκότα	_	_
2.6	183	[5]	.	b	_
2.6	184	[2]	τὰς	_	_
2.6	185	[3]	μὲν	_	_
2.6	186	[2]	δὴ	_	_
2.6	187	[1]	σφαγίτιδας	_	_
2.6	188	[1]	φλέβας	_	_
2.6	189	[5]	ἢ	_	_
2.6	190	[3]	τὰς	_	_
2.6	191	[1]	καρωτίδας	_	_
2.6	192	[1]	ἀρτηρίας	_	_
2.6	193	[1]	οὐχ	_	_
2.6	194	[1]	ἁπλῶς	_	_
2.6	195	[2]	χρὴ	_	_
2.6	196	[2]	τέμνειν	_	_
2.6	197	[22]	,	b	_
2.6	198	[1]	ὥσπερ	_	_
2.6	199	[4]	τὰ	_	_
2.6	200	[3]	νεῦρα	_	_
2.6	201	[23]	,	b	_
2.6	202	[1]	τεθνήξεται	_	_
2.6	203	[2]	γὰρ	_	_
2.6	204	[1]	εὐθέως	_	_
2.6	205	[3]	τὸ	_	_
2.6	206	[2]	ζῶον	_	_
2.6	207	[1]	αἱμοῤῥαγίᾳ	_	_
2.6	208	[1]	λάβρῳ	_	_
2.6	209	[1]	συσχεθὲν	_	_
2.6	210	[24]	,	b	_
2.6	211	[1]	ἀλλ	_	_
2.6	212	[6]	’	b	_
2.6	213	[1]	ἄμεινον	_	_
2.6	214	[2]	βρόχοις	_	_
2.6	215	[1]	ἰσχυροῖς	_	_
2.6	216	[1]	διαλαβόντα	_	_
2.6	217	[1]	πρῶτον	_	_
2.6	218	[1]	ἔν	_	_
2.6	219	[2]	τε	_	_
2.6	220	[1]	τοῖς	_	_
2.6	221	[1]	ἄνω	_	_
2.6	222	[6]	καὶ	_	_
2.6	223	[1]	κάτω	_	_
2.6	224	[1]	μέρεσι	_	_
2.6	225	[2]	τοῦ	_	_
2.6	226	[1]	τραχήλου	_	_
2.6	227	[4]	τὸ	_	_
2.6	228	[1]	μέσον	_	_
2.6	229	[5]	τῶν	_	_
2.6	230	[1]	βρόχων	_	_
2.6	231	[1]	διατέμνειν	_	_
2.6	232	[25]	,	b	_
2.6	233	[1]	ὡς	_	_
2.6	234	[1]	μηδεμίαν	_	_
2.6	235	[1]	αἱμοῤῥαγίαν	_	_
2.6	236	[1]	ἀκολουθῆσαι	_	_
2.6	237	[6]	.	b	_
2.6	238	[5]	τὰ	_	_
2.6	239	[4]	νεῦρα	_	_
2.6	240	[6]	δὲ	_	_
2.6	241	[1]	εἴτε	_	_
2.6	242	[2]	θλᾷν	_	_
2.6	243	[26]	,	b	_
2.6	244	[2]	εἴτε	_	_
2.6	245	[2]	διαλαμβάνειν	_	_
2.6	246	[1]	ἐθέλοις	_	_
2.6	247	[3]	βρόχοις	_	_
2.6	248	[1]	τισὶν	_	_
2.6	249	[6]	ἢ	_	_
2.6	250	[2]	τοῖς	_	_
2.6	251	[1]	σαυτοῦ	_	_
2.6	252	[1]	δακτύλοις	_	_
2.6	253	[27]	,	b	_
2.6	254	[3]	εἴτε	_	_
2.6	255	[3]	τέμνειν	_	_
2.6	256	[28]	,	b	_
2.6	257	[1]	ἐφ	_	_
2.6	258	[7]	’	b	_
2.6	259	[1]	ἅπασι	_	_
2.6	260	[1]	τούτοις	_	_
2.6	261	[3]	τοῖς	_	_
2.6	262	[1]	παθήμασιν	_	_
2.6	263	[1]	ἓν	_	_
2.6	264	[7]	καὶ	_	_
2.6	265	[1]	ταὐτὸν	_	_
2.6	266	[1]	ἀκολουθήσει	_	_
2.6	267	[1]	σύμπτωμα	_	_
2.6	268	[3]	τῷ	_	_
2.6	269	[1]	ζώῳ	_	_
2.6	270	[1]	·	b	_
2.6	271	[1]	ἄφωνον	_	_
2.6	272	[1]	ἔσται	_	_
2.6	273	[1]	παραχρῆμα	_	_
2.6	274	[29]	,	b	_
2.6	275	[6]	τῶν	_	_
2.6	276	[7]	δὲ	_	_
2.6	277	[1]	ἄλλων	_	_
2.6	278	[1]	ἐνεργειῶν	_	_
2.6	279	[1]	οὐδεμία	_	_
2.6	280	[1]	οὔτ	_	_
2.6	281	[8]	’	b	_
2.6	282	[1]	ἐν	_	_
2.6	283	[4]	τῷ	_	_
2.6	284	[1]	παραυτίκα	_	_
2.6	285	[1]	βεβλαμμένη	_	_
2.6	286	[30]	,	b	_
2.6	287	[2]	οὔτ	_	_
2.6	288	[9]	’	b	_
2.6	289	[1]	ἐξ	_	_
2.6	290	[1]	ὑστέρου	_	_
2.6	291	[1]	φανεῖται	_	_
2.6	292	[7]	.	b	_
2.6	293	[7]	τῶν	_	_
2.6	294	[1]	ἀρτηριῶν	_	_
2.6	295	[1]	δέ	_	_
2.6	296	[1]	γε	_	_
2.6	297	[4]	βρόχοις	_	_
2.6	298	[1]	διαληφθεισῶν	_	_
2.6	299	[7]	ἢ	_	_
2.6	300	[31]	,	b	_
2.6	301	[2]	ὡς	_	_
2.6	302	[1]	εἴρηται	_	_
2.6	303	[32]	,	b	_
2.6	304	[1]	τμηθεισῶν	_	_
2.6	305	[33]	,	b	_
2.6	306	[2]	ἄφωνον	_	_
2.6	307	[4]	μὲν	_	_
2.6	308	[8]	ἢ	_	_
2.6	309	[1]	καρῶδες	_	_
2.6	310	[34]	,	b	_
2.6	311	[3]	ὡς	_	_
2.6	312	[1]	οἱ	_	_
2.6	313	[1]	πλεῖστοι	_	_
2.6	314	[8]	τῶν	_	_
2.6	315	[1]	μεθ	_	_
2.6	316	[10]	’	b	_
2.6	317	[1]	Ἱπποκράτην	_	_
2.6	318	[1]	κακῶς	_	_
2.6	319	[1]	ἀνατεμόντων	_	_
2.6	320	[1]	ἔγραψαν	_	_
2.6	321	[35]	,	b	_
2.6	322	[2]	οὐκ	_	_
2.6	323	[2]	ἔσται	_	_
2.6	324	[5]	τὸ	_	_
2.6	325	[3]	ζῶον	_	_
2.6	326	[36]	,	b	_
2.6	327	[3]	αἱ	_	_
2.6	328	[8]	δὲ	_	_
2.6	329	[1]	ἀνωτέρω	_	_
2.6	330	[9]	τῶν	_	_
2.6	331	[1]	τρωθεισῶν	_	_
2.6	332	[2]	ἀρτηριῶν	_	_
2.6	333	[1]	ἅπασαι	_	_
2.6	334	[1]	τελέως	_	_
2.6	335	[1]	ἄσφυκτοι	_	_
2.6	336	[1]	γενήσονται	_	_
2.6	337	[8]	.	b	_
2.6	338	[4]	τὰς	_	_
2.6	339	[9]	δὲ	_	_
2.6	340	[2]	φλέβας	_	_
2.6	341	[1]	οὔτε	_	_
2.6	342	[5]	βρόχοις	_	_
2.6	343	[1]	διαλαμβάνων	_	_
2.6	344	[1]	οὔθ	_	_
2.6	345	[11]	’	b	_
2.6	346	[37]	,	b	_
2.6	347	[4]	ὡς	_	_
2.6	348	[2]	εἴρηται	_	_
2.6	349	[38]	,	b	_
2.6	350	[1]	τέμνων	_	_
2.6	351	[1]	ὄψει	_	_
2.6	352	[1]	τινὰ	_	_
2.6	353	[1]	σαφῶς	_	_
2.6	354	[1]	ἐνέργειαν	_	_
2.6	355	[1]	ἀπολλυμένην	_	_
2.6	356	[9]	.	b	_
2.6	357	[2]	ἐκ	_	_
2.6	358	[1]	τούτων	_	_
2.6	359	[10]	τῶν	_	_
2.6	360	[1]	φαινομένων	_	_
2.6	361	[1]	ἕτοιμόν	_	_
2.6	362	[2]	ἐστι	_	_
2.6	363	[1]	συλλογίσασθαι	_	_
2.6	364	[39]	,	b	_
2.6	365	[1]	μήτε	_	_
2.6	366	[4]	τὴν	_	_
2.6	367	[4]	καρδίαν	_	_
2.6	368	[1]	εἰς	_	_
2.6	369	[5]	τὴν	_	_
2.6	370	[11]	τῶν	_	_
2.6	371	[1]	σφυγμῶν	_	_
2.6	372	[1]	κίνησιν	_	_
2.6	373	[2]	ἐγκεφάλου	_	_
2.6	374	[1]	τι	_	_
2.6	375	[1]	προσδεῖσθαι	_	_
2.6	376	[40]	,	b	_
2.6	377	[2]	μήτε	_	_
2.6	378	[3]	τὸν	_	_
2.6	379	[1]	ἐγκέφαλον	_	_
2.6	380	[1]	καρδίας	_	_
2.6	381	[41]	,	b	_
2.6	382	[1]	ἵν	_	_
2.6	383	[12]	’	b	_
2.6	384	[1]	αἰσθάνηταί	_	_
2.6	385	[3]	τε	_	_
2.6	386	[8]	καὶ	_	_
2.6	387	[4]	κατὰ	_	_
2.6	388	[1]	προαίρεσιν	_	_
2.6	389	[1]	ἐνεργῇ	_	_
2.6	390	[6]	τὸ	_	_
2.6	391	[4]	ζῶον	_	_
2.6	392	[10]	.	b	_
2.6	393	[2]	ὅτι	_	_
2.6	394	[5]	μὲν	_	_
2.6	395	[3]	γὰρ	_	_
2.6	396	[1]	οὐδὲν	_	_
2.6	397	[2]	ἡ	_	_
2.6	398	[1]	καρδία	_	_
2.6	399	[1]	πρὸς	_	_
2.6	400	[6]	τὴν	_	_
2.6	401	[1]	οἰκείαν	_	_
2.6	402	[2]	κίνησιν	_	_
2.6	403	[3]	ἐγκεφάλου	_	_
2.6	404	[1]	δεῖται	_	_
2.6	405	[42]	,	b	_
2.6	406	[1]	δῆλόν	_	_
2.6	407	[1]	ἐστιν	_	_
2.6	408	[3]	ἐκ	_	_
2.6	409	[3]	τοῦ	_	_
2.6	410	[43]	,	b	_
2.6	411	[9]	καὶ	_	_
2.6	412	[12]	τῶν	_	_
2.6	413	[1]	φλεβῶν	_	_
2.6	414	[44]	,	b	_
2.6	415	[10]	καὶ	_	_
2.6	416	[13]	τῶν	_	_
2.6	417	[3]	ἀρτηριῶν	_	_
2.6	418	[11]	καὶ	_	_
2.6	419	[14]	τῶν	_	_
2.6	420	[2]	νεύρων	_	_
2.6	421	[15]	τῶν	_	_
2.6	422	[1]	προειρημένων	_	_
2.6	423	[6]	βρόχοις	_	_
2.6	424	[1]	διαληφθέντων	_	_
2.6	425	[45]	,	b	_
2.6	426	[1]	ὁμοίως	_	_
2.6	427	[1]	ἔτι	_	_
2.6	428	[1]	σφύζειν	_	_
2.6	429	[1]	αὐτὴν	_	_
2.6	430	[12]	καὶ	_	_
2.6	431	[5]	τὰς	_	_
2.6	432	[1]	καθ	_	_
2.6	433	[13]	’	b	_
2.6	434	[1]	ὅλον	_	_
2.6	435	[7]	τὸ	_	_
2.6	436	[5]	ζῶον	_	_
2.6	437	[2]	ἀρτηρίας	_	_
2.6	438	[2]	·	b	_
2.6	439	[4]	αἱ	_	_
2.6	440	[4]	γὰρ	_	_
2.6	441	[2]	ἀνωτέρω	_	_
2.6	442	[16]	τῶν	_	_
2.6	443	[2]	βρόχων	_	_
2.6	444	[1]	μόναι	_	_
2.6	445	[1]	παντάπασιν	_	_
2.6	446	[2]	ἄσφυκτοι	_	_
2.6	447	[1]	γίγνονται	_	_
2.6	448	[46]	,	b	_
2.6	449	[4]	τοῦ	_	_
2.6	450	[1]	συνεχοῦς	_	_
2.6	451	[1]	αὐτῶν	_	_
2.6	452	[1]	μέρους	_	_
2.6	453	[5]	τοῦ	_	_
2.6	454	[1]	μέχρι	_	_
2.6	455	[2]	καρδίας	_	_
2.6	456	[2]	ὡσαύτως	_	_
2.6	457	[2]	ταῖς	_	_
2.6	458	[1]	ἄλλαις	_	_
2.6	459	[1]	σφύζοντος	_	_
2.6	460	[11]	.	b	_
2.6	461	[3]	ὅτι	_	_
2.6	462	[10]	δὲ	_	_
2.6	463	[3]	οὐκ	_	_
2.6	464	[2]	ἔτι	_	_
2.6	465	[17]	τῶν	_	_
2.6	466	[4]	ἐγκεφάλου	_	_
2.6	467	[1]	δυνάμεων	_	_
2.6	468	[3]	ἡ	_	_
2.6	469	[2]	καρδία	_	_
2.6	470	[7]	τὴν	_	_
2.6	471	[1]	πρώτην	_	_
2.6	472	[2]	ἀρχὴν	_	_
2.6	473	[1]	ἔχει	_	_
2.6	474	[47]	,	b	_
2.6	475	[1]	μάθοις	_	_
2.6	476	[2]	ἂν	_	_
2.6	477	[4]	ἐκ	_	_
2.6	478	[6]	τοῦ	_	_
2.6	479	[48]	,	b	_
2.6	480	[2]	πάντων	_	_
2.6	481	[18]	τῶν	_	_
2.6	482	[1]	εἰρημένων	_	_
2.6	483	[3]	νεύρων	_	_
2.6	484	[1]	ἤτοι	_	_
2.6	485	[1]	τμηθέντων	_	_
2.6	486	[49]	,	b	_
2.6	487	[9]	ἢ	_	_
2.6	488	[7]	βρόχοις	_	_
2.6	489	[2]	διαληφθέντων	_	_
2.6	490	[50]	,	b	_
2.6	491	[3]	ἄφωνον	_	_
2.6	492	[1]	μόνον	_	_
2.6	493	[1]	γίγνεσθαι	_	_
2.6	494	[8]	τὸ	_	_
2.6	495	[6]	ζῶον	_	_
2.6	496	[51]	,	b	_
2.6	497	[1]	εἰσπνεῖν	_	_
2.6	498	[1]	μέντοι	_	_
2.6	499	[13]	καὶ	_	_
2.6	500	[1]	ἐκπνεῖν	_	_
2.6	501	[1]	ἀκωλύτως	_	_
2.6	502	[1]	κατ	_	_
2.6	503	[14]	’	b	_
2.6	504	[1]	ἀμφοτέρας	_	_
2.6	505	[6]	τὰς	_	_
2.6	506	[1]	διαφορὰς	_	_
2.6	507	[19]	τῶν	_	_
2.6	508	[1]	ἔμπροσθεν	_	_
2.6	509	[2]	εἰρημένων	_	_
2.6	510	[1]	εἰσπνοῶν	_	_
2.6	511	[4]	τε	_	_
2.6	512	[14]	καὶ	_	_
2.6	513	[1]	ἐκπνοῶν	_	_
2.6	514	[52]	,	b	_
2.6	515	[1]	οὕτω	_	_
2.6	516	[11]	δὲ	_	_
2.6	517	[1]	κᾀν	_	_
2.6	518	[4]	τοῖς	_	_
2.6	519	[1]	τέσσαρσιν	_	_
2.6	520	[1]	κώλοις	_	_
2.6	521	[3]	ἔτι	_	_
2.6	522	[15]	καὶ	_	_
2.6	523	[1]	νῦν	_	_
2.6	524	[1]	ἐνεργεῖν	_	_
2.6	525	[53]	,	b	_
2.6	526	[1]	καθάπερ	_	_
2.6	527	[16]	καὶ	_	_
2.6	528	[1]	πρόσθεν	_	_
2.6	529	[54]	,	b	_
2.6	530	[1]	ἀκούειν	_	_
2.6	531	[5]	τε	_	_
2.6	532	[17]	καὶ	_	_
2.6	533	[1]	βλέπειν	_	_
2.6	534	[18]	καὶ	_	_
2.6	535	[1]	πᾶσαν	_	_
2.6	536	[1]	αἴσθησιν	_	_
2.6	537	[1]	αἰσθάνεσθαι	_	_
2.6	538	[12]	.	b	_
2.6	539	[1]	μόνη	_	_
2.6	540	[5]	γὰρ	_	_
2.6	541	[55]	,	b	_
2.6	542	[5]	ὡς	_	_
2.6	543	[3]	εἴρηται	_	_
2.6	544	[56]	,	b	_
2.6	545	[1]	φωνὴ	_	_
2.6	546	[1]	διαφθείρεται	_	_
2.6	547	[7]	τοῦ	_	_
2.6	548	[1]	ζώου	_	_
2.6	549	[57]	,	b	_
2.6	550	[2]	τμηθέντων	_	_
2.6	551	[20]	τῶν	_	_
2.6	552	[1]	παρὰ	_	_
2.6	553	[3]	ταῖς	_	_
2.6	554	[2]	ἀρτηρίαις	_	_
2.6	555	[4]	νεύρων	_	_
2.6	556	[13]	.	b	_
2.6	557	[1]	ὅσοι	_	_
2.6	558	[12]	δὲ	_	_
2.6	559	[21]	τῶν	_	_
2.6	560	[1]	ἰατρῶν	_	_
2.6	561	[6]	τε	_	_
2.6	562	[19]	καὶ	_	_
2.6	563	[1]	φιλοσόφων	_	_
2.6	564	[1]	ἐπὶ	_	_
2.6	565	[4]	ταῖς	_	_
2.6	566	[1]	εἰρημέναις	_	_
2.6	567	[3]	ἀρτηρίαις	_	_
2.6	568	[2]	ἤτοι	_	_
2.6	569	[1]	τμηθείσαις	_	_
2.6	570	[58]	,	b	_
2.6	571	[10]	ἢ	_	_
2.6	572	[59]	,	b	_
2.6	573	[6]	ὡς	_	_
2.6	574	[4]	εἴρηται	_	_
2.6	575	[60]	,	b	_
2.6	576	[1]	διαληφθείσαις	_	_
2.6	577	[1]	ᾤοντο	_	_
2.6	578	[1]	καροῦσθαι	_	_
2.6	579	[9]	τὸ	_	_
2.6	580	[7]	ζῶον	_	_
2.6	581	[61]	,	b	_
2.6	582	[2]	εἶτ	_	_
2.6	583	[15]	’	b	_
2.6	584	[5]	ἐκ	_	_
2.6	585	[1]	τούτου	_	_
2.6	586	[1]	συνελογίζοντο	_	_
2.6	587	[8]	τὴν	_	_
2.6	588	[5]	καρδίαν	_	_
2.6	589	[3]	ἐγκεφάλῳ	_	_
2.6	590	[1]	χορηγεῖν	_	_
2.6	591	[1]	αἴσθησίν	_	_
2.6	592	[7]	τε	_	_
2.6	593	[20]	καὶ	_	_
2.6	594	[3]	κίνησιν	_	_
2.6	595	[62]	,	b	_
2.6	596	[1]	ἐσφάλθαι	_	_
2.6	597	[6]	μὲν	_	_
2.6	598	[1]	αὐτοὺς	_	_
2.6	599	[1]	ὑποληπτέον	_	_
2.6	600	[2]	ἐν	_	_
2.6	601	[1]	τῇ	_	_
2.6	602	[1]	περὶ	_	_
2.6	603	[10]	τὸ	_	_
2.6	604	[1]	φαινόμενον	_	_
2.6	605	[1]	ἐμπειρίᾳ	_	_
2.6	606	[63]	,	b	_
2.6	607	[11]	τὸ	_	_
2.6	608	[2]	δ	_	_
2.6	609	[16]	’	b	_
2.6	610	[2]	ἐξ	_	_
2.6	611	[1]	ὑποθέσεως	_	_
2.6	612	[1]	ἀκολουθοῦν	_	_
2.6	613	[1]	﻿	_	_
2.6	614	[1]	ἀκριβῶς	_	_
2.6	615	[1]	ἑωρακέναι	_	_
2.6	616	[3]	·	b	_
2.6	617	[1]	εἴπερ	_	_
2.6	618	[6]	γὰρ	_	_
2.6	619	[1]	ὄντως	_	_
2.6	620	[1]	ἐγίγνετο	_	_
2.6	621	[2]	καρῶδες	_	_
2.6	622	[12]	τὸ	_	_
2.6	623	[8]	ζῶον	_	_
2.6	624	[64]	,	b	_
2.6	625	[1]	ὅπερ	_	_
2.6	626	[1]	αὐτοῖς	_	_
2.6	627	[1]	ὄνομα	_	_
2.6	628	[1]	βούλεται	_	_
2.6	629	[1]	σημαίνειν	_	_
2.6	630	[13]	τὸ	_	_
2.6	631	[1]	ἀναίσθητόν	_	_
2.6	632	[8]	τε	_	_
2.6	633	[21]	καὶ	_	_
2.6	634	[1]	ἀκίνητον	_	_
2.6	635	[65]	,	b	_
2.6	636	[3]	ἐξ	_	_
2.6	637	[1]	ἀνάγκης	_	_
2.6	638	[3]	ἂν	_	_
2.6	639	[1]	ἀκολουθεῖν	_	_
2.6	640	[14]	τὸ	_	_
2.6	641	[9]	τὴν	_	_
2.6	642	[6]	καρδίαν	_	_
2.6	643	[2]	ἐπιπέμπειν	_	_
2.6	644	[4]	ἐγκεφάλῳ	_	_
2.6	645	[10]	τὴν	_	_
2.6	646	[2]	πρώτην	_	_
2.6	647	[3]	ἀρχὴν	_	_
2.6	648	[1]	αἰσθήσεώς	_	_
2.6	649	[9]	τε	_	_
2.6	650	[22]	καὶ	_	_
2.6	651	[2]	κινήσεως	_	_
2.6	652	[66]	,	b	_
2.6	653	[1]	ἣν	_	_
2.6	654	[1]	αὐτὸς	_	_
2.6	655	[1]	ἅπαντι	_	_
2.6	656	[5]	τῷ	_	_
2.6	657	[1]	σώματι	_	_
2.6	658	[1]	διὰ	_	_
2.6	659	[5]	νεύρων	_	_
2.6	660	[1]	χορηγεῖ	_	_
2.6	661	[67]	,	b	_
2.6	662	[1]	ὥστ	_	_
2.6	663	[17]	’	b	_
2.6	664	[1]	εἶναι	_	_
2.6	665	[1]	δευτέραν	_	_
2.6	666	[2]	τινὰ	_	_
2.6	667	[4]	ἀρχὴν	_	_
2.6	668	[1]	αὐτὸν	_	_
2.6	669	[68]	,	b	_
2.6	670	[4]	οὐκ	_	_
2.6	671	[2]	ἀκριβῶς	_	_
2.6	672	[3]	πρώτην	_	_
2.6	673	[69]	,	b	_
2.6	674	[1]	ἀνάλογον	_	_
2.6	675	[1]	ὑπάρχῳ	_	_
2.6	676	[1]	μεγάλου	_	_
2.6	677	[1]	βασιλέως	_	_
2.6	678	[14]	.	b	_
2.6	679	[1]	ἀποδεδειγμένον	_	_
2.6	680	[7]	γὰρ	_	_
2.6	681	[3]	ἐν	_	_
2.6	682	[5]	τοῖς	_	_
2.6	683	[2]	ἔμπροσθεν	_	_
2.6	684	[70]	,	b	_
2.6	685	[7]	ὡς	_	_
2.6	686	[4]	ἡ	_	_
2.6	687	[7]	μὲν	_	_
2.6	688	[3]	καρδία	_	_
2.6	689	[22]	τῶν	_	_
2.6	690	[4]	ἀρτηριῶν	_	_
2.6	691	[71]	,	b	_
2.6	692	[3]	ὁ	_	_
2.6	693	[3]	δ	_	_
2.6	694	[18]	’	b	_
2.6	695	[2]	ἐγκέφαλος	_	_
2.6	696	[23]	τῶν	_	_
2.6	697	[6]	νεύρων	_	_
2.6	698	[1]	ἐστὶν	_	_
2.6	699	[2]	ἀρχὴ	_	_
2.6	700	[72]	,	b	_
2.6	701	[1]	περαίνοιτ	_	_
2.6	702	[19]	’	b	_
2.6	703	[4]	ἂν	_	_
2.6	704	[73]	,	b	_
2.6	705	[2]	εἴπερ	_	_
2.6	706	[1]	ἀληθὲς	_	_
2.6	707	[1]	ἦν	_	_
2.6	708	[15]	τὸ	_	_
2.6	709	[1]	λεγόμενον	_	_
2.6	710	[74]	,	b	_
2.6	711	[8]	ὡς	_	_
2.6	712	[5]	ἡ	_	_
2.6	713	[4]	καρδία	_	_
2.6	714	[2]	διὰ	_	_
2.6	715	[24]	τῶν	_	_
2.6	716	[5]	ἀρτηριῶν	_	_
2.6	717	[5]	ἐγκεφάλῳ	_	_
2.6	718	[2]	χορηγεῖ	_	_
2.6	719	[2]	δύναμιν	_	_
2.6	720	[1]	ψυχικήν	_	_
2.6	721	[15]	.	b	_
2.6	722	[1]	οὐ	_	_
2.6	723	[1]	μὴν	_	_
2.6	724	[1]	ἀληθές	_	_
2.6	725	[2]	ἐστιν	_	_
2.6	726	[75]	,	b	_
2.6	727	[1]	ἀλλὰ	_	_
2.6	728	[1]	κατεψεύσαντο	_	_
2.6	729	[8]	τοῦ	_	_
2.6	730	[1]	φαινομένου	_	_
2.6	731	[5]	κατὰ	_	_
2.6	732	[7]	τὰς	_	_
2.6	733	[1]	ἀνατομάς	_	_
2.6	734	[16]	.	b	_
2.6	735	[3]	καρῶδες	_	_
2.6	736	[8]	μὲν	_	_
2.6	737	[8]	γὰρ	_	_
2.6	738	[1]	οὐδ	_	_
2.6	739	[20]	’	b	_
2.6	740	[2]	ἐπὶ	_	_
2.6	741	[6]	τοῖς	_	_
2.6	742	[1]	νεύροις	_	_
2.6	743	[1]	τμηθεῖσι	_	_
2.6	744	[1]	γίγνεται	_	_
2.6	745	[16]	τὸ	_	_
2.6	746	[9]	ζῶον	_	_
2.6	747	[76]	,	b	_
2.6	748	[1]	μήτοι	_	_
2.6	749	[2]	γε	_	_
2.6	750	[3]	δὴ	_	_
2.6	751	[5]	ταῖς	_	_
2.6	752	[4]	ἀρτηρίαις	_	_
2.6	753	[4]	·	b	_
2.6	754	[4]	ἄφωνον	_	_
2.6	755	[13]	δὲ	_	_
2.6	756	[25]	τῶν	_	_
2.6	757	[7]	νεύρων	_	_
2.6	758	[9]	μὲν	_	_
2.6	759	[1]	βλαβέντων	_	_
2.6	760	[2]	γίγνεται	_	_
2.6	761	[77]	,	b	_
2.6	762	[26]	τῶν	_	_
2.6	763	[6]	ἀρτηριῶν	_	_
2.6	764	[4]	δ	_	_
2.6	765	[21]	’	b	_
2.6	766	[2]	οὐ	_	_
2.6	767	[3]	γίγνεται	_	_
2.6	768	[78]	,	b	_
2.6	769	[23]	καὶ	_	_
2.6	770	[1]	πολὺ	_	_
2.6	771	[14]	δὲ	_	_
2.6	772	[1]	μᾶλλον	_	_
2.6	773	[4]	ἔτι	_	_
2.6	774	[27]	τῶν	_	_
2.6	775	[2]	φλεβῶν	_	_
2.6	776	[17]	.	b	_
2.6	777	[2]	ἀλλ	_	_
2.6	778	[22]	’	b	_
2.6	779	[2]	οἱ	_	_
2.6	780	[2]	πλεῖστοι	_	_
2.6	781	[28]	τῶν	_	_
2.6	782	[2]	ἰατρῶν	_	_
2.6	783	[10]	τε	_	_
2.6	784	[24]	καὶ	_	_
2.6	785	[2]	φιλοσόφων	_	_
2.6	786	[1]	ἅμα	_	_
2.6	787	[6]	ταῖς	_	_
2.6	788	[5]	ἀρτηρίαις	_	_
2.6	789	[6]	τὰ	_	_
2.6	790	[5]	νεῦρα	_	_
2.6	791	[7]	τοῖς	_	_
2.6	792	[8]	βρόχοις	_	_
2.6	793	[1]	διαλαμβάνοντες	_	_
2.6	794	[79]	,	b	_
2.6	795	[1]	εἶτα	_	_
2.6	796	[5]	ἄφωνον	_	_
2.6	797	[1]	ὁρῶντες	_	_
2.6	798	[1]	αὐτίκα	_	_
2.6	799	[17]	τὸ	_	_
2.6	800	[10]	ζῶον	_	_
2.6	801	[1]	γιγνόμενον	_	_
2.6	802	[80]	,	b	_
2.6	803	[7]	ἀρτηριῶν	_	_
2.6	804	[18]	τὸ	_	_
2.6	805	[1]	πάθος	_	_
2.6	806	[1]	ᾠήθησαν	_	_
2.6	807	[1]	ὑπάρχειν	_	_
2.6	808	[81]	,	b	_
2.6	809	[25]	καὶ	_	_
2.6	810	[1]	κάρον	_	_
2.6	811	[1]	ὠνόμασαν	_	_
2.6	812	[82]	,	b	_
2.6	813	[5]	οὐκ	_	_
2.6	814	[1]	ὀρθῶς	_	_
2.6	815	[83]	,	b	_
2.6	816	[1]	οἶμαι	_	_
2.6	817	[84]	,	b	_
2.6	818	[1]	εἰ	_	_
2.6	819	[1]	μήτι	_	_
2.6	820	[1]	ἄρα	_	_
2.6	821	[11]	τὴν	_	_
2.6	822	[1]	ἀφωνίαν	_	_
2.6	823	[1]	ἐθέλουσιν	_	_
2.6	824	[1]	ὀνομάζειν	_	_
2.6	825	[2]	κάρον	_	_
2.6	826	[5]	·	b	_
2.6	827	[2]	οὕτω	_	_
2.6	828	[9]	γὰρ	_	_
2.6	829	[5]	ἂν	_	_
2.6	830	[1]	ὀνόματι	_	_
2.6	831	[2]	μόνον	_	_
2.6	832	[1]	σφάλλοιντο	_	_
2.6	833	[1]	κατά	_	_
2.6	834	[3]	γε	_	_
2.6	835	[1]	τοῦτο	_	_
2.6	836	[85]	,	b	_
2.6	837	[2]	περὶ	_	_
2.6	838	[15]	δὲ	_	_
2.6	839	[19]	τὸ	_	_
2.6	840	[1]	πρᾶγμα	_	_
2.6	841	[2]	αὐτὸ	_	_
2.6	842	[1]	ἁμαρτάνοιεν	_	_
2.6	843	[86]	,	b	_
2.6	844	[3]	εἴπερ	_	_
2.6	845	[3]	ἐπὶ	_	_
2.6	846	[7]	ταῖς	_	_
2.6	847	[6]	ἀρτηρίαις	_	_
2.6	848	[1]	ὑπολαμβάνοιεν	_	_
2.6	849	[6]	ἄφωνον	_	_
2.6	850	[2]	γίγνεσθαι	_	_
2.6	851	[20]	τὸ	_	_
2.6	852	[11]	ζῶον	_	_
2.6	853	[18]	.	b	_
2.7	1	[1]	Ἐγὼ	_	_
2.7	2	[1]	μὲν	_	_
2.7	3	[1]	δή	_	_
2.7	4	[1]	μοι	_	_
2.7	5	[1]	δοκῶ	_	_
2.7	6	[1]	τὸ	_	_
2.7	7	[1]	κελευσθὲν	_	_
2.7	8	[1]	ὑπὸ	_	_
2.7	9	[1]	τοῦ	_	_
2.7	10	[1]	Χρυσίππου	_	_
2.7	11	[1]	πεπραχέναι	_	_
2.7	12	[1]	ζητήσας	_	_
2.7	13	[1]	,	b	_
2.7	14	[1]	εἴτ	_	_
2.7	15	[1]	’	b	_
2.7	16	[1]	ἀπὸ	_	_
2.7	17	[1]	καρδίας	_	_
2.7	18	[1]	ἐγκεφάλῳ	_	_
2.7	19	[1]	δύναμίς	_	_
2.7	20	[1]	τις	_	_
2.7	21	[2]	,	b	_
2.7	22	[2]	εἴτ	_	_
2.7	23	[2]	’	b	_
2.7	24	[1]	ἀπ	_	_
2.7	25	[3]	’	b	_
2.7	26	[1]	ἐγκεφάλου	_	_
2.7	27	[1]	τῇ	_	_
2.7	28	[1]	καρδίᾳ	_	_
2.7	29	[1]	χορηγεῖται	_	_
2.7	30	[1]	.	b	_
2.7	31	[1]	Χρύσιππος	_	_
2.7	32	[1]	δ	_	_
2.7	33	[4]	’	b	_
2.7	34	[1]	αὐτὸς	_	_
2.7	35	[1]	ὀλιγώρως	_	_
2.7	36	[1]	ἐσχηκέναι	_	_
2.7	37	[1]	φαίνεται	_	_
2.7	38	[1]	περὶ	_	_
2.7	39	[1]	τὴν	_	_
2.7	40	[2]	τοῦ	_	_
2.7	41	[1]	πράγματος	_	_
2.7	42	[1]	ἔρευναν	_	_
2.7	43	[3]	,	b	_
2.7	44	[1]	ἰδὼν	_	_
2.7	45	[2]	μὲν	_	_
2.7	46	[2]	τὴν	_	_
2.7	47	[1]	ὁδὸν	_	_
2.7	48	[4]	,	b	_
2.7	49	[1]	ᾗ	_	_
2.7	50	[1]	χρὴ	_	_
2.7	51	[2]	τὸ	_	_
2.7	52	[1]	ζητούμενον	_	_
2.7	53	[1]	ἁλῶναι	_	_
2.7	54	[5]	,	b	_
2.7	55	[1]	μὴ	_	_
2.7	56	[1]	χρησάμενος	_	_
2.7	57	[1]	δὲ	_	_
2.7	58	[1]	αὐτῇ	_	_
2.7	59	[2]	.	b	_
2.7	60	[1]	μέμφομαι	_	_
2.7	61	[2]	δ	_	_
2.7	62	[5]	’	b	_
2.7	63	[1]	αὐτῷ	_	_
2.7	64	[1]	καὶ	_	_
2.7	65	[1]	διότι	_	_
2.7	66	[1]	καθ	_	_
2.7	67	[6]	’	b	_
2.7	68	[1]	ἓν	_	_
2.7	69	[1]	βιβλίον	_	_
2.7	70	[1]	ἐναντία	_	_
2.7	71	[1]	λέγειν	_	_
2.7	72	[1]	ὑπέμεινεν	_	_
2.7	73	[6]	,	b	_
2.7	74	[1]	οὐκ	_	_
2.7	75	[2]	ἀπὸ	_	_
2.7	76	[1]	μακροῦ	_	_
2.7	77	[1]	διαστήματος	_	_
2.7	78	[1]	ἀλλήλων	_	_
2.7	79	[1]	ἔμπροσθεν	_	_
2.7	80	[3]	μὲν	_	_
2.7	81	[1]	ὡς	_	_
2.7	82	[1]	ἀποδεικτικὸν	_	_
2.7	83	[1]	γράψας	_	_
2.7	84	[1]	τὸν	_	_
2.7	85	[3]	τοῦ	_	_
2.7	86	[1]	Ζήνωνος	_	_
2.7	87	[1]	λόγον	_	_
2.7	88	[7]	,	b	_
2.7	89	[1]	ἐπὶ	_	_
2.7	90	[1]	προήκοντι	_	_
2.7	91	[2]	δὲ	_	_
2.7	92	[1]	τῷ	_	_
2.7	93	[1]	συγγράμματι	_	_
2.7	94	[1]	δεικνὺς	_	_
2.7	95	[1]	αὐτοῦ	_	_
2.7	96	[3]	τὴν	_	_
2.7	97	[1]	λύσιν	_	_
2.7	98	[3]	.	b	_
2.7	99	[1]	εὑρίσκω	_	_
2.7	100	[3]	δ	_	_
2.7	101	[7]	’	b	_
2.7	102	[1]	οὐχ	_	_
2.7	103	[1]	ἥκιστα	_	_
2.7	104	[2]	τὸν	_	_
2.7	105	[1]	Χρύσιππον	_	_
2.7	106	[2]	καὶ	_	_
2.7	107	[1]	ἄλλας	_	_
2.7	108	[1]	τινὰς	_	_
2.7	109	[1]	ἐναντιολογίας	_	_
2.7	110	[1]	ἐν	_	_
2.7	111	[2]	αὐτῷ	_	_
2.7	112	[1]	τούτῳ	_	_
2.7	113	[2]	τῷ	_	_
2.7	114	[1]	λόγῳ	_	_
2.7	115	[2]	περὶ	_	_
2.7	116	[4]	τοῦ	_	_
2.7	117	[1]	τῆς	_	_
2.7	118	[1]	ψυχῆς	_	_
2.7	119	[1]	ἡγεμονικοῦ	_	_
2.7	120	[1]	πεποιημένον	_	_
2.7	121	[4]	.	b	_
2.7	122	[2]	ἐν	_	_
2.7	123	[1]	ἀρχῇ	_	_
2.7	124	[1]	γὰρ	_	_
2.7	125	[1]	προειπὼν	_	_
2.7	126	[8]	,	b	_
2.7	127	[2]	ὡς	_	_
2.7	128	[1]	τὰ	_	_
2.7	129	[4]	μὲν	_	_
2.7	130	[1]	ἄλλα	_	_
2.7	131	[1]	μέρη	_	_
2.7	132	[2]	τῆς	_	_
2.7	133	[2]	ψυχῆς	_	_
2.7	134	[3]	ἐν	_	_
2.7	135	[1]	οἷς	_	_
2.7	136	[1]	ἐστι	_	_
2.7	137	[5]	τοῦ	_	_
2.7	138	[1]	ζώου	_	_
2.7	139	[1]	μορίοις	_	_
2.7	140	[1]	ὁμολογεῖται	_	_
2.7	141	[9]	,	b	_
2.7	142	[3]	περὶ	_	_
2.7	143	[3]	δὲ	_	_
2.7	144	[6]	τοῦ	_	_
2.7	145	[2]	ἡγεμονικοῦ	_	_
2.7	146	[1]	μόνου	_	_
2.7	147	[1]	ζητεῖται	_	_
2.7	148	[10]	,	b	_
2.7	149	[1]	διὰ	_	_
2.7	150	[3]	τὸ	_	_
2.7	151	[1]	μήτε	_	_
2.7	152	[1]	αἴσθησιν	_	_
2.7	153	[1]	ἐκφανῆ	_	_
2.7	154	[1]	μηδεμίαν	_	_
2.7	155	[1]	εἶναι	_	_
2.7	156	[2]	αὐτοῦ	_	_
2.7	157	[11]	,	b	_
2.7	158	[1]	μήτ	_	_
2.7	159	[8]	’	b	_
2.7	160	[1]	ἐναργές	_	_
2.7	161	[1]	τι	_	_
2.7	162	[1]	τεκμήριον	_	_
2.7	163	[12]	,	b	_
2.7	164	[1]	ὀλίγον	_	_
2.7	165	[1]	ὕστερον	_	_
2.7	166	[3]	ὡς	_	_
2.7	167	[4]	περὶ	_	_
2.7	168	[1]	φαινομένου	_	_
2.7	169	[7]	τοῦ	_	_
2.7	170	[1]	μέρους	_	_
2.7	171	[1]	διαλέγεται	_	_
2.7	172	[5]	.	b	_
2.7	173	[1]	ἔχουσι	_	_
2.7	174	[4]	δ	_	_
2.7	175	[9]	’	b	_
2.7	176	[1]	αἱ	_	_
2.7	177	[1]	ῥήσεις	_	_
2.7	178	[3]	αὐτοῦ	_	_
2.7	179	[1]	τόνδε	_	_
2.7	180	[3]	τὸν	_	_
2.7	181	[1]	τρόπον	_	_
2.7	182	[6]	.	b	_
2.7	183	[1]	οὕτω	_	_
2.7	184	[2]	φαίνεται	_	_
2.7	185	[1]	διαφεύγειν	_	_
2.7	186	[1]	ὁ	_	_
2.7	187	[1]	τόπος	_	_
2.7	188	[1]	ἡμᾶς	_	_
2.7	189	[13]	,	b	_
2.7	190	[1]	οὔτε	_	_
2.7	191	[1]	αἰσθήσεως	_	_
2.7	192	[1]	ἐκφανοῦς	_	_
2.7	193	[1]	γιγνομένης	_	_
2.7	194	[14]	,	b	_
2.7	195	[1]	ὅπερ	_	_
2.7	196	[2]	ἐπὶ	_	_
2.7	197	[1]	τῶν	_	_
2.7	198	[1]	λοιπῶν	_	_
2.7	199	[1]	συντέτευχεν	_	_
2.7	200	[15]	,	b	_
2.7	201	[2]	οὔτε	_	_
2.7	202	[2]	τῶν	_	_
2.7	203	[1]	τεκμηρίων	_	_
2.7	204	[16]	,	b	_
2.7	205	[1]	δι	_	_
2.7	206	[10]	’	b	_
2.7	207	[1]	ὧν	_	_
2.7	208	[1]	ἄν	_	_
2.7	209	[2]	τις	_	_
2.7	210	[1]	συλλογίσαιτο	_	_
2.7	211	[1]	τοῦτο	_	_
2.7	212	[1]	·	b	_
2.7	213	[1]	οὐδὲ	_	_
2.7	214	[2]	γὰρ	_	_
2.7	215	[1]	ἂν	_	_
2.7	216	[1]	οὐδ	_	_
2.7	217	[11]	’	b	_
2.7	218	[3]	ἐπὶ	_	_
2.7	219	[1]	τοσοῦτον	_	_
2.7	220	[1]	ἀντιλογίας	_	_
2.7	221	[1]	προῆλθεν	_	_
2.7	222	[1]	ἰατροῖς	_	_
2.7	223	[1]	τε	_	_
2.7	224	[3]	καὶ	_	_
2.7	225	[1]	φιλοσόφοις	_	_
2.7	226	[7]	.	b	_
2.7	227	[1]	ταῦτα	_	_
2.7	228	[2]	προειπὼν	_	_
2.7	229	[2]	ὁ	_	_
2.7	230	[2]	Χρύσιππος	_	_
2.7	231	[1]	ἐφεξῆς	_	_
2.7	232	[1]	φησιν	_	_
2.7	233	[17]	,	b	_
2.7	234	[4]	ὡς	_	_
2.7	235	[1]	ἅπαντες	_	_
2.7	236	[1]	ἄνθρωποι	_	_
2.7	237	[3]	τῶν	_	_
2.7	238	[3]	τῆς	_	_
2.7	239	[1]	διανοίας	_	_
2.7	240	[1]	παθῶν	_	_
2.7	241	[1]	αἰσθάνονται	_	_
2.7	242	[1]	κατά	_	_
2.7	243	[2]	τε	_	_
2.7	244	[4]	τὸν	_	_
2.7	245	[1]	θώρακα	_	_
2.7	246	[4]	καὶ	_	_
2.7	247	[4]	τὴν	_	_
2.7	248	[1]	καρδίαν	_	_
2.7	249	[8]	.	b	_
2.7	250	[1]	ἔχει	_	_
2.7	251	[4]	δὲ	_	_
2.7	252	[5]	καὶ	_	_
2.7	253	[1]	ἥδε	_	_
2.7	254	[1]	ἡ	_	_
2.7	255	[1]	ῥῆσις	_	_
2.7	256	[1]	ᾧδε	_	_
2.7	257	[9]	.	b	_
2.7	258	[1]	κοινῇ	_	_
2.7	259	[1]	δέ	_	_
2.7	260	[2]	μοι	_	_
2.7	261	[1]	δοκοῦσιν	_	_
2.7	262	[1]	οἱ	_	_
2.7	263	[1]	πολλοὶ	_	_
2.7	264	[1]	φέρεσθαι	_	_
2.7	265	[4]	ἐπὶ	_	_
2.7	266	[1]	τοῦθ	_	_
2.7	267	[12]	’	b	_
2.7	268	[1]	ὡσανεὶ	_	_
2.7	269	[1]	αἰσθανόμενοι	_	_
2.7	270	[5]	περὶ	_	_
2.7	271	[5]	τὸν	_	_
2.7	272	[2]	θώρακα	_	_
2.7	273	[1]	αὐτοῖς	_	_
2.7	274	[4]	τῶν	_	_
2.7	275	[1]	κατὰ	_	_
2.7	276	[5]	τὴν	_	_
2.7	277	[1]	διάνοιαν	_	_
2.7	278	[2]	παθῶν	_	_
2.7	279	[1]	γιγνομένων	_	_
2.7	280	[18]	,	b	_
2.7	281	[6]	καὶ	_	_
2.7	282	[1]	μάλιστα	_	_
2.7	283	[2]	καθ	_	_
2.7	284	[13]	’	b	_
2.7	285	[1]	ὃν	_	_
2.7	286	[2]	ἡ	_	_
2.7	287	[1]	καρδία	_	_
2.7	288	[1]	τέτακται	_	_
2.7	289	[1]	τόπον	_	_
2.7	290	[19]	,	b	_
2.7	291	[1]	οἷον	_	_
2.7	292	[2]	μάλιστα	_	_
2.7	293	[5]	ἐπὶ	_	_
2.7	294	[5]	τῶν	_	_
2.7	295	[1]	φόβων	_	_
2.7	296	[7]	καὶ	_	_
2.7	297	[6]	τῶν	_	_
2.7	298	[1]	λυπῶν	_	_
2.7	299	[1]	λέγω	_	_
2.7	300	[8]	καὶ	_	_
2.7	301	[6]	ἐπὶ	_	_
2.7	302	[4]	τῆς	_	_
2.7	303	[1]	ὀργῆς	_	_
2.7	304	[20]	,	b	_
2.7	305	[9]	καὶ	_	_
2.7	306	[3]	μάλιστα	_	_
2.7	307	[8]	τοῦ	_	_
2.7	308	[1]	θυμοῦ	_	_
2.7	309	[10]	.	b	_
2.7	310	[2]	κατὰ	_	_
2.7	311	[1]	τήνδε	_	_
2.7	312	[6]	τὴν	_	_
2.7	313	[1]	ῥῆσιν	_	_
2.7	314	[21]	,	b	_
2.7	315	[1]	εἰ	_	_
2.7	316	[10]	καὶ	_	_
2.7	317	[1]	μηδὲν	_	_
2.7	318	[1]	ἄλλο	_	_
2.7	319	[22]	,	b	_
2.7	320	[4]	τὸ	_	_
2.7	321	[1]	γοῦν	_	_
2.7	322	[2]	ὡσανεὶ	_	_
2.7	323	[1]	προσέθηκεν	_	_
2.7	324	[23]	,	b	_
2.7	325	[1]	οὐ	_	_
2.7	326	[1]	τολμήσας	_	_
2.7	327	[1]	ἄντικρυς	_	_
2.7	328	[1]	εἰπεῖν	_	_
2.7	329	[24]	,	b	_
2.7	330	[1]	αἰσθάνεσθαι	_	_
2.7	331	[1]	τοὺς	_	_
2.7	332	[1]	ἀνθρώπους	_	_
2.7	333	[7]	τῶν	_	_
2.7	334	[3]	κατὰ	_	_
2.7	335	[7]	τὴν	_	_
2.7	336	[2]	διάνοιαν	_	_
2.7	337	[3]	παθῶν	_	_
2.7	338	[4]	ἐν	_	_
2.7	339	[3]	τῷ	_	_
2.7	340	[1]	θώρακι	_	_
2.7	341	[2]	γιγνομένων	_	_
2.7	342	[11]	.	b	_
2.7	343	[3]	ὡσανεὶ	_	_
2.7	344	[3]	γὰρ	_	_
2.7	345	[1]	ἔφη	_	_
2.7	346	[1]	συναισθανόμενοι	_	_
2.7	347	[25]	,	b	_
2.7	348	[1]	μικρὸν	_	_
2.7	349	[5]	δ	_	_
2.7	350	[14]	’	b	_
2.7	351	[2]	ὕστερον	_	_
2.7	352	[11]	καὶ	_	_
2.7	353	[5]	τὸ	_	_
2.7	354	[4]	ὡσανεὶ	_	_
2.7	355	[1]	περιελὼν	_	_
2.7	356	[1]	οὑτωσὶ	_	_
2.7	357	[1]	γράφει	_	_
2.7	358	[2]	·	b	_
2.7	359	[3]	ἡ	_	_
2.7	360	[4]	γὰρ	_	_
2.7	361	[6]	περὶ	_	_
2.7	362	[8]	τὴν	_	_
2.7	363	[3]	διάνοιαν	_	_
2.7	364	[1]	γιγνομένη	_	_
2.7	365	[1]	ταραχὴ	_	_
2.7	366	[3]	καθ	_	_
2.7	367	[15]	’	b	_
2.7	368	[1]	ἕκαστον	_	_
2.7	369	[1]	τούτων	_	_
2.7	370	[1]	αἰσθητῶς	_	_
2.7	371	[7]	περὶ	_	_
2.7	372	[2]	τοὺς	_	_
2.7	373	[1]	θώρακάς	_	_
2.7	374	[1]	ἐστιν	_	_
2.7	375	[12]	.	b	_
2.7	376	[1]	εἶτ	_	_
2.7	377	[16]	’	b	_
2.7	378	[2]	ἐφεξῆς	_	_
2.7	379	[3]	·	b	_
2.7	380	[5]	τῆς	_	_
2.7	381	[5]	μὲν	_	_
2.7	382	[5]	γὰρ	_	_
2.7	383	[2]	ὀργῆς	_	_
2.7	384	[2]	γιγνομένης	_	_
2.7	385	[1]	ἐνταῦθα	_	_
2.7	386	[1]	εὔλογον	_	_
2.7	387	[12]	καὶ	_	_
2.7	388	[1]	τὰς	_	_
2.7	389	[1]	λοιπὰς	_	_
2.7	390	[1]	ἐπιθυμίας	_	_
2.7	391	[2]	ἐνταῦθα	_	_
2.7	392	[2]	εἶναι	_	_
2.7	393	[13]	.	b	_
2.7	394	[13]	καὶ	_	_
2.7	395	[1]	πάλιν	_	_
2.7	396	[5]	ἐν	_	_
2.7	397	[1]	τοῖς	_	_
2.7	398	[1]	ἑξῆς	_	_
2.7	399	[9]	τοῦ	_	_
2.7	400	[1]	συγγράμματος	_	_
2.7	401	[26]	,	b	_
2.7	402	[14]	καὶ	_	_
2.7	403	[2]	τὰ	_	_
2.7	404	[8]	τῶν	_	_
2.7	405	[1]	ὀργιζομένων	_	_
2.7	406	[1]	πάθη	_	_
2.7	407	[27]	,	b	_
2.7	408	[1]	φησὶ	_	_
2.7	409	[28]	,	b	_
2.7	410	[3]	φαίνεται	_	_
2.7	411	[8]	περὶ	_	_
2.7	412	[6]	τὸν	_	_
2.7	413	[3]	θώρακα	_	_
2.7	414	[1]	γιγνόμενα	_	_
2.7	415	[29]	,	b	_
2.7	416	[15]	καὶ	_	_
2.7	417	[3]	τὰ	_	_
2.7	418	[9]	τῶν	_	_
2.7	419	[1]	ἐρώντων	_	_
2.7	420	[14]	.	b	_
2.7	421	[16]	καὶ	_	_
2.7	422	[1]	λοιπὸν	_	_
2.7	423	[2]	οὐκ	_	_
2.7	424	[1]	ἔτι	_	_
2.7	425	[1]	παύεται	_	_
2.7	426	[9]	περὶ	_	_
2.7	427	[10]	τῶν	_	_
2.7	428	[4]	παθῶν	_	_
2.7	429	[1]	διαλεγόμενος	_	_
2.7	430	[30]	,	b	_
2.7	431	[5]	ὡς	_	_
2.7	432	[1]	ἔν	_	_
2.7	433	[3]	τε	_	_
2.7	434	[4]	τῷ	_	_
2.7	435	[2]	θώρακι	_	_
2.7	436	[17]	καὶ	_	_
2.7	437	[10]	περὶ	_	_
2.7	438	[9]	τὴν	_	_
2.7	439	[2]	καρδίαν	_	_
2.7	440	[4]	μάλιστα	_	_
2.7	441	[1]	συνίστασθαι	_	_
2.7	442	[1]	φαινομένων	_	_
2.7	443	[15]	.	b	_
2.7	444	[1]	ὥστ	_	_
2.7	445	[17]	’	b	_
2.7	446	[1]	ἔγωγε	_	_
2.7	447	[1]	θαυμάζω	_	_
2.7	448	[1]	τἀνδρὸς	_	_
2.7	449	[31]	,	b	_
2.7	450	[1]	ὅτι	_	_
2.7	451	[6]	τὸ	_	_
2.7	452	[1]	κατ	_	_
2.7	453	[18]	’	b	_
2.7	454	[1]	ἀρχὰς	_	_
2.7	455	[1]	ὑφ	_	_
2.7	456	[19]	’	b	_
2.7	457	[1]	ἑαυτοῦ	_	_
2.7	458	[1]	γραφόμενον	_	_
2.7	459	[3]	οὐκ	_	_
2.7	460	[1]	ἐξήλειψεν	_	_
2.7	461	[32]	,	b	_
2.7	462	[1]	ἔνθα	_	_
2.7	463	[1]	φησὶν	_	_
2.7	464	[33]	,	b	_
2.7	465	[1]	οὔτ	_	_
2.7	466	[20]	’	b	_
2.7	467	[2]	αἴσθησιν	_	_
2.7	468	[1]	οὐδεμίαν	_	_
2.7	469	[1]	ἐμφανῆ	_	_
2.7	470	[1]	γίγνεσθαι	_	_
2.7	471	[34]	,	b	_
2.7	472	[1]	ποῦ	_	_
2.7	473	[7]	τὸ	_	_
2.7	474	[1]	κύριον	_	_
2.7	475	[6]	τῆς	_	_
2.7	476	[3]	ψυχῆς	_	_
2.7	477	[1]	μέρος	_	_
2.7	478	[35]	,	b	_
2.7	479	[3]	οὔτε	_	_
2.7	480	[2]	τεκμήριον	_	_
2.7	481	[4]	·	b	_
2.7	482	[2]	οὐ	_	_
2.7	483	[6]	γὰρ	_	_
2.7	484	[7]	ἐπὶ	_	_
2.7	485	[2]	τοσοῦτον	_	_
2.7	486	[1]	διενεχθῆναι	_	_
2.7	487	[2]	ἂν	_	_
2.7	488	[1]	πρὸς	_	_
2.7	489	[1]	ἀλλήλους	_	_
2.7	490	[1]	ἰατρούς	_	_
2.7	491	[4]	τε	_	_
2.7	492	[18]	καὶ	_	_
2.7	493	[1]	φιλοσόφους	_	_
2.7	494	[16]	.	b	_
2.7	495	[1]	ἢ	_	_
2.7	496	[36]	,	b	_
2.7	497	[1]	εἴπερ	_	_
2.7	498	[1]	ἀρέσκηται	_	_
2.7	499	[1]	τῷδε	_	_
2.7	500	[5]	τῷ	_	_
2.7	501	[2]	λόγῳ	_	_
2.7	502	[37]	,	b	_
2.7	503	[1]	πῶς	_	_
2.7	504	[4]	οὐκ	_	_
2.7	505	[1]	ᾐδέσθη	_	_
2.7	506	[2]	πάλιν	_	_
2.7	507	[1]	ὲν	_	_
2.7	508	[2]	τοῖς	_	_
2.7	509	[2]	ἑξῆς	_	_
2.7	510	[1]	αἰσθήσει	_	_
2.7	511	[1]	γε	_	_
2.7	512	[1]	κρίνων	_	_
2.7	513	[8]	τὸ	_	_
2.7	514	[1]	δόγμα	_	_
2.7	515	[38]	,	b	_
2.7	516	[19]	καὶ	_	_
2.7	517	[4]	φαίνεται	_	_
2.7	518	[1]	λέγων	_	_
2.7	519	[1]	;	b	_
2.7	520	[1]	ἐγὼ	_	_
2.7	521	[2]	δέ	_	_
2.7	522	[3]	μοι	_	_
2.7	523	[2]	δοκῶ	_	_
2.7	524	[39]	,	b	_
2.7	525	[1]	καθάπερ	_	_
2.7	526	[2]	ὀλίγον	_	_
2.7	527	[2]	ἔμπροσθεν	_	_
2.7	528	[1]	ἔπραξα	_	_
2.7	529	[7]	τὸν	_	_
2.7	530	[1]	ἀληθέστερον	_	_
2.7	531	[1]	ἑλόμενος	_	_
2.7	532	[2]	λόγον	_	_
2.7	533	[40]	,	b	_
2.7	534	[2]	ὃν	_	_
2.7	535	[3]	ὁ	_	_
2.7	536	[3]	Χρύσιππος	_	_
2.7	537	[1]	ἔγραψε	_	_
2.7	538	[2]	πρὸς	_	_
2.7	539	[1]	ἑαυτὸν	_	_
2.7	540	[1]	ἐναντιολογούμενος	_	_
2.7	541	[41]	,	b	_
2.7	542	[2]	οὕτω	_	_
2.7	543	[20]	καὶ	_	_
2.7	544	[1]	νῦν	_	_
2.7	545	[1]	ποιήσειν	_	_
2.7	546	[17]	.	b	_
2.7	547	[1]	οὐδεμία	_	_
2.7	548	[7]	γὰρ	_	_
2.7	549	[1]	αἴσθησις	_	_
2.7	550	[1]	ἡμῖν	_	_
2.7	551	[1]	γίγνεται	_	_
2.7	552	[10]	τοῦ	_	_
2.7	553	[7]	τῆς	_	_
2.7	554	[4]	ψυχῆς	_	_
2.7	555	[3]	ἡγεμονικοῦ	_	_
2.7	556	[4]	κατὰ	_	_
2.7	557	[10]	τὴν	_	_
2.7	558	[3]	καρδίαν	_	_
2.7	559	[2]	ἢ	_	_
2.7	560	[8]	τὸν	_	_
2.7	561	[4]	θώρακα	_	_
2.7	562	[1]	περιεχομένου	_	_
2.7	563	[42]	,	b	_
2.7	564	[21]	καὶ	_	_
2.7	565	[2]	διὰ	_	_
2.7	566	[1]	τοῦτ	_	_
2.7	567	[21]	’	b	_
2.7	568	[1]	ἐπαινῶ	_	_
2.7	569	[6]	μὲν	_	_
2.7	570	[4]	τὰ	_	_
2.7	571	[1]	πρῶτα	_	_
2.7	572	[11]	τοῦ	_	_
2.7	573	[2]	Χρυσίππου	_	_
2.7	574	[43]	,	b	_
2.7	575	[2]	δι	_	_
2.7	576	[22]	’	b	_
2.7	577	[2]	ὧν	_	_
2.7	578	[1]	ὁμολογεῖ	_	_
2.7	579	[9]	τὸ	_	_
2.7	580	[1]	ἀληθὲς	_	_
2.7	581	[44]	,	b	_
2.7	582	[5]	οὐκ	_	_
2.7	583	[2]	ἐπαινῶ	_	_
2.7	584	[5]	δὲ	_	_
2.7	585	[6]	ἐν	_	_
2.7	586	[2]	οἷς	_	_
2.7	587	[1]	καταψεύδεται	_	_
2.7	588	[8]	τῆς	_	_
2.7	589	[2]	αἰσθήσεως	_	_
2.7	590	[18]	.	b	_
2.7	591	[3]	οὐ	_	_
2.7	592	[8]	γὰρ	_	_
2.7	593	[2]	ἓν	_	_
2.7	594	[1]	ἔτ	_	_
2.7	595	[23]	’	b	_
2.7	596	[3]	ἐνταῦθα	_	_
2.7	597	[1]	δοκεῖ	_	_
2.7	598	[4]	μοι	_	_
2.7	599	[1]	σφάλλεσθαι	_	_
2.7	600	[5]	κατὰ	_	_
2.7	601	[9]	τὸν	_	_
2.7	602	[3]	λόγον	_	_
2.7	603	[45]	,	b	_
2.7	604	[1]	ἀλλὰ	_	_
2.7	605	[1]	δύο	_	_
2.7	606	[1]	μεγάλα	_	_
2.7	607	[5]	·	b	_
2.7	608	[1]	πρῶτον	_	_
2.7	609	[7]	μὲν	_	_
2.7	610	[46]	,	b	_
2.7	611	[2]	ὅτι	_	_
2.7	612	[47]	,	b	_
2.7	613	[1]	παντὸς	_	_
2.7	614	[12]	τοῦ	_	_
2.7	615	[1]	σώματος	_	_
2.7	616	[7]	ἐν	_	_
2.7	617	[3]	τοῖς	_	_
2.7	618	[9]	τῆς	_	_
2.7	619	[5]	ψυχῆς	_	_
2.7	620	[1]	πάθεσιν	_	_
2.7	621	[1]	ἐναργῶς	_	_
2.7	622	[1]	ἀλλοιουμένου	_	_
2.7	623	[48]	,	b	_
2.7	624	[22]	καὶ	_	_
2.7	625	[1]	ποτὲ	_	_
2.7	626	[8]	μὲν	_	_
2.7	627	[1]	ὠχριῶντός	_	_
2.7	628	[5]	τε	_	_
2.7	629	[23]	καὶ	_	_
2.7	630	[1]	καταψυχομένου	_	_
2.7	631	[24]	καὶ	_	_
2.7	632	[1]	τρέμοντος	_	_
2.7	633	[49]	,	b	_
2.7	634	[6]	ὡς	_	_
2.7	635	[8]	ἐν	_	_
2.7	636	[4]	τοῖς	_	_
2.7	637	[1]	φόβοις	_	_
2.7	638	[5]	φαίνεται	_	_
2.7	639	[1]	γιγνόμενον	_	_
2.7	640	[50]	,	b	_
2.7	641	[1]	ἔστιν	_	_
2.7	642	[1]	ὅτε	_	_
2.7	643	[6]	δ	_	_
2.7	644	[24]	’	b	_
2.7	645	[1]	ἐρυθριῶντός	_	_
2.7	646	[6]	τε	_	_
2.7	647	[25]	καὶ	_	_
2.7	648	[1]	θερμαινομένου	_	_
2.7	649	[26]	καὶ	_	_
2.7	650	[1]	σφοδρῶς	_	_
2.7	651	[1]	ἐντεινομένου	_	_
2.7	652	[51]	,	b	_
2.7	653	[2]	καθάπερ	_	_
2.7	654	[9]	ἐν	_	_
2.7	655	[5]	τοῖς	_	_
2.7	656	[1]	θυμοῖς	_	_
2.7	657	[52]	,	b	_
2.7	658	[1]	οὐδενὸς	_	_
2.7	659	[9]	μὲν	_	_
2.7	660	[1]	ἄλλου	_	_
2.7	661	[1]	μέμνηται	_	_
2.7	662	[1]	μορίου	_	_
2.7	663	[53]	,	b	_
2.7	664	[1]	μόνων	_	_
2.7	665	[6]	δὲ	_	_
2.7	666	[11]	τῶν	_	_
2.7	667	[6]	κατὰ	_	_
2.7	668	[10]	τὸν	_	_
2.7	669	[5]	θώρακα	_	_
2.7	670	[6]	·	b	_
2.7	671	[1]	ἔπειτα	_	_
2.7	672	[7]	δ	_	_
2.7	673	[25]	’	b	_
2.7	674	[54]	,	b	_
2.7	675	[3]	ὅτι	_	_
2.7	676	[55]	,	b	_
2.7	677	[1]	κᾂν	_	_
2.7	678	[1]	συγχωρηθῇ	_	_
2.7	679	[1]	μειζόνως	_	_
2.7	680	[4]	ἡ	_	_
2.7	681	[2]	καρδία	_	_
2.7	682	[12]	τῶν	_	_
2.7	683	[1]	ἄλλων	_	_
2.7	684	[13]	τοῦ	_	_
2.7	685	[2]	ζώου	_	_
2.7	686	[1]	μορίων	_	_
2.7	687	[1]	ἐξισταμένη	_	_
2.7	688	[14]	τοῦ	_	_
2.7	689	[7]	κατὰ	_	_
2.7	690	[1]	φύσιν	_	_
2.7	691	[10]	ἐν	_	_
2.7	692	[2]	φόβοις	_	_
2.7	693	[7]	τε	_	_
2.7	694	[27]	καὶ	_	_
2.7	695	[1]	λύπαις	_	_
2.7	696	[56]	,	b	_
2.7	697	[1]	ἀγωνίαις	_	_
2.7	698	[8]	τε	_	_
2.7	699	[28]	καὶ	_	_
2.7	700	[2]	θυμοῖς	_	_
2.7	701	[57]	,	b	_
2.7	702	[1]	ἅπασί	_	_
2.7	703	[9]	τε	_	_
2.7	704	[6]	τοῖς	_	_
2.7	705	[1]	ἄλλοις	_	_
2.7	706	[2]	πάθεσιν	_	_
2.7	707	[58]	,	b	_
2.7	708	[4]	οὐ	_	_
2.7	709	[10]	τὸ	_	_
2.7	710	[1]	λογιζόμενον	_	_
2.7	711	[10]	τῆς	_	_
2.7	712	[6]	ψυχῆς	_	_
2.7	713	[59]	,	b	_
2.7	714	[1]	﻿	_	_
2.7	715	[2]	ἀλλὰ	_	_
2.7	716	[11]	τὸ	_	_
2.7	717	[1]	θυμούμενον	_	_
2.7	718	[3]	ἢ	_	_
2.7	719	[1]	ἐπιθυμοῦν	_	_
2.7	720	[4]	ἐνταῦθα	_	_
2.7	721	[1]	ὑπάρχειν	_	_
2.7	722	[1]	ἐνδείξεται	_	_
2.7	723	[7]	·	b	_
2.7	724	[1]	ὥστε	_	_
2.7	725	[1]	πλέον	_	_
2.7	726	[1]	θάτερον	_	_
2.7	727	[60]	,	b	_
2.7	728	[4]	ἢ	_	_
2.7	729	[2]	ὅπερ	_	_
2.7	730	[2]	αὐτὸς	_	_
2.7	731	[1]	βούλεται	_	_
2.7	732	[61]	,	b	_
2.7	733	[1]	περαίνεσθαι	_	_
2.7	734	[3]	διὰ	_	_
2.7	735	[15]	τοῦ	_	_
2.7	736	[1]	λόγου	_	_
2.7	737	[19]	.	b	_
2.7	738	[2]	εἰ	_	_
2.7	739	[9]	γὰρ	_	_
2.7	740	[11]	ἐν	_	_
2.7	741	[10]	μὲν	_	_
2.7	742	[6]	τῷ	_	_
2.7	743	[1]	διανοεῖσθαί	_	_
2.7	744	[10]	τε	_	_
2.7	745	[29]	καὶ	_	_
2.7	746	[1]	μανθάνειν	_	_
2.7	747	[5]	ἢ	_	_
2.7	748	[1]	διδάσκειν	_	_
2.7	749	[2]	οὐδεμία	_	_
2.7	750	[1]	κίνησις	_	_
2.7	751	[1]	ἐξαίρετος	_	_
2.7	752	[1]	ἐμφαίνεται	_	_
2.7	753	[8]	κατὰ	_	_
2.7	754	[11]	τὴν	_	_
2.7	755	[4]	καρδίαν	_	_
2.7	756	[62]	,	b	_
2.7	757	[12]	ἐν	_	_
2.7	758	[1]	ἅπασι	_	_
2.7	759	[7]	δὲ	_	_
2.7	760	[7]	τοῖς	_	_
2.7	761	[3]	πάθεσιν	_	_
2.7	762	[2]	ἐναργῶς	_	_
2.7	763	[6]	φαίνεται	_	_
2.7	764	[63]	,	b	_
2.7	765	[1]	δῆλον	_	_
2.7	766	[64]	,	b	_
2.7	767	[1]	οἶμαι	_	_
2.7	768	[65]	,	b	_
2.7	769	[2]	γίγνεται	_	_
2.7	770	[66]	,	b	_
2.7	771	[12]	τὸ	_	_
2.7	772	[11]	μὲν	_	_
2.7	773	[2]	λογιζόμενον	_	_
2.7	774	[11]	τῆς	_	_
2.7	775	[7]	ψυχῆς	_	_
2.7	776	[6]	οὐκ	_	_
2.7	777	[3]	εἶναι	_	_
2.7	778	[9]	κατὰ	_	_
2.7	779	[12]	τὴν	_	_
2.7	780	[5]	καρδίαν	_	_
2.7	781	[67]	,	b	_
2.7	782	[13]	τὸ	_	_
2.7	783	[8]	δ	_	_
2.7	784	[26]	’	b	_
2.7	785	[1]	ἀλόγιστόν	_	_
2.7	786	[11]	τε	_	_
2.7	787	[30]	καὶ	_	_
2.7	788	[1]	παθητικὸν	_	_
2.7	789	[1]	ὀνομαζόμενον	_	_
2.7	790	[13]	ἐν	_	_
2.7	791	[2]	αὐτῇ	_	_
2.7	792	[1]	περιέχεσθαι	_	_
2.7	793	[8]	·	b	_
2.7	794	[3]	εἰ	_	_
2.7	795	[9]	δ	_	_
2.7	796	[27]	’	b	_
2.7	797	[68]	,	b	_
2.7	798	[2]	ἔνθα	_	_
2.7	799	[14]	τὸ	_	_
2.7	800	[1]	πάσχον	_	_
2.7	801	[69]	,	b	_
2.7	802	[1]	ἐνταῦθά	_	_
2.7	803	[1]	φησι	_	_
2.7	804	[31]	καὶ	_	_
2.7	805	[15]	τὸ	_	_
2.7	806	[3]	λογιζόμενον	_	_
2.7	807	[2]	ὑπάρχειν	_	_
2.7	808	[70]	,	b	_
2.7	809	[1]	αὐτὸ	_	_
2.7	810	[16]	τὸ	_	_
2.7	811	[2]	ζητούμενον	_	_
2.7	812	[2]	ἀπ	_	_
2.7	813	[28]	’	b	_
2.7	814	[1]	ἀρχῆς	_	_
2.7	815	[1]	ἐξ	_	_
2.7	816	[1]	ἑτοίμου	_	_
2.7	817	[1]	λήψεται	_	_
2.7	818	[20]	.	b	_
2.7	819	[1]	πολλῷ	_	_
2.7	820	[10]	δ	_	_
2.7	821	[29]	’	b	_
2.7	822	[1]	ἦν	_	_
2.7	823	[1]	ἄμεινον	_	_
2.7	824	[1]	ἀπόδειξίν	_	_
2.7	825	[1]	τινα	_	_
2.7	826	[2]	ἡμᾶς	_	_
2.7	827	[1]	διδάξαι	_	_
2.7	828	[16]	τοῦ	_	_
2.7	829	[1]	λαβεῖν	_	_
2.7	830	[1]	ἐκ	_	_
2.7	831	[1]	προχείρου	_	_
2.7	832	[17]	τὸ	_	_
2.7	833	[3]	ζητούμενον	_	_
2.7	834	[71]	,	b	_
2.7	835	[1]	ἀλλ	_	_
2.7	836	[30]	’	b	_
2.7	837	[2]	οὔτ	_	_
2.7	838	[31]	’	b	_
2.7	839	[14]	ἐν	_	_
2.7	840	[7]	τῷ	_	_
2.7	841	[1]	βιβλίῳ	_	_
2.7	842	[8]	τῷ	_	_
2.7	843	[1]	πρώτῳ	_	_
2.7	844	[11]	περὶ	_	_
2.7	845	[8]	ψυχῆς	_	_
2.7	846	[72]	,	b	_
2.7	847	[3]	οὔτ	_	_
2.7	848	[32]	’	b	_
2.7	849	[15]	ἐν	_	_
2.7	850	[8]	τοῖς	_	_
2.7	851	[12]	περὶ	_	_
2.7	852	[5]	παθῶν	_	_
2.7	853	[2]	ἀπόδειξίν	_	_
2.7	854	[2]	τινα	_	_
2.7	855	[1]	εἶπε	_	_
2.7	856	[17]	τοῦ	_	_
2.7	857	[1]	χρῆναι	_	_
2.7	858	[1]	πάντως	_	_
2.7	859	[73]	,	b	_
2.7	860	[3]	ἔνθα	_	_
2.7	861	[18]	τὸ	_	_
2.7	862	[1]	ἄλογόν	_	_
2.7	863	[2]	ἐστιν	_	_
2.7	864	[74]	,	b	_
2.7	865	[1]	ἐνταῦθ	_	_
2.7	866	[33]	’	b	_
2.7	867	[4]	εἶναι	_	_
2.7	868	[32]	καὶ	_	_
2.7	869	[19]	τὸ	_	_
2.7	870	[4]	λογιζόμενον	_	_
2.7	871	[75]	,	b	_
2.7	872	[2]	ἀλλ	_	_
2.7	873	[34]	’	b	_
2.7	874	[1]	ἑτοίμως	_	_
2.7	875	[12]	τε	_	_
2.7	876	[1]	κἀκ	_	_
2.7	877	[2]	προχείρου	_	_
2.7	878	[1]	πανταχοῦ	_	_
2.7	879	[1]	λαμβάνει	_	_
2.7	880	[76]	,	b	_
2.7	881	[1]	καίτοι	_	_
2.7	882	[1]	Πλάτωνος	_	_
2.7	883	[1]	ἐνίας	_	_
2.7	884	[12]	μὲν	_	_
2.7	885	[1]	ἀποδείξεις	_	_
2.7	886	[16]	ἐν	_	_
2.7	887	[9]	τῷ	_	_
2.7	888	[1]	τετάρτῳ	_	_
2.7	889	[12]	τῆς	_	_
2.7	890	[1]	πολιτείας	_	_
2.7	891	[1]	γράψαντος	_	_
2.7	892	[77]	,	b	_
2.7	893	[2]	ἐνίας	_	_
2.7	894	[11]	δ	_	_
2.7	895	[35]	’	b	_
2.7	896	[1]	αὖθις	_	_
2.7	897	[1]	ἐρεῖν	_	_
2.7	898	[1]	ἀναβαλομένου	_	_
2.7	899	[78]	,	b	_
2.7	900	[13]	περὶ	_	_
2.7	901	[3]	ὧν	_	_
2.7	902	[1]	ἐνδείκνυται	_	_
2.7	903	[10]	κατὰ	_	_
2.7	904	[11]	τὸν	_	_
2.7	905	[1]	Τίμαιον	_	_
2.7	906	[79]	,	b	_
2.7	907	[1]	ἃς	_	_
2.7	908	[1]	κᾀγὼ	_	_
2.7	909	[4]	διὰ	_	_
2.7	910	[13]	τῶν	_	_
2.7	911	[3]	ἑξῆς	_	_
2.7	912	[1]	ὑπομνημάτων	_	_
2.7	913	[1]	ἁπάσας	_	_
2.7	914	[1]	γράψω	_	_
2.7	915	[21]	.	b	_
2.7	916	[1]	νυνὶ	_	_
2.7	917	[12]	δ	_	_
2.7	918	[36]	’	b	_
2.7	919	[1]	οὔπω	_	_
2.7	920	[5]	μοι	_	_
2.7	921	[1]	πρόκειται	_	_
2.7	922	[2]	τοῦτο	_	_
2.7	923	[1]	δεικνύειν	_	_
2.7	924	[80]	,	b	_
2.7	925	[3]	ἀλλ	_	_
2.7	926	[37]	’	b	_
2.7	927	[4]	ὅτι	_	_
2.7	928	[20]	τὸ	_	_
2.7	929	[5]	λογιζόμενον	_	_
2.7	930	[13]	τῆς	_	_
2.7	931	[9]	ψυχῆς	_	_
2.7	932	[81]	,	b	_
2.7	933	[1]	ὃ	_	_
2.7	934	[1]	δὴ	_	_
2.7	935	[33]	καὶ	_	_
2.7	936	[1]	ἡγεμονικόν	_	_
2.7	937	[13]	τε	_	_
2.7	938	[34]	καὶ	_	_
2.7	939	[4]	διάνοιαν	_	_
2.7	940	[35]	καὶ	_	_
2.7	941	[2]	κύριον	_	_
2.7	942	[3]	αὐτὸς	_	_
2.7	943	[4]	ὁ	_	_
2.7	944	[4]	Χρύσιππος	_	_
2.7	945	[1]	ὀνομάζει	_	_
2.7	946	[82]	,	b	_
2.7	947	[11]	κατὰ	_	_
2.7	948	[12]	τὸν	_	_
2.7	949	[1]	ἐγκέφαλόν	_	_
2.7	950	[2]	ἐστι	_	_
2.7	951	[22]	.	b	_
2.7	952	[1]	τούτου	_	_
2.7	953	[10]	γὰρ	_	_
2.7	954	[1]	ἀποδειχθέντος	_	_
2.7	955	[83]	,	b	_
2.7	956	[1]	ἐάν	_	_
2.7	957	[3]	τις	_	_
2.7	958	[1]	ἑτέρα	_	_
2.7	959	[1]	δύναμις	_	_
2.7	960	[17]	ἐν	_	_
2.7	961	[2]	τῇ	_	_
2.7	962	[2]	καρδίᾳ	_	_
2.7	963	[1]	φαίνηται	_	_
2.7	964	[1]	περιεχομένη	_	_
2.7	965	[84]	,	b	_
2.7	966	[1]	μηδαμόθεν	_	_
2.7	967	[1]	ἑτέρωθεν	_	_
2.7	968	[1]	ὁρμωμένη	_	_
2.7	969	[85]	,	b	_
2.7	970	[2]	τὰς	_	_
2.7	971	[2]	δύο	_	_
2.7	972	[13]	μὲν	_	_
2.7	973	[2]	ἀρχὰς	_	_
2.7	974	[1]	ἤδη	_	_
2.7	975	[1]	σαφῶς	_	_
2.7	976	[1]	ἕξομεν	_	_
2.7	977	[86]	,	b	_
2.7	978	[3]	ἐφεξῆς	_	_
2.7	979	[8]	δὲ	_	_
2.7	980	[36]	καὶ	_	_
2.7	981	[13]	τὴν	_	_
2.7	982	[1]	τρίτην	_	_
2.7	983	[1]	ὁμοίως	_	_
2.7	984	[1]	ἐξευρήσομεν	_	_
2.7	985	[23]	.	b	_
2.7	986	[3]	ἀλλὰ	_	_
2.7	987	[3]	τοῦτο	_	_
2.7	988	[14]	μὲν	_	_
2.7	989	[1]	εἰς	_	_
2.7	990	[13]	τὸν	_	_
2.7	991	[1]	μέλλοντα	_	_
2.7	992	[4]	λόγον	_	_
2.7	993	[1]	ἀναβεβλήσθω	_	_
2.7	994	[24]	.	b	_
2.7	995	[2]	νυνὶ	_	_
2.7	996	[13]	δ	_	_
2.7	997	[38]	’	b	_
2.7	998	[1]	ἐπανέλθωμεν	_	_
2.7	999	[2]	αὖθις	_	_
2.7	1000	[1]	ἐπ	_	_
2.7	1001	[39]	’	b	_
2.7	1002	[1]	ἐκεῖνον	_	_
2.7	1003	[14]	τὸν	_	_
2.7	1004	[5]	λόγον	_	_
2.7	1005	[87]	,	b	_
2.7	1006	[1]	ὅθεν	_	_
2.7	1007	[2]	εἰς	_	_
2.7	1008	[1]	τοῦτον	_	_
2.7	1009	[1]	ἐξέβημεν	_	_
2.7	1010	[88]	,	b	_
2.7	1011	[7]	ὡς	_	_
2.7	1012	[1]	ἄρα	_	_
2.7	1013	[5]	ὁ	_	_
2.7	1014	[5]	Χρύσιππος	_	_
2.7	1015	[2]	ἐναντιολογούμενος	_	_
2.7	1016	[1]	ἑαυτῷ	_	_
2.7	1017	[1]	παρὰ	_	_
2.7	1018	[1]	πόδας	_	_
2.7	1019	[7]	οὐκ	_	_
2.7	1020	[1]	αἰσθάνεται	_	_
2.7	1021	[89]	,	b	_
2.7	1022	[3]	καθάπερ	_	_
2.7	1023	[1]	ἐπεδείξαμεν	_	_
2.7	1024	[90]	,	b	_
2.7	1025	[1]	διά	_	_
2.7	1026	[14]	τε	_	_
2.7	1027	[18]	τοῦ	_	_
2.7	1028	[14]	περὶ	_	_
2.7	1029	[14]	τῆς	_	_
2.7	1030	[1]	φωνῆς	_	_
2.7	1031	[2]	λόγου	_	_
2.7	1032	[37]	καὶ	_	_
2.7	1033	[19]	τοῦ	_	_
2.7	1034	[1]	φάσκειν	_	_
2.7	1035	[91]	,	b	_
2.7	1036	[1]	ἐνίοτε	_	_
2.7	1037	[15]	μὲν	_	_
2.7	1038	[2]	οὐδεμίαν	_	_
2.7	1039	[3]	αἴσθησιν	_	_
2.7	1040	[2]	ἡμῖν	_	_
2.7	1041	[2]	γίγνεσθαι	_	_
2.7	1042	[20]	τοῦ	_	_
2.7	1043	[1]	περιέχοντος	_	_
2.7	1044	[1]	τόπου	_	_
2.7	1045	[21]	τὸ	_	_
2.7	1046	[1]	ἡγεμονικὸν	_	_
2.7	1047	[92]	,	b	_
2.7	1048	[2]	ἐνίοτε	_	_
2.7	1049	[9]	δὲ	_	_
2.7	1050	[1]	φαίνεσθαι	_	_
2.7	1051	[2]	λέγειν	_	_
2.7	1052	[1]	αὐτόν	_	_
2.7	1053	[25]	.	b	_
2.7	1054	[4]	ἀλλὰ	_	_
2.7	1055	[11]	γὰρ	_	_
2.7	1056	[2]	οὐδὲ	_	_
2.7	1057	[2]	τοῦτ	_	_
2.7	1058	[40]	’	b	_
2.7	1059	[2]	αὐτὸ	_	_
2.7	1060	[1]	πρόκειταί	_	_
2.7	1061	[6]	μοι	_	_
2.7	1062	[2]	νῦν	_	_
2.7	1063	[1]	ἀποδεικνύειν	_	_
2.7	1064	[93]	,	b	_
2.7	1065	[5]	ὅτι	_	_
2.7	1066	[2]	μὴ	_	_
2.7	1067	[1]	πάρεργον	_	_
2.7	1068	[26]	.	b	_
2.8	1	[1]	Ἀλλ	_	_
2.8	2	[1]	’	b	_
2.8	3	[1]	ἦν	_	_
2.8	4	[1]	ἐξ	_	_
2.8	5	[1]	ἀρχῆς	_	_
2.8	6	[1]	τὸ	_	_
2.8	7	[1]	προκείμενον	_	_
2.8	8	[1]	ἐν	_	_
2.8	9	[1]	τούτῳ	_	_
2.8	10	[1]	τῷ	_	_
2.8	11	[1]	γράμματι	_	_
2.8	12	[1]	τὰς	_	_
2.8	13	[1]	τέτταρας	_	_
2.8	14	[1]	διαφορὰς	_	_
2.8	15	[1]	ἐπιδεῖξαι	_	_
2.8	16	[1]	τῶν	_	_
2.8	17	[1]	λημμάτων	_	_
2.8	18	[1]	.	b	_
2.8	19	[1]	ἐκάλουν	_	_
2.8	20	[1]	δὲ	_	_
2.8	21	[2]	τὸ	_	_
2.8	22	[1]	μὲν	_	_
2.8	23	[1]	πρῶτον	_	_
2.8	24	[1]	γένος	_	_
2.8	25	[1]	αὐτῶν	_	_
2.8	26	[1]	ἐπιστημονικόν	_	_
2.8	27	[1]	τε	_	_
2.8	28	[1]	καὶ	_	_
2.8	29	[1]	ἀποδεικτικὸν	_	_
2.8	30	[1]	,	b	_
2.8	31	[3]	τὸ	_	_
2.8	32	[2]	δὲ	_	_
2.8	33	[1]	δεύτερον	_	_
2.8	34	[1]	γυμναστικόν	_	_
2.8	35	[2]	τε	_	_
2.8	36	[2]	καὶ	_	_
2.8	37	[2]	,	b	_
2.8	38	[1]	ὡς	_	_
2.8	39	[1]	Ἀριστοτέλης	_	_
2.8	40	[1]	ὀνομάσειε	_	_
2.8	41	[3]	,	b	_
2.8	42	[1]	διαλεκτικὸν	_	_
2.8	43	[4]	,	b	_
2.8	44	[4]	τὸ	_	_
2.8	45	[3]	δὲ	_	_
2.8	46	[1]	τρίτον	_	_
2.8	47	[1]	πιθανόν	_	_
2.8	48	[3]	τε	_	_
2.8	49	[3]	καὶ	_	_
2.8	50	[1]	ῥητορικὸν	_	_
2.8	51	[5]	,	b	_
2.8	52	[5]	τὸ	_	_
2.8	53	[4]	δὲ	_	_
2.8	54	[1]	τέταρτον	_	_
2.8	55	[1]	σοφιστικὸν	_	_
2.8	56	[6]	,	b	_
2.8	57	[1]	ἐπεδείκνυόν	_	_
2.8	58	[4]	τε	_	_
2.8	59	[7]	,	b	_
2.8	60	[1]	τὰ	_	_
2.8	61	[2]	μὲν	_	_
2.8	62	[1]	ἀπὸ	_	_
2.8	63	[2]	τῶν	_	_
2.8	64	[1]	ὑπαρχόντων	_	_
2.8	65	[5]	τε	_	_
2.8	66	[4]	καὶ	_	_
2.8	67	[1]	συμβαινόντων	_	_
2.8	68	[1]	τῇ	_	_
2.8	69	[1]	καρδίᾳ	_	_
2.8	70	[1]	συνιστάμενα	_	_
2.8	71	[1]	κατὰ	_	_
2.8	72	[1]	μόνον	_	_
2.8	73	[1]	αὐτὸ	_	_
2.8	74	[6]	τὸ	_	_
2.8	75	[1]	ζητούμενον	_	_
2.8	76	[1]	πρᾶγμα	_	_
2.8	77	[3]	τῶν	_	_
2.8	78	[1]	ἐπιστημονικῶν	_	_
2.8	79	[1]	εἶναι	_	_
2.8	80	[2]	λημμάτων	_	_
2.8	81	[8]	,	b	_
2.8	82	[2]	τὰ	_	_
2.8	83	[1]	δ	_	_
2.8	84	[2]	’	b	_
2.8	85	[1]	ἄλλα	_	_
2.8	86	[1]	σύμπαντα	_	_
2.8	87	[1]	διαλεκτικὰ	_	_
2.8	88	[9]	,	b	_
2.8	89	[3]	τὰ	_	_
2.8	90	[2]	δ	_	_
2.8	91	[3]	’	b	_
2.8	92	[2]	ἀπὸ	_	_
2.8	93	[4]	τῶν	_	_
2.8	94	[1]	ἔξωθεν	_	_
2.8	95	[1]	μαρτύρων	_	_
2.8	96	[1]	ῥητορικὰ	_	_
2.8	97	[10]	,	b	_
2.8	98	[4]	τὰ	_	_
2.8	99	[3]	δ	_	_
2.8	100	[4]	’	b	_
2.8	101	[1]	ὁμωνυμίαις	_	_
2.8	102	[1]	τισὶν	_	_
2.8	103	[1]	ἢ	_	_
2.8	104	[1]	τοῖς	_	_
2.8	105	[1]	τῆς	_	_
2.8	106	[1]	λέξεως	_	_
2.8	107	[1]	σχήμασι	_	_
2.8	108	[1]	πεπανουργημένα	_	_
2.8	109	[1]	σοφιστικά	_	_
2.8	110	[2]	.	b	_
2.8	111	[5]	τὰ	_	_
2.8	112	[3]	μὲν	_	_
2.8	113	[1]	οὖν	_	_
2.8	114	[1]	ἐπιστημονικὰ	_	_
2.8	115	[1]	καθ	_	_
2.8	116	[5]	’	b	_
2.8	117	[1]	ἕκαστον	_	_
2.8	118	[2]	πρᾶγμα	_	_
2.8	119	[1]	παντάπασιν	_	_
2.8	120	[1]	ὀλίγα	_	_
2.8	121	[6]	τε	_	_
2.8	122	[5]	καὶ	_	_
2.8	123	[1]	εὐαρίθμητ	_	_
2.8	124	[6]	’	b	_
2.8	125	[1]	ἐστὶ	_	_
2.8	126	[11]	,	b	_
2.8	127	[6]	τὰ	_	_
2.8	128	[5]	δὲ	_	_
2.8	129	[1]	γυμναστικὰ	_	_
2.8	130	[1]	πάμπολλα	_	_
2.8	131	[1]	·	b	_
2.8	132	[2]	καθ	_	_
2.8	133	[7]	’	b	_
2.8	134	[2]	ἕκαστον	_	_
2.8	135	[1]	γὰρ	_	_
2.8	136	[5]	τῶν	_	_
2.8	137	[2]	ὑπαρχόντων	_	_
2.8	138	[7]	τε	_	_
2.8	139	[6]	καὶ	_	_
2.8	140	[2]	συμβαινόντων	_	_
2.8	141	[2]	τῷ	_	_
2.8	142	[1]	πράγματι	_	_
2.8	143	[1]	συνίσταται	_	_
2.8	144	[3]	.	b	_
2.8	145	[1]	τὸν	_	_
2.8	146	[1]	γοῦν	_	_
2.8	147	[3]	ἀπὸ	_	_
2.8	148	[2]	τῆς	_	_
2.8	149	[1]	φωνῆς	_	_
2.8	150	[1]	ἐρωτώμενον	_	_
2.8	151	[1]	λόγον	_	_
2.8	152	[1]	ἐκ	_	_
2.8	153	[3]	τῆς	_	_
2.8	154	[1]	θέσεως	_	_
2.8	155	[1]	ὁρμώμενον	_	_
2.8	156	[1]	ἐπέδειξα	_	_
2.8	157	[2]	·	b	_
2.8	158	[1]	οὕτω	_	_
2.8	159	[6]	δὲ	_	_
2.8	160	[7]	καὶ	_	_
2.8	161	[2]	τὸν	_	_
2.8	162	[4]	ἀπὸ	_	_
2.8	163	[4]	τῆς	_	_
2.8	164	[1]	εἰσπνοῆς	_	_
2.8	165	[8]	τε	_	_
2.8	166	[8]	καὶ	_	_
2.8	167	[1]	ἐκπνοῆς	_	_
2.8	168	[4]	.	b	_
2.8	169	[1]	ὡσαύτως	_	_
2.8	170	[4]	δ	_	_
2.8	171	[8]	’	b	_
2.8	172	[1]	ἔχοντα	_	_
2.8	173	[1]	εὑρήσεις	_	_
2.8	174	[9]	καὶ	_	_
2.8	175	[3]	τὸν	_	_
2.8	176	[5]	ἀπὸ	_	_
2.8	177	[5]	τῆς	_	_
2.8	178	[2]	ἐν	_	_
2.8	179	[1]	ταῖς	_	_
2.8	180	[1]	λύπαις	_	_
2.8	181	[1]	δήξεως	_	_
2.8	182	[5]	.	b	_
2.8	183	[1]	ἐναργῶς	_	_
2.8	184	[4]	μὲν	_	_
2.8	185	[2]	γὰρ	_	_
2.8	186	[1]	ἡ	_	_
2.8	187	[1]	δῆξίς	_	_
2.8	188	[1]	ἐστιν	_	_
2.8	189	[3]	ἐν	_	_
2.8	190	[3]	τῷ	_	_
2.8	191	[1]	στόματι	_	_
2.8	192	[6]	τῆς	_	_
2.8	193	[1]	γαστρὸς	_	_
2.8	194	[12]	,	b	_
2.8	195	[1]	οἱ	_	_
2.8	196	[5]	δ	_	_
2.8	197	[9]	’	b	_
2.8	198	[1]	ἐς	_	_
2.8	199	[1]	τὴν	_	_
2.8	200	[1]	καρδίαν	_	_
2.8	201	[1]	ἀναφέρουσιν	_	_
2.8	202	[1]	αὐτήν	_	_
2.8	203	[6]	.	b	_
2.8	204	[1]	οἳ	_	_
2.8	205	[5]	μὲν	_	_
2.8	206	[2]	οὖν	_	_
2.8	207	[13]	,	b	_
2.8	208	[1]	ὅτι	_	_
2.8	209	[1]	πλησίον	_	_
2.8	210	[2]	ἡ	_	_
2.8	211	[1]	καρδία	_	_
2.8	212	[1]	τέτακται	_	_
2.8	213	[4]	τῷ	_	_
2.8	214	[2]	στόματι	_	_
2.8	215	[7]	τῆς	_	_
2.8	216	[2]	γαστρὸς	_	_
2.8	217	[14]	,	b	_
2.8	218	[1]	διὰ	_	_
2.8	219	[1]	τοῦτ	_	_
2.8	220	[10]	’	b	_
2.8	221	[1]	ἀπ	_	_
2.8	222	[11]	’	b	_
2.8	223	[1]	ἐκείνης	_	_
2.8	224	[1]	ἄρχεσθαι	_	_
2.8	225	[1]	νομίζουσι	_	_
2.8	226	[7]	τὸ	_	_
2.8	227	[1]	πάθος	_	_
2.8	228	[15]	,	b	_
2.8	229	[6]	ἀπὸ	_	_
2.8	230	[8]	τῆς	_	_
2.8	231	[2]	θέσεως	_	_
2.8	232	[1]	ἐπιχειροῦσιν	_	_
2.8	233	[7]	.	b	_
2.8	234	[2]	οἳ	_	_
2.8	235	[6]	δ	_	_
2.8	236	[12]	’	b	_
2.8	237	[1]	αὐτὴν	_	_
2.8	238	[1]	ὄντως	_	_
2.8	239	[1]	οἴονται	_	_
2.8	240	[2]	τὴν	_	_
2.8	241	[2]	καρδίαν	_	_
2.8	242	[1]	δάκνεσθαι	_	_
2.8	243	[16]	,	b	_
2.8	244	[1]	πάμπολυ	_	_
2.8	245	[1]	σφάλλονται	_	_
2.8	246	[8]	.	b	_
2.8	247	[1]	κάτω	_	_
2.8	248	[6]	μὲν	_	_
2.8	249	[3]	γὰρ	_	_
2.8	250	[1]	τοῦ	_	_
2.8	251	[1]	θώρακος	_	_
2.8	252	[3]	ἡ	_	_
2.8	253	[2]	δῆξίς	_	_
2.8	254	[2]	ἐστιν	_	_
2.8	255	[1]	ὑπὸ	_	_
2.8	256	[5]	τῷ	_	_
2.8	257	[2]	κατὰ	_	_
2.8	258	[8]	τὸ	_	_
2.8	259	[1]	στέρνον	_	_
2.8	260	[1]	χόνδρῳ	_	_
2.8	261	[17]	,	b	_
2.8	262	[4]	ἡ	_	_
2.8	263	[2]	καρδία	_	_
2.8	264	[7]	δ	_	_
2.8	265	[13]	’	b	_
2.8	266	[4]	ἐν	_	_
2.8	267	[1]	μέσῳ	_	_
2.8	268	[2]	τέτακται	_	_
2.8	269	[6]	τῷ	_	_
2.8	270	[1]	θώρακι	_	_
2.8	271	[18]	,	b	_
2.8	272	[10]	καὶ	_	_
2.8	273	[1]	οὐδεὶς	_	_
2.8	274	[1]	ᾔσθετο	_	_
2.8	275	[1]	πώποτε	_	_
2.8	276	[9]	τῆς	_	_
2.8	277	[1]	καρδίας	_	_
2.8	278	[1]	αὐτῆς	_	_
2.8	279	[1]	δακνομένης	_	_
2.8	280	[1]	οὔτ	_	_
2.8	281	[14]	’	b	_
2.8	282	[5]	ἐν	_	_
2.8	283	[2]	λύπαις	_	_
2.8	284	[2]	οὔτ	_	_
2.8	285	[15]	’	b	_
2.8	286	[6]	ἐν	_	_
2.8	287	[1]	ἄλλῳ	_	_
2.8	288	[1]	πάθει	_	_
2.8	289	[1]	ψυχῆς	_	_
2.8	290	[2]	ἢ	_	_
2.8	291	[1]	σώματος	_	_
2.8	292	[9]	.	b	_
2.8	293	[1]	οὐ	_	_
2.8	294	[1]	μὴν	_	_
2.8	295	[1]	οὐδ	_	_
2.8	296	[16]	’	b	_
2.8	297	[5]	ἡ	_	_
2.8	298	[1]	καρδιαλγία	_	_
2.8	299	[1]	τοὔνομα	_	_
2.8	300	[3]	τὴν	_	_
2.8	301	[7]	ἐν	_	_
2.8	302	[7]	τῷ	_	_
2.8	303	[2]	θώρακι	_	_
2.8	304	[1]	περιεχομένην	_	_
2.8	305	[3]	καρδίαν	_	_
2.8	306	[1]	ὀδυνᾶσθαι	_	_
2.8	307	[1]	δηλοῖ	_	_
2.8	308	[19]	,	b	_
2.8	309	[1]	ἀλλ	_	_
2.8	310	[17]	’	b	_
2.8	311	[1]	ἔστιν	_	_
2.8	312	[1]	ὁμωνυμία	_	_
2.8	313	[1]	τις	_	_
2.8	314	[1]	οὐδένα	_	_
2.8	315	[1]	λανθάνουσα	_	_
2.8	316	[6]	τῶν	_	_
2.8	317	[1]	ὡμιληκότων	_	_
2.8	318	[1]	ἀρχαίων	_	_
2.8	319	[1]	γράμμασι	_	_
2.8	320	[10]	.	b	_
2.8	321	[1]	ὥσπερ	_	_
2.8	322	[4]	γὰρ	_	_
2.8	323	[9]	τὸ	_	_
2.8	324	[3]	κατὰ	_	_
2.8	325	[4]	τὸν	_	_
2.8	326	[1]	θώρακα	_	_
2.8	327	[1]	σπλάγχνον	_	_
2.8	328	[20]	,	b	_
2.8	329	[2]	οὕτω	_	_
2.8	330	[11]	καὶ	_	_
2.8	331	[10]	τὸ	_	_
2.8	332	[10]	τῆς	_	_
2.8	333	[3]	γαστρὸς	_	_
2.8	334	[1]	στόμα	_	_
2.8	335	[4]	καρδίαν	_	_
2.8	336	[1]	ὀνομάζουσιν	_	_
2.8	337	[2]	οἱ	_	_
2.8	338	[1]	παλαιοὶ	_	_
2.8	339	[21]	,	b	_
2.8	340	[12]	καὶ	_	_
2.8	341	[1]	πάμπολύ	_	_
2.8	342	[1]	γε	_	_
2.8	343	[1]	τοὔνομά	_	_
2.8	344	[1]	ἐστι	_	_
2.8	345	[1]	παρ	_	_
2.8	346	[18]	’	b	_
2.8	347	[1]	αὐτοῖς	_	_
2.8	348	[11]	.	b	_
2.8	349	[2]	ἀλλ	_	_
2.8	350	[19]	’	b	_
2.8	351	[1]	ἐγὼ	_	_
2.8	352	[1]	δυοῖν	_	_
2.8	353	[3]	ἢ	_	_
2.8	354	[1]	τριῶν	_	_
2.8	355	[1]	ἐπιμνησθήσομαι	_	_
2.8	356	[7]	τῶν	_	_
2.8	357	[1]	παραδειγμάτων	_	_
2.8	358	[1]	ὑπὲρ	_	_
2.8	359	[2]	τοῦ	_	_
2.8	360	[1]	σαφῶς	_	_
2.8	361	[1]	ἐνδείξασθαι	_	_
2.8	362	[11]	τὸ	_	_
2.8	363	[1]	σημαινόμενον	_	_
2.8	364	[2]	ἐκ	_	_
2.8	365	[11]	τῆς	_	_
2.8	366	[2]	λέξεως	_	_
2.8	367	[12]	.	b	_
2.8	368	[1]	ὁ	_	_
2.8	369	[7]	μὲν	_	_
2.8	370	[1]	δὴ	_	_
2.8	371	[1]	Νίκανδρος	_	_
2.8	372	[1]	ᾧδέ	_	_
2.8	373	[1]	πως	_	_
2.8	374	[1]	φησίν	_	_
2.8	375	[3]	·	b	_
2.8	376	[1]	—	a	_
2.8	377	[2]	—	a	_
2.8	378	[1]	ἣν	_	_
2.8	379	[1]	κραδίην	_	_
2.8	380	[1]	ἐπιδόρπιον	_	_
2.8	381	[22]	,	b	_
2.8	382	[3]	οἱ	_	_
2.8	383	[7]	δὲ	_	_
2.8	384	[1]	δοχαίην	_	_
2.8	385	[1]	Κλείουσι	_	_
2.8	386	[1]	στομάχοιο	_	_
2.8	387	[13]	.	b	_
2.8	388	[1]	Θουκυδίδης	_	_
2.8	389	[8]	δ	_	_
2.8	390	[20]	’	b	_
2.8	391	[1]	ᾧδε	_	_
2.8	392	[4]	·	b	_
2.8	393	[13]	καὶ	_	_
2.8	394	[1]	ὁπότε	_	_
2.8	395	[1]	εἰς	_	_
2.8	396	[4]	τὴν	_	_
2.8	397	[5]	καρδίαν	_	_
2.8	398	[1]	στηρίξειεν	_	_
2.8	399	[23]	,	b	_
2.8	400	[1]	ἀνέτρεπέ	_	_
2.8	401	[9]	τε	_	_
2.8	402	[2]	αὐτὴν	_	_
2.8	403	[14]	καὶ	_	_
2.8	404	[1]	ἀπο	_	_
2.8	405	[1]	καθάρσεις	_	_
2.8	406	[1]	χολῆς	_	_
2.8	407	[1]	πᾶσαι	_	_
2.8	408	[24]	,	b	_
2.8	409	[1]	ὅσαι	_	_
2.8	410	[2]	ὑπὸ	_	_
2.8	411	[8]	τῶν	_	_
2.8	412	[1]	ἰατρῶν	_	_
2.8	413	[1]	εἰσιν	_	_
2.8	414	[1]	ὠνομασμέναι	_	_
2.8	415	[25]	,	b	_
2.8	416	[1]	ἐπῄεσαν	_	_
2.8	417	[14]	.	b	_
2.8	418	[2]	ὁ	_	_
2.8	419	[9]	δ	_	_
2.8	420	[21]	’	b	_
2.8	421	[1]	Ἱπποκράτης	_	_
2.8	422	[5]	·	b	_
2.8	423	[1]	γυνὴ	_	_
2.8	424	[1]	ἐκαρδιήλγεε	_	_
2.8	425	[26]	,	b	_
2.8	426	[15]	καὶ	_	_
2.8	427	[1]	οὐδὲν	_	_
2.8	428	[1]	καθίστη	_	_
2.8	429	[1]	πλὴν	_	_
2.8	430	[2]	ἐς	_	_
2.8	431	[1]	ῥοιῆς	_	_
2.8	432	[1]	χυλὸν	_	_
2.8	433	[1]	ἄλφιτον	_	_
2.8	434	[1]	ἐπιπάσσουσα	_	_
2.8	435	[27]	,	b	_
2.8	436	[16]	καὶ	_	_
2.8	437	[1]	μονοσιτεῖν	_	_
2.8	438	[1]	ἤρκεσε	_	_
2.8	439	[28]	,	b	_
2.8	440	[17]	καὶ	_	_
2.8	441	[1]	ἀνεῖλκεν	_	_
2.8	442	[1]	οἷα	_	_
2.8	443	[7]	τὰ	_	_
2.8	444	[1]	κηρίωνος	_	_
2.8	445	[15]	.	b	_
2.8	446	[1]	ἅπαντες	_	_
2.8	447	[1]	οὗτοι	_	_
2.8	448	[1]	δηλοῦσιν	_	_
2.8	449	[2]	ἐναργῶς	_	_
2.8	450	[29]	,	b	_
2.8	451	[12]	τὸ	_	_
2.8	452	[2]	στόμα	_	_
2.8	453	[12]	τῆς	_	_
2.8	454	[4]	γαστρὸς	_	_
2.8	455	[1]	ὀνομάζεσθαι	_	_
2.8	456	[6]	καρδίαν	_	_
2.8	457	[16]	.	b	_
2.8	458	[1]	ὥστε	_	_
2.8	459	[1]	ταύτης	_	_
2.8	460	[8]	μὲν	_	_
2.8	461	[13]	τῆς	_	_
2.8	462	[2]	καρδίας	_	_
2.8	463	[1]	εἴη	_	_
2.8	464	[1]	ἄν	_	_
2.8	465	[1]	τι	_	_
2.8	466	[2]	πάθος	_	_
2.8	467	[6]	ἡ	_	_
2.8	468	[2]	καρδιαλγία	_	_
2.8	469	[30]	,	b	_
2.8	470	[3]	τοῦ	_	_
2.8	471	[1]	σπλάγχνου	_	_
2.8	472	[10]	δ	_	_
2.8	473	[22]	’	b	_
2.8	474	[31]	,	b	_
2.8	475	[2]	ὑπὲρ	_	_
2.8	476	[1]	οὗ	_	_
2.8	477	[1]	πρόκειται	_	_
2.8	478	[1]	σκοπεῖν	_	_
2.8	479	[32]	,	b	_
2.8	480	[1]	εἰ	_	_
2.8	481	[13]	τὸ	_	_
2.8	482	[1]	κυριεῦον	_	_
2.8	483	[14]	τῆς	_	_
2.8	484	[2]	ψυχῆς	_	_
2.8	485	[1]	μόριον	_	_
2.8	486	[8]	ἐν	_	_
2.8	487	[1]	ἑαυτῷ	_	_
2.8	488	[1]	περιέχει	_	_
2.8	489	[33]	,	b	_
2.8	490	[1]	τοιοῦτον	_	_
2.8	491	[3]	πάθος	_	_
2.8	492	[1]	οὐδέποτε	_	_
2.8	493	[1]	γίγνεται	_	_
2.8	494	[17]	.	b	_
2.8	495	[1]	οὐδὲ	_	_
2.8	496	[5]	γὰρ	_	_
2.8	497	[2]	οὐδ	_	_
2.8	498	[23]	’	b	_
2.8	499	[1]	αὐτοῦ	_	_
2.8	500	[4]	τοῦ	_	_
2.8	501	[1]	στόματος	_	_
2.8	502	[15]	τῆς	_	_
2.8	503	[5]	γαστρὸς	_	_
2.8	504	[1]	ἅπαν	_	_
2.8	505	[1]	ἄλγημα	_	_
2.8	506	[1]	καρδιαλγίαν	_	_
2.8	507	[1]	προσαγορεύουσιν	_	_
2.8	508	[34]	,	b	_
2.8	509	[1]	ἀλλὰ	_	_
2.8	510	[2]	μόνον	_	_
2.8	511	[1]	ἐπειδὰν	_	_
2.8	512	[3]	ὑπὸ	_	_
2.8	513	[1]	δριμέων	_	_
2.8	514	[1]	ὑγρῶν	_	_
2.8	515	[1]	ἐρεθίζηταί	_	_
2.8	516	[10]	τε	_	_
2.8	517	[18]	καὶ	_	_
2.8	518	[1]	ἀναδάκνηται	_	_
2.8	519	[18]	.	b	_
2.8	520	[1]	τοῦτο	_	_
2.8	521	[11]	δ	_	_
2.8	522	[24]	’	b	_
2.8	523	[2]	αὐτὸ	_	_
2.8	524	[1]	συμβαίνει	_	_
2.8	525	[1]	ὲν	_	_
2.8	526	[2]	ταῖς	_	_
2.8	527	[3]	λύπαις	_	_
2.8	528	[6]	·	b	_
2.8	529	[1]	διὸ	_	_
2.8	530	[1]	﻿	_	_
2.8	531	[19]	καὶ	_	_
2.8	532	[1]	χολὴν	_	_
2.8	533	[1]	ἐμοῦσιν	_	_
2.8	534	[4]	οἱ	_	_
2.8	535	[1]	λυπηθέντες	_	_
2.8	536	[35]	,	b	_
2.8	537	[1]	ἐνίοις	_	_
2.8	538	[12]	δ	_	_
2.8	539	[25]	’	b	_
2.8	540	[1]	ὑπέρχεται	_	_
2.8	541	[2]	κάτω	_	_
2.8	542	[36]	,	b	_
2.8	543	[20]	καὶ	_	_
2.8	544	[7]	ἡ	_	_
2.8	545	[1]	γαστὴρ	_	_
2.8	546	[2]	αὐτοῖς	_	_
2.8	547	[1]	ἄκρα	_	_
2.8	548	[8]	τὰ	_	_
2.8	549	[1]	χολώδη	_	_
2.8	550	[1]	διαχωρεῖ	_	_
2.8	551	[19]	.	b	_
2.8	552	[2]	συμβαίνει	_	_
2.8	553	[8]	δὲ	_	_
2.8	554	[2]	οὐ	_	_
2.8	555	[3]	μόνον	_	_
2.8	556	[2]	τοῖς	_	_
2.8	557	[1]	λυπηθεῖσιν	_	_
2.8	558	[37]	,	b	_
2.8	559	[2]	ἀλλὰ	_	_
2.8	560	[21]	καὶ	_	_
2.8	561	[9]	τῶν	_	_
2.8	562	[1]	ἐπὶ	_	_
2.8	563	[1]	πλέον	_	_
2.8	564	[1]	ἀσιτησάντων	_	_
2.8	565	[1]	οὐκ	_	_
2.8	566	[1]	ὀλίγοις	_	_
2.8	567	[2]	δάκνεσθαι	_	_
2.8	568	[14]	τὸ	_	_
2.8	569	[16]	τῆς	_	_
2.8	570	[6]	γαστρὸς	_	_
2.8	571	[3]	στόμα	_	_
2.8	572	[38]	,	b	_
2.8	573	[22]	καὶ	_	_
2.8	574	[1]	μᾶλλον	_	_
2.8	575	[2]	εἰ	_	_
2.8	576	[1]	σφοδρῶς	_	_
2.8	577	[1]	προγεγυμνασμένοι	_	_
2.8	578	[1]	μὴ	_	_
2.8	579	[1]	προσενέγκοιντο	_	_
2.8	580	[1]	σιτία	_	_
2.8	581	[20]	.	b	_
2.8	582	[3]	τοῖς	_	_
2.8	583	[11]	τε	_	_
2.8	584	[6]	γὰρ	_	_
2.8	585	[1]	λυπηθεῖσι	_	_
2.8	586	[23]	καὶ	_	_
2.8	587	[4]	τοῖς	_	_
2.8	588	[1]	γυμνασαμένοις	_	_
2.8	589	[1]	εὐτονώτερον	_	_
2.8	590	[2]	εἰς	_	_
2.8	591	[5]	τὴν	_	_
2.8	592	[1]	γαστέρα	_	_
2.8	593	[1]	συῤῥεῖ	_	_
2.8	594	[1]	χολὴ	_	_
2.8	595	[1]	ξανθή	_	_
2.8	596	[7]	·	b	_
2.8	597	[1]	πρὸς	_	_
2.8	598	[2]	ταύτης	_	_
2.8	599	[3]	οὖν	_	_
2.8	600	[1]	δακνόμενοι	_	_
2.8	601	[1]	καρδιαλγοῦσιν	_	_
2.8	602	[21]	.	b	_
2.8	603	[3]	οὐδ	_	_
2.8	604	[26]	’	b	_
2.8	605	[1]	ἐστὶν	_	_
2.8	606	[1]	ἀναγκαῖον	_	_
2.8	607	[9]	ἐν	_	_
2.8	608	[1]	τῷδε	_	_
2.8	609	[8]	τῷ	_	_
2.8	610	[1]	λόγῳ	_	_
2.8	611	[6]	τὴν	_	_
2.8	612	[1]	αἰτίαν	_	_
2.8	613	[1]	ἐπισκέπτεσθαι	_	_
2.8	614	[39]	,	b	_
2.8	615	[1]	δι	_	_
2.8	616	[27]	’	b	_
2.8	617	[2]	ἣν	_	_
2.8	618	[2]	τοῦτο	_	_
2.8	619	[3]	συμβαίνει	_	_
2.8	620	[22]	.	b	_
2.8	621	[4]	μόνον	_	_
2.8	622	[1]	γάρ	_	_
2.8	623	[1]	μοι	_	_
2.8	624	[2]	πρόκειται	_	_
2.8	625	[1]	δεῖξαι	_	_
2.8	626	[1]	κατά	_	_
2.8	627	[2]	γε	_	_
2.8	628	[15]	τὸ	_	_
2.8	629	[1]	παρὸν	_	_
2.8	630	[40]	,	b	_
2.8	631	[2]	ὡς	_	_
2.8	632	[2]	οὐκ	_	_
2.8	633	[1]	ἔστι	_	_
2.8	634	[17]	τῆς	_	_
2.8	635	[3]	καρδίας	_	_
2.8	636	[41]	,	b	_
2.8	637	[5]	τοῦ	_	_
2.8	638	[2]	σπλάγχνου	_	_
2.8	639	[42]	,	b	_
2.8	640	[16]	τὸ	_	_
2.8	641	[4]	πάθος	_	_
2.8	642	[8]	ἡ	_	_
2.8	643	[3]	καρδιαλγία	_	_
2.8	644	[43]	,	b	_
2.8	645	[1]	καθάπερ	_	_
2.8	646	[2]	οὐδὲ	_	_
2.8	647	[17]	τὸ	_	_
2.8	648	[3]	δάκνεσθαι	_	_
2.8	649	[4]	κατὰ	_	_
2.8	650	[2]	τὰς	_	_
2.8	651	[1]	λύπας	_	_
2.8	652	[44]	,	b	_
2.8	653	[3]	ἀλλὰ	_	_
2.8	654	[18]	τὸ	_	_
2.8	655	[9]	μὲν	_	_
2.8	656	[1]	σύμπτωμα	_	_
2.8	657	[6]	τοῦ	_	_
2.8	658	[2]	στόματος	_	_
2.8	659	[18]	τῆς	_	_
2.8	660	[7]	γαστρὸς	_	_
2.8	661	[45]	,	b	_
2.8	662	[1]	ἐπικεχείρηται	_	_
2.8	663	[9]	δὲ	_	_
2.8	664	[7]	ἀπὸ	_	_
2.8	665	[19]	τῆς	_	_
2.8	666	[5]	κατὰ	_	_
2.8	667	[7]	τὴν	_	_
2.8	668	[1]	θέσιν	_	_
2.8	669	[1]	ἐγγύτητος	_	_
2.8	670	[46]	,	b	_
2.8	671	[2]	ὥσπερ	_	_
2.8	672	[3]	γε	_	_
2.8	673	[24]	καὶ	_	_
2.8	674	[19]	τὸ	_	_
2.8	675	[1]	πάλλεσθαι	_	_
2.8	676	[8]	τὴν	_	_
2.8	677	[7]	καρδίαν	_	_
2.8	678	[10]	ἐν	_	_
2.8	679	[5]	τοῖς	_	_
2.8	680	[1]	φόβοις	_	_
2.8	681	[8]	ἀπὸ	_	_
2.8	682	[1]	συμβεβηκότος	_	_
2.8	683	[1]	ἐπιχειρεῖται	_	_
2.8	684	[47]	,	b	_
2.8	685	[1]	ὧν	_	_
2.8	686	[1]	ἑκάτερον	_	_
2.8	687	[3]	οὐκ	_	_
2.8	688	[2]	ἔστιν	_	_
2.8	689	[2]	ἐπιστημονικόν	_	_
2.8	690	[23]	.	b	_
2.8	691	[3]	εἰ	_	_
2.8	692	[10]	δὲ	_	_
2.8	693	[1]	συγχωρηθείη	_	_
2.8	694	[2]	τοιοῦτον	_	_
2.8	695	[1]	ὑπάρχειν	_	_
2.8	696	[48]	,	b	_
2.8	697	[3]	οὐ	_	_
2.8	698	[1]	Στωϊκοῖς	_	_
2.8	699	[25]	καὶ	_	_
2.8	700	[1]	Περιπατητικοῖς	_	_
2.8	701	[49]	,	b	_
2.8	702	[3]	ἀλλ	_	_
2.8	703	[28]	’	b	_
2.8	704	[1]	Ἱπποκράτει	_	_
2.8	705	[26]	καὶ	_	_
2.8	706	[1]	Πλάτωνι	_	_
2.8	707	[1]	μαρτυρεῖ	_	_
2.8	708	[50]	,	b	_
2.8	709	[2]	καθάπερ	_	_
2.8	710	[27]	καὶ	_	_
2.8	711	[1]	ὁπόσα	_	_
2.8	712	[6]	τοῖς	_	_
2.8	713	[1]	θυμουμένοις	_	_
2.8	714	[3]	ὁ	_	_
2.8	715	[1]	Χρύσιππος	_	_
2.8	716	[1]	γράφει	_	_
2.8	717	[1]	συμπίπτειν	_	_
2.8	718	[1]	ἔν	_	_
2.8	719	[12]	τε	_	_
2.8	720	[9]	τῷ	_	_
2.8	721	[3]	θώρακι	_	_
2.8	722	[1]	παντὶ	_	_
2.8	723	[28]	καὶ	_	_
2.8	724	[6]	κατὰ	_	_
2.8	725	[9]	τὴν	_	_
2.8	726	[8]	καρδίαν	_	_
2.8	727	[24]	.	b	_
2.8	728	[1]	ἄχρι	_	_
2.8	729	[7]	γὰρ	_	_
2.8	730	[1]	ἂν	_	_
2.8	731	[11]	ἐν	_	_
2.8	732	[10]	μὲν	_	_
2.8	733	[10]	τῷ	_	_
2.8	734	[1]	διδάσκειν	_	_
2.8	735	[13]	τε	_	_
2.8	736	[29]	καὶ	_	_
2.8	737	[1]	μανθάνειν	_	_
2.8	738	[30]	καὶ	_	_
2.8	739	[1]	ὅλως	_	_
2.8	740	[1]	κινεῖσθαι	_	_
2.8	741	[10]	τὴν	_	_
2.8	742	[1]	ψυχὴν	_	_
2.8	743	[1]	κατ	_	_
2.8	744	[29]	’	b	_
2.8	745	[1]	ἐπιστήμην	_	_
2.8	746	[1]	τινὰ	_	_
2.8	747	[1]	μηδὲν	_	_
2.8	748	[1]	ἐπιδεικνύωσι	_	_
2.8	749	[1]	συμβαῖνον	_	_
2.8	750	[2]	τῇ	_	_
2.8	751	[2]	καρδίᾳ	_	_
2.8	752	[51]	,	b	_
2.8	753	[7]	κατὰ	_	_
2.8	754	[11]	δὲ	_	_
2.8	755	[9]	τὰ	_	_
2.8	756	[1]	πάθη	_	_
2.8	757	[1]	δεικνύωσιν	_	_
2.8	758	[52]	,	b	_
2.8	759	[4]	οὐ	_	_
2.8	760	[5]	μόνον	_	_
2.8	761	[4]	οὐκ	_	_
2.8	762	[1]	ἀνατρέπουσι	_	_
2.8	763	[5]	τὸν	_	_
2.8	764	[1]	παλαιὸν	_	_
2.8	765	[2]	λόγον	_	_
2.8	766	[53]	,	b	_
2.8	767	[4]	ἀλλὰ	_	_
2.8	768	[31]	καὶ	_	_
2.8	769	[1]	κατασκευάζουσιν	_	_
2.8	770	[25]	.	b	_
2.8	771	[10]	τὰ	_	_
2.8	772	[11]	μὲν	_	_
2.8	773	[2]	δὴ	_	_
2.8	774	[1]	τοιαῦτα	_	_
2.8	775	[10]	τῶν	_	_
2.8	776	[1]	ἐπιχειρημάτων	_	_
2.8	777	[3]	ἐκ	_	_
2.8	778	[7]	τοῦ	_	_
2.8	779	[1]	δευτέρου	_	_
2.8	780	[1]	γένους	_	_
2.8	781	[2]	ἐστὶ	_	_
2.8	782	[11]	τῶν	_	_
2.8	783	[3]	λημμάτων	_	_
2.8	784	[54]	,	b	_
2.8	785	[3]	ὥσπερ	_	_
2.8	786	[55]	,	b	_
2.8	787	[1]	οἶμαι	_	_
2.8	788	[56]	,	b	_
2.8	789	[32]	καὶ	_	_
2.8	790	[20]	τὸ	_	_
2.8	791	[1]	πρώτην	_	_
2.8	792	[1]	ἁπάντων	_	_
2.8	793	[12]	τῶν	_	_
2.8	794	[1]	μορίων	_	_
2.8	795	[8]	τοῦ	_	_
2.8	796	[1]	ζώου	_	_
2.8	797	[1]	διαπλάττεσθαι	_	_
2.8	798	[11]	τὴν	_	_
2.8	799	[9]	καρδίαν	_	_
2.8	800	[26]	.	b	_
2.8	801	[5]	οὐ	_	_
2.8	802	[8]	γὰρ	_	_
2.8	803	[12]	τὴν	_	_
2.8	804	[8]	κατὰ	_	_
2.8	805	[1]	δύναμιν	_	_
2.8	806	[1]	ἀρχὴν	_	_
2.8	807	[1]	ἐνδείκνυται	_	_
2.8	808	[3]	τοῦτο	_	_
2.8	809	[1]	συγχωρηθὲν	_	_
2.8	810	[57]	,	b	_
2.8	811	[3]	ὑπὲρ	_	_
2.8	812	[1]	ἧς	_	_
2.8	813	[1]	νῦν	_	_
2.8	814	[1]	ζητοῦμεν	_	_
2.8	815	[58]	,	b	_
2.8	816	[5]	ἀλλὰ	_	_
2.8	817	[13]	τὴν	_	_
2.8	818	[9]	κατὰ	_	_
2.8	819	[1]	γένεσιν	_	_
2.8	820	[27]	.	b	_
2.8	821	[1]	εἴρηται	_	_
2.8	822	[1]	δέ	_	_
2.8	823	[2]	μοι	_	_
2.8	824	[33]	καὶ	_	_
2.8	825	[1]	διώρισται	_	_
2.8	826	[2]	σαφῶς	_	_
2.8	827	[4]	ὑπὲρ	_	_
2.8	828	[20]	τῆς	_	_
2.8	829	[1]	διαφορᾶς	_	_
2.8	830	[13]	τῶν	_	_
2.8	831	[1]	ἀρχῶν	_	_
2.8	832	[12]	ἐν	_	_
2.8	833	[11]	τῷ	_	_
2.8	834	[1]	πρόσθεν	_	_
2.8	835	[2]	λόγῳ	_	_
2.8	836	[28]	.	b	_
2.8	837	[21]	τὸ	_	_
2.8	838	[1]	μέντοι	_	_
2.8	839	[2]	πρώτην	_	_
2.8	840	[12]	μὲν	_	_
2.8	841	[2]	ἁπάντων	_	_
2.8	842	[2]	ἄρχεσθαι	_	_
2.8	843	[2]	κινεῖσθαι	_	_
2.8	844	[14]	τῶν	_	_
2.8	845	[9]	τοῦ	_	_
2.8	846	[2]	ζώου	_	_
2.8	847	[2]	μορίων	_	_
2.8	848	[3]	αὐτὴν	_	_
2.8	849	[59]	,	b	_
2.8	850	[1]	ὑστάτην	_	_
2.8	851	[12]	δὲ	_	_
2.8	852	[1]	παύεσθαι	_	_
2.8	853	[60]	,	b	_
2.8	854	[15]	τῶν	_	_
2.8	855	[1]	ἀποδεικτικῶν	_	_
2.8	856	[2]	ἐστι	_	_
2.8	857	[4]	λημμάτων	_	_
2.8	858	[29]	.	b	_
2.8	859	[2]	ἐνδείκνυται	_	_
2.8	860	[9]	γὰρ	_	_
2.8	861	[61]	,	b	_
2.8	862	[2]	ἀρχὴν	_	_
2.8	863	[2]	εἶναι	_	_
2.8	864	[1]	κινήσεως	_	_
2.8	865	[4]	αὐτὴν	_	_
2.8	866	[62]	,	b	_
2.8	867	[6]	οὐ	_	_
2.8	868	[2]	μὴν	_	_
2.8	869	[1]	ἁπάσης	_	_
2.8	870	[4]	γε	_	_
2.8	871	[63]	,	b	_
2.8	872	[6]	ἀλλὰ	_	_
2.8	873	[1]	μόνης	_	_
2.8	874	[21]	τῆς	_	_
2.8	875	[10]	κατὰ	_	_
2.8	876	[1]	τοὺς	_	_
2.8	877	[1]	σφυγμοὺς	_	_
2.8	878	[64]	,	b	_
2.8	879	[1]	ἥτις	_	_
2.8	880	[1]	ἑτέρου	_	_
2.8	881	[2]	γένους	_	_
2.8	882	[3]	ἐστὶ	_	_
2.8	883	[22]	τῆς	_	_
2.8	884	[11]	κατὰ	_	_
2.8	885	[1]	προαίρεσιν	_	_
2.8	886	[8]	·	b	_
2.8	887	[2]	ἐκείνης	_	_
2.8	888	[13]	δ	_	_
2.8	889	[30]	’	b	_
2.8	890	[3]	οὔτ	_	_
2.8	891	[31]	’	b	_
2.8	892	[3]	ἄρχεσθαι	_	_
2.8	893	[3]	πρώτην	_	_
2.8	894	[65]	,	b	_
2.8	895	[1]	οὔθ	_	_
2.8	896	[32]	’	b	_
2.8	897	[2]	ὑστάτην	_	_
2.8	898	[2]	παύεσθαι	_	_
2.8	899	[14]	τὴν	_	_
2.8	900	[10]	καρδίαν	_	_
2.8	901	[1]	ἔχει	_	_
2.8	902	[2]	τις	_	_
2.8	903	[2]	δεῖξαι	_	_
2.8	904	[30]	.	b	_
2.8	905	[1]	περαίνοιτ	_	_
2.8	906	[33]	’	b	_
2.8	907	[2]	ἂν	_	_
2.8	908	[4]	οὖν	_	_
2.8	909	[1]	κᾀκ	_	_
2.8	910	[1]	τούτου	_	_
2.8	911	[10]	τοῦ	_	_
2.8	912	[1]	λήμματος	_	_
2.8	913	[66]	,	b	_
2.8	914	[1]	οὐχ	_	_
2.8	915	[1]	ὅπερ	_	_
2.8	916	[2]	Ἀριστοτέλης	_	_
2.8	917	[14]	τε	_	_
2.8	918	[34]	καὶ	_	_
2.8	919	[2]	Χρύσιππος	_	_
2.8	920	[1]	ὑπολαμβάνουσιν	_	_
2.8	921	[67]	,	b	_
2.8	922	[4]	ἀλλ	_	_
2.8	923	[34]	’	b	_
2.8	924	[1]	ὃ	_	_
2.8	925	[2]	Πλάτωνι	_	_
2.8	926	[35]	καὶ	_	_
2.8	927	[2]	Ἱπποκράτει	_	_
2.8	928	[1]	δοκεῖ	_	_
2.8	929	[68]	,	b	_
2.8	930	[23]	τῆς	_	_
2.8	931	[13]	μὲν	_	_
2.8	932	[12]	κατὰ	_	_
2.8	933	[2]	προαίρεσιν	_	_
2.8	934	[13]	ἐν	_	_
2.8	935	[1]	ἡμῖν	_	_
2.8	936	[2]	κινήσεως	_	_
2.8	937	[3]	ἀρχὴν	_	_
2.8	938	[3]	εἶναι	_	_
2.8	939	[6]	τὸν	_	_
2.8	940	[1]	ἐγκέφαλον	_	_
2.8	941	[69]	,	b	_
2.8	942	[1]	ἑτέρας	_	_
2.8	943	[2]	δέ	_	_
2.8	944	[1]	τινος	_	_
2.8	945	[1]	ἀπροαιρέτου	_	_
2.8	946	[15]	τὴν	_	_
2.8	947	[11]	καρδίαν	_	_
2.8	948	[31]	.	b	_
2.8	949	[2]	ἦν	_	_
2.8	950	[14]	μὲν	_	_
2.8	951	[5]	οὖν	_	_
2.8	952	[36]	καὶ	_	_
2.8	953	[1]	ταῦθ	_	_
2.8	954	[35]	’	b	_
2.8	955	[1]	ἱκανὰ	_	_
2.8	956	[2]	πρὸς	_	_
2.8	957	[1]	ἀπόδειξιν	_	_
2.8	958	[16]	τῶν	_	_
2.8	959	[1]	προκειμένων	_	_
2.8	960	[70]	,	b	_
2.8	961	[5]	ἀλλ	_	_
2.8	962	[36]	’	b	_
2.8	963	[1]	ἐπειδὴ	_	_
2.8	964	[1]	προὐθέμην	_	_
2.8	965	[14]	ἐν	_	_
2.8	966	[2]	τῷδε	_	_
2.8	967	[12]	τῷ	_	_
2.8	968	[1]	βιβλίῳ	_	_
2.8	969	[11]	τὰ	_	_
2.8	970	[1]	λήμματα	_	_
2.8	971	[1]	ἐπελθεῖν	_	_
2.8	972	[1]	ἅπαντα	_	_
2.8	973	[12]	τὰ	_	_
2.8	974	[1]	λαμβανόμενα	_	_
2.8	975	[4]	ἐκ	_	_
2.8	976	[17]	τῶν	_	_
2.8	977	[3]	ὑπαρχόντων	_	_
2.8	978	[3]	τῇ	_	_
2.8	979	[3]	καρδίᾳ	_	_
2.8	980	[71]	,	b	_
2.8	981	[1]	προσθεὶς	_	_
2.8	982	[1]	ἔτι	_	_
2.8	983	[13]	τὰ	_	_
2.8	984	[1]	ὑπόλοιπα	_	_
2.8	985	[1]	καταπαύσω	_	_
2.8	986	[7]	τὸν	_	_
2.8	987	[3]	λόγον	_	_
2.8	988	[32]	.	b	_
2.8	989	[1]	ἐπ	_	_
2.8	990	[37]	’	b	_
2.8	991	[3]	αὐτοῖς	_	_
2.8	992	[3]	δέ	_	_
2.8	993	[3]	ἐστι	_	_
2.8	994	[37]	καὶ	_	_
2.8	995	[22]	τὸ	_	_
2.8	996	[11]	τοῦ	_	_
2.8	997	[1]	Ἀριστοτέλους	_	_
2.8	998	[1]	λῆμμα	_	_
2.8	999	[72]	,	b	_
2.8	1000	[1]	περὶ	_	_
2.8	1001	[2]	οὗ	_	_
2.8	1002	[13]	κατὰ	_	_
2.8	1003	[16]	τὴν	_	_
2.8	1004	[1]	τελευτὴν	_	_
2.8	1005	[12]	τοῦ	_	_
2.8	1006	[1]	πρώτου	_	_
2.8	1007	[1]	βιβλίου	_	_
2.8	1008	[1]	διῆλθον	_	_
2.8	1009	[73]	,	b	_
2.8	1010	[5]	ἐκ	_	_
2.8	1011	[18]	τῶν	_	_
2.8	1012	[4]	ὑπαρχόντων	_	_
2.8	1013	[4]	τῇ	_	_
2.8	1014	[4]	καρδίᾳ	_	_
2.8	1015	[9]	·	b	_
2.8	1016	[1]	πλῆθος	_	_
2.8	1017	[2]	γάρ	_	_
2.8	1018	[2]	τι	_	_
2.8	1019	[1]	νεύρων	_	_
2.8	1020	[15]	ἐν	_	_
2.8	1021	[1]	αὐτῇ	_	_
2.8	1022	[1]	φαίνεσθαί	_	_
2.8	1023	[1]	φησιν	_	_
2.8	1024	[33]	.	b	_
2.8	1025	[1]	ἐδείχθη	_	_
2.8	1026	[14]	δ	_	_
2.8	1027	[38]	’	b	_
2.8	1028	[1]	ὑφ	_	_
2.8	1029	[39]	’	b	_
2.8	1030	[1]	ἡμῶν	_	_
2.8	1031	[74]	,	b	_
2.8	1032	[3]	ὡς	_	_
2.8	1033	[1]	νευρώδη	_	_
2.8	1034	[1]	μέν	_	_
2.8	1035	[1]	τινα	_	_
2.8	1036	[1]	σώματα	_	_
2.8	1037	[14]	κατὰ	_	_
2.8	1038	[17]	τὴν	_	_
2.8	1039	[12]	καρδίαν	_	_
2.8	1040	[2]	εἴη	_	_
2.8	1041	[75]	,	b	_
2.8	1042	[1]	νεῦρα	_	_
2.8	1043	[15]	δ	_	_
2.8	1044	[40]	’	b	_
2.8	1045	[5]	οὐκ	_	_
2.8	1046	[3]	εἴη	_	_
2.8	1047	[76]	,	b	_
2.8	1048	[38]	καὶ	_	_
2.8	1049	[4]	ὡς	_	_
2.8	1050	[14]	τὰ	_	_
2.8	1051	[15]	μὲν	_	_
2.8	1052	[2]	νευρώδη	_	_
2.8	1053	[13]	τοῦ	_	_
2.8	1054	[2]	σώματος	_	_
2.8	1055	[1]	ἰδέᾳ	_	_
2.8	1056	[6]	μόνον	_	_
2.8	1057	[1]	ἔοικε	_	_
2.8	1058	[7]	τοῖς	_	_
2.8	1059	[1]	νεύροις	_	_
2.8	1060	[77]	,	b	_
2.8	1061	[6]	οὐκ	_	_
2.8	1062	[1]	ἐνεργείᾳ	_	_
2.8	1063	[15]	τε	_	_
2.8	1064	[39]	καὶ	_	_
2.8	1065	[1]	χρείᾳ	_	_
2.8	1066	[34]	.	b	_
2.8	1067	[1]	κρίνεσθαι	_	_
2.8	1068	[13]	δὲ	_	_
2.8	1069	[1]	προσήκει	_	_
2.8	1070	[18]	τὴν	_	_
2.8	1071	[16]	ἐν	_	_
2.8	1072	[8]	τοῖς	_	_
2.8	1073	[1]	ὀργάνοις	_	_
2.8	1074	[1]	ἑτερότητα	_	_
2.8	1075	[40]	καὶ	_	_
2.8	1076	[1]	ταυτότητα	_	_
2.8	1077	[3]	ταῖς	_	_
2.8	1078	[1]	ἐνεργείαις	_	_
2.8	1079	[41]	καὶ	_	_
2.8	1080	[4]	ταῖς	_	_
2.8	1081	[1]	χρείαις	_	_
2.8	1082	[2]	αὐτῶν	_	_
2.8	1083	[35]	.	b	_
2.8	1084	[1]	ὥστ	_	_
2.8	1085	[41]	’	b	_
2.8	1086	[2]	οὐδὲν	_	_
2.8	1087	[2]	ἔτι	_	_
2.8	1088	[2]	περὶ	_	_
2.8	1089	[19]	τῶν	_	_
2.8	1090	[3]	αὐτῶν	_	_
2.8	1091	[1]	δέομαι	_	_
2.8	1092	[1]	διέρχεσθαι	_	_
2.8	1093	[78]	,	b	_
2.8	1094	[1]	μεταβήσομαι	_	_
2.8	1095	[16]	δ	_	_
2.8	1096	[42]	’	b	_
2.8	1097	[1]	ἐπί	_	_
2.8	1098	[3]	τι	_	_
2.8	1099	[20]	τῶν	_	_
2.8	1100	[1]	ὑπολοίπων	_	_
2.8	1101	[79]	,	b	_
2.8	1102	[3]	οὗ	_	_
2.8	1103	[1]	σχεδὸν	_	_
2.8	1104	[2]	ἅπαντες	_	_
2.8	1105	[1]	μεμνημονεύκασιν	_	_
2.8	1106	[80]	,	b	_
2.8	1107	[1]	οἷς	_	_
2.8	1108	[9]	ἡ	_	_
2.8	1109	[3]	καρδία	_	_
2.8	1110	[1]	πασῶν	_	_
2.8	1111	[21]	τῶν	_	_
2.8	1112	[1]	δυνάμεων	_	_
2.8	1113	[1]	ἀρχὴ	_	_
2.8	1114	[22]	τῶν	_	_
2.8	1115	[17]	ἐν	_	_
2.8	1116	[9]	τοῖς	_	_
2.8	1117	[1]	ζώοις	_	_
2.8	1118	[1]	ὑπείληπται	_	_
2.8	1119	[36]	.	b	_
2.8	1120	[1]	λέγουσι	_	_
2.8	1121	[10]	γὰρ	_	_
2.8	1122	[81]	,	b	_
2.8	1123	[1]	ὅθεν	_	_
2.8	1124	[10]	ἡ	_	_
2.8	1125	[14]	τοῦ	_	_
2.8	1126	[1]	τρέφεσθαι	_	_
2.8	1127	[10]	τοῖς	_	_
2.8	1128	[2]	ζώοις	_	_
2.8	1129	[2]	ἀρχὴ	_	_
2.8	1130	[82]	,	b	_
2.8	1131	[2]	κατ	_	_
2.8	1132	[43]	’	b	_
2.8	1133	[1]	ἐκεῖνο	_	_
2.8	1134	[23]	τὸ	_	_
2.8	1135	[2]	μόριον	_	_
2.8	1136	[4]	εἶναι	_	_
2.8	1137	[42]	καὶ	_	_
2.8	1138	[24]	τὸ	_	_
2.8	1139	[1]	λογιζόμενον	_	_
2.8	1140	[24]	τῆς	_	_
2.8	1141	[3]	ψυχῆς	_	_
2.8	1142	[10]	·	b	_
2.8	1143	[18]	ἐν	_	_
2.8	1144	[5]	καρδίᾳ	_	_
2.8	1145	[17]	δ	_	_
2.8	1146	[44]	’	b	_
2.8	1147	[5]	εἶναι	_	_
2.8	1148	[19]	τὴν	_	_
2.8	1149	[15]	τοῦ	_	_
2.8	1150	[2]	τρέφεσθαι	_	_
2.8	1151	[11]	τοῖς	_	_
2.8	1152	[3]	ζώοις	_	_
2.8	1153	[4]	ἀρχὴν	_	_
2.8	1154	[83]	,	b	_
2.8	1155	[2]	ὥστε	_	_
2.8	1156	[43]	καὶ	_	_
2.8	1157	[25]	τὸ	_	_
2.8	1158	[1]	λογιζόμενόν	_	_
2.8	1159	[16]	τε	_	_
2.8	1160	[44]	καὶ	_	_
2.8	1161	[1]	διανοούμενον	_	_
2.8	1162	[2]	ὑπάρχειν	_	_
2.8	1163	[19]	ἐν	_	_
2.8	1164	[2]	αὐτῇ	_	_
2.8	1165	[37]	.	b	_
2.8	1166	[1]	ψεύδονται	_	_
2.8	1167	[18]	δ	_	_
2.8	1168	[45]	’	b	_
2.8	1169	[20]	ἐν	_	_
2.8	1170	[1]	ἀμφοτέροις	_	_
2.8	1171	[12]	τοῖς	_	_
2.8	1172	[1]	λήμμασιν	_	_
2.8	1173	[38]	.	b	_
2.8	1174	[1]	οὔτε	_	_
2.8	1175	[11]	γὰρ	_	_
2.8	1176	[21]	ἐν	_	_
2.8	1177	[6]	καρδίᾳ	_	_
2.8	1178	[20]	τὴν	_	_
2.8	1179	[5]	ἀρχὴν	_	_
2.8	1180	[16]	τοῦ	_	_
2.8	1181	[3]	τρέφεσθαι	_	_
2.8	1182	[13]	τοῖς	_	_
2.8	1183	[4]	ζώοις	_	_
2.8	1184	[6]	εἶναι	_	_
2.8	1185	[1]	συγχωροῦμεν	_	_
2.8	1186	[84]	,	b	_
2.8	1187	[6]	ἀλλ	_	_
2.8	1188	[46]	’	b	_
2.8	1189	[1]	ἕν	_	_
2.8	1190	[4]	τι	_	_
2.8	1191	[45]	καὶ	_	_
2.8	1192	[2]	τοῦτ	_	_
2.8	1193	[47]	’	b	_
2.8	1194	[2]	ἔστι	_	_
2.8	1195	[23]	τῶν	_	_
2.8	1196	[22]	ἐν	_	_
2.8	1197	[1]	τῇδε	_	_
2.8	1198	[5]	τῇ	_	_
2.8	1199	[1]	πραγματείᾳ	_	_
2.8	1200	[2]	προκειμένων	_	_
2.8	1201	[3]	εἰς	_	_
2.8	1202	[21]	τὴν	_	_
2.8	1203	[1]	σκέψιν	_	_
2.8	1204	[85]	,	b	_
2.8	1205	[1]	(	a	_
2.8	1206	[7]	οὐ	_	_
2.8	1207	[1]	χρὴ	_	_
2.8	1208	[14]	δὲ	_	_
2.8	1209	[26]	τὸ	_	_
2.8	1210	[2]	ζητούμενον	_	_
2.8	1211	[5]	ὡς	_	_
2.8	1212	[1]	ὁμολογούμενον	_	_
2.8	1213	[1]	λαμβάνειν	_	_
2.8	1214	[86]	,	b	_
2.8	1215	[1]	)	b	_
2.8	1216	[2]	οὔτε	_	_
2.8	1217	[27]	τὸ	_	_
2.8	1218	[1]	μίαν	_	_
2.8	1219	[6]	ἀρχὴν	_	_
2.8	1220	[1]	ἀμφοτέρων	_	_
2.8	1221	[3]	ὑπάρχειν	_	_
2.8	1222	[24]	τῶν	_	_
2.8	1223	[2]	δυνάμεων	_	_
2.8	1224	[87]	,	b	_
2.8	1225	[7]	ἀλλὰ	_	_
2.8	1226	[46]	καὶ	_	_
2.8	1227	[2]	τούτου	_	_
2.8	1228	[28]	τὸ	_	_
2.8	1229	[1]	ἐναντίον	_	_
2.8	1230	[1]	ἡμεῖς	_	_
2.8	1231	[1]	ἀποδείκνυμεν	_	_
2.8	1232	[39]	.	b	_
2.8	1233	[1]	θαυμάζω	_	_
2.8	1234	[1]	τοίνυν	_	_
2.8	1235	[1]	κᾀνταῦθα	_	_
2.8	1236	[25]	τῶν	_	_
2.8	1237	[1]	ἀνδρῶν	_	_
2.8	1238	[88]	,	b	_
2.8	1239	[4]	εἰ	_	_
2.8	1240	[1]	ἄμφω	_	_
2.8	1241	[15]	τὰ	_	_
2.8	1242	[1]	ζητούμενα	_	_
2.8	1243	[1]	προχείρως	_	_
2.8	1244	[1]	λαμβάνουσι	_	_
2.8	1245	[1]	οὐδεμίαν	_	_
2.8	1246	[2]	ἀπόδειξιν	_	_
2.8	1247	[1]	προτιθέντες	_	_
2.8	1248	[40]	.	b	_
2.8	1249	[1]	ὅμοιον	_	_
2.8	1250	[15]	δὲ	_	_
2.8	1251	[5]	τι	_	_
2.8	1252	[1]	ποιοῦσι	_	_
2.8	1253	[1]	κᾀπειδὰν	_	_
2.8	1254	[89]	,	b	_
2.8	1255	[2]	ὅθεν	_	_
2.8	1256	[11]	ἡ	_	_
2.8	1257	[3]	ἀρχὴ	_	_
2.8	1258	[25]	τῆς	_	_
2.8	1259	[1]	τροφῆς	_	_
2.8	1260	[3]	ἐστιν	_	_
2.8	1261	[90]	,	b	_
2.8	1262	[1]	ἐνταῦθ	_	_
2.8	1263	[48]	’	b	_
2.8	1264	[7]	εἶναι	_	_
2.8	1265	[1]	φάσκωσι	_	_
2.8	1266	[47]	καὶ	_	_
2.8	1267	[29]	τὸ	_	_
2.8	1268	[1]	ἡγεμονικὸν	_	_
2.8	1269	[91]	,	b	_
2.8	1270	[1]	εἶθ	_	_
2.8	1271	[49]	’	b	_
2.8	1272	[1]	ἑξῆς	_	_
2.8	1273	[1]	προσλαμβάνωσιν	_	_
2.8	1274	[92]	,	b	_
2.8	1275	[6]	ὡς	_	_
2.8	1276	[23]	ἐν	_	_
2.8	1277	[6]	τῇ	_	_
2.8	1278	[7]	καρδίᾳ	_	_
2.8	1279	[26]	τῆς	_	_
2.8	1280	[2]	τροφῆς	_	_
2.8	1281	[4]	ἐστιν	_	_
2.8	1282	[1]	ἀρχή	_	_
2.8	1283	[41]	.	b	_
2.8	1284	[3]	οὔτε	_	_
2.8	1285	[12]	γὰρ	_	_
2.8	1286	[3]	τοῦτ	_	_
2.8	1287	[50]	’	b	_
2.8	1288	[1]	ἀληθὲς	_	_
2.8	1289	[93]	,	b	_
2.8	1290	[4]	ἀρχὴ	_	_
2.8	1291	[13]	γὰρ	_	_
2.8	1292	[3]	τροφῆς	_	_
2.8	1293	[48]	καὶ	_	_
2.8	1294	[1]	ὑγρᾶς	_	_
2.8	1295	[49]	καὶ	_	_
2.8	1296	[1]	ξηρᾶς	_	_
2.8	1297	[4]	στόμα	_	_
2.8	1298	[94]	,	b	_
2.8	1299	[1]	στόμαχος	_	_
2.8	1300	[95]	,	b	_
2.8	1301	[1]	κοιλίη	_	_
2.8	1302	[96]	,	b	_
2.8	1303	[1]	φησὶν	_	_
2.8	1304	[2]	Ἱπποκράτης	_	_
2.8	1305	[97]	,	b	_
2.8	1306	[4]	οὔτ	_	_
2.8	1307	[51]	’	b	_
2.8	1308	[98]	,	b	_
2.8	1309	[5]	εἰ	_	_
2.8	1310	[50]	καὶ	_	_
2.8	1311	[1]	παντὸς	_	_
2.8	1312	[2]	μᾶλλον	_	_
2.8	1313	[99]	,	b	_
2.8	1314	[3]	ἂν	_	_
2.8	1315	[1]	ἠκολούθει	_	_
2.8	1316	[2]	ἐξ	_	_
2.8	1317	[1]	ἀνάγκης	_	_
2.8	1318	[100]	,	b	_
2.8	1319	[3]	καθ	_	_
2.8	1320	[52]	’	b	_
2.8	1321	[2]	ὃ	_	_
2.8	1322	[3]	μόριον	_	_
2.8	1323	[12]	ἡ	_	_
2.8	1324	[5]	ἀρχὴ	_	_
2.8	1325	[27]	τῆς	_	_
2.8	1326	[4]	τροφῆς	_	_
2.8	1327	[4]	ἐστι	_	_
2.8	1328	[101]	,	b	_
2.8	1329	[15]	κατὰ	_	_
2.8	1330	[4]	τοῦτο	_	_
2.8	1331	[4]	ὑπάρχειν	_	_
2.8	1332	[8]	τὸν	_	_
2.8	1333	[1]	λογισμόν	_	_
2.8	1334	[11]	·	b	_
2.8	1335	[5]	τοῦτο	_	_
2.8	1336	[14]	γὰρ	_	_
2.8	1337	[2]	ἕν	_	_
2.8	1338	[6]	τι	_	_
2.8	1339	[26]	τῶν	_	_
2.8	1340	[1]	ζητουμένων	_	_
2.8	1341	[4]	ἐστὶ	_	_
2.8	1342	[102]	,	b	_
2.8	1343	[30]	τὸ	_	_
2.8	1344	[19]	δ	_	_
2.8	1345	[53]	’	b	_
2.8	1346	[1]	ἕτερον	_	_
2.8	1347	[27]	τῶν	_	_
2.8	1348	[2]	ζητουμένων	_	_
2.8	1349	[1]	ψεῦδος	_	_
2.8	1350	[42]	.	b	_
2.8	1351	[13]	ἡ	_	_
2.8	1352	[16]	μὲν	_	_
2.8	1353	[15]	γὰρ	_	_
2.8	1354	[1]	πρώτη	_	_
2.8	1355	[28]	τῆς	_	_
2.8	1356	[5]	τροφῆς	_	_
2.8	1357	[6]	ἀρχὴ	_	_
2.8	1358	[5]	στόμα	_	_
2.8	1359	[103]	,	b	_
2.8	1360	[2]	στόμαχος	_	_
2.8	1361	[104]	,	b	_
2.8	1362	[2]	κοιλίη	_	_
2.8	1363	[105]	,	b	_
2.8	1364	[14]	ἡ	_	_
2.8	1365	[1]	δευτέρα	_	_
2.8	1366	[20]	δ	_	_
2.8	1367	[54]	’	b	_
2.8	1368	[1]	αἱ	_	_
2.8	1369	[3]	ἐξ	_	_
2.8	1370	[1]	ἥπατος	_	_
2.8	1371	[4]	εἰς	_	_
2.8	1372	[1]	κοιλίην	_	_
2.8	1373	[1]	καθήκουσαι	_	_
2.8	1374	[1]	φλέβες	_	_
2.8	1375	[106]	,	b	_
2.8	1376	[24]	ἐν	_	_
2.8	1377	[1]	αἷς	_	_
2.8	1378	[1]	πρώταις	_	_
2.8	1379	[1]	αἷμα	_	_
2.8	1380	[2]	γίγνεται	_	_
2.8	1381	[107]	,	b	_
2.8	1382	[15]	ἡ	_	_
2.8	1383	[1]	τρίτη	_	_
2.8	1384	[16]	δὲ	_	_
2.8	1385	[31]	τὸ	_	_
2.8	1386	[1]	ἧπαρ	_	_
2.8	1387	[3]	αὐτὸ	_	_
2.8	1388	[108]	,	b	_
2.8	1389	[16]	ἡ	_	_
2.8	1390	[1]	τετάρτη	_	_
2.8	1391	[17]	δὲ	_	_
2.8	1392	[1]	μετὰ	_	_
2.8	1393	[32]	τὸ	_	_
2.8	1394	[2]	ἧπαρ	_	_
2.8	1395	[17]	ἡ	_	_
2.8	1396	[1]	κοίλη	_	_
2.8	1397	[1]	φλὲψ	_	_
2.8	1398	[109]	,	b	_
2.8	1399	[25]	ἐν	_	_
2.8	1400	[1]	ᾗ	_	_
2.8	1401	[1]	πρώτῃ	_	_
2.8	1402	[1]	καθαρὸν	_	_
2.8	1403	[28]	τῶν	_	_
2.8	1404	[1]	περιττωμάτων	_	_
2.8	1405	[1]	ἀπολείπεται	_	_
2.8	1406	[33]	τὸ	_	_
2.8	1407	[2]	αἷμα	_	_
2.8	1408	[110]	,	b	_
2.8	1409	[1]	παρὰ	_	_
2.8	1410	[3]	ταύτης	_	_
2.8	1411	[21]	δ	_	_
2.8	1412	[55]	’	b	_
2.8	1413	[1]	ἤδη	_	_
2.8	1414	[29]	τῆς	_	_
2.8	1415	[1]	φλεβὸς	_	_
2.8	1416	[111]	,	b	_
2.8	1417	[4]	ὥσπερ	_	_
2.8	1418	[1]	τἄλλα	_	_
2.8	1419	[17]	τοῦ	_	_
2.8	1420	[3]	ζώου	_	_
2.8	1421	[1]	μόρια	_	_
2.8	1422	[1]	πάντα	_	_
2.8	1423	[112]	,	b	_
2.8	1424	[16]	κατὰ	_	_
2.8	1425	[9]	τὸν	_	_
2.8	1426	[1]	αὐτὸν	_	_
2.8	1427	[1]	τρόπον	_	_
2.8	1428	[18]	ἡ	_	_
2.8	1429	[4]	καρδία	_	_
2.8	1430	[1]	λαμβάνει	_	_
2.8	1431	[22]	τὴν	_	_
2.8	1432	[1]	τροφήν	_	_
2.8	1433	[43]	.	b	_
2.8	1434	[8]	οὐ	_	_
2.8	1435	[3]	μὴν	_	_
2.8	1436	[4]	οὐδ	_	_
2.8	1437	[56]	’	b	_
2.8	1438	[113]	,	b	_
2.8	1439	[1]	ὅταν	_	_
2.8	1440	[1]	εἴπωσιν	_	_
2.8	1441	[114]	,	b	_
2.8	1442	[3]	ὅθεν	_	_
2.8	1443	[19]	ἡ	_	_
2.8	1444	[1]	χορηγία	_	_
2.8	1445	[18]	τοῦ	_	_
2.8	1446	[1]	πνεύματος	_	_
2.8	1447	[115]	,	b	_
2.8	1448	[2]	ἐνταῦθ	_	_
2.8	1449	[57]	’	b	_
2.8	1450	[8]	εἶναι	_	_
2.8	1451	[34]	τὸ	_	_
2.8	1452	[2]	ἡγεμονικὸν	_	_
2.8	1453	[116]	,	b	_
2.8	1454	[1]	εἶτ	_	_
2.8	1455	[58]	’	b	_
2.8	1456	[2]	ἐπ	_	_
2.8	1457	[59]	’	b	_
2.8	1458	[1]	αὐτῷ	_	_
2.8	1459	[2]	προσλαμβάνωσιν	_	_
2.8	1460	[117]	,	b	_
2.8	1461	[6]	ἐκ	_	_
2.8	1462	[30]	τῆς	_	_
2.8	1463	[4]	καρδίας	_	_
2.8	1464	[1]	χορηγεῖσθαι	_	_
2.8	1465	[35]	τὸ	_	_
2.8	1466	[1]	πνεῦμα	_	_
2.8	1467	[118]	,	b	_
2.8	1468	[1]	συγχωρητέον	_	_
2.8	1469	[4]	αὐτοῖς	_	_
2.8	1470	[44]	.	b	_
2.8	1471	[51]	καὶ	_	_
2.8	1472	[16]	γὰρ	_	_
2.8	1473	[2]	κᾀνταῦθα	_	_
2.8	1474	[1]	πάλιν	_	_
2.8	1475	[119]	,	b	_
2.8	1476	[6]	εἰ	_	_
2.8	1477	[17]	μὲν	_	_
2.8	1478	[36]	τὸ	_	_
2.8	1479	[1]	ψυχικὸν	_	_
2.8	1480	[1]	πνεῦμά	_	_
2.8	1481	[1]	φασιν	_	_
2.8	1482	[7]	ἐκ	_	_
2.8	1483	[31]	τῆς	_	_
2.8	1484	[5]	καρδίας	_	_
2.8	1485	[4]	ἄρχεσθαι	_	_
2.8	1486	[120]	,	b	_
2.8	1487	[2]	﻿	_	_
2.8	1488	[37]	τὸ	_	_
2.8	1489	[3]	ζητούμενον	_	_
2.8	1490	[4]	αὐτὸ	_	_
2.8	1491	[1]	λαμβάνουσιν	_	_
2.8	1492	[12]	·	b	_
2.8	1493	[7]	εἰ	_	_
2.8	1494	[18]	δὲ	_	_
2.8	1495	[38]	τὸ	_	_
2.8	1496	[1]	ζωτικὸν	_	_
2.8	1497	[121]	,	b	_
2.8	1498	[7]	οὐκ	_	_
2.8	1499	[4]	ἐξ	_	_
2.8	1500	[2]	ἀνάγκης	_	_
2.8	1501	[1]	ἀκολουθήσει	_	_
2.8	1502	[23]	τὴν	_	_
2.8	1503	[5]	αὐτὴν	_	_
2.8	1504	[7]	ἀρχὴν	_	_
2.8	1505	[2]	ἀμφοτέροις	_	_
2.8	1506	[5]	ὑπάρχειν	_	_
2.8	1507	[45]	.	b	_
2.8	1508	[1]	Ἐρασίστρατος	_	_
2.8	1509	[6]	οὖν	_	_
2.8	1510	[2]	οὐχ	_	_
2.8	1511	[1]	ἁπλῶς	_	_
2.8	1512	[122]	,	b	_
2.8	1513	[5]	ὥσπερ	_	_
2.8	1514	[2]	οὗτοι	_	_
2.8	1515	[123]	,	b	_
2.8	1516	[39]	τὸ	_	_
2.8	1517	[4]	ζητούμενον	_	_
2.8	1518	[1]	λαμβάνων	_	_
2.8	1519	[124]	,	b	_
2.8	1520	[8]	ἀλλὰ	_	_
2.8	1521	[2]	μετὰ	_	_
2.8	1522	[1]	κατασκευῆς	_	_
2.8	1523	[1]	λόγων	_	_
2.8	1524	[8]	οὐκ	_	_
2.8	1525	[1]	ὀλίγων	_	_
2.8	1526	[8]	ἐκ	_	_
2.8	1527	[18]	μὲν	_	_
2.8	1528	[32]	τῆς	_	_
2.8	1529	[1]	κεφαλῆς	_	_
2.8	1530	[1]	φησι	_	_
2.8	1531	[40]	τὸ	_	_
2.8	1532	[2]	ψυχικὸν	_	_
2.8	1533	[125]	,	b	_
2.8	1534	[9]	ἐκ	_	_
2.8	1535	[19]	δὲ	_	_
2.8	1536	[33]	τῆς	_	_
2.8	1537	[6]	καρδίας	_	_
2.8	1538	[41]	τὸ	_	_
2.8	1539	[2]	ζωτικὸν	_	_
2.8	1540	[1]	ὁρμᾶσθαι	_	_
2.8	1541	[2]	πνεῦμα	_	_
2.8	1542	[46]	.	b	_
2.8	1543	[8]	εἰ	_	_
2.8	1544	[22]	δ	_	_
2.8	1545	[60]	’	b	_
2.8	1546	[1]	οὐδέτερον	_	_
2.8	1547	[19]	μὲν	_	_
2.8	1548	[1]	τούτων	_	_
2.8	1549	[29]	τῶν	_	_
2.8	1550	[1]	πνευμάτων	_	_
2.8	1551	[1]	ἠρωτῆσθαι	_	_
2.8	1552	[17]	κατὰ	_	_
2.8	1553	[10]	τὸν	_	_
2.8	1554	[4]	λόγον	_	_
2.8	1555	[1]	ἐροῦσι	_	_
2.8	1556	[126]	,	b	_
2.8	1557	[42]	τὸ	_	_
2.8	1558	[20]	δὲ	_	_
2.8	1559	[1]	ἀνάλογον	_	_
2.8	1560	[7]	τῇ	_	_
2.8	1561	[1]	ξηρᾷ	_	_
2.8	1562	[52]	καὶ	_	_
2.8	1563	[1]	ὑγρᾷ	_	_
2.8	1564	[1]	τροφῇ	_	_
2.8	1565	[127]	,	b	_
2.8	1566	[43]	τὸ	_	_
2.8	1567	[1]	προσαγορευόμενον	_	_
2.8	1568	[1]	ὑλικὸν	_	_
2.8	1569	[128]	,	b	_
2.8	1570	[1]	ἀκούσονται	_	_
2.8	1571	[53]	καὶ	_	_
2.8	1572	[3]	περὶ	_	_
2.8	1573	[1]	τοῦδε	_	_
2.8	1574	[2]	παρ	_	_
2.8	1575	[61]	’	b	_
2.8	1576	[1]	Ἱπποκράτους	_	_
2.8	1577	[13]	·	b	_
2.8	1578	[7]	ἀρχὴ	_	_
2.8	1579	[6]	τροφῆς	_	_
2.8	1580	[2]	πνεύματος	_	_
2.8	1581	[6]	στόμα	_	_
2.8	1582	[129]	,	b	_
2.8	1583	[1]	ῥῖνες	_	_
2.8	1584	[130]	,	b	_
2.8	1585	[1]	βρόγχος	_	_
2.8	1586	[131]	,	b	_
2.8	1587	[1]	πνεύμων	_	_
2.8	1588	[54]	καὶ	_	_
2.8	1589	[20]	ἡ	_	_
2.8	1590	[1]	ἄλλη	_	_
2.8	1591	[1]	διαπνοή	_	_
2.8	1592	[47]	.	b	_
2.8	1593	[1]	οὔκουν	_	_
2.8	1594	[4]	οὔτε	_	_
2.8	1595	[2]	τούτων	_	_
2.8	1596	[30]	τῶν	_	_
2.8	1597	[2]	λόγων	_	_
2.8	1598	[1]	ἰσχυρὸς	_	_
2.8	1599	[2]	οὐδεὶς	_	_
2.8	1600	[132]	,	b	_
2.8	1601	[2]	οὔθ	_	_
2.8	1602	[62]	’	b	_
2.8	1603	[2]	ὅταν	_	_
2.8	1604	[4]	ὁ	_	_
2.8	1605	[1]	Διογένης	_	_
2.8	1606	[1]	εἴπῃ	_	_
2.8	1607	[14]	·	b	_
2.8	1608	[3]	ὃ	_	_
2.8	1609	[2]	πρῶτον	_	_
2.8	1610	[7]	τροφῆς	_	_
2.8	1611	[55]	καὶ	_	_
2.8	1612	[3]	πνεύματος	_	_
2.8	1613	[1]	ἀρύεται	_	_
2.8	1614	[133]	,	b	_
2.8	1615	[26]	ἐν	_	_
2.8	1616	[2]	τούτῳ	_	_
2.8	1617	[1]	ὑπάρχει	_	_
2.8	1618	[44]	τὸ	_	_
2.8	1619	[3]	ἡγεμονικὸν	_	_
2.8	1620	[134]	,	b	_
2.8	1621	[4]	ὃ	_	_
2.8	1622	[21]	δὲ	_	_
2.8	1623	[3]	πρῶτον	_	_
2.8	1624	[8]	τροφῆς	_	_
2.8	1625	[56]	καὶ	_	_
2.8	1626	[4]	πνεύματος	_	_
2.8	1627	[2]	ἀρύεται	_	_
2.8	1628	[135]	,	b	_
2.8	1629	[21]	ἡ	_	_
2.8	1630	[5]	καρδία	_	_
2.8	1631	[48]	.	b	_
2.8	1632	[45]	τὸ	_	_
2.8	1633	[17]	γὰρ	_	_
2.8	1634	[4]	πρῶτον	_	_
2.8	1635	[1]	ἐρωτήσομεν	_	_
2.8	1636	[1]	ὅπως	_	_
2.8	1637	[1]	λέγει	_	_
2.8	1638	[49]	.	b	_
2.8	1639	[9]	εἰ	_	_
2.8	1640	[20]	μὲν	_	_
2.8	1641	[18]	γὰρ	_	_
2.8	1642	[7]	ὡς	_	_
2.8	1643	[1]	ὄργανον	_	_
2.8	1644	[5]	πρῶτον	_	_
2.8	1645	[136]	,	b	_
2.8	1646	[1]	οὐδαμῶς	_	_
2.8	1647	[22]	ἡ	_	_
2.8	1648	[6]	καρδία	_	_
2.8	1649	[9]	τροφῆς	_	_
2.8	1650	[57]	καὶ	_	_
2.8	1651	[5]	πνεύματος	_	_
2.8	1652	[3]	ἀρύεται	_	_
2.8	1653	[2]	πρώτη	_	_
2.8	1654	[137]	,	b	_
2.8	1655	[9]	ἀλλὰ	_	_
2.8	1656	[10]	τροφῆς	_	_
2.8	1657	[21]	μὲν	_	_
2.8	1658	[7]	στόμα	_	_
2.8	1659	[138]	,	b	_
2.8	1660	[3]	στόμαχος	_	_
2.8	1661	[139]	,	b	_
2.8	1662	[3]	κοιλίη	_	_
2.8	1663	[140]	,	b	_
2.8	1664	[6]	πνεύματος	_	_
2.8	1665	[22]	δὲ	_	_
2.8	1666	[8]	στόμα	_	_
2.8	1667	[141]	,	b	_
2.8	1668	[2]	ῥῖνες	_	_
2.8	1669	[142]	,	b	_
2.8	1670	[2]	βρόγχος	_	_
2.8	1671	[143]	,	b	_
2.8	1672	[2]	πνεύμων	_	_
2.8	1673	[15]	·	b	_
2.8	1674	[10]	εἰ	_	_
2.8	1675	[23]	δ	_	_
2.8	1676	[63]	’	b	_
2.8	1677	[8]	ὡς	_	_
2.8	1678	[4]	ὅθεν	_	_
2.8	1679	[23]	ἡ	_	_
2.8	1680	[8]	ἀρχὴ	_	_
2.8	1681	[34]	τῆς	_	_
2.8	1682	[1]	κινήσεώς	_	_
2.8	1683	[5]	ἐστι	_	_
2.8	1684	[14]	τοῖς	_	_
2.8	1685	[1]	ἀρυομένοις	_	_
2.8	1686	[144]	,	b	_
2.8	1687	[2]	ἀληθὲς	_	_
2.8	1688	[22]	μὲν	_	_
2.8	1689	[46]	τὸ	_	_
2.8	1690	[1]	πρότερον	_	_
2.8	1691	[2]	λῆμμα	_	_
2.8	1692	[145]	,	b	_
2.8	1693	[19]	τοῦ	_	_
2.8	1694	[2]	δευτέρου	_	_
2.8	1695	[24]	δ	_	_
2.8	1696	[64]	’	b	_
2.8	1697	[1]	ἀντιληψόμεθα	_	_
2.8	1698	[146]	,	b	_
2.8	1699	[1]	φάσκοντες	_	_
2.8	1700	[5]	αὐτὸ	_	_
2.8	1701	[47]	τὸ	_	_
2.8	1702	[5]	ζητούμενον	_	_
2.8	1703	[1]	ἑτοίμως	_	_
2.8	1704	[2]	λαμβάνειν	_	_
2.8	1705	[1]	αὐτόν	_	_
2.8	1706	[50]	.	b	_
2.8	1707	[2]	ἡμεῖς	_	_
2.8	1708	[23]	μὲν	_	_
2.8	1709	[19]	γὰρ	_	_
2.8	1710	[9]	ἀπὸ	_	_
2.8	1711	[2]	κεφαλῆς	_	_
2.8	1712	[1]	πεμφθήσεσθαι	_	_
2.8	1713	[24]	τὴν	_	_
2.8	1714	[8]	ἀρχὴν	_	_
2.8	1715	[1]	ὁμολογοῦμεν	_	_
2.8	1716	[35]	τῆς	_	_
2.8	1717	[3]	κινήσεως	_	_
2.8	1718	[147]	,	b	_
2.8	1719	[2]	ἐπειδὰν	_	_
2.8	1720	[1]	ἐσθίειν	_	_
2.8	1721	[148]	,	b	_
2.8	1722	[4]	ἢ	_	_
2.8	1723	[1]	πίνειν	_	_
2.8	1724	[149]	,	b	_
2.8	1725	[5]	ἢ	_	_
2.8	1726	[1]	ἀναπνεῖν	_	_
2.8	1727	[1]	βουλώμεθα	_	_
2.8	1728	[51]	.	b	_
2.8	1729	[5]	ὁ	_	_
2.8	1730	[2]	Διογένης	_	_
2.8	1731	[23]	δὲ	_	_
2.8	1732	[6]	τοῦτο	_	_
2.8	1733	[1]	λαβών	_	_
2.8	1734	[1]	χωρὶς	_	_
2.8	1735	[1]	ἀποδείξεως	_	_
2.8	1736	[1]	ἀμφισβήτησιν	_	_
2.8	1737	[1]	πεποίηκεν	_	_
2.8	1738	[1]	ἰδίαν	_	_
2.8	1739	[52]	.	b	_
2.8	1740	[18]	κατὰ	_	_
2.8	1741	[11]	τὸν	_	_
2.8	1742	[2]	αὐτὸν	_	_
2.8	1743	[24]	δὲ	_	_
2.8	1744	[2]	τρόπον	_	_
2.8	1745	[58]	καὶ	_	_
2.8	1746	[1]	ἑαυτοῦ	_	_
2.8	1747	[15]	τοῖς	_	_
2.8	1748	[1]	λόγοις	_	_
2.8	1749	[1]	ἐχρήσατο	_	_
2.8	1750	[53]	.	b	_
2.8	1751	[48]	τὸ	_	_
2.8	1752	[150]	,	b	_
2.8	1753	[1]	φησὶ	_	_
2.8	1754	[151]	,	b	_
2.8	1755	[1]	κινοῦν	_	_
2.8	1756	[12]	τὸν	_	_
2.8	1757	[1]	ἄνθρωπον	_	_
2.8	1758	[3]	τὰς	_	_
2.8	1759	[19]	κατὰ	_	_
2.8	1760	[3]	προαίρεσιν	_	_
2.8	1761	[1]	κινήσεις	_	_
2.8	1762	[1]	ψυχική	_	_
2.8	1763	[1]	τίς	_	_
2.8	1764	[5]	ἐστιν	_	_
2.8	1765	[1]	ἀναθυμίασις	_	_
2.8	1766	[152]	,	b	_
2.8	1767	[1]	πᾶσα	_	_
2.8	1768	[25]	δὲ	_	_
2.8	1769	[2]	ἀναθυμίασις	_	_
2.8	1770	[10]	ἐκ	_	_
2.8	1771	[36]	τῆς	_	_
2.8	1772	[11]	τροφῆς	_	_
2.8	1773	[1]	ἀνάγεται	_	_
2.8	1774	[153]	,	b	_
2.8	1775	[3]	ὥστε	_	_
2.8	1776	[49]	τὸ	_	_
2.8	1777	[2]	κινοῦν	_	_
2.8	1778	[6]	πρῶτον	_	_
2.8	1779	[4]	τὰς	_	_
2.8	1780	[20]	κατὰ	_	_
2.8	1781	[4]	προαίρεσιν	_	_
2.8	1782	[2]	κινήσεις	_	_
2.8	1783	[59]	καὶ	_	_
2.8	1784	[50]	τὸ	_	_
2.8	1785	[1]	τρέφον	_	_
2.8	1786	[1]	ἡμᾶς	_	_
2.8	1787	[1]	ἀνάγκη	_	_
2.8	1788	[1]	ἓν	_	_
2.8	1789	[60]	καὶ	_	_
2.8	1790	[1]	ταὐτὸν	_	_
2.8	1791	[9]	εἶναι	_	_
2.8	1792	[54]	.	b	_
2.8	1793	[3]	ὅταν	_	_
2.8	1794	[1]	ταῦτα	_	_
2.8	1795	[6]	ὁ	_	_
2.8	1796	[3]	Διογένης	_	_
2.8	1797	[1]	γράφῃ	_	_
2.8	1798	[154]	,	b	_
2.8	1799	[4]	περὶ	_	_
2.8	1800	[24]	μὲν	_	_
2.8	1801	[7]	οὖν	_	_
2.8	1802	[20]	τοῦ	_	_
2.8	1803	[25]	τὴν	_	_
2.8	1804	[1]	οὐσίαν	_	_
2.8	1805	[10]	εἶναι	_	_
2.8	1806	[37]	τῆς	_	_
2.8	1807	[4]	ψυχῆς	_	_
2.8	1808	[1]	ἀναθυμίασιν	_	_
2.8	1809	[155]	,	b	_
2.8	1810	[1]	εἴτ	_	_
2.8	1811	[65]	’	b	_
2.8	1812	[8]	οὖν	_	_
2.8	1813	[11]	ἐκ	_	_
2.8	1814	[12]	τροφῆς	_	_
2.8	1815	[156]	,	b	_
2.8	1816	[2]	εἴτ	_	_
2.8	1817	[66]	’	b	_
2.8	1818	[12]	ἐκ	_	_
2.8	1819	[7]	πνεύματος	_	_
2.8	1820	[157]	,	b	_
2.8	1821	[3]	οὐδὲν	_	_
2.8	1822	[2]	ἔν	_	_
2.8	1823	[5]	γε	_	_
2.8	1824	[13]	τῷ	_	_
2.8	1825	[1]	παρόντι	_	_
2.8	1826	[1]	φήσομεν	_	_
2.8	1827	[1]	ἀμφισβητεῖν	_	_
2.8	1828	[158]	,	b	_
2.8	1829	[1]	ἵνα	_	_
2.8	1830	[2]	μὴ	_	_
2.8	1831	[16]	τὰ	_	_
2.8	1832	[2]	πάντα	_	_
2.8	1833	[1]	λυπῶμεν	_	_
2.8	1834	[13]	τὸν	_	_
2.8	1835	[1]	ἄνδρα	_	_
2.8	1836	[159]	,	b	_
2.8	1837	[5]	περὶ	_	_
2.8	1838	[26]	δὲ	_	_
2.8	1839	[21]	τοῦ	_	_
2.8	1840	[160]	,	b	_
2.8	1841	[2]	ταὐτὸν	_	_
2.8	1842	[1]	εἷναι	_	_
2.8	1843	[51]	τὸ	_	_
2.8	1844	[3]	κινοῦν	_	_
2.8	1845	[7]	πρῶτον	_	_
2.8	1846	[2]	ἡμᾶς	_	_
2.8	1847	[5]	τὰς	_	_
2.8	1848	[21]	κατὰ	_	_
2.8	1849	[5]	προαίρεσιν	_	_
2.8	1850	[3]	κινήσεις	_	_
2.8	1851	[61]	καὶ	_	_
2.8	1852	[52]	τὸ	_	_
2.8	1853	[2]	τρέφον	_	_
2.8	1854	[161]	,	b	_
2.8	1855	[2]	ἀντιληψόμεθα	_	_
2.8	1856	[55]	.	b	_
2.8	1857	[1]	τοὐναντίον	_	_
2.8	1858	[20]	γὰρ	_	_
2.8	1859	[2]	ἅπαν	_	_
2.8	1860	[5]	ἐξ	_	_
2.8	1861	[2]	ὧν	_	_
2.8	1862	[1]	ὑπέθετο	_	_
2.8	1863	[1]	περαίνεσθαι	_	_
2.8	1864	[2]	φήσομεν	_	_
2.8	1865	[162]	,	b	_
2.8	1866	[6]	ἐξ	_	_
2.8	1867	[1]	αἵματος	_	_
2.8	1868	[25]	μὲν	_	_
2.8	1869	[1]	ὁμολογοῦντες	_	_
2.8	1870	[1]	*	a	_
2.8	1871	[2]	*	b	_
2.8	1872	[3]	*	b	_
2.8	1873	[62]	καὶ	_	_
2.8	1874	[1]	αὐτὸς	_	_
2.8	1875	[1]	ἐπιλανθανόμενος	_	_
2.8	1876	[31]	τῶν	_	_
2.8	1877	[1]	οἰκείων	_	_
2.8	1878	[1]	δογμάτων	_	_
2.8	1879	[1]	αἷμά	_	_
2.8	1880	[2]	φησιν	_	_
2.8	1881	[11]	εἶναι	_	_
2.8	1882	[26]	τὴν	_	_
2.8	1883	[2]	ψυχὴν	_	_
2.8	1884	[163]	,	b	_
2.8	1885	[9]	ὡς	_	_
2.8	1886	[1]	Ἐμπεδοκλῆς	_	_
2.8	1887	[63]	καὶ	_	_
2.8	1888	[1]	Κριτίας	_	_
2.8	1889	[1]	ὑπέλαβον	_	_
2.8	1890	[56]	.	b	_
2.8	1891	[11]	εἰ	_	_
2.8	1892	[4]	δέ	_	_
2.8	1893	[6]	γε	_	_
2.8	1894	[1]	ἕποιτο	_	_
2.8	1895	[1]	Κλεάνθει	_	_
2.8	1896	[164]	,	b	_
2.8	1897	[64]	καὶ	_	_
2.8	1898	[1]	Χρυσίππῳ	_	_
2.8	1899	[165]	,	b	_
2.8	1900	[65]	καὶ	_	_
2.8	1901	[1]	Ζήνωνι	_	_
2.8	1902	[166]	,	b	_
2.8	1903	[4]	τρέφεσθαι	_	_
2.8	1904	[26]	μὲν	_	_
2.8	1905	[7]	ἐξ	_	_
2.8	1906	[2]	αἵματος	_	_
2.8	1907	[1]	φήσας	_	_
2.8	1908	[27]	τὴν	_	_
2.8	1909	[3]	ψυχὴν	_	_
2.8	1910	[167]	,	b	_
2.8	1911	[2]	οὐσίαν	_	_
2.8	1912	[25]	δ	_	_
2.8	1913	[67]	’	b	_
2.8	1914	[2]	αὐτῆς	_	_
2.8	1915	[6]	ὑπάρχειν	_	_
2.8	1916	[53]	τὸ	_	_
2.8	1917	[3]	πνεῦμα	_	_
2.8	1918	[168]	,	b	_
2.8	1919	[1]	πῶς	_	_
2.8	1920	[3]	ἔτι	_	_
2.8	1921	[3]	ταὐτὸν	_	_
2.8	1922	[1]	ἔσται	_	_
2.8	1923	[54]	τὸ	_	_
2.8	1924	[3]	τρέφον	_	_
2.8	1925	[17]	τε	_	_
2.8	1926	[66]	καὶ	_	_
2.8	1927	[4]	κινοῦν	_	_
2.8	1928	[169]	,	b	_
2.8	1929	[1]	εἴπερ	_	_
2.8	1930	[1]	τρέφει	_	_
2.8	1931	[27]	μὲν	_	_
2.8	1932	[55]	τὸ	_	_
2.8	1933	[3]	αἷμα	_	_
2.8	1934	[170]	,	b	_
2.8	1935	[1]	κινεῖ	_	_
2.8	1936	[27]	δὲ	_	_
2.8	1937	[56]	τὸ	_	_
2.8	1938	[4]	πνεῦμα	_	_
2.8	1939	[1]	;	b	_
2.8	1940	[4]	ὥστε	_	_
2.8	1941	[3]	πρὸς	_	_
2.8	1942	[16]	τοῖς	_	_
2.8	1943	[1]	ἄλλοις	_	_
2.8	1944	[1]	ἀτόποις	_	_
2.8	1945	[67]	καὶ	_	_
2.8	1946	[1]	ἀπέραντός	_	_
2.8	1947	[6]	ἐστιν	_	_
2.8	1948	[7]	ὁ	_	_
2.8	1949	[22]	τοῦ	_	_
2.8	1950	[1]	Διογένους	_	_
2.8	1951	[1]	λόγος	_	_
2.8	1952	[57]	.	b	_
2.8	1953	[5]	ὃ	_	_
2.8	1954	[21]	γὰρ	_	_
2.8	1955	[1]	ἐπιφέρει	_	_
2.8	1956	[17]	τοῖς	_	_
2.8	1957	[1]	ὑποτεθεῖσι	_	_
2.8	1958	[2]	λήμμασιν	_	_
2.8	1959	[171]	,	b	_
2.8	1960	[9]	οὐκ	_	_
2.8	1961	[8]	ἐξ	_	_
2.8	1962	[3]	ἀνάγκης	_	_
2.8	1963	[1]	ἕπεται	_	_
2.8	1964	[58]	.	b	_
2.8	1965	[1]	δειχθήσεται	_	_
2.8	1966	[28]	δὲ	_	_
2.8	1967	[2]	ἐπὶ	_	_
2.8	1968	[2]	πλέον	_	_
2.8	1969	[5]	ὑπὲρ	_	_
2.8	1970	[2]	αὐτοῦ	_	_
2.8	1971	[2]	διὰ	_	_
2.8	1972	[32]	τῶν	_	_
2.8	1973	[2]	ἑξῆς	_	_
2.8	1974	[1]	ὑπομνημάτων	_	_
2.8	1975	[59]	.	b	_
2.8	1976	[27]	ἐν	_	_
2.8	1977	[28]	μὲν	_	_
2.8	1978	[22]	γὰρ	_	_
2.8	1979	[14]	τῷ	_	_
2.8	1980	[2]	παρόντι	_	_
2.8	1981	[1]	δοκῶ	_	_
2.8	1982	[3]	μοι	_	_
2.8	1983	[1]	καιρὸν	_	_
2.8	1984	[12]	εἶναι	_	_
2.8	1985	[1]	καταπαύειν	_	_
2.8	1986	[1]	ἐνταῦθα	_	_
2.8	1987	[57]	τὸ	_	_
2.8	1988	[1]	βιβλίον	_	_
2.8	1989	[60]	.	b	_
2.8	1990	[1]	ὑποσχόμενος	_	_
2.8	1991	[23]	γὰρ	_	_
2.8	1992	[6]	περὶ	_	_
2.8	1993	[33]	τῶν	_	_
2.8	1994	[3]	ἐναργῶς	_	_
2.8	1995	[1]	φαινομένων	_	_
2.8	1996	[7]	ὑπάρχειν	_	_
2.8	1997	[8]	τῇ	_	_
2.8	1998	[8]	καρδίᾳ	_	_
2.8	1999	[14]	τὸν	_	_
2.8	2000	[5]	λόγον	_	_
2.8	2001	[28]	ἐν	_	_
2.8	2002	[3]	τῷδε	_	_
2.8	2003	[15]	τῷ	_	_
2.8	2004	[2]	γράμματι	_	_
2.8	2005	[1]	ποιήσασθαι	_	_
2.8	2006	[172]	,	b	_
2.8	2007	[1]	τί	_	_
2.8	2008	[4]	ἂν	_	_
2.8	2009	[4]	ἔτι	_	_
2.8	2010	[1]	δεοίμην	_	_
2.8	2011	[1]	ἐφάπτεσθαι	_	_
2.8	2012	[1]	τοιούτων	_	_
2.8	2013	[2]	ἐπιχειρημάτων	_	_
2.8	2014	[173]	,	b	_
2.8	2015	[3]	ὧν	_	_
2.8	2016	[1]	δόγματα	_	_
2.8	2017	[3]	μᾶλλον	_	_
2.8	2018	[174]	,	b	_
2.8	2019	[9]	οὐ	_	_
2.8	2020	[58]	τὸ	_	_
2.8	2021	[1]	φαινόμενον	_	_
2.8	2022	[13]	ἐκ	_	_
2.8	2023	[38]	τῆς	_	_
2.8	2024	[1]	ἀνατομῆς	_	_
2.8	2025	[175]	,	b	_
2.8	2026	[24]	ἡ	_	_
2.8	2027	[9]	ἀρχὴ	_	_
2.8	2028	[39]	τῆς	_	_
2.8	2029	[1]	συστάσεώς	_	_
2.8	2030	[7]	ἐστιν	_	_
2.8	2031	[2]	;	b	_
3.1	1	[1]	ΓΑΛΗΝΟΥ	_	_
3.1	2	[1]	ΠΕΡΙ	_	_
3.1	3	[1]	ΤΩΝ	_	_
3.1	4	[1]	ΚΑΘ	_	_
3.1	5	[1]	’	b	_
3.1	6	[1]	ΙΠΠΟΚΡΑΤΗΝ	_	_
3.1	7	[1]	ΚΑΙ	_	_
3.1	8	[1]	ΠΛΑΤΩΝΑ	_	_
3.1	9	[1]	ΔΟΓΜΑΤΩΝ	_	_
3.1	10	[1]	ΒΙΒΛΙΟΝ	_	_
3.1	11	[1]	ΤΡΙΤΟΝ	_	_
3.1	12	[1]	.	b	_
3.1	13	[1]	Ὅτι	_	_
3.1	14	[1]	μὲν	_	_
3.1	15	[1]	ἀναγκαῖόν	_	_
3.1	16	[1]	ἐστιν	_	_
3.1	17	[1]	οὐ	_	_
3.1	18	[1]	φιλοσόφοις	_	_
3.1	19	[1]	μόνον	_	_
3.1	20	[1]	,	b	_
3.1	21	[1]	ἀλλὰ	_	_
3.1	22	[1]	καὶ	_	_
3.1	23	[1]	ἰατροῖς	_	_
3.1	24	[2]	,	b	_
3.1	25	[1]	ὅσοι	_	_
3.1	26	[1]	γε	_	_
3.1	27	[1]	μὴ	_	_
3.1	28	[1]	ἀλογίστως	_	_
3.1	29	[1]	ἅπτονται	_	_
3.1	30	[1]	τῆς	_	_
3.1	31	[1]	τέχνης	_	_
3.1	32	[3]	,	b	_
3.1	33	[1]	ἐσκέφθαι	_	_
3.1	34	[1]	περὶ	_	_
3.1	35	[1]	τῶν	_	_
3.1	36	[1]	διοικουσῶν	_	_
3.1	37	[1]	ἡμᾶς	_	_
3.1	38	[1]	δυνάμεων	_	_
3.1	39	[4]	,	b	_
3.1	40	[1]	ὁπόσαι	_	_
3.1	41	[1]	τέ	_	_
3.1	42	[1]	εἰσι	_	_
3.1	43	[1]	κατὰ	_	_
3.1	44	[1]	γένος	_	_
3.1	45	[5]	,	b	_
3.1	46	[1]	ὁποία	_	_
3.1	47	[2]	τέ	_	_
3.1	48	[1]	τις	_	_
3.1	49	[1]	ἑκάστη	_	_
3.1	50	[1]	κατ	_	_
3.1	51	[2]	’	b	_
3.1	52	[1]	εἶδος	_	_
3.1	53	[6]	,	b	_
3.1	54	[1]	ἐν	_	_
3.1	55	[1]	τίνι	_	_
3.1	56	[1]	τε	_	_
3.1	57	[1]	μάλιστα	_	_
3.1	58	[1]	τοῦ	_	_
3.1	59	[1]	ζώου	_	_
3.1	60	[1]	μορίῳ	_	_
3.1	61	[1]	καθίδρυται	_	_
3.1	62	[7]	,	b	_
3.1	63	[1]	διὰ	_	_
3.1	64	[2]	τοῦ	_	_
3.1	65	[1]	πρώτου	_	_
3.1	66	[1]	δέδεικται	_	_
3.1	67	[1]	λόγου	_	_
3.1	68	[2]	.	b	_
3.1	69	[1]	ὅτι	_	_
3.1	70	[1]	δ	_	_
3.1	71	[3]	’	b	_
3.1	72	[1]	οἱ	_	_
3.1	73	[1]	κάλλιστα	_	_
3.1	74	[2]	περὶ	_	_
3.1	75	[1]	αὐτῶν	_	_
3.1	76	[1]	ἀποφήναμενοι	_	_
3.1	77	[1]	Πλάτων	_	_
3.1	78	[2]	τε	_	_
3.1	79	[2]	καὶ	_	_
3.1	80	[1]	Ἱπποκράτης	_	_
3.1	81	[1]	εἰσὶν	_	_
3.1	82	[8]	,	b	_
3.1	83	[1]	ἐῤῥέθη	_	_
3.1	84	[2]	μὲν	_	_
3.1	85	[1]	οὐκ	_	_
3.1	86	[1]	ὀλίγα	_	_
3.1	87	[3]	καὶ	_	_
3.1	88	[2]	διὰ	_	_
3.1	89	[3]	τοῦ	_	_
3.1	90	[2]	πρώτου	_	_
3.1	91	[1]	βιβλίου	_	_
3.1	92	[9]	,	b	_
3.1	93	[1]	τελεώτατα	_	_
3.1	94	[1]	δὲ	_	_
3.1	95	[1]	ἐπεξῆλθον	_	_
3.1	96	[1]	τῷ	_	_
3.1	97	[1]	λόγῳ	_	_
3.1	98	[2]	κατὰ	_	_
3.1	99	[1]	τὸ	_	_
3.1	100	[1]	δεύτερον	_	_
3.1	101	[1]	γράμμα	_	_
3.1	102	[10]	,	b	_
3.1	103	[1]	τὰς	_	_
3.1	104	[1]	διαφορὰς	_	_
3.1	105	[1]	ἁπάντων	_	_
3.1	106	[2]	τῶν	_	_
3.1	107	[1]	λημμάτων	_	_
3.1	108	[1]	ἐκθέμενος	_	_
3.1	109	[11]	,	b	_
3.1	110	[1]	οἷς	_	_
3.1	111	[1]	ἐχρήσαντο	_	_
3.1	112	[3]	περὶ	_	_
3.1	113	[4]	τοῦ	_	_
3.1	114	[1]	προκειμένου	_	_
3.1	115	[1]	δόγματος	_	_
3.1	116	[2]	οἱ	_	_
3.1	117	[1]	ἐπιφανέστατοι	_	_
3.1	118	[3]	τῶν	_	_
3.1	119	[1]	φιλοσόφων	_	_
3.1	120	[3]	.	b	_
3.1	121	[1]	ἀναγκαῖον	_	_
3.1	122	[1]	δέ	_	_
3.1	123	[1]	μοι	_	_
3.1	124	[1]	δοκεῖ	_	_
3.1	125	[4]	καὶ	_	_
3.1	126	[1]	νῦν	_	_
3.1	127	[1]	ἔτι	_	_
3.1	128	[4]	περὶ	_	_
3.1	129	[2]	αὐτῶν	_	_
3.1	130	[1]	ἀναμνήσαντι	_	_
3.1	131	[1]	περαίνειν	_	_
3.1	132	[1]	οὕτω	_	_
3.1	133	[1]	τὸν	_	_
3.1	134	[1]	ὑπόλοιπον	_	_
3.1	135	[1]	λόγον	_	_
3.1	136	[4]	.	b	_
3.1	137	[1]	τέτταρας	_	_
3.1	138	[1]	ἔλεγον	_	_
3.1	139	[1]	εἶναι	_	_
3.1	140	[2]	τὰς	_	_
3.1	141	[1]	πάσας	_	_
3.1	142	[2]	διαφορὰς	_	_
3.1	143	[4]	τῶν	_	_
3.1	144	[2]	λημμάτων	_	_
3.1	145	[1]	·	b	_
3.1	146	[1]	ἔνια	_	_
3.1	147	[3]	μὲν	_	_
3.1	148	[1]	γὰρ	_	_
3.1	149	[3]	αὐτῶν	_	_
3.1	150	[1]	ἀπὸ	_	_
3.1	151	[5]	τῶν	_	_
3.1	152	[1]	ὑπαρχόντων	_	_
3.1	153	[2]	τῷ	_	_
3.1	154	[2]	μορίῳ	_	_
3.1	155	[1]	λαμβάνεσθαι	_	_
3.1	156	[3]	κατὰ	_	_
3.1	157	[1]	τὴν	_	_
3.1	158	[5]	τοῦ	_	_
3.1	159	[1]	προβλήματος	_	_
3.1	160	[1]	οὐσίαν	_	_
3.1	161	[12]	,	b	_
3.1	162	[2]	ἔνια	_	_
3.1	163	[2]	δὲ	_	_
3.1	164	[2]	ἀπὸ	_	_
3.1	165	[6]	τῶν	_	_
3.1	166	[2]	ὑπαρχόντων	_	_
3.1	167	[4]	μὲν	_	_
3.1	168	[13]	,	b	_
3.1	169	[2]	οὐ	_	_
3.1	170	[1]	μὴν	_	_
3.1	171	[4]	κατὰ	_	_
3.1	172	[2]	τὸ	_	_
3.1	173	[1]	προβεβλημένον	_	_
3.1	174	[3]	τε	_	_
3.1	175	[5]	καὶ	_	_
3.1	176	[1]	ζητούμενον	_	_
3.1	177	[14]	,	b	_
3.1	178	[1]	ἕτερα	_	_
3.1	179	[3]	δὲ	_	_
3.1	180	[3]	ἀπὸ	_	_
3.1	181	[7]	τῶν	_	_
3.1	182	[1]	ἔξωθεν	_	_
3.1	183	[1]	μαρτύρων	_	_
3.1	184	[15]	,	b	_
3.1	185	[1]	πρὸς	_	_
3.1	186	[1]	τούτοις	_	_
3.1	187	[4]	δὲ	_	_
3.1	188	[6]	καὶ	_	_
3.1	189	[3]	τὸ	_	_
3.1	190	[1]	τέταρτον	_	_
3.1	191	[4]	ἀπὸ	_	_
3.1	192	[8]	τῶν	_	_
3.1	193	[1]	σοφιστικῶν	_	_
3.1	194	[3]	λημμάτων	_	_
3.1	195	[16]	,	b	_
3.1	196	[1]	τοῖς	_	_
3.1	197	[2]	τῆς	_	_
3.1	198	[1]	λέξεως	_	_
3.1	199	[1]	σχήμασι	_	_
3.1	200	[2]	πρὸς	_	_
3.1	201	[1]	ἀμφιβολίαν	_	_
3.1	202	[1]	πεπανουργημένον	_	_
3.1	203	[5]	.	b	_
3.1	204	[2]	οὐκ	_	_
3.1	205	[2]	ὀλίγα	_	_
3.1	206	[5]	δὲ	_	_
3.1	207	[1]	ἔγραψα	_	_
3.1	208	[1]	παραδείγματα	_	_
3.1	209	[17]	,	b	_
3.1	210	[1]	ἀφ	_	_
3.1	211	[4]	’	b	_
3.1	212	[1]	ὧν	_	_
3.1	213	[1]	ἕκαστον	_	_
3.1	214	[9]	τῶν	_	_
3.1	215	[4]	λημμάτων	_	_
3.1	216	[1]	ἐφευρίσκεται	_	_
3.1	217	[2]	γένος	_	_
3.1	218	[18]	,	b	_
3.1	219	[1]	αὐτὰ	_	_
3.1	220	[1]	τὰ	_	_
3.1	221	[1]	ῥήματα	_	_
3.1	222	[10]	τῶν	_	_
3.1	223	[1]	χρωμένων	_	_
3.1	224	[1]	αὐτοῖς	_	_
3.1	225	[1]	προτιθέμενος	_	_
3.1	226	[6]	.	b	_
3.1	227	[7]	καὶ	_	_
3.1	228	[1]	δὴ	_	_
3.1	229	[1]	τοὺς	_	_
3.1	230	[1]	λόγους	_	_
3.1	231	[4]	αὐτῶν	_	_
3.1	232	[1]	ἀνατρέπων	_	_
3.1	233	[1]	ἱκανῶς	_	_
3.1	234	[1]	βέλτιον	_	_
3.1	235	[1]	ἐγνώκειν	_	_
3.1	236	[2]	ἐν	_	_
3.1	237	[1]	αὐτῷ	_	_
3.1	238	[3]	τῷ	_	_
3.1	239	[1]	τρίτῳ	_	_
3.1	240	[1]	γράμματι	_	_
3.1	241	[1]	τόν	_	_
3.1	242	[1]	τ	_	_
3.1	243	[5]	’	b	_
3.1	244	[1]	ἀριθμὸν	_	_
3.1	245	[8]	καὶ	_	_
3.1	246	[3]	τὰς	_	_
3.1	247	[1]	οὐσίας	_	_
3.1	248	[11]	τῶν	_	_
3.1	249	[1]	ἀρετῶν	_	_
3.1	250	[1]	διδάσκειν	_	_
3.1	251	[7]	.	b	_
3.1	252	[5]	κατὰ	_	_
3.1	253	[6]	δὲ	_	_
3.1	254	[2]	τὸν	_	_
3.1	255	[1]	αὐτὸν	_	_
3.1	256	[1]	τρόπον	_	_
3.1	257	[1]	ἐπέρχεταί	_	_
3.1	258	[2]	μοι	_	_
3.1	259	[12]	τῶν	_	_
3.1	260	[2]	ἀρετῶν	_	_
3.1	261	[1]	μνημονεύσαντι	_	_
3.1	262	[4]	τὸ	_	_
3.1	263	[1]	λέγειν	_	_
3.1	264	[3]	τὸν	_	_
3.1	265	[2]	ἀριθμὸν	_	_
3.1	266	[9]	καὶ	_	_
3.1	267	[4]	τὰς	_	_
3.1	268	[3]	διαφορὰς	_	_
3.1	269	[13]	τῶν	_	_
3.1	270	[1]	συμβεβηκότων	_	_
3.1	271	[8]	.	b	_
3.1	272	[1]	καί	_	_
3.1	273	[1]	τίς	_	_
3.1	274	[2]	γε	_	_
3.1	275	[14]	τῶν	_	_
3.1	276	[1]	ἐπιφανεστάτων	_	_
3.1	277	[1]	σοφιστῶν	_	_
3.1	278	[3]	μοι	_	_
3.1	279	[1]	φήσας	_	_
3.1	280	[19]	,	b	_
3.1	281	[1]	ὡς	_	_
3.1	282	[3]	οὐ	_	_
3.1	283	[1]	δυνατὸν	_	_
3.1	284	[1]	ἀνατρέπειν	_	_
3.1	285	[20]	,	b	_
3.1	286	[1]	ὅσαπερ	_	_
3.1	287	[1]	ὁ	_	_
3.1	288	[1]	Χρύσιππος	_	_
3.1	289	[1]	ἔγραψε	_	_
3.1	290	[5]	περὶ	_	_
3.1	291	[6]	τοῦ	_	_
3.1	292	[2]	τὴν	_	_
3.1	293	[1]	καρδίαν	_	_
3.1	294	[1]	μόνην	_	_
3.1	295	[3]	ἐν	_	_
3.1	296	[4]	τῷ	_	_
3.1	297	[1]	σώματι	_	_
3.1	298	[7]	τοῦ	_	_
3.1	299	[2]	ζώου	_	_
3.1	300	[1]	ἀρχὴν	_	_
3.1	301	[2]	εἶναι	_	_
3.1	302	[8]	τοῦ	_	_
3.1	303	[1]	ἡγεμονικοῦ	_	_
3.1	304	[21]	,	b	_
3.1	305	[6]	κατὰ	_	_
3.1	306	[1]	τοῦτο	_	_
3.1	307	[5]	τὸ	_	_
3.1	308	[1]	τρίτον	_	_
3.1	309	[1]	ὑπόμνημα	_	_
3.1	310	[1]	ἐπεξελθεῖν	_	_
3.1	311	[1]	με	_	_
3.1	312	[5]	τῷ	_	_
3.1	313	[2]	λόγῳ	_	_
3.1	314	[1]	τά	_	_
3.1	315	[1]	γ	_	_
3.1	316	[6]	’	b	_
3.1	317	[1]	ἐλλείποντα	_	_
3.1	318	[1]	παρεβίασεν	_	_
3.1	319	[9]	.	b	_
3.1	320	[1]	ἴσως	_	_
3.1	321	[5]	μὲν	_	_
3.1	322	[1]	οὖν	_	_
3.1	323	[2]	τοῦτο	_	_
3.1	324	[1]	αἴτιον	_	_
3.1	325	[1]	αὐτὸ	_	_
3.1	326	[1]	γενήσεται	_	_
3.1	327	[9]	τοῦ	_	_
3.1	328	[1]	ἐπαίνου	_	_
3.1	329	[22]	,	b	_
3.1	330	[1]	ἐπεί	_	_
3.1	331	[1]	τοι	_	_
3.1	332	[3]	οἱ	_	_
3.1	333	[1]	μνημονεύοντες	_	_
3.1	334	[15]	τῶν	_	_
3.1	335	[1]	εἰρημένων	_	_
3.1	336	[4]	ἐν	_	_
3.1	337	[6]	τῷ	_	_
3.1	338	[1]	δευτέρῳ	_	_
3.1	339	[3]	λόγῳ	_	_
3.1	340	[1]	γινώσκουσιν	_	_
3.1	341	[2]	ἡμᾶς	_	_
3.1	342	[6]	τὸ	_	_
3.1	343	[1]	ἰσχυρόν	_	_
3.1	344	[4]	τε	_	_
3.1	345	[10]	καὶ	_	_
3.1	346	[1]	γενναῖον	_	_
3.1	347	[2]	ὧν	_	_
3.1	348	[2]	ὁ	_	_
3.1	349	[2]	Χρύσιππος	_	_
3.1	350	[1]	εἶπεν	_	_
3.1	351	[1]	ἀνατρέποντας	_	_
3.1	352	[23]	,	b	_
3.1	353	[1]	ἐάσαντάς	_	_
3.1	354	[5]	τε	_	_
3.1	355	[2]	τὰ	_	_
3.1	356	[1]	ἀσθενέστατα	_	_
3.1	357	[24]	,	b	_
3.1	358	[1]	ἐπιδεικνύειν	_	_
3.1	359	[1]	αὐτοῦ	_	_
3.1	360	[3]	τὰ	_	_
3.1	361	[1]	σφάλματα	_	_
3.1	362	[10]	.	b	_
3.1	363	[1]	λέγω	_	_
3.1	364	[2]	δὴ	_	_
3.1	365	[25]	,	b	_
3.1	366	[2]	ὅτι	_	_
3.1	367	[3]	ὁ	_	_
3.1	368	[3]	Χρύσιππος	_	_
3.1	369	[7]	κατὰ	_	_
3.1	370	[4]	τὸν	_	_
3.1	371	[1]	πρῶτον	_	_
3.1	372	[1]	αὑτοῦ	_	_
3.1	373	[6]	περὶ	_	_
3.1	374	[1]	ψυχῆς	_	_
3.1	375	[2]	λόγον	_	_
3.1	376	[16]	τῶν	_	_
3.1	377	[1]	μερῶν	_	_
3.1	378	[1]	αὐτῆς	_	_
3.1	379	[10]	τοῦ	_	_
3.1	380	[2]	ἡγεμονικοῦ	_	_
3.1	381	[1]	μνημονεύειν	_	_
3.1	382	[1]	ἀρχόμενος	_	_
3.1	383	[26]	,	b	_
3.1	384	[1]	ἔνθα	_	_
3.1	385	[1]	δεικνύναι	_	_
3.1	386	[1]	πειρᾶται	_	_
3.1	387	[27]	,	b	_
3.1	388	[3]	τὴν	_	_
3.1	389	[2]	ἀρχὴν	_	_
3.1	390	[3]	τῆς	_	_
3.1	391	[2]	ψυχῆς	_	_
3.1	392	[5]	ἐν	_	_
3.1	393	[1]	τῇ	_	_
3.1	394	[1]	καρδίᾳ	_	_
3.1	395	[1]	μόνῃ	_	_
3.1	396	[1]	περιέχεσθαι	_	_
3.1	397	[28]	,	b	_
3.1	398	[1]	οὑτωσὶ	_	_
3.1	399	[1]	λέγει	_	_
3.1	400	[2]	·	b	_
3.1	401	[1]	ἡ	_	_
3.1	402	[1]	ψυχὴ	_	_
3.1	403	[1]	πνεῦμά	_	_
3.1	404	[1]	ἐστι	_	_
3.1	405	[1]	σύμφυτον	_	_
3.1	406	[1]	ἡμῖν	_	_
3.1	407	[1]	συνεχὲς	_	_
3.1	408	[1]	παντὶ	_	_
3.1	409	[7]	τῷ	_	_
3.1	410	[2]	σώματι	_	_
3.1	411	[1]	διῆκον	_	_
3.1	412	[29]	,	b	_
3.1	413	[1]	ἔστ	_	_
3.1	414	[7]	’	b	_
3.1	415	[1]	ἂν	_	_
3.1	416	[2]	ἡ	_	_
3.1	417	[4]	τῆς	_	_
3.1	418	[1]	ζωῆς	_	_
3.1	419	[1]	συμμετρία	_	_
3.1	420	[1]	παρῇ	_	_
3.1	421	[6]	ἐν	_	_
3.1	422	[8]	τῷ	_	_
3.1	423	[3]	σώματι	_	_
3.1	424	[11]	.	b	_
3.1	425	[1]	ταύτης	_	_
3.1	426	[2]	οὖν	_	_
3.1	427	[17]	τῶν	_	_
3.1	428	[2]	μερῶν	_	_
3.1	429	[1]	ἑκάστῳ	_	_
3.1	430	[1]	διατεταγμένον	_	_
3.1	431	[3]	μορίῳ	_	_
3.1	432	[30]	,	b	_
3.1	433	[7]	τὸ	_	_
3.1	434	[2]	διῆκον	_	_
3.1	435	[2]	αὐτῆς	_	_
3.1	436	[1]	εἰς	_	_
3.1	437	[4]	τὴν	_	_
3.1	438	[1]	τραχεῖαν	_	_
3.1	439	[1]	ἀρτηρίαν	_	_
3.1	440	[1]	φωνὴν	_	_
3.1	441	[3]	εἶναι	_	_
3.1	442	[31]	,	b	_
3.1	443	[8]	τὸ	_	_
3.1	444	[7]	δὲ	_	_
3.1	445	[2]	εἰς	_	_
3.1	446	[1]	ὀφθαλμοὺς	_	_
3.1	447	[1]	ὄψιν	_	_
3.1	448	[32]	,	b	_
3.1	449	[4]	τὰ	_	_
3.1	450	[8]	δὲ	_	_
3.1	451	[3]	εἰς	_	_
3.1	452	[1]	ὦτα	_	_
3.1	453	[1]	ἀκοὴν	_	_
3.1	454	[33]	,	b	_
3.1	455	[5]	τὰ	_	_
3.1	456	[9]	δὲ	_	_
3.1	457	[4]	εἰς	_	_
3.1	458	[1]	ῥῖνας	_	_
3.1	459	[1]	ὄσφρησιν	_	_
3.1	460	[34]	,	b	_
3.1	461	[9]	τὸ	_	_
3.1	462	[2]	δ	_	_
3.1	463	[8]	’	b	_
3.1	464	[5]	εἰς	_	_
3.1	465	[1]	γλῶτταν	_	_
3.1	466	[1]	γεῦσιν	_	_
3.1	467	[35]	,	b	_
3.1	468	[10]	τὸ	_	_
3.1	469	[3]	δ	_	_
3.1	470	[9]	’	b	_
3.1	471	[6]	εἰς	_	_
3.1	472	[1]	ὅλην	_	_
3.1	473	[5]	τὴν	_	_
3.1	474	[1]	σάρκα	_	_
3.1	475	[1]	ἁφὴν	_	_
3.1	476	[36]	,	b	_
3.1	477	[11]	καὶ	_	_
3.1	478	[11]	τὸ	_	_
3.1	479	[7]	εἰς	_	_
3.1	480	[1]	ὄρχεις	_	_
3.1	481	[1]	ἕτερόν	_	_
3.1	482	[1]	τιν	_	_
3.1	483	[10]	’	b	_
3.1	484	[1]	ἔχον	_	_
3.1	485	[1]	τοιοῦτον	_	_
3.1	486	[3]	λόγον	_	_
3.1	487	[1]	σπερματικὸν	_	_
3.1	488	[37]	,	b	_
3.1	489	[8]	εἰς	_	_
3.1	490	[1]	ὃ	_	_
3.1	491	[10]	δὲ	_	_
3.1	492	[1]	συμβαίνει	_	_
3.1	493	[1]	πάντα	_	_
3.1	494	[1]	ταῦτα	_	_
3.1	495	[38]	,	b	_
3.1	496	[7]	ἐν	_	_
3.1	497	[2]	τῇ	_	_
3.1	498	[2]	καρδίᾳ	_	_
3.1	499	[4]	εἶναι	_	_
3.1	500	[39]	,	b	_
3.1	501	[1]	μέρος	_	_
3.1	502	[1]	ὂν	_	_
3.1	503	[3]	αὐτῆς	_	_
3.1	504	[12]	τὸ	_	_
3.1	505	[1]	ἡγεμονικόν	_	_
3.1	506	[12]	.	b	_
3.1	507	[2]	οὕτω	_	_
3.1	508	[11]	δὲ	_	_
3.1	509	[1]	ἐχόντων	_	_
3.1	510	[5]	αὐτῶν	_	_
3.1	511	[40]	,	b	_
3.1	512	[6]	τὰ	_	_
3.1	513	[6]	μὲν	_	_
3.1	514	[1]	λοιπὰ	_	_
3.1	515	[1]	συμφωνεῖται	_	_
3.1	516	[41]	,	b	_
3.1	517	[7]	περὶ	_	_
3.1	518	[12]	δὲ	_	_
3.1	519	[11]	τοῦ	_	_
3.1	520	[3]	ἡγεμονικοῦ	_	_
3.1	521	[1]	μέρους	_	_
3.1	522	[5]	τῆς	_	_
3.1	523	[3]	ψυχῆς	_	_
3.1	524	[1]	διαφωνοῦσιν	_	_
3.1	525	[42]	,	b	_
3.1	526	[1]	ἄλλοι	_	_
3.1	527	[8]	ἐν	_	_
3.1	528	[1]	ἄλλοις	_	_
3.1	529	[1]	λέγοντες	_	_
3.1	530	[2]	αὐτὸ	_	_
3.1	531	[5]	εἶναι	_	_
3.1	532	[1]	τόποις	_	_
3.1	533	[13]	.	b	_
3.1	534	[4]	οἱ	_	_
3.1	535	[7]	μὲν	_	_
3.1	536	[2]	γὰρ	_	_
3.1	537	[8]	περὶ	_	_
3.1	538	[5]	τὸν	_	_
3.1	539	[1]	θώρακά	_	_
3.1	540	[1]	φασιν	_	_
3.1	541	[6]	εἶναι	_	_
3.1	542	[3]	αὐτὸ	_	_
3.1	543	[43]	,	b	_
3.1	544	[5]	οἱ	_	_
3.1	545	[13]	δὲ	_	_
3.1	546	[9]	περὶ	_	_
3.1	547	[6]	τὴν	_	_
3.1	548	[1]	κεφαλήν	_	_
3.1	549	[14]	.	b	_
3.1	550	[8]	κατὰ	_	_
3.1	551	[7]	τὰ	_	_
3.1	552	[2]	αὐτὰ	_	_
3.1	553	[14]	δὲ	_	_
3.1	554	[2]	ταῦτα	_	_
3.1	555	[1]	διαφωνοῦσι	_	_
3.1	556	[44]	,	b	_
3.1	557	[1]	ποῦ	_	_
3.1	558	[6]	τῆς	_	_
3.1	559	[1]	κεφαλῆς	_	_
3.1	560	[12]	καὶ	_	_
3.1	561	[12]	τοῦ	_	_
3.1	562	[1]	θώρακός	_	_
3.1	563	[2]	ἐστιν	_	_
3.1	564	[45]	,	b	_
3.1	565	[4]	οὐ	_	_
3.1	566	[1]	συμφωνοῦντες	_	_
3.1	567	[1]	αὑτοῖς	_	_
3.1	568	[15]	.	b	_
3.1	569	[2]	Πλάτων	_	_
3.1	570	[15]	δὲ	_	_
3.1	571	[13]	καὶ	_	_
3.1	572	[1]	τριμερῆ	_	_
3.1	573	[7]	τὴν	_	_
3.1	574	[1]	ψυχὴν	_	_
3.1	575	[2]	φήσας	_	_
3.1	576	[7]	εἶναι	_	_
3.1	577	[46]	,	b	_
3.1	578	[13]	τὸ	_	_
3.1	579	[8]	μὲν	_	_
3.1	580	[1]	λογιστικὸν	_	_
3.1	581	[1]	ἔλεγεν	_	_
3.1	582	[9]	ἐν	_	_
3.1	583	[3]	τῇ	_	_
3.1	584	[1]	κεφαλῇ	_	_
3.1	585	[8]	εἶναι	_	_
3.1	586	[47]	,	b	_
3.1	587	[14]	τὸ	_	_
3.1	588	[16]	δὲ	_	_
3.1	589	[1]	θυμοειδὲς	_	_
3.1	590	[10]	περὶ	_	_
3.1	591	[6]	τὸν	_	_
3.1	592	[1]	θώρακα	_	_
3.1	593	[48]	,	b	_
3.1	594	[15]	τὸ	_	_
3.1	595	[17]	δὲ	_	_
3.1	596	[1]	ἐπιθυμητικὸν	_	_
3.1	597	[11]	περὶ	_	_
3.1	598	[7]	τὸν	_	_
3.1	599	[1]	ὀμφαλόν	_	_
3.1	600	[16]	.	b	_
3.1	601	[3]	οὕτω	_	_
3.1	602	[1]	φαίνεται	_	_
3.1	603	[1]	διαφεύγειν	_	_
3.1	604	[4]	ὁ	_	_
3.1	605	[1]	τόπος	_	_
3.1	606	[3]	ἡμᾶς	_	_
3.1	607	[49]	,	b	_
3.1	608	[1]	οὔτ	_	_
3.1	609	[11]	’	b	_
3.1	610	[1]	αἰσθήσεως	_	_
3.1	611	[1]	ἐκφανοῦς	_	_
3.1	612	[1]	γενομένης	_	_
3.1	613	[50]	,	b	_
3.1	614	[1]	ὅπερ	_	_
3.1	615	[1]	ἐπὶ	_	_
3.1	616	[18]	τῶν	_	_
3.1	617	[1]	λοιπῶν	_	_
3.1	618	[1]	συντετύχηκεν	_	_
3.1	619	[51]	,	b	_
3.1	620	[1]	οὔτε	_	_
3.1	621	[19]	τῶν	_	_
3.1	622	[1]	τεκμηρίων	_	_
3.1	623	[52]	,	b	_
3.1	624	[1]	δι	_	_
3.1	625	[12]	’	b	_
3.1	626	[3]	ὧν	_	_
3.1	627	[1]	ἄν	_	_
3.1	628	[2]	τις	_	_
3.1	629	[1]	συλλογίσαιτο	_	_
3.1	630	[3]	τοῦτο	_	_
3.1	631	[17]	.	b	_
3.1	632	[1]	οὐδὲ	_	_
3.1	633	[3]	γὰρ	_	_
3.1	634	[2]	ἂν	_	_
3.1	635	[1]	ἀντιλογία	_	_
3.1	636	[2]	ἐπὶ	_	_
3.1	637	[1]	τοσοῦτον	_	_
3.1	638	[1]	προῆλθεν	_	_
3.1	639	[14]	καὶ	_	_
3.1	640	[10]	ἐν	_	_
3.1	641	[2]	ἰατροῖς	_	_
3.1	642	[15]	καὶ	_	_
3.1	643	[11]	ἐν	_	_
3.1	644	[2]	φιλοσόφοις	_	_
3.1	645	[18]	.	b	_
3.1	646	[1]	αὕτη	_	_
3.1	647	[1]	πρώτη	_	_
3.1	648	[1]	ῥῆσις	_	_
3.1	649	[1]	γέγραπται	_	_
3.1	650	[1]	ὑπὸ	_	_
3.1	651	[1]	Χρυσίππου	_	_
3.1	652	[12]	περὶ	_	_
3.1	653	[4]	ἡγεμονικοῦ	_	_
3.1	654	[9]	κατὰ	_	_
3.1	655	[16]	τὸ	_	_
3.1	656	[1]	πρότερον	_	_
3.1	657	[13]	περὶ	_	_
3.1	658	[4]	ψυχῆς	_	_
3.1	659	[19]	.	b	_
3.1	660	[17]	τὸ	_	_
3.1	661	[9]	μὲν	_	_
3.1	662	[4]	γὰρ	_	_
3.1	663	[1]	ἥμισυ	_	_
3.1	664	[2]	μέρος	_	_
3.1	665	[2]	αὐτῷ	_	_
3.1	666	[7]	τῆς	_	_
3.1	667	[1]	βίβλου	_	_
3.1	668	[18]	τὸ	_	_
3.1	669	[2]	πρότερον	_	_
3.1	670	[1]	ὑπὲρ	_	_
3.1	671	[2]	οὐσίας	_	_
3.1	672	[5]	ψυχῆς	_	_
3.1	673	[1]	ἔχει	_	_
3.1	674	[8]	τὴν	_	_
3.1	675	[1]	σκέψιν	_	_
3.1	676	[20]	.	b	_
3.1	677	[10]	κατὰ	_	_
3.1	678	[18]	δὲ	_	_
3.1	679	[19]	τὸ	_	_
3.1	680	[1]	ἐφεξῆς	_	_
3.1	681	[2]	ἥμισυ	_	_
3.1	682	[20]	τὸ	_	_
3.1	683	[5]	ἀπὸ	_	_
3.1	684	[8]	τῆς	_	_
3.1	685	[1]	γεγραμμένης	_	_
3.1	686	[1]	ῥήσεως	_	_
3.1	687	[1]	ἀρχόμενον	_	_
3.1	688	[1]	ἐπιδεικνύναι	_	_
3.1	689	[2]	πειρᾶται	_	_
3.1	690	[53]	,	b	_
3.1	691	[21]	τὸ	_	_
3.1	692	[9]	τῆς	_	_
3.1	693	[6]	ψυχῆς	_	_
3.1	694	[1]	ἡγεμονοῦν	_	_
3.1	695	[12]	ἐν	_	_
3.1	696	[3]	καρδίᾳ	_	_
3.1	697	[2]	περιέχεσθαι	_	_
3.1	698	[21]	.	b	_
3.1	699	[9]	τὴν	_	_
3.1	700	[10]	μὲν	_	_
3.1	701	[3]	οὖν	_	_
3.1	702	[3]	ἀρχὴν	_	_
3.1	703	[13]	τοῦ	_	_
3.1	704	[2]	λόγου	_	_
3.1	705	[1]	δίκαιον	_	_
3.1	706	[1]	ἀγάσασθαι	_	_
3.1	707	[3]	·	b	_
3.1	708	[1]	σαφῶς	_	_
3.1	709	[6]	τε	_	_
3.1	710	[5]	γὰρ	_	_
3.1	711	[1]	ἅμα	_	_
3.1	712	[16]	καὶ	_	_
3.1	713	[1]	ἀκριβῶς	_	_
3.1	714	[54]	,	b	_
3.1	715	[2]	ὡς	_	_
3.1	716	[1]	ἐχρῆν	_	_
3.1	717	[1]	εἰπεῖν	_	_
3.1	718	[2]	ἀρχόμενον	_	_
3.1	719	[1]	ἄνδρα	_	_
3.1	720	[1]	τηλικούτου	_	_
3.1	721	[2]	δόγματος	_	_
3.1	722	[55]	,	b	_
3.1	723	[1]	εἴρηται	_	_
3.1	724	[1]	Χρυσίππῳ	_	_
3.1	725	[22]	.	b	_
3.1	726	[17]	καὶ	_	_
3.1	727	[6]	γὰρ	_	_
3.1	728	[56]	,	b	_
3.1	729	[3]	ὅτι	_	_
3.1	730	[3]	Πλάτων	_	_
3.1	731	[1]	τρία	_	_
3.1	732	[1]	μέρη	_	_
3.1	733	[10]	τῆς	_	_
3.1	734	[7]	ψυχῆς	_	_
3.1	735	[1]	ἐτίθετο	_	_
3.1	736	[57]	,	b	_
3.1	737	[18]	καὶ	_	_
3.1	738	[1]	ἅ	_	_
3.1	739	[1]	τινα	_	_
3.1	740	[3]	ταῦτα	_	_
3.1	741	[58]	,	b	_
3.1	742	[1]	εἴρηκε	_	_
3.1	743	[59]	,	b	_
3.1	744	[19]	καὶ	_	_
3.1	745	[1]	καθ	_	_
3.1	746	[13]	’	b	_
3.1	747	[1]	οὕς	_	_
3.1	748	[1]	τινας	_	_
3.1	749	[1]	τόπους	_	_
3.1	750	[13]	ἐν	_	_
3.1	751	[2]	τοῖς	_	_
3.1	752	[1]	ζώοις	_	_
3.1	753	[1]	καθιδρυμένα	_	_
3.1	754	[60]	,	b	_
3.1	755	[20]	καὶ	_	_
3.1	756	[4]	ὅτι	_	_
3.1	757	[4]	λόγῳ	_	_
3.1	758	[1]	χρὴ	_	_
3.1	759	[1]	διασκέψασθαι	_	_
3.1	760	[14]	περὶ	_	_
3.1	761	[14]	τοῦ	_	_
3.1	762	[3]	δόγματος	_	_
3.1	763	[1]	ἐκφυγόντος	_	_
3.1	764	[5]	τὰς	_	_
3.1	765	[1]	αἰσθήσεις	_	_
3.1	766	[23]	.	b	_
3.1	767	[8]	τὰ	_	_
3.1	768	[4]	δ	_	_
3.1	769	[14]	’	b	_
3.1	770	[2]	ἐφεξῆς	_	_
3.1	771	[3]	οὐκ	_	_
3.1	772	[1]	ἔθ	_	_
3.1	773	[15]	’	b	_
3.1	774	[1]	ὁμοίως	_	_
3.1	775	[2]	ἔχει	_	_
3.1	776	[24]	.	b	_
3.1	777	[2]	δίκαιον	_	_
3.1	778	[7]	γὰρ	_	_
3.1	779	[1]	ἦν	_	_
3.1	780	[61]	,	b	_
3.1	781	[1]	οἶμαι	_	_
3.1	782	[62]	,	b	_
3.1	783	[2]	πρῶτον	_	_
3.1	784	[11]	μὲν	_	_
3.1	785	[2]	εἰπεῖν	_	_
3.1	786	[63]	,	b	_
3.1	787	[2]	ὑπὸ	_	_
3.1	788	[1]	τίνων	_	_
3.1	789	[1]	πιθανῶν	_	_
3.1	790	[1]	ἀναπεισθεὶς	_	_
3.1	791	[5]	ὁ	_	_
3.1	792	[4]	Πλάτων	_	_
3.1	793	[1]	οὕτως	_	_
3.1	794	[1]	ἐδόξαζεν	_	_
3.1	795	[64]	,	b	_
3.1	796	[1]	ἔπειτα	_	_
3.1	797	[19]	δὲ	_	_
3.1	798	[1]	ἐξελέγξαι	_	_
3.1	799	[21]	καὶ	_	_
3.1	800	[1]	διαβαλεῖν	_	_
3.1	801	[3]	αὐτὰ	_	_
3.1	802	[65]	,	b	_
3.1	803	[1]	κᾀπὶ	_	_
3.1	804	[1]	τούτῳ	_	_
3.1	805	[10]	τὴν	_	_
3.1	806	[1]	ἑαυτοῦ	_	_
3.1	807	[1]	κατασκευάσαι	_	_
3.1	808	[1]	δόξαν	_	_
3.1	809	[66]	,	b	_
3.1	810	[4]	οὐκ	_	_
3.1	811	[1]	ἐκ	_	_
3.1	812	[1]	πι	_	_
3.1	813	[1]	θανῶν	_	_
3.1	814	[1]	ἐπιχειρημάτων	_	_
3.1	815	[67]	,	b	_
3.1	816	[1]	οἵοις	_	_
3.1	817	[1]	ἔθος	_	_
3.1	818	[1]	ἐστὶ	_	_
3.1	819	[1]	χρῆσθαι	_	_
3.1	820	[1]	σοφισταῖς	_	_
3.1	821	[7]	τε	_	_
3.1	822	[22]	καὶ	_	_
3.1	823	[1]	ῥήτορσιν	_	_
3.1	824	[68]	,	b	_
3.1	825	[1]	ἀλλ	_	_
3.1	826	[16]	’	b	_
3.1	827	[1]	ἐξ	_	_
3.1	828	[1]	ἐπιστημονικῶν	_	_
3.1	829	[8]	τε	_	_
3.1	830	[23]	καὶ	_	_
3.1	831	[1]	ἀποδεικτικῶν	_	_
3.1	832	[69]	,	b	_
3.1	833	[1]	ἃ	_	_
3.1	834	[3]	δὴ	_	_
3.1	835	[1]	μεταχειρίζεσθαι	_	_
3.1	836	[1]	πρέπει	_	_
3.1	837	[3]	φιλοσόφοις	_	_
3.1	838	[1]	ἀνδράσιν	_	_
3.1	839	[1]	ἀλήθειαν	_	_
3.1	840	[1]	σπουδάζουσιν	_	_
3.1	841	[25]	.	b	_
3.1	842	[1]	ἆρ	_	_
3.1	843	[17]	’	b	_
3.1	844	[4]	οὖν	_	_
3.1	845	[2]	οὕτως	_	_
3.1	846	[6]	ὁ	_	_
3.1	847	[4]	Χρύσιππος	_	_
3.1	848	[1]	ἔπραξεν	_	_
3.1	849	[70]	,	b	_
3.1	850	[1]	ἢ	_	_
3.1	851	[1]	πᾶν	_	_
3.1	852	[1]	τοὐναντίον	_	_
3.1	853	[1]	;	b	_
3.1	854	[1]	ἐπελάθετο	_	_
3.1	855	[12]	μὲν	_	_
3.1	856	[71]	,	b	_
3.1	857	[3]	ὡς	_	_
3.1	858	[1]	μηδὲ	_	_
3.1	859	[1]	προειρηκὼς	_	_
3.1	860	[1]	ὅλως	_	_
3.1	861	[1]	τι	_	_
3.1	862	[15]	περὶ	_	_
3.1	863	[11]	τῆς	_	_
3.1	864	[15]	τοῦ	_	_
3.1	865	[1]	Πλάτωνος	_	_
3.1	866	[1]	δόξης	_	_
3.1	867	[72]	,	b	_
3.1	868	[1]	ἄρχεται	_	_
3.1	869	[5]	δ	_	_
3.1	870	[18]	’	b	_
3.1	871	[1]	ἐπιχειρεῖν	_	_
3.1	872	[6]	ἀπὸ	_	_
3.1	873	[16]	τοῦ	_	_
3.1	874	[1]	γένους	_	_
3.1	875	[20]	τῶν	_	_
3.1	876	[5]	λημμάτων	_	_
3.1	877	[73]	,	b	_
3.1	878	[2]	ὃ	_	_
3.1	879	[11]	κατὰ	_	_
3.1	880	[2]	μαρτύρων	_	_
3.1	881	[2]	δόξαν	_	_
3.1	882	[2]	ἢ	_	_
3.1	883	[1]	πλήθους	_	_
3.1	884	[74]	,	b	_
3.1	885	[5]	οὐ	_	_
3.1	886	[12]	κατὰ	_	_
3.1	887	[11]	τὴν	_	_
3.1	888	[17]	τοῦ	_	_
3.1	889	[1]	πράγματος	_	_
3.1	890	[1]	φύσιν	_	_
3.1	891	[1]	ἄξιον	_	_
3.1	892	[1]	πιστεύεσθαι	_	_
3.1	893	[26]	.	b	_
3.1	894	[1]	παραγράψω	_	_
3.1	895	[20]	δὲ	_	_
3.1	896	[24]	καὶ	_	_
3.1	897	[12]	τὴν	_	_
3.1	898	[1]	ῥῆσιν	_	_
3.1	899	[1]	αὐτὴν	_	_
3.1	900	[1]	ᾧδέ	_	_
3.1	901	[1]	πως	_	_
3.1	902	[1]	ἔχουσαν	_	_
3.1	903	[4]	·	b	_
3.1	904	[16]	περὶ	_	_
3.1	905	[4]	ὧν	_	_
3.1	906	[1]	ἑξῆς	_	_
3.1	907	[1]	ζητήσομεν	_	_
3.1	908	[1]	παραπλησίως	_	_
3.1	909	[7]	ἀπὸ	_	_
3.1	910	[12]	τῆς	_	_
3.1	911	[1]	κοινῆς	_	_
3.1	912	[1]	ὁρμώμενοι	_	_
3.1	913	[1]	φορᾶς	_	_
3.1	914	[25]	καὶ	_	_
3.1	915	[21]	τῶν	_	_
3.1	916	[13]	κατὰ	_	_
3.1	917	[1]	ταύτην	_	_
3.1	918	[2]	εἰρημένων	_	_
3.1	919	[1]	λόγων	_	_
3.1	920	[27]	.	b	_
3.1	921	[1]	κοινὴν	_	_
3.1	922	[1]	ἐνταῦθα	_	_
3.1	923	[1]	φορὰν	_	_
3.1	924	[7]	ὁ	_	_
3.1	925	[5]	Χρύσιππος	_	_
3.1	926	[2]	εἴρηκε	_	_
3.1	927	[22]	τὸ	_	_
3.1	928	[1]	κοινῇ	_	_
3.1	929	[1]	πᾶσιν	_	_
3.1	930	[1]	ἀνθρώποις	_	_
3.1	931	[1]	δοκοῦν	_	_
3.1	932	[28]	.	b	_
3.1	933	[1]	εἶτ	_	_
3.1	934	[19]	’	b	_
3.1	935	[1]	ἐπιφέρων	_	_
3.1	936	[1]	φησί	_	_
3.1	937	[5]	·	b	_
3.1	938	[26]	καὶ	_	_
3.1	939	[3]	ἐπὶ	_	_
3.1	940	[1]	τούτων	_	_
3.1	941	[2]	ἱκανῶς	_	_
3.1	942	[1]	φαίνονται	_	_
3.1	943	[1]	ἐνηνέχθαι	_	_
3.1	944	[1]	ἀπ	_	_
3.1	945	[20]	’	b	_
3.1	946	[1]	ἀρχῆς	_	_
3.1	947	[9]	εἰς	_	_
3.1	948	[23]	τὸ	_	_
3.1	949	[9]	εἶναι	_	_
3.1	950	[24]	τὸ	_	_
3.1	951	[1]	ἡγεμονικὸν	_	_
3.1	952	[1]	ἡμῶν	_	_
3.1	953	[14]	ἐν	_	_
3.1	954	[4]	τῇ	_	_
3.1	955	[4]	καρδίᾳ	_	_
3.1	956	[29]	.	b	_
3.1	957	[2]	εἶτ	_	_
3.1	958	[21]	’	b	_
3.1	959	[3]	ἐφεξῆς	_	_
3.1	960	[2]	τούτων	_	_
3.1	961	[1]	ἁπτόμενος	_	_
3.1	962	[1]	ἤδη	_	_
3.1	963	[22]	τῶν	_	_
3.1	964	[1]	προχειρημάτων	_	_
3.1	965	[6]	αὐτῶν	_	_
3.1	966	[2]	ᾧδέ	_	_
3.1	967	[2]	πως	_	_
3.1	968	[1]	γράφει	_	_
3.1	969	[14]	κατὰ	_	_
3.1	970	[1]	λέξιν	_	_
3.1	971	[6]	·	b	_
3.1	972	[2]	κοινῇ	_	_
3.1	973	[2]	δέ	_	_
3.1	974	[4]	μοι	_	_
3.1	975	[1]	δοκοῦσιν	_	_
3.1	976	[6]	οἱ	_	_
3.1	977	[1]	πολλοὶ	_	_
3.1	978	[1]	φέρεσθαι	_	_
3.1	979	[4]	ἐπὶ	_	_
3.1	980	[4]	τοῦτο	_	_
3.1	981	[75]	,	b	_
3.1	982	[1]	ὡσανεὶ	_	_
3.1	983	[1]	συναισθανόμενοι	_	_
3.1	984	[17]	περὶ	_	_
3.1	985	[8]	τὸν	_	_
3.1	986	[2]	θώρακα	_	_
3.1	987	[2]	αὐτοῖς	_	_
3.1	988	[23]	τῶν	_	_
3.1	989	[15]	κατὰ	_	_
3.1	990	[13]	τὴν	_	_
3.1	991	[1]	διάνοιαν	_	_
3.1	992	[1]	παθῶν	_	_
3.1	993	[1]	γιγνομένων	_	_
3.1	994	[76]	,	b	_
3.1	995	[27]	καὶ	_	_
3.1	996	[2]	μάλιστα	_	_
3.1	997	[2]	καθ	_	_
3.1	998	[22]	’	b	_
3.1	999	[1]	ὃν	_	_
3.1	1000	[3]	ἡ	_	_
3.1	1001	[1]	καρδία	_	_
3.1	1002	[1]	τέτακται	_	_
3.1	1003	[1]	τόπον	_	_
3.1	1004	[77]	,	b	_
3.1	1005	[1]	οἷον	_	_
3.1	1006	[3]	μάλιστα	_	_
3.1	1007	[5]	ἐπὶ	_	_
3.1	1008	[24]	τῶν	_	_
3.1	1009	[1]	λυπῶν	_	_
3.1	1010	[28]	καὶ	_	_
3.1	1011	[25]	τῶν	_	_
3.1	1012	[1]	φόβων	_	_
3.1	1013	[78]	,	b	_
3.1	1014	[29]	καὶ	_	_
3.1	1015	[6]	ἐπὶ	_	_
3.1	1016	[13]	τῆς	_	_
3.1	1017	[1]	ὀργῆς	_	_
3.1	1018	[79]	,	b	_
3.1	1019	[30]	καὶ	_	_
3.1	1020	[4]	μάλιστα	_	_
3.1	1021	[18]	τοῦ	_	_
3.1	1022	[1]	θυμοῦ	_	_
3.1	1023	[80]	,	b	_
3.1	1024	[2]	ἐκ	_	_
3.1	1025	[14]	τῆς	_	_
3.1	1026	[1]	καρδίας	_	_
3.1	1027	[1]	ἀναθυμιωμένου	_	_
3.1	1028	[31]	καὶ	_	_
3.1	1029	[1]	ὠθουμένου	_	_
3.1	1030	[1]	ἐκτὸς	_	_
3.1	1031	[1]	ἐπί	_	_
3.1	1032	[2]	τινα	_	_
3.1	1033	[81]	,	b	_
3.1	1034	[32]	καὶ	_	_
3.1	1035	[1]	ἐμφυσῶντος	_	_
3.1	1036	[25]	τὸ	_	_
3.1	1037	[1]	πρόσωπον	_	_
3.1	1038	[33]	καὶ	_	_
3.1	1039	[6]	τὰς	_	_
3.1	1040	[1]	χεῖρας	_	_
3.1	1041	[82]	,	b	_
3.1	1042	[1]	γίγνεται	_	_
3.1	1043	[2]	ἡμῖν	_	_
3.1	1044	[1]	ἔμφασις	_	_
3.1	1045	[30]	.	b	_
3.1	1046	[15]	ἐν	_	_
3.1	1047	[2]	τούτοις	_	_
3.1	1048	[2]	ἤδη	_	_
3.1	1049	[1]	πάνυ	_	_
3.1	1050	[1]	σφόδρα	_	_
3.1	1051	[1]	θαυμάζω	_	_
3.1	1052	[19]	τοῦ	_	_
3.1	1053	[1]	Χρύσιππου	_	_
3.1	1054	[1]	πάνθ	_	_
3.1	1055	[23]	’	b	_
3.1	1056	[2]	ἅμα	_	_
3.1	1057	[1]	συγχέοντός	_	_
3.1	1058	[9]	τε	_	_
3.1	1059	[34]	καὶ	_	_
3.1	1060	[1]	ταράττοντος	_	_
3.1	1061	[31]	.	b	_
3.1	1062	[1]	εἰρηκώς	_	_
3.1	1063	[10]	τε	_	_
3.1	1064	[8]	γὰρ	_	_
3.1	1065	[1]	ὀλίγον	_	_
3.1	1066	[1]	ἔμπροσθεν	_	_
3.1	1067	[83]	,	b	_
3.1	1068	[4]	ὡς	_	_
3.1	1069	[8]	ὁ	_	_
3.1	1070	[5]	Πλάτων	_	_
3.1	1071	[16]	ἐν	_	_
3.1	1072	[3]	τοῖς	_	_
3.1	1073	[18]	περὶ	_	_
3.1	1074	[9]	τὸν	_	_
3.1	1075	[3]	θώρακα	_	_
3.1	1076	[2]	τόποις	_	_
3.1	1077	[1]	ὑπολαμβάνει	_	_
3.1	1078	[26]	τὸ	_	_
3.1	1079	[2]	θυμοειδὲς	_	_
3.1	1080	[1]	ὑπάρχειν	_	_
3.1	1081	[84]	,	b	_
3.1	1082	[3]	εἶτ	_	_
3.1	1083	[24]	’	b	_
3.1	1084	[2]	ἀφ	_	_
3.1	1085	[25]	’	b	_
3.1	1086	[5]	ὧν	_	_
3.1	1087	[1]	κινηθεὶς	_	_
3.1	1088	[7]	ἐπὶ	_	_
3.1	1089	[1]	τοῦθ	_	_
3.1	1090	[26]	’	b	_
3.1	1091	[1]	ἧκεν	_	_
3.1	1092	[1]	ὑπερβὰς	_	_
3.1	1093	[3]	εἰπεῖν	_	_
3.1	1094	[85]	,	b	_
3.1	1095	[2]	ὑπερβὰς	_	_
3.1	1096	[21]	δὲ	_	_
3.1	1097	[35]	καὶ	_	_
3.1	1098	[27]	τὸ	_	_
3.1	1099	[2]	διαβαλεῖν	_	_
3.1	1100	[4]	αὐτὰ	_	_
3.1	1101	[86]	,	b	_
3.1	1102	[1]	κατασκευάζειν	_	_
3.1	1103	[1]	εὐθὺς	_	_
3.1	1104	[2]	ἄρχεται	_	_
3.1	1105	[9]	τὰ	_	_
3.1	1106	[1]	δοκοῦντα	_	_
3.1	1107	[3]	αὐτῷ	_	_
3.1	1108	[3]	πρώτου	_	_
3.1	1109	[1]	πάντων	_	_
3.1	1110	[26]	τῶν	_	_
3.1	1111	[2]	ἐπιχειρημάτων	_	_
3.1	1112	[1]	μνημονεύων	_	_
3.1	1113	[87]	,	b	_
3.1	1114	[2]	δι	_	_
3.1	1115	[27]	’	b	_
3.1	1116	[6]	ὧν	_	_
3.1	1117	[1]	δείκνυται	_	_
3.1	1118	[28]	τὸ	_	_
3.1	1119	[3]	θυμοειδὲς	_	_
3.1	1120	[17]	ἐν	_	_
3.1	1121	[4]	τοῖς	_	_
3.1	1122	[16]	κατὰ	_	_
3.1	1123	[10]	τὸν	_	_
3.1	1124	[4]	θώρακα	_	_
3.1	1125	[3]	τόποις	_	_
3.1	1126	[1]	ὑπάρχον	_	_
3.1	1127	[32]	.	b	_
3.1	1128	[6]	οὐ	_	_
3.1	1129	[9]	γὰρ	_	_
3.1	1130	[4]	δὴ	_	_
3.1	1131	[2]	ἐξ	_	_
3.1	1132	[1]	ἄλλων	_	_
3.1	1133	[1]	πραγμάτων	_	_
3.1	1134	[1]	φαινομένων	_	_
3.1	1135	[88]	,	b	_
3.1	1136	[3]	ἢ	_	_
3.1	1137	[3]	ἐξ	_	_
3.1	1138	[7]	ὧν	_	_
3.1	1139	[1]	εἴρηκεν	_	_
3.1	1140	[9]	ὁ	_	_
3.1	1141	[6]	Χρύσιππος	_	_
3.1	1142	[2]	νῦν	_	_
3.1	1143	[89]	,	b	_
3.1	1144	[1]	ἐναργέστερον	_	_
3.1	1145	[2]	ἄν	_	_
3.1	1146	[3]	τις	_	_
3.1	1147	[1]	ἀποδείξειεν	_	_
3.1	1148	[90]	,	b	_
3.1	1149	[3]	ἐκ	_	_
3.1	1150	[2]	θώρακός	_	_
3.1	1151	[11]	τε	_	_
3.1	1152	[36]	καὶ	_	_
3.1	1153	[2]	καρδίας	_	_
3.1	1154	[1]	ὁρμᾶσθαι	_	_
3.1	1155	[11]	τὸν	_	_
3.1	1156	[1]	θυμόν	_	_
3.1	1157	[33]	.	b	_
3.1	1158	[2]	ὡσανεὶ	_	_
3.1	1159	[10]	γὰρ	_	_
3.1	1160	[91]	,	b	_
3.1	1161	[1]	φησὶν	_	_
3.1	1162	[92]	,	b	_
3.1	1163	[2]	ἀναθυμιωμένου	_	_
3.1	1164	[20]	τοῦ	_	_
3.1	1165	[2]	θυμοῦ	_	_
3.1	1166	[4]	ἐκ	_	_
3.1	1167	[15]	τῆς	_	_
3.1	1168	[3]	καρδίας	_	_
3.1	1169	[37]	καὶ	_	_
3.1	1170	[2]	ὠθουμένου	_	_
3.1	1171	[2]	ἐκτὸς	_	_
3.1	1172	[2]	ἐπί	_	_
3.1	1173	[3]	τινα	_	_
3.1	1174	[93]	,	b	_
3.1	1175	[38]	καὶ	_	_
3.1	1176	[2]	ἐμφυσῶντος	_	_
3.1	1177	[29]	τὸ	_	_
3.1	1178	[1]	πρόσωπόν	_	_
3.1	1179	[12]	τε	_	_
3.1	1180	[39]	καὶ	_	_
3.1	1181	[7]	τὰς	_	_
3.1	1182	[2]	χεῖρας	_	_
3.1	1183	[94]	,	b	_
3.1	1184	[2]	γίγνεται	_	_
3.1	1185	[3]	ἡμῖν	_	_
3.1	1186	[2]	ἔμφασις	_	_
3.1	1187	[34]	.	b	_
3.1	1188	[18]	ἐν	_	_
3.1	1189	[1]	ταύτῃ	_	_
3.1	1190	[5]	τῇ	_	_
3.1	1191	[1]	ῥήσει	_	_
3.1	1192	[1]	συγχωρεῖν	_	_
3.1	1193	[1]	ἔοικεν	_	_
3.1	1194	[10]	ὁ	_	_
3.1	1195	[7]	Χρύσιππος	_	_
3.1	1196	[9]	τῷ	_	_
3.1	1197	[1]	παλαιῷ	_	_
3.1	1198	[5]	λόγῳ	_	_
3.1	1199	[1]	ζέσιν	_	_
3.1	1200	[1]	τινὰ	_	_
3.1	1201	[16]	τῆς	_	_
3.1	1202	[1]	ἐμφύτου	_	_
3.1	1203	[1]	θερμότητος	_	_
3.1	1204	[1]	ὑπολαμβάνοντι	_	_
3.1	1205	[1]	γίγνεσθαι	_	_
3.1	1206	[17]	κατὰ	_	_
3.1	1207	[14]	τὴν	_	_
3.1	1208	[2]	καρδίαν	_	_
3.1	1209	[19]	ἐν	_	_
3.1	1210	[5]	τοῖς	_	_
3.1	1211	[1]	θυμοῖς	_	_
3.1	1212	[95]	,	b	_
3.1	1213	[1]	ᾗ	_	_
3.1	1214	[1]	ζέσει	_	_
3.1	1215	[1]	τό	_	_
3.1	1216	[13]	τε	_	_
3.1	1217	[1]	διαφυσᾶσθαι	_	_
3.1	1218	[30]	τὸ	_	_
3.1	1219	[2]	πρόσωπον	_	_
3.1	1220	[1]	ἕπεται	_	_
3.1	1221	[96]	,	b	_
3.1	1222	[40]	καὶ	_	_
3.1	1223	[1]	σύμπαν	_	_
3.1	1224	[1]	ἐρεύθειν	_	_
3.1	1225	[14]	τε	_	_
3.1	1226	[41]	καὶ	_	_
3.1	1227	[1]	θερμαίνεσθαι	_	_
3.1	1228	[31]	τὸ	_	_
3.1	1229	[1]	σῶμα	_	_
3.1	1230	[97]	,	b	_
3.1	1231	[42]	καὶ	_	_
3.1	1232	[1]	σφοδρῶς	_	_
3.1	1233	[1]	πηδᾷν	_	_
3.1	1234	[15]	τὴν	_	_
3.1	1235	[3]	καρδίαν	_	_
3.1	1236	[1]	σὺν	_	_
3.1	1237	[1]	ταῖς	_	_
3.1	1238	[18]	κατὰ	_	_
3.1	1239	[32]	τὸ	_	_
3.1	1240	[1]	ζῶον	_	_
3.1	1241	[1]	ἁπάσαις	_	_
3.1	1242	[1]	ἀρτηρίαις	_	_
3.1	1243	[35]	.	b	_
3.1	1244	[2]	ἆρ	_	_
3.1	1245	[28]	’	b	_
3.1	1246	[5]	οὖν	_	_
3.1	1247	[11]	ὁ	_	_
3.1	1248	[6]	Πλάτων	_	_
3.1	1249	[2]	ἕτερόν	_	_
3.1	1250	[1]	τί	_	_
3.1	1251	[1]	φησιν	_	_
3.1	1252	[98]	,	b	_
3.1	1253	[1]	ἐπειδὰν	_	_
3.1	1254	[20]	ἐν	_	_
3.1	1255	[1]	Τιμαίῳ	_	_
3.1	1256	[1]	γράφῃ	_	_
3.1	1257	[7]	·	b	_
3.1	1258	[16]	τὴν	_	_
3.1	1259	[22]	δὲ	_	_
3.1	1260	[4]	καρδίαν	_	_
3.1	1261	[3]	ἅμα	_	_
3.1	1262	[27]	τῶν	_	_
3.1	1263	[1]	φλεβῶν	_	_
3.1	1264	[43]	καὶ	_	_
3.1	1265	[1]	πηγὴν	_	_
3.1	1266	[21]	τοῦ	_	_
3.1	1267	[1]	περιφερομένου	_	_
3.1	1268	[19]	κατὰ	_	_
3.1	1269	[2]	πάντα	_	_
3.1	1270	[10]	τὰ	_	_
3.1	1271	[1]	μέλη	_	_
3.1	1272	[2]	σφοδρῶς	_	_
3.1	1273	[1]	αἵματος	_	_
3.1	1274	[10]	εἰς	_	_
3.1	1275	[17]	τὴν	_	_
3.1	1276	[1]	δορυφορικὴν	_	_
3.1	1277	[1]	οἴκησιν	_	_
3.1	1278	[1]	κατέστησαν	_	_
3.1	1279	[99]	,	b	_
3.1	1280	[1]	ἵν	_	_
3.1	1281	[29]	’	b	_
3.1	1282	[1]	ὅτε	_	_
3.1	1283	[1]	ζέσειε	_	_
3.1	1284	[33]	τὸ	_	_
3.1	1285	[22]	τοῦ	_	_
3.1	1286	[1]	θυμουμένου	_	_
3.1	1287	[23]	τοῦ	_	_
3.1	1288	[3]	λόγου	_	_
3.1	1289	[1]	παραγγείλαντος	_	_
3.1	1290	[100]	,	b	_
3.1	1291	[1]	ὅταν	_	_
3.1	1292	[1]	ἄδικος	_	_
3.1	1293	[19]	περὶ	_	_
3.1	1294	[5]	αὐτὰ	_	_
3.1	1295	[1]	γίγνηται	_	_
3.1	1296	[1]	πρᾶξις	_	_
3.1	1297	[2]	ἔξωθεν	_	_
3.1	1298	[101]	,	b	_
3.1	1299	[4]	ἢ	_	_
3.1	1300	[2]	καί	_	_
3.1	1301	[4]	τις	_	_
3.1	1302	[8]	ἀπὸ	_	_
3.1	1303	[28]	τῶν	_	_
3.1	1304	[1]	ἔνδοθεν	_	_
3.1	1305	[1]	ἐπιθυμιῶν	_	_
3.1	1306	[1]	ὀξέως	_	_
3.1	1307	[3]	διὰ	_	_
3.1	1308	[2]	πάντων	_	_
3.1	1309	[29]	τῶν	_	_
3.1	1310	[1]	στενωπῶν	_	_
3.1	1311	[2]	πᾶν	_	_
3.1	1312	[1]	ὅσον	_	_
3.1	1313	[1]	αἰσθητικὸν	_	_
3.1	1314	[21]	ἐν	_	_
3.1	1315	[10]	τῷ	_	_
3.1	1316	[4]	σώματι	_	_
3.1	1317	[102]	,	b	_
3.1	1318	[30]	τῶν	_	_
3.1	1319	[15]	τε	_	_
3.1	1320	[1]	παρακελεύσεων	_	_
3.1	1321	[44]	καὶ	_	_
3.1	1322	[1]	ἀπειλῶν	_	_
3.1	1323	[1]	αἰσθανόμενον	_	_
3.1	1324	[103]	,	b	_
3.1	1325	[2]	γίγνηται	_	_
3.1	1326	[1]	ἐπήκοον	_	_
3.1	1327	[36]	.	b	_
3.1	1328	[2]	ἔτι	_	_
3.1	1329	[23]	δὲ	_	_
3.1	1330	[3]	τούτοις	_	_
3.1	1331	[4]	ἐφεξῆς	_	_
3.1	1332	[45]	καὶ	_	_
3.1	1333	[1]	τάδε	_	_
3.1	1334	[2]	γράφει	_	_
3.1	1335	[37]	.	b	_
3.1	1336	[6]	τῇ	_	_
3.1	1337	[24]	δὲ	_	_
3.1	1338	[5]	δὴ	_	_
3.1	1339	[1]	πηδήσει	_	_
3.1	1340	[17]	τῆς	_	_
3.1	1341	[4]	καρδίας	_	_
3.1	1342	[22]	ἐν	_	_
3.1	1343	[7]	τῇ	_	_
3.1	1344	[31]	τῶν	_	_
3.1	1345	[1]	δεινῶν	_	_
3.1	1346	[1]	προσδοκίᾳ	_	_
3.1	1347	[46]	καὶ	_	_
3.1	1348	[8]	τῇ	_	_
3.1	1349	[24]	τοῦ	_	_
3.1	1350	[3]	θυμοῦ	_	_
3.1	1351	[1]	ἐγέρσει	_	_
3.1	1352	[1]	προγινώσκοντες	_	_
3.1	1353	[104]	,	b	_
3.1	1354	[5]	ὅτι	_	_
3.1	1355	[1]	οἷα	_	_
3.1	1356	[1]	διάπυρός	_	_
3.1	1357	[3]	γε	_	_
3.1	1358	[4]	ἡ	_	_
3.1	1359	[1]	τοιαύτη	_	_
3.1	1360	[1]	πᾶσα	_	_
3.1	1361	[1]	ἔμελλεν	_	_
3.1	1362	[1]	οἴκησις	_	_
3.1	1363	[2]	γίγνεσθαι	_	_
3.1	1364	[25]	τοῦ	_	_
3.1	1365	[2]	θυμουμένου	_	_
3.1	1366	[105]	,	b	_
3.1	1367	[1]	ἐπικουρίαν	_	_
3.1	1368	[1]	αὐτῇ	_	_
3.1	1369	[1]	μηχανώμενοι	_	_
3.1	1370	[18]	τὴν	_	_
3.1	1371	[26]	τοῦ	_	_
3.1	1372	[1]	πνεύμονος	_	_
3.1	1373	[1]	ἰδέαν	_	_
3.1	1374	[1]	ἐνεφύτευσαν	_	_
3.1	1375	[38]	.	b	_
3.1	1376	[1]	ὥστε	_	_
3.1	1377	[106]	,	b	_
3.1	1378	[1]	ὦ	_	_
3.1	1379	[1]	φίλτατε	_	_
3.1	1380	[1]	Χρύσιππε	_	_
3.1	1381	[107]	,	b	_
3.1	1382	[11]	τὰ	_	_
3.1	1383	[2]	Πλάτωνος	_	_
3.1	1384	[1]	δόγματα	_	_
3.1	1385	[1]	γράφεις	_	_
3.1	1386	[108]	,	b	_
3.1	1387	[2]	ἐπειδὰν	_	_
3.1	1388	[5]	ἐκ	_	_
3.1	1389	[18]	τῆς	_	_
3.1	1390	[5]	καρδίας	_	_
3.1	1391	[1]	ἀναθυμιᾶσθαί	_	_
3.1	1392	[16]	τε	_	_
3.1	1393	[47]	καὶ	_	_
3.1	1394	[3]	πρὸς	_	_
3.1	1395	[34]	τὸ	_	_
3.1	1396	[3]	ἐκτὸς	_	_
3.1	1397	[1]	ὠθεῖσθαι	_	_
3.1	1398	[48]	καὶ	_	_
3.1	1399	[35]	τὸ	_	_
3.1	1400	[3]	πρόσωπον	_	_
3.1	1401	[1]	ἐμφυσᾷν	_	_
3.1	1402	[1]	λέγῃς	_	_
3.1	1403	[12]	τὸν	_	_
3.1	1404	[2]	θυμόν	_	_
3.1	1405	[39]	.	b	_
3.2	1	[1]	Οὐ	_	_
3.2	2	[1]	μὴν	_	_
3.2	3	[1]	τοῦτό	_	_
3.2	4	[1]	γ	_	_
3.2	5	[1]	’	b	_
3.2	6	[1]	ἦν	_	_
3.2	7	[1]	σοι	_	_
3.2	8	[1]	τὸ	_	_
3.2	9	[1]	ἀμφισβητούμενον	_	_
3.2	10	[1]	,	b	_
3.2	11	[1]	εἰ	_	_
3.2	12	[2]	τὸ	_	_
3.2	13	[1]	θυμούμενον	_	_
3.2	14	[1]	τῆς	_	_
3.2	15	[1]	ψυχῆς	_	_
3.2	16	[1]	ἐν	_	_
3.2	17	[1]	καρδίᾳ	_	_
3.2	18	[1]	κατῴκισται	_	_
3.2	19	[2]	,	b	_
3.2	20	[1]	ἀλλ	_	_
3.2	21	[2]	’	b	_
3.2	22	[2]	εἰ	_	_
3.2	23	[3]	τὸ	_	_
3.2	24	[1]	λογιζόμενον	_	_
3.2	25	[3]	,	b	_
3.2	26	[1]	ὅπερ	_	_
3.2	27	[1]	ἐχρῆν	_	_
3.2	28	[1]	ἀποδείξαντα	_	_
3.2	29	[1]	μὴ	_	_
3.2	30	[1]	πολλὰ	_	_
3.2	31	[1]	κάμνειν	_	_
3.2	32	[1]	ὑπὲρ	_	_
3.2	33	[1]	τοῦ	_	_
3.2	34	[1]	θυμουμένου	_	_
3.2	35	[4]	,	b	_
3.2	36	[1]	μηδ	_	_
3.2	37	[3]	’	b	_
3.2	38	[1]	ἐμπιπλάναι	_	_
3.2	39	[4]	τὸ	_	_
3.2	40	[1]	βιβλίον	_	_
3.2	41	[1]	ἐπῶν	_	_
3.2	42	[1]	ποιητικῶν	_	_
3.2	43	[5]	,	b	_
3.2	44	[1]	ὧν	_	_
3.2	45	[1]	ἐφεξῆς	_	_
3.2	46	[1]	γράφεις	_	_
3.2	47	[1]	ὡδί	_	_
3.2	48	[1]	.	b	_
3.2	49	[1]	Ὅς	_	_
3.2	50	[1]	γε	_	_
3.2	51	[1]	πολὺ	_	_
3.2	52	[1]	γλυκίων	_	_
3.2	53	[1]	μέλιτος	_	_
3.2	54	[1]	καταλειβομένοιο	_	_
3.2	55	[1]	Ἀνδρὸς	_	_
3.2	56	[1]	ἐνὶ	_	_
3.2	57	[1]	στήθεσσιν	_	_
3.2	58	[1]	ἀέξεται	_	_
3.2	59	[1]	ἠΰτε	_	_
3.2	60	[1]	καπνός	_	_
3.2	61	[2]	.	b	_
3.2	62	[1]	καὶ	_	_
3.2	63	[1]	πάλιν	_	_
3.2	64	[1]	·	b	_
3.2	65	[1]	Ὁ	_	_
3.2	66	[1]	θυμὸς	_	_
3.2	67	[1]	αὐτὸν	_	_
3.2	68	[1]	τῶν	_	_
3.2	69	[1]	φρενῶν	_	_
3.2	70	[1]	ἐξῇρεν	_	_
3.2	71	[1]	ἄνω	_	_
3.2	72	[3]	.	b	_
3.2	73	[2]	καὶ	_	_
3.2	74	[2]	πάλιν	_	_
3.2	75	[2]	·	b	_
3.2	76	[1]	Πηδῶν	_	_
3.2	77	[1]	δ	_	_
3.2	78	[4]	’	b	_
3.2	79	[1]	ὁ	_	_
3.2	80	[2]	θυμὸς	_	_
3.2	81	[1]	ἔνδοθεν	_	_
3.2	82	[1]	μαντεύεται	_	_
3.2	83	[4]	.	b	_
3.2	84	[3]	καὶ	_	_
3.2	85	[1]	μυρία	_	_
3.2	86	[1]	ἕτερα	_	_
3.2	87	[1]	τοιαῦτα	_	_
3.2	88	[1]	παρ	_	_
3.2	89	[5]	’	b	_
3.2	90	[1]	ὅλον	_	_
3.2	91	[5]	τὸ	_	_
3.2	92	[1]	γράμμα	_	_
3.2	93	[6]	,	b	_
3.2	94	[1]	κατασκευάζοντα	_	_
3.2	95	[6]	τὸ	_	_
3.2	96	[2]	θυμούμενον	_	_
3.2	97	[1]	ὑπάρχειν	_	_
3.2	98	[2]	ἐν	_	_
3.2	99	[1]	τῇ	_	_
3.2	100	[2]	καρδίᾳ	_	_
3.2	101	[7]	,	b	_
3.2	102	[1]	δέον	_	_
3.2	103	[2]	μὴ	_	_
3.2	104	[1]	τοῦτο	_	_
3.2	105	[1]	δεικνύειν	_	_
3.2	106	[8]	,	b	_
3.2	107	[1]	ἀλλὰ	_	_
3.2	108	[7]	τὸ	_	_
3.2	109	[2]	λογιζόμενον	_	_
3.2	110	[9]	,	b	_
3.2	111	[1]	ἢ	_	_
3.2	112	[1]	νὴ	_	_
3.2	113	[1]	Δία	_	_
3.2	114	[10]	,	b	_
3.2	115	[1]	εἴπερ	_	_
3.2	116	[1]	ἀδύνατος	_	_
3.2	117	[2]	ἦν	_	_
3.2	118	[1]	ἄντικρυς	_	_
3.2	119	[1]	ἐπιδεικνύναι	_	_
3.2	120	[2]	τοῦτο	_	_
3.2	121	[11]	,	b	_
3.2	122	[1]	πειρασθῆναι	_	_
3.2	123	[1]	γοῦν	_	_
3.2	124	[1]	ἐπιχειρῆσαι	_	_
3.2	125	[1]	δεῖξαι	_	_
3.2	126	[12]	,	b	_
3.2	127	[1]	καθ	_	_
3.2	128	[6]	’	b	_
3.2	129	[1]	ἓν	_	_
3.2	130	[3]	τοῦτο	_	_
3.2	131	[8]	τὸ	_	_
3.2	132	[1]	μόριον	_	_
3.2	133	[1]	εἶναι	_	_
3.2	134	[1]	τό	_	_
3.2	135	[1]	τε	_	_
3.2	136	[3]	θυμούμενον	_	_
3.2	137	[2]	τῆς	_	_
3.2	138	[2]	ψυχῆς	_	_
3.2	139	[4]	καὶ	_	_
3.2	140	[9]	τὸ	_	_
3.2	141	[3]	λογιζόμενον	_	_
3.2	142	[5]	.	b	_
3.2	143	[2]	ὁ	_	_
3.2	144	[1]	δέ	_	_
3.2	145	[2]	γε	_	_
3.2	146	[1]	τουτὶ	_	_
3.2	147	[1]	μὲν	_	_
3.2	148	[1]	οὐδ	_	_
3.2	149	[7]	’	b	_
3.2	150	[1]	ἐπεχείρησε	_	_
3.2	151	[1]	πρᾶξαι	_	_
3.2	152	[1]	κατ	_	_
3.2	153	[8]	’	b	_
3.2	154	[1]	οὐδὲν	_	_
3.2	155	[1]	μέρος	_	_
3.2	156	[2]	τοῦ	_	_
3.2	157	[1]	βιβλίου	_	_
3.2	158	[13]	,	b	_
3.2	159	[1]	χρῆται	_	_
3.2	160	[1]	δὲ	_	_
3.2	161	[1]	διὰ	_	_
3.2	162	[1]	παντὸς	_	_
3.2	163	[1]	ἐξ	_	_
3.2	164	[1]	ἑτοίμου	_	_
3.2	165	[1]	λαμβάνων	_	_
3.2	166	[6]	.	b	_
3.2	167	[1]	εὐθὺς	_	_
3.2	168	[2]	γοῦν	_	_
3.2	169	[3]	ἐν	_	_
3.2	170	[1]	τοῖς	_	_
3.2	171	[2]	ἐφεξῆς	_	_
3.2	172	[1]	οὕτω	_	_
3.2	173	[1]	γράφει	_	_
3.2	174	[7]	.	b	_
3.2	175	[3]	τῆς	_	_
3.2	176	[2]	μὲν	_	_
3.2	177	[1]	ὀργῆς	_	_
3.2	178	[1]	γιγνομένης	_	_
3.2	179	[1]	ἐνταῦθα	_	_
3.2	180	[14]	,	b	_
3.2	181	[1]	εὔλογον	_	_
3.2	182	[5]	καὶ	_	_
3.2	183	[1]	τὰς	_	_
3.2	184	[1]	λοιπὰς	_	_
3.2	185	[1]	ἐπιθυμίας	_	_
3.2	186	[1]	ἐνταῦθ	_	_
3.2	187	[9]	’	b	_
3.2	188	[2]	εἶναι	_	_
3.2	189	[15]	,	b	_
3.2	190	[6]	καὶ	_	_
3.2	191	[2]	νὴ	_	_
3.2	192	[2]	Δία	_	_
3.2	193	[1]	τὰ	_	_
3.2	194	[1]	λοιπὰ	_	_
3.2	195	[1]	πάθη	_	_
3.2	196	[16]	,	b	_
3.2	197	[7]	καὶ	_	_
3.2	198	[1]	τοὺς	_	_
3.2	199	[1]	διαλογισμοὺς	_	_
3.2	200	[17]	,	b	_
3.2	201	[8]	καὶ	_	_
3.2	202	[1]	ὅσον	_	_
3.2	203	[1]	τούτοις	_	_
3.2	204	[1]	ἐστὶ	_	_
3.2	205	[1]	παραπλήσιον	_	_
3.2	206	[8]	.	b	_
3.2	207	[2]	οὐδὲν	_	_
3.2	208	[1]	γὰρ	_	_
3.2	209	[1]	ἀναγκαῖον	_	_
3.2	210	[18]	,	b	_
3.2	211	[1]	ἔνθα	_	_
3.2	212	[2]	τὰ	_	_
3.2	213	[2]	πάθη	_	_
3.2	214	[19]	,	b	_
3.2	215	[9]	καὶ	_	_
3.2	216	[2]	τοὺς	_	_
3.2	217	[2]	διαλογισμοὺς	_	_
3.2	218	[2]	ἐνταῦθ	_	_
3.2	219	[10]	’	b	_
3.2	220	[2]	ὑπάρχειν	_	_
3.2	221	[20]	,	b	_
3.2	222	[1]	ὡς	_	_
3.2	223	[21]	,	b	_
3.2	224	[1]	εἴ	_	_
3.2	225	[3]	γε	_	_
3.2	226	[1]	τοῦτ	_	_
3.2	227	[11]	’	b	_
3.2	228	[1]	ἐκ	_	_
3.2	229	[1]	προχείρου	_	_
3.2	230	[1]	τις	_	_
3.2	231	[1]	ἀξιώσειε	_	_
3.2	232	[1]	λαμβάνειν	_	_
3.2	233	[22]	,	b	_
3.2	234	[1]	αὐτὸ	_	_
3.2	235	[10]	τὸ	_	_
3.2	236	[1]	ζητούμενον	_	_
3.2	237	[1]	λήψεται	_	_
3.2	238	[9]	.	b	_
3.2	239	[1]	Πλάτωνος	_	_
3.2	240	[3]	μὲν	_	_
3.2	241	[2]	γὰρ	_	_
3.2	242	[1]	λέγοντος	_	_
3.2	243	[23]	,	b	_
3.2	244	[1]	οὐκ	_	_
3.2	245	[2]	ἐκ	_	_
3.2	246	[1]	ταὐτοῦ	_	_
3.2	247	[1]	μέρους	_	_
3.2	248	[1]	ὁρμᾶσθαι	_	_
3.2	249	[1]	λογισμόν	_	_
3.2	250	[2]	τε	_	_
3.2	251	[10]	καὶ	_	_
3.2	252	[1]	θυμὸν	_	_
3.2	253	[11]	καὶ	_	_
3.2	254	[1]	ἐπιθυμίαν	_	_
3.2	255	[24]	,	b	_
3.2	256	[1]	Ζήνωνος	_	_
3.2	257	[2]	δὲ	_	_
3.2	258	[4]	ἐν	_	_
3.2	259	[3]	καρδίᾳ	_	_
3.2	260	[1]	καθιδρύοντος	_	_
3.2	261	[1]	ἅπαντα	_	_
3.2	262	[25]	,	b	_
3.2	263	[1]	προσῆκον	_	_
3.2	264	[3]	ἦν	_	_
3.2	265	[26]	,	b	_
3.2	266	[1]	οἶμαι	_	_
3.2	267	[27]	,	b	_
3.2	268	[12]	καὶ	_	_
3.2	269	[1]	Χρυσίππῳ	_	_
3.2	270	[13]	καὶ	_	_
3.2	271	[1]	παντὶ	_	_
3.2	272	[1]	τῷ	_	_
3.2	273	[1]	μετὰ	_	_
3.2	274	[1]	Πλάτωνα	_	_
3.2	275	[14]	καὶ	_	_
3.2	276	[1]	Ζήνωνα	_	_
3.2	277	[1]	κρίνοντι	_	_
3.2	278	[3]	τὰ	_	_
3.2	279	[1]	δόγματα	_	_
3.2	280	[2]	τῶν	_	_
3.2	281	[1]	ἀνδρῶν	_	_
3.2	282	[28]	,	b	_
3.2	283	[1]	προσθεῖναι	_	_
3.2	284	[1]	θατέρῳ	_	_
3.2	285	[4]	μὲν	_	_
3.2	286	[1]	αὐτῶν	_	_
3.2	287	[1]	ἀπόδειξιν	_	_
3.2	288	[29]	,	b	_
3.2	289	[2]	θατέρῳ	_	_
3.2	290	[2]	δ	_	_
3.2	291	[12]	’	b	_
3.2	292	[1]	ἔλεγχόν	_	_
3.2	293	[1]	τινα	_	_
3.2	294	[10]	.	b	_
3.2	295	[11]	τὸ	_	_
3.2	296	[3]	δὲ	_	_
3.2	297	[1]	χωρὶς	_	_
3.2	298	[1]	ἀποδείξεως	_	_
3.2	299	[1]	ἀποφήνασθαι	_	_
3.2	300	[30]	,	b	_
3.2	301	[1]	καθάπερ	_	_
3.2	302	[3]	ὁ	_	_
3.2	303	[1]	Χρύσιππος	_	_
3.2	304	[1]	ἐποίησεν	_	_
3.2	305	[31]	,	b	_
3.2	306	[2]	ὡς	_	_
3.2	307	[32]	,	b	_
3.2	308	[1]	ἔνθ	_	_
3.2	309	[13]	’	b	_
3.2	310	[1]	ἂν	_	_
3.2	311	[1]	ᾖ	_	_
3.2	312	[12]	τὸ	_	_
3.2	313	[1]	παθητικὸν	_	_
3.2	314	[3]	·	b	_
3.2	315	[4]	τῆς	_	_
3.2	316	[3]	ψυχῆς	_	_
3.2	317	[33]	,	b	_
3.2	318	[2]	ἐνταῦθα	_	_
3.2	319	[15]	καὶ	_	_
3.2	320	[13]	τὸ	_	_
3.2	321	[1]	λογιστικὸν	_	_
3.2	322	[3]	ὑπάρχειν	_	_
3.2	323	[34]	,	b	_
3.2	324	[1]	τοσούτου	_	_
3.2	325	[1]	δεῖ	_	_
3.2	326	[1]	φιλοσόφῳ	_	_
3.2	327	[1]	προσήκειν	_	_
3.2	328	[35]	,	b	_
3.2	329	[1]	ὥστ	_	_
3.2	330	[14]	’	b	_
3.2	331	[2]	οὐδ	_	_
3.2	332	[15]	’	b	_
3.2	333	[1]	οἱ	_	_
3.2	334	[1]	ῥήτορες	_	_
3.2	335	[36]	,	b	_
3.2	336	[3]	οὐδ	_	_
3.2	337	[16]	’	b	_
3.2	338	[2]	οἱ	_	_
3.2	339	[1]	σοφισταὶ	_	_
3.2	340	[1]	πράττουσιν	_	_
3.2	341	[1]	αὐτό	_	_
3.2	342	[4]	·	b	_
3.2	343	[1]	πειρῶνται	_	_
3.2	344	[3]	γοῦν	_	_
3.2	345	[1]	κᾀκεῖνοι	_	_
3.2	346	[1]	πίστεσί	_	_
3.2	347	[1]	τισι	_	_
3.2	348	[1]	πιθαναῖς	_	_
3.2	349	[1]	χρῆσθαι	_	_
3.2	350	[11]	.	b	_
3.2	351	[14]	τὸ	_	_
3.2	352	[4]	δὲ	_	_
3.2	353	[1]	ἕκαστον	_	_
3.2	354	[3]	τῶν	_	_
3.2	355	[1]	ζητουμένων	_	_
3.2	356	[2]	ἐξ	_	_
3.2	357	[2]	ἑτοίμου	_	_
3.2	358	[2]	λαμβάνειν	_	_
3.2	359	[1]	οὔτε	_	_
3.2	360	[1]	σοφισταῖς	_	_
3.2	361	[37]	,	b	_
3.2	362	[2]	οὔτε	_	_
3.2	363	[1]	ῥήτορσιν	_	_
3.2	364	[38]	,	b	_
3.2	365	[3]	οὔτε	_	_
3.2	366	[1]	διαλεκτικοῖς	_	_
3.2	367	[39]	,	b	_
3.2	368	[1]	οὔτ	_	_
3.2	369	[17]	’	b	_
3.2	370	[1]	ἀποδεικτικοῖς	_	_
3.2	371	[40]	,	b	_
3.2	372	[4]	οὐδ	_	_
3.2	373	[18]	’	b	_
3.2	374	[1]	ὅλως	_	_
3.2	375	[1]	οὐδενὶ	_	_
3.2	376	[4]	τῶν	_	_
3.2	377	[1]	πάντων	_	_
3.2	378	[1]	προσήκει	_	_
3.2	379	[12]	.	b	_
3.2	380	[1]	κάλλιον	_	_
3.2	381	[1]	οὖν	_	_
3.2	382	[4]	ἦν	_	_
3.2	383	[41]	,	b	_
3.2	384	[2]	οἶμαι	_	_
3.2	385	[42]	,	b	_
3.2	386	[2]	καθάπερ	_	_
3.2	387	[4]	ὁ	_	_
3.2	388	[1]	Πλάτων	_	_
3.2	389	[1]	ἀποδεῖξαι	_	_
3.2	390	[1]	προὐθυμήθη	_	_
3.2	391	[15]	τὸ	_	_
3.2	392	[1]	ἑαυτοῦ	_	_
3.2	393	[1]	δόγμα	_	_
3.2	394	[43]	,	b	_
3.2	395	[16]	καὶ	_	_
3.2	396	[1]	τὸν	_	_
3.2	397	[1]	Χρύσιππον	_	_
3.2	398	[2]	οὕτω	_	_
3.2	399	[2]	πειρασθῆναι	_	_
3.2	400	[16]	τὸ	_	_
3.2	401	[3]	τοῦ	_	_
3.2	402	[2]	Ζήνωνος	_	_
3.2	403	[2]	ἀποδεῖξαι	_	_
3.2	404	[44]	,	b	_
3.2	405	[17]	καὶ	_	_
3.2	406	[3]	μὴ	_	_
3.2	407	[1]	πλῆθος	_	_
3.2	408	[2]	ἐπῶν	_	_
3.2	409	[1]	παραγράφειν	_	_
3.2	410	[3]	ἐξ	_	_
3.2	411	[1]	ἁπάντων	_	_
3.2	412	[5]	τῶν	_	_
3.2	413	[1]	ποιητῶν	_	_
3.2	414	[1]	ἐκλέγοντα	_	_
3.2	415	[45]	,	b	_
3.2	416	[1]	δεικνύντων	_	_
3.2	417	[1]	ὀργὴν	_	_
3.2	418	[46]	,	b	_
3.2	419	[18]	καὶ	_	_
3.2	420	[2]	θυμὸν	_	_
3.2	421	[47]	,	b	_
3.2	422	[19]	καὶ	_	_
3.2	423	[1]	φόβον	_	_
3.2	424	[48]	,	b	_
3.2	425	[20]	καὶ	_	_
3.2	426	[1]	δειλίαν	_	_
3.2	427	[49]	,	b	_
3.2	428	[21]	καὶ	_	_
3.2	429	[1]	θράσος	_	_
3.2	430	[50]	,	b	_
3.2	431	[22]	καὶ	_	_
3.2	432	[1]	θάρσος	_	_
3.2	433	[51]	,	b	_
3.2	434	[23]	καὶ	_	_
3.2	435	[1]	καρτερίαν	_	_
3.2	436	[52]	,	b	_
3.2	437	[1]	ὅσα	_	_
3.2	438	[1]	τ	_	_
3.2	439	[19]	’	b	_
3.2	440	[1]	ἄλλα	_	_
3.2	441	[2]	τοιαῦτα	_	_
3.2	442	[53]	,	b	_
3.2	443	[4]	τὰ	_	_
3.2	444	[5]	μὲν	_	_
3.2	445	[1]	ἐνεργείας	_	_
3.2	446	[1]	τινὰς	_	_
3.2	447	[3]	εἶναι	_	_
3.2	448	[54]	,	b	_
3.2	449	[5]	τὰ	_	_
3.2	450	[5]	δὲ	_	_
3.2	451	[1]	παθήματα	_	_
3.2	452	[5]	τῆς	_	_
3.2	453	[1]	καρδίας	_	_
3.2	454	[13]	.	b	_
3.2	455	[1]	τί	_	_
3.2	456	[3]	γὰρ	_	_
3.2	457	[1]	αὐτῷ	_	_
3.2	458	[1]	βούλεται	_	_
3.2	459	[1]	ταυτὶ	_	_
3.2	460	[6]	τὰ	_	_
3.2	461	[1]	ἔπη	_	_
3.2	462	[7]	τὰ	_	_
3.2	463	[4]	ἐξ	_	_
3.2	464	[1]	Ὁμήρου	_	_
3.2	465	[1]	συνειλεγμένα	_	_
3.2	466	[1]	;	b	_
3.2	467	[1]	Κραδίη	_	_
3.2	468	[2]	δέ	_	_
3.2	469	[3]	οἱ	_	_
3.2	470	[1]	ἔνδον	_	_
3.2	471	[1]	ὑλάκτει	_	_
3.2	472	[14]	.	b	_
3.2	473	[1]	καί	_	_
3.2	474	[5]	·	b	_
3.2	475	[1]	Στῆθος	_	_
3.2	476	[6]	δὲ	_	_
3.2	477	[1]	πλήξας	_	_
3.2	478	[1]	κραδίην	_	_
3.2	479	[1]	ἠνίπαπε	_	_
3.2	480	[1]	μύθῳ	_	_
3.2	481	[6]	·	b	_
3.2	482	[1]	Τέτλαθι	_	_
3.2	483	[1]	δὴ	_	_
3.2	484	[1]	κραδίη	_	_
3.2	485	[55]	,	b	_
3.2	486	[24]	καὶ	_	_
3.2	487	[1]	κύντερον	_	_
3.2	488	[1]	ἄλλό	_	_
3.2	489	[1]	ποτ	_	_
3.2	490	[20]	’	b	_
3.2	491	[1]	ἔτλης	_	_
3.2	492	[15]	.	b	_
3.2	493	[2]	καί	_	_
3.2	494	[7]	·	b	_
3.2	495	[1]	Ὣς	_	_
3.2	496	[1]	πυκιναῖς	_	_
3.2	497	[2]	στήθεσσιν	_	_
3.2	498	[1]	ἀναστενάχιζ	_	_
3.2	499	[21]	’	b	_
3.2	500	[1]	Ἀγαμέμνων	_	_
3.2	501	[1]	Νειόθεν	_	_
3.2	502	[3]	ἐκ	_	_
3.2	503	[1]	κραδίης	_	_
3.2	504	[56]	,	b	_
3.2	505	[1]	περὶ	_	_
3.2	506	[4]	γὰρ	_	_
3.2	507	[2]	δὴ	_	_
3.2	508	[5]	ἐν	_	_
3.2	509	[1]	νηυσὶν	_	_
3.2	510	[1]	Ἀχαιῶν	_	_
3.2	511	[16]	.	b	_
3.2	512	[3]	καί	_	_
3.2	513	[8]	·	b	_
3.2	514	[1]	Ἀλλά	_	_
3.2	515	[1]	μοι	_	_
3.2	516	[1]	οἰδάνεται	_	_
3.2	517	[2]	κραδίη	_	_
3.2	518	[1]	χόλῳ	_	_
3.2	519	[17]	.	b	_
3.2	520	[4]	καί	_	_
3.2	521	[9]	·	b	_
3.2	522	[1]	Ἥρη	_	_
3.2	523	[3]	δ	_	_
3.2	524	[22]	’	b	_
3.2	525	[2]	οὐκ	_	_
3.2	526	[1]	ἔχαδε	_	_
3.2	527	[1]	στῆθος	_	_
3.2	528	[1]	χόλον	_	_
3.2	529	[57]	,	b	_
3.2	530	[2]	ἀλλὰ	_	_
3.2	531	[1]	προσηύδα	_	_
3.2	532	[18]	.	b	_
3.2	533	[5]	καί	_	_
3.2	534	[10]	·	b	_
3.2	535	[2]	Ἀλλά	_	_
3.2	536	[3]	τε	_	_
3.2	537	[25]	καὶ	_	_
3.2	538	[1]	μετόπισθεν	_	_
3.2	539	[1]	ἔχει	_	_
3.2	540	[1]	κότον	_	_
3.2	541	[58]	,	b	_
3.2	542	[1]	ὄφρα	_	_
3.2	543	[1]	τελέσσῃ	_	_
3.2	544	[59]	,	b	_
3.2	545	[1]	Ἐν	_	_
3.2	546	[3]	στήθεσσιν	_	_
3.2	547	[1]	ἑοῖσιν	_	_
3.2	548	[19]	.	b	_
3.2	549	[6]	ἐν	_	_
3.2	550	[1]	ἅπασι	_	_
3.2	551	[5]	γὰρ	_	_
3.2	552	[2]	τούτοις	_	_
3.2	553	[1]	οὐ	_	_
3.2	554	[17]	τὸ	_	_
3.2	555	[2]	λογιστικὸν	_	_
3.2	556	[60]	,	b	_
3.2	557	[3]	ἀλλὰ	_	_
3.2	558	[18]	τὸ	_	_
3.2	559	[1]	θυμοειδὲς	_	_
3.2	560	[7]	ἐν	_	_
3.2	561	[2]	τῇ	_	_
3.2	562	[4]	καρδίᾳ	_	_
3.2	563	[1]	περιέχεσθαι	_	_
3.2	564	[1]	δηλοῦται	_	_
3.2	565	[61]	,	b	_
3.2	566	[1]	ὥσπερ	_	_
3.2	567	[62]	,	b	_
3.2	568	[3]	οἶμαι	_	_
3.2	569	[63]	,	b	_
3.2	570	[1]	κᾀν	_	_
3.2	571	[1]	τοῖσδε	_	_
3.2	572	[20]	.	b	_
3.2	573	[1]	Χόλος	_	_
3.2	574	[64]	,	b	_
3.2	575	[1]	ὅστ	_	_
3.2	576	[23]	’	b	_
3.2	577	[1]	ἐφέηκε	_	_
3.2	578	[1]	πολύφρονά	_	_
3.2	579	[1]	περ	_	_
3.2	580	[1]	χαλεπῆναι	_	_
3.2	581	[21]	.	b	_
3.2	582	[6]	καί	_	_
3.2	583	[11]	·	b	_
3.2	584	[1]	Ὅστε	_	_
3.2	585	[2]	πολὺ	_	_
3.2	586	[2]	γλυκίων	_	_
3.2	587	[2]	μέλιτος	_	_
3.2	588	[2]	καταλειβομένοιο	_	_
3.2	589	[1]	Ἀνδρῶν	_	_
3.2	590	[8]	ἐν	_	_
3.2	591	[4]	στήθεσσιν	_	_
3.2	592	[2]	ἀέξεται	_	_
3.2	593	[2]	ἠΰτε	_	_
3.2	594	[2]	καπνός	_	_
3.2	595	[22]	.	b	_
3.2	596	[7]	καί	_	_
3.2	597	[12]	·	b	_
3.2	598	[1]	Κραδίῃ	_	_
3.2	599	[1]	ἄληκτον	_	_
3.2	600	[1]	πόλεμον	_	_
3.2	601	[1]	πολεμίζειν	_	_
3.2	602	[65]	,	b	_
3.2	603	[1]	ἠδὲ	_	_
3.2	604	[1]	μάχεσθαι	_	_
3.2	605	[23]	.	b	_
3.2	606	[26]	καὶ	_	_
3.2	607	[1]	πρὸς	_	_
3.2	608	[3]	τούτοις	_	_
3.2	609	[1]	ἔτι	_	_
3.2	610	[13]	·	b	_
3.2	611	[1]	Οἱ	_	_
3.2	612	[1]	γύοισι	_	_
3.2	613	[2]	θάρσος	_	_
3.2	614	[2]	ἐνὶ	_	_
3.2	615	[5]	στήθεσσιν	_	_
3.2	616	[1]	ἔθηκε	_	_
3.2	617	[24]	.	b	_
3.2	618	[8]	καί	_	_
3.2	619	[14]	·	b	_
3.2	620	[1]	Δῦε	_	_
3.2	621	[4]	δ	_	_
3.2	622	[24]	’	b	_
3.2	623	[1]	ἄχος	_	_
3.2	624	[2]	κραδίην	_	_
3.2	625	[1]	Λαερτιάδεω	_	_
3.2	626	[1]	Ὀδυσῆος	_	_
3.2	627	[25]	.	b	_
3.2	628	[9]	καί	_	_
3.2	629	[15]	·	b	_
3.2	630	[2]	Ἐν	_	_
3.2	631	[5]	δ	_	_
3.2	632	[25]	’	b	_
3.2	633	[1]	ἄρα	_	_
3.2	634	[4]	οἱ	_	_
3.2	635	[1]	στήθεσσι	_	_
3.2	636	[1]	μένος	_	_
3.2	637	[1]	πατρώϊον	_	_
3.2	638	[1]	ἧκε	_	_
3.2	639	[26]	.	b	_
3.2	640	[27]	καὶ	_	_
3.2	641	[1]	—	a	_
3.2	642	[2]	—	a	_
3.2	643	[1]	Αὐτὰρ	_	_
3.2	644	[1]	Ἀχιλλεὺς	_	_
3.2	645	[1]	Δεινὸν	_	_
3.2	646	[3]	ἐνὶ	_	_
3.2	647	[6]	στήθεσσιν	_	_
3.2	648	[2]	ἔχει	_	_
3.2	649	[1]	μεγαλήτορα	_	_
3.2	650	[1]	θυμόν	_	_
3.2	651	[27]	.	b	_
3.2	652	[10]	καί	_	_
3.2	653	[16]	·	b	_
3.2	654	[3]	—	a	_
3.2	655	[4]	—	a	_
3.2	656	[1]	Σοὶ	_	_
3.2	657	[6]	δ	_	_
3.2	658	[26]	’	b	_
3.2	659	[1]	ἄληκτόν	_	_
3.2	660	[4]	τε	_	_
3.2	661	[1]	κακόν	_	_
3.2	662	[5]	τε	_	_
3.2	663	[1]	Θυμὸν	_	_
3.2	664	[4]	ἐνὶ	_	_
3.2	665	[2]	στήθεσσι	_	_
3.2	666	[1]	θεοὶ	_	_
3.2	667	[1]	θέσαν	_	_
3.2	668	[1]	εἵνεκα	_	_
3.2	669	[1]	κούρης	_	_
3.2	670	[28]	.	b	_
3.2	671	[11]	καί	_	_
3.2	672	[17]	·	b	_
3.2	673	[2]	Ὣς	_	_
3.2	674	[1]	Αἰνείᾳ	_	_
3.2	675	[3]	θυμὸς	_	_
3.2	676	[5]	ἐνὶ	_	_
3.2	677	[3]	στήθεσσι	_	_
3.2	678	[1]	γεγήθει	_	_
3.2	679	[29]	.	b	_
3.2	680	[12]	καί	_	_
3.2	681	[18]	·	b	_
3.2	682	[1]	Πρῆσεν	_	_
3.2	683	[6]	ἐνὶ	_	_
3.2	684	[7]	στήθεσσιν	_	_
3.2	685	[1]	ἐρισθενέος	_	_
3.2	686	[1]	Διὸς	_	_
3.2	687	[1]	ἀλκὴν	_	_
3.2	688	[1]	Γνώμεναι	_	_
3.2	689	[30]	.	b	_
3.2	690	[28]	καὶ	_	_
3.2	691	[2]	πρὸς	_	_
3.2	692	[4]	τούτοις	_	_
3.2	693	[2]	ἔτι	_	_
3.2	694	[19]	·	b	_
3.2	695	[1]	Καὶ	_	_
3.2	696	[3]	δέ	_	_
3.2	697	[2]	μοι	_	_
3.2	698	[2]	αὐτῷ	_	_
3.2	699	[4]	θυμὸς	_	_
3.2	700	[7]	ἐνὶ	_	_
3.2	701	[4]	στήθεσσι	_	_
3.2	702	[1]	φίλοισι	_	_
3.2	703	[1]	Μᾶλλον	_	_
3.2	704	[1]	ἐφορμᾶται	_	_
3.2	705	[2]	πολεμίζειν	_	_
3.2	706	[2]	ἠδὲ	_	_
3.2	707	[2]	μάχεσθαι	_	_
3.2	708	[31]	.	b	_
3.2	709	[13]	καί	_	_
3.2	710	[20]	·	b	_
3.2	711	[1]	Ἐπὶ	_	_
3.2	712	[7]	δ	_	_
3.2	713	[27]	’	b	_
3.2	714	[1]	αὐτὸς	_	_
3.2	715	[1]	ἄϋσε	_	_
3.2	716	[1]	μάλα	_	_
3.2	717	[1]	μέγα	_	_
3.2	718	[66]	,	b	_
3.2	719	[1]	τοῖσι	_	_
3.2	720	[7]	δὲ	_	_
3.2	721	[3]	θυμὸν	_	_
3.2	722	[3]	Ἐν	_	_
3.2	723	[8]	στήθεσσιν	_	_
3.2	724	[1]	ἔθελξε	_	_
3.2	725	[67]	,	b	_
3.2	726	[1]	φόβου	_	_
3.2	727	[8]	δ	_	_
3.2	728	[28]	’	b	_
3.2	729	[1]	ἐμνήσατο	_	_
3.2	730	[1]	Ἕκτωρ	_	_
3.2	731	[32]	.	b	_
3.2	732	[14]	καί	_	_
3.2	733	[21]	·	b	_
3.2	734	[1]	Νέστορ	_	_
3.2	735	[68]	,	b	_
3.2	736	[1]	ἔμ	_	_
3.2	737	[29]	’	b	_
3.2	738	[1]	ὀτρύνει	_	_
3.2	739	[3]	κραδίη	_	_
3.2	740	[29]	καὶ	_	_
3.2	741	[5]	θυμὸς	_	_
3.2	742	[1]	ἀγήνωρ	_	_
3.2	743	[33]	.	b	_
3.2	744	[15]	καί	_	_
3.2	745	[22]	·	b	_
3.2	746	[2]	Οἱ	_	_
3.2	747	[2]	περὶ	_	_
3.2	748	[6]	μὲν	_	_
3.2	749	[1]	πρόφρων	_	_
3.2	750	[4]	κραδίη	_	_
3.2	751	[30]	καὶ	_	_
3.2	752	[6]	θυμὸς	_	_
3.2	753	[2]	ἀγήνωρ	_	_
3.2	754	[34]	.	b	_
3.2	755	[16]	καί	_	_
3.2	756	[23]	·	b	_
3.2	757	[1]	Ὦ	_	_
3.2	758	[1]	γέρον	_	_
3.2	759	[69]	,	b	_
3.2	760	[1]	εἴθ	_	_
3.2	761	[30]	’	b	_
3.2	762	[70]	,	b	_
3.2	763	[3]	ὡς	_	_
3.2	764	[7]	θυμὸς	_	_
3.2	765	[8]	ἐνὶ	_	_
3.2	766	[5]	στήθεσσι	_	_
3.2	767	[2]	φίλοισι	_	_
3.2	768	[71]	,	b	_
3.2	769	[1]	Ὥς	_	_
3.2	770	[1]	τοι	_	_
3.2	771	[1]	γούναθ	_	_
3.2	772	[31]	’	b	_
3.2	773	[1]	ἕποιτο	_	_
3.2	774	[35]	.	b	_
3.2	775	[17]	καί	_	_
3.2	776	[24]	·	b	_
3.2	777	[1]	Οἶσθα	_	_
3.2	778	[6]	γὰρ	_	_
3.2	779	[72]	,	b	_
3.2	780	[1]	οἷος	_	_
3.2	781	[8]	θυμὸς	_	_
3.2	782	[9]	ἐνὶ	_	_
3.2	783	[6]	στήθεσσι	_	_
3.2	784	[1]	γυναικός	_	_
3.2	785	[36]	.	b	_
3.2	786	[18]	καί	_	_
3.2	787	[25]	·	b	_
3.2	788	[5]	—	a	_
3.2	789	[6]	—	a	_
3.2	790	[1]	Σὸν	_	_
3.2	791	[8]	δὲ	_	_
3.2	792	[1]	φίλον	_	_
3.2	793	[1]	κῆρ	_	_
3.2	794	[1]	Τετλάτω	_	_
3.2	795	[9]	ἐν	_	_
3.2	796	[7]	στήθεσσι	_	_
3.2	797	[1]	κακῶς	_	_
3.2	798	[1]	πάσχοντος	_	_
3.2	799	[1]	ἐμοῖο	_	_
3.2	800	[37]	.	b	_
3.2	801	[19]	καί	_	_
3.2	802	[26]	·	b	_
3.2	803	[3]	Ὣς	_	_
3.2	804	[1]	φάτο	_	_
3.2	805	[73]	,	b	_
3.2	806	[2]	τοῖσι	_	_
3.2	807	[9]	δὲ	_	_
3.2	808	[4]	θυμὸν	_	_
3.2	809	[10]	ἐνὶ	_	_
3.2	810	[9]	στήθεσσιν	_	_
3.2	811	[1]	ὄρινε	_	_
3.2	812	[38]	.	b	_
3.2	813	[20]	καί	_	_
3.2	814	[27]	·	b	_
3.2	815	[1]	Τηλέμαχος	_	_
3.2	816	[9]	δ	_	_
3.2	817	[32]	’	b	_
3.2	818	[10]	ἐν	_	_
3.2	819	[7]	μὲν	_	_
3.2	820	[1]	κραδίῃ	_	_
3.2	821	[2]	μέγα	_	_
3.2	822	[1]	πένθος	_	_
3.2	823	[1]	ἄεξεν	_	_
3.2	824	[39]	.	b	_
3.2	825	[21]	καί	_	_
3.2	826	[28]	·	b	_
3.2	827	[4]	Ὣς	_	_
3.2	828	[1]	φάτ	_	_
3.2	829	[33]	’	b	_
3.2	830	[11]	ἐνὶ	_	_
3.2	831	[8]	στήθεσσι	_	_
3.2	832	[1]	καθαπτόμενος	_	_
3.2	833	[2]	φίλον	_	_
3.2	834	[1]	ἦτορ	_	_
3.2	835	[40]	.	b	_
3.2	836	[22]	καί	_	_
3.2	837	[29]	·	b	_
3.2	838	[1]	Τῷδε	_	_
3.2	839	[1]	μάλ	_	_
3.2	840	[34]	’	b	_
3.2	841	[11]	ἐν	_	_
3.2	842	[1]	ἐπίσῃ	_	_
3.2	843	[1]	κραδία	_	_
3.2	844	[1]	σημαίνεται	_	_
3.2	845	[1]	τληυῖα	_	_
3.2	846	[41]	.	b	_
3.2	847	[1]	πάντα	_	_
3.2	848	[8]	μὲν	_	_
3.2	849	[7]	γὰρ	_	_
3.2	850	[1]	ταῦτα	_	_
3.2	851	[8]	τὰ	_	_
3.2	852	[2]	ἔπη	_	_
3.2	853	[31]	καὶ	_	_
3.2	854	[3]	πρὸς	_	_
3.2	855	[5]	τούτοις	_	_
3.2	856	[3]	ἔτι	_	_
3.2	857	[2]	μυρία	_	_
3.2	858	[2]	ἕτερα	_	_
3.2	859	[19]	τὸ	_	_
3.2	860	[2]	πλῆθος	_	_
3.2	861	[2]	ὧν	_	_
3.2	862	[2]	Χρύσιππος	_	_
3.2	863	[1]	παρατίθεται	_	_
3.2	864	[20]	τὸ	_	_
3.2	865	[2]	θυμοειδὲς	_	_
3.2	866	[12]	ἐν	_	_
3.2	867	[3]	τῇ	_	_
3.2	868	[5]	καρδίᾳ	_	_
3.2	869	[1]	φησὶν	_	_
3.2	870	[4]	ὑπάρχειν	_	_
3.2	871	[42]	.	b	_
3.2	872	[1]	ἐγὼ	_	_
3.2	873	[10]	δὲ	_	_
3.2	874	[3]	εἰ	_	_
3.2	875	[2]	πάντα	_	_
3.2	876	[1]	παραγράφοιμι	_	_
3.2	877	[74]	,	b	_
3.2	878	[1]	πληρώσω	_	_
3.2	879	[21]	τὸ	_	_
3.2	880	[2]	βιβλίον	_	_
3.2	881	[75]	,	b	_
3.2	882	[2]	ὥσπερ	_	_
3.2	883	[32]	καὶ	_	_
3.2	884	[5]	ὁ	_	_
3.2	885	[3]	Χρύσιππος	_	_
3.2	886	[1]	ἐπλήρωσεν	_	_
3.2	887	[43]	.	b	_
3.2	888	[2]	ἀλλ	_	_
3.2	889	[35]	’	b	_
3.2	890	[5]	ἐξ	_	_
3.2	891	[2]	Ὁμήρου	_	_
3.2	892	[9]	μὲν	_	_
3.2	893	[1]	ἱκανὰ	_	_
3.2	894	[33]	καὶ	_	_
3.2	895	[2]	ταῦτα	_	_
3.2	896	[30]	·	b	_
3.2	897	[6]	τῶν	_	_
3.2	898	[10]	δ	_	_
3.2	899	[36]	’	b	_
3.2	900	[6]	ἐξ	_	_
3.2	901	[1]	Ἡσιόδου	_	_
3.2	902	[1]	παραγραφέντων	_	_
3.2	903	[1]	ὑπὸ	_	_
3.2	904	[1]	Χρυσίππου	_	_
3.2	905	[76]	,	b	_
3.2	906	[1]	παμπόλλων	_	_
3.2	907	[34]	καὶ	_	_
3.2	908	[2]	αὐτῶν	_	_
3.2	909	[1]	ὄντων	_	_
3.2	910	[77]	,	b	_
3.2	911	[1]	ἀρκέσει	_	_
3.2	912	[3]	μοι	_	_
3.2	913	[1]	δυοῖν	_	_
3.2	914	[2]	ἢ	_	_
3.2	915	[1]	τριῶν	_	_
3.2	916	[1]	ἐπιμνησθῆναι	_	_
3.2	917	[1]	παραδειγμάτων	_	_
3.2	918	[1]	ἕνεκα	_	_
3.2	919	[44]	.	b	_
3.2	920	[1]	Τοῦδε	_	_
3.2	921	[8]	γὰρ	_	_
3.2	922	[1]	ἀέξετο	_	_
3.2	923	[9]	θυμὸς	_	_
3.2	924	[12]	ἐνὶ	_	_
3.2	925	[9]	στήθεσσι	_	_
3.2	926	[3]	φίλοισι	_	_
3.2	927	[45]	.	b	_
3.2	928	[23]	καί	_	_
3.2	929	[31]	·	b	_
3.2	930	[1]	Οἷον	_	_
3.2	931	[13]	ἐνὶ	_	_
3.2	932	[10]	στήθεσσι	_	_
3.2	933	[2]	χόλον	_	_
3.2	934	[1]	θυμαλγέ	_	_
3.2	935	[37]	’	b	_
3.2	936	[1]	ἔχουσα	_	_
3.2	937	[46]	.	b	_
3.2	938	[24]	καί	_	_
3.2	939	[32]	·	b	_
3.2	940	[1]	Πάντων	_	_
3.2	941	[13]	ἐν	_	_
3.2	942	[10]	στήθεσσιν	_	_
3.2	943	[2]	ἀέξετο	_	_
3.2	944	[10]	θυμὸς	_	_
3.2	945	[3]	ἀγήνωρ	_	_
3.2	946	[47]	.	b	_
3.2	947	[14]	ἐν	_	_
3.2	948	[1]	οἷς	_	_
3.2	949	[2]	ἐγὼ	_	_
3.2	950	[10]	μὲν	_	_
3.2	951	[1]	ἐκπλήττομαι	_	_
3.2	952	[6]	τῆς	_	_
3.2	953	[1]	μεγαλοψυχίας	_	_
3.2	954	[2]	τὸν	_	_
3.2	955	[2]	Χρύσιππον	_	_
3.2	956	[48]	.	b	_
3.2	957	[2]	δέον	_	_
3.2	958	[9]	γὰρ	_	_
3.2	959	[78]	,	b	_
3.2	960	[4]	ὡς	_	_
3.2	961	[1]	ἄνθρωπον	_	_
3.2	962	[1]	ἀνεγνωκότα	_	_
3.2	963	[1]	τοσούτους	_	_
3.2	964	[1]	ποιητὰς	_	_
3.2	965	[79]	,	b	_
3.2	966	[35]	καὶ	_	_
3.2	967	[1]	γινώσκοντα	_	_
3.2	968	[1]	σαφῶς	_	_
3.2	969	[2]	ἅπασι	_	_
3.2	970	[2]	τοῖς	_	_
3.2	971	[1]	δόγμασιν	_	_
3.2	972	[1]	αὐτοῦ	_	_
3.2	973	[1]	μαρτυροῦντας	_	_
3.2	974	[1]	ἄλλοτε	_	_
3.2	975	[2]	κατ	_	_
3.2	976	[38]	’	b	_
3.2	977	[2]	ἄλλα	_	_
3.2	978	[7]	τῶν	_	_
3.2	979	[3]	ἐπῶν	_	_
3.2	980	[80]	,	b	_
3.2	981	[3]	ὥσπερ	_	_
3.2	982	[36]	καὶ	_	_
3.2	983	[1]	Πλούταρχος	_	_
3.2	984	[1]	ἐπέδειξεν	_	_
3.2	985	[15]	ἐν	_	_
3.2	986	[3]	τοῖς	_	_
3.2	987	[8]	τῶν	_	_
3.2	988	[1]	Ὁμηρικῶν	_	_
3.2	989	[1]	μελετῶν	_	_
3.2	990	[81]	,	b	_
3.2	991	[1]	ἐκλέγειν	_	_
3.2	992	[11]	μὲν	_	_
3.2	993	[7]	ἐξ	_	_
3.2	994	[3]	αὐτῶν	_	_
3.2	995	[2]	ὅσα	_	_
3.2	996	[1]	μαρτυρεῖ	_	_
3.2	997	[2]	τῷ	_	_
3.2	998	[1]	σπουδαζομένῳ	_	_
3.2	999	[4]	πρὸς	_	_
3.2	1000	[2]	αὐτοῦ	_	_
3.2	1001	[1]	δόγματι	_	_
3.2	1002	[82]	,	b	_
3.2	1003	[1]	παραλείπειν	_	_
3.2	1004	[11]	δὲ	_	_
3.2	1005	[9]	τὰ	_	_
3.2	1006	[1]	μαχόμενα	_	_
3.2	1007	[83]	,	b	_
3.2	1008	[37]	καὶ	_	_
3.2	1009	[1]	πᾶν	_	_
3.2	1010	[1]	ἐνίοτε	_	_
3.2	1011	[2]	κατασκευάζοντα	_	_
3.2	1012	[1]	τοὐναντίον	_	_
3.2	1013	[84]	,	b	_
3.2	1014	[6]	ὁ	_	_
3.2	1015	[11]	δ	_	_
3.2	1016	[39]	’	b	_
3.2	1017	[1]	ὁμοίως	_	_
3.2	1018	[1]	ἑξῆς	_	_
3.2	1019	[2]	ἁπάντων	_	_
3.2	1020	[1]	μέμνηται	_	_
3.2	1021	[49]	.	b	_
3.2	1022	[10]	τὰ	_	_
3.2	1023	[12]	μὲν	_	_
3.2	1024	[10]	γὰρ	_	_
3.2	1025	[3]	τοιαῦτα	_	_
3.2	1026	[9]	τῶν	_	_
3.2	1027	[4]	ἐπῶν	_	_
3.2	1028	[1]	ἅπαντ	_	_
3.2	1029	[40]	’	b	_
3.2	1030	[2]	ἐχρῆν	_	_
3.2	1031	[1]	ὑπ	_	_
3.2	1032	[41]	’	b	_
3.2	1033	[3]	αὐτοῦ	_	_
3.2	1034	[1]	παραλελεῖφθαι	_	_
3.2	1035	[85]	,	b	_
3.2	1036	[1]	δι	_	_
3.2	1037	[42]	’	b	_
3.2	1038	[3]	ὧν	_	_
3.2	1039	[12]	δὲ	_	_
3.2	1040	[1]	νοῦν	_	_
3.2	1041	[38]	καὶ	_	_
3.2	1042	[1]	φρένας	_	_
3.2	1043	[39]	καὶ	_	_
3.2	1044	[1]	διάνοιαν	_	_
3.2	1045	[40]	καὶ	_	_
3.2	1046	[1]	λογισμὸν	_	_
3.2	1047	[1]	εἶπέ	_	_
3.2	1048	[2]	τις	_	_
3.2	1049	[16]	ἐν	_	_
3.2	1050	[6]	καρδίᾳ	_	_
3.2	1051	[2]	περιέχεσθαι	_	_
3.2	1052	[86]	,	b	_
3.2	1053	[1]	συνάγειν	_	_
3.2	1054	[1]	ἔδει	_	_
3.2	1055	[87]	,	b	_
3.2	1056	[3]	καθάπερ	_	_
3.2	1057	[3]	ἔχει	_	_
3.2	1058	[41]	καὶ	_	_
3.2	1059	[11]	τὰ	_	_
3.2	1060	[4]	τοιαῦτα	_	_
3.2	1061	[50]	.	b	_
3.2	1062	[1]	Τότε	_	_
3.2	1063	[3]	δὴ	_	_
3.2	1064	[1]	στηθέων	_	_
3.2	1065	[1]	θ	_	_
3.2	1066	[43]	’	b	_
3.2	1067	[1]	ἅμα	_	_
3.2	1068	[2]	φρένας	_	_
3.2	1069	[1]	ἐξέλετο	_	_
3.2	1070	[1]	Ζεύς	_	_
3.2	1071	[51]	.	b	_
3.2	1072	[25]	καί	_	_
3.2	1073	[33]	·	b	_
3.2	1074	[1]	Ἔγνως	_	_
3.2	1075	[88]	,	b	_
3.2	1076	[1]	Ἐννοσίγαιε	_	_
3.2	1077	[89]	,	b	_
3.2	1078	[1]	ἐμὴν	_	_
3.2	1079	[17]	ἐν	_	_
3.2	1080	[1]	στήθεσι	_	_
3.2	1081	[1]	βουλήν	_	_
3.2	1082	[52]	.	b	_
3.2	1083	[26]	καί	_	_
3.2	1084	[34]	·	b	_
3.2	1085	[1]	Αἰεί	_	_
3.2	1086	[2]	τοι	_	_
3.2	1087	[1]	τοιοῦτον	_	_
3.2	1088	[14]	ἐνὶ	_	_
3.2	1089	[11]	στήθεσσι	_	_
3.2	1090	[1]	νόημα	_	_
3.2	1091	[53]	.	b	_
3.2	1092	[27]	καί	_	_
3.2	1093	[35]	·	b	_
3.2	1094	[7]	—	a	_
3.2	1095	[8]	—	a	_
3.2	1096	[1]	Οὔ	_	_
3.2	1097	[4]	μοι	_	_
3.2	1098	[2]	τοιοῦτον	_	_
3.2	1099	[15]	ἐνὶ	_	_
3.2	1100	[12]	στήθεσσι	_	_
3.2	1101	[2]	νόημα	_	_
3.2	1102	[54]	.	b	_
3.2	1103	[4]	ὥσπερ	_	_
3.2	1104	[11]	γὰρ	_	_
3.2	1105	[4]	τοῦ	_	_
3.2	1106	[1]	προτέρου	_	_
3.2	1107	[1]	γένους	_	_
3.2	1108	[10]	τῶν	_	_
3.2	1109	[5]	ἐπῶν	_	_
3.2	1110	[90]	,	b	_
3.2	1111	[2]	δι	_	_
3.2	1112	[44]	’	b	_
3.2	1113	[4]	ὧν	_	_
3.2	1114	[18]	ἐν	_	_
3.2	1115	[4]	τῇ	_	_
3.2	1116	[7]	καρδίᾳ	_	_
3.2	1117	[1]	δείκνυται	_	_
3.2	1118	[12]	τὰ	_	_
3.2	1119	[7]	τῆς	_	_
3.2	1120	[4]	ψυχῆς	_	_
3.2	1121	[3]	πάθη	_	_
3.2	1122	[91]	,	b	_
3.2	1123	[1]	παμπόλλη	_	_
3.2	1124	[3]	τις	_	_
3.2	1125	[1]	ἀφθονία	_	_
3.2	1126	[1]	παρὰ	_	_
3.2	1127	[4]	τοῖς	_	_
3.2	1128	[1]	ποιηταῖς	_	_
3.2	1129	[1]	ἐστιν	_	_
3.2	1130	[92]	,	b	_
3.2	1131	[1]	οὕτως	_	_
3.2	1132	[1]	οὐδὲ	_	_
3.2	1133	[1]	θατέρου	_	_
3.2	1134	[1]	ὀλίγα	_	_
3.2	1135	[93]	,	b	_
3.2	1136	[19]	ἐν	_	_
3.2	1137	[2]	οἷς	_	_
3.2	1138	[22]	τὸ	_	_
3.2	1139	[4]	λογιζόμενον	_	_
3.2	1140	[20]	ἐν	_	_
3.2	1141	[8]	καρδίᾳ	_	_
3.2	1142	[4]	τις	_	_
3.2	1143	[2]	ὅσον	_	_
3.2	1144	[1]	ἐπὶ	_	_
3.2	1145	[5]	τοῖς	_	_
3.2	1146	[2]	ποιηταῖς	_	_
3.2	1147	[1]	ἐπιδεῖξαι	_	_
3.2	1148	[1]	δυνήσεται	_	_
3.2	1149	[55]	.	b	_
3.3	1	[1]	Ταῦτ	_	_
3.3	2	[1]	’	b	_
3.3	3	[1]	οὖν	_	_
3.3	4	[1]	ἐχρῆν	_	_
3.3	5	[1]	ἐκλέγειν	_	_
3.3	6	[1]	μόνα	_	_
3.3	7	[1]	τὸν	_	_
3.3	8	[1]	Χρύσιππον	_	_
3.3	9	[1]	,	b	_
3.3	10	[1]	εἴπερ	_	_
3.3	11	[1]	ὅλως	_	_
3.3	12	[1]	κατὰ	_	_
3.3	13	[1]	μάρτυρας	_	_
3.3	14	[1]	ἐγνώκει	_	_
3.3	15	[1]	διαιρεῖν	_	_
3.3	16	[2]	τὸν	_	_
3.3	17	[1]	ἀγῶνα	_	_
3.3	18	[1]	.	b	_
3.3	19	[1]	τὸ	_	_
3.3	20	[1]	δὲ	_	_
3.3	21	[1]	πλείω	_	_
3.3	22	[1]	μὲν	_	_
3.3	23	[1]	ἐκεῖνα	_	_
3.3	24	[2]	,	b	_
3.3	25	[1]	ταυτὶ	_	_
3.3	26	[1]	δ	_	_
3.3	27	[2]	’	b	_
3.3	28	[1]	ἐλάττω	_	_
3.3	29	[1]	γράψαι	_	_
3.3	30	[3]	,	b	_
3.3	31	[1]	τῷ	_	_
3.3	32	[2]	μὲν	_	_
3.3	33	[2]	τὸ	_	_
3.3	34	[1]	ἀληθὲς	_	_
3.3	35	[1]	τῆς	_	_
3.3	36	[1]	ἱστορίας	_	_
3.3	37	[1]	ἐπιδεικνύντι	_	_
3.3	38	[1]	καλῶς	_	_
3.3	39	[1]	ἂν	_	_
3.3	40	[1]	γίγνοιτο	_	_
3.3	41	[1]	·	b	_
3.3	42	[2]	πλείω	_	_
3.3	43	[1]	γὰρ	_	_
3.3	44	[1]	ὄντως	_	_
3.3	45	[1]	ἐστὶν	_	_
3.3	46	[2]	ἐκεῖνα	_	_
3.3	47	[2]	·	b	_
3.3	48	[3]	τὸ	_	_
3.3	49	[2]	δ	_	_
3.3	50	[3]	’	b	_
3.3	51	[4]	,	b	_
3.3	52	[1]	ὅπερ	_	_
3.3	53	[1]	ὁ	_	_
3.3	54	[1]	Χρύσιππος	_	_
3.3	55	[1]	σπουδάζει	_	_
3.3	56	[5]	,	b	_
3.3	57	[1]	κατασκευάζειν	_	_
3.3	58	[1]	ἐπιχειροῦντι	_	_
3.3	59	[1]	πρὸς	_	_
3.3	60	[1]	ἐναντιώματος	_	_
3.3	61	[2]	ἂν	_	_
3.3	62	[1]	εἴη	_	_
3.3	63	[6]	,	b	_
3.3	64	[1]	καὶ	_	_
3.3	65	[1]	μάλισθ	_	_
3.3	66	[4]	’	b	_
3.3	67	[1]	ὅσα	_	_
3.3	68	[1]	φανερῶς	_	_
3.3	69	[1]	ἐπιτιμῶντα	_	_
3.3	70	[1]	ποιεῖ	_	_
3.3	71	[3]	τὸν	_	_
3.3	72	[1]	λογισμὸν	_	_
3.3	73	[2]	τῷ	_	_
3.3	74	[1]	θυμῷ	_	_
3.3	75	[7]	,	b	_
3.3	76	[1]	καθάπερ	_	_
3.3	77	[2]	καὶ	_	_
3.3	78	[1]	τάδε	_	_
3.3	79	[2]	.	b	_
3.3	80	[1]	Στῆθος	_	_
3.3	81	[2]	δὲ	_	_
3.3	82	[1]	πλήξας	_	_
3.3	83	[1]	κραδίην	_	_
3.3	84	[1]	ἠνίπαπε	_	_
3.3	85	[1]	μύθῳ	_	_
3.3	86	[3]	·	b	_
3.3	87	[1]	Τέτλαθι	_	_
3.3	88	[1]	δὴ	_	_
3.3	89	[8]	,	b	_
3.3	90	[1]	κραδίη	_	_
3.3	91	[9]	,	b	_
3.3	92	[3]	καὶ	_	_
3.3	93	[1]	κύντερον	_	_
3.3	94	[1]	ἄλλο	_	_
3.3	95	[1]	ποτ	_	_
3.3	96	[5]	’	b	_
3.3	97	[1]	ἔτλης	_	_
3.3	98	[3]	.	b	_
3.3	99	[2]	ταυτὶ	_	_
3.3	100	[2]	γὰρ	_	_
3.3	101	[1]	Ὅμηρος	_	_
3.3	102	[4]	·	b	_
3.3	103	[1]	ἐποίησε	_	_
3.3	104	[4]	τὸν	_	_
3.3	105	[1]	Ὀδυσσέα	_	_
3.3	106	[1]	λέγοντα	_	_
3.3	107	[2]	πρὸς	_	_
3.3	108	[1]	ἑαυτὸν	_	_
3.3	109	[10]	,	b	_
3.3	110	[1]	ἡνίκ	_	_
3.3	111	[6]	’	b	_
3.3	112	[1]	ἐφ	_	_
3.3	113	[7]	’	b	_
3.3	114	[1]	οἷς	_	_
3.3	115	[1]	ἑώρα	_	_
3.3	116	[2]	κατὰ	_	_
3.3	117	[1]	τὴν	_	_
3.3	118	[1]	οἰκίαν	_	_
3.3	119	[1]	πραττομένοις	_	_
3.3	120	[1]	ὑπὸ	_	_
3.3	121	[1]	τῶν	_	_
3.3	122	[1]	θεραπαινῶν	_	_
3.3	123	[1]	ἀνέζεσέ	_	_
3.3	124	[1]	τε	_	_
3.3	125	[4]	τὸ	_	_
3.3	126	[3]	κατὰ	_	_
3.3	127	[2]	τὴν	_	_
3.3	128	[1]	καρδίαν	_	_
3.3	129	[1]	αὐτοῦ	_	_
3.3	130	[1]	θερμὸν	_	_
3.3	131	[11]	,	b	_
3.3	132	[1]	ἔμελλέ	_	_
3.3	133	[2]	τε	_	_
3.3	134	[1]	νικήσας	_	_
3.3	135	[2]	ὁ	_	_
3.3	136	[1]	θυμὸς	_	_
3.3	137	[5]	τὸν	_	_
3.3	138	[2]	λογισμὸν	_	_
3.3	139	[1]	ἐπ	_	_
3.3	140	[8]	’	b	_
3.3	141	[1]	ἄκαιρον	_	_
3.3	142	[1]	κόλασιν	_	_
3.3	143	[1]	ἄξειν	_	_
3.3	144	[1]	αὐτὸν	_	_
3.3	145	[2]	τῶν	_	_
3.3	146	[1]	γυναικῶν	_	_
3.3	147	[4]	.	b	_
3.3	148	[1]	ὃν	_	_
3.3	149	[3]	γὰρ	_	_
3.3	150	[1]	ἱππεὺς	_	_
3.3	151	[3]	πρὸς	_	_
3.3	152	[1]	ἵππον	_	_
3.3	153	[12]	,	b	_
3.3	154	[1]	ἢ	_	_
3.3	155	[1]	κυνηγέτης	_	_
3.3	156	[4]	πρὸς	_	_
3.3	157	[1]	κύνα	_	_
3.3	158	[1]	λόγον	_	_
3.3	159	[1]	ἔχουσιν	_	_
3.3	160	[13]	,	b	_
3.3	161	[1]	τοῦτον	_	_
3.3	162	[3]	ὁ	_	_
3.3	163	[1]	λογισμὸς	_	_
3.3	164	[5]	πρὸς	_	_
3.3	165	[1]	θυμόν	_	_
3.3	166	[5]	.	b	_
3.3	167	[1]	ἄρχειν	_	_
3.3	168	[3]	μὲν	_	_
3.3	169	[4]	γὰρ	_	_
3.3	170	[1]	ἐν	_	_
3.3	171	[1]	ἅπασι	_	_
3.3	172	[4]	καὶ	_	_
3.3	173	[1]	κρατεῖν	_	_
3.3	174	[1]	ἐστι	_	_
3.3	175	[1]	δικαιότερον	_	_
3.3	176	[5]	τὸ	_	_
3.3	177	[1]	φύσει	_	_
3.3	178	[1]	κρεῖττον	_	_
3.3	179	[14]	,	b	_
3.3	180	[2]	ἱππεὺς	_	_
3.3	181	[4]	μὲν	_	_
3.3	182	[1]	ἵππου	_	_
3.3	183	[15]	,	b	_
3.3	184	[2]	κυνηγέτης	_	_
3.3	185	[3]	δὲ	_	_
3.3	186	[1]	κυνὸς	_	_
3.3	187	[16]	,	b	_
3.3	188	[2]	λογισμὸς	_	_
3.3	189	[4]	δὲ	_	_
3.3	190	[1]	θυμοῦ	_	_
3.3	191	[17]	,	b	_
3.3	192	[1]	συμβαίνει	_	_
3.3	193	[3]	δ	_	_
3.3	194	[9]	’	b	_
3.3	195	[1]	οὐκ	_	_
3.3	196	[1]	ἀεὶ	_	_
3.3	197	[1]	νόμῳ	_	_
3.3	198	[1]	φύσεως	_	_
3.3	199	[1]	διοικεῖσθαι	_	_
3.3	200	[3]	τὴν	_	_
3.3	201	[1]	συζυγίαν	_	_
3.3	202	[18]	,	b	_
3.3	203	[1]	ἀλλ	_	_
3.3	204	[10]	’	b	_
3.3	205	[1]	ἵππος	_	_
3.3	206	[5]	μὲν	_	_
3.3	207	[1]	ἐνίοτε	_	_
3.3	208	[1]	δυσπειθὴς	_	_
3.3	209	[1]	οὐ	_	_
3.3	210	[4]	κατὰ	_	_
3.3	211	[1]	κόσμον	_	_
3.3	212	[1]	ἐκφερόμενος	_	_
3.3	213	[1]	συναπήνεγκεν	_	_
3.3	214	[1]	αὑτῷ	_	_
3.3	215	[6]	τὸν	_	_
3.3	216	[1]	ἀναβάτην	_	_
3.3	217	[1]	ἀῤῥωστίᾳ	_	_
3.3	218	[1]	δυνάμεως	_	_
3.3	219	[2]	ἢ	_	_
3.3	220	[1]	ἐπιστήμης	_	_
3.3	221	[1]	ἱππικῆς	_	_
3.3	222	[1]	ἀμαθίᾳ	_	_
3.3	223	[1]	νικηθέντα	_	_
3.3	224	[19]	,	b	_
3.3	225	[2]	θυμὸς	_	_
3.3	226	[5]	δὲ	_	_
3.3	227	[1]	ἰσχυρὸς	_	_
3.3	228	[5]	καὶ	_	_
3.3	229	[1]	ἐπὶ	_	_
3.3	230	[1]	τιμωρίαν	_	_
3.3	231	[2]	ἄκαιρον	_	_
3.3	232	[1]	ἐξορμήσας	_	_
3.3	233	[1]	σφοδρότερον	_	_
3.3	234	[1]	ἔστιν	_	_
3.3	235	[1]	ὅτε	_	_
3.3	236	[1]	συνεπεσπάσατο	_	_
3.3	237	[3]	λογισμὸν	_	_
3.3	238	[1]	ἄῤῥωστον	_	_
3.3	239	[3]	ἢ	_	_
3.3	240	[1]	ἀμαθῆ	_	_
3.3	241	[6]	.	b	_
3.3	242	[1]	εἰ	_	_
3.3	243	[6]	μὲν	_	_
3.3	244	[5]	γὰρ	_	_
3.3	245	[6]	καὶ	_	_
3.3	246	[1]	ῥώμην	_	_
3.3	247	[7]	καὶ	_	_
3.3	248	[1]	ἐπιστήμην	_	_
3.3	249	[1]	ἔχοι	_	_
3.3	250	[20]	,	b	_
3.3	251	[1]	κρατήσει	_	_
3.3	252	[1]	πάντως	_	_
3.3	253	[1]	ὅ	_	_
3.3	254	[3]	τε	_	_
3.3	255	[3]	λογισμὸς	_	_
3.3	256	[1]	|τοῦ	_	_
3.3	257	[2]	θυμοῦ	_	_
3.3	258	[8]	καὶ	_	_
3.3	259	[4]	ὁ	_	_
3.3	260	[1]	ἡνίοχος	_	_
3.3	261	[1]	τοῦ	_	_
3.3	262	[2]	ἵππου	_	_
3.3	263	[5]	·	b	_
3.3	264	[2]	εἰ	_	_
3.3	265	[4]	δ	_	_
3.3	266	[11]	’	b	_
3.3	267	[1]	ἤτοι	_	_
3.3	268	[1]	θατέρου	_	_
3.3	269	[1]	τούτων	_	_
3.3	270	[4]	ἢ	_	_
3.3	271	[1]	ἀμφοῖν	_	_
3.3	272	[1]	στεροῖτο	_	_
3.3	273	[21]	,	b	_
3.3	274	[1]	κίνδυνος	_	_
3.3	275	[1]	ἐνταῦθα	_	_
3.3	276	[2]	τοῦ	_	_
3.3	277	[2]	φύσει	_	_
3.3	278	[1]	κρείττονος	_	_
3.3	279	[1]	ἐπικρατῆσαι	_	_
3.3	280	[6]	τὸ	_	_
3.3	281	[1]	χεῖρον	_	_
3.3	282	[22]	,	b	_
3.3	283	[1]	ὥσπερ	_	_
3.3	284	[2]	ἐν	_	_
3.3	285	[1]	Σκύθαις	_	_
3.3	286	[4]	τε	_	_
3.3	287	[9]	καὶ	_	_
3.3	288	[1]	Γαλάταις	_	_
3.3	289	[10]	καὶ	_	_
3.3	290	[1]	πολλοῖς	_	_
3.3	291	[1]	ἄλλοις	_	_
3.3	292	[1]	βαρβάροις	_	_
3.3	293	[1]	ἔθνεσιν	_	_
3.3	294	[5]	ὁ	_	_
3.3	295	[3]	θυμὸς	_	_
3.3	296	[1]	κρείττων	_	_
3.3	297	[3]	τοῦ	_	_
3.3	298	[1]	λογισμοῦ	_	_
3.3	299	[23]	,	b	_
3.3	300	[1]	παρ	_	_
3.3	301	[12]	’	b	_
3.3	302	[1]	ἡμῖν	_	_
3.3	303	[6]	δὲ	_	_
3.3	304	[1]	ἔν	_	_
3.3	305	[5]	τε	_	_
3.3	306	[1]	παισὶ	_	_
3.3	307	[11]	καὶ	_	_
3.3	308	[1]	τοῖς	_	_
3.3	309	[1]	ἀπαιδεύτοις	_	_
3.3	310	[1]	ἀνθρώποις	_	_
3.3	311	[7]	.	b	_
3.3	312	[2]	Ὅμηρος	_	_
3.3	313	[7]	δὲ	_	_
3.3	314	[2]	δὴ	_	_
3.3	315	[1]	τοῦτ	_	_
3.3	316	[13]	’	b	_
3.3	317	[1]	αὐτὸ	_	_
3.3	318	[1]	ἐπιδεῖξαι	_	_
3.3	319	[1]	βουλόμενος	_	_
3.3	320	[1]	Ἕκτορα	_	_
3.3	321	[7]	μὲν	_	_
3.3	322	[12]	καὶ	_	_
3.3	323	[1]	Ἀχιλλέα	_	_
3.3	324	[1]	καί	_	_
3.3	325	[1]	τινας	_	_
3.3	326	[1]	ἑτέρους	_	_
3.3	327	[1]	τοιούτους	_	_
3.3	328	[2]	θυμῷ	_	_
3.3	329	[1]	δουλεύοντας	_	_
3.3	330	[1]	ὑποτίθεται	_	_
3.3	331	[1]	νεανίσκους	_	_
3.3	332	[6]	·	b	_
3.3	333	[2]	Ὀδυσσέα	_	_
3.3	334	[8]	δὲ	_	_
3.3	335	[13]	καὶ	_	_
3.3	336	[1]	Πολυδάμαντα	_	_
3.3	337	[14]	καὶ	_	_
3.3	338	[1]	Νέστορα	_	_
3.3	339	[3]	τῷ	_	_
3.3	340	[1]	λογισμῷ	_	_
3.3	341	[1]	κρατοῦντας	_	_
3.3	342	[4]	τοῦ	_	_
3.3	343	[3]	θυμοῦ	_	_
3.3	344	[24]	,	b	_
3.3	345	[1]	πολλάκις	_	_
3.3	346	[8]	μὲν	_	_
3.3	347	[1]	οὕτως	_	_
3.3	348	[1]	ἰσχυρῶς	_	_
3.3	349	[25]	,	b	_
3.3	350	[1]	ὡς	_	_
3.3	351	[1]	μηδ	_	_
3.3	352	[14]	’	b	_
3.3	353	[1]	ἐξορμῆσαι	_	_
3.3	354	[6]	πρὸς	_	_
3.3	355	[1]	ἄλογόν	_	_
3.3	356	[1]	τινα	_	_
3.3	357	[1]	πρᾶξιν	_	_
3.3	358	[7]	τὸν	_	_
3.3	359	[1]	θυμὸν	_	_
3.3	360	[26]	,	b	_
3.3	361	[2]	ἔστιν	_	_
3.3	362	[2]	ὅτε	_	_
3.3	363	[5]	δ	_	_
3.3	364	[15]	’	b	_
3.3	365	[1]	ὁρμῶντα	_	_
3.3	366	[9]	μὲν	_	_
3.3	367	[27]	,	b	_
3.3	368	[2]	ἀλλ	_	_
3.3	369	[16]	’	b	_
3.3	370	[2]	ὑπὸ	_	_
3.3	371	[5]	τοῦ	_	_
3.3	372	[2]	λογισμοῦ	_	_
3.3	373	[1]	κατεχόμενον	_	_
3.3	374	[28]	,	b	_
3.3	375	[2]	ὥσπερ	_	_
3.3	376	[1]	κᾀν	_	_
3.3	377	[1]	τοῖσδε	_	_
3.3	378	[2]	τοῖς	_	_
3.3	379	[1]	ἔπεσιν	_	_
3.3	380	[3]	Ὀδυσσέα	_	_
3.3	381	[1]	πεποίηκεν	_	_
3.3	382	[8]	.	b	_
3.3	383	[1]	ἅπαντα	_	_
3.3	384	[6]	δ	_	_
3.3	385	[17]	’	b	_
3.3	386	[1]	ἐφεξῆς	_	_
3.3	387	[1]	αὐτὰ	_	_
3.3	388	[1]	παραγράψω	_	_
3.3	389	[9]	.	b	_
3.3	390	[1]	Ἔνθ	_	_
3.3	391	[18]	’	b	_
3.3	392	[1]	Ὀδυσεὺς	_	_
3.3	393	[1]	μνηστῆρσι	_	_
3.3	394	[1]	κακὰ	_	_
3.3	395	[1]	φρονέων	_	_
3.3	396	[1]	ἐνὶ	_	_
3.3	397	[3]	θυμῷ	_	_
3.3	398	[1]	Κεῖτ	_	_
3.3	399	[19]	’	b	_
3.3	400	[1]	ἐγρηγορέων	_	_
3.3	401	[7]	·	b	_
3.3	402	[1]	ταὶ	_	_
3.3	403	[7]	δ	_	_
3.3	404	[20]	’	b	_
3.3	405	[1]	ἐκ	_	_
3.3	406	[1]	μεγάροιο	_	_
3.3	407	[1]	γυναῖκες	_	_
3.3	408	[1]	Ἤϊσαν	_	_
3.3	409	[29]	,	b	_
3.3	410	[1]	αἳ	_	_
3.3	411	[1]	μνηστῆρσιν	_	_
3.3	412	[1]	ἐμισγέσκοντο	_	_
3.3	413	[1]	πάροιθεν	_	_
3.3	414	[30]	,	b	_
3.3	415	[1]	Ἀλλήλοισι	_	_
3.3	416	[1]	γέλωτα	_	_
3.3	417	[15]	καὶ	_	_
3.3	418	[1]	εὐφροσύνην	_	_
3.3	419	[1]	παρέχουσαι	_	_
3.3	420	[10]	.	b	_
3.3	421	[1]	Τοῦ	_	_
3.3	422	[8]	δ	_	_
3.3	423	[21]	’	b	_
3.3	424	[1]	ὠρίνετο	_	_
3.3	425	[4]	θυμὸς	_	_
3.3	426	[2]	ἐνὶ	_	_
3.3	427	[1]	στήθεσσι	_	_
3.3	428	[1]	φίλοισι	_	_
3.3	429	[11]	.	b	_
3.3	430	[1]	Πολλὰ	_	_
3.3	431	[9]	δὲ	_	_
3.3	432	[1]	μερμήριζε	_	_
3.3	433	[5]	κατὰ	_	_
3.3	434	[1]	φρένα	_	_
3.3	435	[16]	καὶ	_	_
3.3	436	[6]	κατὰ	_	_
3.3	437	[2]	θυμὸν	_	_
3.3	438	[31]	,	b	_
3.3	439	[1]	Ἠὲ	_	_
3.3	440	[1]	μεταΐξας	_	_
3.3	441	[1]	θάνατον	_	_
3.3	442	[1]	τεύξειν	_	_
3.3	443	[1]	ἑκάστῃ	_	_
3.3	444	[32]	,	b	_
3.3	445	[1]	Ἢ	_	_
3.3	446	[1]	ἔτ	_	_
3.3	447	[22]	’	b	_
3.3	448	[1]	ἐῷ	_	_
3.3	449	[2]	μνηστῆρσιν	_	_
3.3	450	[1]	ὑπερφιάλοισι	_	_
3.3	451	[1]	μιγῆναι	_	_
3.3	452	[1]	Ὕστατα	_	_
3.3	453	[17]	καὶ	_	_
3.3	454	[1]	πύματα	_	_
3.3	455	[8]	·	b	_
3.3	456	[2]	κραδίη	_	_
3.3	457	[1]	δέ	_	_
3.3	458	[1]	οἱ	_	_
3.3	459	[1]	ἔνδον	_	_
3.3	460	[1]	ὑλάκτει	_	_
3.3	461	[12]	.	b	_
3.3	462	[1]	Ὡς	_	_
3.3	463	[10]	δὲ	_	_
3.3	464	[1]	κύων	_	_
3.3	465	[1]	ἁπαλοῖσι	_	_
3.3	466	[1]	περὶ	_	_
3.3	467	[1]	σκυλάκεσσι	_	_
3.3	468	[1]	βεβῶσα	_	_
3.3	469	[1]	Ἄνδρ	_	_
3.3	470	[23]	’	b	_
3.3	471	[1]	ἀγνοιήσασ	_	_
3.3	472	[24]	’	b	_
3.3	473	[1]	ὑλάει	_	_
3.3	474	[1]	μέμονέν	_	_
3.3	475	[6]	τε	_	_
3.3	476	[1]	μάχεσθαι	_	_
3.3	477	[33]	,	b	_
3.3	478	[1]	Ὥς	_	_
3.3	479	[1]	ῥα	_	_
3.3	480	[6]	τοῦ	_	_
3.3	481	[2]	ἔνδον	_	_
3.3	482	[2]	ὑλάκτει	_	_
3.3	483	[1]	ἀγαζομένου	_	_
3.3	484	[2]	κακὰ	_	_
3.3	485	[1]	ἔργα	_	_
3.3	486	[13]	.	b	_
3.3	487	[2]	Στῆθος	_	_
3.3	488	[11]	δὲ	_	_
3.3	489	[2]	πλήξας	_	_
3.3	490	[2]	κραδίην	_	_
3.3	491	[2]	ἠνίπαπε	_	_
3.3	492	[2]	μύθῳ	_	_
3.3	493	[9]	·	b	_
3.3	494	[2]	Τέτλαθι	_	_
3.3	495	[3]	δὴ	_	_
3.3	496	[34]	,	b	_
3.3	497	[3]	κραδίη	_	_
3.3	498	[35]	,	b	_
3.3	499	[18]	καὶ	_	_
3.3	500	[2]	κύντερον	_	_
3.3	501	[2]	ἄλλο	_	_
3.3	502	[2]	ποτ	_	_
3.3	503	[25]	’	b	_
3.3	504	[2]	ἔτλης	_	_
3.3	505	[36]	,	b	_
3.3	506	[1]	Ἤματι	_	_
3.3	507	[4]	τῷ	_	_
3.3	508	[37]	,	b	_
3.3	509	[3]	ὅτε	_	_
3.3	510	[1]	τοι	_	_
3.3	511	[1]	μένος	_	_
3.3	512	[1]	ἄσχετος	_	_
3.3	513	[1]	ἤσθιε	_	_
3.3	514	[1]	Κύκλωψ	_	_
3.3	515	[1]	Ἰφθίμους	_	_
3.3	516	[1]	ἑτάρους	_	_
3.3	517	[38]	,	b	_
3.3	518	[1]	σὺ	_	_
3.3	519	[12]	δὲ	_	_
3.3	520	[3]	ἔτλης	_	_
3.3	521	[39]	,	b	_
3.3	522	[1]	ὄφρα	_	_
3.3	523	[1]	σε	_	_
3.3	524	[1]	μῆτις	_	_
3.3	525	[1]	Ἐξάγαγ	_	_
3.3	526	[26]	’	b	_
3.3	527	[1]	ἐξ	_	_
3.3	528	[1]	ἄντροιο	_	_
3.3	529	[1]	ὀϊόμενον	_	_
3.3	530	[1]	θανέεσθαι	_	_
3.3	531	[14]	.	b	_
3.3	532	[1]	Ὣς	_	_
3.3	533	[1]	ἔφατ	_	_
3.3	534	[27]	’	b	_
3.3	535	[3]	ἐν	_	_
3.3	536	[2]	στήθεσσι	_	_
3.3	537	[1]	καθαπτόμενος	_	_
3.3	538	[1]	φόλον	_	_
3.3	539	[1]	ἦτορ	_	_
3.3	540	[15]	.	b	_
3.3	541	[3]	εἰ	_	_
3.3	542	[1]	μὴ	_	_
3.3	543	[1]	σαφῶς	_	_
3.3	544	[4]	ἐν	_	_
3.3	545	[1]	τούτοις	_	_
3.3	546	[3]	Ὅμηρος	_	_
3.3	547	[1]	ἐκδιηγεῖται	_	_
3.3	548	[1]	μάχην	_	_
3.3	549	[4]	θυμοῦ	_	_
3.3	550	[7]	πρὸς	_	_
3.3	551	[4]	λογισμὸν	_	_
3.3	552	[1]	ἀνδρὶ	_	_
3.3	553	[1]	φρονίμῳ	_	_
3.3	554	[40]	,	b	_
3.3	555	[1]	καἰ	_	_
3.3	556	[1]	νίκην	_	_
3.3	557	[10]	μὲν	_	_
3.3	558	[7]	τοῦ	_	_
3.3	559	[3]	λογισμοῦ	_	_
3.3	560	[41]	,	b	_
3.3	561	[8]	τοῦ	_	_
3.3	562	[5]	θυμοῦ	_	_
3.3	563	[9]	δ	_	_
3.3	564	[28]	’	b	_
3.3	565	[1]	εὐπείθειαν	_	_
3.3	566	[8]	πρὸς	_	_
3.3	567	[2]	αὐτὸν	_	_
3.3	568	[42]	,	b	_
3.3	569	[1]	οὐδ	_	_
3.3	570	[29]	’	b	_
3.3	571	[1]	ἄλλ	_	_
3.3	572	[30]	’	b	_
3.3	573	[1]	οὐδὲν	_	_
3.3	574	[1]	ἄν	_	_
3.3	575	[1]	τις	_	_
3.3	576	[2]	ἡμῖν	_	_
3.3	577	[1]	συγχωρήσειεν	_	_
3.3	578	[1]	ἐκμανθάνειν	_	_
3.3	579	[9]	τοῦ	_	_
3.3	580	[1]	ποιητοῦ	_	_
3.3	581	[16]	.	b	_
3.3	582	[3]	τῶν	_	_
3.3	583	[6]	γὰρ	_	_
3.3	584	[2]	οὕτως	_	_
3.3	585	[1]	ἐναργῶς	_	_
3.3	586	[1]	λεγομένων	_	_
3.3	587	[1]	εἰς	_	_
3.3	588	[1]	ἀμφιβολίαν	_	_
3.3	589	[1]	ἀχθέντων	_	_
3.3	590	[43]	,	b	_
3.3	591	[1]	οὐδὲ	_	_
3.3	592	[3]	τοῖς	_	_
3.3	593	[2]	ἄλλοις	_	_
3.3	594	[3]	ἂν	_	_
3.3	595	[2]	ἔχοι	_	_
3.3	596	[2]	τις	_	_
3.3	597	[2]	ὅ	_	_
3.3	598	[1]	τι	_	_
3.3	599	[1]	χρήσαιτο	_	_
3.3	600	[17]	.	b	_
3.3	601	[1]	τὰς	_	_
3.3	602	[7]	γὰρ	_	_
3.3	603	[1]	θεραπαίνας	_	_
3.3	604	[1]	ἁμαρτανούσας	_	_
3.3	605	[1]	ὁρῶν	_	_
3.3	606	[1]	Ὀδυσσεὺς	_	_
3.3	607	[3]	ὑπὸ	_	_
3.3	608	[11]	μὲν	_	_
3.3	609	[10]	τοῦ	_	_
3.3	610	[6]	θυμοῦ	_	_
3.3	611	[1]	βιαίως	_	_
3.3	612	[1]	εἵλκετο	_	_
3.3	613	[9]	πρὸς	_	_
3.3	614	[4]	τὴν	_	_
3.3	615	[2]	τιμωρίαν	_	_
3.3	616	[1]	αὐτῶν	_	_
3.3	617	[44]	,	b	_
3.3	618	[4]	ὑπὸ	_	_
3.3	619	[13]	δὲ	_	_
3.3	620	[11]	τοῦ	_	_
3.3	621	[4]	λογισμοῦ	_	_
3.3	622	[1]	κατείχετο	_	_
3.3	623	[5]	τὴν	_	_
3.3	624	[1]	ἀκαιρίαν	_	_
3.3	625	[1]	ἐκδιδάσκοντος	_	_
3.3	626	[18]	.	b	_
3.3	627	[1]	ἐπεὶ	_	_
3.3	628	[10]	δ	_	_
3.3	629	[31]	’	b	_
3.3	630	[2]	οὐκ	_	_
3.3	631	[1]	ἠδύνατο	_	_
3.3	632	[1]	ῥᾳδίως	_	_
3.3	633	[1]	πείθειν	_	_
3.3	634	[6]	ὁ	_	_
3.3	635	[4]	λογισμὸς	_	_
3.3	636	[8]	τὸν	_	_
3.3	637	[3]	θυμὸν	_	_
3.3	638	[1]	ἀναβάλλεσθαι	_	_
3.3	639	[6]	τὴν	_	_
3.3	640	[3]	τιμωρίαν	_	_
3.3	641	[2]	εἰς	_	_
3.3	642	[1]	ἐπιτηδειότερον	_	_
3.3	643	[1]	καιρὸν	_	_
3.3	644	[45]	,	b	_
3.3	645	[2]	σφοδρότερον	_	_
3.3	646	[1]	αὐτῷ	_	_
3.3	647	[1]	προσφέρεται	_	_
3.3	648	[46]	,	b	_
3.3	649	[2]	καθάπερ	_	_
3.3	650	[2]	ἵππον	_	_
3.3	651	[1]	ἐκφερόμενον	_	_
3.3	652	[2]	ἡνίοχος	_	_
3.3	653	[1]	ἀντισπῶν	_	_
3.3	654	[2]	βιαίως	_	_
3.3	655	[1]	ἰσχυρῷ	_	_
3.3	656	[1]	χαλινῷ	_	_
3.3	657	[47]	,	b	_
3.3	658	[19]	καὶ	_	_
3.3	659	[4]	δὴ	_	_
3.3	660	[20]	καὶ	_	_
3.3	661	[1]	ταῦτά	_	_
3.3	662	[1]	φησι	_	_
3.3	663	[10]	πρὸς	_	_
3.3	664	[2]	ἑαυτὸν	_	_
3.3	665	[48]	,	b	_
3.3	666	[1]	καρτέρει	_	_
3.3	667	[7]	κατὰ	_	_
3.3	668	[7]	τὸ	_	_
3.3	669	[1]	παρὸν΄	_	_
3.3	670	[49]	,	b	_
3.3	671	[1]	ὦ	_	_
3.3	672	[1]	γενναιοτάτη	_	_
3.3	673	[1]	καρδία	_	_
3.3	674	[50]	,	b	_
3.3	675	[3]	καθάπερ	_	_
3.3	676	[1]	που	_	_
3.3	677	[21]	καὶ	_	_
3.3	678	[1]	πρότερον	_	_
3.3	679	[1]	ἐκαρτέρησας	_	_
3.3	680	[2]	ἐπὶ	_	_
3.3	681	[1]	Κύκλωπα	_	_
3.3	682	[51]	,	b	_
3.3	683	[1]	ὁρῶσα	_	_
3.3	684	[1]	τοὺς	_	_
3.3	685	[1]	ἑταίρους	_	_
3.3	686	[1]	ὑπ	_	_
3.3	687	[32]	’	b	_
3.3	688	[2]	αὐτοῦ	_	_
3.3	689	[1]	διαφθειρομένους	_	_
3.3	690	[19]	.	b	_
3.3	691	[1]	ἐμοὶ	_	_
3.3	692	[12]	μὲν	_	_
3.3	693	[5]	δὴ	_	_
3.3	694	[2]	τούτων	_	_
3.3	695	[4]	τῶν	_	_
3.3	696	[1]	ἐπῶν	_	_
3.3	697	[1]	εὐκαιρότατα	_	_
3.3	698	[13]	μὲν	_	_
3.3	699	[7]	ὁ	_	_
3.3	700	[1]	Πλάτων	_	_
3.3	701	[1]	δοκεῖ	_	_
3.3	702	[1]	μνημονεύειν	_	_
3.3	703	[5]	ἐν	_	_
3.3	704	[1]	τετάρτῳ	_	_
3.3	705	[1]	πολιτείας	_	_
3.3	706	[52]	,	b	_
3.3	707	[1]	ἀκαιρότατα	_	_
3.3	708	[11]	δ	_	_
3.3	709	[33]	’	b	_
3.3	710	[8]	ὁ	_	_
3.3	711	[2]	Χρύσιππος	_	_
3.3	712	[53]	,	b	_
3.3	713	[1]	ἔτι	_	_
3.3	714	[14]	δὲ	_	_
3.3	715	[1]	μᾶλλον	_	_
3.3	716	[1]	ὧν	_	_
3.3	717	[1]	Εὐριπίδης	_	_
3.3	718	[2]	ἐποίησε	_	_
3.3	719	[1]	λέγουσαν	_	_
3.3	720	[7]	τὴν	_	_
3.3	721	[1]	Μήδειαν	_	_
3.3	722	[54]	,	b	_
3.3	723	[1]	ἡνίκα	_	_
3.3	724	[22]	καὶ	_	_
3.3	725	[8]	κατὰ	_	_
3.3	726	[8]	τὴν	_	_
3.3	727	[1]	ἐκείνης	_	_
3.3	728	[1]	ψυχὴν	_	_
3.3	729	[9]	ὁ	_	_
3.3	730	[5]	λογισμὸς	_	_
3.3	731	[1]	ἐστασίαζε	_	_
3.3	732	[11]	πρὸς	_	_
3.3	733	[9]	τὸν	_	_
3.3	734	[2]	θυμόν	_	_
3.3	735	[20]	.	b	_
3.3	736	[1]	ᾔδει	_	_
3.3	737	[14]	μὲν	_	_
3.3	738	[8]	γὰρ	_	_
3.3	739	[55]	,	b	_
3.3	740	[2]	ὡς	_	_
3.3	741	[1]	ἀνόσιόν	_	_
3.3	742	[2]	τι	_	_
3.3	743	[23]	καὶ	_	_
3.3	744	[1]	δεινὸν	_	_
3.3	745	[1]	ἔργον	_	_
3.3	746	[1]	ἐργάζοιτο	_	_
3.3	747	[1]	τῇ	_	_
3.3	748	[5]	τῶν	_	_
3.3	749	[1]	παίδων	_	_
3.3	750	[1]	ἐπιχειροῦσα	_	_
3.3	751	[1]	σφαγῇ	_	_
3.3	752	[56]	,	b	_
3.3	753	[24]	καὶ	_	_
3.3	754	[1]	διὰ	_	_
3.3	755	[2]	τοῦτ	_	_
3.3	756	[34]	’	b	_
3.3	757	[1]	ὤκνει	_	_
3.3	758	[7]	τε	_	_
3.3	759	[25]	καὶ	_	_
3.3	760	[1]	ἀνεβάλλετο	_	_
3.3	761	[57]	,	b	_
3.3	762	[26]	καὶ	_	_
3.3	763	[3]	οὐκ	_	_
3.3	764	[1]	εὐθὺς	_	_
3.3	765	[1]	ὁρμήσασα	_	_
3.3	766	[1]	ἔπραξε	_	_
3.3	767	[1]	τοὖργον	_	_
3.3	768	[21]	.	b	_
3.3	769	[1]	αὖθις	_	_
3.3	770	[12]	δ	_	_
3.3	771	[35]	’	b	_
3.3	772	[1]	αὐτὴν	_	_
3.3	773	[10]	ὁ	_	_
3.3	774	[5]	θυμὸς	_	_
3.3	775	[58]	,	b	_
3.3	776	[3]	ὥσπερ	_	_
3.3	777	[3]	τις	_	_
3.3	778	[2]	ἵππος	_	_
3.3	779	[2]	δυσπειθὴς	_	_
3.3	780	[2]	νικήσας	_	_
3.3	781	[10]	τὸν	_	_
3.3	782	[1]	ἡνίοχον	_	_
3.3	783	[59]	,	b	_
3.3	784	[3]	ἐπὶ	_	_
3.3	785	[2]	τοὺς	_	_
3.3	786	[1]	παῖδας	_	_
3.3	787	[1]	εἷλκε	_	_
3.3	788	[1]	βίᾳ	_	_
3.3	789	[22]	.	b	_
3.3	790	[27]	καὶ	_	_
3.3	791	[1]	ἔπειτα	_	_
3.3	792	[1]	πάλιν	_	_
3.3	793	[11]	ὁ	_	_
3.3	794	[6]	λογισμὸς	_	_
3.3	795	[1]	ἀντέσπα	_	_
3.3	796	[8]	τε	_	_
3.3	797	[28]	καὶ	_	_
3.3	798	[1]	ἀπῆγεν	_	_
3.3	799	[60]	,	b	_
3.3	800	[1]	εἶτ	_	_
3.3	801	[36]	’	b	_
3.3	802	[2]	αὖθις	_	_
3.3	803	[1]	ἀνθεῖλκεν	_	_
3.3	804	[12]	ὁ	_	_
3.3	805	[6]	θυμὸς	_	_
3.3	806	[61]	,	b	_
3.3	807	[2]	εἶτ	_	_
3.3	808	[37]	’	b	_
3.3	809	[3]	αὖθις	_	_
3.3	810	[13]	ὁ	_	_
3.3	811	[1]	λογισμός	_	_
3.3	812	[23]	.	b	_
3.3	813	[1]	ὥστε	_	_
3.3	814	[2]	πολλάκις	_	_
3.3	815	[1]	ἄνω	_	_
3.3	816	[29]	καὶ	_	_
3.3	817	[1]	κάτω	_	_
3.3	818	[12]	πρὸς	_	_
3.3	819	[2]	ἀμφοῖν	_	_
3.3	820	[1]	ἀγομένη	_	_
3.3	821	[3]	ὡς	_	_
3.3	822	[1]	συνεχώρησε	_	_
3.3	823	[5]	τῷ	_	_
3.3	824	[4]	θυμῷ	_	_
3.3	825	[62]	,	b	_
3.3	826	[1]	τηνικαῦτα	_	_
3.3	827	[2]	ποιεῖ	_	_
3.3	828	[2]	λέγουσαν	_	_
3.3	829	[14]	ὁ	_	_
3.3	830	[2]	Εὐριπίδης	_	_
3.3	831	[1]	αὐτήν	_	_
3.3	832	[10]	·	b	_
3.3	833	[1]	Καὶ	_	_
3.3	834	[1]	μανθάνω	_	_
3.3	835	[15]	μὲν	_	_
3.3	836	[63]	,	b	_
3.3	837	[1]	οἷα	_	_
3.3	838	[1]	δρᾷν	_	_
3.3	839	[1]	μέλλω	_	_
3.3	840	[3]	κακὰ	_	_
3.3	841	[64]	,	b	_
3.3	842	[1]	Θυμὸς	_	_
3.3	843	[15]	δὲ	_	_
3.3	844	[2]	κρείττων	_	_
3.3	845	[6]	τῶν	_	_
3.3	846	[1]	ἐμῶν	_	_
3.3	847	[1]	βουλευμάτων	_	_
3.3	848	[24]	.	b	_
3.3	849	[1]	μανθάνει	_	_
3.3	850	[16]	μὲν	_	_
3.3	851	[1]	δή	_	_
3.3	852	[1]	πού	_	_
3.3	853	[3]	τι	_	_
3.3	854	[8]	τὸ	_	_
3.3	855	[1]	μέγεθος	_	_
3.3	856	[2]	ὧν	_	_
3.3	857	[1]	μέλλει	_	_
3.3	858	[1]	δράσειν	_	_
3.3	859	[1]	κακῶν	_	_
3.3	860	[65]	,	b	_
3.3	861	[5]	ὑπὸ	_	_
3.3	862	[12]	τοῦ	_	_
3.3	863	[5]	λογισμοῦ	_	_
3.3	864	[1]	διδασκομένη	_	_
3.3	865	[66]	,	b	_
3.3	866	[1]	κρείττονα	_	_
3.3	867	[13]	δ	_	_
3.3	868	[38]	’	b	_
3.3	869	[1]	εἶναι	_	_
3.3	870	[2]	φησι	_	_
3.3	871	[3]	αὐτοῦ	_	_
3.3	872	[11]	τὸν	_	_
3.3	873	[4]	θυμὸν	_	_
3.3	874	[67]	,	b	_
3.3	875	[30]	καὶ	_	_
3.3	876	[2]	διὰ	_	_
3.3	877	[1]	τοῦθ	_	_
3.3	878	[39]	’	b	_
3.3	879	[2]	ὑπ	_	_
3.3	880	[40]	’	b	_
3.3	881	[1]	ἐκείνου	_	_
3.3	882	[13]	πρὸς	_	_
3.3	883	[2]	τοὖργον	_	_
3.3	884	[1]	ἀπάγεσθαι	_	_
3.3	885	[3]	βιαίως	_	_
3.3	886	[68]	,	b	_
3.3	887	[1]	ἔμπαλιν	_	_
3.3	888	[1]	Ὀδυσσεῖ	_	_
3.3	889	[6]	τῷ	_	_
3.3	890	[2]	λογισμῷ	_	_
3.3	891	[12]	τὸν	_	_
3.3	892	[5]	θυμὸν	_	_
3.3	893	[1]	ἐπισχόντι	_	_
3.3	894	[25]	.	b	_
3.3	895	[1]	βαρβάρων	_	_
3.3	896	[17]	μὲν	_	_
3.3	897	[9]	γὰρ	_	_
3.3	898	[31]	καὶ	_	_
3.3	899	[1]	ἀπαιδεύτων	_	_
3.3	900	[1]	ἀνθρώπων	_	_
3.3	901	[1]	ἔθετο	_	_
3.3	902	[1]	παράδειγμα	_	_
3.3	903	[9]	τὴν	_	_
3.3	904	[2]	Μήδειαν	_	_
3.3	905	[3]	Εὐριπίδης	_	_
3.3	906	[69]	,	b	_
3.3	907	[2]	οἷς	_	_
3.3	908	[15]	ὁ	_	_
3.3	909	[7]	θυμὸς	_	_
3.3	910	[1]	ἰσχυρότερος	_	_
3.3	911	[13]	τοῦ	_	_
3.3	912	[6]	λογισμοῦ	_	_
3.3	913	[11]	·	b	_
3.3	914	[1]	Ἑλλήνων	_	_
3.3	915	[16]	δὲ	_	_
3.3	916	[32]	καὶ	_	_
3.3	917	[1]	πεπαιδευμένων	_	_
3.3	918	[70]	,	b	_
3.3	919	[1]	οἷον	_	_
3.3	920	[1]	περ	_	_
3.3	921	[1]	αὖ	_	_
3.3	922	[2]	πάλιν	_	_
3.3	923	[16]	ὁ	_	_
3.3	924	[1]	ποιητὴς	_	_
3.3	925	[1]	ὑπέθετο	_	_
3.3	926	[13]	τὸν	_	_
3.3	927	[4]	Ὀδυσσέα	_	_
3.3	928	[71]	,	b	_
3.3	929	[3]	κρείττων	_	_
3.3	930	[17]	ὁ	_	_
3.3	931	[7]	λογισμὸς	_	_
3.3	932	[14]	τοῦ	_	_
3.3	933	[7]	θυμοῦ	_	_
3.3	934	[26]	.	b	_
3.3	935	[3]	πολλάκις	_	_
3.3	936	[18]	μὲν	_	_
3.3	937	[2]	οὖν	_	_
3.3	938	[18]	ὁ	_	_
3.3	939	[8]	λογισμὸς	_	_
3.3	940	[3]	εἰς	_	_
3.3	941	[1]	τοσοῦτον	_	_
3.3	942	[15]	τοῦ	_	_
3.3	943	[1]	θυμοειδοῦς	_	_
3.3	944	[1]	μέρους	_	_
3.3	945	[2]	τῆς	_	_
3.3	946	[1]	ψυχῆς	_	_
3.3	947	[4]	κρείττων	_	_
3.3	948	[2]	ἐστὶν	_	_
3.3	949	[72]	,	b	_
3.3	950	[4]	ὡς	_	_
3.3	951	[1]	μηδέποτε	_	_
3.3	952	[2]	μάχην	_	_
3.3	953	[1]	αὐτοῖς	_	_
3.3	954	[1]	γίγνεσθαι	_	_
3.3	955	[14]	πρὸς	_	_
3.3	956	[1]	ἀλλήλους	_	_
3.3	957	[73]	,	b	_
3.3	958	[1]	ἀλλὰ	_	_
3.3	959	[14]	τὸν	_	_
3.3	960	[19]	μὲν	_	_
3.3	961	[2]	ἄρχειν	_	_
3.3	962	[74]	,	b	_
3.3	963	[15]	τὸν	_	_
3.3	964	[17]	δὲ	_	_
3.3	965	[1]	ἄρχεσθαι	_	_
3.3	966	[27]	.	b	_
3.3	967	[33]	καὶ	_	_
3.3	968	[1]	τοῦτο	_	_
3.3	969	[20]	μὲν	_	_
3.3	970	[4]	τοῖς	_	_
3.3	971	[4]	εἰς	_	_
3.3	972	[1]	τέλος	_	_
3.3	973	[1]	ἥκουσι	_	_
3.3	974	[1]	φιλοσοφίας	_	_
3.3	975	[1]	ὑπάρχει	_	_
3.3	976	[28]	.	b	_
3.3	977	[4]	πολλάκις	_	_
3.3	978	[14]	δ	_	_
3.3	979	[41]	’	b	_
3.3	980	[19]	ὁ	_	_
3.3	981	[8]	θυμὸς	_	_
3.3	982	[16]	τοῦ	_	_
3.3	983	[7]	λογισμοῦ	_	_
3.3	984	[1]	κρατεῖ	_	_
3.3	985	[2]	τοσοῦτον	_	_
3.3	986	[75]	,	b	_
3.3	987	[5]	ὡς	_	_
3.3	988	[3]	ἄρχειν	_	_
3.3	989	[9]	τε	_	_
3.3	990	[34]	καὶ	_	_
3.3	991	[1]	ἡγεῖσθαι	_	_
3.3	992	[3]	διὰ	_	_
3.3	993	[1]	παντός	_	_
3.3	994	[29]	.	b	_
3.3	995	[1]	ὁρᾶται	_	_
3.3	996	[15]	δ	_	_
3.3	997	[42]	’	b	_
3.3	998	[2]	ἔν	_	_
3.3	999	[10]	τε	_	_
3.3	1000	[2]	πολλοῖς	_	_
3.3	1001	[7]	τῶν	_	_
3.3	1002	[2]	βαρβάρων	_	_
3.3	1003	[2]	τοῦτο	_	_
3.3	1004	[35]	καὶ	_	_
3.3	1005	[8]	τῶν	_	_
3.3	1006	[2]	παίδων	_	_
3.3	1007	[5]	τοῖς	_	_
3.3	1008	[3]	φύσει	_	_
3.3	1009	[1]	θυμικοῖς	_	_
3.3	1010	[76]	,	b	_
3.3	1011	[2]	ἔτι	_	_
3.3	1012	[18]	δὲ	_	_
3.3	1013	[1]	θηρίων	_	_
3.3	1014	[4]	οὐκ	_	_
3.3	1015	[1]	ὀλίγοις	_	_
3.3	1016	[77]	,	b	_
3.3	1017	[36]	καὶ	_	_
3.3	1018	[2]	ἀνθρώπων	_	_
3.3	1019	[6]	τοῖς	_	_
3.3	1020	[1]	θηριώδεσιν	_	_
3.3	1021	[30]	.	b	_
3.3	1022	[3]	ἔστιν	_	_
3.3	1023	[4]	ὅτε	_	_
3.3	1024	[19]	δὲ	_	_
3.3	1025	[1]	οὐδέτερον	_	_
3.3	1026	[5]	εἰς	_	_
3.3	1027	[3]	τοσοῦτον	_	_
3.3	1028	[1]	ἰσχυρότερόν	_	_
3.3	1029	[1]	ἐστιν	_	_
3.3	1030	[78]	,	b	_
3.3	1031	[6]	ὡς	_	_
3.3	1032	[1]	ἐφέλκεσθαι	_	_
3.3	1033	[1]	παραχρῆμα	_	_
3.3	1034	[1]	θάτερον	_	_
3.3	1035	[79]	,	b	_
3.3	1036	[3]	ἀλλ	_	_
3.3	1037	[43]	’	b	_
3.3	1038	[1]	ἐναντιοῦταί	_	_
3.3	1039	[11]	τε	_	_
3.3	1040	[15]	πρὸς	_	_
3.3	1041	[1]	ἄλληλα	_	_
3.3	1042	[37]	καὶ	_	_
3.3	1043	[1]	διαμάχεται	_	_
3.3	1044	[80]	,	b	_
3.3	1045	[38]	καὶ	_	_
3.3	1046	[1]	νικᾷ	_	_
3.3	1047	[7]	τῷ	_	_
3.3	1048	[1]	χρόνῳ	_	_
3.3	1049	[2]	θάτερον	_	_
3.3	1050	[81]	,	b	_
3.3	1051	[2]	ἐπ	_	_
3.3	1052	[44]	’	b	_
3.3	1053	[1]	Ὀδυσσέως	_	_
3.3	1054	[21]	μὲν	_	_
3.3	1055	[20]	ὁ	_	_
3.3	1056	[9]	λογισμὸς	_	_
3.3	1057	[82]	,	b	_
3.3	1058	[4]	ἐπὶ	_	_
3.3	1059	[1]	Μηδείας	_	_
3.3	1060	[16]	δ	_	_
3.3	1061	[45]	’	b	_
3.3	1062	[21]	ὁ	_	_
3.3	1063	[9]	θυμὸς	_	_
3.3	1064	[83]	,	b	_
3.3	1065	[7]	ὡς	_	_
3.3	1066	[1]	δύο	_	_
3.3	1067	[1]	ὄντα	_	_
3.3	1068	[2]	αὐτὰ	_	_
3.3	1069	[1]	μόρια	_	_
3.3	1070	[3]	τῆς	_	_
3.3	1071	[2]	ψυχῆς	_	_
3.3	1072	[84]	,	b	_
3.3	1073	[5]	ἢ	_	_
3.3	1074	[85]	,	b	_
3.3	1075	[4]	εἰ	_	_
3.3	1076	[2]	μὴ	_	_
3.3	1077	[2]	μόρια	_	_
3.3	1078	[86]	,	b	_
3.3	1079	[2]	πάντως	_	_
3.3	1080	[1]	γε	_	_
3.3	1081	[1]	δυνάμεις	_	_
3.3	1082	[1]	τινές	_	_
3.3	1083	[31]	.	b	_
3.3	1084	[22]	ὁ	_	_
3.3	1085	[20]	δὲ	_	_
3.3	1086	[3]	Χρύσιππος	_	_
3.3	1087	[1]	οὔτε	_	_
3.3	1088	[3]	μόρια	_	_
3.3	1089	[3]	ψυχῆς	_	_
3.3	1090	[1]	ταῦτ	_	_
3.3	1091	[46]	’	b	_
3.3	1092	[2]	εἶναι	_	_
3.3	1093	[1]	νομίζων	_	_
3.3	1094	[87]	,	b	_
3.3	1095	[2]	οὔτε	_	_
3.3	1096	[2]	δυνάμεις	_	_
3.3	1097	[1]	ἀλόγους	_	_
3.3	1098	[1]	ἑτέρας	_	_
3.3	1099	[4]	τῆς	_	_
3.3	1100	[1]	λογικῆς	_	_
3.3	1101	[88]	,	b	_
3.3	1102	[1]	ὅμως	_	_
3.3	1103	[5]	οὐκ	_	_
3.3	1104	[1]	ὀκνεῖ	_	_
3.3	1105	[9]	τῶν	_	_
3.3	1106	[2]	Ὀδυσσέως	_	_
3.3	1107	[12]	τε	_	_
3.3	1108	[39]	καὶ	_	_
3.3	1109	[2]	Μηδείας	_	_
3.3	1110	[2]	ἐπῶν	_	_
3.3	1111	[2]	μνημονεύειν	_	_
3.3	1112	[89]	,	b	_
3.3	1113	[2]	ἐναργῶς	_	_
3.3	1114	[1]	καταβαλλόντων	_	_
3.3	1115	[10]	τὴν	_	_
3.3	1116	[1]	δόξαν	_	_
3.3	1117	[4]	αὐτοῦ	_	_
3.3	1118	[32]	.	b	_
3.3	1119	[1]	πῶς	_	_
3.3	1120	[4]	ἂν	_	_
3.3	1121	[3]	οὖν	_	_
3.3	1122	[4]	τις	_	_
3.3	1123	[3]	ἔτι	_	_
3.3	1124	[1]	διαλέγοιτο	_	_
3.3	1125	[1]	τοιούτοις	_	_
3.3	1126	[1]	ἀνδράσι	_	_
3.3	1127	[1]	μήτε	_	_
3.3	1128	[10]	τῶν	_	_
3.3	1129	[3]	ἐναργῶς	_	_
3.3	1130	[1]	φαινομένων	_	_
3.3	1131	[1]	φροντίζουσιν	_	_
3.3	1132	[90]	,	b	_
3.3	1133	[8]	ὡς	_	_
3.3	1134	[1]	ἤδη	_	_
3.3	1135	[5]	πολλάκις	_	_
3.3	1136	[1]	ἔδειξα	_	_
3.3	1137	[91]	,	b	_
3.3	1138	[40]	καὶ	_	_
3.3	1139	[11]	τῶν	_	_
3.3	1140	[1]	ἐξελεγχόντων	_	_
3.3	1141	[1]	τὰ	_	_
3.3	1142	[1]	δόγματ	_	_
3.3	1143	[47]	’	b	_
3.3	1144	[2]	αὐτῶν	_	_
3.3	1145	[9]	ὡς	_	_
3.3	1146	[1]	μαρτυρούντων	_	_
3.3	1147	[1]	μνημονεύουσιν	_	_
3.3	1148	[1]	;	b	_
3.3	1149	[1]	ἐμπέπλησται	_	_
3.3	1150	[10]	γὰρ	_	_
3.3	1151	[23]	ὁ	_	_
3.3	1152	[2]	περὶ	_	_
3.3	1153	[1]	ἡγεμονικοῦ	_	_
3.3	1154	[1]	λόγος	_	_
3.3	1155	[6]	ὑπὸ	_	_
3.3	1156	[1]	Χρυσίππου	_	_
3.3	1157	[1]	γεγραμμένος	_	_
3.3	1158	[3]	ἐπῶν	_	_
3.3	1159	[1]	ποιητικῶν	_	_
3.3	1160	[2]	ἤτοι	_	_
3.3	1161	[2]	τὰ	_	_
3.3	1162	[1]	πάθη	_	_
3.3	1163	[3]	περὶ	_	_
3.3	1164	[16]	τὸν	_	_
3.3	1165	[1]	θώρακά	_	_
3.3	1166	[13]	τε	_	_
3.3	1167	[41]	καὶ	_	_
3.3	1168	[11]	τὴν	_	_
3.3	1169	[2]	καρδίαν	_	_
3.3	1170	[1]	συνίστασθαι	_	_
3.3	1171	[2]	μαρτυρούντων	_	_
3.3	1172	[92]	,	b	_
3.3	1173	[6]	ἢ	_	_
3.3	1174	[2]	δύο	_	_
3.3	1175	[3]	εἶναι	_	_
3.3	1176	[5]	τῆς	_	_
3.3	1177	[4]	ψυχῆς	_	_
3.3	1178	[3]	δυνάμεις	_	_
3.3	1179	[1]	ὅλῳ	_	_
3.3	1180	[8]	τῷ	_	_
3.3	1181	[1]	γένει	_	_
3.3	1182	[1]	διαφερούσας	_	_
3.3	1183	[1]	ἀλλήλων	_	_
3.3	1184	[93]	,	b	_
3.3	1185	[12]	τὴν	_	_
3.3	1186	[22]	μὲν	_	_
3.3	1187	[1]	ἄλογον	_	_
3.3	1188	[94]	,	b	_
3.3	1189	[13]	τὴν	_	_
3.3	1190	[21]	δὲ	_	_
3.3	1191	[1]	λογικήν	_	_
3.3	1192	[33]	.	b	_
3.3	1193	[4]	ὥσπερ	_	_
3.3	1194	[11]	γὰρ	_	_
3.3	1195	[2]	ἐξ	_	_
3.3	1196	[1]	Ὁμήρου	_	_
3.3	1197	[42]	καὶ	_	_
3.3	1198	[1]	Ἡσιόδου	_	_
3.3	1199	[1]	βραχέα	_	_
3.3	1200	[1]	παρεθέμην	_	_
3.3	1201	[1]	ὀλίγῳ	_	_
3.3	1202	[1]	πρόσθεν	_	_
3.3	1203	[3]	ὧν	_	_
3.3	1204	[24]	ὁ	_	_
3.3	1205	[4]	Χρύσιππος	_	_
3.3	1206	[1]	ἔγραψεν	_	_
3.3	1207	[95]	,	b	_
3.3	1208	[1]	οὕτω	_	_
3.3	1209	[3]	ἐξ	_	_
3.3	1210	[1]	Ὀρφέως	_	_
3.3	1211	[43]	καὶ	_	_
3.3	1212	[1]	Ἐμπεδοκλέους	_	_
3.3	1213	[44]	καὶ	_	_
3.3	1214	[1]	Τυρταίου	_	_
3.3	1215	[45]	καὶ	_	_
3.3	1216	[1]	Στησιχόρου	_	_
3.3	1217	[46]	καὶ	_	_
3.3	1218	[1]	Εὐριπίδου	_	_
3.3	1219	[47]	καὶ	_	_
3.3	1220	[1]	ἑτέρων	_	_
3.3	1221	[1]	ποιητῶν	_	_
3.3	1222	[4]	ἐπῶν	_	_
3.3	1223	[1]	μνημονεύει	_	_
3.3	1224	[1]	παμπόλλων	_	_
3.3	1225	[1]	ὁμοίαν	_	_
3.3	1226	[1]	ἐχόντων	_	_
3.3	1227	[1]	ἀτοπίαν	_	_
3.3	1228	[96]	,	b	_
3.3	1229	[2]	οἷον	_	_
3.3	1230	[48]	καὶ	_	_
3.3	1231	[1]	ὅταν	_	_
3.3	1232	[1]	εἴπῃ	_	_
3.3	1233	[1]	Τυρταῖον	_	_
3.3	1234	[2]	λέγοντα	_	_
3.3	1235	[12]	·	b	_
3.3	1236	[1]	Αἴθωνος	_	_
3.3	1237	[22]	δὲ	_	_
3.3	1238	[1]	λέοντος	_	_
3.3	1239	[1]	ἔχων	_	_
3.3	1240	[6]	ἐν	_	_
3.3	1241	[1]	στήθεσι	_	_
3.3	1242	[3]	θυμόν	_	_
3.3	1243	[34]	.	b	_
3.3	1244	[1]	ὅτι	_	_
3.3	1245	[23]	μὲν	_	_
3.3	1246	[12]	γὰρ	_	_
3.3	1247	[1]	ἔχει	_	_
3.3	1248	[25]	ὁ	_	_
3.3	1249	[1]	λέων	_	_
3.3	1250	[6]	θυμὸν	_	_
3.3	1251	[97]	,	b	_
3.3	1252	[1]	ἀκριβῶς	_	_
3.3	1253	[1]	ἅπαντες	_	_
3.3	1254	[1]	ἄνθρωποι	_	_
3.3	1255	[49]	καὶ	_	_
3.3	1256	[1]	πρὶν	_	_
3.3	1257	[1]	ἀκοῦσαι	_	_
3.3	1258	[2]	Τυρταίου	_	_
3.3	1259	[1]	γιγνώσκομεν	_	_
3.3	1260	[98]	,	b	_
3.3	1261	[2]	οὐ	_	_
3.3	1262	[1]	μὴν	_	_
3.3	1263	[1]	Χρυσίππῳ	_	_
3.3	1264	[1]	γ	_	_
3.3	1265	[48]	’	b	_
3.3	1266	[1]	ἔπρεπε	_	_
3.3	1267	[1]	παραθέσθαι	_	_
3.3	1268	[9]	τὸ	_	_
3.3	1269	[1]	ἔπος	_	_
3.3	1270	[1]	ἀφαιρουμένῳ	_	_
3.3	1271	[3]	τοὺς	_	_
3.3	1272	[1]	λέοντας	_	_
3.3	1273	[17]	τὸν	_	_
3.3	1274	[4]	θυμόν	_	_
3.3	1275	[35]	.	b	_
3.3	1276	[2]	οὐδὲν	_	_
3.3	1277	[13]	γὰρ	_	_
3.3	1278	[99]	,	b	_
3.3	1279	[10]	ὡς	_	_
3.3	1280	[1]	οἴεται	_	_
3.3	1281	[100]	,	b	_
3.3	1282	[12]	τῶν	_	_
3.3	1283	[1]	ἀλόγων	_	_
3.3	1284	[1]	ζώων	_	_
3.3	1285	[3]	οὔτε	_	_
3.3	1286	[10]	τὸ	_	_
3.3	1287	[1]	θυμοειδὲς	_	_
3.3	1288	[101]	,	b	_
3.3	1289	[4]	οὔτε	_	_
3.3	1290	[11]	τὸ	_	_
3.3	1291	[1]	ἐπιθυμητικὸν	_	_
3.3	1292	[102]	,	b	_
3.3	1293	[5]	οὔτε	_	_
3.3	1294	[12]	τὸ	_	_
3.3	1295	[1]	λογιστικὸν	_	_
3.3	1296	[2]	ἔχει	_	_
3.3	1297	[103]	,	b	_
3.3	1298	[4]	ἀλλ	_	_
3.3	1299	[49]	’	b	_
3.3	1300	[104]	,	b	_
3.3	1301	[11]	ὡς	_	_
3.3	1302	[1]	εἴρηταί	_	_
3.3	1303	[1]	μοι	_	_
3.3	1304	[50]	καὶ	_	_
3.3	1305	[9]	κατὰ	_	_
3.3	1306	[13]	τὸ	_	_
3.3	1307	[1]	πρῶτον	_	_
3.3	1308	[1]	γράμμα	_	_
3.3	1309	[105]	,	b	_
3.3	1310	[1]	παρὰ	_	_
3.3	1311	[1]	πᾶσαν	_	_
3.3	1312	[14]	τὴν	_	_
3.3	1313	[1]	ἐνέργειαν	_	_
3.3	1314	[1]	ἀφαιροῦνται	_	_
3.3	1315	[13]	τῶν	_	_
3.3	1316	[1]	εἰρημένων	_	_
3.3	1317	[1]	ἁπάντων	_	_
3.3	1318	[3]	αὐτὰ	_	_
3.3	1319	[1]	σχεδὸν	_	_
3.3	1320	[2]	ἅπαντες	_	_
3.3	1321	[2]	οἱ	_	_
3.3	1322	[1]	Στωϊκοί	_	_
3.3	1323	[36]	.	b	_
3.3	1324	[1]	Τυρταῖος	_	_
3.3	1325	[2]	δέ	_	_
3.3	1326	[2]	γε	_	_
3.3	1327	[106]	,	b	_
3.3	1328	[4]	καθάπερ	_	_
3.3	1329	[4]	οὖν	_	_
3.3	1330	[51]	καὶ	_	_
3.3	1331	[4]	Ὅμηρος	_	_
3.3	1332	[52]	καὶ	_	_
3.3	1333	[1]	Ἡσίοδος	_	_
3.3	1334	[107]	,	b	_
3.3	1335	[53]	καὶ	_	_
3.3	1336	[1]	ἁπλῶς	_	_
3.3	1337	[1]	εἰπεῖν	_	_
3.3	1338	[3]	ἅπαντες	_	_
3.3	1339	[1]	οἵ	_	_
3.3	1340	[1]	ποιηταὶ	_	_
3.3	1341	[1]	σφοδρότατον	_	_
3.3	1342	[1]	ἔχειν	_	_
3.3	1343	[1]	φασὶ	_	_
3.3	1344	[4]	τοὺς	_	_
3.3	1345	[2]	λέοντας	_	_
3.3	1346	[18]	τὸν	_	_
3.3	1347	[7]	θυμὸν	_	_
3.3	1348	[108]	,	b	_
3.3	1349	[2]	ὥστε	_	_
3.3	1350	[54]	καὶ	_	_
3.3	1351	[14]	τῶν	_	_
3.3	1352	[3]	ἀνθρώπων	_	_
3.3	1353	[1]	ὅστις	_	_
3.3	1354	[5]	ἂν	_	_
3.3	1355	[1]	ᾖ	_	_
3.3	1356	[1]	θυμοειδέστατος	_	_
3.3	1357	[109]	,	b	_
3.3	1358	[1]	εἰκάζουσι	_	_
3.3	1359	[1]	λέοντι	_	_
3.3	1360	[110]	,	b	_
3.3	1361	[55]	καὶ	_	_
3.3	1362	[1]	χωρὶς	_	_
3.3	1363	[23]	δὲ	_	_
3.3	1364	[15]	τῶν	_	_
3.3	1365	[2]	ποιητῶν	_	_
3.3	1366	[4]	ἅπαντες	_	_
3.3	1367	[2]	ἄνθρωποι	_	_
3.3	1368	[5]	τοὺς	_	_
3.3	1369	[1]	θυμικωτάτους	_	_
3.3	1370	[3]	λέοντας	_	_
3.3	1371	[1]	ὀνομάζουσιν	_	_
3.3	1372	[37]	.	b	_
3.3	1373	[3]	οὕτως	_	_
3.3	1374	[2]	οὐδὲ	_	_
3.3	1375	[7]	τοῖς	_	_
3.3	1376	[1]	ἀθληταῖς	_	_
3.3	1377	[1]	παύονται	_	_
3.3	1378	[1]	καθ	_	_
3.3	1379	[50]	’	b	_
3.3	1380	[1]	ἑκάστην	_	_
3.3	1381	[1]	ἡμέραν	_	_
3.3	1382	[4]	οὕτως	_	_
3.3	1383	[1]	ἐγκελευόμενοι	_	_
3.3	1384	[13]	·	b	_
3.3	1385	[56]	καὶ	_	_
3.3	1386	[1]	τοὐναντίον	_	_
3.3	1387	[1]	ἔοικεν	_	_
3.3	1388	[1]	ἅπαν	_	_
3.3	1389	[7]	ἢ	_	_
3.3	1390	[1]	βούλεται	_	_
3.3	1391	[1]	συμπίπτειν	_	_
3.3	1392	[9]	τῷ	_	_
3.3	1393	[2]	Χρυσίππῳ	_	_
3.3	1394	[38]	.	b	_
3.3	1395	[16]	τῶν	_	_
3.3	1396	[14]	γὰρ	_	_
3.3	1397	[1]	ἀπὸ	_	_
3.3	1398	[6]	τῆς	_	_
3.3	1399	[2]	φύσεως	_	_
3.3	1400	[5]	αὐτοῦ	_	_
3.3	1401	[17]	τοῦ	_	_
3.3	1402	[1]	ζητουμένου	_	_
3.3	1403	[1]	πράγματος	_	_
3.3	1404	[1]	ἐπιχειρημάτων	_	_
3.3	1405	[1]	ἀποχωρῶν	_	_
3.3	1406	[1]	ἑκάστοτε	_	_
3.3	1407	[111]	,	b	_
3.3	1408	[57]	καὶ	_	_
3.3	1409	[1]	ῥητορικῶς	_	_
3.3	1410	[2]	μᾶλλον	_	_
3.3	1411	[8]	ἢ	_	_
3.3	1412	[1]	φιλοσόφως	_	_
3.3	1413	[7]	ἐν	_	_
3.3	1414	[1]	πλήθει	_	_
3.3	1415	[1]	μαρτύρων	_	_
3.3	1416	[14]	τὸ	_	_
3.3	1417	[1]	νικᾷν	_	_
3.3	1418	[1]	θέμενος	_	_
3.3	1419	[112]	,	b	_
3.3	1420	[3]	ὑπ	_	_
3.3	1421	[51]	’	b	_
3.3	1422	[3]	αὐτῶν	_	_
3.3	1423	[4]	ὧν	_	_
3.3	1424	[1]	ἐπικαλεῖται	_	_
3.3	1425	[1]	προπαραδίδοται	_	_
3.3	1426	[39]	.	b	_
3.4	1	[1]	Καὶ	_	_
3.4	2	[1]	γὰρ	_	_
3.4	3	[1]	οὖν	_	_
3.4	4	[1]	,	b	_
3.4	5	[1]	ὅταν	_	_
3.4	6	[1]	εἴπῃ	_	_
3.4	7	[2]	,	b	_
3.4	8	[1]	διὰ	_	_
3.4	9	[1]	τοῦτο	_	_
3.4	10	[1]	λέγεσθαί	_	_
3.4	11	[1]	τινας	_	_
3.4	12	[1]	ἀκαρδίους	_	_
3.4	13	[3]	,	b	_
3.4	14	[1]	ὅτι	_	_
3.4	15	[1]	πεπιστεύκασιν	_	_
3.4	16	[1]	ἅπαντες	_	_
3.4	17	[1]	ἄνθρωποι	_	_
3.4	18	[1]	τὸ	_	_
3.4	19	[1]	ἡγεμονικὸν	_	_
3.4	20	[1]	τῆς	_	_
3.4	21	[1]	ψυχῆς	_	_
3.4	22	[1]	ἐν	_	_
3.4	23	[1]	τῇ	_	_
3.4	24	[1]	καρδίᾳ	_	_
3.4	25	[1]	περιέχεσθαι	_	_
3.4	26	[4]	,	b	_
3.4	27	[1]	θαυμάζειν	_	_
3.4	28	[1]	ἄξιον	_	_
3.4	29	[1]	τἀνδρὸς	_	_
3.4	30	[5]	,	b	_
3.4	31	[1]	εἰ	_	_
3.4	32	[1]	μὴ	_	_
3.4	33	[1]	ἄχρι	_	_
3.4	34	[1]	τοσούτου	_	_
3.4	35	[1]	παρακολουθεῖ	_	_
3.4	36	[1]	τοῖς	_	_
3.4	37	[1]	λεγομένοις	_	_
3.4	38	[6]	,	b	_
3.4	39	[1]	ὡς	_	_
3.4	40	[1]	γνωρίζειν	_	_
3.4	41	[7]	,	b	_
3.4	42	[2]	ὅτι	_	_
3.4	43	[1]	μηδένα	_	_
3.4	44	[1]	τῶν	_	_
3.4	45	[1]	ἀνοήτων	_	_
3.4	46	[1]	τε	_	_
3.4	47	[1]	καὶ	_	_
3.4	48	[1]	ἀσυνέτων	_	_
3.4	49	[1]	ἀκάρδιον	_	_
3.4	50	[1]	ὀνομάζουσιν	_	_
3.4	51	[8]	,	b	_
3.4	52	[1]	ἀλλ	_	_
3.4	53	[1]	’	b	_
3.4	54	[1]	ἐκείνους	_	_
3.4	55	[1]	μὲν	_	_
3.4	56	[1]	ἅπαντας	_	_
3.4	57	[9]	,	b	_
3.4	58	[1]	ἐπειδὰν	_	_
3.4	59	[1]	σκώπτωσιν	_	_
3.4	60	[10]	,	b	_
3.4	61	[1]	οὐκ	_	_
3.4	62	[1]	ἔχειν	_	_
3.4	63	[1]	ἐγκέφαλόν	_	_
3.4	64	[1]	φασιν	_	_
3.4	65	[11]	,	b	_
3.4	66	[1]	τοὺς	_	_
3.4	67	[1]	ἀτόλμους	_	_
3.4	68	[1]	δὲ	_	_
3.4	69	[2]	καὶ	_	_
3.4	70	[1]	δειλοὺς	_	_
3.4	71	[2]	ἀκαρδίους	_	_
3.4	72	[2]	ὀνομάζουσιν	_	_
3.4	73	[1]	.	b	_
3.4	74	[1]	ἐξελέγχεται	_	_
3.4	75	[1]	τοίνυν	_	_
3.4	76	[1]	κᾀνταῦθα	_	_
3.4	77	[2]	τὸ	_	_
3.4	78	[1]	τοῦ	_	_
3.4	79	[1]	Χρυσίππου	_	_
3.4	80	[1]	δόγμα	_	_
3.4	81	[1]	πρὸς	_	_
3.4	82	[1]	αὐτῶν	_	_
3.4	83	[1]	ὧν	_	_
3.4	84	[1]	ἐπικαλεῖται	_	_
3.4	85	[1]	μαρτύρων	_	_
3.4	86	[12]	,	b	_
3.4	87	[2]	ἐν	_	_
3.4	88	[1]	ἐγκεφάλῳ	_	_
3.4	89	[2]	μὲν	_	_
3.4	90	[1]	ὑπολαμβανόντων	_	_
3.4	91	[1]	εἶναι	_	_
3.4	92	[3]	τὸ	_	_
3.4	93	[1]	λογιζόμενον	_	_
3.4	94	[13]	,	b	_
3.4	95	[3]	ἐν	_	_
3.4	96	[2]	καρδίᾳ	_	_
3.4	97	[2]	δὲ	_	_
3.4	98	[4]	τὸ	_	_
3.4	99	[1]	θυμοειδές	_	_
3.4	100	[2]	.	b	_
3.4	101	[1]	ἀλλὰ	_	_
3.4	102	[1]	νὴ	_	_
3.4	103	[1]	Δία	_	_
3.4	104	[1]	θαυμασίως	_	_
3.4	105	[1]	ὅπως	_	_
3.4	106	[1]	ἐξηγεῖται	_	_
3.4	107	[1]	τοὔνομα	_	_
3.4	108	[5]	τὸ	_	_
3.4	109	[2]	ἀκάρδιον	_	_
3.4	110	[14]	,	b	_
3.4	111	[1]	ἢ	_	_
3.4	112	[1]	τίνι	_	_
3.4	113	[1]	διανοίᾳ	_	_
3.4	114	[1]	λέγουσιν	_	_
3.4	115	[1]	οἱ	_	_
3.4	116	[1]	πολλοὶ	_	_
3.4	117	[15]	,	b	_
3.4	118	[1]	συνάπτων	_	_
3.4	119	[1]	εὐθὺς	_	_
3.4	120	[1]	αὐτῷ	_	_
3.4	121	[3]	καὶ	_	_
3.4	122	[6]	τὸ	_	_
3.4	123	[1]	ἄσπλαγχνον	_	_
3.4	124	[1]	·	b	_
3.4	125	[1]	ἔχει	_	_
3.4	126	[3]	δὲ	_	_
3.4	127	[1]	ἡ	_	_
3.4	128	[1]	ῥῆσις	_	_
3.4	129	[1]	ᾧδε	_	_
3.4	130	[3]	.	b	_
3.4	131	[1]	παραβάλλουσι	_	_
3.4	132	[4]	δὲ	_	_
3.4	133	[2]	τοῖς	_	_
3.4	134	[1]	εἰρημένοις	_	_
3.4	135	[4]	καὶ	_	_
3.4	136	[1]	τὰ	_	_
3.4	137	[1]	τοιαῦτα	_	_
3.4	138	[2]	τῶν	_	_
3.4	139	[1]	λεγομένων	_	_
3.4	140	[16]	,	b	_
3.4	141	[1]	οἷον	_	_
3.4	142	[2]	τοὺς	_	_
3.4	143	[1]	ἀσπλάγχνους	_	_
3.4	144	[17]	,	b	_
3.4	145	[1]	καθ	_	_
3.4	146	[2]	’	b	_
3.4	147	[1]	ὅ	_	_
3.4	148	[1]	φαμεν	_	_
3.4	149	[2]	μὴ	_	_
3.4	150	[2]	ἔχειν	_	_
3.4	151	[1]	τινὰς	_	_
3.4	152	[1]	ἐγκέφαλον	_	_
3.4	153	[5]	καὶ	_	_
3.4	154	[3]	ἔχειν	_	_
3.4	155	[18]	,	b	_
3.4	156	[1]	οὕτως	_	_
3.4	157	[1]	ἡμᾶς	_	_
3.4	158	[1]	ὑπονοοῦντες	_	_
3.4	159	[1]	λέγειν	_	_
3.4	160	[6]	καὶ	_	_
3.4	161	[3]	μὴ	_	_
3.4	162	[4]	ἔχειν	_	_
3.4	163	[1]	καρδίαν	_	_
3.4	164	[2]	τινὰς	_	_
3.4	165	[7]	καὶ	_	_
3.4	166	[5]	ἔχειν	_	_
3.4	167	[1]	κατὰ	_	_
3.4	168	[2]	τὰ	_	_
3.4	169	[1]	προειρημένα	_	_
3.4	170	[19]	,	b	_
3.4	171	[3]	τῶν	_	_
3.4	172	[3]	μὲν	_	_
3.4	173	[1]	ἀσπλάγχνων	_	_
3.4	174	[1]	τάχα	_	_
3.4	175	[1]	λαμβανομένων	_	_
3.4	176	[2]	κατὰ	_	_
3.4	177	[7]	τὸ	_	_
3.4	178	[1]	μηδὲν	_	_
3.4	179	[6]	ἔχειν	_	_
3.4	180	[1]	ἔνδον	_	_
3.4	181	[1]	συναλγοῦν	_	_
3.4	182	[3]	κατὰ	_	_
3.4	183	[3]	τὰ	_	_
3.4	184	[1]	ἐναντία	_	_
3.4	185	[20]	,	b	_
3.4	186	[8]	καὶ	_	_
3.4	187	[1]	ἀπὸ	_	_
3.4	188	[2]	τῆς	_	_
3.4	189	[1]	καρδίας	_	_
3.4	190	[2]	οὕτως	_	_
3.4	191	[2]	αὐτῶν	_	_
3.4	192	[1]	κοινότερον	_	_
3.4	193	[2]	λεγομένων	_	_
3.4	194	[21]	,	b	_
3.4	195	[2]	τοῦ	_	_
3.4	196	[1]	δ	_	_
3.4	197	[3]	’	b	_
3.4	198	[1]	ἐγκεφάλου	_	_
3.4	199	[1]	λαμβανομένου	_	_
3.4	200	[22]	,	b	_
3.4	201	[1]	ἤτοι	_	_
3.4	202	[4]	κατὰ	_	_
3.4	203	[4]	τὰ	_	_
3.4	204	[1]	αὐτὰ	_	_
3.4	205	[1]	ὁμοίου	_	_
3.4	206	[1]	τινὸς	_	_
3.4	207	[1]	ὄντος	_	_
3.4	208	[23]	,	b	_
3.4	209	[2]	ἢ	_	_
3.4	210	[2]	διὰ	_	_
3.4	211	[8]	τὸ	_	_
3.4	212	[9]	καὶ	_	_
3.4	213	[1]	τοῦτον	_	_
3.4	214	[7]	ἔχειν	_	_
3.4	215	[1]	τινὰ	_	_
3.4	216	[1]	κυρίαν	_	_
3.4	217	[3]	τοῖς	_	_
3.4	218	[1]	σπλάγχνοις	_	_
3.4	219	[1]	ὁμοίαν	_	_
3.4	220	[4]	.	b	_
3.4	221	[2]	ἡ	_	_
3.4	222	[4]	μὲν	_	_
3.4	223	[2]	ῥῆσις	_	_
3.4	224	[1]	αὕτη	_	_
3.4	225	[5]	.	b	_
3.4	226	[1]	χρὴ	_	_
3.4	227	[2]	δ	_	_
3.4	228	[4]	’	b	_
3.4	229	[1]	αὐτὴν	_	_
3.4	230	[1]	ἀναγνῶναί	_	_
3.4	231	[1]	τινα	_	_
3.4	232	[10]	καὶ	_	_
3.4	233	[1]	τρὶς	_	_
3.4	234	[11]	καὶ	_	_
3.4	235	[1]	τετράκις	_	_
3.4	236	[1]	ἐπὶ	_	_
3.4	237	[1]	σχολῇ	_	_
3.4	238	[1]	πολλῇ	_	_
3.4	239	[1]	ἀκριβῶς	_	_
3.4	240	[1]	προσέχοντα	_	_
3.4	241	[1]	τὸν	_	_
3.4	242	[1]	νοῦν	_	_
3.4	243	[4]	τοῖς	_	_
3.4	244	[2]	λεγομένοις	_	_
3.4	245	[6]	.	b	_
3.4	246	[1]	οὕτω	_	_
3.4	247	[2]	γὰρ	_	_
3.4	248	[1]	μόνως	_	_
3.4	249	[24]	,	b	_
3.4	250	[1]	οἶμαι	_	_
3.4	251	[25]	,	b	_
3.4	252	[1]	πεισθήσεται	_	_
3.4	253	[9]	τὸ	_	_
3.4	254	[5]	κατὰ	_	_
3.4	255	[1]	τὴν	_	_
3.4	256	[1]	παροιμίαν	_	_
3.4	257	[1]	λεγόμενον	_	_
3.4	258	[1]	ὑπάρχειν	_	_
3.4	259	[1]	αὐτῇ	_	_
3.4	260	[26]	,	b	_
3.4	261	[10]	τὸ	_	_
3.4	262	[27]	,	b	_
3.4	263	[1]	ΛΑΒΕ	_	_
3.4	264	[1]	ΜΗΔΕΝ	_	_
3.4	265	[28]	,	b	_
3.4	266	[1]	ΚΑΙ	_	_
3.4	267	[1]	ΚΡΑΤΕΙ	_	_
3.4	268	[1]	ΚΑΛΩΣ	_	_
3.4	269	[7]	.	b	_
3.4	270	[1]	ἔγωγ	_	_
3.4	271	[5]	’	b	_
3.4	272	[2]	οὖν	_	_
3.4	273	[4]	ἐν	_	_
3.4	274	[1]	πολλοῖς	_	_
3.4	275	[1]	πολλάκις	_	_
3.4	276	[1]	βιβλίοις	_	_
3.4	277	[1]	ἀνεγνωκὼς	_	_
3.4	278	[1]	ῥήσεις	_	_
3.4	279	[29]	,	b	_
3.4	280	[5]	ἐν	_	_
3.4	281	[1]	αἷς	_	_
3.4	282	[1]	ὀνόματα	_	_
3.4	283	[12]	καὶ	_	_
3.4	284	[1]	ῥήματα	_	_
3.4	285	[1]	συνάπτεται	_	_
3.4	286	[1]	μηδεμίαν	_	_
3.4	287	[1]	ἔχοντα	_	_
3.4	288	[1]	διάνοιαν	_	_
3.4	289	[30]	,	b	_
3.4	290	[1]	οὐδαμόθεν	_	_
3.4	291	[1]	τοῦτ	_	_
3.4	292	[6]	’	b	_
3.4	293	[1]	ἀκριβούμενον	_	_
3.4	294	[1]	εἶδον	_	_
3.4	295	[3]	οὕτως	_	_
3.4	296	[31]	,	b	_
3.4	297	[2]	ὡς	_	_
3.4	298	[6]	κατὰ	_	_
3.4	299	[1]	τήνδε	_	_
3.4	300	[2]	τὴν	_	_
3.4	301	[1]	νῦν	_	_
3.4	302	[1]	ἡμῖν	_	_
3.4	303	[1]	προγεγραμμένην	_	_
3.4	304	[1]	λέξιν	_	_
3.4	305	[8]	.	b	_
3.4	306	[1]	αἴνιγμα	_	_
3.4	307	[1]	γάρ	_	_
3.4	308	[1]	ἐστιν	_	_
3.4	309	[1]	ὁ	_	_
3.4	310	[1]	λόγος	_	_
3.4	311	[3]	τοῦ	_	_
3.4	312	[2]	Χρυσίππου	_	_
3.4	313	[1]	θαυμαστῇ	_	_
3.4	314	[1]	τινι	_	_
3.4	315	[1]	καταπεπλεγμένον	_	_
3.4	316	[1]	ἀσαφείᾳ	_	_
3.4	317	[1]	μετὰ	_	_
3.4	318	[1]	συντομίας	_	_
3.4	319	[1]	ἀκαίρου	_	_
3.4	320	[9]	.	b	_
3.4	321	[1]	καίτοι	_	_
3.4	322	[1]	τήν	_	_
3.4	323	[1]	γε	_	_
3.4	324	[1]	συντομίαν	_	_
3.4	325	[1]	οὐδὲ	_	_
3.4	326	[2]	καθ	_	_
3.4	327	[7]	’	b	_
3.4	328	[1]	ἕνα	_	_
3.4	329	[4]	τῶν	_	_
3.4	330	[1]	ἑαυτοῦ	_	_
3.4	331	[1]	λόγων	_	_
3.4	332	[1]	ἐζήλωκεν	_	_
3.4	333	[32]	,	b	_
3.4	334	[2]	ἀλλ	_	_
3.4	335	[8]	’	b	_
3.4	336	[2]	οὕτω	_	_
3.4	337	[1]	μακρός	_	_
3.4	338	[2]	ἐστιν	_	_
3.4	339	[33]	,	b	_
3.4	340	[3]	ὡς	_	_
3.4	341	[2]	πολλάκις	_	_
3.4	342	[6]	ἐν	_	_
3.4	343	[1]	ὅλῳ	_	_
3.4	344	[1]	βιβλίῳ	_	_
3.4	345	[1]	πολυειδῶς	_	_
3.4	346	[1]	ὑπὲρ	_	_
3.4	347	[5]	τῶν	_	_
3.4	348	[3]	αὐτῶν	_	_
3.4	349	[1]	ἄνω	_	_
3.4	350	[2]	τε	_	_
3.4	351	[13]	καὶ	_	_
3.4	352	[1]	κάτω	_	_
3.4	353	[3]	τοὺς	_	_
3.4	354	[1]	λόγους	_	_
3.4	355	[1]	ἑλίττειν	_	_
3.4	356	[10]	.	b	_
3.4	357	[11]	τὸ	_	_
3.4	358	[5]	μὲν	_	_
3.4	359	[1]	δὴ	_	_
3.4	360	[3]	τῆς	_	_
3.4	361	[1]	ἀσαφείας	_	_
3.4	362	[2]	αὐτῷ	_	_
3.4	363	[1]	σύνηθες	_	_
3.4	364	[34]	,	b	_
3.4	365	[1]	ἀσθενείᾳ	_	_
3.4	366	[4]	τῆς	_	_
3.4	367	[1]	ἑρμηνευτικῆς	_	_
3.4	368	[1]	δυνάμεως	_	_
3.4	369	[1]	ἑπόμενον	_	_
3.4	370	[11]	.	b	_
3.4	371	[1]	καί	_	_
3.4	372	[1]	μοι	_	_
3.4	373	[1]	δοκεῖ	_	_
3.4	374	[14]	καὶ	_	_
3.4	375	[1]	αὐτὸς	_	_
3.4	376	[1]	αἰσθανόμενος	_	_
3.4	377	[1]	αὐτῆς	_	_
3.4	378	[2]	τρὶς	_	_
3.4	379	[15]	καὶ	_	_
3.4	380	[2]	τετράκις	_	_
3.4	381	[2]	ὑπὲρ	_	_
3.4	382	[6]	τῶν	_	_
3.4	383	[4]	αὐτῶν	_	_
3.4	384	[2]	ἐπὶ	_	_
3.4	385	[1]	πλεῖστον	_	_
3.4	386	[1]	ἐκτείνειν	_	_
3.4	387	[4]	τοὺς	_	_
3.4	388	[2]	λόγους	_	_
3.4	389	[2]	οὐκ	_	_
3.4	390	[1]	ὀκνεῖ	_	_
3.4	391	[12]	.	b	_
3.4	392	[12]	τὸ	_	_
3.4	393	[5]	δὲ	_	_
3.4	394	[5]	τῆς	_	_
3.4	395	[1]	βραχυλογίας	_	_
3.4	396	[1]	ἄηθές	_	_
3.4	397	[3]	τε	_	_
3.4	398	[16]	καὶ	_	_
3.4	399	[1]	σπανίως	_	_
3.4	400	[1]	ὑπ	_	_
3.4	401	[9]	’	b	_
3.4	402	[1]	αὐτοῦ	_	_
3.4	403	[1]	γιγνόμενον	_	_
3.4	404	[35]	,	b	_
3.4	405	[7]	ἐν	_	_
3.4	406	[1]	οἷς	_	_
3.4	407	[1]	ἂν	_	_
3.4	408	[1]	μάλιστα	_	_
3.4	409	[1]	λόγοις	_	_
3.4	410	[1]	ἄφυκτον	_	_
3.4	411	[1]	αἰσθάνηται	_	_
3.4	412	[13]	τὸ	_	_
3.4	413	[1]	σφάλμα	_	_
3.4	414	[7]	τῶν	_	_
3.4	415	[2]	ἑαυτοῦ	_	_
3.4	416	[1]	δογμάτων	_	_
3.4	417	[13]	.	b	_
3.4	418	[1]	βούλεται	_	_
3.4	419	[3]	γὰρ	_	_
3.4	420	[36]	,	b	_
3.4	421	[2]	οἶμαι	_	_
3.4	422	[37]	,	b	_
3.4	423	[1]	παρατρέχειν	_	_
3.4	424	[1]	αὐτὸ	_	_
3.4	425	[3]	διὰ	_	_
3.4	426	[1]	ταχέων	_	_
3.4	427	[38]	,	b	_
3.4	428	[1]	ἄλλο	_	_
3.4	429	[1]	ὑπομένων	_	_
3.4	430	[1]	ἐξελέγχεσθαι	_	_
3.4	431	[14]	.	b	_
3.4	432	[2]	καί	_	_
3.4	433	[2]	μοι	_	_
3.4	434	[2]	δοκεῖ	_	_
3.4	435	[39]	,	b	_
3.4	436	[1]	καθάπερ	_	_
3.4	437	[8]	ἐν	_	_
3.4	438	[5]	τοῖς	_	_
3.4	439	[1]	ἄλλοις	_	_
3.4	440	[2]	λόγοις	_	_
3.4	441	[1]	ἀγωνίζεται	_	_
3.4	442	[1]	σαφῶς	_	_
3.4	443	[1]	ἑρμηνεύειν	_	_
3.4	444	[40]	,	b	_
3.4	445	[4]	οὕτως	_	_
3.4	446	[9]	ἐν	_	_
3.4	447	[2]	οἷς	_	_
3.4	448	[2]	ἐξελέγχεται	_	_
3.4	449	[1]	συγκρύπτειν	_	_
3.4	450	[2]	τὸν	_	_
3.4	451	[1]	λόγον	_	_
3.4	452	[2]	ἀσαφείᾳ	_	_
3.4	453	[2]	μετὰ	_	_
3.4	454	[2]	βραχυλογίας	_	_
3.4	455	[41]	,	b	_
3.4	456	[1]	ἵνα	_	_
3.4	457	[1]	δηλαδὴ	_	_
3.4	458	[1]	δοκῇ	_	_
3.4	459	[6]	μὲν	_	_
3.4	460	[1]	ἀπολελογῆσθαι	_	_
3.4	461	[2]	πρὸς	_	_
3.4	462	[1]	τοὔγκλημα	_	_
3.4	463	[42]	,	b	_
3.4	464	[17]	καὶ	_	_
3.4	465	[4]	μὴ	_	_
3.4	466	[1]	παρεληλυθέναι	_	_
3.4	467	[1]	τελέως	_	_
3.4	468	[2]	αὐτὸ	_	_
3.4	469	[43]	,	b	_
3.4	470	[2]	μηδὲν	_	_
3.4	471	[6]	δὲ	_	_
3.4	472	[1]	ἡμεῖς	_	_
3.4	473	[1]	ἔχωμεν	_	_
3.4	474	[1]	ἀντιλέγειν	_	_
3.4	475	[6]	τοῖς	_	_
3.4	476	[2]	εἰρημένοις	_	_
3.4	477	[44]	,	b	_
3.4	478	[2]	ὧν	_	_
3.4	479	[1]	οὐδ	_	_
3.4	480	[10]	’	b	_
3.4	481	[1]	ὅλως	_	_
3.4	482	[1]	μανθάνομεν	_	_
3.4	483	[15]	.	b	_
3.4	484	[1]	αὐτίκα	_	_
3.4	485	[1]	γέ	_	_
3.4	486	[1]	τοι	_	_
3.4	487	[7]	κατὰ	_	_
3.4	488	[3]	τὴν	_	_
3.4	489	[2]	προγεγραμμένην	_	_
3.4	490	[1]	ῥῆσιν	_	_
3.4	491	[45]	,	b	_
3.4	492	[10]	ἐν	_	_
3.4	493	[1]	ᾗ	_	_
3.4	494	[14]	τὸ	_	_
3.4	495	[2]	ἄσπλαγχνον	_	_
3.4	496	[18]	καὶ	_	_
3.4	497	[1]	ταὶ	_	_
3.4	498	[15]	τὸ	_	_
3.4	499	[5]	μὴ	_	_
3.4	500	[8]	ἔχειν	_	_
3.4	501	[2]	ἐγκέφαλον	_	_
3.4	502	[2]	ὅπως	_	_
3.4	503	[2]	οἱ	_	_
3.4	504	[2]	πολλοὶ	_	_
3.4	505	[2]	λέγουσιν	_	_
3.4	506	[2]	ἐξηγεῖται	_	_
3.4	507	[46]	,	b	_
3.4	508	[1]	ἐμοὶ	_	_
3.4	509	[7]	μὲν	_	_
3.4	510	[3]	δοκεῖ	_	_
3.4	511	[1]	τοιόνδε	_	_
3.4	512	[1]	τι	_	_
3.4	513	[1]	δηλοῦν	_	_
3.4	514	[16]	.	b	_
3.4	515	[2]	ἀσπλάγχνους	_	_
3.4	516	[8]	μὲν	_	_
3.4	517	[1]	καλοῦσιν	_	_
3.4	518	[1]	ἐνίους	_	_
3.4	519	[11]	ἐν	_	_
3.4	520	[1]	ἴσῳ	_	_
3.4	521	[1]	τῷ	_	_
3.4	522	[3]	ἀκαρδίους	_	_
3.4	523	[47]	,	b	_
3.4	524	[1]	ἐπειδὴ	_	_
3.4	525	[1]	σπλάγχνον	_	_
3.4	526	[3]	ἡ	_	_
3.4	527	[1]	καρδία	_	_
3.4	528	[48]	,	b	_
3.4	529	[16]	τὸ	_	_
3.4	530	[3]	δ	_	_
3.4	531	[11]	’	b	_
3.4	532	[3]	ἐγκέφαλον	_	_
3.4	533	[6]	μὴ	_	_
3.4	534	[9]	ἔχειν	_	_
3.4	535	[12]	ἐν	_	_
3.4	536	[2]	ἴσῳ	_	_
3.4	537	[2]	τῷ	_	_
3.4	538	[3]	ἄσπλαγχνον	_	_
3.4	539	[2]	εἶναι	_	_
3.4	540	[3]	λέγουσιν	_	_
3.4	541	[49]	,	b	_
3.4	542	[2]	ἐπειδὴ	_	_
3.4	543	[19]	καὶ	_	_
3.4	544	[1]	οὗτος	_	_
3.4	545	[2]	σπλάγχνον	_	_
3.4	546	[1]	τ	_	_
3.4	547	[12]	’	b	_
3.4	548	[1]	ἐστὶ	_	_
3.4	549	[20]	καὶ	_	_
3.4	550	[1]	κύριον	_	_
3.4	551	[17]	.	b	_
3.4	552	[1]	οὐ	_	_
3.4	553	[1]	μὴν	_	_
3.4	554	[1]	προσίενταί	_	_
3.4	555	[2]	γε	_	_
3.4	556	[1]	πάντες	_	_
3.4	557	[3]	οἱ	_	_
3.4	558	[1]	Στωϊκοὶ	_	_
3.4	559	[4]	τὴν	_	_
3.4	560	[1]	τοιαύτην	_	_
3.4	561	[1]	ἐξήγησιν	_	_
3.4	562	[50]	,	b	_
3.4	563	[3]	ἀλλ	_	_
3.4	564	[13]	’	b	_
3.4	565	[1]	ἕτερον	_	_
3.4	566	[1]	μέν	_	_
3.4	567	[2]	τι	_	_
3.4	568	[2]	λέγεσθαί	_	_
3.4	569	[2]	φασιν	_	_
3.4	570	[51]	,	b	_
3.4	571	[2]	οὐ	_	_
3.4	572	[1]	δηλοῦσι	_	_
3.4	573	[7]	δὲ	_	_
3.4	574	[3]	αὐτὸ	_	_
3.4	575	[52]	,	b	_
3.4	576	[8]	τῶν	_	_
3.4	577	[1]	ἐσωτερικῶν	_	_
3.4	578	[1]	ὑπάρχον	_	_
3.4	579	[1]	δηλονότι	_	_
3.4	580	[53]	,	b	_
3.4	581	[21]	καὶ	_	_
3.4	582	[1]	ἐπιτιμῶσιν	_	_
3.4	583	[2]	ἡμῖν	_	_
3.4	584	[1]	εὐθέως	_	_
3.4	585	[4]	ὡς	_	_
3.4	586	[1]	προπετῶς	_	_
3.4	587	[1]	ἀντιλέγουσι	_	_
3.4	588	[54]	,	b	_
3.4	589	[1]	πρὶν	_	_
3.4	590	[1]	γνῶναι	_	_
3.4	591	[17]	τὸ	_	_
3.4	592	[2]	λεγόμενον	_	_
3.4	593	[18]	.	b	_
3.4	594	[4]	οἱ	_	_
3.4	595	[8]	δὲ	_	_
3.4	596	[22]	καὶ	_	_
3.4	597	[1]	λοιδοροῦντες	_	_
3.4	598	[1]	σφοδρότερον	_	_
3.4	599	[1]	ἀνεισάκτους	_	_
3.4	600	[4]	τε	_	_
3.4	601	[23]	καὶ	_	_
3.4	602	[1]	φιλονείκους	_	_
3.4	603	[1]	ἀποκαλοῦσιν	_	_
3.4	604	[55]	,	b	_
3.4	605	[1]	οὔ	_	_
3.4	606	[1]	φασί	_	_
3.4	607	[5]	τε	_	_
3.4	608	[1]	διδάξειν	_	_
3.4	609	[18]	τὸ	_	_
3.4	610	[3]	λεγόμενον	_	_
3.4	611	[1]	ἀπαιδεύτους	_	_
3.4	612	[1]	ἀνθρώπους	_	_
3.4	613	[19]	.	b	_
3.4	614	[2]	καίτοι	_	_
3.4	615	[1]	τά	_	_
3.4	616	[1]	γ΄	_	_
3.4	617	[1]	ἄλλα	_	_
3.4	618	[24]	καὶ	_	_
3.4	619	[7]	μὴ	_	_
3.4	620	[1]	βουλομένων	_	_
3.4	621	[1]	ἡμῶν	_	_
3.4	622	[1]	διεξέρχονται	_	_
3.4	623	[1]	μακρῶς	_	_
3.4	624	[20]	.	b	_
3.4	625	[4]	ἀλλ	_	_
3.4	626	[14]	’	b	_
3.4	627	[2]	ὅταν	_	_
3.4	628	[56]	,	b	_
3.4	629	[5]	ὡς	_	_
3.4	630	[1]	εἶπον	_	_
3.4	631	[57]	,	b	_
3.4	632	[1]	ἐπί	_	_
3.4	633	[3]	τι	_	_
3.4	634	[1]	τοιοῦτον	_	_
3.4	635	[1]	ἀφίκωνται	_	_
3.4	636	[58]	,	b	_
3.4	637	[2]	μηδεμίαν	_	_
3.4	638	[1]	ἔχον	_	_
3.4	639	[1]	εὐπορίαν	_	_
3.4	640	[1]	φλυαρίας	_	_
3.4	641	[59]	,	b	_
3.4	642	[5]	οἱ	_	_
3.4	643	[9]	μὲν	_	_
3.4	644	[1]	γράφοντες	_	_
3.4	645	[5]	τὰ	_	_
3.4	646	[1]	βιβλία	_	_
3.4	647	[1]	ταχέως	_	_
3.4	648	[1]	θ	_	_
3.4	649	[15]	’	b	_
3.4	650	[1]	ἅμα	_	_
3.4	651	[25]	καὶ	_	_
3.4	652	[2]	σαφῶς	_	_
3.4	653	[1]	παρατρέχουσιν	_	_
3.4	654	[60]	,	b	_
3.4	655	[6]	οἱ	_	_
3.4	656	[4]	δ	_	_
3.4	657	[16]	’	b	_
3.4	658	[1]	ἐξηγούμενοι	_	_
3.4	659	[6]	τὰ	_	_
3.4	660	[1]	τούτων	_	_
3.4	661	[1]	συγγράμματα	_	_
3.4	662	[1]	φθόνου	_	_
3.4	663	[1]	μᾶλλον	_	_
3.4	664	[1]	ὑπόνοιαν	_	_
3.4	665	[1]	εἰς	_	_
3.4	666	[5]	τοὺς	_	_
3.4	667	[1]	ἀκούοντας	_	_
3.4	668	[1]	ἐκπέμπειν	_	_
3.4	669	[1]	ἕτοιμοι	_	_
3.4	670	[1]	γίγνονται	_	_
3.4	671	[61]	,	b	_
3.4	672	[1]	προσποιούμενοι	_	_
3.4	673	[8]	μὴ	_	_
3.4	674	[1]	βούλεσθαι	_	_
3.4	675	[1]	διδάσκειν	_	_
3.4	676	[2]	ἡμᾶς	_	_
3.4	677	[62]	,	b	_
3.4	678	[1]	ἤπερ	_	_
3.4	679	[1]	ὁμολογοῦντες	_	_
3.4	680	[1]	νενικῆσθαι	_	_
3.4	681	[21]	.	b	_
3.4	682	[2]	ἀλλὰ	_	_
3.4	683	[6]	τοὺς	_	_
3.4	684	[10]	μὲν	_	_
3.4	685	[3]	ἀσπλάγχνους	_	_
3.4	686	[6]	τε	_	_
3.4	687	[26]	καὶ	_	_
3.4	688	[1]	ἀνεγκεφάλους	_	_
3.4	689	[1]	ἤδη	_	_
3.4	690	[1]	παρέλθωμεν	_	_
3.4	691	[63]	,	b	_
3.4	692	[2]	ἵνα	_	_
3.4	693	[9]	μὴ	_	_
3.4	694	[1]	λυπῶμεν	_	_
3.4	695	[3]	ἐπὶ	_	_
3.4	696	[1]	πλέον	_	_
3.4	697	[7]	τοὺς	_	_
3.4	698	[1]	περὶ	_	_
3.4	699	[3]	τὸν	_	_
3.4	700	[1]	Χρύσιππον	_	_
3.4	701	[1]	ἐναργῶς	_	_
3.4	702	[1]	καταμαρτυρουμένους	_	_
3.4	703	[1]	ὑφ	_	_
3.4	704	[17]	’	b	_
3.4	705	[3]	ὧν	_	_
3.4	706	[1]	ἐπικαλοῦνται	_	_
3.4	707	[2]	μαρτύρων	_	_
3.4	708	[2]	·	b	_
3.4	709	[1]	ὅθεν	_	_
3.4	710	[5]	δ	_	_
3.4	711	[18]	’	b	_
3.4	712	[1]	ἀπελίπομεν	_	_
3.4	713	[64]	,	b	_
3.4	714	[1]	ἐκεῖσε	_	_
3.4	715	[1]	πάλιν	_	_
3.4	716	[1]	ἐπανέλθωμεν	_	_
3.4	717	[22]	.	b	_
3.4	718	[1]	ἐμπλήσας	_	_
3.4	719	[2]	ὁ	_	_
3.4	720	[1]	Χρύσιππος	_	_
3.4	721	[1]	ὅλον	_	_
3.4	722	[19]	τὸ	_	_
3.4	723	[1]	βιβλίον	_	_
3.4	724	[1]	ἐπῶν	_	_
3.4	725	[1]	Ὁμηρικῶν	_	_
3.4	726	[27]	καὶ	_	_
3.4	727	[1]	Ἡσιοδείων	_	_
3.4	728	[65]	,	b	_
3.4	729	[28]	καὶ	_	_
3.4	730	[1]	Στησιχορείων	_	_
3.4	731	[66]	,	b	_
3.4	732	[1]	Ἐμπεδοκλείων	_	_
3.4	733	[7]	τε	_	_
3.4	734	[29]	καὶ	_	_
3.4	735	[1]	Ὀρφικῶν	_	_
3.4	736	[67]	,	b	_
3.4	737	[1]	ἔτι	_	_
3.4	738	[9]	δὲ	_	_
3.4	739	[3]	πρὸς	_	_
3.4	740	[1]	τούτοις	_	_
3.4	741	[1]	ἐκ	_	_
3.4	742	[6]	τῆς	_	_
3.4	743	[1]	τραγῳδίας	_	_
3.4	744	[68]	,	b	_
3.4	745	[30]	καὶ	_	_
3.4	746	[1]	παρὰ	_	_
3.4	747	[1]	Τυρταίου	_	_
3.4	748	[69]	,	b	_
3.4	749	[31]	καὶ	_	_
3.4	750	[9]	τῶν	_	_
3.4	751	[1]	ἄλλων	_	_
3.4	752	[1]	ποιητῶν	_	_
3.4	753	[3]	οὐκ	_	_
3.4	754	[1]	ὀλίγα	_	_
3.4	755	[1]	παραθέμενος	_	_
3.4	756	[70]	,	b	_
3.4	757	[1]	εἶτα	_	_
3.4	758	[10]	μὴ	_	_
3.4	759	[1]	συνεὶς	_	_
3.4	760	[7]	τῆς	_	_
3.4	761	[1]	θαυμαστῆς	_	_
3.4	762	[2]	δὴ	_	_
3.4	763	[1]	ταύτης	_	_
3.4	764	[1]	ἀπεραντολογίας	_	_
3.4	765	[71]	,	b	_
3.4	766	[1]	(	a	_
3.4	767	[2]	τοῦτο	_	_
3.4	768	[4]	γὰρ	_	_
3.4	769	[2]	αὐτῇ	_	_
3.4	770	[2]	μᾶλλον	_	_
3.4	771	[1]	ἡγοῦμαι	_	_
3.4	772	[1]	προσήκειν	_	_
3.4	773	[2]	τοὔνομα	_	_
3.4	774	[72]	,	b	_
3.4	775	[1]	)	b	_
3.4	776	[1]	ταῦτα	_	_
3.4	777	[8]	κατὰ	_	_
3.4	778	[2]	λέξιν	_	_
3.4	779	[1]	ἐπιφέρει	_	_
3.4	780	[3]	·	b	_
3.4	781	[1]	ταυτὶ	_	_
3.4	782	[11]	μὲν	_	_
3.4	783	[1]	φήσουσιν	_	_
3.4	784	[1]	ἀδολεσχίαν	_	_
3.4	785	[3]	εἶναι	_	_
3.4	786	[1]	γραώδη	_	_
3.4	787	[73]	,	b	_
3.4	788	[1]	τυχὸν	_	_
3.4	789	[10]	δὲ	_	_
3.4	790	[32]	καὶ	_	_
3.4	791	[1]	γραμμάτων	_	_
3.4	792	[1]	διδασκάλου	_	_
3.4	793	[1]	βουλομένου	_	_
3.4	794	[1]	στίχους	_	_
3.4	795	[3]	ὅτι	_	_
3.4	796	[1]	πλείστους	_	_
3.4	797	[1]	ὑπὸ	_	_
3.4	798	[20]	τὸ	_	_
3.4	799	[4]	αὐτὸ	_	_
3.4	800	[1]	διανόημα	_	_
3.4	801	[1]	τάξαι	_	_
3.4	802	[23]	.	b	_
3.4	803	[1]	καλῶς	_	_
3.4	804	[1]	εἶπες	_	_
3.4	805	[74]	,	b	_
3.4	806	[1]	ὦ	_	_
3.4	807	[1]	Χρύσιππε	_	_
3.4	808	[75]	,	b	_
3.4	809	[2]	ταῦτα	_	_
3.4	810	[76]	,	b	_
3.4	811	[1]	κάλλιον	_	_
3.4	812	[6]	δ	_	_
3.4	813	[19]	’	b	_
3.4	814	[1]	ἦν	_	_
3.4	815	[77]	,	b	_
3.4	816	[2]	εἰ	_	_
3.4	817	[11]	μὴ	_	_
3.4	818	[1]	μόνον	_	_
3.4	819	[2]	εἶπες	_	_
3.4	820	[78]	,	b	_
3.4	821	[3]	ἀλλὰ	_	_
3.4	822	[33]	καὶ	_	_
3.4	823	[1]	παντάπασιν	_	_
3.4	824	[1]	ἐφυλάξω	_	_
3.4	825	[5]	τὴν	_	_
3.4	826	[2]	γραώδη	_	_
3.4	827	[1]	ταύτην	_	_
3.4	828	[2]	ἀδολεσχίαν	_	_
3.4	829	[24]	.	b	_
3.4	830	[1]	τί	_	_
3.4	831	[5]	γὰρ	_	_
3.4	832	[2]	ἂν	_	_
3.4	833	[1]	εἴη	_	_
3.4	834	[1]	γραωδέστερον	_	_
3.4	835	[79]	,	b	_
3.4	836	[3]	ἢ	_	_
3.4	837	[1]	ἀδολεσχότερον	_	_
3.4	838	[80]	,	b	_
3.4	839	[4]	ἢ	_	_
3.4	840	[1]	γραμματιστῇ	_	_
3.4	841	[1]	πρεπωδέστερον	_	_
3.4	842	[81]	,	b	_
3.4	843	[5]	ἢ	_	_
3.4	844	[1]	πόῤῥω	_	_
3.4	845	[3]	μᾶλλον	_	_
3.4	846	[1]	ἀπεληλαμένον	_	_
3.4	847	[1]	ἀποδείξεως	_	_
3.4	848	[1]	προσηκούσης	_	_
3.4	849	[1]	ἀνδρὶ	_	_
3.4	850	[1]	φιλοσόφῳ	_	_
3.4	851	[82]	,	b	_
3.4	852	[4]	τοῦ	_	_
3.4	853	[1]	μνημονεύσαντα	_	_
3.4	854	[1]	κατ	_	_
3.4	855	[20]	’	b	_
3.4	856	[1]	ἀρχὰς	_	_
3.4	857	[2]	εὐθὺς	_	_
3.4	858	[5]	τοῦ	_	_
3.4	859	[1]	Πλάτωνος	_	_
3.4	860	[1]	δόγματος	_	_
3.4	861	[1]	ἐᾶσαι	_	_
3.4	862	[12]	μὲν	_	_
3.4	863	[3]	τοῦτο	_	_
3.4	864	[34]	καὶ	_	_
3.4	865	[1]	ἀποῤῥῖψαι	_	_
3.4	866	[2]	παντάπασιν	_	_
3.4	867	[83]	,	b	_
3.4	868	[2]	οὐδ	_	_
3.4	869	[21]	’	b	_
3.4	870	[6]	ὡς	_	_
3.4	871	[2]	ὑπὸ	_	_
3.4	872	[10]	τῶν	_	_
3.4	873	[1]	μετ	_	_
3.4	874	[22]	’	b	_
3.4	875	[1]	αὐτὸν	_	_
3.4	876	[1]	κατεσκεύασται	_	_
3.4	877	[1]	προσγράψαντα	_	_
3.4	878	[84]	,	b	_
3.4	879	[1]	παρελθεῖν	_	_
3.4	880	[11]	δὲ	_	_
3.4	881	[35]	καὶ	_	_
3.4	882	[6]	τὴν	_	_
3.4	883	[4]	πρὸς	_	_
3.4	884	[8]	τοὺς	_	_
3.4	885	[1]	ἠρωτημένους	_	_
3.4	886	[3]	ὑπὸ	_	_
3.4	887	[11]	τῶν	_	_
3.4	888	[1]	ἀνδρῶν	_	_
3.4	889	[3]	λόγους	_	_
3.4	890	[1]	ἀντιλογίαν	_	_
3.4	891	[8]	τε	_	_
3.4	892	[36]	καὶ	_	_
3.4	893	[1]	λύσιν	_	_
3.4	894	[85]	,	b	_
3.4	895	[1]	ἐφ	_	_
3.4	896	[23]	’	b	_
3.4	897	[2]	ᾗ	_	_
3.4	898	[1]	δίκαιον	_	_
3.4	899	[2]	ἦν	_	_
3.4	900	[2]	αὐτὸν	_	_
3.4	901	[1]	ἀποδείξεσι	_	_
3.4	902	[1]	χρησάμενον	_	_
3.4	903	[1]	ἐπιστημονικαῖς	_	_
3.4	904	[1]	ἐμπεδῶσαι	_	_
3.4	905	[21]	τὸ	_	_
3.4	906	[3]	ἑαυτοῦ	_	_
3.4	907	[2]	δόγμα	_	_
3.4	908	[86]	,	b	_
3.4	909	[2]	ποιητῶν	_	_
3.4	910	[12]	δὲ	_	_
3.4	911	[1]	μεμνῆσθαι	_	_
3.4	912	[87]	,	b	_
3.4	913	[37]	καὶ	_	_
3.4	914	[1]	πλῆθος	_	_
3.4	915	[1]	ἰδιωτῶν	_	_
3.4	916	[1]	καλεῖν	_	_
3.4	917	[1]	μαρτυρῆσον	_	_
3.4	918	[88]	,	b	_
3.4	919	[38]	καὶ	_	_
3.4	920	[2]	τί	_	_
3.4	921	[4]	λέγουσιν	_	_
3.4	922	[1]	αἱ	_	_
3.4	923	[1]	γυναῖκες	_	_
3.4	924	[89]	,	b	_
3.4	925	[1]	γράφειν	_	_
3.4	926	[90]	,	b	_
3.4	927	[3]	οὐδ	_	_
3.4	928	[24]	’	b	_
3.4	929	[3]	οὖν	_	_
3.4	930	[2]	οὐδὲ	_	_
3.4	931	[13]	ἐν	_	_
3.4	932	[1]	αὐτοῖς	_	_
3.4	933	[3]	οἷς	_	_
3.4	934	[1]	καλεῖ	_	_
3.4	935	[1]	μάρτυσιν	_	_
3.4	936	[1]	εὐτυχοῦντα	_	_
3.4	937	[1]	;	b	_
3.4	938	[39]	καὶ	_	_
3.4	939	[6]	γὰρ	_	_
3.4	940	[7]	οἱ	_	_
3.4	941	[1]	ποιηταὶ	_	_
3.4	942	[40]	καὶ	_	_
3.4	943	[2]	κατ	_	_
3.4	944	[25]	’	b	_
3.4	945	[2]	αὐτοῦ	_	_
3.4	946	[5]	λέγουσιν	_	_
3.4	947	[2]	ἅπαντες	_	_
3.4	948	[7]	τὰ	_	_
3.4	949	[1]	πλείω	_	_
3.4	950	[41]	καὶ	_	_
3.4	951	[8]	οἱ	_	_
3.4	952	[1]	ἰδιῶται	_	_
3.4	953	[25]	.	b	_
3.4	954	[1]	τίς	_	_
3.4	955	[1]	γοῦν	_	_
3.4	956	[4]	οὐκ	_	_
3.4	957	[1]	ἔγραψε	_	_
3.4	958	[1]	ποιητὴς	_	_
3.4	959	[91]	,	b	_
3.4	960	[1]	ἐπιθυμεῖν	_	_
3.4	961	[9]	τε	_	_
3.4	962	[42]	καὶ	_	_
3.4	963	[1]	θυμοῦσθαι	_	_
3.4	964	[1]	πολλὰ	_	_
3.4	965	[12]	τῶν	_	_
3.4	966	[1]	ζώων	_	_
3.4	967	[1]	ἀνθρώπου	_	_
3.4	968	[2]	σφοδρότερον	_	_
3.4	969	[2]	;	b	_
3.4	970	[2]	τίς	_	_
3.4	971	[7]	δ	_	_
3.4	972	[26]	’	b	_
3.4	973	[1]	ἰδιώτης	_	_
3.4	974	[1]	οὐχ	_	_
3.4	975	[3]	οὕτω	_	_
3.4	976	[1]	χρῆται	_	_
3.4	977	[7]	τοῖς	_	_
3.4	978	[1]	ὀνόμασιν	_	_
3.4	979	[92]	,	b	_
3.4	980	[7]	ὡς	_	_
3.4	981	[22]	τὸ	_	_
3.4	982	[2]	Πλάτωνος	_	_
3.4	983	[2]	βούλεται	_	_
3.4	984	[3]	δόγμα	_	_
3.4	985	[93]	,	b	_
3.4	986	[23]	τὸ	_	_
3.4	987	[13]	μὲν	_	_
3.4	988	[3]	ἀκάρδιον	_	_
3.4	989	[14]	ἐν	_	_
3.4	990	[3]	ἴσῳ	_	_
3.4	991	[3]	τῷ	_	_
3.4	992	[1]	δειλὸν	_	_
3.4	993	[43]	καὶ	_	_
3.4	994	[1]	ἄτολμον	_	_
3.4	995	[44]	καὶ	_	_
3.4	996	[1]	ἄνανδρον	_	_
3.4	997	[1]	ὀνομάζων	_	_
3.4	998	[94]	,	b	_
3.4	999	[2]	καρδίαν	_	_
3.4	1000	[13]	δὲ	_	_
3.4	1001	[1]	λαβεῖν	_	_
3.4	1002	[1]	ἐγκελευόμενος	_	_
3.4	1003	[95]	,	b	_
3.4	1004	[2]	ἐπειδὰν	_	_
3.4	1005	[2]	εἰς	_	_
3.4	1006	[1]	ἀνδρείαν	_	_
3.4	1007	[1]	πρᾶξιν	_	_
3.4	1008	[1]	ἐπεγείρῃ	_	_
3.4	1009	[4]	τὸν	_	_
3.4	1010	[1]	πέλας	_	_
3.4	1011	[96]	,	b	_
3.4	1012	[1]	ἐπεγγελῶν	_	_
3.4	1013	[14]	δὲ	_	_
3.4	1014	[8]	τοῖς	_	_
3.4	1015	[1]	ἀνόητον	_	_
3.4	1016	[1]	εἰποῦσιν	_	_
3.4	1017	[97]	,	b	_
3.4	1018	[2]	ἀνεγκεφάλους	_	_
3.4	1019	[45]	καὶ	_	_
3.4	1020	[1]	ἀσυνέτους	_	_
3.4	1021	[2]	ὀνομάζων	_	_
3.4	1022	[1]	αὐτοὺς	_	_
3.4	1023	[98]	,	b	_
3.4	1024	[1]	ἑτέρους	_	_
3.4	1025	[8]	δ	_	_
3.4	1026	[27]	’	b	_
3.4	1027	[1]	ἀγχίνους	_	_
3.4	1028	[46]	καὶ	_	_
3.4	1029	[1]	ἔννους	_	_
3.4	1030	[1]	φάσκων	_	_
3.4	1031	[99]	,	b	_
3.4	1032	[1]	οὓς	_	_
3.4	1033	[3]	ἂν	_	_
3.4	1034	[8]	ὡς	_	_
3.4	1035	[1]	συνετοὺς	_	_
3.4	1036	[1]	ἐπαινῇ	_	_
3.4	1037	[100]	,	b	_
3.4	1038	[4]	ἀσπλάγχνους	_	_
3.4	1039	[15]	δὲ	_	_
3.4	1040	[1]	ἀποκαλῶν	_	_
3.4	1041	[9]	τοὺς	_	_
3.4	1042	[12]	μὴ	_	_
3.4	1043	[1]	ἐλεοῦντας	_	_
3.4	1044	[2]	μηδένα	_	_
3.4	1045	[101]	,	b	_
3.4	1046	[1]	μήτε	_	_
3.4	1047	[1]	φιλοῦντας	_	_
3.4	1048	[102]	,	b	_
3.4	1049	[1]	μήθ	_	_
3.4	1050	[28]	’	b	_
3.4	1051	[2]	ὅλως	_	_
3.4	1052	[1]	φροντίζοντας	_	_
3.4	1053	[6]	ἢ	_	_
3.4	1054	[1]	ἐπαινούντων	_	_
3.4	1055	[7]	ἢ	_	_
3.4	1056	[1]	ψεγόντων	_	_
3.4	1057	[103]	,	b	_
3.4	1058	[8]	ἢ	_	_
3.4	1059	[1]	ἀδικούντων	_	_
3.4	1060	[9]	ἢ	_	_
3.4	1061	[1]	ὠφελούντων	_	_
3.4	1062	[104]	,	b	_
3.4	1063	[5]	ἀλλ	_	_
3.4	1064	[29]	’	b	_
3.4	1065	[1]	ὥσπερ	_	_
3.4	1066	[1]	λίθους	_	_
3.4	1067	[1]	ἀναισθήτους	_	_
3.4	1068	[1]	ὑπάρχοντας	_	_
3.4	1069	[3]	;	b	_
3.4	1070	[2]	οὓς	_	_
3.4	1071	[7]	γὰρ	_	_
3.4	1072	[4]	ἂν	_	_
3.4	1073	[3]	εἰς	_	_
3.4	1074	[1]	ἀναισθησίαν	_	_
3.4	1075	[1]	παντελῆ	_	_
3.4	1076	[1]	σκῶψαι	_	_
3.4	1077	[1]	βουληθῶσιν	_	_
3.4	1078	[105]	,	b	_
3.4	1079	[5]	ἀσπλάγχνους	_	_
3.4	1080	[3]	ὀνομάζουσιν	_	_
3.4	1081	[106]	,	b	_
3.4	1082	[2]	ὥσπερ	_	_
3.4	1083	[10]	τοὺς	_	_
3.4	1084	[1]	ἀνάνδρους	_	_
3.4	1085	[14]	μὲν	_	_
3.4	1086	[4]	ἀκαρδίους	_	_
3.4	1087	[107]	,	b	_
3.4	1088	[3]	ἀνεγκεφάλους	_	_
3.4	1089	[16]	δὲ	_	_
3.4	1090	[11]	τοὺς	_	_
3.4	1091	[1]	ἄφρονας	_	_
3.4	1092	[26]	.	b	_
3.4	1093	[1]	ἐπεὶ	_	_
3.4	1094	[9]	δ	_	_
3.4	1095	[30]	’	b	_
3.4	1096	[1]	ἐστὶν	_	_
3.4	1097	[47]	καὶ	_	_
3.4	1098	[1]	τρίτον	_	_
3.4	1099	[4]	τι	_	_
3.4	1100	[3]	σπλάγχνον	_	_
3.4	1101	[108]	,	b	_
3.4	1102	[24]	τὸ	_	_
3.4	1103	[1]	ἧπαρ	_	_
3.4	1104	[109]	,	b	_
3.4	1105	[15]	ἐν	_	_
3.4	1106	[1]	ᾧ	_	_
3.4	1107	[25]	τὸ	_	_
3.4	1108	[1]	ἐπιθυμητικὸν	_	_
3.4	1109	[1]	ἵδρυται	_	_
3.4	1110	[8]	τῆς	_	_
3.4	1111	[2]	ψυχῆς	_	_
3.4	1112	[110]	,	b	_
3.4	1113	[48]	καὶ	_	_
3.4	1114	[2]	χρὴ	_	_
3.4	1115	[49]	καὶ	_	_
3.4	1116	[1]	τούτῳ	_	_
3.4	1117	[1]	συμμετρίαν	_	_
3.4	1118	[2]	τινὰ	_	_
3.4	1119	[13]	τῶν	_	_
3.4	1120	[1]	οἰκείων	_	_
3.4	1121	[2]	ὑπάρχειν	_	_
3.4	1122	[1]	κινήσεων	_	_
3.4	1123	[111]	,	b	_
3.4	1124	[3]	εἰ	_	_
3.4	1125	[1]	μέλλοι	_	_
3.4	1126	[2]	τελέως	_	_
3.4	1127	[1]	κεκοσμῆσθαι	_	_
3.4	1128	[7]	τὴν	_	_
3.4	1129	[1]	ψυχὴν	_	_
3.4	1130	[3]	ὁ	_	_
3.4	1131	[1]	ἄνθρωπος	_	_
3.4	1132	[112]	,	b	_
3.4	1133	[2]	εἴη	_	_
3.4	1134	[5]	ἂν	_	_
3.4	1135	[50]	καὶ	_	_
3.4	1136	[4]	ὁ	_	_
3.4	1137	[9]	κατὰ	_	_
3.4	1138	[2]	τοῦτ	_	_
3.4	1139	[31]	’	b	_
3.4	1140	[1]	ἀναίσθητος	_	_
3.4	1141	[113]	,	b	_
3.4	1142	[9]	ὡς	_	_
3.4	1143	[4]	ἐπὶ	_	_
3.4	1144	[9]	τοῖς	_	_
3.4	1145	[2]	ἄλλοις	_	_
3.4	1146	[10]	τοῖς	_	_
3.4	1147	[1]	δύο	_	_
3.4	1148	[114]	,	b	_
3.4	1149	[51]	καὶ	_	_
3.4	1150	[1]	μοχθηρῶς	_	_
3.4	1151	[1]	διακείμενος	_	_
3.4	1152	[1]	ἄσπλαγχνος	_	_
3.4	1153	[1]	ὀρθῶς	_	_
3.4	1154	[1]	ὀνομαζόμενος	_	_
3.4	1155	[27]	.	b	_
3.4	1156	[5]	ὁ	_	_
3.4	1157	[10]	δ	_	_
3.4	1158	[32]	’	b	_
3.4	1159	[1]	ἐναντίος	_	_
3.4	1160	[3]	αὐτῷ	_	_
3.4	1161	[1]	μεγαλόσπλαγχνος	_	_
3.4	1162	[1]	λέγεται	_	_
3.4	1163	[115]	,	b	_
3.4	1164	[2]	καθάπερ	_	_
3.4	1165	[6]	ὁ	_	_
3.4	1166	[1]	Εὐριπίδης	_	_
3.4	1167	[1]	εἰσάγει	_	_
3.4	1168	[8]	τὴν	_	_
3.4	1169	[1]	Μήδειαν	_	_
3.4	1170	[1]	ὄντως	_	_
3.4	1171	[1]	μεγαλόσπλαγχνον	_	_
3.4	1172	[116]	,	b	_
3.4	1173	[1]	ἁπάσας	_	_
3.4	1174	[1]	τὰς	_	_
3.4	1175	[14]	τῶν	_	_
3.4	1176	[1]	τριῶν	_	_
3.4	1177	[1]	σπλάγχνων	_	_
3.4	1178	[1]	δυνάμεις	_	_
3.4	1179	[10]	τε	_	_
3.4	1180	[52]	καὶ	_	_
3.4	1181	[1]	κινήσεις	_	_
3.4	1182	[1]	ἰσχυρὰς	_	_
3.4	1183	[1]	ἔχουσαν	_	_
3.4	1184	[28]	.	b	_
3.4	1185	[1]	ἐπιθυμητικωτάτην	_	_
3.4	1186	[15]	μὲν	_	_
3.4	1187	[8]	γὰρ	_	_
3.4	1188	[1]	προτίθεται	_	_
3.4	1189	[9]	τὴν	_	_
3.4	1190	[1]	γυναῖκα	_	_
3.4	1191	[117]	,	b	_
3.4	1192	[53]	καὶ	_	_
3.4	1193	[1]	θυμικωτάτην	_	_
3.4	1194	[2]	ἅμα	_	_
3.4	1195	[54]	καὶ	_	_
3.4	1196	[1]	λογίσασθαι	_	_
3.4	1197	[1]	δεινήν	_	_
3.4	1198	[29]	.	b	_
3.4	1199	[1]	ἱκανὰ	_	_
3.4	1200	[17]	δὲ	_	_
3.4	1201	[1]	γνωρίσματα	_	_
3.4	1202	[6]	τοῦ	_	_
3.4	1203	[16]	μὲν	_	_
3.4	1204	[1]	ἐπιθυμητικοῦ	_	_
3.4	1205	[9]	τῆς	_	_
3.4	1206	[3]	ψυχῆς	_	_
3.4	1207	[118]	,	b	_
3.4	1208	[4]	εἰς	_	_
3.4	1209	[1]	ὅσον	_	_
3.4	1210	[1]	ἀμέτρου	_	_
3.4	1211	[1]	κινήσεως	_	_
3.4	1212	[1]	ἀφῖκται	_	_
3.4	1213	[119]	,	b	_
3.4	1214	[8]	τὰ	_	_
3.4	1215	[2]	περὶ	_	_
3.4	1216	[5]	τὸν	_	_
3.4	1217	[1]	ἔρωτα	_	_
3.4	1218	[7]	τοῦ	_	_
3.4	1219	[1]	Ἰάσονος	_	_
3.4	1220	[120]	,	b	_
3.4	1221	[2]	ὑφ	_	_
3.4	1222	[33]	’	b	_
3.4	1223	[1]	οὗ	_	_
3.4	1224	[1]	νικηθεῖσα	_	_
3.4	1225	[1]	προὔδωκεν	_	_
3.4	1226	[3]	ἅμα	_	_
3.4	1227	[55]	καὶ	_	_
3.4	1228	[1]	κατέλιπε	_	_
3.4	1229	[12]	τοὺς	_	_
3.4	1230	[1]	οἰκείους	_	_
3.4	1231	[121]	,	b	_
3.4	1232	[1]	ἐπηκολούθησε	_	_
3.4	1233	[18]	δὲ	_	_
3.4	1234	[56]	καὶ	_	_
3.4	1235	[3]	τελέως	_	_
3.4	1236	[1]	ἐπίστευσεν	_	_
3.4	1237	[1]	ἑαυτὴν	_	_
3.4	1238	[1]	ἀνθρώπῳ	_	_
3.4	1239	[1]	ξένῳ	_	_
3.4	1240	[4]	·	b	_
3.4	1241	[8]	τοῦ	_	_
3.4	1242	[19]	δὲ	_	_
3.4	1243	[1]	θυμικοῦ	_	_
3.4	1244	[10]	τῆς	_	_
3.4	1245	[1]	σφοδρότητος	_	_
3.4	1246	[122]	,	b	_
3.4	1247	[1]	οἷά	_	_
3.4	1248	[1]	περ	_	_
3.4	1249	[13]	τοὺς	_	_
3.4	1250	[1]	παῖδας	_	_
3.4	1251	[1]	ἐμήνισεν	_	_
3.4	1252	[123]	,	b	_
3.4	1253	[3]	οὐ	_	_
3.4	1254	[1]	σμικρὰ	_	_
3.4	1255	[2]	γνωρίσματα	_	_
3.4	1256	[5]	·	b	_
3.4	1257	[9]	τοῦ	_	_
3.4	1258	[20]	δὲ	_	_
3.4	1259	[1]	λογιστικοῦ	_	_
3.4	1260	[11]	τῆς	_	_
3.4	1261	[1]	συνέσεως	_	_
3.4	1262	[124]	,	b	_
3.4	1263	[2]	(	a	_
3.4	1264	[1]	ὑποτίθεται	_	_
3.4	1265	[9]	γὰρ	_	_
3.4	1266	[1]	κᾀν	_	_
3.4	1267	[2]	τούτοις	_	_
3.4	1268	[2]	αὐτὴν	_	_
3.4	1269	[7]	ὁ	_	_
3.4	1270	[2]	Εὐριπίδης	_	_
3.4	1271	[4]	οὐ	_	_
3.4	1272	[10]	τὴν	_	_
3.4	1273	[1]	τυχοῦσαν	_	_
3.4	1274	[125]	,	b	_
3.4	1275	[2]	)	b	_
3.4	1276	[5]	οὐ	_	_
3.4	1277	[2]	σμικρὰ	_	_
3.4	1278	[1]	σημεῖα	_	_
3.4	1279	[9]	τὰ	_	_
3.4	1280	[5]	πρὸς	_	_
3.4	1281	[26]	τὸ	_	_
3.4	1282	[1]	τιμωρήσασθαι	_	_
3.4	1283	[14]	τοὺς	_	_
3.4	1284	[1]	ἐχθροὺς	_	_
3.4	1285	[1]	ἐπινοηθέντα	_	_
3.4	1286	[126]	,	b	_
3.4	1287	[57]	καὶ	_	_
3.4	1288	[1]	ὅσα	_	_
3.4	1289	[6]	πρὸς	_	_
3.4	1290	[2]	ἑαυτὴν	_	_
3.4	1291	[1]	διεξέρχεται	_	_
3.4	1292	[127]	,	b	_
3.4	1293	[58]	καὶ	_	_
3.4	1294	[1]	στέλλουσα	_	_
3.4	1295	[59]	καὶ	_	_
3.4	1296	[1]	πείθουσα	_	_
3.4	1297	[6]	τὸν	_	_
3.4	1298	[1]	θυμὸν	_	_
3.4	1299	[1]	ἀποχωρεῖν	_	_
3.4	1300	[1]	ἔργων	_	_
3.4	1301	[1]	ἀνοσίων	_	_
3.4	1302	[30]	.	b	_
3.4	1303	[1]	ὥστ	_	_
3.4	1304	[34]	’	b	_
3.4	1305	[1]	εὐλόγως	_	_
3.4	1306	[1]	ἐπ	_	_
3.4	1307	[35]	’	b	_
3.4	1308	[2]	αὐτῆς	_	_
3.4	1309	[8]	ὁ	_	_
3.4	1310	[3]	Εὐριπίδης	_	_
3.4	1311	[1]	εἶπε	_	_
3.4	1312	[6]	·	b	_
3.4	1313	[1]	Τί	_	_
3.4	1314	[1]	ποτ	_	_
3.4	1315	[36]	’	b	_
3.4	1316	[1]	ἐργάσεται	_	_
3.4	1317	[1]	Μεγαλόσπλαγχνος	_	_
3.4	1318	[128]	,	b	_
3.4	1319	[1]	δυσκατάπαυστος	_	_
3.4	1320	[1]	Ψυχὴ	_	_
3.4	1321	[1]	δηχθεῖσα	_	_
3.4	1322	[1]	κακοῖσι	_	_
3.4	1323	[4]	;	b	_
3.4	1324	[2]	αὕτη	_	_
3.4	1325	[17]	μὲν	_	_
3.4	1326	[4]	οὖν	_	_
3.4	1327	[2]	μεγαλόσπλαγχνος	_	_
3.4	1328	[129]	,	b	_
3.4	1329	[2]	ἄσπλαγχνος	_	_
3.4	1330	[21]	δὲ	_	_
3.4	1331	[60]	καὶ	_	_
3.4	1332	[1]	μικρόσπλαγχνος	_	_
3.4	1333	[130]	,	b	_
3.4	1334	[2]	ᾧ	_	_
3.4	1335	[1]	φαῦλα	_	_
3.4	1336	[131]	,	b	_
3.4	1337	[61]	καὶ	_	_
3.4	1338	[1]	μικρὰ	_	_
3.4	1339	[132]	,	b	_
3.4	1340	[62]	καὶ	_	_
3.4	1341	[1]	βραδυκίνητα	_	_
3.4	1342	[133]	,	b	_
3.4	1343	[63]	καὶ	_	_
3.4	1344	[1]	δυσκίνητα	_	_
3.4	1345	[10]	τὰ	_	_
3.4	1346	[1]	τρία	_	_
3.4	1347	[12]	τῆς	_	_
3.4	1348	[4]	ψυχῆς	_	_
3.4	1349	[1]	μόρια	_	_
3.4	1350	[31]	.	b	_
3.4	1351	[1]	μεταξὺ	_	_
3.4	1352	[1]	δέ	_	_
3.4	1353	[3]	μοι	_	_
3.4	1354	[15]	τῶν	_	_
3.4	1355	[2]	λόγων	_	_
3.4	1356	[4]	ὧν	_	_
3.4	1357	[1]	διεξέρχομαι	_	_
3.4	1358	[27]	τὸ	_	_
3.4	1359	[1]	παραστὰν	_	_
3.4	1360	[5]	οὐκ	_	_
3.4	1361	[1]	ὀκνήσω	_	_
3.4	1362	[1]	φράσαι	_	_
3.4	1363	[7]	·	b	_
3.4	1364	[1]	λέλεκται	_	_
3.4	1365	[22]	δὲ	_	_
3.4	1366	[4]	ὑπὸ	_	_
3.4	1367	[16]	τῶν	_	_
3.4	1368	[1]	παλαιῶν	_	_
3.4	1369	[1]	φιλοσόφων	_	_
3.4	1370	[134]	,	b	_
3.4	1371	[10]	ὡς	_	_
3.4	1372	[6]	οὐκ	_	_
3.4	1373	[1]	ἐνδέχεταί	_	_
3.4	1374	[2]	τινα	_	_
3.4	1375	[1]	διαλεγόμενον	_	_
3.4	1376	[1]	ἀδολέσχοις	_	_
3.4	1377	[1]	ἀνθρώποις	_	_
3.4	1378	[1]	ἀποσχέσθαι	_	_
3.4	1379	[4]	τελέως	_	_
3.4	1380	[1]	ἁπά	_	_
3.4	1381	[1]	σης	_	_
3.4	1382	[1]	ἀδολεσχίας	_	_
3.4	1383	[32]	.	b	_
3.4	1384	[2]	ἔγωγ	_	_
3.4	1385	[37]	’	b	_
3.4	1386	[5]	οὖν	_	_
3.4	1387	[1]	ἠναγκάσθην	_	_
3.4	1388	[5]	ὑπὸ	_	_
3.4	1389	[10]	τοῦ	_	_
3.4	1390	[3]	Χρυσίππου	_	_
3.4	1391	[1]	προσχυθεὶς	_	_
3.4	1392	[2]	ἀδολεσχίας	_	_
3.4	1393	[1]	ἐξηγεῖσθαι	_	_
3.4	1394	[1]	τάς	_	_
3.4	1395	[11]	τε	_	_
3.4	1396	[17]	τῶν	_	_
3.4	1397	[2]	ἰδιωτῶν	_	_
3.4	1398	[64]	καὶ	_	_
3.4	1399	[2]	τὰς	_	_
3.4	1400	[1]	Εὐριπίδου	_	_
3.4	1401	[1]	φωνὰς	_	_
3.4	1402	[135]	,	b	_
3.4	1403	[1]	ὃ	_	_
3.4	1404	[1]	μήποτ	_	_
3.4	1405	[38]	’	b	_
3.4	1406	[6]	ἂν	_	_
3.4	1407	[1]	ἑκὼν	_	_
3.4	1408	[1]	ἐτόλμησα	_	_
3.4	1409	[1]	πρᾶξαι	_	_
3.4	1410	[3]	περὶ	_	_
3.4	1411	[1]	τηλικούτου	_	_
3.4	1412	[2]	δόγματος	_	_
3.4	1413	[1]	ἀποδείξεις	_	_
3.4	1414	[1]	γράφων	_	_
3.4	1415	[33]	.	b	_
3.4	1416	[2]	οὐχ	_	_
3.4	1417	[3]	ὅπως	_	_
3.4	1418	[10]	γὰρ	_	_
3.4	1419	[4]	Εὐριπίδης	_	_
3.4	1420	[136]	,	b	_
3.4	1421	[10]	ἢ	_	_
3.4	1422	[1]	Τυρταῖος	_	_
3.4	1423	[137]	,	b	_
3.4	1424	[1]	ἤ	_	_
3.4	1425	[1]	τις	_	_
3.4	1426	[1]	ἄλλος	_	_
3.4	1427	[2]	ποιητὴς	_	_
3.4	1428	[138]	,	b	_
3.4	1429	[11]	ἢ	_	_
3.4	1430	[65]	καὶ	_	_
3.4	1431	[3]	παντάπασιν	_	_
3.4	1432	[2]	ἰδιώτης	_	_
3.4	1433	[1]	ἱκανὸς	_	_
3.4	1434	[1]	πιστεύεσθαι	_	_
3.4	1435	[4]	περὶ	_	_
3.4	1436	[3]	δόγματος	_	_
3.4	1437	[1]	ἁπάσης	_	_
3.4	1438	[2]	ἀποδείξεως	_	_
3.4	1439	[1]	χωρὶς	_	_
3.4	1440	[139]	,	b	_
3.4	1441	[6]	ἀλλ	_	_
3.4	1442	[39]	’	b	_
3.4	1443	[4]	οὐδ	_	_
3.4	1444	[40]	’	b	_
3.4	1445	[2]	αὐτὸς	_	_
3.4	1446	[1]	ἁπάντων	_	_
3.4	1447	[1]	ἰατρῶν	_	_
3.4	1448	[1]	ὁμολογουμένως	_	_
3.4	1449	[1]	ἄριστος	_	_
3.4	1450	[1]	Ἱπποκράτης	_	_
3.4	1451	[140]	,	b	_
3.4	1452	[3]	ὥσπερ	_	_
3.4	1453	[3]	οὐδὲ	_	_
3.4	1454	[9]	ὁ	_	_
3.4	1455	[1]	πρῶτος	_	_
3.4	1456	[2]	ἁπάντων	_	_
3.4	1457	[2]	φιλοσόφων	_	_
3.4	1458	[1]	Πλάτων	_	_
3.4	1459	[34]	.	b	_
3.4	1460	[4]	οὐδὲ	_	_
3.4	1461	[11]	γὰρ	_	_
3.4	1462	[7]	ἂν	_	_
3.4	1463	[1]	ῥαγεῖεν	_	_
3.4	1464	[6]	ὑπὸ	_	_
3.4	1465	[2]	φθόνου	_	_
3.4	1466	[1]	σύμπαντες	_	_
3.4	1467	[9]	οἱ	_	_
3.4	1468	[2]	μετ	_	_
3.4	1469	[41]	’	b	_
3.4	1470	[3]	αὐτὸν	_	_
3.4	1471	[141]	,	b	_
3.4	1472	[5]	οὐδ	_	_
3.4	1473	[42]	’	b	_
3.4	1474	[8]	ἂν	_	_
3.4	1475	[7]	ὑπὸ	_	_
3.4	1476	[1]	φιλονεικίας	_	_
3.4	1477	[1]	ἀναίσχυντα	_	_
3.4	1478	[1]	σοφίζωνται	_	_
3.4	1479	[142]	,	b	_
3.4	1480	[3]	καθάπερ	_	_
3.4	1481	[10]	οἱ	_	_
3.4	1482	[5]	περὶ	_	_
3.4	1483	[7]	τὸν	_	_
3.4	1484	[2]	Χρύσιππον	_	_
3.4	1485	[143]	,	b	_
3.4	1486	[12]	ἢ	_	_
3.4	1487	[11]	τὴν	_	_
3.4	1488	[1]	δόξαν	_	_
3.4	1489	[1]	ὑπερβάλλεσθαί	_	_
3.4	1490	[1]	ποτε	_	_
3.4	1491	[1]	δυνήσονται	_	_
3.4	1492	[11]	τοῦ	_	_
3.4	1493	[3]	Πλάτωνος	_	_
3.4	1494	[144]	,	b	_
3.4	1495	[13]	ἢ	_	_
3.4	1496	[8]	τὸν	_	_
3.4	1497	[18]	τῶν	_	_
3.4	1498	[1]	ἀποδείξεων	_	_
3.4	1499	[1]	μιμήσασθαι	_	_
3.4	1500	[1]	κόσμον	_	_
3.4	1501	[35]	.	b	_
3.4	1502	[7]	ἀλλ	_	_
3.4	1503	[43]	’	b	_
3.4	1504	[1]	ὅμως	_	_
3.4	1505	[5]	οὐδὲ	_	_
3.4	1506	[3]	τούτοις	_	_
3.4	1507	[11]	τοῖς	_	_
3.4	1508	[1]	ἀνδράσι	_	_
3.4	1509	[1]	τοσοῦτον	_	_
3.4	1510	[3]	ὑπὲρ	_	_
3.4	1511	[15]	τοὺς	_	_
3.4	1512	[1]	ἄλλους	_	_
3.4	1513	[1]	ἐπιστήμῃ	_	_
3.4	1514	[12]	τὴν	_	_
3.4	1515	[2]	ψυχὴν	_	_
3.4	1516	[1]	κεκοσμημένοις	_	_
3.4	1517	[1]	οὐδεὶς	_	_
3.4	1518	[2]	νοῦν	_	_
3.4	1519	[1]	ἔχων	_	_
3.4	1520	[1]	ἁπλῶς	_	_
3.4	1521	[2]	εἰποῦσιν	_	_
3.4	1522	[1]	ἀξιοῖ	_	_
3.4	1523	[1]	πιστεύειν	_	_
3.4	1524	[145]	,	b	_
3.4	1525	[8]	ἀλλ	_	_
3.4	1526	[44]	’	b	_
3.4	1527	[1]	ἀναμένει	_	_
3.4	1528	[13]	τὴν	_	_
3.4	1529	[1]	ἀπόδειξιν	_	_
3.4	1530	[36]	.	b	_
3.4	1531	[10]	ὁ	_	_
3.4	1532	[2]	δέ	_	_
3.4	1533	[3]	γε	_	_
3.4	1534	[2]	Χρύσιππος	_	_
3.4	1535	[5]	ὧν	_	_
3.4	1536	[18]	μὲν	_	_
3.4	1537	[1]	οὗτοι	_	_
3.4	1538	[6]	λέγουσιν	_	_
3.4	1539	[2]	ἀποδείξεων	_	_
3.4	1540	[4]	ὑπὲρ	_	_
3.4	1541	[12]	τοῦ	_	_
3.4	1542	[1]	προκειμένου	_	_
3.4	1543	[4]	δόγματος	_	_
3.4	1544	[1]	οὔτε	_	_
3.4	1545	[1]	ἐμνημόνευσεν	_	_
3.4	1546	[1]	οὐδεμιᾶς	_	_
3.4	1547	[146]	,	b	_
3.4	1548	[1]	οὔτ	_	_
3.4	1549	[45]	’	b	_
3.4	1550	[1]	ἐξελέγχειν	_	_
3.4	1551	[1]	ἐπεχείρησεν	_	_
3.4	1552	[147]	,	b	_
3.4	1553	[7]	οὐκ	_	_
3.4	1554	[1]	αἰδεῖται	_	_
3.4	1555	[23]	δὲ	_	_
3.4	1556	[1]	Τυρταῖόν	_	_
3.4	1557	[12]	τε	_	_
3.4	1558	[66]	καὶ	_	_
3.4	1559	[1]	Στησίχορον	_	_
3.4	1560	[1]	ἐπικαλούμενος	_	_
3.4	1561	[1]	μάρτυρας	_	_
3.4	1562	[148]	,	b	_
3.4	1563	[3]	οὓς	_	_
3.4	1564	[4]	εἰ	_	_
3.4	1565	[67]	καὶ	_	_
3.4	1566	[1]	ζῶντας	_	_
3.4	1567	[1]	ἤρετό	_	_
3.4	1568	[2]	τις	_	_
3.4	1569	[6]	περὶ	_	_
3.4	1570	[2]	τούτων	_	_
3.4	1571	[19]	τῶν	_	_
3.4	1572	[2]	δογμάτων	_	_
3.4	1573	[1]	ἐπιστήμης	_	_
3.4	1574	[1]	ἀμφισβητοῦσιν	_	_
3.4	1575	[149]	,	b	_
3.4	1576	[1]	ἐξωμολογήσαντο	_	_
3.4	1577	[9]	ἂν	_	_
3.4	1578	[1]	εὖ	_	_
3.4	1579	[1]	οἶδ	_	_
3.4	1580	[46]	’	b	_
3.4	1581	[4]	ὅτι	_	_
3.4	1582	[3]	μηδὲν	_	_
3.4	1583	[1]	ἐπαΐειν	_	_
3.4	1584	[5]	αὐτῶν	_	_
3.4	1585	[150]	,	b	_
3.4	1586	[1]	αὐτοὶ	_	_
3.4	1587	[24]	δὲ	_	_
3.4	1588	[4]	μᾶλλον	_	_
3.4	1589	[10]	ἂν	_	_
3.4	1590	[151]	,	b	_
3.4	1591	[3]	οἶμαι	_	_
3.4	1592	[152]	,	b	_
3.4	1593	[2]	παρὰ	_	_
3.4	1594	[4]	Χρυσίππου	_	_
3.4	1595	[5]	τι	_	_
3.4	1596	[1]	μαθεῖν	_	_
3.4	1597	[153]	,	b	_
3.4	1598	[14]	ἢ	_	_
3.4	1599	[1]	παρ	_	_
3.4	1600	[47]	’	b	_
3.4	1601	[6]	αὐτῶν	_	_
3.4	1602	[1]	ἀποδεικνύειν	_	_
3.4	1603	[1]	ἠξίωσαν	_	_
3.4	1604	[37]	.	b	_
3.4	1605	[2]	εἶτα	_	_
3.4	1606	[2]	δηλαδὴ	_	_
3.4	1607	[3]	Χρύσιππος	_	_
3.4	1608	[11]	ἂν	_	_
3.4	1609	[5]	ἐπὶ	_	_
3.4	1610	[16]	τοὺς	_	_
3.4	1611	[1]	ἰδιώτας	_	_
3.4	1612	[1]	ἦγεν	_	_
3.4	1613	[2]	αὐτοὺς	_	_
3.4	1614	[154]	,	b	_
3.4	1615	[11]	ὁ	_	_
3.4	1616	[1]	σοφὸς	_	_
3.4	1617	[6]	ἐπὶ	_	_
3.4	1618	[17]	τοὺς	_	_
3.4	1619	[1]	ἀμαθεῖς	_	_
3.4	1620	[155]	,	b	_
3.4	1621	[12]	ὁ	_	_
3.4	1622	[1]	σώφρων	_	_
3.4	1623	[7]	ἐπὶ	_	_
3.4	1624	[18]	τοὺς	_	_
3.4	1625	[1]	μαινομένους	_	_
3.4	1626	[156]	,	b	_
3.4	1627	[13]	ὁ	_	_
3.4	1628	[3]	λόγων	_	_
3.4	1629	[1]	ἀκολουθίαν	_	_
3.4	1630	[1]	εἰδὼς	_	_
3.4	1631	[8]	ἐπὶ	_	_
3.4	1632	[19]	τοὺς	_	_
3.4	1633	[1]	διαφερομένους	_	_
3.4	1634	[7]	πρὸς	_	_
3.4	1635	[1]	ἀλλήλους	_	_
3.4	1636	[13]	τε	_	_
3.4	1637	[68]	καὶ	_	_
3.4	1638	[1]	ἑαυτοὺς	_	_
3.4	1639	[10]	κατὰ	_	_
3.4	1640	[1]	πάντα	_	_
3.4	1641	[1]	καιρὸν	_	_
3.4	1642	[16]	ἐν	_	_
3.4	1643	[3]	λόγοις	_	_
3.4	1644	[14]	τε	_	_
3.4	1645	[4]	ἅμα	_	_
3.4	1646	[69]	καὶ	_	_
3.4	1647	[1]	πράξεσιν	_	_
3.4	1648	[38]	.	b	_
3.4	1649	[9]	ἀλλ	_	_
3.4	1650	[48]	’	b	_
3.4	1651	[5]	εἰ	_	_
3.4	1652	[70]	καὶ	_	_
3.4	1653	[1]	μαίνονται	_	_
3.4	1654	[11]	τὰ	_	_
3.4	1655	[2]	πάντα	_	_
3.4	1656	[71]	καὶ	_	_
3.4	1657	[1]	διαφέρονται	_	_
3.4	1658	[8]	πρὸς	_	_
3.4	1659	[2]	ἀλλήλους	_	_
3.4	1660	[15]	τε	_	_
3.4	1661	[72]	καὶ	_	_
3.4	1662	[2]	ἑαυτοὺς	_	_
3.4	1663	[3]	ἅπαντες	_	_
3.4	1664	[11]	οἱ	_	_
3.4	1665	[2]	ἰδιῶται	_	_
3.4	1666	[157]	,	b	_
3.4	1667	[4]	τοῦτο	_	_
3.4	1668	[2]	γοῦν	_	_
3.4	1669	[158]	,	b	_
3.4	1670	[4]	οἶμαι	_	_
3.4	1671	[159]	,	b	_
3.4	1672	[1]	σῶφρον	_	_
3.4	1673	[1]	ἔχουσι	_	_
3.4	1674	[160]	,	b	_
3.4	1675	[28]	τὸ	_	_
3.4	1676	[13]	μὴ	_	_
3.4	1677	[2]	καλεῖν	_	_
3.4	1678	[2]	ἐφ	_	_
3.4	1679	[49]	’	b	_
3.4	1680	[1]	ἃ	_	_
3.4	1681	[1]	λέγουσι	_	_
3.4	1682	[20]	τοὺς	_	_
3.4	1683	[1]	καταμαρτυρήσοντας	_	_
3.4	1684	[1]	ἑαυτῶν	_	_
3.4	1685	[39]	.	b	_
3.4	1686	[4]	ἡ	_	_
3.4	1687	[25]	δὲ	_	_
3.4	1688	[5]	Χρυσίππου	_	_
3.4	1689	[1]	σοφία	_	_
3.4	1690	[73]	καὶ	_	_
3.4	1691	[13]	τῆς	_	_
3.4	1692	[20]	τῶν	_	_
3.4	1693	[3]	ἰδιωτῶν	_	_
3.4	1694	[1]	ἀμαθίας	_	_
3.4	1695	[1]	ἐπέκεινα	_	_
3.4	1696	[1]	προελήλυθεν	_	_
3.4	1697	[8]	·	b	_
3.4	1698	[2]	ἐπικαλεῖται	_	_
3.4	1699	[12]	γὰρ	_	_
3.4	1700	[2]	μάρτυρας	_	_
3.4	1701	[161]	,	b	_
3.4	1702	[3]	ὑφ	_	_
3.4	1703	[50]	’	b	_
3.4	1704	[6]	ὧν	_	_
3.4	1705	[1]	κατακρίνεται	_	_
3.4	1706	[40]	.	b	_
3.4	1707	[1]	τούτου	_	_
3.4	1708	[1]	χάριν	_	_
3.4	1709	[2]	ἠναγκάσθην	_	_
3.4	1710	[1]	κᾀγὼ	_	_
3.4	1711	[2]	νῦν	_	_
3.4	1712	[1]	ἀδολεσχεῖν	_	_
3.4	1713	[162]	,	b	_
3.4	1714	[1]	ἵν	_	_
3.4	1715	[51]	’	b	_
3.4	1716	[1]	ἐπιδείξω	_	_
3.4	1717	[9]	τὸν	_	_
3.4	1718	[3]	Χρύσιππον	_	_
3.4	1719	[17]	ἐν	_	_
3.4	1720	[1]	ἅπασι	_	_
3.4	1721	[1]	μέγιστα	_	_
3.4	1722	[1]	σφαλλόμενον	_	_
3.4	1723	[41]	.	b	_
3.4	1724	[2]	οὔτε	_	_
3.4	1725	[13]	γὰρ	_	_
3.4	1726	[2]	ἐμνημόνευσεν	_	_
3.4	1727	[2]	οὐδεμιᾶς	_	_
3.4	1728	[21]	τῶν	_	_
3.4	1729	[8]	ὑπὸ	_	_
3.4	1730	[1]	Πλάτωνός	_	_
3.4	1731	[16]	τε	_	_
3.4	1732	[74]	καὶ	_	_
3.4	1733	[1]	Ἱπποκράτους	_	_
3.4	1734	[1]	εἰρημένων	_	_
3.4	1735	[3]	ἀποδείξεων	_	_
3.4	1736	[163]	,	b	_
3.4	1737	[3]	οὔτε	_	_
3.4	1738	[1]	ἀντεῖπεν	_	_
3.4	1739	[164]	,	b	_
3.4	1740	[2]	οὔτ	_	_
3.4	1741	[52]	’	b	_
3.4	1742	[1]	αὐτός	_	_
3.4	1743	[3]	τινα	_	_
3.4	1744	[1]	εἶπεν	_	_
3.4	1745	[1]	ἑτέραν	_	_
3.4	1746	[2]	ἀπόδειξιν	_	_
3.4	1747	[165]	,	b	_
3.4	1748	[4]	οὔτε	_	_
3.4	1749	[1]	οἶδεν	_	_
3.4	1750	[166]	,	b	_
3.4	1751	[4]	οὓς	_	_
3.4	1752	[3]	χρὴ	_	_
3.4	1753	[3]	καλεῖν	_	_
3.4	1754	[3]	μάρτυρας	_	_
3.4	1755	[42]	.	b	_
3.4	1756	[1]	ἐπεδείξαμεν	_	_
3.4	1757	[6]	οὖν	_	_
3.4	1758	[2]	ἤδη	_	_
3.4	1759	[75]	καὶ	_	_
3.4	1760	[4]	διὰ	_	_
3.4	1761	[13]	τοῦ	_	_
3.4	1762	[1]	πρώτου	_	_
3.4	1763	[1]	βιβλίου	_	_
3.4	1764	[7]	περὶ	_	_
3.4	1765	[14]	τῆς	_	_
3.4	1766	[9]	πρὸς	_	_
3.4	1767	[1]	ἑαυτὸν	_	_
3.4	1768	[1]	ἐναντιολογίας	_	_
3.4	1769	[14]	τοῦ	_	_
3.4	1770	[6]	Χρυσίππου	_	_
3.4	1771	[9]	·	b	_
3.4	1772	[1]	πρόδηλος	_	_
3.4	1773	[26]	δὲ	_	_
3.4	1774	[76]	καὶ	_	_
3.4	1775	[3]	νῦν	_	_
3.4	1776	[3]	ἐστιν	_	_
3.4	1777	[5]	ἡ	_	_
3.4	1778	[1]	ἀναισθησία	_	_
3.4	1779	[2]	τἀνδρὸς	_	_
3.4	1780	[167]	,	b	_
3.4	1781	[2]	ἃ	_	_
3.4	1782	[1]	χρῆν	_	_
3.4	1783	[1]	ἀποκρύπτειν	_	_
3.4	1784	[2]	ἐναργῶς	_	_
3.4	1785	[1]	καταβάλλοντα	_	_
3.4	1786	[10]	τὸν	_	_
3.4	1787	[2]	λόγον	_	_
3.4	1788	[3]	αὐτοῦ	_	_
3.4	1789	[168]	,	b	_
3.4	1790	[1]	ταῦτ	_	_
3.4	1791	[53]	’	b	_
3.4	1792	[6]	οὐ	_	_
3.4	1793	[2]	μόνον	_	_
3.4	1794	[1]	ἀποκρύπτοντος	_	_
3.4	1795	[169]	,	b	_
3.4	1796	[4]	ἀλλὰ	_	_
3.4	1797	[77]	καὶ	_	_
3.4	1798	[1]	μαρτυρεῖν	_	_
3.4	1799	[1]	ὑπολαμβάνοντος	_	_
3.4	1800	[43]	.	b	_
3.5	1	[1]	Ἀποχωρήσαντες	_	_
3.5	2	[1]	οὖν	_	_
3.5	3	[1]	ἤδη	_	_
3.5	4	[1]	τῶν	_	_
3.5	5	[1]	τοιούτων	_	_
3.5	6	[1]	,	b	_
3.5	7	[1]	ἴδωμεν	_	_
3.5	8	[1]	ἑξῆς	_	_
3.5	9	[1]	ἅπαντας	_	_
3.5	10	[1]	οὓς	_	_
3.5	11	[1]	ἐρωτᾷ	_	_
3.5	12	[1]	λόγους	_	_
3.5	13	[2]	,	b	_
3.5	14	[1]	ἐπὶ	_	_
3.5	15	[1]	τὴν	_	_
3.5	16	[1]	ἀρχὴν	_	_
3.5	17	[1]	αὖθις	_	_
3.5	18	[1]	ἀνελθόντες	_	_
3.5	19	[1]	ἅπαντος	_	_
3.5	20	[1]	τοῦ	_	_
3.5	21	[1]	λόγου	_	_
3.5	22	[3]	,	b	_
3.5	23	[1]	πρὸς	_	_
3.5	24	[1]	τὸ	_	_
3.5	25	[1]	μηδὲν	_	_
3.5	26	[1]	παρελθεῖν	_	_
3.5	27	[1]	.	b	_
3.5	28	[1]	παραθήσομαι	_	_
3.5	29	[1]	δὲ	_	_
3.5	30	[2]	τὴν	_	_
3.5	31	[1]	ῥῆσιν	_	_
3.5	32	[1]	ἅπασαν	_	_
3.5	33	[4]	,	b	_
3.5	34	[1]	εἰ	_	_
3.5	35	[1]	καὶ	_	_
3.5	36	[1]	μακροτέρα	_	_
3.5	37	[1]	πώς	_	_
3.5	38	[1]	ἐστιν	_	_
3.5	39	[5]	,	b	_
3.5	40	[1]	ἔχουσαν	_	_
3.5	41	[1]	ᾧδε	_	_
3.5	42	[2]	.	b	_
3.5	43	[1]	τῆς	_	_
3.5	44	[1]	μὲν	_	_
3.5	45	[2]	οὖν	_	_
3.5	46	[1]	ὀργῆς	_	_
3.5	47	[1]	γιγνομένης	_	_
3.5	48	[1]	ἐνταῦθα	_	_
3.5	49	[6]	,	b	_
3.5	50	[1]	εὔλογον	_	_
3.5	51	[2]	καὶ	_	_
3.5	52	[1]	τὰς	_	_
3.5	53	[1]	λοιπὰς	_	_
3.5	54	[1]	ἐπιθυμίας	_	_
3.5	55	[1]	ἐνταῦθ	_	_
3.5	56	[1]	’	b	_
3.5	57	[1]	εἶναι	_	_
3.5	58	[7]	,	b	_
3.5	59	[3]	καὶ	_	_
3.5	60	[2]	ἤδη	_	_
3.5	61	[1]	τὰ	_	_
3.5	62	[1]	λοιπὰ	_	_
3.5	63	[1]	πάθη	_	_
3.5	64	[8]	,	b	_
3.5	65	[4]	καὶ	_	_
3.5	66	[1]	τοὺς	_	_
3.5	67	[1]	διαλογισμοὺς	_	_
3.5	68	[9]	,	b	_
3.5	69	[5]	καὶ	_	_
3.5	70	[1]	ὅσα	_	_
3.5	71	[1]	τούτοις	_	_
3.5	72	[1]	ἐστὶ	_	_
3.5	73	[1]	παραπλήσια	_	_
3.5	74	[3]	.	b	_
3.5	75	[1]	σαινόμενοι	_	_
3.5	76	[2]	δὲ	_	_
3.5	77	[1]	φήμῃ	_	_
3.5	78	[1]	οἱ	_	_
3.5	79	[1]	πολλοὶ	_	_
3.5	80	[1]	τούτων	_	_
3.5	81	[10]	,	b	_
3.5	82	[1]	πολλὰ	_	_
3.5	83	[1]	κατὰ	_	_
3.5	84	[3]	τὴν	_	_
3.5	85	[1]	ἀλήθειαν	_	_
3.5	86	[1]	ἐπιλέγουσι	_	_
3.5	87	[1]	τοιαῦτα	_	_
3.5	88	[1]	ἐχόμενοι	_	_
3.5	89	[2]	τῆς	_	_
3.5	90	[1]	ῥηθείσης	_	_
3.5	91	[1]	φορᾶς	_	_
3.5	92	[4]	.	b	_
3.5	93	[1]	πρῶτον	_	_
3.5	94	[2]	μὲν	_	_
3.5	95	[1]	γὰρ	_	_
3.5	96	[11]	,	b	_
3.5	97	[1]	ἵνα	_	_
3.5	98	[1]	πάντες	_	_
3.5	99	[1]	ἐντεῦθεν	_	_
3.5	100	[1]	ἄρξωμαι	_	_
3.5	101	[12]	,	b	_
3.5	102	[2]	κατὰ	_	_
3.5	103	[1]	τοῦτό	_	_
3.5	104	[1]	φασιν	_	_
3.5	105	[1]	ἀναβαίνειν	_	_
3.5	106	[1]	τινὲς	_	_
3.5	107	[1]	τὸν	_	_
3.5	108	[1]	θυμὸν	_	_
3.5	109	[13]	,	b	_
3.5	110	[6]	καὶ	_	_
3.5	111	[1]	καταπίνειν	_	_
3.5	112	[4]	τὴν	_	_
3.5	113	[1]	χολήν	_	_
3.5	114	[1]	τινας	_	_
3.5	115	[1]	ἀξιοῦσι	_	_
3.5	116	[1]	λέγοντές	_	_
3.5	117	[1]	τε	_	_
3.5	118	[1]	καταπίνεσθαί	_	_
3.5	119	[1]	τινα	_	_
3.5	120	[1]	αὐτοῖς	_	_
3.5	121	[1]	σπαράγματα	_	_
3.5	122	[14]	,	b	_
3.5	123	[7]	καὶ	_	_
3.5	124	[1]	μὴ	_	_
3.5	125	[1]	καταπίνεσθαι	_	_
3.5	126	[3]	κατὰ	_	_
3.5	127	[5]	τὴν	_	_
3.5	128	[1]	τοιαύτην	_	_
3.5	129	[1]	φορὰν	_	_
3.5	130	[1]	λέγομεν	_	_
3.5	131	[5]	.	b	_
3.5	132	[1]	οὕτω	_	_
3.5	133	[3]	δὲ	_	_
3.5	134	[1]	λέγεσθαι	_	_
3.5	135	[15]	,	b	_
3.5	136	[8]	καὶ	_	_
3.5	137	[2]	μηδὲν	_	_
3.5	138	[2]	αὐτοῖς	_	_
3.5	139	[2]	τούτων	_	_
3.5	140	[1]	καταβαίνειν	_	_
3.5	141	[16]	,	b	_
3.5	142	[9]	καὶ	_	_
3.5	143	[1]	ὅτι	_	_
3.5	144	[1]	καταπιὼν	_	_
3.5	145	[2]	τὸ	_	_
3.5	146	[1]	ῥηθὲν	_	_
3.5	147	[17]	,	b	_
3.5	148	[1]	ἀπῆλθεν	_	_
3.5	149	[1]	ὅ	_	_
3.5	150	[2]	τε	_	_
3.5	151	[1]	Ζήνων	_	_
3.5	152	[2]	πρὸς	_	_
3.5	153	[2]	τοὺς	_	_
3.5	154	[1]	ἐπιλαμβανομένους	_	_
3.5	155	[18]	,	b	_
3.5	156	[2]	ὅτι	_	_
3.5	157	[1]	πάντα	_	_
3.5	158	[2]	τὰ	_	_
3.5	159	[1]	ζητούμενα	_	_
3.5	160	[1]	εἰς	_	_
3.5	161	[3]	τὸ	_	_
3.5	162	[1]	στόμα	_	_
3.5	163	[1]	φέρειν	_	_
3.5	164	[1]	ἔφησεν	_	_
3.5	165	[19]	,	b	_
3.5	166	[1]	ἀλλ	_	_
3.5	167	[2]	’	b	_
3.5	168	[1]	οὐ	_	_
3.5	169	[2]	πάντα	_	_
3.5	170	[1]	καταπίνεται	_	_
3.5	171	[20]	,	b	_
3.5	172	[1]	οὔτε	_	_
3.5	173	[3]	τῆς	_	_
3.5	174	[1]	καταπόσεως	_	_
3.5	175	[1]	ἄλλως	_	_
3.5	176	[1]	ἂν	_	_
3.5	177	[1]	οἰκειότερον	_	_
3.5	178	[1]	λεγομένης	_	_
3.5	179	[21]	,	b	_
3.5	180	[2]	οὔτε	_	_
3.5	181	[4]	τῆς	_	_
3.5	182	[1]	καταβάσεως	_	_
3.5	183	[2]	τῶν	_	_
3.5	184	[1]	ῥηθέντων	_	_
3.5	185	[22]	,	b	_
3.5	186	[2]	εἰ	_	_
3.5	187	[2]	μὴ	_	_
3.5	188	[1]	περὶ	_	_
3.5	189	[2]	τὸν	_	_
3.5	190	[1]	θώρακα	_	_
3.5	191	[4]	τὸ	_	_
3.5	192	[1]	|ἡγεμονικὸν	_	_
3.5	193	[1]	ἡμῶν	_	_
3.5	194	[1]	ἦν	_	_
3.5	195	[23]	,	b	_
3.5	196	[2]	εἰς	_	_
3.5	197	[1]	ὃ	_	_
3.5	198	[1]	ταῦτα	_	_
3.5	199	[3]	πάντα	_	_
3.5	200	[1]	φέρεται	_	_
3.5	201	[6]	.	b	_
3.5	202	[1]	ἐν	_	_
3.5	203	[1]	γοῦν	_	_
3.5	204	[1]	τῇ	_	_
3.5	205	[1]	κεφαλῇ	_	_
3.5	206	[1]	ὄντος	_	_
3.5	207	[1]	αὐτοῦ	_	_
3.5	208	[1]	γελοίως	_	_
3.5	209	[1]	ῥηθήσεται	_	_
3.5	210	[10]	καὶ	_	_
3.5	211	[1]	ἀλλοτρίως	_	_
3.5	212	[2]	καταβαίνειν	_	_
3.5	213	[7]	.	b	_
3.5	214	[2]	ἀναβαίνειν	_	_
3.5	215	[1]	δ	_	_
3.5	216	[3]	’	b	_
3.5	217	[2]	ἂν	_	_
3.5	218	[1]	οἶμαι	_	_
3.5	219	[2]	οἰκειότερον	_	_
3.5	220	[1]	αὐτῶν	_	_
3.5	221	[1]	λεγομένων	_	_
3.5	222	[24]	,	b	_
3.5	223	[11]	καὶ	_	_
3.5	224	[2]	οὐ	_	_
3.5	225	[3]	καταβαίνειν	_	_
3.5	226	[3]	τὸν	_	_
3.5	227	[1]	προειρημένον	_	_
3.5	228	[1]	τρόπον	_	_
3.5	229	[5]	τῆς	_	_
3.5	230	[4]	κατὰ	_	_
3.5	231	[6]	τὴν	_	_
3.5	232	[1]	ἀκοὴν	_	_
3.5	233	[1]	αἰσθήσεως	_	_
3.5	234	[1]	καταφερομένης	_	_
3.5	235	[2]	περὶ	_	_
3.5	236	[7]	τὴν	_	_
3.5	237	[1]	διάνοιαν	_	_
3.5	238	[25]	,	b	_
3.5	239	[1]	ἐὰν	_	_
3.5	240	[1]	ᾖ	_	_
3.5	241	[3]	περὶ	_	_
3.5	242	[4]	τὸν	_	_
3.5	243	[2]	θώρακα	_	_
3.5	244	[26]	,	b	_
3.5	245	[1]	οἰκείως	_	_
3.5	246	[1]	κατάβασις	_	_
3.5	247	[2]	ῥηθήσεται	_	_
3.5	248	[1]	·	b	_
3.5	249	[2]	ἐὰν	_	_
3.5	250	[4]	δὲ	_	_
3.5	251	[4]	περὶ	_	_
3.5	252	[8]	τὴν	_	_
3.5	253	[1]	κεφαλὴν	_	_
3.5	254	[27]	,	b	_
3.5	255	[1]	ἀλλοτριώτερον	_	_
3.5	256	[8]	.	b	_
3.5	257	[2]	ἐν	_	_
3.5	258	[2]	τούτοις	_	_
3.5	259	[1]	πάλιν	_	_
3.5	260	[1]	ὁ	_	_
3.5	261	[1]	Χρύσιππος	_	_
3.5	262	[1]	οὐκ	_	_
3.5	263	[1]	αἰσθάνεται	_	_
3.5	264	[3]	τοὺς	_	_
3.5	265	[1]	ἰδιώτας	_	_
3.5	266	[1]	ἐφ	_	_
3.5	267	[4]	’	b	_
3.5	268	[1]	ἑαυτὸν	_	_
3.5	269	[1]	καλῶν	_	_
3.5	270	[2]	·	b	_
3.5	271	[5]	τὸ	_	_
3.5	272	[2]	γὰρ	_	_
3.5	273	[3]	ἀναβαίνειν	_	_
3.5	274	[5]	τὸν	_	_
3.5	275	[2]	θυμὸν	_	_
3.5	276	[28]	,	b	_
3.5	277	[1]	ἢ	_	_
3.5	278	[4]	καταβαίνειν	_	_
3.5	279	[9]	τὴν	_	_
3.5	280	[1]	χολὴν	_	_
3.5	281	[29]	,	b	_
3.5	282	[2]	ὅσα	_	_
3.5	283	[1]	τ	_	_
3.5	284	[5]	’	b	_
3.5	285	[1]	ἄλλα	_	_
3.5	286	[2]	τοιαῦτα	_	_
3.5	287	[1]	λέγεται	_	_
3.5	288	[30]	,	b	_
3.5	289	[1]	μαρτυρεῖ	_	_
3.5	290	[1]	τοῖς	_	_
3.5	291	[6]	τὸν	_	_
3.5	292	[1]	θυμόν	_	_
3.5	293	[3]	τε	_	_
3.5	294	[12]	καὶ	_	_
3.5	295	[1]	ὅλως	_	_
3.5	296	[3]	τὰ	_	_
3.5	297	[2]	πάθη	_	_
3.5	298	[1]	κάτω	_	_
3.5	299	[1]	που	_	_
3.5	300	[1]	τετάχθαι	_	_
3.5	301	[1]	νομίζουσιν	_	_
3.5	302	[31]	,	b	_
3.5	303	[1]	ὥσπερ	_	_
3.5	304	[3]	ἐν	_	_
3.5	305	[2]	τῇ	_	_
3.5	306	[2]	κεφαλῇ	_	_
3.5	307	[7]	τὸν	_	_
3.5	308	[1]	λογισμόν	_	_
3.5	309	[9]	.	b	_
3.5	310	[1]	τηνικαῦτα	_	_
3.5	311	[3]	γὰρ	_	_
3.5	312	[1]	οἶδα	_	_
3.5	313	[13]	καὶ	_	_
3.5	314	[6]	τὸ	_	_
3.5	315	[3]	μὴ	_	_
3.5	316	[5]	καταβαίνειν	_	_
3.5	317	[1]	ἑαυτοῖς	_	_
3.5	318	[4]	τὰ	_	_
3.5	319	[1]	εἰρημένα	_	_
3.5	320	[1]	λέγοντας	_	_
3.5	321	[4]	τοὺς	_	_
3.5	322	[1]	πολλοὺς	_	_
3.5	323	[32]	,	b	_
3.5	324	[2]	οὐκ	_	_
3.5	325	[1]	ἐπειδὰν	_	_
3.5	326	[4]	μὴ	_	_
3.5	327	[1]	παρακολουθῶσι	_	_
3.5	328	[33]	,	b	_
3.5	329	[1]	μηδὲ	_	_
3.5	330	[1]	μανθάνωσι	_	_
3.5	331	[3]	τῶν	_	_
3.5	332	[2]	λεγομένων	_	_
3.5	333	[34]	,	b	_
3.5	334	[2]	ἐπειδὰν	_	_
3.5	335	[1]	λέγηται	_	_
3.5	336	[3]	μὲν	_	_
3.5	337	[2]	τινα	_	_
3.5	338	[1]	ὡς	_	_
3.5	339	[1]	ὀργὴν	_	_
3.5	340	[35]	,	b	_
3.5	341	[2]	ἢ	_	_
3.5	342	[1]	λύπην	_	_
3.5	343	[36]	,	b	_
3.5	344	[3]	ἢ	_	_
3.5	345	[3]	θυμὸν	_	_
3.5	346	[37]	,	b	_
3.5	347	[1]	ἤ	_	_
3.5	348	[1]	τι	_	_
3.5	349	[1]	τοιοῦτον	_	_
3.5	350	[1]	πάθος	_	_
3.5	351	[1]	ἐγκαλεσόμενα	_	_
3.5	352	[38]	,	b	_
3.5	353	[5]	μὴ	_	_
3.5	354	[1]	φροντίζῃ	_	_
3.5	355	[5]	δὲ	_	_
3.5	356	[2]	αὐτῶν	_	_
3.5	357	[2]	ὁ	_	_
3.5	358	[1]	ἀκούων	_	_
3.5	359	[39]	,	b	_
3.5	360	[2]	μηδὲ	_	_
3.5	361	[1]	κινῆται	_	_
3.5	362	[5]	κατὰ	_	_
3.5	363	[2]	πάθος	_	_
3.5	364	[10]	.	b	_
3.5	365	[1]	αὕτη	_	_
3.5	366	[4]	μὲν	_	_
3.5	367	[3]	οὖν	_	_
3.5	368	[1]	ἡ	_	_
3.5	369	[1]	ἀδολεσχία	_	_
3.5	370	[1]	τοῦτο	_	_
3.5	371	[7]	τὸ	_	_
3.5	372	[1]	πέρας	_	_
3.5	373	[1]	ἐχέτω	_	_
3.5	374	[11]	.	b	_
3.5	375	[1]	μετὰ	_	_
3.5	376	[2]	ταῦτα	_	_
3.5	377	[2]	δ	_	_
3.5	378	[6]	’	b	_
3.5	379	[3]	ὁ	_	_
3.5	380	[2]	Χρύσιππος	_	_
3.5	381	[1]	τοιᾶσδ	_	_
3.5	382	[7]	’	b	_
3.5	383	[1]	ἑτέρας	_	_
3.5	384	[1]	μέμνηται	_	_
3.5	385	[12]	.	b	_
3.5	386	[1]	αἱ	_	_
3.5	387	[6]	δὲ	_	_
3.5	388	[1]	γυναῖκες	_	_
3.5	389	[14]	καὶ	_	_
3.5	390	[1]	μᾶλλόν	_	_
3.5	391	[2]	τι	_	_
3.5	392	[3]	τούτων	_	_
3.5	393	[1]	ἐμφαίνουσιν	_	_
3.5	394	[13]	.	b	_
3.5	395	[3]	εἰ	_	_
3.5	396	[4]	γὰρ	_	_
3.5	397	[6]	μὴ	_	_
3.5	398	[1]	καταβαίνει	_	_
3.5	399	[1]	αὐταῖς	_	_
3.5	400	[5]	τὰ	_	_
3.5	401	[1]	λεγόμενα	_	_
3.5	402	[40]	,	b	_
3.5	403	[1]	πολλάκις	_	_
3.5	404	[8]	τὸν	_	_
3.5	405	[1]	δάκτυλον	_	_
3.5	406	[1]	κατάγουσι	_	_
3.5	407	[1]	ἕως	_	_
3.5	408	[2]	τοῦ	_	_
3.5	409	[6]	κατὰ	_	_
3.5	410	[10]	τὴν	_	_
3.5	411	[1]	καρδίαν	_	_
3.5	412	[1]	τόπου	_	_
3.5	413	[41]	,	b	_
3.5	414	[3]	οὐ	_	_
3.5	415	[1]	φάσκουσαι	_	_
3.5	416	[6]	καταβαίνειν	_	_
3.5	417	[2]	ᾧδε	_	_
3.5	418	[6]	τὰ	_	_
3.5	419	[2]	εἰρημένα	_	_
3.5	420	[14]	.	b	_
3.5	421	[2]	τοῦτο	_	_
3.5	422	[8]	τὸ	_	_
3.5	423	[1]	ἐπιχείρημα	_	_
3.5	424	[2]	τοῖς	_	_
3.5	425	[1]	ἔμπροσθεν	_	_
3.5	426	[1]	ὁμογενές	_	_
3.5	427	[2]	ἐστιν	_	_
3.5	428	[42]	,	b	_
3.5	429	[1]	δύο	_	_
3.5	430	[1]	ἕτερα	_	_
3.5	431	[1]	προσειληφὸς	_	_
3.5	432	[1]	ἐπιχειρήματα	_	_
3.5	433	[1]	πάνσοφα	_	_
3.5	434	[43]	,	b	_
3.5	435	[1]	τό	_	_
3.5	436	[4]	τε	_	_
3.5	437	[1]	γυναῖκας	_	_
3.5	438	[2]	εἶναι	_	_
3.5	439	[2]	τὰς	_	_
3.5	440	[1]	λεγούσας	_	_
3.5	441	[1]	αὐτὰ	_	_
3.5	442	[44]	,	b	_
3.5	443	[15]	καὶ	_	_
3.5	444	[7]	μὴ	_	_
3.5	445	[45]	,	b	_
3.5	446	[2]	ὥσπερ	_	_
3.5	447	[7]	τὰ	_	_
3.5	448	[1]	πρόσθεν	_	_
3.5	449	[46]	,	b	_
3.5	450	[5]	τοὺς	_	_
3.5	451	[1]	ἄνδρας	_	_
3.5	452	[47]	,	b	_
3.5	453	[2]	τό	_	_
3.5	454	[5]	τε	_	_
3.5	455	[16]	καὶ	_	_
3.5	456	[3]	τῇ	_	_
3.5	457	[1]	δείξει	_	_
3.5	458	[1]	δηλοῦν	_	_
3.5	459	[3]	ὥσπερ	_	_
3.5	460	[1]	ὀρχουμένας	_	_
3.5	461	[48]	,	b	_
3.5	462	[1]	ἅπερ	_	_
3.5	463	[4]	ὁ	_	_
3.5	464	[1]	λόγος	_	_
3.5	465	[2]	ἐπὶ	_	_
3.5	466	[4]	τῶν	_	_
3.5	467	[1]	ἀνδρῶν	_	_
3.5	468	[1]	ἐδήλου	_	_
3.5	469	[15]	.	b	_
3.5	470	[1]	ἀλλά	_	_
3.5	471	[1]	τοι	_	_
3.5	472	[1]	κᾀνταῦθα	_	_
3.5	473	[49]	,	b	_
3.5	474	[1]	γενναιότατε	_	_
3.5	475	[1]	Χρύσιππε	_	_
3.5	476	[50]	,	b	_
3.5	477	[7]	κατὰ	_	_
3.5	478	[1]	σαυτοῦ	_	_
3.5	479	[1]	καλεῖς	_	_
3.5	480	[3]	τὰς	_	_
3.5	481	[2]	γυναῖκας	_	_
3.5	482	[1]	μάρτυρας	_	_
3.5	483	[16]	.	b	_
3.5	484	[1]	οὐδὲ	_	_
3.5	485	[5]	γὰρ	_	_
3.5	486	[1]	αὗται	_	_
3.5	487	[1]	λέγουσιν	_	_
3.5	488	[1]	οὕτως	_	_
3.5	489	[51]	,	b	_
3.5	490	[1]	οὐδ	_	_
3.5	491	[8]	’	b	_
3.5	492	[1]	ὀρχοῦνται	_	_
3.5	493	[1]	ταῖς	_	_
3.5	494	[1]	χερσὶν	_	_
3.5	495	[52]	,	b	_
3.5	496	[2]	ὡς	_	_
3.5	497	[1]	εἴρηκας	_	_
3.5	498	[53]	,	b	_
3.5	499	[3]	ἐπειδὰν	_	_
3.5	500	[1]	ἀρνῶνται	_	_
3.5	501	[1]	συνιέναι	_	_
3.5	502	[5]	τῶν	_	_
3.5	503	[3]	λεγομένων	_	_
3.5	504	[54]	,	b	_
3.5	505	[2]	ἀλλ	_	_
3.5	506	[9]	’	b	_
3.5	507	[1]	ὅταν	_	_
3.5	508	[1]	ὑπὸ	_	_
3.5	509	[1]	λοιδορίας	_	_
3.5	510	[55]	,	b	_
3.5	511	[4]	ἢ	_	_
3.5	512	[1]	ἀπειλῆς	_	_
3.5	513	[56]	,	b	_
3.5	514	[2]	ἤ	_	_
3.5	515	[1]	τινος	_	_
3.5	516	[1]	τοιούτου	_	_
3.5	517	[1]	μήτε	_	_
3.5	518	[1]	ὀργίζεσθαι	_	_
3.5	519	[1]	φάσκωσι	_	_
3.5	520	[57]	,	b	_
3.5	521	[2]	μήτε	_	_
3.5	522	[1]	θυμοῦσθαι	_	_
3.5	523	[58]	,	b	_
3.5	524	[1]	μήθ	_	_
3.5	525	[10]	’	b	_
3.5	526	[2]	ὅλως	_	_
3.5	527	[1]	ἀγανακτεῖν	_	_
3.5	528	[3]	·	b	_
3.5	529	[1]	ὅπερ	_	_
3.5	530	[2]	οὐδ	_	_
3.5	531	[11]	’	b	_
3.5	532	[1]	αὐτὸν	_	_
3.5	533	[59]	,	b	_
3.5	534	[2]	οἶμαι	_	_
3.5	535	[60]	,	b	_
3.5	536	[1]	λανθάνει	_	_
3.5	537	[9]	τὸν	_	_
3.5	538	[1]	Χρύσιππον	_	_
3.5	539	[17]	.	b	_
3.5	540	[1]	ἀντιφθεγγόμενος	_	_
3.5	541	[2]	γοῦν	_	_
3.5	542	[2]	κᾀνταῦθα	_	_
3.5	543	[1]	ἑαυτῷ	_	_
3.5	544	[1]	μετ	_	_
3.5	545	[12]	’	b	_
3.5	546	[1]	ὀλίγον	_	_
3.5	547	[1]	ὡδί	_	_
3.5	548	[1]	πως	_	_
3.5	549	[1]	γράφει	_	_
3.5	550	[18]	.	b	_
3.5	551	[1]	ἀφ	_	_
3.5	552	[13]	’	b	_
3.5	553	[1]	ἧς	_	_
3.5	554	[6]	τε	_	_
3.5	555	[2]	φορᾶς	_	_
3.5	556	[2]	λέγομεν	_	_
3.5	557	[8]	μὴ	_	_
3.5	558	[7]	καταβαίνειν	_	_
3.5	559	[8]	τὰ	_	_
3.5	560	[2]	λεγόμενα	_	_
3.5	561	[61]	,	b	_
3.5	562	[1]	εἴτε	_	_
3.5	563	[1]	ἀπειλὰς	_	_
3.5	564	[62]	,	b	_
3.5	565	[2]	εἴτε	_	_
3.5	566	[2]	λοιδορίας	_	_
3.5	567	[63]	,	b	_
3.5	568	[1]	ὥστε	_	_
3.5	569	[1]	καθικέσθαι	_	_
3.5	570	[17]	καὶ	_	_
3.5	571	[1]	ἅπτεσθαι	_	_
3.5	572	[3]	αὐτῶν	_	_
3.5	573	[64]	,	b	_
3.5	574	[18]	καὶ	_	_
3.5	575	[2]	οὕτως	_	_
3.5	576	[1]	κινεῖσθαι	_	_
3.5	577	[11]	τὴν	_	_
3.5	578	[2]	διάνοιαν	_	_
3.5	579	[1]	ἀπὸ	_	_
3.5	580	[6]	τῆς	_	_
3.5	581	[3]	φορᾶς	_	_
3.5	582	[1]	ταύτης	_	_
3.5	583	[65]	,	b	_
3.5	584	[19]	καὶ	_	_
3.5	585	[1]	βαθείας	_	_
3.5	586	[1]	τινάς	_	_
3.5	587	[1]	φαμεν	_	_
3.5	588	[3]	εἶναι	_	_
3.5	589	[66]	,	b	_
3.5	590	[9]	τὸ	_	_
3.5	591	[1]	διὰ	_	_
3.5	592	[3]	μηδὲν	_	_
3.5	593	[6]	τῶν	_	_
3.5	594	[2]	τοιούτων	_	_
3.5	595	[1]	ἐφικέσθαι	_	_
3.5	596	[1]	καταβῆναι	_	_
3.5	597	[4]	αὐτῶν	_	_
3.5	598	[19]	.	b	_
3.5	599	[3]	ὅτι	_	_
3.5	600	[5]	μὲν	_	_
3.5	601	[4]	οὖν	_	_
3.5	602	[3]	ἐπὶ	_	_
3.5	603	[7]	τῶν	_	_
3.5	604	[1]	ἀπειλούντων	_	_
3.5	605	[5]	ἢ	_	_
3.5	606	[1]	λοιδορούντων	_	_
3.5	607	[2]	λέγεται	_	_
3.5	608	[10]	τὸ	_	_
3.5	609	[9]	μὴ	_	_
3.5	610	[8]	καταβαίνειν	_	_
3.5	611	[3]	εἰς	_	_
3.5	612	[11]	τὸ	_	_
3.5	613	[1]	στῆθος	_	_
3.5	614	[9]	τὰ	_	_
3.5	615	[3]	εἰρημένα	_	_
3.5	616	[67]	,	b	_
3.5	617	[20]	καὶ	_	_
3.5	618	[1]	αὐτὸς	_	_
3.5	619	[5]	ὁ	_	_
3.5	620	[3]	Χρύσιππος	_	_
3.5	621	[2]	μαρτυρεῖ	_	_
3.5	622	[20]	.	b	_
3.5	623	[1]	προσέῤῥιψε	_	_
3.5	624	[7]	δὲ	_	_
3.5	625	[1]	τῷ	_	_
3.5	626	[1]	λόγῳ	_	_
3.5	627	[12]	τὸ	_	_
3.5	628	[7]	τῆς	_	_
3.5	629	[1]	διανοίας	_	_
3.5	630	[1]	ὄνομα	_	_
3.5	631	[68]	,	b	_
3.5	632	[1]	δέον	_	_
3.5	633	[1]	εἰπεῖν	_	_
3.5	634	[1]	θυμοῦ	_	_
3.5	635	[21]	.	b	_
3.5	636	[13]	τὸ	_	_
3.5	637	[6]	μὲν	_	_
3.5	638	[6]	γὰρ	_	_
3.5	639	[1]	λογίζεσθαί	_	_
3.5	640	[7]	τε	_	_
3.5	641	[21]	καὶ	_	_
3.5	642	[1]	νοεῖν	_	_
3.5	643	[10]	τὰ	_	_
3.5	644	[3]	λεγόμενα	_	_
3.5	645	[69]	,	b	_
3.5	646	[22]	καὶ	_	_
3.5	647	[14]	τὸ	_	_
3.5	648	[1]	μαχόμενον	_	_
3.5	649	[6]	ἢ	_	_
3.5	650	[1]	ἀκόλουθον	_	_
3.5	651	[1]	ἐπίστασθαι	_	_
3.5	652	[8]	τῆς	_	_
3.5	653	[1]	λογιστικῆς	_	_
3.5	654	[1]	δυνάμεως	_	_
3.5	655	[1]	ἔργον	_	_
3.5	656	[4]	·	b	_
3.5	657	[15]	τὸ	_	_
3.5	658	[8]	δὲ	_	_
3.5	659	[4]	ἐπὶ	_	_
3.5	660	[1]	λοιδορίαις	_	_
3.5	661	[7]	ἢ	_	_
3.5	662	[1]	ἀπειλαῖς	_	_
3.5	663	[1]	μήτ	_	_
3.5	664	[14]	’	b	_
3.5	665	[1]	ὀργισθῆναι	_	_
3.5	666	[3]	μήτε	_	_
3.5	667	[1]	θυμωθῆναι	_	_
3.5	668	[9]	τῆς	_	_
3.5	669	[1]	θυμοειδοῦς	_	_
3.5	670	[1]	ἴδιον	_	_
3.5	671	[22]	.	b	_
3.5	672	[1]	ἀλλὰ	_	_
3.5	673	[3]	ταῦτα	_	_
3.5	674	[7]	μὲν	_	_
3.5	675	[4]	ἐν	_	_
3.5	676	[3]	τοῖς	_	_
3.5	677	[1]	ἐφεξῆς	_	_
3.5	678	[6]	ὁ	_	_
3.5	679	[4]	Χρύσιππος	_	_
3.5	680	[1]	λέγει	_	_
3.5	681	[23]	.	b	_
3.5	682	[1]	μεταξὺ	_	_
3.5	683	[9]	δὲ	_	_
3.5	684	[2]	ταύτης	_	_
3.5	685	[10]	τῆς	_	_
3.5	686	[8]	τε	_	_
3.5	687	[1]	νῦν	_	_
3.5	688	[1]	γεγραμμένης	_	_
3.5	689	[1]	ῥήσεως	_	_
3.5	690	[23]	καὶ	_	_
3.5	691	[2]	ἧς	_	_
3.5	692	[2]	ὀλίγον	_	_
3.5	693	[2]	ἔμπροσθεν	_	_
3.5	694	[1]	ἔγραψα	_	_
3.5	695	[5]	περὶ	_	_
3.5	696	[8]	τῶν	_	_
3.5	697	[1]	γυναικῶν	_	_
3.5	698	[70]	,	b	_
3.5	699	[1]	ἑτέρα	_	_
3.5	700	[1]	ῥῆσίς	_	_
3.5	701	[3]	ἐστιν	_	_
3.5	702	[71]	,	b	_
3.5	703	[1]	ἣν	_	_
3.5	704	[3]	ἤδη	_	_
3.5	705	[1]	παραγράψω	_	_
3.5	706	[72]	,	b	_
3.5	707	[3]	πρὸς	_	_
3.5	708	[16]	τὸ	_	_
3.5	709	[4]	μηδὲν	_	_
3.5	710	[3]	ὅλως	_	_
3.5	711	[1]	ὑπερβαίνειν	_	_
3.5	712	[1]	δοκεῖν	_	_
3.5	713	[5]	·	b	_
3.5	714	[1]	ἔχει	_	_
3.5	715	[10]	δὲ	_	_
3.5	716	[3]	ᾧδε	_	_
3.5	717	[24]	.	b	_
3.5	718	[3]	τούτοις	_	_
3.5	719	[3]	δ	_	_
3.5	720	[15]	’	b	_
3.5	721	[1]	ἀκολούθως	_	_
3.5	722	[1]	ἀνεμεῖν	_	_
3.5	723	[1]	τέ	_	_
3.5	724	[2]	τινάς	_	_
3.5	725	[2]	φαμεν	_	_
3.5	726	[11]	τὰ	_	_
3.5	727	[1]	φανέντα	_	_
3.5	728	[3]	αὐτοῖς	_	_
3.5	729	[73]	,	b	_
3.5	730	[24]	καὶ	_	_
3.5	731	[1]	ἔτι	_	_
3.5	732	[10]	τὸν	_	_
3.5	733	[1]	βαθὺν	_	_
3.5	734	[3]	λέγομεν	_	_
3.5	735	[1]	πολλῶν	_	_
3.5	736	[3]	τοιούτων	_	_
3.5	737	[1]	συμφώνως	_	_
3.5	738	[4]	τοῖς	_	_
3.5	739	[1]	εἰρημένοις	_	_
3.5	740	[74]	,	b	_
3.5	741	[1]	καταπιόντες	_	_
3.5	742	[7]	γὰρ	_	_
3.5	743	[1]	ὅμοιον	_	_
3.5	744	[2]	εἰπεῖν	_	_
3.5	745	[75]	,	b	_
3.5	746	[4]	ὅτι	_	_
3.5	747	[1]	ἡμέρα	_	_
3.5	748	[2]	ἐστὶ	_	_
3.5	749	[76]	,	b	_
3.5	750	[25]	καὶ	_	_
3.5	751	[1]	ἐναποθέμενοι	_	_
3.5	752	[3]	τοῦτο	_	_
3.5	753	[4]	εἰς	_	_
3.5	754	[12]	τὴν	_	_
3.5	755	[3]	διάνοιαν	_	_
3.5	756	[77]	,	b	_
3.5	757	[26]	καὶ	_	_
3.5	758	[2]	πάλιν	_	_
3.5	759	[1]	ἐκεῖνο	_	_
3.5	760	[1]	λέγοντες	_	_
3.5	761	[78]	,	b	_
3.5	762	[5]	ὅτι	_	_
3.5	763	[3]	οὐκ	_	_
3.5	764	[1]	ἔστιν	_	_
3.5	765	[2]	ἡμέρα	_	_
3.5	766	[79]	,	b	_
3.5	767	[1]	μενόντων	_	_
3.5	768	[9]	τῶν	_	_
3.5	769	[1]	πραγμάτων	_	_
3.5	770	[80]	,	b	_
3.5	771	[4]	οὐκ	_	_
3.5	772	[2]	ἀλλοτρίως	_	_
3.5	773	[3]	οὐδ	_	_
3.5	774	[16]	’	b	_
3.5	775	[1]	ἀνοικείως	_	_
3.5	776	[2]	ἀνεμεῖν	_	_
3.5	777	[1]	λέγονται	_	_
3.5	778	[25]	.	b	_
3.5	779	[4]	τοῦτο	_	_
3.5	780	[17]	τὸ	_	_
3.5	781	[3]	ἀνεμεῖν	_	_
3.5	782	[1]	ἐγὼ	_	_
3.5	783	[8]	μὲν	_	_
3.5	784	[2]	οὐδὲ	_	_
3.5	785	[1]	ἤκουσά	_	_
3.5	786	[2]	τινος	_	_
3.5	787	[1]	λέγοντος	_	_
3.5	788	[81]	,	b	_
3.5	789	[2]	ἀλλὰ	_	_
3.5	790	[1]	μᾶλλον	_	_
3.5	791	[1]	ἀποπτύσαι	_	_
3.5	792	[82]	,	b	_
3.5	793	[27]	καὶ	_	_
3.5	794	[1]	ἐκπτύσαι	_	_
3.5	795	[83]	,	b	_
3.5	796	[28]	καὶ	_	_
3.5	797	[1]	ἐκβαλεῖν	_	_
3.5	798	[84]	,	b	_
3.5	799	[29]	καὶ	_	_
3.5	800	[1]	ἀποῤῥῖψαι	_	_
3.5	801	[85]	,	b	_
3.5	802	[30]	καὶ	_	_
3.5	803	[1]	ἀποθέσθαι	_	_
3.5	804	[2]	λέγουσιν	_	_
3.5	805	[86]	,	b	_
3.5	806	[4]	ἐπειδὰν	_	_
3.5	807	[1]	λέγωσί	_	_
3.5	808	[3]	τινα	_	_
3.5	809	[1]	δοξῶν	_	_
3.5	810	[1]	ἀποστῆναι	_	_
3.5	811	[1]	μοχθηρῶν	_	_
3.5	812	[26]	.	b	_
3.5	813	[4]	εἰ	_	_
3.5	814	[4]	δ	_	_
3.5	815	[17]	’	b	_
3.5	816	[1]	ἄρα	_	_
3.5	817	[31]	καὶ	_	_
3.5	818	[18]	τὸ	_	_
3.5	819	[1]	ἐξεμέσαι	_	_
3.5	820	[1]	λέγοιτο	_	_
3.5	821	[1]	πρός	_	_
3.5	822	[1]	τινων	_	_
3.5	823	[87]	,	b	_
3.5	824	[1]	εἴη	_	_
3.5	825	[3]	ἂν	_	_
3.5	826	[1]	ταὐτὸν	_	_
3.5	827	[2]	τῷ	_	_
3.5	828	[2]	ἀποπτύσαι	_	_
3.5	829	[88]	,	b	_
3.5	830	[32]	καὶ	_	_
3.5	831	[2]	ἀποῤῥῖψαι	_	_
3.5	832	[89]	,	b	_
3.5	833	[33]	καὶ	_	_
3.5	834	[5]	τοῖς	_	_
3.5	835	[1]	ἄλλοις	_	_
3.5	836	[6]	τοῖς	_	_
3.5	837	[1]	ἐκ	_	_
3.5	838	[1]	μεταφορᾶς	_	_
3.5	839	[1]	λεγομένοις	_	_
3.5	840	[1]	ὁμοίως	_	_
3.5	841	[1]	ἔχον	_	_
3.5	842	[27]	.	b	_
3.5	843	[6]	ὅτι	_	_
3.5	844	[5]	δ	_	_
3.5	845	[18]	’	b	_
3.5	846	[4]	οὐ	_	_
3.5	847	[1]	μόνον	_	_
3.5	848	[1]	ἀνδρὶ	_	_
3.5	849	[1]	φιλοσοφοῦντι	_	_
3.5	850	[10]	τῶν	_	_
3.5	851	[4]	τοιούτων	_	_
3.5	852	[1]	ἐπιχειρημάτων	_	_
3.5	853	[1]	οὐδέν	_	_
3.5	854	[1]	ἐστι	_	_
3.5	855	[1]	μεταχειριστέον	_	_
3.5	856	[90]	,	b	_
3.5	857	[3]	ἀλλ	_	_
3.5	858	[19]	’	b	_
3.5	859	[3]	οὐδὲ	_	_
3.5	860	[1]	ῥητορικῷ	_	_
3.5	861	[91]	,	b	_
3.5	862	[1]	δέδεικται	_	_
3.5	863	[9]	μὲν	_	_
3.5	864	[4]	ἤδη	_	_
3.5	865	[1]	μοι	_	_
3.5	866	[34]	καὶ	_	_
3.5	867	[2]	διὰ	_	_
3.5	868	[11]	τῶν	_	_
3.5	869	[3]	ἔμπροσθεν	_	_
3.5	870	[92]	,	b	_
3.5	871	[5]	οὐ	_	_
3.5	872	[1]	μὴν	_	_
3.5	873	[3]	ἀλλὰ	_	_
3.5	874	[35]	καὶ	_	_
3.5	875	[2]	νῦν	_	_
3.5	876	[1]	ἔνεστιν	_	_
3.5	877	[1]	ἐνδείξασθαι	_	_
3.5	878	[3]	διὰ	_	_
3.5	879	[1]	βραχέων	_	_
3.5	880	[93]	,	b	_
3.5	881	[1]	ἀναμνήσαντα	_	_
3.5	882	[12]	τῶν	_	_
3.5	883	[1]	ῥητορικῶν	_	_
3.5	884	[1]	τεχνῶν	_	_
3.5	885	[94]	,	b	_
3.5	886	[1]	ἃς	_	_
3.5	887	[1]	ἐκεῖνοι	_	_
3.5	888	[1]	γράφουσι	_	_
3.5	889	[95]	,	b	_
3.5	890	[1]	διδάσκοντες	_	_
3.5	891	[1]	ἡμᾶς	_	_
3.5	892	[1]	τόπους	_	_
3.5	893	[2]	ἐπιχειρημάτων	_	_
3.5	894	[5]	εἰς	_	_
3.5	895	[1]	ἑκάστην	_	_
3.5	896	[1]	ὑπόθεσιν	_	_
3.5	897	[28]	.	b	_
3.5	898	[1]	οὐδενὸς	_	_
3.5	899	[8]	γὰρ	_	_
3.5	900	[5]	τοιούτων	_	_
3.5	901	[1]	μνημονεύουσιν	_	_
3.5	902	[96]	,	b	_
3.5	903	[1]	οἴων	_	_
3.5	904	[7]	ὁ	_	_
3.5	905	[5]	Χρύσιππος	_	_
3.5	906	[1]	ἐνέπλησε	_	_
3.5	907	[12]	τὰ	_	_
3.5	908	[1]	ἑαυτοῦ	_	_
3.5	909	[1]	συγγράμματα	_	_
3.5	910	[29]	.	b	_
3.5	911	[4]	ἀλλὰ	_	_
3.5	912	[9]	γὰρ	_	_
3.5	913	[1]	εἴπερ	_	_
3.5	914	[1]	πᾶσαν	_	_
3.5	915	[2]	ῥῆσιν	_	_
3.5	916	[1]	ἀκριβολογεῖσθαι	_	_
3.5	917	[1]	βουληθείην	_	_
3.5	918	[97]	,	b	_
3.5	919	[3]	ὡς	_	_
3.5	920	[5]	μηδὲν	_	_
3.5	921	[13]	τῶν	_	_
3.5	922	[1]	ἁμαρτημάτων	_	_
3.5	923	[1]	ἀνέλεγκτον	_	_
3.5	924	[1]	παραλιπεῖν	_	_
3.5	925	[98]	,	b	_
3.5	926	[6]	εἰς	_	_
3.5	927	[1]	ἄπειρον	_	_
3.5	928	[1]	ἄν	_	_
3.5	929	[3]	τι	_	_
3.5	930	[1]	μῆκος	_	_
3.5	931	[1]	ἐκταθείη	_	_
3.5	932	[19]	τὸ	_	_
3.5	933	[1]	βιβλίον	_	_
3.5	934	[30]	.	b	_
3.5	935	[1]	ἀφέμενος	_	_
3.5	936	[5]	οὖν	_	_
3.5	937	[5]	ἤδη	_	_
3.5	938	[14]	τῶν	_	_
3.5	939	[1]	προγεγραμμένων	_	_
3.5	940	[99]	,	b	_
3.5	941	[5]	ἐπὶ	_	_
3.5	942	[13]	τὰ	_	_
3.5	943	[2]	ἐφεξῆς	_	_
3.5	944	[1]	τρέψομαι	_	_
3.5	945	[100]	,	b	_
3.5	946	[1]	δι	_	_
3.5	947	[20]	’	b	_
3.5	948	[1]	ὧν	_	_
3.5	949	[8]	ὁ	_	_
3.5	950	[6]	Χρύσιππος	_	_
3.5	951	[1]	ἄρχεται	_	_
3.5	952	[1]	παρατίθεσθαι	_	_
3.5	953	[4]	τὰς	_	_
3.5	954	[15]	τῶν	_	_
3.5	955	[1]	ποιητῶν	_	_
3.5	956	[1]	μαρτυρίας	_	_
3.5	957	[101]	,	b	_
3.5	958	[2]	μεταξὺ	_	_
3.5	959	[1]	παρεντιθεὶς	_	_
3.5	960	[5]	αὐτῶν	_	_
3.5	961	[1]	ὀλίγους	_	_
3.5	962	[2]	λόγους	_	_
3.5	963	[2]	ἑαυτοῦ	_	_
3.5	964	[102]	,	b	_
3.5	965	[2]	πολλάκις	_	_
3.5	966	[10]	μὲν	_	_
3.5	967	[4]	ὥσπερ	_	_
3.5	968	[1]	ἐξήγησιν	_	_
3.5	969	[2]	ὧν	_	_
3.5	970	[2]	ἡ	_	_
3.5	971	[1]	ῥῆσις	_	_
3.5	972	[1]	βούλεται	_	_
3.5	973	[103]	,	b	_
3.5	974	[3]	πολλάκις	_	_
3.5	975	[6]	δ	_	_
3.5	976	[21]	’	b	_
3.5	977	[5]	ὥσπερ	_	_
3.5	978	[1]	ἐπιτομήν	_	_
3.5	979	[4]	τινα	_	_
3.5	980	[36]	καὶ	_	_
3.5	981	[1]	οἷον	_	_
3.5	982	[1]	καθόλου	_	_
3.5	983	[4]	τι	_	_
3.5	984	[1]	κεφάλαιον	_	_
3.5	985	[31]	.	b	_
3.5	986	[1]	ἀρξάμενος	_	_
3.5	987	[6]	οὖν	_	_
3.5	988	[1]	ἀπό	_	_
3.5	989	[3]	τινος	_	_
3.5	990	[1]	Ἐμπεδοκλείου	_	_
3.5	991	[2]	ῥήσεως	_	_
3.5	992	[1]	ἐξηγεῖταί	_	_
3.5	993	[9]	τε	_	_
3.5	994	[1]	αὐτὴν	_	_
3.5	995	[1]	καί	_	_
3.5	996	[2]	τινων	_	_
3.5	997	[8]	κατὰ	_	_
3.5	998	[13]	τὴν	_	_
3.5	999	[2]	ἐξήγησιν	_	_
3.5	1000	[1]	ἀξιολογωτέρων	_	_
3.5	1001	[2]	ἄρχεται	_	_
3.5	1002	[1]	λόγων	_	_
3.5	1003	[104]	,	b	_
3.5	1004	[5]	ἐν	_	_
3.5	1005	[1]	οἷς	_	_
3.5	1006	[2]	ἐστι	_	_
3.5	1007	[37]	καὶ	_	_
3.5	1008	[9]	ὁ	_	_
3.5	1009	[6]	περὶ	_	_
3.5	1010	[11]	τῆς	_	_
3.5	1011	[1]	φωνῆς	_	_
3.5	1012	[105]	,	b	_
3.5	1013	[1]	οὗ	_	_
3.5	1014	[9]	κατὰ	_	_
3.5	1015	[20]	τὸ	_	_
3.5	1016	[1]	δεύτερον	_	_
3.5	1017	[1]	ἐμνημόνευσα	_	_
3.5	1018	[1]	τῶνδε	_	_
3.5	1019	[16]	τῶν	_	_
3.5	1020	[1]	ὑπομνημάτων	_	_
3.5	1021	[106]	,	b	_
3.5	1022	[6]	ἐν	_	_
3.5	1023	[1]	ᾧ	_	_
3.5	1024	[1]	βιβλίῳ	_	_
3.5	1025	[1]	πάντας	_	_
3.5	1026	[1]	ἔδοξέ	_	_
3.5	1027	[2]	μοι	_	_
3.5	1028	[1]	κάλλιον	_	_
3.5	1029	[4]	εἶναι	_	_
3.5	1030	[1]	παραθέσθαι	_	_
3.5	1031	[6]	τοὺς	_	_
3.5	1032	[3]	λόγους	_	_
3.5	1033	[107]	,	b	_
3.5	1034	[1]	οἳ	_	_
3.5	1035	[21]	τὸ	_	_
3.5	1036	[1]	πιθανὸν	_	_
3.5	1037	[1]	ἔχουσι	_	_
3.5	1038	[108]	,	b	_
3.5	1039	[38]	καὶ	_	_
3.5	1040	[1]	οὐχὶ	_	_
3.5	1041	[1]	ἀπόβλητοι	_	_
3.5	1042	[1]	τελέως	_	_
3.5	1043	[1]	εἰσὶν	_	_
3.5	1044	[109]	,	b	_
3.5	1045	[4]	οὐδὲ	_	_
3.5	1046	[3]	γυναῖκας	_	_
3.5	1047	[110]	,	b	_
3.5	1048	[5]	οὐδὲ	_	_
3.5	1049	[2]	ἰδιώτας	_	_
3.5	1050	[111]	,	b	_
3.5	1051	[6]	οὐδὲ	_	_
3.5	1052	[1]	ἐτυμολογίας	_	_
3.5	1053	[112]	,	b	_
3.5	1054	[8]	ἢ	_	_
3.5	1055	[1]	φορὰς	_	_
3.5	1056	[1]	χειρῶν	_	_
3.5	1057	[113]	,	b	_
3.5	1058	[9]	ἢ	_	_
3.5	1059	[1]	ἐπινεύσεις	_	_
3.5	1060	[114]	,	b	_
3.5	1061	[10]	ἢ	_	_
3.5	1062	[1]	ἀνανεύσεις	_	_
3.5	1063	[1]	κεφαλῆς	_	_
3.5	1064	[115]	,	b	_
3.5	1065	[11]	ἢ	_	_
3.5	1066	[1]	ποιητὰς	_	_
3.5	1067	[1]	ἐπικαλοῦνται	_	_
3.5	1068	[2]	μάρτυρας	_	_
3.5	1069	[6]	·	b	_
3.5	1070	[2]	ἐφ	_	_
3.5	1071	[22]	’	b	_
3.5	1072	[3]	ὧν	_	_
3.5	1073	[39]	καὶ	_	_
3.5	1074	[1]	μόνων	_	_
3.5	1075	[1]	ἐγνώκειν	_	_
3.5	1076	[1]	καταμεῖναι	_	_
3.5	1077	[116]	,	b	_
3.5	1078	[10]	μὴ	_	_
3.5	1079	[1]	προσθεὶς	_	_
3.5	1080	[4]	αὐτοῖς	_	_
3.5	1081	[1]	ταυτὶ	_	_
3.5	1082	[14]	τὰ	_	_
3.5	1083	[3]	νῦν	_	_
3.5	1084	[3]	μοι	_	_
3.5	1085	[1]	γραφόμενα	_	_
3.5	1086	[32]	.	b	_
3.5	1087	[1]	δόξαν	_	_
3.5	1088	[11]	δὲ	_	_
3.5	1089	[7]	τοῖς	_	_
3.5	1090	[1]	ἑταίροις	_	_
3.5	1091	[1]	ἄμεινον	_	_
3.5	1092	[5]	εἶναι	_	_
3.5	1093	[117]	,	b	_
3.5	1094	[1]	μηδ	_	_
3.5	1095	[23]	’	b	_
3.5	1096	[3]	ὅσα	_	_
3.5	1097	[1]	παντάπασιν	_	_
3.5	1098	[1]	ἠδολέσχηται	_	_
3.5	1099	[3]	τῷ	_	_
3.5	1100	[1]	Χρυσίππῳ	_	_
3.5	1101	[118]	,	b	_
3.5	1102	[3]	μηδὲ	_	_
3.5	1103	[1]	ταῦθ	_	_
3.5	1104	[24]	’	b	_
3.5	1105	[1]	ὑπερβῆναι	_	_
3.5	1106	[1]	παντελῶς	_	_
3.5	1107	[119]	,	b	_
3.5	1108	[4]	ἀλλ	_	_
3.5	1109	[25]	’	b	_
3.5	1110	[1]	ἐπισημήνασθαί	_	_
3.5	1111	[10]	τε	_	_
3.5	1112	[14]	τὴν	_	_
3.5	1113	[1]	ἀτοπίαν	_	_
3.5	1114	[6]	αὐτῶν	_	_
3.5	1115	[120]	,	b	_
3.5	1116	[1]	ἐπιδεῖξαί	_	_
3.5	1117	[11]	τε	_	_
3.5	1118	[4]	πρὸς	_	_
3.5	1119	[22]	τὸ	_	_
3.5	1120	[6]	μηδὲν	_	_
3.5	1121	[1]	πλέον	_	_
3.5	1122	[1]	ἀνύειν	_	_
3.5	1123	[2]	αὐτὰ	_	_
3.5	1124	[10]	κατὰ	_	_
3.5	1125	[17]	τῶν	_	_
3.5	1126	[1]	Στωϊκῶν	_	_
3.5	1127	[1]	δογμάτων	_	_
3.5	1128	[1]	παρειλημμένα	_	_
3.5	1129	[121]	,	b	_
3.5	1130	[4]	διὰ	_	_
3.5	1131	[5]	τοῦτο	_	_
3.5	1132	[1]	προσέθηκα	_	_
3.5	1133	[4]	πάντα	_	_
3.5	1134	[4]	ταῦτα	_	_
3.5	1135	[11]	κατὰ	_	_
3.5	1136	[1]	τόδε	_	_
3.5	1137	[23]	τὸ	_	_
3.5	1138	[2]	βιβλίον	_	_
3.5	1139	[33]	.	b	_
3.5	1140	[7]	περὶ	_	_
3.5	1141	[11]	μὲν	_	_
3.5	1142	[1]	δὴ	_	_
3.5	1143	[12]	τῆς	_	_
3.5	1144	[2]	φωνῆς	_	_
3.5	1145	[1]	οὐδὲν	_	_
3.5	1146	[2]	ἔτι	_	_
3.5	1147	[1]	δέομαι	_	_
3.5	1148	[1]	λέγειν	_	_
3.5	1149	[7]	ἐν	_	_
3.5	1150	[1]	τῷδε	_	_
3.5	1151	[122]	,	b	_
3.5	1152	[1]	σύμπαντα	_	_
3.5	1153	[11]	τὸν	_	_
3.5	1154	[1]	τόπον	_	_
3.5	1155	[1]	ἱκανῶς	_	_
3.5	1156	[1]	ἐξειργασμένος	_	_
3.5	1157	[8]	ἐν	_	_
3.5	1158	[4]	τῷ	_	_
3.5	1159	[1]	πρὸ	_	_
3.5	1160	[1]	τούτου	_	_
3.5	1161	[2]	βιβλίῳ	_	_
3.5	1162	[34]	.	b	_
3.5	1163	[4]	ὅσα	_	_
3.5	1164	[12]	δὲ	_	_
3.5	1165	[3]	ἐφεξῆς	_	_
3.5	1166	[3]	ἔτι	_	_
3.5	1167	[3]	τοῦ	_	_
3.5	1168	[8]	περὶ	_	_
3.5	1169	[3]	ταύτης	_	_
3.5	1170	[2]	λόγου	_	_
3.5	1171	[12]	κατὰ	_	_
3.5	1172	[24]	τὸ	_	_
3.5	1173	[4]	τοῦ	_	_
3.5	1174	[1]	Χρυσίππου	_	_
3.5	1175	[3]	βιβλίον	_	_
3.5	1176	[4]	εἰρημένα	_	_
3.5	1177	[123]	,	b	_
3.5	1178	[4]	τούτων	_	_
3.5	1179	[6]	ἤδη	_	_
3.5	1180	[1]	μνημονεύσω	_	_
3.5	1181	[35]	.	b	_
3.5	1182	[1]	ἔστι	_	_
3.5	1183	[13]	δὲ	_	_
3.5	1184	[1]	τά	_	_
3.5	1185	[12]	τε	_	_
3.5	1186	[13]	κατὰ	_	_
3.5	1187	[5]	τὰς	_	_
3.5	1188	[2]	φορὰς	_	_
3.5	1189	[18]	τῶν	_	_
3.5	1190	[2]	χειρῶν	_	_
3.5	1191	[124]	,	b	_
3.5	1192	[1]	ὅτε	_	_
3.5	1193	[1]	ἐφαπτόμεθα	_	_
3.5	1194	[19]	τῶν	_	_
3.5	1195	[1]	στέρνων	_	_
3.5	1196	[2]	ἡμᾶς	_	_
3.5	1197	[1]	αὐτοὺς	_	_
3.5	1198	[1]	δεικνύντες	_	_
3.5	1199	[125]	,	b	_
3.5	1200	[4]	ἔτι	_	_
3.5	1201	[13]	τε	_	_
3.5	1202	[15]	τὰ	_	_
3.5	1203	[14]	κατὰ	_	_
3.5	1204	[15]	τὴν	_	_
3.5	1205	[2]	ἐγὼ	_	_
3.5	1206	[1]	φωνὴν	_	_
3.5	1207	[126]	,	b	_
3.5	1208	[1]	ἃ	_	_
3.5	1209	[2]	δὴ	_	_
3.5	1210	[1]	κᾀντοῖς	_	_
3.5	1211	[1]	ἐτυμολογικοῖς	_	_
3.5	1212	[1]	εἶπεν	_	_
3.5	1213	[1]	ἔχειν	_	_
3.5	1214	[5]	τι	_	_
3.5	1215	[1]	φάσκων	_	_
3.5	1216	[3]	αὐτὰ	_	_
3.5	1217	[1]	δεικτικὸν	_	_
3.5	1218	[2]	ἐκ	_	_
3.5	1219	[5]	τοῦ	_	_
3.5	1220	[1]	φαινομένου	_	_
3.5	1221	[5]	διὰ	_	_
3.5	1222	[25]	τὸ	_	_
3.5	1223	[15]	κατὰ	_	_
3.5	1224	[16]	τὴν	_	_
3.5	1225	[1]	πρώτην	_	_
3.5	1226	[9]	ἐν	_	_
3.5	1227	[1]	αὐτῇ	_	_
3.5	1228	[1]	συλλαβὴν	_	_
3.5	1229	[127]	,	b	_
3.5	1230	[4]	ὡς	_	_
3.5	1231	[6]	ἐπὶ	_	_
3.5	1232	[26]	τὸ	_	_
3.5	1233	[2]	στῆθος	_	_
3.5	1234	[1]	ἀπάγεσθαι	_	_
3.5	1235	[1]	τήν	_	_
3.5	1236	[14]	τε	_	_
3.5	1237	[2]	κάτω	_	_
3.5	1238	[1]	γένυν	_	_
3.5	1239	[40]	καὶ	_	_
3.5	1240	[27]	τὸ	_	_
3.5	1241	[1]	χεῖλος	_	_
3.5	1242	[36]	.	b	_
3.5	1243	[1]	εἴρηταί	_	_
3.5	1244	[4]	μοι	_	_
3.5	1245	[41]	καὶ	_	_
3.5	1246	[9]	περὶ	_	_
3.5	1247	[5]	τούτων	_	_
3.5	1248	[7]	ἤδη	_	_
3.5	1249	[16]	κατὰ	_	_
3.5	1250	[28]	τὸ	_	_
3.5	1251	[2]	δεύτερον	_	_
3.5	1252	[2]	τῶνδε	_	_
3.5	1253	[20]	τῶν	_	_
3.5	1254	[2]	ὑπομνημάτων	_	_
3.5	1255	[1]	κᾀν	_	_
3.5	1256	[8]	τοῖς	_	_
3.5	1257	[10]	περὶ	_	_
3.5	1258	[1]	ὀνομάτων	_	_
3.5	1259	[1]	ὀρθότητος	_	_
3.5	1260	[37]	.	b	_
3.5	1261	[1]	ὅμοια	_	_
3.5	1262	[14]	δὲ	_	_
3.5	1263	[9]	τοῖς	_	_
3.5	1264	[1]	τοιούτοις	_	_
3.5	1265	[1]	ἐπιχειρήμασι	_	_
3.5	1266	[42]	καὶ	_	_
3.5	1267	[16]	τὰ	_	_
3.5	1268	[17]	κατὰ	_	_
3.5	1269	[17]	τὴν	_	_
3.5	1270	[1]	ἐτυμολογίαν	_	_
3.5	1271	[1]	εἰσὶ	_	_
3.5	1272	[6]	τοῦ	_	_
3.5	1273	[13]	τῆς	_	_
3.5	1274	[1]	καρδίας	_	_
3.5	1275	[1]	ὀνόματος	_	_
3.5	1276	[128]	,	b	_
3.5	1277	[2]	ἑξῆς	_	_
3.5	1278	[21]	τῶν	_	_
3.5	1279	[1]	προειρημένων	_	_
3.5	1280	[2]	ὑπὸ	_	_
3.5	1281	[7]	τοῦ	_	_
3.5	1282	[2]	Χρυσίππου	_	_
3.5	1283	[1]	γεγραμμένα	_	_
3.5	1284	[18]	κατὰ	_	_
3.5	1285	[29]	τὸ	_	_
3.5	1286	[2]	πρῶτον	_	_
3.5	1287	[11]	περὶ	_	_
3.5	1288	[1]	ψυχῆς	_	_
3.5	1289	[129]	,	b	_
3.5	1290	[1]	ᾧδέ	_	_
3.5	1291	[2]	πως	_	_
3.5	1292	[1]	ἔχοντα	_	_
3.5	1293	[38]	.	b	_
3.5	1294	[4]	τούτοις	_	_
3.5	1295	[1]	πᾶσι	_	_
3.5	1296	[2]	συμφώνως	_	_
3.5	1297	[43]	καὶ	_	_
3.5	1298	[1]	τοὔνομα	_	_
3.5	1299	[1]	τοῦτ	_	_
3.5	1300	[26]	’	b	_
3.5	1301	[1]	ἔσχηκεν	_	_
3.5	1302	[3]	ἡ	_	_
3.5	1303	[1]	καρδία	_	_
3.5	1304	[1]	κατά	_	_
3.5	1305	[5]	τινα	_	_
3.5	1306	[1]	κράτησιν	_	_
3.5	1307	[44]	καὶ	_	_
3.5	1308	[1]	κυρείαν	_	_
3.5	1309	[130]	,	b	_
3.5	1310	[2]	ἀπὸ	_	_
3.5	1311	[8]	τοῦ	_	_
3.5	1312	[10]	ἐν	_	_
3.5	1313	[2]	αὐτῇ	_	_
3.5	1314	[6]	εἶναι	_	_
3.5	1315	[30]	τὸ	_	_
3.5	1316	[1]	κυριεῦον	_	_
3.5	1317	[45]	καὶ	_	_
3.5	1318	[1]	κρατοῦν	_	_
3.5	1319	[14]	τῆς	_	_
3.5	1320	[2]	ψυχῆς	_	_
3.5	1321	[1]	μέρος	_	_
3.5	1322	[131]	,	b	_
3.5	1323	[5]	ὡς	_	_
3.5	1324	[4]	ἂν	_	_
3.5	1325	[1]	κρατία	_	_
3.5	1326	[1]	λεγομένη	_	_
3.5	1327	[39]	.	b	_
3.5	1328	[31]	τὸ	_	_
3.5	1329	[12]	μὲν	_	_
3.5	1330	[6]	ὡς	_	_
3.5	1331	[5]	πρὸς	_	_
3.5	1332	[18]	τὴν	_	_
3.5	1333	[1]	ζωὴν	_	_
3.5	1334	[2]	ἡμῶν	_	_
3.5	1335	[1]	κυριώτατον	_	_
3.5	1336	[7]	εἶναι	_	_
3.5	1337	[32]	τὸ	_	_
3.5	1338	[1]	σπλάγχνον	_	_
3.5	1339	[4]	οὐδ	_	_
3.5	1340	[27]	’	b	_
3.5	1341	[1]	ἡμεῖς	_	_
3.5	1342	[1]	ἀμφισβητοῦμεν	_	_
3.5	1343	[132]	,	b	_
3.5	1344	[1]	ὦ	_	_
3.5	1345	[2]	γενναιότατε	_	_
3.5	1346	[2]	Χρύσιππε	_	_
3.5	1347	[133]	,	b	_
3.5	1348	[6]	οὐ	_	_
3.5	1349	[2]	μὴν	_	_
3.5	1350	[1]	ἀπλῶς	_	_
3.5	1351	[1]	γε	_	_
3.5	1352	[2]	κυριώτατον	_	_
3.5	1353	[8]	εἶναι	_	_
3.5	1354	[1]	συγχωροῦμεν	_	_
3.5	1355	[40]	.	b	_
3.5	1356	[7]	οὐ	_	_
3.5	1357	[10]	γὰρ	_	_
3.5	1358	[1]	ἄρχειν	_	_
3.5	1359	[1]	αὐτὸ	_	_
3.5	1360	[46]	καὶ	_	_
3.5	1361	[1]	δεσπόζειν	_	_
3.5	1362	[22]	τῶν	_	_
3.5	1363	[1]	ἄλλων	_	_
3.5	1364	[4]	ἡ	_	_
3.5	1365	[1]	φύσις	_	_
3.5	1366	[1]	ἔνειμεν	_	_
3.5	1367	[134]	,	b	_
3.5	1368	[2]	ὅταν	_	_
3.5	1369	[2]	γε	_	_
3.5	1370	[1]	προσηκόντως	_	_
3.5	1371	[1]	διοικήσαι	_	_
3.5	1372	[17]	τὰ	_	_
3.5	1373	[19]	κατὰ	_	_
3.5	1374	[12]	τὸν	_	_
3.5	1375	[1]	ἄνθρωπον	_	_
3.5	1376	[135]	,	b	_
3.5	1377	[5]	ἀλλ	_	_
3.5	1378	[28]	’	b	_
3.5	1379	[1]	ἐγκεφάλῳ	_	_
3.5	1380	[13]	μὲν	_	_
3.5	1381	[2]	ἄρχειν	_	_
3.5	1382	[136]	,	b	_
3.5	1383	[1]	ὑπακούειν	_	_
3.5	1384	[15]	δὲ	_	_
3.5	1385	[4]	τῇ	_	_
3.5	1386	[1]	καρδίᾳ	_	_
3.5	1387	[137]	,	b	_
3.5	1388	[1]	καθάπερ	_	_
3.5	1389	[2]	ἡμεῖς	_	_
3.5	1390	[1]	ἀποδείκνυμεν	_	_
3.5	1391	[41]	.	b	_
3.5	1392	[4]	ἐφεξῆς	_	_
3.5	1393	[16]	δὲ	_	_
3.5	1394	[10]	τοῖς	_	_
3.5	1395	[2]	εἰρημένοις	_	_
3.5	1396	[138]	,	b	_
3.5	1397	[10]	ὁ	_	_
3.5	1398	[7]	Χρύσιππος	_	_
3.5	1399	[1]	τάδε	_	_
3.5	1400	[2]	γράφει	_	_
3.5	1401	[42]	.	b	_
3.5	1402	[1]	ὁρμῶμεν	_	_
3.5	1403	[20]	κατὰ	_	_
3.5	1404	[6]	τοῦτο	_	_
3.5	1405	[33]	τὸ	_	_
3.5	1406	[2]	μέρος	_	_
3.5	1407	[139]	,	b	_
3.5	1408	[47]	καὶ	_	_
3.5	1409	[1]	συγκατατιθέμεθα	_	_
3.5	1410	[1]	τούτῳ	_	_
3.5	1411	[140]	,	b	_
3.5	1412	[48]	καὶ	_	_
3.5	1413	[7]	εἰς	_	_
3.5	1414	[7]	τοῦτο	_	_
3.5	1415	[1]	συντείνει	_	_
3.5	1416	[18]	τὰ	_	_
3.5	1417	[1]	αἰσθητήρια	_	_
3.5	1418	[5]	πάντα	_	_
3.5	1419	[43]	.	b	_
3.5	1420	[5]	ταῦτα	_	_
3.5	1421	[19]	τὰ	_	_
3.5	1422	[1]	κεφάλαια	_	_
3.5	1423	[1]	μόνα	_	_
3.5	1424	[23]	τῶν	_	_
3.5	1425	[1]	ἐπιστημονικῶν	_	_
3.5	1426	[3]	ἐστι	_	_
3.5	1427	[141]	,	b	_
3.5	1428	[49]	καὶ	_	_
3.5	1429	[2]	εἴπερ	_	_
3.5	1430	[1]	ἀπέδειξεν	_	_
3.5	1431	[11]	ὁ	_	_
3.5	1432	[8]	Χρύσιππος	_	_
3.5	1433	[4]	αὐτὰ	_	_
3.5	1434	[142]	,	b	_
3.5	1435	[1]	τότ	_	_
3.5	1436	[29]	’	b	_
3.5	1437	[5]	ἂν	_	_
3.5	1438	[1]	ἐπῃνοῦμέν	_	_
3.5	1439	[15]	τε	_	_
3.5	1440	[13]	τὸν	_	_
3.5	1441	[1]	ἄνδρα	_	_
3.5	1442	[50]	καὶ	_	_
3.5	1443	[11]	τοῖς	_	_
3.5	1444	[1]	δόγμασιν	_	_
3.5	1445	[1]	ἐπειθόμεθα	_	_
3.5	1446	[24]	τῶν	_	_
3.5	1447	[2]	Στωϊκῶν	_	_
3.5	1448	[44]	.	b	_
3.5	1449	[1]	ἐπεὶ	_	_
3.5	1450	[7]	δ	_	_
3.5	1451	[30]	’	b	_
3.5	1452	[1]	ἀποδεῖξαι	_	_
3.5	1453	[14]	μὲν	_	_
3.5	1454	[5]	οὐκ	_	_
3.5	1455	[1]	ἐπεχείρησεν	_	_
3.5	1456	[143]	,	b	_
3.5	1457	[1]	ἀπεφήνατο	_	_
3.5	1458	[17]	δὲ	_	_
3.5	1459	[2]	μόνον	_	_
3.5	1460	[144]	,	b	_
3.5	1461	[3]	ἡμεῖς	_	_
3.5	1462	[18]	δὲ	_	_
3.5	1463	[2]	πρόσθεν	_	_
3.5	1464	[15]	μὲν	_	_
3.5	1465	[8]	ἤδη	_	_
3.5	1466	[12]	περὶ	_	_
3.5	1467	[25]	τῶν	_	_
3.5	1468	[7]	αὐτῶν	_	_
3.5	1469	[1]	ἀπεδείξαμεν	_	_
3.5	1470	[145]	,	b	_
3.5	1471	[7]	ὡς	_	_
3.5	1472	[3]	οὔτε	_	_
3.5	1473	[21]	κατὰ	_	_
3.5	1474	[19]	τὴν	_	_
3.5	1475	[2]	καρδίαν	_	_
3.5	1476	[1]	γίγνεται	_	_
3.5	1477	[146]	,	b	_
3.5	1478	[51]	καὶ	_	_
3.5	1479	[1]	πάντων	_	_
3.5	1480	[8]	αὐτῶν	_	_
3.5	1481	[1]	ἐγκέφαλός	_	_
3.5	1482	[4]	ἐστιν	_	_
3.5	1483	[1]	ἀρχὴ	_	_
3.5	1484	[147]	,	b	_
3.5	1485	[52]	καὶ	_	_
3.5	1486	[6]	διὰ	_	_
3.5	1487	[26]	τῶν	_	_
3.5	1488	[5]	ἐφεξῆς	_	_
3.5	1489	[19]	δὲ	_	_
3.5	1490	[2]	οὐδὲν	_	_
3.5	1491	[1]	ἧττον	_	_
3.5	1492	[1]	ἀποδείξομεν	_	_
3.5	1493	[148]	,	b	_
3.5	1494	[6]	οὐκ	_	_
3.5	1495	[1]	ἔτ	_	_
3.5	1496	[31]	’	b	_
3.5	1497	[6]	ἂν	_	_
3.5	1498	[3]	οἶμαι	_	_
3.5	1499	[1]	δίκαιον	_	_
3.5	1500	[9]	εἶναι	_	_
3.5	1501	[12]	τοῖς	_	_
3.5	1502	[3]	Χρυσίππου	_	_
3.5	1503	[1]	πιστεύειν	_	_
3.5	1504	[2]	δόγμασιν	_	_
3.5	1505	[149]	,	b	_
3.5	1506	[5]	ἀλλὰ	_	_
3.5	1507	[13]	τοῖς	_	_
3.5	1508	[1]	Ἱπποκράτους	_	_
3.5	1509	[53]	καὶ	_	_
3.5	1510	[1]	Πλάτωνος	_	_
3.5	1511	[45]	.	b	_
3.5	1512	[2]	ταυτὶ	_	_
3.5	1513	[16]	μὲν	_	_
3.5	1514	[7]	οὖν	_	_
3.5	1515	[20]	τὰ	_	_
3.5	1516	[2]	κεφάλαια	_	_
3.5	1517	[150]	,	b	_
3.5	1518	[34]	τὸ	_	_
3.5	1519	[1]	σύμπαν	_	_
3.5	1520	[1]	κῦρος	_	_
3.5	1521	[11]	ἐν	_	_
3.5	1522	[1]	αὑτοῖς	_	_
3.5	1523	[2]	ἔχοντα	_	_
3.5	1524	[13]	περὶ	_	_
3.5	1525	[27]	τῶν	_	_
3.5	1526	[1]	προκειμένων	_	_
3.5	1527	[1]	ἡμῖν	_	_
3.5	1528	[2]	δογμάτων	_	_
3.5	1529	[151]	,	b	_
3.5	1530	[3]	οὕτως	_	_
3.5	1531	[1]	ταχέως	_	_
3.5	1532	[12]	ὁ	_	_
3.5	1533	[9]	Χρύσιππος	_	_
3.5	1534	[1]	παρέδραμεν	_	_
3.5	1535	[152]	,	b	_
3.5	1536	[8]	ὡς	_	_
3.5	1537	[1]	ἐπιμνησθῆναι	_	_
3.5	1538	[3]	μόνον	_	_
3.5	1539	[7]	·	b	_
3.5	1540	[12]	ἐν	_	_
3.5	1541	[2]	οἷς	_	_
3.5	1542	[20]	δὲ	_	_
3.5	1543	[8]	οὐ	_	_
3.5	1544	[1]	χρὴ	_	_
3.5	1545	[153]	,	b	_
3.5	1546	[1]	μηκύνει	_	_
3.5	1547	[1]	περιττῶς	_	_
3.5	1548	[46]	.	b	_
3.5	1549	[3]	ἑξῆς	_	_
3.5	1550	[21]	δὲ	_	_
3.5	1551	[1]	περί	_	_
3.5	1552	[16]	τε	_	_
3.5	1553	[3]	φωνῆς	_	_
3.5	1554	[1]	μνημονεύει	_	_
3.5	1555	[54]	καὶ	_	_
3.5	1556	[1]	νεύρων	_	_
3.5	1557	[1]	ἀρχῆς	_	_
3.5	1558	[154]	,	b	_
3.5	1559	[1]	ὑπὲρ	_	_
3.5	1560	[4]	ὧν	_	_
3.5	1561	[1]	ἀμφοτέρων	_	_
3.5	1562	[2]	εἴρηταί	_	_
3.5	1563	[5]	μοι	_	_
3.5	1564	[22]	κατὰ	_	_
3.5	1565	[21]	τὰ	_	_
3.5	1566	[3]	πρόσθεν	_	_
3.5	1567	[1]	ὑπομνήματα	_	_
3.5	1568	[47]	.	b	_
3.5	1569	[55]	καὶ	_	_
3.5	1570	[2]	μετὰ	_	_
3.5	1571	[6]	ταῦτα	_	_
3.5	1572	[20]	τὴν	_	_
3.5	1573	[1]	ἀκάρδιον	_	_
3.5	1574	[1]	ἐξηγεῖται	_	_
3.5	1575	[1]	προσηγορίαν	_	_
3.5	1576	[155]	,	b	_
3.5	1577	[2]	ὑπὲρ	_	_
3.5	1578	[3]	ἧς	_	_
3.5	1579	[4]	ἔμπροσθεν	_	_
3.5	1580	[9]	ἤδη	_	_
3.5	1581	[6]	μοι	_	_
3.5	1582	[1]	λέλεκται	_	_
3.5	1583	[156]	,	b	_
3.5	1584	[1]	τοσοῦτον	_	_
3.5	1585	[22]	δὲ	_	_
3.5	1586	[1]	ἐπισημανοῦμαι	_	_
3.5	1587	[56]	καὶ	_	_
3.5	1588	[4]	νῦν	_	_
3.5	1589	[1]	ἀπ	_	_
3.5	1590	[32]	’	b	_
3.5	1591	[1]	αὐτῆς	_	_
3.5	1592	[15]	τῆς	_	_
3.5	1593	[1]	λέξεως	_	_
3.5	1594	[9]	τοῦ	_	_
3.5	1595	[4]	Χρυσίππου	_	_
3.5	1596	[1]	μαρτυρούσης	_	_
3.5	1597	[3]	οἷς	_	_
3.5	1598	[1]	προεῖπον	_	_
3.5	1599	[8]	·	b	_
3.5	1600	[2]	ἔχει	_	_
3.5	1601	[23]	δὲ	_	_
3.5	1602	[4]	ᾧδε	_	_
3.5	1603	[48]	.	b	_
3.5	1604	[23]	κατὰ	_	_
3.5	1605	[8]	τοῦτο	_	_
3.5	1606	[57]	καὶ	_	_
3.5	1607	[1]	εὐκάρδιοι	_	_
3.5	1608	[1]	λέγονταί	_	_
3.5	1609	[2]	τοι	_	_
3.5	1610	[1]	εἶναί	_	_
3.5	1611	[1]	τινες	_	_
3.5	1612	[2]	καθάπερ	_	_
3.5	1613	[1]	εὔψυχοι	_	_
3.5	1614	[157]	,	b	_
3.5	1615	[58]	καὶ	_	_
3.5	1616	[3]	καρδίαν	_	_
3.5	1617	[1]	ἀλγεῖν	_	_
3.5	1618	[2]	οἱ	_	_
3.5	1619	[1]	κηδόμενοί	_	_
3.5	1620	[3]	τινων	_	_
3.5	1621	[158]	,	b	_
3.5	1622	[9]	ὡς	_	_
3.5	1623	[7]	ἂν	_	_
3.5	1624	[24]	κατὰ	_	_
3.5	1625	[21]	τὴν	_	_
3.5	1626	[4]	καρδίαν	_	_
3.5	1627	[16]	τῆς	_	_
3.5	1628	[25]	κατὰ	_	_
3.5	1629	[22]	τὴν	_	_
3.5	1630	[2]	λύπην	_	_
3.5	1631	[1]	ἀλγηδόνος	_	_
3.5	1632	[2]	γιγνομένης	_	_
3.5	1633	[49]	.	b	_
3.5	1634	[13]	ἐν	_	_
3.5	1635	[1]	ταύτῃ	_	_
3.5	1636	[11]	γὰρ	_	_
3.5	1637	[5]	τῇ	_	_
3.5	1638	[1]	ῥήσει	_	_
3.5	1639	[1]	σαφῶς	_	_
3.5	1640	[13]	ὁ	_	_
3.5	1641	[10]	Χρύσιππος	_	_
3.5	1642	[1]	ἐμαρτύρησεν	_	_
3.5	1643	[2]	ἡμῖν	_	_
3.5	1644	[159]	,	b	_
3.5	1645	[10]	ὡς	_	_
3.5	1646	[1]	οὐδέποτε	_	_
3.5	1647	[35]	τὸ	_	_
3.5	1648	[1]	λογιζόμενον	_	_
3.5	1649	[17]	τῆς	_	_
3.5	1650	[3]	ψυχῆς	_	_
3.5	1651	[1]	οὐδεὶς	_	_
3.5	1652	[28]	τῶν	_	_
3.5	1653	[1]	ἰδιωτῶν	_	_
3.5	1654	[14]	ἐν	_	_
3.5	1655	[2]	καρδίᾳ	_	_
3.5	1656	[1]	νενόμικεν	_	_
3.5	1657	[1]	ὑπάρχειν	_	_
3.5	1658	[160]	,	b	_
3.5	1659	[5]	οὐδ	_	_
3.5	1660	[33]	’	b	_
3.5	1661	[14]	ὁ	_	_
3.5	1662	[1]	ἀκάρδιος	_	_
3.5	1663	[14]	τὸν	_	_
3.5	1664	[1]	ἄψυχον	_	_
3.5	1665	[161]	,	b	_
3.5	1666	[11]	ὡς	_	_
3.5	1667	[1]	οἴεται	_	_
3.5	1668	[15]	ὁ	_	_
3.5	1669	[11]	Χρύσιππος	_	_
3.5	1670	[162]	,	b	_
3.5	1671	[6]	ἀλλὰ	_	_
3.5	1672	[15]	τὸν	_	_
3.5	1673	[1]	ἄτολμον	_	_
3.5	1674	[1]	δηλοῖ	_	_
3.5	1675	[1]	παρ	_	_
3.5	1676	[34]	’	b	_
3.5	1677	[5]	αὐτοῖς	_	_
3.5	1678	[50]	.	b	_
3.5	1679	[2]	οὕτω	_	_
3.5	1680	[24]	δὲ	_	_
3.5	1681	[59]	καὶ	_	_
3.5	1682	[23]	τὴν	_	_
3.5	1683	[5]	καρδίαν	_	_
3.5	1684	[2]	ἀλγεῖν	_	_
3.5	1685	[36]	τὸ	_	_
3.5	1686	[1]	λυπεῖσθαι	_	_
3.5	1687	[3]	λέγουσιν	_	_
3.5	1688	[163]	,	b	_
3.5	1689	[12]	ὡς	_	_
3.5	1690	[60]	καὶ	_	_
3.5	1691	[2]	τοῦτ	_	_
3.5	1692	[35]	’	b	_
3.5	1693	[2]	αὐτὸς	_	_
3.5	1694	[3]	μαρτυρεῖ	_	_
3.5	1695	[7]	διὰ	_	_
3.5	1696	[18]	τῆς	_	_
3.5	1697	[2]	αὐτῆς	_	_
3.5	1698	[4]	ταύτης	_	_
3.5	1699	[3]	ῥήσεως	_	_
3.5	1700	[19]	τῆς	_	_
3.5	1701	[1]	νυνὶ	_	_
3.5	1702	[2]	γεγραμμένης	_	_
3.5	1703	[164]	,	b	_
3.5	1704	[15]	ἐν	_	_
3.5	1705	[1]	ᾗ	_	_
3.5	1706	[1]	φησιν	_	_
3.5	1707	[9]	·	b	_
3.5	1708	[13]	ὡς	_	_
3.5	1709	[8]	ἂν	_	_
3.5	1710	[26]	κατὰ	_	_
3.5	1711	[24]	τὴν	_	_
3.5	1712	[6]	καρδίαν	_	_
3.5	1713	[20]	τῆς	_	_
3.5	1714	[27]	κατὰ	_	_
3.5	1715	[25]	τὴν	_	_
3.5	1716	[3]	λύπην	_	_
3.5	1717	[2]	ἀλγηδόνος	_	_
3.5	1718	[3]	γιγνομένης	_	_
3.5	1719	[51]	.	b	_
3.5	1720	[4]	οὕτως	_	_
3.5	1721	[16]	ἐν	_	_
3.5	1722	[1]	ἅπασι	_	_
3.5	1723	[14]	τοῖς	_	_
3.5	1724	[1]	λόγοις	_	_
3.5	1725	[16]	ὁ	_	_
3.5	1726	[12]	Χρύσιππος	_	_
3.5	1727	[7]	οὐκ	_	_
3.5	1728	[2]	αἰσθάνεται	_	_
3.5	1729	[22]	τὰ	_	_
3.5	1730	[3]	πάθη	_	_
3.5	1731	[21]	τῆς	_	_
3.5	1732	[4]	ψυχῆς	_	_
3.5	1733	[17]	ἐν	_	_
3.5	1734	[15]	τοῖς	_	_
3.5	1735	[3]	κάτω	_	_
3.5	1736	[22]	τῆς	_	_
3.5	1737	[2]	κεφαλῆς	_	_
3.5	1738	[1]	μέρεσιν	_	_
3.5	1739	[2]	ὑπάρχειν	_	_
3.5	1740	[1]	κατασκευάζων	_	_
3.5	1741	[165]	,	b	_
3.5	1742	[9]	οὐ	_	_
3.5	1743	[37]	τὸ	_	_
3.5	1744	[2]	λογιζόμενον	_	_
3.5	1745	[166]	,	b	_
3.5	1746	[12]	ἢ	_	_
3.5	1747	[1]	ἐπιστήμην	_	_
3.5	1748	[1]	δεχόμενον	_	_
3.5	1749	[167]	,	b	_
3.5	1750	[13]	ἢ	_	_
3.5	1751	[2]	ἀλήθειαν	_	_
3.5	1752	[1]	σπουδάζον	_	_
3.5	1753	[52]	.	b	_
3.5	1754	[3]	οὕτω	_	_
3.5	1755	[25]	δὲ	_	_
3.5	1756	[1]	κᾀπειδὰν	_	_
3.5	1757	[1]	ἐπιφέρων	_	_
3.5	1758	[1]	εἴπῃ	_	_
3.5	1759	[168]	,	b	_
3.5	1760	[38]	τὸ	_	_
3.5	1761	[12]	γὰρ	_	_
3.5	1762	[1]	ὅλον	_	_
3.5	1763	[169]	,	b	_
3.5	1764	[3]	καθάπερ	_	_
3.5	1765	[18]	ἐν	_	_
3.5	1766	[1]	ἀρχῇ	_	_
3.5	1767	[1]	εἶπον	_	_
3.5	1768	[170]	,	b	_
3.5	1769	[1]	εὖ	_	_
3.5	1770	[1]	μάλ	_	_
3.5	1771	[36]	’	b	_
3.5	1772	[2]	ἐμφαίνουσιν	_	_
3.5	1773	[1]	οἵ	_	_
3.5	1774	[17]	τε	_	_
3.5	1775	[1]	φόβοι	_	_
3.5	1776	[61]	καὶ	_	_
3.5	1777	[2]	αἱ	_	_
3.5	1778	[1]	λῦπαι	_	_
3.5	1779	[28]	κατὰ	_	_
3.5	1780	[9]	τοῦτο	_	_
3.5	1781	[39]	τὸ	_	_
3.5	1782	[3]	μέρος	_	_
3.5	1783	[1]	γιγνόμεναι	_	_
3.5	1784	[171]	,	b	_
3.5	1785	[4]	μαρτυρεῖ	_	_
3.5	1786	[3]	κᾀνταῦθα	_	_
3.5	1787	[5]	τῷ	_	_
3.5	1788	[10]	τοῦ	_	_
3.5	1789	[2]	Πλάτωνος	_	_
3.5	1790	[2]	λόγῳ	_	_
3.5	1791	[53]	.	b	_
3.5	1792	[62]	καὶ	_	_
3.5	1793	[8]	διὰ	_	_
3.5	1794	[29]	τῶν	_	_
3.5	1795	[4]	ἑξῆς	_	_
3.5	1796	[26]	δὲ	_	_
3.5	1797	[29]	κατὰ	_	_
3.5	1798	[16]	τὸν	_	_
3.5	1799	[1]	παραπλήσιον	_	_
3.5	1800	[2]	τρόπον	_	_
3.5	1801	[8]	οὐκ	_	_
3.5	1802	[3]	αἰσθάνεται	_	_
3.5	1803	[2]	κατασκευάζων	_	_
3.5	1804	[172]	,	b	_
3.5	1805	[14]	ὡς	_	_
3.5	1806	[19]	ἐν	_	_
3.5	1807	[6]	τῇ	_	_
3.5	1808	[3]	καρδίᾳ	_	_
3.5	1809	[40]	τὸ	_	_
3.5	1810	[1]	θυμοειδὲς	_	_
3.5	1811	[1]	ἵδρυται	_	_
3.5	1812	[23]	τῆς	_	_
3.5	1813	[5]	ψυχῆς	_	_
3.5	1814	[54]	.	b	_
3.5	1815	[1]	ἥ	_	_
3.5	1816	[18]	τε	_	_
3.5	1817	[13]	γὰρ	_	_
3.5	1818	[20]	ἐν	_	_
3.5	1819	[16]	τοῖς	_	_
3.5	1820	[1]	φόβοις	_	_
3.5	1821	[1]	πάλσις	_	_
3.5	1822	[24]	τῆς	_	_
3.5	1823	[2]	καρδίας	_	_
3.5	1824	[1]	ἐκφανής	_	_
3.5	1825	[4]	ἐστι	_	_
3.5	1826	[63]	καὶ	_	_
3.5	1827	[5]	ἡ	_	_
3.5	1828	[8]	εἰς	_	_
3.5	1829	[10]	τοῦτο	_	_
3.5	1830	[25]	τῆς	_	_
3.5	1831	[1]	ὅλης	_	_
3.5	1832	[6]	ψυχῆς	_	_
3.5	1833	[1]	συνδρομὴ	_	_
3.5	1834	[173]	,	b	_
3.5	1835	[9]	οὐκ	_	_
3.5	1836	[2]	ἄλλως	_	_
3.5	1837	[1]	ἐπιγεννηματικῶς	_	_
3.5	1838	[1]	γιγνομένων	_	_
3.5	1839	[9]	αὐτῶν	_	_
3.5	1840	[174]	,	b	_
3.5	1841	[4]	καθάπερ	_	_
3.5	1842	[2]	ἄλλοις	_	_
3.5	1843	[1]	ἄλλου	_	_
3.5	1844	[1]	συμπάσχειν	_	_
3.5	1845	[1]	πεφυκότος	_	_
3.5	1846	[175]	,	b	_
3.5	1847	[1]	καθ	_	_
3.5	1848	[37]	’	b	_
3.5	1849	[2]	ὅ	_	_
3.5	1850	[64]	καὶ	_	_
3.5	1851	[1]	συνιζάνουσιν	_	_
3.5	1852	[9]	εἰς	_	_
3.5	1853	[1]	αὑτοὺς	_	_
3.5	1854	[176]	,	b	_
3.5	1855	[1]	συναγόμενοι	_	_
3.5	1856	[6]	πρὸς	_	_
3.5	1857	[11]	τοῦτο	_	_
3.5	1858	[177]	,	b	_
3.5	1859	[15]	ὡς	_	_
3.5	1860	[9]	ἂν	_	_
3.5	1861	[41]	τὸ	_	_
3.5	1862	[1]	ἡγεμονικὸν	_	_
3.5	1863	[178]	,	b	_
3.5	1864	[65]	καὶ	_	_
3.5	1865	[30]	κατὰ	_	_
3.5	1866	[26]	τὴν	_	_
3.5	1867	[16]	ὡς	_	_
3.5	1868	[10]	ἂν	_	_
3.5	1869	[10]	αὐτῶν	_	_
3.5	1870	[2]	τούτου	_	_
3.5	1871	[1]	φυλακτικήν	_	_
3.5	1872	[55]	.	b	_
3.5	1873	[66]	καὶ	_	_
3.5	1874	[23]	τὰ	_	_
3.5	1875	[26]	τῆς	_	_
3.5	1876	[1]	λύπης	_	_
3.5	1877	[4]	πάθη	_	_
3.5	1878	[1]	ἐνταυθοῖ	_	_
3.5	1879	[2]	που	_	_
3.5	1880	[1]	εὐφυῶς	_	_
3.5	1881	[2]	γίγνεται	_	_
3.5	1882	[179]	,	b	_
3.5	1883	[2]	οὐδενὸς	_	_
3.5	1884	[2]	ἄλλου	_	_
3.5	1885	[1]	συμπάσχοντος	_	_
3.5	1886	[7]	οὐδὲ	_	_
3.5	1887	[1]	συναλγοῦντος	_	_
3.5	1888	[2]	τόπου	_	_
3.5	1889	[56]	.	b	_
3.5	1890	[1]	ἀλγηδόνων	_	_
3.5	1891	[1]	γάρ	_	_
3.5	1892	[4]	τινων	_	_
3.5	1893	[31]	κατὰ	_	_
3.5	1894	[7]	ταῦτα	_	_
3.5	1895	[2]	γιγνομένων	_	_
3.5	1896	[1]	σφοδρῶν	_	_
3.5	1897	[180]	,	b	_
3.5	1898	[1]	ἕτερος	_	_
3.5	1899	[17]	μὲν	_	_
3.5	1900	[1]	οὐδείς	_	_
3.5	1901	[1]	ἐμφαίνει	_	_
3.5	1902	[1]	τόπος	_	_
3.5	1903	[24]	τὰ	_	_
3.5	1904	[5]	πάθη	_	_
3.5	1905	[8]	ταῦτα	_	_
3.5	1906	[181]	,	b	_
3.5	1907	[17]	ὁ	_	_
3.5	1908	[27]	δὲ	_	_
3.5	1909	[14]	περὶ	_	_
3.5	1910	[27]	τὴν	_	_
3.5	1911	[7]	καρδίαν	_	_
3.5	1912	[1]	μάλιστα	_	_
3.5	1913	[57]	.	b	_
3.5	1914	[9]	ταῦτα	_	_
3.5	1915	[6]	πάντα	_	_
3.5	1916	[1]	φήσομεν	_	_
3.5	1917	[1]	ἀληθῶς	_	_
3.5	1918	[3]	ὑπὸ	_	_
3.5	1919	[11]	τοῦ	_	_
3.5	1920	[5]	Χρυσίππου	_	_
3.5	1921	[2]	λέγεσθαι	_	_
3.5	1922	[182]	,	b	_
3.5	1923	[67]	καὶ	_	_
3.5	1924	[1]	παρακαλέσομέν	_	_
3.5	1925	[3]	γε	_	_
3.5	1926	[7]	τοὺς	_	_
3.5	1927	[2]	ἀπ	_	_
3.5	1928	[38]	’	b	_
3.5	1929	[2]	αὐτοῦ	_	_
3.5	1930	[1]	μεμνῆσθαί	_	_
3.5	1931	[19]	τε	_	_
3.5	1932	[11]	αὐτῶν	_	_
3.5	1933	[68]	καὶ	_	_
3.5	1934	[1]	μηκέτι	_	_
3.5	1935	[2]	παρ	_	_
3.5	1936	[39]	’	b	_
3.5	1937	[3]	ἡμῶν	_	_
3.5	1938	[1]	ἑτέραν	_	_
3.5	1939	[1]	ἐπιζητεῖν	_	_
3.5	1940	[1]	ἀπόδειξιν	_	_
3.5	1941	[3]	ὑπὲρ	_	_
3.5	1942	[12]	τοῦ	_	_
3.5	1943	[8]	τοὺς	_	_
3.5	1944	[1]	φόβους	_	_
3.5	1945	[183]	,	b	_
3.5	1946	[69]	καὶ	_	_
3.5	1947	[6]	τὰς	_	_
3.5	1948	[1]	λύπας	_	_
3.5	1949	[184]	,	b	_
3.5	1950	[70]	καὶ	_	_
3.5	1951	[1]	πάνθ	_	_
3.5	1952	[40]	’	b	_
3.5	1953	[5]	ὅσα	_	_
3.5	1954	[3]	τοιαῦτα	_	_
3.5	1955	[6]	πάθη	_	_
3.5	1956	[32]	κατὰ	_	_
3.5	1957	[28]	τὴν	_	_
3.5	1958	[8]	καρδίαν	_	_
3.5	1959	[1]	συνίστασθαι	_	_
3.5	1960	[185]	,	b	_
3.5	1961	[7]	ἀλλὰ	_	_
3.5	1962	[12]	τοῦτο	_	_
3.5	1963	[18]	μὲν	_	_
3.5	1964	[71]	καὶ	_	_
3.5	1965	[3]	παρ	_	_
3.5	1966	[41]	’	b	_
3.5	1967	[12]	αὐτῶν	_	_
3.5	1968	[1]	ὁμολογούμενον	_	_
3.5	1969	[1]	λαμβάνεται	_	_
3.5	1970	[30]	τῶν	_	_
3.5	1971	[3]	Στωϊκῶν	_	_
3.5	1972	[58]	.	b	_
3.5	1973	[10]	οὐ	_	_
3.5	1974	[4]	μόνον	_	_
3.5	1975	[14]	γὰρ	_	_
3.5	1976	[13]	Χρύσιππος	_	_
3.5	1977	[186]	,	b	_
3.5	1978	[8]	ἀλλὰ	_	_
3.5	1979	[72]	καὶ	_	_
3.5	1980	[1]	Κλεάνθης	_	_
3.5	1981	[73]	καὶ	_	_
3.5	1982	[2]	Ζήνων	_	_
3.5	1983	[1]	ἑτοίμως	_	_
3.5	1984	[5]	αὐτὰ	_	_
3.5	1985	[1]	τιθέασιν	_	_
3.5	1986	[59]	.	b	_
3.5	1987	[2]	ἐκεῖνο	_	_
3.5	1988	[8]	δ	_	_
3.5	1989	[42]	’	b	_
3.5	1990	[1]	ἐπισκέπτεσθαι	_	_
3.5	1991	[2]	χρὴ	_	_
3.5	1992	[5]	μόνον	_	_
3.5	1993	[187]	,	b	_
3.5	1994	[21]	ἐν	_	_
3.5	1995	[2]	ᾧ	_	_
3.5	1996	[29]	τὴν	_	_
3.5	1997	[2]	πᾶσαν	_	_
3.5	1998	[1]	ἀμφισβήτησιν	_	_
3.5	1999	[10]	εἶναι	_	_
3.5	2000	[1]	συμβέβηκεν	_	_
3.5	2001	[188]	,	b	_
3.5	2002	[5]	εἰ	_	_
3.5	2003	[74]	καὶ	_	_
3.5	2004	[42]	τὸ	_	_
3.5	2005	[1]	λογιζόμενόν	_	_
3.5	2006	[5]	ἐστιν	_	_
3.5	2007	[2]	ἐνταῦθα	_	_
3.5	2008	[60]	.	b	_
3.5	2009	[6]	εἰ	_	_
3.5	2010	[15]	γὰρ	_	_
3.5	2011	[6]	ὥσπερ	_	_
3.5	2012	[43]	τὸ	_	_
3.5	2013	[2]	θυμοειδὲς	_	_
3.5	2014	[189]	,	b	_
3.5	2015	[1]	ἐναργῶς	_	_
3.5	2016	[1]	ἐπιδείκνυται	_	_
3.5	2017	[2]	δι	_	_
3.5	2018	[43]	’	b	_
3.5	2019	[5]	ὧν	_	_
3.5	2020	[18]	ὁ	_	_
3.5	2021	[14]	Χρύσιππος	_	_
3.5	2022	[10]	ἤδη	_	_
3.5	2023	[4]	πολλάκις	_	_
3.5	2024	[1]	εἴρηκε	_	_
3.5	2025	[2]	λόγων	_	_
3.5	2026	[1]	περιεχόμενον	_	_
3.5	2027	[22]	ἐν	_	_
3.5	2028	[7]	τῇ	_	_
3.5	2029	[4]	καρδίᾳ	_	_
3.5	2030	[61]	.	b	_
3.5	2031	[4]	ἡμεῖς	_	_
3.5	2032	[28]	δὲ	_	_
3.5	2033	[7]	εἰ	_	_
3.5	2034	[15]	περὶ	_	_
3.5	2035	[13]	τοῦ	_	_
3.5	2036	[1]	λογιζομένου	_	_
3.5	2037	[1]	παραπλησίας	_	_
3.5	2038	[1]	ταύταις	_	_
3.5	2039	[14]	ἢ	_	_
3.5	2040	[75]	καὶ	_	_
3.5	2041	[1]	σφοδροτέρας	_	_
3.5	2042	[5]	ἔτι	_	_
3.5	2043	[1]	προσθείημεν	_	_
3.5	2044	[1]	ἀποδείξεις	_	_
3.5	2045	[4]	ὑπὲρ	_	_
3.5	2046	[14]	τοῦ	_	_
3.5	2047	[33]	κατὰ	_	_
3.5	2048	[30]	τὴν	_	_
3.5	2049	[1]	κεφαλήν	_	_
3.5	2050	[20]	τε	_	_
3.5	2051	[76]	καὶ	_	_
3.5	2052	[17]	τὸν	_	_
3.5	2053	[1]	ἐγκέφαλον	_	_
3.5	2054	[3]	ὑπάρχειν	_	_
3.5	2055	[2]	αὐτὸ	_	_
3.5	2056	[190]	,	b	_
3.5	2057	[1]	τί	_	_
3.5	2058	[1]	ἄλλο	_	_
3.5	2059	[15]	ἢ	_	_
3.5	2060	[44]	τὸ	_	_
3.5	2061	[1]	Πλάτωνός	_	_
3.5	2062	[21]	τε	_	_
3.5	2063	[77]	καὶ	_	_
3.5	2064	[2]	Ἱπποκράτους	_	_
3.5	2065	[1]	ἀποδειχθήσεται	_	_
3.5	2066	[1]	δόγμα	_	_
3.5	2067	[191]	,	b	_
3.5	2068	[7]	τὰς	_	_
3.5	2069	[2]	ἀποδείξεις	_	_
3.5	2070	[1]	ἀμφοτέρας	_	_
3.5	2071	[4]	ἡμῶν	_	_
3.5	2072	[1]	συνθέντων	_	_
3.5	2073	[1]	;	b	_
3.6	1	[1]	Ἴσως	_	_
3.6	2	[1]	οὖν	_	_
3.6	3	[1]	ἄμεινον	_	_
3.6	4	[1]	,	b	_
3.6	5	[1]	ἐπειδὴ	_	_
3.6	6	[1]	κατὰ	_	_
3.6	7	[1]	τοῦτο	_	_
3.6	8	[1]	τοῦ	_	_
3.6	9	[1]	λόγου	_	_
3.6	10	[1]	γεγόναμεν	_	_
3.6	11	[2]	,	b	_
3.6	12	[1]	ἀναμνῆσαι	_	_
3.6	13	[1]	τῶν	_	_
3.6	14	[1]	ἐπιστημονικῶν	_	_
3.6	15	[1]	ἀποδείξεων	_	_
3.6	16	[3]	,	b	_
3.6	17	[1]	ὑπὲρ	_	_
3.6	18	[1]	ὧν	_	_
3.6	19	[1]	ἐπὶ	_	_
3.6	20	[1]	πλέον	_	_
3.6	21	[1]	ἐν	_	_
3.6	22	[1]	τῷ	_	_
3.6	23	[1]	πρὸ	_	_
3.6	24	[1]	τούτου	_	_
3.6	25	[1]	διελέχθην	_	_
3.6	26	[1]	ὑπομνήματι	_	_
3.6	27	[4]	,	b	_
3.6	28	[1]	τὰ	_	_
3.6	29	[1]	λήμματα	_	_
3.6	30	[1]	δεικνὺς	_	_
3.6	31	[5]	,	b	_
3.6	32	[1]	ἐξ	_	_
3.6	33	[2]	ὧν	_	_
3.6	34	[1]	ἄν	_	_
3.6	35	[1]	τις	_	_
3.6	36	[1]	ἀποδείξειε	_	_
3.6	37	[1]	τὸ	_	_
3.6	38	[1]	προκείμενον	_	_
3.6	39	[1]	.	b	_
3.6	40	[1]	ἦν	_	_
3.6	41	[1]	δ	_	_
3.6	42	[1]	’	b	_
3.6	43	[1]	αὐτὸ	_	_
3.6	44	[2]	τὸ	_	_
3.6	45	[1]	κεφάλαιον	_	_
3.6	46	[1]	ἐκ	_	_
3.6	47	[2]	τῶν	_	_
3.6	48	[1]	ὑπαρχόντων	_	_
3.6	49	[1]	καὶ	_	_
3.6	50	[1]	συμβεβηκότων	_	_
3.6	51	[1]	ἑκατέρῳ	_	_
3.6	52	[3]	τῶν	_	_
3.6	53	[1]	σπλάγχνων	_	_
3.6	54	[2]	κατὰ	_	_
3.6	55	[1]	τὴν	_	_
3.6	56	[1]	οὐσίαν	_	_
3.6	57	[2]	τοῦ	_	_
3.6	58	[1]	ζητουμένου	_	_
3.6	59	[1]	πράγματος	_	_
3.6	60	[1]	ἄρχεσθαι	_	_
3.6	61	[1]	χρῆναι	_	_
3.6	62	[2]	.	b	_
3.6	63	[2]	καὶ	_	_
3.6	64	[1]	δὴ	_	_
3.6	65	[2]	τὰ	_	_
3.6	66	[1]	ὑπάρχοντά	_	_
3.6	67	[1]	τε	_	_
3.6	68	[3]	καὶ	_	_
3.6	69	[1]	συμβαίνοντα	_	_
3.6	70	[1]	καθ	_	_
3.6	71	[2]	’	b	_
3.6	72	[1]	ἑκάτερον	_	_
3.6	73	[1]	ἰδίᾳ	_	_
3.6	74	[1]	πάντα	_	_
3.6	75	[1]	διήλθομεν	_	_
3.6	76	[1]	ἔμπροσθεν	_	_
3.6	77	[3]	.	b	_
3.6	78	[2]	ἦν	_	_
3.6	79	[1]	δὲ	_	_
3.6	80	[4]	καὶ	_	_
3.6	81	[1]	τούτων	_	_
3.6	82	[1]	κεφάλαια	_	_
3.6	83	[1]	ταῦτα	_	_
3.6	84	[1]	·	b	_
3.6	85	[1]	πρῶτον	_	_
3.6	86	[1]	μὲν	_	_
3.6	87	[6]	,	b	_
3.6	88	[1]	ὡς	_	_
3.6	89	[4]	τῶν	_	_
3.6	90	[1]	αἴσθησίν	_	_
3.6	91	[2]	τε	_	_
3.6	92	[5]	καὶ	_	_
3.6	93	[1]	κίνησιν	_	_
3.6	94	[2]	τὴν	_	_
3.6	95	[3]	κατὰ	_	_
3.6	96	[1]	προαίρεσιν	_	_
3.6	97	[1]	ἅπασι	_	_
3.6	98	[1]	τοῖς	_	_
3.6	99	[3]	τοῦ	_	_
3.6	100	[1]	ζώου	_	_
3.6	101	[1]	μέλεσι	_	_
3.6	102	[1]	παραγόντων	_	_
3.6	103	[1]	ὀργάνων	_	_
3.6	104	[7]	,	b	_
3.6	105	[1]	ἅπερ	_	_
3.6	106	[1]	ὀνομάζεται	_	_
3.6	107	[1]	νεῦρα	_	_
3.6	108	[8]	,	b	_
3.6	109	[1]	τὸν	_	_
3.6	110	[1]	ἐγκέφαλον	_	_
3.6	111	[1]	ἀρχὴν	_	_
3.6	112	[1]	ὑπάρχειν	_	_
3.6	113	[1]	συμβέβηκεν	_	_
3.6	114	[9]	,	b	_
3.6	115	[1]	ὥσπερ	_	_
3.6	116	[5]	τῶν	_	_
3.6	117	[1]	ἀρτηριῶν	_	_
3.6	118	[3]	τὴν	_	_
3.6	119	[1]	καρδίαν	_	_
3.6	120	[2]	·	b	_
3.6	121	[1]	ἔπειτα	_	_
3.6	122	[2]	δ	_	_
3.6	123	[3]	’	b	_
3.6	124	[10]	,	b	_
3.6	125	[1]	ὅτι	_	_
3.6	126	[11]	,	b	_
3.6	127	[1]	θλιφθεισῶν	_	_
3.6	128	[2]	μὲν	_	_
3.6	129	[1]	ἢ	_	_
3.6	130	[1]	τρωθεισῶν	_	_
3.6	131	[6]	τῶν	_	_
3.6	132	[4]	κατὰ	_	_
3.6	133	[2]	τὸν	_	_
3.6	134	[2]	ἐγκέφαλον	_	_
3.6	135	[1]	κοιλιῶν	_	_
3.6	136	[12]	,	b	_
3.6	137	[1]	ὅλον	_	_
3.6	138	[3]	τὸ	_	_
3.6	139	[1]	ζῶον	_	_
3.6	140	[1]	αὐτίκα	_	_
3.6	141	[1]	γίνεται	_	_
3.6	142	[1]	καρῶδες	_	_
3.6	143	[13]	,	b	_
3.6	144	[1]	οὐ	_	_
3.6	145	[1]	μὴν	_	_
3.6	146	[1]	ἀπόλλυταί	_	_
3.6	147	[1]	γε	_	_
3.6	148	[1]	οὔτε	_	_
3.6	149	[1]	ἡ	_	_
3.6	150	[5]	κατὰ	_	_
3.6	151	[1]	τὰς	_	_
3.6	152	[1]	ἀρτηρίας	_	_
3.6	153	[14]	,	b	_
3.6	154	[2]	οὔτε	_	_
3.6	155	[2]	ἡ	_	_
3.6	156	[6]	κατὰ	_	_
3.6	157	[4]	τὴν	_	_
3.6	158	[2]	καρδίαν	_	_
3.6	159	[1]	κίνησις	_	_
3.6	160	[15]	,	b	_
3.6	161	[2]	ὥσπερ	_	_
3.6	162	[2]	γε	_	_
3.6	163	[1]	κᾀπειδὰν	_	_
3.6	164	[1]	ὁμοίως	_	_
3.6	165	[5]	τὴν	_	_
3.6	166	[3]	καρδίαν	_	_
3.6	167	[1]	διαθῶμεν	_	_
3.6	168	[16]	,	b	_
3.6	169	[1]	αἱ	_	_
3.6	170	[3]	μὲν	_	_
3.6	171	[7]	κατὰ	_	_
3.6	172	[2]	τὰς	_	_
3.6	173	[2]	ἀρτηρίας	_	_
3.6	174	[1]	κινήσεις	_	_
3.6	175	[1]	παραβλάπτονται	_	_
3.6	176	[17]	,	b	_
3.6	177	[4]	τὸ	_	_
3.6	178	[2]	δὲ	_	_
3.6	179	[2]	ὅλον	_	_
3.6	180	[2]	ζῶον	_	_
3.6	181	[3]	οὔτε	_	_
3.6	182	[1]	εἰς	_	_
3.6	183	[1]	αἴσθησιν	_	_
3.6	184	[1]	οὐδεμίαν	_	_
3.6	185	[4]	οὔτε	_	_
3.6	186	[2]	κίνησιν	_	_
3.6	187	[1]	οὐδὲν	_	_
3.6	188	[1]	φαίνεται	_	_
3.6	189	[1]	βλαπτόμενον	_	_
3.6	190	[4]	.	b	_
3.6	191	[1]	ἐπεδείξαμεν	_	_
3.6	192	[3]	δὲ	_	_
3.6	193	[6]	καὶ	_	_
3.6	194	[2]	ὡς	_	_
3.6	195	[1]	οὐδέτερον	_	_
3.6	196	[1]	οὐδετέρῳ	_	_
3.6	197	[1]	χορηγεῖ	_	_
3.6	198	[7]	τῶν	_	_
3.6	199	[1]	εἰρημένων	_	_
3.6	200	[1]	δυνάμεων	_	_
3.6	201	[18]	,	b	_
3.6	202	[1]	οὔθ	_	_
3.6	203	[4]	’	b	_
3.6	204	[3]	ἡ	_	_
3.6	205	[1]	καρδία	_	_
3.6	206	[2]	τῷ	_	_
3.6	207	[1]	ἐγκεφάλῳ	_	_
3.6	208	[1]	τῆς	_	_
3.6	209	[1]	αἰσθητικῆς	_	_
3.6	210	[3]	τε	_	_
3.6	211	[7]	καὶ	_	_
3.6	212	[8]	κατὰ	_	_
3.6	213	[2]	προαίρεσιν	_	_
3.6	214	[1]	κινητικῆς	_	_
3.6	215	[19]	,	b	_
3.6	216	[2]	οὔθ	_	_
3.6	217	[5]	’	b	_
3.6	218	[1]	ὁ	_	_
3.6	219	[1]	ἐγκέφαλος	_	_
3.6	220	[1]	τῇ	_	_
3.6	221	[1]	καρδίᾳ	_	_
3.6	222	[2]	τῆς	_	_
3.6	223	[1]	σφυγμικῆς	_	_
3.6	224	[20]	,	b	_
3.6	225	[1]	ἀλλ	_	_
3.6	226	[6]	’	b	_
3.6	227	[1]	ἔστιν	_	_
3.6	228	[2]	ἑκάτερον	_	_
3.6	229	[8]	τῶν	_	_
3.6	230	[1]	μορίων	_	_
3.6	231	[1]	ἑκατέρας	_	_
3.6	232	[1]	δυνάμεως	_	_
3.6	233	[1]	οἷον	_	_
3.6	234	[1]	πηγή	_	_
3.6	235	[2]	τις	_	_
3.6	236	[5]	.	b	_
3.6	237	[1]	ἐνδείκνυται	_	_
3.6	238	[3]	δ	_	_
3.6	239	[7]	’	b	_
3.6	240	[2]	ὁ	_	_
3.6	241	[1]	λόγος	_	_
3.6	242	[1]	ἤδη	_	_
3.6	243	[8]	καὶ	_	_
3.6	244	[6]	τὴν	_	_
3.6	245	[1]	ἀπὸ	_	_
3.6	246	[9]	τῶν	_	_
3.6	247	[1]	νοσημάτων	_	_
3.6	248	[1]	μαρτυρίαν	_	_
3.6	249	[21]	,	b	_
3.6	250	[2]	ὑπὲρ	_	_
3.6	251	[1]	ἧς	_	_
3.6	252	[2]	ἐν	_	_
3.6	253	[2]	τοῖς	_	_
3.6	254	[1]	ἑξῆς	_	_
3.6	255	[2]	ἐπὶ	_	_
3.6	256	[2]	πλέον	_	_
3.6	257	[1]	ἐροῦμεν	_	_
3.6	258	[6]	.	b	_
3.6	259	[1]	ἐγκεφάλου	_	_
3.6	260	[4]	μὲν	_	_
3.6	261	[1]	γὰρ	_	_
3.6	262	[1]	πάσχοντος	_	_
3.6	263	[22]	,	b	_
3.6	264	[1]	ἕτοιμον	_	_
3.6	265	[1]	παραφρονῆσαί	_	_
3.6	266	[4]	τε	_	_
3.6	267	[9]	καὶ	_	_
3.6	268	[1]	ἀκίνητον	_	_
3.6	269	[10]	καὶ	_	_
3.6	270	[1]	ἀναίσθητον	_	_
3.6	271	[1]	γενέσθαι	_	_
3.6	272	[5]	τὸ	_	_
3.6	273	[3]	ζῶον	_	_
3.6	274	[23]	,	b	_
3.6	275	[1]	καρδίας	_	_
3.6	276	[4]	δὲ	_	_
3.6	277	[24]	,	b	_
3.6	278	[1]	συγκοπῆναι	_	_
3.6	279	[5]	μὲν	_	_
3.6	280	[11]	καὶ	_	_
3.6	281	[1]	ἀπολέσθαι	_	_
3.6	282	[25]	,	b	_
3.6	283	[10]	τῶν	_	_
3.6	284	[1]	προειρημένων	_	_
3.6	285	[4]	δ	_	_
3.6	286	[8]	’	b	_
3.6	287	[1]	οὐδὲ	_	_
3.6	288	[1]	ἓν	_	_
3.6	289	[1]	παθεῖν	_	_
3.6	290	[7]	.	b	_
3.6	291	[1]	εἴπερ	_	_
3.6	292	[2]	οὖν	_	_
3.6	293	[1]	οὕτως	_	_
3.6	294	[1]	ταῦτ	_	_
3.6	295	[9]	’	b	_
3.6	296	[1]	ἔχει	_	_
3.6	297	[26]	,	b	_
3.6	298	[1]	καθάπερ	_	_
3.6	299	[2]	ἔχει	_	_
3.6	300	[27]	,	b	_
3.6	301	[12]	καὶ	_	_
3.6	302	[1]	οἱ	_	_
3.6	303	[1]	λέγοντες	_	_
3.6	304	[28]	,	b	_
3.6	305	[2]	ἐκ	_	_
3.6	306	[2]	καρδίας	_	_
3.6	307	[1]	πεφυκέναι	_	_
3.6	308	[3]	τὰ	_	_
3.6	309	[2]	νεῦρα	_	_
3.6	310	[29]	,	b	_
3.6	311	[1]	λέγειν	_	_
3.6	312	[6]	μὲν	_	_
3.6	313	[1]	δύνανται	_	_
3.6	314	[2]	τοῦτο	_	_
3.6	315	[13]	καὶ	_	_
3.6	316	[1]	γράφειν	_	_
3.6	317	[30]	,	b	_
3.6	318	[3]	ὥσπερ	_	_
3.6	319	[14]	καὶ	_	_
3.6	320	[1]	ἄλλα	_	_
3.6	321	[1]	πολλὰ	_	_
3.6	322	[1]	λέγουσί	_	_
3.6	323	[5]	τε	_	_
3.6	324	[15]	καὶ	_	_
3.6	325	[1]	γράφουσιν	_	_
3.6	326	[31]	,	b	_
3.6	327	[2]	οὐ	_	_
3.6	328	[2]	μὴν	_	_
3.6	329	[1]	ἐπί	_	_
3.6	330	[3]	γε	_	_
3.6	331	[11]	τῶν	_	_
3.6	332	[1]	ζώων	_	_
3.6	333	[1]	ἐναργῶς	_	_
3.6	334	[1]	δεικνύναι	_	_
3.6	335	[8]	.	b	_
3.6	336	[7]	τὴν	_	_
3.6	337	[7]	μὲν	_	_
3.6	338	[2]	γὰρ	_	_
3.6	339	[1]	λεγομένην	_	_
3.6	340	[2]	ἀρχὴν	_	_
3.6	341	[32]	,	b	_
3.6	342	[1]	ἀφ	_	_
3.6	343	[10]	’	b	_
3.6	344	[2]	ἧς	_	_
3.6	345	[4]	τὰ	_	_
3.6	346	[3]	νεῦρα	_	_
3.6	347	[1]	πέφυκεν	_	_
3.6	348	[33]	,	b	_
3.6	349	[3]	ἐγκέφαλον	_	_
3.6	350	[1]	ἀναγκαῖον	_	_
3.6	351	[2]	ὑπάρχειν	_	_
3.6	352	[3]	·	b	_
3.6	353	[1]	ὅσα	_	_
3.6	354	[5]	δὲ	_	_
3.6	355	[1]	Χρύσιππος	_	_
3.6	356	[3]	ἐπὶ	_	_
3.6	357	[1]	πλεῖστον	_	_
3.6	358	[1]	μηκύνων	_	_
3.6	359	[4]	ἐπὶ	_	_
3.6	360	[3]	τῆς	_	_
3.6	361	[3]	καρδίας	_	_
3.6	362	[1]	διεξῆλθεν	_	_
3.6	363	[34]	,	b	_
3.6	364	[3]	οὐ	_	_
3.6	365	[6]	τὸ	_	_
3.6	366	[1]	λογίζεσθαι	_	_
3.6	367	[1]	δείκνυσι	_	_
3.6	368	[7]	τὸ	_	_
3.6	369	[1]	σπλάγχνον	_	_
3.6	370	[35]	,	b	_
3.6	371	[1]	ἀλλὰ	_	_
3.6	372	[8]	τὸ	_	_
3.6	373	[1]	θυμοῦσθαι	_	_
3.6	374	[36]	,	b	_
3.6	375	[16]	καὶ	_	_
3.6	376	[9]	τὸ	_	_
3.6	377	[1]	φοβεῖσθαι	_	_
3.6	378	[37]	,	b	_
3.6	379	[17]	καὶ	_	_
3.6	380	[10]	τὸ	_	_
3.6	381	[1]	λυπεῖσθαι	_	_
3.6	382	[38]	,	b	_
3.6	383	[18]	καὶ	_	_
3.6	384	[1]	πάνθ	_	_
3.6	385	[11]	’	b	_
3.6	386	[2]	ὅσα	_	_
3.6	387	[4]	τοῦ	_	_
3.6	388	[1]	θυμοειδοῦς	_	_
3.6	389	[4]	τῆς	_	_
3.6	390	[1]	ψυχῆς	_	_
3.6	391	[1]	ἐστιν	_	_
3.6	392	[1]	ἔργα	_	_
3.6	393	[6]	τε	_	_
3.6	394	[19]	καὶ	_	_
3.6	395	[1]	πάθη	_	_
3.6	396	[9]	.	b	_
3.7	1	[1]	Ὅπερ	_	_
3.7	2	[1]	οὖν	_	_
3.7	3	[1]	εἶπον	_	_
3.7	4	[1]	ἤδη	_	_
3.7	5	[1]	πρόσθεν	_	_
3.7	6	[1]	ἐν	_	_
3.7	7	[1]	τῷδε	_	_
3.7	8	[1]	τῷ	_	_
3.7	9	[1]	γράμματι	_	_
3.7	10	[1]	,	b	_
3.7	11	[1]	τοῦτο	_	_
3.7	12	[1]	καὶ	_	_
3.7	13	[1]	νῦν	_	_
3.7	14	[1]	ἀναγκαῖον	_	_
3.7	15	[1]	ἀναμνῆσαι	_	_
3.7	16	[2]	,	b	_
3.7	17	[1]	ὅτι	_	_
3.7	18	[1]	ὁ	_	_
3.7	19	[1]	Χρύσιππος	_	_
3.7	20	[2]	ἐν	_	_
3.7	21	[1]	τῇ	_	_
3.7	22	[1]	μετὰ	_	_
3.7	23	[1]	τὰς	_	_
3.7	24	[1]	προγεγραμμένας	_	_
3.7	25	[1]	ῥήσεις	_	_
3.7	26	[1]	λέξει	_	_
3.7	27	[1]	προχείρως	_	_
3.7	28	[1]	πάλιν	_	_
3.7	29	[1]	ἐξ	_	_
3.7	30	[1]	ἑνὸς	_	_
3.7	31	[1]	ἄρχεσθαι	_	_
3.7	32	[1]	μόνου	_	_
3.7	33	[2]	τὰς	_	_
3.7	34	[1]	δυνάμεις	_	_
3.7	35	[1]	ἀμφοτέρας	_	_
3.7	36	[1]	λαμβάνει	_	_
3.7	37	[3]	,	b	_
3.7	38	[1]	μηδὲ	_	_
3.7	39	[1]	μίαν	_	_
3.7	40	[1]	ἀπόδειξιν	_	_
3.7	41	[4]	,	b	_
3.7	42	[1]	ἢ	_	_
3.7	43	[1]	παραμυθίαν	_	_
3.7	44	[5]	,	b	_
3.7	45	[2]	ἢ	_	_
3.7	46	[1]	πιθανότητα	_	_
3.7	47	[2]	τῷ	_	_
3.7	48	[1]	λόγῳ	_	_
3.7	49	[1]	προστιθεὶς	_	_
3.7	50	[6]	,	b	_
3.7	51	[1]	ὡς	_	_
3.7	52	[2]	ἐξ	_	_
3.7	53	[1]	αὐτῆς	_	_
3.7	54	[1]	φανερὸν	_	_
3.7	55	[1]	ἔσται	_	_
3.7	56	[1]	τῆς	_	_
3.7	57	[1]	λέξεως	_	_
3.7	58	[1]	αὐτοῦ	_	_
3.7	59	[1]	τόνδε	_	_
3.7	60	[1]	τὸν	_	_
3.7	61	[1]	τρόπον	_	_
3.7	62	[1]	ἐχούσης	_	_
3.7	63	[1]	.	b	_
3.7	64	[1]	ἀτόπως	_	_
3.7	65	[2]	οὖν	_	_
3.7	66	[1]	αὐτὸ	_	_
3.7	67	[1]	κατὰ	_	_
3.7	68	[1]	ταῦτα	_	_
3.7	69	[1]	ἐξαχθησόμενον	_	_
3.7	70	[7]	,	b	_
3.7	71	[1]	ἐάν	_	_
3.7	72	[1]	τε	_	_
3.7	73	[1]	μὴ	_	_
3.7	74	[1]	φῶσι	_	_
3.7	75	[1]	τὴν	_	_
3.7	76	[1]	λύπην	_	_
3.7	77	[2]	καὶ	_	_
3.7	78	[2]	τὴν	_	_
3.7	79	[1]	ἀγωνίαν	_	_
3.7	80	[1]	ἀλγηδόνας	_	_
3.7	81	[1]	εἶναι	_	_
3.7	82	[8]	,	b	_
3.7	83	[2]	ἐάν	_	_
3.7	84	[2]	τε	_	_
3.7	85	[2]	ἀλγηδόνας	_	_
3.7	86	[9]	,	b	_
3.7	87	[3]	ἐν	_	_
3.7	88	[1]	ἄλλῳ	_	_
3.7	89	[1]	γίνεσθαι	_	_
3.7	90	[1]	τόπῳ	_	_
3.7	91	[3]	ἢ	_	_
3.7	92	[3]	τῷ	_	_
3.7	93	[1]	ἡγεμονικῷ	_	_
3.7	94	[2]	.	b	_
3.7	95	[1]	τὰ	_	_
3.7	96	[1]	δὲ	_	_
3.7	97	[1]	αὐτὰ	_	_
3.7	98	[3]	καὶ	_	_
3.7	99	[1]	ἐπὶ	_	_
3.7	100	[2]	τῆς	_	_
3.7	101	[1]	χαρᾶς	_	_
3.7	102	[4]	καὶ	_	_
3.7	103	[2]	ἐπὶ	_	_
3.7	104	[1]	τοῦ	_	_
3.7	105	[1]	θάρσους	_	_
3.7	106	[1]	ἐροῦμεν	_	_
3.7	107	[10]	,	b	_
3.7	108	[1]	ἅπερ	_	_
3.7	109	[1]	ἐμφαίνει	_	_
3.7	110	[1]	περὶ	_	_
3.7	111	[3]	τὴν	_	_
3.7	112	[1]	καρδίαν	_	_
3.7	113	[1]	γινόμενα	_	_
3.7	114	[3]	.	b	_
3.7	115	[1]	ὃν	_	_
3.7	116	[2]	τρόπον	_	_
3.7	117	[1]	γὰρ	_	_
3.7	118	[11]	,	b	_
3.7	119	[1]	ὅταν	_	_
3.7	120	[2]	τὸν	_	_
3.7	121	[1]	πόδα	_	_
3.7	122	[1]	πονῶμεν	_	_
3.7	123	[4]	ἢ	_	_
3.7	124	[4]	τὴν	_	_
3.7	125	[1]	κεφαλὴν	_	_
3.7	126	[12]	,	b	_
3.7	127	[2]	περὶ	_	_
3.7	128	[1]	τούτους	_	_
3.7	129	[1]	τοὺς	_	_
3.7	130	[1]	τόπους	_	_
3.7	131	[2]	ὁ	_	_
3.7	132	[1]	πόνος	_	_
3.7	133	[1]	γίνεται	_	_
3.7	134	[13]	,	b	_
3.7	135	[1]	οὕτως	_	_
3.7	136	[1]	συναισθανόμεθα	_	_
3.7	137	[5]	καὶ	_	_
3.7	138	[3]	τῆς	_	_
3.7	139	[2]	κατὰ	_	_
3.7	140	[5]	τὴν	_	_
3.7	141	[2]	λύπην	_	_
3.7	142	[1]	ἀλγηδόνος	_	_
3.7	143	[3]	περὶ	_	_
3.7	144	[3]	τὸν	_	_
3.7	145	[1]	θώρακα	_	_
3.7	146	[1]	γινομένης	_	_
3.7	147	[14]	,	b	_
3.7	148	[1]	οὔτε	_	_
3.7	149	[4]	τῆς	_	_
3.7	150	[1]	λύπης	_	_
3.7	151	[1]	οὐκ	_	_
3.7	152	[1]	οὔσης	_	_
3.7	153	[2]	ἀλγηδόνος	_	_
3.7	154	[15]	,	b	_
3.7	155	[2]	οὔτε	_	_
3.7	156	[4]	ἐν	_	_
3.7	157	[1]	ἑτέρῳ	_	_
3.7	158	[1]	τινὶ	_	_
3.7	159	[2]	τόπῳ	_	_
3.7	160	[5]	ἢ	_	_
3.7	161	[4]	τῷ	_	_
3.7	162	[2]	ἡγεμονικῷ	_	_
3.7	163	[2]	αὐτῆς	_	_
3.7	164	[2]	γινομένης	_	_
3.7	165	[4]	.	b	_
3.7	166	[1]	πρὸς	_	_
3.7	167	[1]	ταύτην	_	_
3.7	168	[6]	τὴν	_	_
3.7	169	[1]	ῥῆσιν	_	_
3.7	170	[1]	δίκαιον	_	_
3.7	171	[1]	ἀποκρίνασθαι	_	_
3.7	172	[5]	τῷ	_	_
3.7	173	[1]	Χρυσίππῳ	_	_
3.7	174	[1]	καθ	_	_
3.7	175	[1]	’	b	_
3.7	176	[1]	ἕκαστον	_	_
3.7	177	[1]	ὧν	_	_
3.7	178	[1]	ἐρωτῶ	_	_
3.7	179	[1]	κεφαλαίων	_	_
3.7	180	[16]	,	b	_
3.7	181	[1]	εὐθέως	_	_
3.7	182	[1]	ἀπὸ	_	_
3.7	183	[5]	τῆς	_	_
3.7	184	[1]	ἀρχῆς	_	_
3.7	185	[1]	τὸ	_	_
3.7	186	[1]	πρῶτον	_	_
3.7	187	[1]	ἀναλαβόντας	_	_
3.7	188	[17]	,	b	_
3.7	189	[1]	ἔνθα	_	_
3.7	190	[1]	φησὶ	_	_
3.7	191	[18]	,	b	_
3.7	192	[7]	τὴν	_	_
3.7	193	[3]	λύπην	_	_
3.7	194	[6]	καὶ	_	_
3.7	195	[8]	τὴν	_	_
3.7	196	[2]	ἀγωνίαν	_	_
3.7	197	[7]	καὶ	_	_
3.7	198	[9]	τὴν	_	_
3.7	199	[1]	ὀδύνην	_	_
3.7	200	[3]	ἀλγηδόνας	_	_
3.7	201	[1]	ὑπάρχειν	_	_
3.7	202	[5]	.	b	_
3.7	203	[1]	εἴτε	_	_
3.7	204	[2]	γὰρ	_	_
3.7	205	[1]	ἐρωτῶν	_	_
3.7	206	[1]	ἡμᾶς	_	_
3.7	207	[2]	οὕτως	_	_
3.7	208	[1]	εἴποι	_	_
3.7	209	[1]	τις	_	_
3.7	210	[19]	,	b	_
3.7	211	[2]	ὡς	_	_
3.7	212	[2]	Χρύσιππος	_	_
3.7	213	[1]	εἴρηκεν	_	_
3.7	214	[20]	,	b	_
3.7	215	[2]	εἴτε	_	_
3.7	216	[1]	ἀποφαινόμενος	_	_
3.7	217	[21]	,	b	_
3.7	218	[1]	ἐπαινέσομεν	_	_
3.7	219	[2]	αὐτοῦ	_	_
3.7	220	[4]	τὸν	_	_
3.7	221	[1]	λόγον	_	_
3.7	222	[22]	,	b	_
3.7	223	[8]	καὶ	_	_
3.7	224	[1]	φήσομεν	_	_
3.7	225	[23]	,	b	_
3.7	226	[3]	ἀγωνίαν	_	_
3.7	227	[9]	καὶ	_	_
3.7	228	[4]	λύπην	_	_
3.7	229	[10]	καὶ	_	_
3.7	230	[2]	ὀδύνην	_	_
3.7	231	[4]	ἀλγηδόνας	_	_
3.7	232	[2]	εἶναι	_	_
3.7	233	[6]	τῷ	_	_
3.7	234	[1]	γένει	_	_
3.7	235	[24]	,	b	_
3.7	236	[1]	μᾶλλον	_	_
3.7	237	[1]	δ	_	_
3.7	238	[2]	’	b	_
3.7	239	[25]	,	b	_
3.7	240	[1]	εἰ	_	_
3.7	241	[1]	χρὴ	_	_
3.7	242	[1]	τοῖς	_	_
3.7	243	[1]	ὀνόμασι	_	_
3.7	244	[3]	κατὰ	_	_
3.7	245	[10]	τὴν	_	_
3.7	246	[1]	τῶν	_	_
3.7	247	[1]	Ἑλλήνων	_	_
3.7	248	[1]	χρήσασθαι	_	_
3.7	249	[1]	συνήθειαν	_	_
3.7	250	[26]	,	b	_
3.7	251	[1]	ὀδύνας	_	_
3.7	252	[3]	τε	_	_
3.7	253	[11]	καὶ	_	_
3.7	254	[5]	ἀλγηδόνας	_	_
3.7	255	[1]	οὐδέτερον	_	_
3.7	256	[1]	ἀλλήλων	_	_
3.7	257	[1]	διαφέρειν	_	_
3.7	258	[27]	,	b	_
3.7	259	[1]	ὥσπερ	_	_
3.7	260	[1]	οὐδὲ	_	_
3.7	261	[1]	κίονα	_	_
3.7	262	[2]	οὐδὲ	_	_
3.7	263	[1]	στύλον	_	_
3.7	264	[28]	,	b	_
3.7	265	[1]	οὐδ	_	_
3.7	266	[3]	’	b	_
3.7	267	[1]	ὦπας	_	_
3.7	268	[12]	καὶ	_	_
3.7	269	[1]	ὀφθαλμούς	_	_
3.7	270	[1]	·	b	_
3.7	271	[1]	ἀγωνίας	_	_
3.7	272	[1]	μέντοι	_	_
3.7	273	[13]	καὶ	_	_
3.7	274	[2]	λύπης	_	_
3.7	275	[1]	οἷον	_	_
3.7	276	[1]	γένος	_	_
3.7	277	[1]	εἶναί	_	_
3.7	278	[1]	τι	_	_
3.7	279	[11]	τὴν	_	_
3.7	280	[1]	ἀλγηδόνα	_	_
3.7	281	[6]	.	b	_
3.7	282	[2]	τὸ	_	_
3.7	283	[2]	δ	_	_
3.7	284	[4]	’	b	_
3.7	285	[5]	ἐν	_	_
3.7	286	[7]	τῷ	_	_
3.7	287	[3]	ἡγεμονικῷ	_	_
3.7	288	[3]	τόπῳ	_	_
3.7	289	[3]	τὰς	_	_
3.7	290	[6]	ἀλγηδόνας	_	_
3.7	291	[2]	γίνεσθαι	_	_
3.7	292	[29]	,	b	_
3.7	293	[1]	τοῦτ	_	_
3.7	294	[5]	’	b	_
3.7	295	[2]	οὐκ	_	_
3.7	296	[1]	ἔτι	_	_
3.7	297	[8]	τῷ	_	_
3.7	298	[2]	Χρυσίππῳ	_	_
3.7	299	[1]	συγχωρήσομεν	_	_
3.7	300	[1]	αὐτῷ	_	_
3.7	301	[12]	τὴν	_	_
3.7	302	[2]	ἀλγηδόνα	_	_
3.7	303	[1]	κατά	_	_
3.7	304	[1]	γε	_	_
3.7	305	[3]	τὸ	_	_
3.7	306	[1]	ἡγεμονικὸν	_	_
3.7	307	[1]	συνίστασθαι	_	_
3.7	308	[7]	.	b	_
3.7	309	[1]	δίκαιος	_	_
3.7	310	[3]	οὖν	_	_
3.7	311	[1]	ἐστιν	_	_
3.7	312	[1]	ἐπιδεῖξαι	_	_
3.7	313	[2]	καθ	_	_
3.7	314	[6]	’	b	_
3.7	315	[1]	ἓν	_	_
3.7	316	[14]	καὶ	_	_
3.7	317	[1]	ταὐτὸν	_	_
3.7	318	[1]	σπλάγχνον	_	_
3.7	319	[2]	ἀμφοτέρας	_	_
3.7	320	[1]	ᾠκισμένας	_	_
3.7	321	[4]	τὰς	_	_
3.7	322	[2]	δυνάμεις	_	_
3.7	323	[8]	.	b	_
3.7	324	[1]	καίτοι	_	_
3.7	325	[1]	τί	_	_
3.7	326	[1]	λέγω	_	_
3.7	327	[3]	καθ	_	_
3.7	328	[7]	’	b	_
3.7	329	[2]	ἓν	_	_
3.7	330	[15]	καὶ	_	_
3.7	331	[1]	ταὐτόν	_	_
3.7	332	[1]	;	b	_
3.7	333	[1]	οὐ	_	_
3.7	334	[3]	γὰρ	_	_
3.7	335	[2]	πρὸς	_	_
3.7	336	[1]	Χρύσιππον	_	_
3.7	337	[1]	οὕτω	_	_
3.7	338	[2]	χρὴ	_	_
3.7	339	[1]	ποιεῖσθαι	_	_
3.7	340	[5]	τὸν	_	_
3.7	341	[2]	λόγον	_	_
3.7	342	[30]	,	b	_
3.7	343	[1]	ἀλλὰ	_	_
3.7	344	[3]	πρὸς	_	_
3.7	345	[1]	Ἀριστοτέλην	_	_
3.7	346	[31]	,	b	_
3.7	347	[1]	συγχωροῦντα	_	_
3.7	348	[1]	μὲν	_	_
3.7	349	[32]	,	b	_
3.7	350	[3]	εἶναι	_	_
3.7	351	[1]	πλείους	_	_
3.7	352	[3]	δυνάμεις	_	_
3.7	353	[1]	ἡμῶν	_	_
3.7	354	[6]	ἐν	_	_
3.7	355	[2]	τῇ	_	_
3.7	356	[1]	ψυχῇ	_	_
3.7	357	[9]	τῷ	_	_
3.7	358	[2]	γένει	_	_
3.7	359	[1]	διαφερούσας	_	_
3.7	360	[33]	,	b	_
3.7	361	[2]	οὐ	_	_
3.7	362	[1]	μὴν	_	_
3.7	363	[7]	ἐν	_	_
3.7	364	[2]	ἄλλῳ	_	_
3.7	365	[2]	γε	_	_
3.7	366	[16]	καὶ	_	_
3.7	367	[3]	ἄλλῳ	_	_
3.7	368	[1]	σπλάγχνῳ	_	_
3.7	369	[1]	καθιδρῦσθαι	_	_
3.7	370	[2]	·	b	_
3.7	371	[1]	πάντων	_	_
3.7	372	[4]	γὰρ	_	_
3.7	373	[1]	ἀρχὴν	_	_
3.7	374	[4]	εἶναι	_	_
3.7	375	[1]	βούλεται	_	_
3.7	376	[2]	καρδίαν	_	_
3.7	377	[9]	.	b	_
3.7	378	[3]	ὁ	_	_
3.7	379	[2]	δὲ	_	_
3.7	380	[3]	Χρύσιππος	_	_
3.7	381	[3]	οὐδὲ	_	_
3.7	382	[5]	τὰς	_	_
3.7	383	[4]	δυνάμεις	_	_
3.7	384	[1]	αὐτὰς	_	_
3.7	385	[1]	διαλλάττειν	_	_
3.7	386	[2]	ἀλλήλων	_	_
3.7	387	[1]	ὁμολογεῖ	_	_
3.7	388	[34]	,	b	_
3.7	389	[2]	οὐδ	_	_
3.7	390	[8]	’	b	_
3.7	391	[1]	ἑτέρᾳ	_	_
3.7	392	[1]	μέν	_	_
3.7	393	[1]	τινι	_	_
3.7	394	[1]	δυνάμει	_	_
3.7	395	[1]	θυμοῦσθαι	_	_
3.7	396	[4]	τὸ	_	_
3.7	397	[1]	ζῶον	_	_
3.7	398	[35]	,	b	_
3.7	399	[2]	ἑτέρᾳ	_	_
3.7	400	[3]	δ	_	_
3.7	401	[9]	’	b	_
3.7	402	[1]	ἐπιθυμεῖν	_	_
3.7	403	[36]	,	b	_
3.7	404	[3]	ἑτέρᾳ	_	_
3.7	405	[3]	δὲ	_	_
3.7	406	[1]	λογίζεσθαι	_	_
3.7	407	[10]	.	b	_
3.7	408	[1]	οὔκουν	_	_
3.7	409	[3]	οὐδ	_	_
3.7	410	[10]	’	b	_
3.7	411	[2]	ἡμᾶς	_	_
3.7	412	[2]	οὕτω	_	_
3.7	413	[3]	χρὴ	_	_
3.7	414	[1]	προβάλλειν	_	_
3.7	415	[2]	αὐτὸ	_	_
3.7	416	[37]	,	b	_
3.7	417	[1]	καθάπερ	_	_
3.7	418	[1]	ὀλίγον	_	_
3.7	419	[1]	ἔμπροσθεν	_	_
3.7	420	[1]	εἴπομεν	_	_
3.7	421	[38]	,	b	_
3.7	422	[2]	ἐπιδεῖξαι	_	_
3.7	423	[1]	παρακαλοῦντας	_	_
3.7	424	[39]	,	b	_
3.7	425	[3]	ὡς	_	_
3.7	426	[8]	ἐν	_	_
3.7	427	[1]	ταὐτῷ	_	_
3.7	428	[4]	τόπῳ	_	_
3.7	429	[2]	τοῦ	_	_
3.7	430	[1]	ζώου	_	_
3.7	431	[17]	καὶ	_	_
3.7	432	[5]	τὸ	_	_
3.7	433	[1]	θυμοειδές	_	_
3.7	434	[1]	ἐστι	_	_
3.7	435	[18]	καὶ	_	_
3.7	436	[6]	τὸ	_	_
3.7	437	[1]	λογιστικὸν	_	_
3.7	438	[19]	καὶ	_	_
3.7	439	[7]	τὸ	_	_
3.7	440	[1]	ἐπιθυμητικόν	_	_
3.7	441	[11]	.	b	_
3.7	442	[8]	τὸ	_	_
3.7	443	[1]	τοίνυν	_	_
3.7	444	[1]	πρότερόν	_	_
3.7	445	[4]	τε	_	_
3.7	446	[1]	τούτου	_	_
3.7	447	[20]	καὶ	_	_
3.7	448	[1]	γενικώτερον	_	_
3.7	449	[1]	ζήτημα	_	_
3.7	450	[2]	τοῦτο	_	_
3.7	451	[1]	παρακαλέσομεν	_	_
3.7	452	[6]	ἢ	_	_
3.7	453	[2]	Χρύσιππον	_	_
3.7	454	[1]	ἤ	_	_
3.7	455	[1]	τινα	_	_
3.7	456	[2]	τῶν	_	_
3.7	457	[1]	ἀπ	_	_
3.7	458	[11]	’	b	_
3.7	459	[3]	αὐτοῦ	_	_
3.7	460	[1]	καταστήσασθαί	_	_
3.7	461	[5]	τε	_	_
3.7	462	[21]	καὶ	_	_
3.7	463	[1]	ἀποδεῖξαι	_	_
3.7	464	[12]	.	b	_
3.7	465	[3]	τοῦτο	_	_
3.7	466	[4]	δ	_	_
3.7	467	[12]	’	b	_
3.7	468	[1]	ἐστὶ	_	_
3.7	469	[9]	τὸ	_	_
3.7	470	[6]	τῆς	_	_
3.7	471	[3]	αὐτῆς	_	_
3.7	472	[5]	εἶναι	_	_
3.7	473	[1]	δυνάμεως	_	_
3.7	474	[1]	ἔργα	_	_
3.7	475	[1]	τό	_	_
3.7	476	[6]	τε	_	_
3.7	477	[2]	λογίζεσθαι	_	_
3.7	478	[22]	καὶ	_	_
3.7	479	[10]	τὸ	_	_
3.7	480	[2]	θυμοῦσθαι	_	_
3.7	481	[23]	καὶ	_	_
3.7	482	[11]	τὸ	_	_
3.7	483	[1]	βρωμάτων	_	_
3.7	484	[7]	τε	_	_
3.7	485	[24]	καὶ	_	_
3.7	486	[1]	πομάτων	_	_
3.7	487	[25]	καὶ	_	_
3.7	488	[1]	ἀφροδισίων	_	_
3.7	489	[2]	ἐπιθυμεῖν	_	_
3.7	490	[13]	.	b	_
3.7	491	[1]	ἡμεῖς	_	_
3.7	492	[2]	μὲν	_	_
3.7	493	[5]	γὰρ	_	_
3.7	494	[1]	ἐπί	_	_
3.7	495	[8]	τε	_	_
3.7	496	[3]	τῶν	_	_
3.7	497	[1]	ἄλλων	_	_
3.7	498	[1]	ζώων	_	_
3.7	499	[1]	ἐναργῶς	_	_
3.7	500	[1]	ἐπιδείκνυμεν	_	_
3.7	501	[2]	αὐτὰ	_	_
3.7	502	[1]	κεχωρισμένα	_	_
3.7	503	[40]	,	b	_
3.7	504	[26]	καὶ	_	_
3.7	505	[1]	προσέτι	_	_
3.7	506	[4]	τῶν	_	_
3.7	507	[1]	παίδων	_	_
3.7	508	[1]	οἳ	_	_
3.7	509	[1]	λογισμῷ	_	_
3.7	510	[3]	μὲν	_	_
3.7	511	[1]	ἥκιστα	_	_
3.7	512	[1]	χρῶνται	_	_
3.7	513	[41]	,	b	_
3.7	514	[1]	θυμοῖς	_	_
3.7	515	[4]	δὲ	_	_
3.7	516	[27]	καὶ	_	_
3.7	517	[1]	ἐπιθυμίαις	_	_
3.7	518	[1]	ἰσχυροτάταις	_	_
3.7	519	[2]	ὥσπερ	_	_
3.7	520	[2]	τὰ	_	_
3.7	521	[1]	θηρία	_	_
3.7	522	[1]	δουλεύουσι	_	_
3.7	523	[14]	.	b	_
3.7	524	[28]	καὶ	_	_
3.7	525	[2]	ἡμῶν	_	_
3.7	526	[1]	γ	_	_
3.7	527	[13]	’	b	_
3.7	528	[1]	αὐτῶν	_	_
3.7	529	[4]	ὁ	_	_
3.7	530	[4]	μὲν	_	_
3.7	531	[10]	τῷ	_	_
3.7	532	[2]	λογισμῷ	_	_
3.7	533	[1]	μάλιστα	_	_
3.7	534	[1]	χρώμενος	_	_
3.7	535	[1]	ἥκιστ	_	_
3.7	536	[14]	’	b	_
3.7	537	[1]	ἐπιθυμητικός	_	_
3.7	538	[1]	τ	_	_
3.7	539	[15]	’	b	_
3.7	540	[2]	ἐστὶ	_	_
3.7	541	[29]	καὶ	_	_
3.7	542	[1]	θυμικὸς	_	_
3.7	543	[42]	,	b	_
3.7	544	[5]	ὁ	_	_
3.7	545	[5]	δ	_	_
3.7	546	[16]	’	b	_
3.7	547	[1]	ὑπό	_	_
3.7	548	[1]	τινος	_	_
3.7	549	[5]	τῶν	_	_
3.7	550	[1]	ἀλόγων	_	_
3.7	551	[7]	τῆς	_	_
3.7	552	[1]	ψυχῆς	_	_
3.7	553	[1]	μορίων	_	_
3.7	554	[1]	ἀρχόμενος	_	_
3.7	555	[2]	ἥκιστα	_	_
3.7	556	[1]	χρῆται	_	_
3.7	557	[3]	λογισμῷ	_	_
3.7	558	[15]	.	b	_
3.7	559	[30]	καὶ	_	_
3.7	560	[8]	τῆς	_	_
3.7	561	[1]	Μηδείας	_	_
3.7	562	[6]	δ	_	_
3.7	563	[17]	’	b	_
3.7	564	[1]	ἀναμνηστέον	_	_
3.7	565	[9]	ἐν	_	_
3.7	566	[1]	τούτῳ	_	_
3.7	567	[9]	τῆς	_	_
3.7	568	[1]	Εὐριπίδου	_	_
3.7	569	[43]	,	b	_
3.7	570	[31]	καὶ	_	_
3.7	571	[3]	τοῦ	_	_
3.7	572	[1]	Ὁμηρικοῦ	_	_
3.7	573	[1]	Ὀδυσσέως	_	_
3.7	574	[44]	,	b	_
3.7	575	[10]	ἐν	_	_
3.7	576	[1]	οἷς	_	_
3.7	577	[1]	ἐστασίασε	_	_
3.7	578	[5]	μὲν	_	_
3.7	579	[1]	ἑκάτερα	_	_
3.7	580	[4]	πρὸς	_	_
3.7	581	[1]	ἄλληλα	_	_
3.7	582	[10]	τῆς	_	_
3.7	583	[2]	ψυχῆς	_	_
3.7	584	[3]	τὰ	_	_
3.7	585	[1]	μόρια	_	_
3.7	586	[45]	,	b	_
3.7	587	[1]	δηλοῦντα	_	_
3.7	588	[1]	σαφῶς	_	_
3.7	589	[46]	,	b	_
3.7	590	[4]	ὡς	_	_
3.7	591	[1]	οὐχ	_	_
3.7	592	[1]	ἕν	_	_
3.7	593	[2]	ἐστιν	_	_
3.7	594	[47]	,	b	_
3.7	595	[1]	ἐνίκησε	_	_
3.7	596	[5]	δὲ	_	_
3.7	597	[3]	ἐπὶ	_	_
3.7	598	[4]	τοῦ	_	_
3.7	599	[1]	σοφωτέρου	_	_
3.7	600	[12]	τὸ	_	_
3.7	601	[1]	βέλτιον	_	_
3.7	602	[48]	,	b	_
3.7	603	[4]	ἐπὶ	_	_
3.7	604	[6]	δὲ	_	_
3.7	605	[11]	τῆς	_	_
3.7	606	[1]	ἀπαιδεύτου	_	_
3.7	607	[9]	τε	_	_
3.7	608	[32]	καὶ	_	_
3.7	609	[1]	βαρβάρου	_	_
3.7	610	[13]	τὸ	_	_
3.7	611	[1]	χεῖρον	_	_
3.7	612	[16]	.	b	_
3.7	613	[33]	καὶ	_	_
3.7	614	[5]	ἐπὶ	_	_
3.7	615	[1]	πολλῶν	_	_
3.7	616	[1]	ἀνθρώπων	_	_
3.7	617	[1]	τοιαῦτ	_	_
3.7	618	[18]	’	b	_
3.7	619	[2]	ἐστι	_	_
3.7	620	[2]	γινόμενα	_	_
3.7	621	[4]	κατὰ	_	_
3.7	622	[13]	τὴν	_	_
3.7	623	[1]	ψυχὴν	_	_
3.7	624	[49]	,	b	_
3.7	625	[5]	τοῦ	_	_
3.7	626	[1]	λογισμοῦ	_	_
3.7	627	[1]	ποτὲ	_	_
3.7	628	[6]	μὲν	_	_
3.7	629	[11]	τῷ	_	_
3.7	630	[1]	θυμοειδεῖ	_	_
3.7	631	[1]	μαχομένου	_	_
3.7	632	[50]	,	b	_
3.7	633	[2]	ποτὲ	_	_
3.7	634	[7]	δὲ	_	_
3.7	635	[12]	τῷ	_	_
3.7	636	[1]	ἐπιθυμητικῷ	_	_
3.7	637	[17]	.	b	_
3.7	638	[6]	ὁ	_	_
3.7	639	[8]	δὲ	_	_
3.7	640	[4]	Χρύσιππος	_	_
3.7	641	[1]	ἅμα	_	_
3.7	642	[2]	τοῖς	_	_
3.7	643	[1]	ἄλλοις	_	_
3.7	644	[1]	Στωϊκοῖς	_	_
3.7	645	[6]	ἐπὶ	_	_
3.7	646	[7]	μὲν	_	_
3.7	647	[6]	τῶν	_	_
3.7	648	[2]	ἀλόγων	_	_
3.7	649	[2]	ζώων	_	_
3.7	650	[1]	ὁμόσε	_	_
3.7	651	[1]	χωρεῖ	_	_
3.7	652	[5]	πρὸς	_	_
3.7	653	[14]	τὸ	_	_
3.7	654	[1]	δόγμα	_	_
3.7	655	[51]	,	b	_
3.7	656	[1]	μηδ	_	_
3.7	657	[19]	’	b	_
3.7	658	[3]	ἐπιθυμεῖν	_	_
3.7	659	[1]	φάσκων	_	_
3.7	660	[3]	·	b	_
3.7	661	[1]	καί	_	_
3.7	662	[1]	μοι	_	_
3.7	663	[4]	περὶ	_	_
3.7	664	[12]	τῆς	_	_
3.7	665	[1]	ἀναισχυντίας	_	_
3.7	666	[6]	τοῦ	_	_
3.7	667	[1]	λόγου	_	_
3.7	668	[2]	πρόσθεν	_	_
3.7	669	[1]	εἴρηται	_	_
3.7	670	[4]	·	b	_
3.7	671	[7]	ἐπὶ	_	_
3.7	672	[9]	δὲ	_	_
3.7	673	[7]	τῶν	_	_
3.7	674	[2]	παίδων	_	_
3.7	675	[1]	ἄνω	_	_
3.7	676	[34]	καὶ	_	_
3.7	677	[1]	κάτω	_	_
3.7	678	[1]	περιπλέκουσιν	_	_
3.7	679	[52]	,	b	_
3.7	680	[2]	οὐχ	_	_
3.7	681	[1]	ὡσαύτως	_	_
3.7	682	[8]	μὲν	_	_
3.7	683	[1]	ἅπαντες	_	_
3.7	684	[53]	,	b	_
3.7	685	[1]	ἀναισχυντοῦντες	_	_
3.7	686	[10]	δὲ	_	_
3.7	687	[35]	καὶ	_	_
3.7	688	[1]	παρὰ	_	_
3.7	689	[15]	τὸ	_	_
3.7	690	[1]	φαινόμενον	_	_
3.7	691	[1]	ἀποφαινόμενοι	_	_
3.7	692	[1]	πάντες	_	_
3.7	693	[18]	.	b	_
3.7	694	[1]	εἰρήσεται	_	_
3.7	695	[1]	δέ	_	_
3.7	696	[2]	μοι	_	_
3.7	697	[36]	καὶ	_	_
3.7	698	[5]	περὶ	_	_
3.7	699	[1]	τούτων	_	_
3.7	700	[8]	ἐπὶ	_	_
3.7	701	[1]	πλέον	_	_
3.7	702	[11]	ἐν	_	_
3.7	703	[3]	τοῖς	_	_
3.7	704	[1]	ἐφεξῆς	_	_
3.7	705	[19]	.	b	_
3.7	706	[2]	ὡσαύτως	_	_
3.7	707	[11]	δὲ	_	_
3.7	708	[37]	καὶ	_	_
3.7	709	[6]	περὶ	_	_
3.7	710	[8]	τῶν	_	_
3.7	711	[5]	κατὰ	_	_
3.7	712	[14]	τὴν	_	_
3.7	713	[2]	ψυχὴν	_	_
3.7	714	[1]	παθῶν	_	_
3.7	715	[13]	τῆς	_	_
3.7	716	[1]	διαφορᾶς	_	_
3.7	717	[1]	οὐδὲν	_	_
3.7	718	[1]	ὁμολογούμενον	_	_
3.7	719	[3]	οὔτε	_	_
3.7	720	[4]	τοῖς	_	_
3.7	721	[1]	ἐναργέσιν	_	_
3.7	722	[1]	οὔτ	_	_
3.7	723	[20]	’	b	_
3.7	724	[1]	ἀλλήλοις	_	_
3.7	725	[1]	λέγουσιν	_	_
3.7	726	[54]	,	b	_
3.7	727	[1]	οὔθ	_	_
3.7	728	[21]	’	b	_
3.7	729	[1]	ἕκαστος	_	_
3.7	730	[1]	ἑαυτῷ	_	_
3.7	731	[20]	.	b	_
3.7	732	[7]	περὶ	_	_
3.7	733	[2]	ὧν	_	_
3.7	734	[1]	ἁπάντων	_	_
3.7	735	[1]	ἔγνωκα	_	_
3.7	736	[6]	κατὰ	_	_
3.7	737	[6]	τὸν	_	_
3.7	738	[1]	ἑξῆς	_	_
3.7	739	[3]	λόγον	_	_
3.7	740	[7]	τὸν	_	_
3.7	741	[1]	δ΄	_	_
3.7	742	[1]	διελθεῖν	_	_
3.7	743	[5]	·	b	_
3.7	744	[1]	οὑτοσὶ	_	_
3.7	745	[6]	γὰρ	_	_
3.7	746	[7]	ὁ	_	_
3.7	747	[1]	τρίτος	_	_
3.7	748	[3]	οὐκ	_	_
3.7	749	[1]	οἶδ	_	_
3.7	750	[22]	’	b	_
3.7	751	[1]	ὅπως	_	_
3.7	752	[1]	παρενέπεσε	_	_
3.7	753	[1]	διὰ	_	_
3.7	754	[6]	τὰς	_	_
3.7	755	[9]	τῶν	_	_
3.7	756	[1]	Στωϊκῶν	_	_
3.7	757	[1]	ἔρεις	_	_
3.7	758	[1]	ἀξιούντων	_	_
3.7	759	[55]	,	b	_
3.7	760	[2]	μὴ	_	_
3.7	761	[1]	ὅσα	_	_
3.7	762	[10]	τῶν	_	_
3.7	763	[1]	ὑπὸ	_	_
3.7	764	[1]	Χρυσίππου	_	_
3.7	765	[1]	γεγραμμένων	_	_
3.7	766	[56]	,	b	_
3.7	767	[2]	ἀλλὰ	_	_
3.7	768	[6]	πρὸς	_	_
3.7	769	[1]	ἅπαντα	_	_
3.7	770	[15]	τὴν	_	_
3.7	771	[1]	ἀντιλογίαν	_	_
3.7	772	[2]	ποιεῖσθαι	_	_
3.7	773	[21]	.	b	_
3.7	774	[1]	ἐγὼ	_	_
3.7	775	[7]	δ	_	_
3.7	776	[23]	’	b	_
3.7	777	[3]	ὧν	_	_
3.7	778	[9]	μὲν	_	_
3.7	779	[38]	καὶ	_	_
3.7	780	[1]	αὐτὸς	_	_
3.7	781	[8]	ὁ	_	_
3.7	782	[5]	Χρύσιππος	_	_
3.7	783	[1]	ᾔσθετο	_	_
3.7	784	[1]	περιττῶς	_	_
3.7	785	[1]	εἰρημένων	_	_
3.7	786	[1]	ὑφ	_	_
3.7	787	[24]	’	b	_
3.7	788	[1]	ἑαυτοῦ	_	_
3.7	789	[57]	,	b	_
3.7	790	[39]	καὶ	_	_
3.7	791	[1]	τάχ	_	_
3.7	792	[25]	’	b	_
3.7	793	[1]	ἄν	_	_
3.7	794	[1]	τῳ	_	_
3.7	795	[1]	δοξάντων	_	_
3.7	796	[58]	,	b	_
3.7	797	[5]	ὡς	_	_
3.7	798	[1]	αὐτός	_	_
3.7	799	[1]	φησιν	_	_
3.7	800	[59]	,	b	_
3.7	801	[2]	ὑπὸ	_	_
3.7	802	[1]	γραμματιστοῦ	_	_
3.7	803	[2]	τινος	_	_
3.7	804	[7]	ἢ	_	_
3.7	805	[1]	γραὸς	_	_
3.7	806	[1]	ἀδολεσχούσης	_	_
3.7	807	[1]	εἰρῆσθαι	_	_
3.7	808	[60]	,	b	_
3.7	809	[2]	βέλτιον	_	_
3.7	810	[1]	ᾤμην	_	_
3.7	811	[6]	εἶναι	_	_
3.7	812	[2]	μηδ	_	_
3.7	813	[26]	’	b	_
3.7	814	[1]	ὅλως	_	_
3.7	815	[1]	μνημονεύειν	_	_
3.7	816	[22]	.	b	_
3.7	817	[4]	τὰ	_	_
3.7	818	[8]	δ	_	_
3.7	819	[27]	’	b	_
3.7	820	[1]	ἄλλα	_	_
3.7	821	[1]	σύμπαντα	_	_
3.7	822	[1]	δίχα	_	_
3.7	823	[1]	τέμνων	_	_
3.7	824	[61]	,	b	_
3.7	825	[12]	ἐν	_	_
3.7	826	[10]	μὲν	_	_
3.7	827	[13]	τῷ	_	_
3.7	828	[1]	πρὸ	_	_
3.7	829	[2]	τούτου	_	_
3.7	830	[1]	διῆλθον	_	_
3.7	831	[62]	,	b	_
3.7	832	[2]	ἅπερ	_	_
3.7	833	[1]	ἦν	_	_
3.7	834	[2]	ἁπάντων	_	_
3.7	835	[1]	ἰσχυρότατα	_	_
3.7	836	[63]	,	b	_
3.7	837	[5]	τοῖς	_	_
3.7	838	[12]	δὲ	_	_
3.7	839	[8]	περὶ	_	_
3.7	840	[11]	τῶν	_	_
3.7	841	[14]	τῆς	_	_
3.7	842	[3]	ψυχῆς	_	_
3.7	843	[2]	παθῶν	_	_
3.7	844	[1]	ζητουμένοις	_	_
3.7	845	[1]	ἐγνώκειν	_	_
3.7	846	[1]	ἀναθεῖναι	_	_
3.7	847	[7]	κατὰ	_	_
3.7	848	[1]	τόδε	_	_
3.7	849	[16]	τὸ	_	_
3.7	850	[1]	γ΄	_	_
3.7	851	[12]	τῶν	_	_
3.7	852	[1]	ὑπομνημάτων	_	_
3.7	853	[23]	.	b	_
3.7	854	[4]	τοῦτο	_	_
3.7	855	[11]	μὲν	_	_
3.7	856	[4]	οὖν	_	_
3.7	857	[64]	,	b	_
3.7	858	[1]	ἐὰν	_	_
3.7	859	[9]	ὁ	_	_
3.7	860	[1]	θεὸς	_	_
3.7	861	[3]	ἡμᾶς	_	_
3.7	862	[1]	σώζῃ	_	_
3.7	863	[65]	,	b	_
3.7	864	[1]	πάντως	_	_
3.7	865	[1]	πράξομεν	_	_
3.7	866	[24]	.	b	_
3.7	867	[1]	ἐπεὶ	_	_
3.7	868	[9]	δ	_	_
3.7	869	[28]	’	b	_
3.7	870	[13]	ἐν	_	_
3.7	871	[14]	τῷ	_	_
3.7	872	[2]	νῦν	_	_
3.7	873	[1]	ἐνεστῶτι	_	_
3.7	874	[2]	λόγῳ	_	_
3.7	875	[1]	μνημονεῦσαι	_	_
3.7	876	[2]	πάντων	_	_
3.7	877	[1]	διέγνωμεν	_	_
3.7	878	[4]	ὧν	_	_
3.7	879	[1]	εἶπεν	_	_
3.7	880	[10]	ὁ	_	_
3.7	881	[6]	Χρύσιππος	_	_
3.7	882	[14]	ἐν	_	_
3.7	883	[15]	τῷ	_	_
3.7	884	[1]	προτέρῳ	_	_
3.7	885	[9]	περὶ	_	_
3.7	886	[4]	ψυχῆς	_	_
3.7	887	[1]	ἡγεμονικοῦ	_	_
3.7	888	[1]	διαλεγόμενος	_	_
3.7	889	[66]	,	b	_
3.7	890	[2]	ἑξῆς	_	_
3.7	891	[1]	ἂν	_	_
3.7	892	[1]	εἴη	_	_
3.7	893	[1]	καιρὸς	_	_
3.7	894	[2]	ἤδη	_	_
3.7	895	[1]	συνάπτειν	_	_
3.7	896	[6]	τοῖς	_	_
3.7	897	[1]	εἰρημένοις	_	_
3.7	898	[5]	τὰ	_	_
3.7	899	[1]	λοιπά	_	_
3.7	900	[25]	.	b	_
3.7	901	[1]	συνεχὴς	_	_
3.7	902	[5]	οὖν	_	_
3.7	903	[3]	τῇ	_	_
3.7	904	[1]	προγεγραμμένῃ	_	_
3.7	905	[1]	ῥήσει	_	_
3.7	906	[7]	τοῦ	_	_
3.7	907	[2]	Χρυσίππου	_	_
3.7	908	[1]	τοιάδε	_	_
3.7	909	[1]	τίς	_	_
3.7	910	[3]	ἐστι	_	_
3.7	911	[67]	,	b	_
3.7	912	[4]	καθ	_	_
3.7	913	[29]	’	b	_
3.7	914	[1]	ἣν	_	_
3.7	915	[2]	ἔτι	_	_
3.7	916	[1]	φορὰν	_	_
3.7	917	[40]	καὶ	_	_
3.7	918	[6]	τὰ	_	_
3.7	919	[1]	τοιαῦτα	_	_
3.7	920	[1]	λέγεται	_	_
3.7	921	[1]	πάντα	_	_
3.7	922	[26]	.	b	_
3.7	923	[1]	ἡψάμην	_	_
3.7	924	[1]	σου	_	_
3.7	925	[15]	τῆς	_	_
3.7	926	[1]	καρδίας	_	_
3.7	927	[3]	ὥσπερ	_	_
3.7	928	[16]	τῆς	_	_
3.7	929	[5]	ψυχῆς	_	_
3.7	930	[68]	,	b	_
3.7	931	[41]	καὶ	_	_
3.7	932	[1]	ἅπτομαι	_	_
3.7	933	[17]	τῆς	_	_
3.7	934	[2]	καρδίας	_	_
3.7	935	[1]	λέγομεν	_	_
3.7	936	[69]	,	b	_
3.7	937	[3]	οὐχ	_	_
3.7	938	[6]	ὡς	_	_
3.7	939	[1]	ἀντιπαρέλθοιέν	_	_
3.7	940	[1]	τινες	_	_
3.7	941	[4]	ἡμᾶς	_	_
3.7	942	[9]	ἐπὶ	_	_
3.7	943	[8]	τοῦ	_	_
3.7	944	[1]	ἐγκεφάλου	_	_
3.7	945	[42]	καὶ	_	_
3.7	946	[13]	τῶν	_	_
3.7	947	[1]	σπλάγχνων	_	_
3.7	948	[1]	λέγοντες	_	_
3.7	949	[43]	καὶ	_	_
3.7	950	[9]	τοῦ	_	_
3.7	951	[1]	ἥπατος	_	_
3.7	952	[70]	,	b	_
3.7	953	[3]	ἀλλὰ	_	_
3.7	954	[7]	τοῖς	_	_
3.7	955	[1]	προειρημένοις	_	_
3.7	956	[1]	παραπλησίως	_	_
3.7	957	[27]	.	b	_
3.7	958	[1]	ἐκεῖνα	_	_
3.7	959	[1]	γάρ	_	_
3.7	960	[3]	μοι	_	_
3.7	961	[1]	δοκεῖ	_	_
3.7	962	[1]	λέγεσθαι	_	_
3.7	963	[71]	,	b	_
3.7	964	[7]	ὡς	_	_
3.7	965	[2]	ἄν	_	_
3.7	966	[2]	τις	_	_
3.7	967	[1]	ἔφη	_	_
3.7	968	[72]	,	b	_
3.7	969	[14]	τῶν	_	_
3.7	970	[1]	ἐντός	_	_
3.7	971	[2]	σου	_	_
3.7	972	[2]	ἅπτομαι	_	_
3.7	973	[1]	διϊκνουμένης	_	_
3.7	974	[18]	τῆς	_	_
3.7	975	[1]	κακοποιΐας	_	_
3.7	976	[10]	ἐπὶ	_	_
3.7	977	[1]	τοσοῦτον	_	_
3.7	978	[28]	.	b	_
3.7	979	[4]	τῇ	_	_
3.7	980	[13]	δὲ	_	_
3.7	981	[1]	καρδίᾳ	_	_
3.7	982	[2]	καθάπερ	_	_
3.7	983	[2]	ἂν	_	_
3.7	984	[5]	τῇ	_	_
3.7	985	[2]	ψυχῇ	_	_
3.7	986	[1]	χρώμεθα	_	_
3.7	987	[29]	.	b	_
3.7	988	[44]	καὶ	_	_
3.7	989	[2]	τούτων	_	_
3.7	990	[2]	ἔσται	_	_
3.7	991	[1]	ἔμφασις	_	_
3.7	992	[1]	ἐφιστᾶσι	_	_
3.7	993	[2]	μᾶλλον	_	_
3.7	994	[73]	,	b	_
3.7	995	[2]	ὅτι	_	_
3.7	996	[45]	καὶ	_	_
3.7	997	[2]	ταῦτα	_	_
3.7	998	[7]	πρὸς	_	_
3.7	999	[16]	τῷ	_	_
3.7	1000	[1]	μηδὲν	_	_
3.7	1001	[1]	ἀποδεικνύειν	_	_
3.7	1002	[74]	,	b	_
3.7	1003	[1]	ἀλλ	_	_
3.7	1004	[30]	’	b	_
3.7	1005	[1]	ἰδιώτας	_	_
3.7	1006	[1]	ἐπικαλεῖσθαι	_	_
3.7	1007	[1]	μάρτυρας	_	_
3.7	1008	[75]	,	b	_
3.7	1009	[4]	οὐδὲ	_	_
3.7	1010	[1]	περαίνει	_	_
3.7	1011	[2]	τι	_	_
3.7	1012	[15]	τῶν	_	_
3.7	1013	[1]	προκειμένων	_	_
3.7	1014	[76]	,	b	_
3.7	1015	[4]	ἀλλὰ	_	_
3.7	1016	[17]	τὸ	_	_
3.7	1017	[1]	παθητικόν	_	_
3.7	1018	[10]	τε	_	_
3.7	1019	[46]	καὶ	_	_
3.7	1020	[1]	ἄλογον	_	_
3.7	1021	[19]	τῆς	_	_
3.7	1022	[6]	ψυχῆς	_	_
3.7	1023	[77]	,	b	_
3.7	1024	[3]	οὐ	_	_
3.7	1025	[18]	τὸ	_	_
3.7	1026	[1]	λογιζόμενον	_	_
3.7	1027	[1]	ἐνδείκνυται	_	_
3.7	1028	[8]	κατὰ	_	_
3.7	1029	[16]	τὴν	_	_
3.7	1030	[3]	καρδίαν	_	_
3.7	1031	[2]	ὑπάρχειν	_	_
3.7	1032	[78]	,	b	_
3.7	1033	[1]	ἄντικρυς	_	_
3.7	1034	[1]	δῆλον	_	_
3.7	1035	[6]	·	b	_
3.7	1036	[1]	ὅθεν	_	_
3.7	1037	[4]	οὐδ	_	_
3.7	1038	[31]	’	b	_
3.7	1039	[11]	ἐπὶ	_	_
3.7	1040	[2]	πλέον	_	_
3.7	1041	[15]	ἐν	_	_
3.7	1042	[1]	αὐτοῖς	_	_
3.7	1043	[4]	χρὴ	_	_
3.7	1044	[1]	διατρίβειν	_	_
3.7	1045	[79]	,	b	_
3.7	1046	[1]	ὁμοίαν	_	_
3.7	1047	[1]	ἔχουσιν	_	_
3.7	1048	[1]	ἀτοπίαν	_	_
3.7	1049	[2]	οἷς	_	_
3.7	1050	[3]	ἤδη	_	_
3.7	1051	[1]	πολλάκις	_	_
3.7	1052	[1]	ἔδειξα	_	_
3.7	1053	[30]	.	b	_
3.7	1054	[2]	μετὰ	_	_
3.7	1055	[14]	δὲ	_	_
3.7	1056	[17]	τὴν	_	_
3.7	1057	[1]	προγεγραμμένην	_	_
3.7	1058	[2]	ῥῆσιν	_	_
3.7	1059	[1]	ἑτέρα	_	_
3.7	1060	[3]	τις	_	_
3.7	1061	[2]	ἐφεξῆς	_	_
3.7	1062	[3]	ἐστιν	_	_
3.7	1063	[80]	,	b	_
3.7	1064	[16]	ἐν	_	_
3.7	1065	[1]	ᾗ	_	_
3.7	1066	[2]	τοὺς	_	_
3.7	1067	[1]	ἀσπλάγχνους	_	_
3.7	1068	[11]	τε	_	_
3.7	1069	[47]	καὶ	_	_
3.7	1070	[3]	τοὺς	_	_
3.7	1071	[4]	οὐκ	_	_
3.7	1072	[1]	ἔχοντας	_	_
3.7	1073	[1]	ἐγκέφαλον	_	_
3.7	1074	[1]	ἐξηγεῖται	_	_
3.7	1075	[1]	πῶς	_	_
3.7	1076	[1]	λέγονται	_	_
3.7	1077	[81]	,	b	_
3.7	1078	[10]	περὶ	_	_
3.7	1079	[1]	ἧς	_	_
3.7	1080	[1]	αὐτάρκως	_	_
3.7	1081	[2]	ἔμπροσθεν	_	_
3.7	1082	[2]	εἴρηται	_	_
3.7	1083	[31]	.	b	_
3.7	1084	[3]	μετὰ	_	_
3.7	1085	[15]	δὲ	_	_
3.7	1086	[3]	ταῦτα	_	_
3.7	1087	[1]	τοιάνδε	_	_
3.7	1088	[2]	τινα	_	_
3.7	1089	[1]	γράφει	_	_
3.7	1090	[3]	ῥῆσιν	_	_
3.7	1091	[7]	·	b	_
3.7	1092	[9]	κατὰ	_	_
3.7	1093	[2]	τοιάνδε	_	_
3.7	1094	[4]	μοι	_	_
3.7	1095	[1]	δοκοῦσι	_	_
3.7	1096	[2]	μάλιστα	_	_
3.7	1097	[2]	φορὰν	_	_
3.7	1098	[48]	καὶ	_	_
3.7	1099	[1]	οἱ	_	_
3.7	1100	[1]	τιμωρητικώτερον	_	_
3.7	1101	[1]	πρός	_	_
3.7	1102	[1]	τινας	_	_
3.7	1103	[1]	φερόμενοι	_	_
3.7	1104	[1]	ὁρμᾷν	_	_
3.7	1105	[12]	ἐπὶ	_	_
3.7	1106	[19]	τὸ	_	_
3.7	1107	[2]	ταύτην	_	_
3.7	1108	[1]	ἐκσπάσαι	_	_
3.7	1109	[82]	,	b	_
3.7	1110	[5]	καθ	_	_
3.7	1111	[32]	’	b	_
3.7	1112	[2]	ἣν	_	_
3.7	1113	[3]	φορὰν	_	_
3.7	1114	[1]	ἐπιτείνοντες	_	_
3.7	1115	[49]	καὶ	_	_
3.7	1116	[8]	πρὸς	_	_
3.7	1117	[7]	τὰ	_	_
3.7	1118	[1]	λοιπὰ	_	_
3.7	1119	[16]	τῶν	_	_
3.7	1120	[2]	σπλάγχνων	_	_
3.7	1121	[1]	ὁμοειδῶς	_	_
3.7	1122	[1]	φέρονται	_	_
3.7	1123	[32]	.	b	_
3.7	1124	[1]	ἐνταῦθα	_	_
3.7	1125	[2]	πάλιν	_	_
3.7	1126	[11]	ὁ	_	_
3.7	1127	[7]	Χρύσιππος	_	_
3.7	1128	[5]	οὐκ	_	_
3.7	1129	[2]	οἶδ	_	_
3.7	1130	[33]	’	b	_
3.7	1131	[2]	ὅπως	_	_
3.7	1132	[1]	ἀγνοεῖ	_	_
3.7	1133	[1]	κατασκευάζων	_	_
3.7	1134	[1]	ἕτερόν	_	_
3.7	1135	[3]	τι	_	_
3.7	1136	[10]	τοῦ	_	_
3.7	1137	[1]	προκειμένου	_	_
3.7	1138	[1]	σκέμματος	_	_
3.7	1139	[33]	.	b	_
3.7	1140	[2]	οἱ	_	_
3.7	1141	[7]	γὰρ	_	_
3.7	1142	[1]	ἀπειλοῦντές	_	_
3.7	1143	[1]	τισιν	_	_
3.7	1144	[4]	ὥσπερ	_	_
3.7	1145	[1]	ἐκκόψαι	_	_
3.7	1146	[4]	τοὺς	_	_
3.7	1147	[1]	ὀφθαλμοὺς	_	_
3.7	1148	[2]	αὐτῶν	_	_
3.7	1149	[1]	ἐνίοτε	_	_
3.7	1150	[2]	λέγουσιν	_	_
3.7	1151	[83]	,	b	_
3.7	1152	[8]	ἢ	_	_
3.7	1153	[1]	κατάξαι	_	_
3.7	1154	[18]	τὴν	_	_
3.7	1155	[2]	κεφαλὴν	_	_
3.7	1156	[84]	,	b	_
3.7	1157	[9]	ἢ	_	_
3.7	1158	[1]	συντρῖψαι	_	_
3.7	1159	[8]	τὰ	_	_
3.7	1160	[1]	σκέλη	_	_
3.7	1161	[85]	,	b	_
3.7	1162	[10]	κατὰ	_	_
3.7	1163	[8]	τὸν	_	_
3.7	1164	[1]	αὐτὸν	_	_
3.7	1165	[3]	τρόπον	_	_
3.7	1166	[1]	ἔστιν	_	_
3.7	1167	[1]	ὅτε	_	_
3.7	1168	[50]	καὶ	_	_
3.7	1169	[19]	τὴν	_	_
3.7	1170	[4]	καρδίαν	_	_
3.7	1171	[2]	ἐκσπάσαι	_	_
3.7	1172	[1]	φασὶν	_	_
3.7	1173	[17]	ἐν	_	_
3.7	1174	[1]	ἴσῳ	_	_
3.7	1175	[17]	τῷ	_	_
3.7	1176	[1]	ἀποκτεῖναι	_	_
3.7	1177	[34]	.	b	_
3.7	1178	[5]	ἀλλὰ	_	_
3.7	1179	[2]	τί	_	_
3.7	1180	[5]	τοῦτο	_	_
3.7	1181	[9]	πρὸς	_	_
3.7	1182	[9]	τὰ	_	_
3.7	1183	[1]	παρόντα	_	_
3.7	1184	[2]	;	b	_
3.7	1185	[20]	τὸ	_	_
3.7	1186	[8]	γὰρ	_	_
3.7	1187	[1]	ἀποτεμεῖν	_	_
3.7	1188	[2]	ἐνίοτε	_	_
3.7	1189	[10]	τὰ	_	_
3.7	1190	[1]	ὦτα	_	_
3.7	1191	[51]	καὶ	_	_
3.7	1192	[20]	τὴν	_	_
3.7	1193	[1]	ῥῖνα	_	_
3.7	1194	[52]	καὶ	_	_
3.7	1195	[1]	διασπάσαι	_	_
3.7	1196	[2]	πολλάκις	_	_
3.7	1197	[1]	ἄλλους	_	_
3.7	1198	[1]	ἀπειλοῦσιν	_	_
3.7	1199	[3]	οἱ	_	_
3.7	1200	[1]	ἄνθρωποι	_	_
3.7	1201	[35]	.	b	_
3.7	1202	[2]	καί	_	_
3.7	1203	[1]	πού	_	_
3.7	1204	[4]	τις	_	_
3.7	1205	[1]	εὐχομένη	_	_
3.7	1206	[2]	παρὰ	_	_
3.7	1207	[18]	τῷ	_	_
3.7	1208	[1]	ποιητῇ	_	_
3.7	1209	[1]	γυνὴ	_	_
3.7	1210	[1]	τάδε	_	_
3.7	1211	[1]	λέγει	_	_
3.7	1212	[8]	·	b	_
3.7	1213	[1]	—	a	_
3.7	1214	[2]	—	a	_
3.7	1215	[11]	τοῦ	_	_
3.7	1216	[2]	ἐγὼ	_	_
3.7	1217	[1]	μέσον	_	_
3.7	1218	[1]	ἧπαρ	_	_
3.7	1219	[1]	ἔχοιμι	_	_
3.7	1220	[1]	Ἐσθέμεναι	_	_
3.7	1221	[1]	προσφῦσα	_	_
3.7	1222	[3]	—	a	_
3.7	1223	[4]	—	a	_
3.7	1224	[3]	τί	_	_
3.7	1225	[6]	οὖν	_	_
3.7	1226	[4]	οὐ	_	_
3.7	1227	[53]	καὶ	_	_
3.7	1228	[21]	τὸ	_	_
3.7	1229	[2]	ἧπαρ	_	_
3.7	1230	[2]	ἀρχὴν	_	_
3.7	1231	[20]	τῆς	_	_
3.7	1232	[7]	ψυχῆς	_	_
3.7	1233	[1]	ἀποφαινόμεθα	_	_
3.7	1234	[86]	,	b	_
3.7	1235	[1]	φίλτατε	_	_
3.7	1236	[1]	Χρύσιππε	_	_
3.7	1237	[87]	,	b	_
3.7	1238	[54]	καὶ	_	_
3.7	1239	[1]	ταῦθ	_	_
3.7	1240	[34]	’	b	_
3.7	1241	[1]	Ὅμηρον	_	_
3.7	1242	[1]	ἔχοντες	_	_
3.7	1243	[1]	μαρτυροῦντα	_	_
3.7	1244	[88]	,	b	_
3.7	1245	[1]	τηλικοῦτον	_	_
3.7	1246	[1]	ποιητὴν	_	_
3.7	1247	[89]	,	b	_
3.7	1248	[1]	ᾧ	_	_
3.7	1249	[3]	μᾶλλον	_	_
3.7	1250	[2]	ἦν	_	_
3.7	1251	[1]	σε	_	_
3.7	1252	[1]	πιστεύειν	_	_
3.7	1253	[2]	δίκαιον	_	_
3.7	1254	[90]	,	b	_
3.7	1255	[10]	ἢ	_	_
3.7	1256	[8]	τοῖς	_	_
3.7	1257	[1]	ἰδιώταις	_	_
3.7	1258	[3]	;	b	_
3.7	1259	[1]	οὗτος	_	_
3.7	1260	[2]	μέν	_	_
3.7	1261	[3]	γε	_	_
3.7	1262	[10]	πρὸς	_	_
3.7	1263	[9]	τοῖς	_	_
3.7	1264	[2]	ἄλλοις	_	_
3.7	1265	[3]	ἔτι	_	_
3.7	1266	[55]	καὶ	_	_
3.7	1267	[2]	ταῦθ	_	_
3.7	1268	[35]	’	b	_
3.7	1269	[1]	ὑπὲρ	_	_
3.7	1270	[2]	ἥπατος	_	_
3.7	1271	[1]	ἔγραψε	_	_
3.7	1272	[9]	·	b	_
3.7	1273	[1]	Καὶ	_	_
3.7	1274	[1]	Τιτυὸν	_	_
3.7	1275	[1]	εἶδον	_	_
3.7	1276	[1]	γαίης	_	_
3.7	1277	[1]	ἐρικυδέος	_	_
3.7	1278	[1]	υἱὸν	_	_
3.7	1279	[1]	Κείμενον	_	_
3.7	1280	[18]	ἐν	_	_
3.7	1281	[1]	δαπέδῳ	_	_
3.7	1282	[91]	,	b	_
3.7	1283	[1]	ὃ	_	_
3.7	1284	[10]	δ	_	_
3.7	1285	[36]	’	b	_
3.7	1286	[1]	ἐπ	_	_
3.7	1287	[37]	’	b	_
3.7	1288	[1]	ἐννέα	_	_
3.7	1289	[1]	κεῖτο	_	_
3.7	1290	[1]	πέλεθρα	_	_
3.7	1291	[36]	.	b	_
3.7	1292	[1]	Γῦπε	_	_
3.7	1293	[2]	δέ	_	_
3.7	1294	[1]	μιν	_	_
3.7	1295	[1]	ἑκάτερθε	_	_
3.7	1296	[1]	παρημένω	_	_
3.7	1297	[3]	ἧπαρ	_	_
3.7	1298	[1]	ἔκειρον	_	_
3.7	1299	[1]	Δέρτρον	_	_
3.7	1300	[1]	ἔσω	_	_
3.7	1301	[1]	δύνοντες	_	_
3.7	1302	[92]	,	b	_
3.7	1303	[2]	ὃ	_	_
3.7	1304	[11]	δ	_	_
3.7	1305	[38]	’	b	_
3.7	1306	[6]	οὐκ	_	_
3.7	1307	[1]	ἀπαμύνετο	_	_
3.7	1308	[1]	χερσί	_	_
3.7	1309	[37]	.	b	_
3.7	1310	[1]	Λητὼ	_	_
3.7	1311	[9]	γὰρ	_	_
3.7	1312	[1]	εἵλκυσε	_	_
3.7	1313	[1]	Διὸς	_	_
3.7	1314	[1]	κυδρὴν	_	_
3.7	1315	[1]	παράκοιτιν	_	_
3.7	1316	[1]	Πυθώδ	_	_
3.7	1317	[39]	’	b	_
3.7	1318	[1]	ἐρχομένην	_	_
3.7	1319	[2]	διὰ	_	_
3.7	1320	[1]	καλλιχόρου	_	_
3.7	1321	[1]	Πανοπῆος	_	_
3.7	1322	[38]	.	b	_
3.7	1323	[19]	ἐν	_	_
3.7	1324	[1]	τούτοις	_	_
3.7	1325	[12]	ὁ	_	_
3.7	1326	[1]	ποιητὴς	_	_
3.7	1327	[2]	ἐναργῶς	_	_
3.7	1328	[2]	ἐνδείκνυται	_	_
3.7	1329	[93]	,	b	_
3.7	1330	[22]	τὸ	_	_
3.7	1331	[21]	τῆς	_	_
3.7	1332	[8]	ψυχῆς	_	_
3.7	1333	[1]	ἐπιθυμητικὸν	_	_
3.7	1334	[1]	μέρος	_	_
3.7	1335	[3]	ὑπάρχειν	_	_
3.7	1336	[20]	ἐν	_	_
3.7	1337	[1]	ἥπατι	_	_
3.7	1338	[39]	.	b	_
3.7	1339	[1]	διότι	_	_
3.7	1340	[10]	γὰρ	_	_
3.7	1341	[94]	,	b	_
3.7	1342	[1]	φησὶν	_	_
3.7	1343	[95]	,	b	_
3.7	1344	[1]	ἐπεθύμησεν	_	_
3.7	1345	[13]	ὁ	_	_
3.7	1346	[1]	Τιτυὸς	_	_
3.7	1347	[1]	ὑβρίσαι	_	_
3.7	1348	[21]	τὴν	_	_
3.7	1349	[2]	Λητὼ	_	_
3.7	1350	[96]	,	b	_
3.7	1351	[3]	διὰ	_	_
3.7	1352	[6]	τοῦτο	_	_
3.7	1353	[1]	γῦπες	_	_
3.7	1354	[4]	αὐτοῦ	_	_
3.7	1355	[1]	κείρουσι	_	_
3.7	1356	[23]	τὸ	_	_
3.7	1357	[4]	ἧπαρ	_	_
3.7	1358	[97]	,	b	_
3.7	1359	[8]	ὡς	_	_
3.7	1360	[1]	εἰς	_	_
3.7	1361	[3]	αὐτὸ	_	_
3.7	1362	[3]	μάλιστα	_	_
3.7	1363	[1]	τιμωρούμενοι	_	_
3.7	1364	[24]	τὸ	_	_
3.7	1365	[1]	κατάρξαν	_	_
3.7	1366	[22]	τῆς	_	_
3.7	1367	[1]	ὕβρεως	_	_
3.7	1368	[40]	.	b	_
3.7	1369	[2]	ἀλλ	_	_
3.7	1370	[40]	’	b	_
3.7	1371	[2]	ἐνταῦθα	_	_
3.7	1372	[12]	μὲν	_	_
3.7	1373	[1]	ἐπαινῶ	_	_
3.7	1374	[9]	τὸν	_	_
3.7	1375	[3]	Χρύσιππον	_	_
3.7	1376	[98]	,	b	_
3.7	1377	[1]	ἑκόντα	_	_
3.7	1378	[1]	σιωπήσαντα	_	_
3.7	1379	[25]	τὸ	_	_
3.7	1380	[1]	καταβάλλον	_	_
3.7	1381	[5]	αὐτοῦ	_	_
3.7	1382	[22]	τὴν	_	_
3.7	1383	[1]	δόξαν	_	_
3.7	1384	[41]	.	b	_
3.7	1385	[21]	ἐν	_	_
3.7	1386	[3]	οἷς	_	_
3.7	1387	[12]	δ	_	_
3.7	1388	[41]	’	b	_
3.7	1389	[1]	ἤτοι	_	_
3.7	1390	[2]	περαίνει	_	_
3.7	1391	[2]	μηδὲν	_	_
3.7	1392	[99]	,	b	_
3.7	1393	[11]	ἢ	_	_
3.7	1394	[6]	καθ	_	_
3.7	1395	[42]	’	b	_
3.7	1396	[2]	ἑαυτοῦ	_	_
3.7	1397	[1]	καλεῖ	_	_
3.7	1398	[5]	τοὺς	_	_
3.7	1399	[1]	μαρτυρήσαντας	_	_
3.7	1400	[100]	,	b	_
3.7	1401	[3]	ἐνταῦθα	_	_
3.7	1402	[1]	νομίζω	_	_
3.7	1403	[3]	μὴ	_	_
3.7	1404	[1]	συνιέναι	_	_
3.7	1405	[17]	τῶν	_	_
3.7	1406	[1]	ἀκολουθούντων	_	_
3.7	1407	[12]	τε	_	_
3.7	1408	[56]	καὶ	_	_
3.7	1409	[1]	μαχομένων	_	_
3.7	1410	[2]	ἀλλήλοις	_	_
3.7	1411	[1]	πραγμάτων	_	_
3.7	1412	[101]	,	b	_
3.7	1413	[5]	ὥσπερ	_	_
3.7	1414	[4]	γε	_	_
3.7	1415	[1]	κᾀν	_	_
3.7	1416	[10]	τοῖς	_	_
3.7	1417	[3]	ἑξῆς	_	_
3.7	1418	[18]	τῶν	_	_
3.7	1419	[1]	προγεγραμμένων	_	_
3.7	1420	[102]	,	b	_
3.7	1421	[22]	ἐν	_	_
3.7	1422	[4]	οἷς	_	_
3.7	1423	[1]	φησι	_	_
3.7	1424	[10]	·	b	_
3.7	1425	[57]	καὶ	_	_
3.7	1426	[11]	τὰ	_	_
3.7	1427	[19]	τῶν	_	_
3.7	1428	[1]	ὀργιζομένων	_	_
3.7	1429	[16]	δὲ	_	_
3.7	1430	[1]	πάθη	_	_
3.7	1431	[11]	περὶ	_	_
3.7	1432	[10]	τὸν	_	_
3.7	1433	[2]	θώρακα	_	_
3.7	1434	[1]	φαίνεται	_	_
3.7	1435	[3]	γινόμενα	_	_
3.7	1436	[58]	καὶ	_	_
3.7	1437	[12]	τὰ	_	_
3.7	1438	[20]	τῶν	_	_
3.7	1439	[1]	ἐρώντων	_	_
3.7	1440	[103]	,	b	_
3.7	1441	[1]	ὥστε	_	_
3.7	1442	[59]	καὶ	_	_
3.7	1443	[23]	τὴν	_	_
3.7	1444	[1]	ἐπιθυμίαν	_	_
3.7	1445	[4]	μάλιστα	_	_
3.7	1446	[3]	γίνεσθαι	_	_
3.7	1447	[12]	περὶ	_	_
3.7	1448	[2]	τούτους	_	_
3.7	1449	[6]	τοὺς	_	_
3.7	1450	[2]	τόπους	_	_
3.7	1451	[42]	.	b	_
3.7	1452	[1]	ἐφ	_	_
3.7	1453	[43]	’	b	_
3.7	1454	[1]	ἑκάστῃ	_	_
3.7	1455	[21]	τῶν	_	_
3.7	1456	[1]	τοιούτων	_	_
3.7	1457	[1]	ῥήσεων	_	_
3.7	1458	[1]	ἐπιφθέγγεσθαι	_	_
3.7	1459	[1]	προσήκει	_	_
3.7	1460	[11]	·	b	_
3.7	1461	[4]	τί	_	_
3.7	1462	[7]	οὖν	_	_
3.7	1463	[104]	,	b	_
3.7	1464	[1]	ὦ	_	_
3.7	1465	[2]	Χρύσιππε	_	_
3.7	1466	[105]	,	b	_
3.7	1467	[7]	τοῦτο	_	_
3.7	1468	[11]	πρὸς	_	_
3.7	1469	[26]	τὸ	_	_
3.7	1470	[2]	λογιστικὸν	_	_
3.7	1471	[106]	,	b	_
3.7	1472	[2]	ὑπὲρ	_	_
3.7	1473	[1]	οὗ	_	_
3.7	1474	[1]	ζητοῦμεν	_	_
3.7	1475	[4]	;	b	_
3.7	1476	[5]	οὐ	_	_
3.7	1477	[11]	γὰρ	_	_
3.7	1478	[1]	δὴ	_	_
3.7	1479	[13]	περὶ	_	_
3.7	1480	[22]	τῶν	_	_
3.7	1481	[2]	ὀργιζομένων	_	_
3.7	1482	[12]	ἢ	_	_
3.7	1483	[1]	ἐπιθυμούντων	_	_
3.7	1484	[1]	ἡ	_	_
3.7	1485	[1]	ἀμφισβήτησις	_	_
3.7	1486	[3]	ἦν	_	_
3.7	1487	[107]	,	b	_
3.7	1488	[2]	εἰ	_	_
3.7	1489	[11]	κατὰ	_	_
3.7	1490	[11]	τὸν	_	_
3.7	1491	[1]	θώρακά	_	_
3.7	1492	[13]	τε	_	_
3.7	1493	[60]	καὶ	_	_
3.7	1494	[14]	περὶ	_	_
3.7	1495	[12]	τὸν	_	_
3.7	1496	[3]	θώρακα	_	_
3.7	1497	[11]	τοῖς	_	_
3.7	1498	[3]	οὕτως	_	_
3.7	1499	[1]	ἔχουσι	_	_
3.7	1500	[1]	κινεῖται	_	_
3.7	1501	[13]	τὰ	_	_
3.7	1502	[2]	πάθη	_	_
3.7	1503	[108]	,	b	_
3.7	1504	[3]	ἀλλ	_	_
3.7	1505	[44]	’	b	_
3.7	1506	[3]	εἰ	_	_
3.7	1507	[61]	καὶ	_	_
3.7	1508	[27]	τὸ	_	_
3.7	1509	[2]	λογιζόμενον	_	_
3.7	1510	[1]	ἐνταῦθά	_	_
3.7	1511	[4]	ἐστιν	_	_
3.7	1512	[43]	.	b	_
3.7	1513	[3]	ἐφεξῆς	_	_
3.7	1514	[17]	δὲ	_	_
3.7	1515	[3]	τούτων	_	_
3.7	1516	[2]	τάδε	_	_
3.7	1517	[2]	γράφει	_	_
3.7	1518	[12]	·	b	_
3.7	1519	[1]	εὖ	_	_
3.7	1520	[1]	μάλα	_	_
3.7	1521	[18]	δὲ	_	_
3.7	1522	[1]	παριστᾶσι	_	_
3.7	1523	[28]	τὸ	_	_
3.7	1524	[1]	λεγόμενον	_	_
3.7	1525	[109]	,	b	_
3.7	1526	[9]	ὡς	_	_
3.7	1527	[1]	ἔφην	_	_
3.7	1528	[110]	,	b	_
3.7	1529	[62]	καὶ	_	_
3.7	1530	[1]	αἱ	_	_
3.7	1531	[23]	ἐν	_	_
3.7	1532	[2]	αὐτοῖς	_	_
3.7	1533	[1]	γινόμεναι	_	_
3.7	1534	[1]	μελέται	_	_
3.7	1535	[63]	καὶ	_	_
3.7	1536	[2]	ῥήσεων	_	_
3.7	1537	[64]	καὶ	_	_
3.7	1538	[23]	τῶν	_	_
3.7	1539	[1]	παραπλησίων	_	_
3.7	1540	[44]	.	b	_
3.7	1541	[24]	ἐν	_	_
3.7	1542	[2]	ᾧ	_	_
3.7	1543	[12]	γὰρ	_	_
3.7	1544	[4]	ταῦτα	_	_
3.7	1545	[2]	πάντα	_	_
3.7	1546	[1]	συντελεῖται	_	_
3.7	1547	[111]	,	b	_
3.7	1548	[2]	πάντως	_	_
3.7	1549	[1]	εὔλογον	_	_
3.7	1550	[25]	ἐν	_	_
3.7	1551	[1]	ἐκείνῳ	_	_
3.7	1552	[65]	καὶ	_	_
3.7	1553	[24]	τὴν	_	_
3.7	1554	[12]	τοῦ	_	_
3.7	1555	[2]	λόγου	_	_
3.7	1556	[1]	διέξοδον	_	_
3.7	1557	[4]	γίνεσθαι	_	_
3.7	1558	[112]	,	b	_
3.7	1559	[66]	καὶ	_	_
3.7	1560	[1]	λέγειν	_	_
3.7	1561	[5]	ἡμᾶς	_	_
3.7	1562	[67]	καὶ	_	_
3.7	1563	[1]	διανοεῖσθαι	_	_
3.7	1564	[1]	κατ	_	_
3.7	1565	[45]	’	b	_
3.7	1566	[1]	ἐκεῖνο	_	_
3.7	1567	[45]	.	b	_
3.7	1568	[1]	ἀληθῆ	_	_
3.7	1569	[5]	ταῦτα	_	_
3.7	1570	[1]	γράφεις	_	_
3.7	1571	[113]	,	b	_
3.7	1572	[2]	ὦ	_	_
3.7	1573	[3]	Χρύσιππε	_	_
3.7	1574	[46]	.	b	_
3.7	1575	[7]	καθ	_	_
3.7	1576	[46]	’	b	_
3.7	1577	[3]	ὃ	_	_
3.7	1578	[13]	γὰρ	_	_
3.7	1579	[26]	ἐν	_	_
3.7	1580	[1]	ἑαυτοῖς	_	_
3.7	1581	[1]	μελετῶμεν	_	_
3.7	1582	[114]	,	b	_
3.7	1583	[13]	ἢ	_	_
3.7	1584	[1]	|καὶ	_	_
3.7	1585	[4]	μετὰ	_	_
3.7	1586	[1]	σιγῆς	_	_
3.7	1587	[1]	διεξερχόμεθα	_	_
3.7	1588	[1]	διανοούμενοι	_	_
3.7	1589	[115]	,	b	_
3.7	1590	[1]	τοῦτό	_	_
3.7	1591	[4]	ἐστι	_	_
3.7	1592	[29]	τὸ	_	_
3.7	1593	[3]	λογιζόμενον	_	_
3.7	1594	[47]	.	b	_
3.7	1595	[6]	ἀλλὰ	_	_
3.7	1596	[1]	πότερον	_	_
3.7	1597	[1]	ἐγκέφαλος	_	_
3.7	1598	[14]	ἢ	_	_
3.7	1599	[1]	καρδία	_	_
3.7	1600	[30]	τὸ	_	_
3.7	1601	[1]	διανοούμενόν	_	_
3.7	1602	[5]	ἐστιν	_	_
3.7	1603	[116]	,	b	_
3.7	1604	[4]	ὃ	_	_
3.7	1605	[2]	ἀπ	_	_
3.7	1606	[47]	’	b	_
3.7	1607	[2]	ἀρχῆς	_	_
3.7	1608	[1]	ἐζητοῦμεν	_	_
3.7	1609	[117]	,	b	_
3.7	1610	[1]	ἐχρῆν	_	_
3.7	1611	[1]	ἀποδεῖξαί	_	_
3.7	1612	[2]	σε	_	_
3.7	1613	[68]	καὶ	_	_
3.7	1614	[4]	μὴ	_	_
3.7	1615	[31]	τὸ	_	_
3.7	1616	[2]	πρῶτον	_	_
3.7	1617	[1]	λῆμμα	_	_
3.7	1618	[1]	λαβόντα	_	_
3.7	1619	[12]	πρὸς	_	_
3.7	1620	[3]	ἁπάντων	_	_
3.7	1621	[2]	ὁμολογούμενον	_	_
3.7	1622	[1]	ἡγεῖσθαί	_	_
3.7	1623	[4]	τι	_	_
3.7	1624	[1]	παρ	_	_
3.7	1625	[48]	’	b	_
3.7	1626	[6]	αὐτοῦ	_	_
3.7	1627	[3]	πλέον	_	_
3.7	1628	[1]	ἕξειν	_	_
3.7	1629	[2]	εἰς	_	_
3.7	1630	[25]	τὴν	_	_
3.7	1631	[24]	τῶν	_	_
3.7	1632	[1]	ζητουμένων	_	_
3.7	1633	[1]	εὕρεσιν	_	_
3.7	1634	[48]	.	b	_
3.7	1635	[1]	οὐδεὶς	_	_
3.7	1636	[1]	γοῦν	_	_
3.7	1637	[6]	ἐστιν	_	_
3.7	1638	[118]	,	b	_
3.7	1639	[1]	ὃς	_	_
3.7	1640	[4]	οὐχ	_	_
3.7	1641	[1]	ὁμολογήσει	_	_
3.7	1642	[119]	,	b	_
3.7	1643	[8]	καθ	_	_
3.7	1644	[49]	’	b	_
3.7	1645	[5]	ὃ	_	_
3.7	1646	[1]	σκεπτόμεθα	_	_
3.7	1647	[69]	καὶ	_	_
3.7	1648	[1]	διαλεγόμεθα	_	_
3.7	1649	[120]	,	b	_
3.7	1650	[12]	κατὰ	_	_
3.7	1651	[8]	τοῦτο	_	_
3.7	1652	[32]	τὸ	_	_
3.7	1653	[1]	μόριον	_	_
3.7	1654	[7]	εἶναι	_	_
3.7	1655	[33]	τὸ	_	_
3.7	1656	[23]	τῆς	_	_
3.7	1657	[9]	ψυχῆς	_	_
3.7	1658	[1]	ἡγεμονικόν	_	_
3.7	1659	[49]	.	b	_
3.7	1660	[4]	ἀλλ	_	_
3.7	1661	[50]	’	b	_
3.7	1662	[6]	οὐ	_	_
3.7	1663	[2]	τοῦτ	_	_
3.7	1664	[51]	’	b	_
3.7	1665	[4]	ἦν	_	_
3.7	1666	[34]	τὸ	_	_
3.7	1667	[1]	ζητούμενον	_	_
3.7	1668	[121]	,	b	_
3.7	1669	[5]	ἀλλ	_	_
3.7	1670	[52]	’	b	_
3.7	1671	[4]	εἰ	_	_
3.7	1672	[2]	καρδία	_	_
3.7	1673	[1]	τοῦθ	_	_
3.7	1674	[53]	’	b	_
3.7	1675	[1]	ὑπάρχει	_	_
3.7	1676	[35]	τὸ	_	_
3.7	1677	[2]	μόριον	_	_
3.7	1678	[122]	,	b	_
3.7	1679	[1]	ὅπερ	_	_
3.7	1680	[7]	οὐκ	_	_
3.7	1681	[1]	ἀπέδειξας	_	_
3.7	1682	[123]	,	b	_
3.7	1683	[5]	εἰ	_	_
3.7	1684	[1]	μή	_	_
3.7	1685	[1]	πω	_	_
3.7	1686	[1]	ἄρα	_	_
3.7	1687	[1]	φῂς	_	_
3.7	1688	[1]	αἰσθάνεσθαι	_	_
3.7	1689	[13]	κατὰ	_	_
3.7	1690	[26]	τὴν	_	_
3.7	1691	[5]	καρδίαν	_	_
3.7	1692	[1]	λογιζομένου	_	_
3.7	1693	[50]	.	b	_
3.7	1694	[6]	ἀλλ	_	_
3.7	1695	[54]	’	b	_
3.7	1696	[27]	ἐν	_	_
3.7	1697	[1]	ἀρχῇ	_	_
3.7	1698	[5]	γε	_	_
3.7	1699	[13]	τοῦ	_	_
3.7	1700	[3]	λόγου	_	_
3.7	1701	[1]	παντὸς	_	_
3.7	1702	[1]	ἔφησθα	_	_
3.7	1703	[14]	κατὰ	_	_
3.7	1704	[1]	λέξιν	_	_
3.7	1705	[1]	ᾧδε	_	_
3.7	1706	[51]	.	b	_
3.7	1707	[3]	οὕτω	_	_
3.7	1708	[2]	φαίνεται	_	_
3.7	1709	[1]	διαφεύγειν	_	_
3.7	1710	[14]	ὁ	_	_
3.7	1711	[1]	τόπος	_	_
3.7	1712	[6]	ἡμᾶς	_	_
3.7	1713	[124]	,	b	_
3.7	1714	[4]	οὔτε	_	_
3.7	1715	[1]	αἰσθήσεως	_	_
3.7	1716	[1]	ἐκφανοῦς	_	_
3.7	1717	[3]	γινομένης	_	_
3.7	1718	[125]	,	b	_
3.7	1719	[2]	ὅπερ	_	_
3.7	1720	[13]	ἐπὶ	_	_
3.7	1721	[25]	τῶν	_	_
3.7	1722	[1]	λοιπῶν	_	_
3.7	1723	[1]	συντέτευχε	_	_
3.7	1724	[126]	,	b	_
3.7	1725	[5]	οὔτε	_	_
3.7	1726	[26]	τῶν	_	_
3.7	1727	[1]	τεκμηρίων	_	_
3.7	1728	[127]	,	b	_
3.7	1729	[1]	δι	_	_
3.7	1730	[55]	’	b	_
3.7	1731	[5]	ὧν	_	_
3.7	1732	[3]	ἄν	_	_
3.7	1733	[5]	τις	_	_
3.7	1734	[1]	συλλογίσαιτο	_	_
3.7	1735	[9]	τοῦτο	_	_
3.7	1736	[128]	,	b	_
3.7	1737	[5]	οὐδὲ	_	_
3.7	1738	[14]	γὰρ	_	_
3.7	1739	[3]	ἂν	_	_
3.7	1740	[14]	ἐπὶ	_	_
3.7	1741	[2]	τοσοῦτον	_	_
3.7	1742	[2]	ἡ	_	_
3.7	1743	[1]	ἀντιλογία	_	_
3.7	1744	[1]	προῆλθε	_	_
3.7	1745	[70]	καὶ	_	_
3.7	1746	[28]	ἐν	_	_
3.7	1747	[1]	ἰατροῖς	_	_
3.7	1748	[71]	καὶ	_	_
3.7	1749	[29]	ἐν	_	_
3.7	1750	[1]	φιλοσόφοις	_	_
3.7	1751	[52]	.	b	_
3.7	1752	[15]	ὁ	_	_
3.7	1753	[3]	ταῦθ	_	_
3.7	1754	[56]	’	b	_
3.7	1755	[1]	εἰπὼν	_	_
3.7	1756	[8]	Χρύσιππος	_	_
3.7	1757	[129]	,	b	_
3.7	1758	[6]	εἰ	_	_
3.7	1759	[3]	πάλιν	_	_
3.7	1760	[30]	ἐν	_	_
3.7	1761	[2]	ταὐτῷ	_	_
3.7	1762	[1]	βιβλίῳ	_	_
3.7	1763	[1]	φάσκοι	_	_
3.7	1764	[130]	,	b	_
3.7	1765	[27]	τῶν	_	_
3.7	1766	[1]	διαλογισμῶν	_	_
3.7	1767	[7]	ἡμᾶς	_	_
3.7	1768	[2]	αἰσθάνεσθαι	_	_
3.7	1769	[15]	κατὰ	_	_
3.7	1770	[27]	τὴν	_	_
3.7	1771	[6]	καρδίαν	_	_
3.7	1772	[1]	γινομένων	_	_
3.7	1773	[131]	,	b	_
3.7	1774	[2]	οὔθ	_	_
3.7	1775	[57]	’	b	_
3.7	1776	[3]	ἑαυτοῦ	_	_
3.7	1777	[1]	δόξει	_	_
3.7	1778	[1]	μεμνῆσθαι	_	_
3.7	1779	[132]	,	b	_
3.7	1780	[72]	καὶ	_	_
3.7	1781	[1]	καταψεύδεσθαι	_	_
3.7	1782	[28]	τῶν	_	_
3.7	1783	[1]	ἐναργῶν	_	_
3.7	1784	[53]	.	b	_
3.7	1785	[7]	οὐ	_	_
3.7	1786	[2]	μὴν	_	_
3.7	1787	[1]	τοιοῦτός	_	_
3.7	1788	[2]	γ	_	_
3.7	1789	[58]	’	b	_
3.7	1790	[16]	ὁ	_	_
3.7	1791	[1]	ἀνὴρ	_	_
3.7	1792	[133]	,	b	_
3.7	1793	[1]	ὥστ	_	_
3.7	1794	[59]	’	b	_
3.7	1795	[8]	οὐκ	_	_
3.7	1796	[4]	ἂν	_	_
3.7	1797	[2]	εἴποι	_	_
3.7	1798	[2]	δι	_	_
3.7	1799	[60]	’	b	_
3.7	1800	[1]	αἰσθήσεώς	_	_
3.7	1801	[3]	τινος	_	_
3.7	1802	[1]	ἐπιγινώσκειν	_	_
3.7	1803	[31]	ἐν	_	_
3.7	1804	[6]	τῇ	_	_
3.7	1805	[2]	καρδίᾳ	_	_
3.7	1806	[29]	τῶν	_	_
3.7	1807	[1]	προειρημένων	_	_
3.7	1808	[2]	ἕκαστον	_	_
3.7	1809	[1]	γινόμενον	_	_
3.7	1810	[54]	.	b	_
3.7	1811	[73]	καὶ	_	_
3.7	1812	[3]	μὴν	_	_
3.7	1813	[7]	εἰ	_	_
3.7	1814	[5]	μὴ	_	_
3.7	1815	[3]	δι	_	_
3.7	1816	[61]	’	b	_
3.7	1817	[2]	αἰσθήσεως	_	_
3.7	1818	[134]	,	b	_
3.7	1819	[7]	ἀλλὰ	_	_
3.7	1820	[4]	δι	_	_
3.7	1821	[62]	’	b	_
3.7	1822	[1]	ἀποδείξεώς	_	_
3.7	1823	[4]	τινος	_	_
3.7	1824	[1]	ἡδέως	_	_
3.7	1825	[5]	ἂν	_	_
3.7	1826	[1]	ἀκούσαιμεν	_	_
3.7	1827	[4]	αὐτῆς	_	_
3.7	1828	[55]	.	b	_
3.7	1829	[1]	ἐμοὶ	_	_
3.7	1830	[13]	μὲν	_	_
3.7	1831	[2]	δὴ	_	_
3.7	1832	[2]	δοκεῖ	_	_
3.7	1833	[19]	τῷ	_	_
3.7	1834	[15]	περὶ	_	_
3.7	1835	[24]	τῆς	_	_
3.7	1836	[1]	φωνῆς	_	_
3.7	1837	[3]	λόγῳ	_	_
3.7	1838	[74]	καὶ	_	_
3.7	1839	[3]	νῦν	_	_
3.7	1840	[1]	προσχρῆσθαι	_	_
3.7	1841	[56]	.	b	_
3.7	1842	[1]	τεκμαίρομαί	_	_
3.7	1843	[19]	δὲ	_	_
3.7	1844	[75]	καὶ	_	_
3.7	1845	[1]	ἐκ	_	_
3.7	1846	[30]	τῶν	_	_
3.7	1847	[1]	ἐπιφερομένων	_	_
3.7	1848	[57]	.	b	_
3.7	1849	[2]	ἀπὸ	_	_
3.7	1850	[15]	γὰρ	_	_
3.7	1851	[25]	τῆς	_	_
3.7	1852	[1]	διανοίας	_	_
3.7	1853	[135]	,	b	_
3.7	1854	[2]	φησὶ	_	_
3.7	1855	[136]	,	b	_
3.7	1856	[1]	δεῖ	_	_
3.7	1857	[2]	λέγειν	_	_
3.7	1858	[137]	,	b	_
3.7	1859	[76]	καὶ	_	_
3.7	1860	[32]	ἐν	_	_
3.7	1861	[2]	ἑαυτῷ	_	_
3.7	1862	[3]	λέγειν	_	_
3.7	1863	[15]	ἢ	_	_
3.7	1864	[1]	φωνὴν	_	_
3.7	1865	[1]	διεξιέναι	_	_
3.7	1866	[138]	,	b	_
3.7	1867	[77]	καὶ	_	_
3.7	1868	[7]	καρδίαν	_	_
3.7	1869	[1]	νοεῖσθαι	_	_
3.7	1870	[139]	,	b	_
3.7	1871	[78]	καὶ	_	_
3.7	1872	[33]	ἐν	_	_
3.7	1873	[2]	ἑαυτοῖς	_	_
3.7	1874	[2]	φωνὴν	_	_
3.7	1875	[2]	διεξιέναι	_	_
3.7	1876	[140]	,	b	_
3.7	1877	[79]	καὶ	_	_
3.7	1878	[1]	ἐκτὸς	_	_
3.7	1879	[1]	ἐκπέμπειν	_	_
3.7	1880	[58]	.	b	_
3.7	1881	[3]	ὁμολογούμενον	_	_
3.7	1882	[2]	γάρ	_	_
3.7	1883	[5]	τι	_	_
3.7	1884	[1]	λαμβάνων	_	_
3.7	1885	[141]	,	b	_
3.7	1886	[10]	ὡς	_	_
3.7	1887	[14]	τοῦ	_	_
3.7	1888	[7]	αὐτοῦ	_	_
3.7	1889	[1]	μορίου	_	_
3.7	1890	[36]	τὸ	_	_
3.7	1891	[4]	λέγειν	_	_
3.7	1892	[2]	εἴη	_	_
3.7	1893	[80]	καὶ	_	_
3.7	1894	[37]	τὸ	_	_
3.7	1895	[34]	ἐν	_	_
3.7	1896	[3]	ἑαυτῷ	_	_
3.7	1897	[5]	λέγειν	_	_
3.7	1898	[142]	,	b	_
3.7	1899	[1]	εἶτα	_	_
3.7	1900	[1]	προσλαμβάνων	_	_
3.7	1901	[143]	,	b	_
3.7	1902	[4]	αὐτὸ	_	_
3.7	1903	[26]	τῆς	_	_
3.7	1904	[3]	καρδίας	_	_
3.7	1905	[1]	ἔργον	_	_
3.7	1906	[8]	εἶναι	_	_
3.7	1907	[38]	τὸ	_	_
3.7	1908	[6]	λέγειν	_	_
3.7	1909	[144]	,	b	_
3.7	1910	[3]	ἐξ	_	_
3.7	1911	[1]	ἀμφοῖν	_	_
3.7	1912	[1]	ἔχει	_	_
3.7	1913	[1]	περαινόμενον	_	_
3.7	1914	[145]	,	b	_
3.7	1915	[35]	ἐν	_	_
3.7	1916	[7]	τῇ	_	_
3.7	1917	[3]	καρδίᾳ	_	_
3.7	1918	[5]	γίνεσθαι	_	_
3.7	1919	[39]	τὸ	_	_
3.7	1920	[36]	ἐν	_	_
3.7	1921	[4]	ἑαυτῷ	_	_
3.7	1922	[7]	λέγειν	_	_
3.7	1923	[59]	.	b	_
3.7	1924	[7]	ἀλλ	_	_
3.7	1925	[63]	’	b	_
3.7	1926	[2]	ἡμεῖς	_	_
3.7	1927	[6]	γε	_	_
3.7	1928	[16]	κατὰ	_	_
3.7	1929	[40]	τὸ	_	_
3.7	1930	[2]	πρὸ	_	_
3.7	1931	[3]	τούτου	_	_
3.7	1932	[1]	γράμμα	_	_
3.7	1933	[13]	τὸν	_	_
3.7	1934	[3]	ὑπὸ	_	_
3.7	1935	[15]	τοῦ	_	_
3.7	1936	[1]	Ζήνωνος	_	_
3.7	1937	[1]	ἐρωτηθέντα	_	_
3.7	1938	[4]	λόγον	_	_
3.7	1939	[3]	ὑπὲρ	_	_
3.7	1940	[16]	τοῦ	_	_
3.7	1941	[28]	τὴν	_	_
3.7	1942	[3]	φωνὴν	_	_
3.7	1943	[4]	ὑπὸ	_	_
3.7	1944	[27]	τῆς	_	_
3.7	1945	[4]	καρδίας	_	_
3.7	1946	[1]	ἐκπέμπεσθαι	_	_
3.7	1947	[1]	μοχθηρὸν	_	_
3.7	1948	[1]	ἐπεδείξαμεν	_	_
3.7	1949	[146]	,	b	_
3.7	1950	[2]	ὥστε	_	_
3.7	1951	[81]	καὶ	_	_
3.7	1952	[17]	ὁ	_	_
3.7	1953	[4]	νῦν	_	_
3.7	1954	[1]	ἐρωτώμενος	_	_
3.7	1955	[5]	ὑπὸ	_	_
3.7	1956	[17]	τοῦ	_	_
3.7	1957	[3]	Χρυσίππου	_	_
3.7	1958	[1]	λόγος	_	_
3.7	1959	[2]	ἅμα	_	_
3.7	1960	[2]	ἐκείνῳ	_	_
3.7	1961	[1]	συνανῄρηται	_	_
3.7	1962	[60]	.	b	_
3.7	1963	[1]	ἐπισκεψώμεθα	_	_
3.7	1964	[8]	οὖν	_	_
3.7	1965	[4]	ἤδη	_	_
3.7	1966	[14]	τὸν	_	_
3.7	1967	[4]	ἑξῆς	_	_
3.7	1968	[61]	.	b	_
3.7	1969	[1]	οἰκείως	_	_
3.7	1970	[20]	δὲ	_	_
3.7	1971	[2]	τούτῳ	_	_
3.7	1972	[82]	καὶ	_	_
3.7	1973	[4]	οἱ	_	_
3.7	1974	[1]	στεναγμοὶ	_	_
3.7	1975	[1]	ἐντεῦθεν	_	_
3.7	1976	[1]	προΐενται	_	_
3.7	1977	[62]	.	b	_
3.7	1978	[83]	καὶ	_	_
3.7	1979	[7]	τοὺς	_	_
3.7	1980	[1]	στεναγμοὺς	_	_
3.7	1981	[147]	,	b	_
3.7	1982	[3]	ὦ	_	_
3.7	1983	[4]	Χρύσιππε	_	_
3.7	1984	[148]	,	b	_
3.7	1985	[84]	καὶ	_	_
3.7	1986	[7]	τὰς	_	_
3.7	1987	[1]	φωνὰς	_	_
3.7	1988	[2]	ἐκ	_	_
3.7	1989	[18]	τοῦ	_	_
3.7	1990	[1]	θώρακος	_	_
3.7	1991	[14]	μὲν	_	_
3.7	1992	[2]	φήσομεν	_	_
3.7	1993	[2]	ἐκπέμπεσθαι	_	_
3.7	1994	[85]	καὶ	_	_
3.7	1995	[19]	τοῦ	_	_
3.7	1996	[1]	πνεύμονος	_	_
3.7	1997	[149]	,	b	_
3.7	1998	[8]	οὐ	_	_
3.7	1999	[4]	μὴν	_	_
3.7	2000	[5]	οὐδ	_	_
3.7	2001	[64]	’	b	_
3.7	2002	[3]	ἐκ	_	_
3.7	2003	[28]	τῆς	_	_
3.7	2004	[5]	καρδίας	_	_
3.7	2005	[150]	,	b	_
3.7	2006	[6]	ὥσπερ	_	_
3.7	2007	[6]	οὐδὲ	_	_
3.7	2008	[8]	τὰς	_	_
3.7	2009	[1]	φωνάς	_	_
3.7	2010	[63]	.	b	_
3.7	2011	[1]	ἀποδέδεικται	_	_
3.7	2012	[16]	γὰρ	_	_
3.7	2013	[1]	ἡμῖν	_	_
3.7	2014	[4]	ὑπὲρ	_	_
3.7	2015	[1]	ἑκάστου	_	_
3.7	2016	[4]	τούτων	_	_
3.7	2017	[37]	ἐν	_	_
3.7	2018	[1]	ἑτέροις	_	_
3.7	2019	[5]	οὐχ	_	_
3.7	2020	[1]	ἁπλῶς	_	_
3.7	2021	[151]	,	b	_
3.7	2022	[6]	οὐδ	_	_
3.7	2023	[65]	’	b	_
3.7	2024	[7]	ὥσπερ	_	_
3.7	2025	[6]	ὑπὸ	_	_
3.7	2026	[1]	σοῦ	_	_
3.7	2027	[5]	νῦν	_	_
3.7	2028	[152]	,	b	_
3.7	2029	[1]	οὐδεμίαν	_	_
3.7	2030	[2]	ἀπόδειξιν	_	_
3.7	2031	[1]	προσθέντος	_	_
3.7	2032	[64]	.	b	_
3.7	2033	[4]	ἐφεξῆς	_	_
3.7	2034	[21]	δὲ	_	_
3.7	2035	[1]	τοῖσδε	_	_
3.7	2036	[1]	πλῆθος	_	_
3.7	2037	[1]	ἐπῶν	_	_
3.7	2038	[18]	ὁ	_	_
3.7	2039	[9]	Χρύσιππος	_	_
3.7	2040	[3]	γράφει	_	_
3.7	2041	[31]	τῶν	_	_
3.7	2042	[1]	πλείστων	_	_
3.7	2043	[5]	ἑαυτῷ	_	_
3.7	2044	[2]	μαχομένων	_	_
3.7	2045	[153]	,	b	_
3.7	2046	[11]	ὡς	_	_
3.7	2047	[3]	ἔμπροσθεν	_	_
3.7	2048	[2]	ἔδειξα	_	_
3.7	2049	[65]	.	b	_
3.7	2050	[14]	τὰ	_	_
3.7	2051	[22]	δὲ	_	_
3.7	2052	[1]	μεταξὺ	_	_
3.7	2053	[32]	τῶν	_	_
3.7	2054	[2]	ἐπῶν	_	_
3.7	2055	[5]	ἐστι	_	_
3.7	2056	[15]	μὲν	_	_
3.7	2057	[1]	ὀλίγιστα	_	_
3.7	2058	[154]	,	b	_
3.7	2059	[1]	περιέχεται	_	_
3.7	2060	[3]	δέ	_	_
3.7	2061	[6]	τις	_	_
3.7	2062	[17]	κατὰ	_	_
3.7	2063	[1]	ταῦτ	_	_
3.7	2064	[66]	’	b	_
3.7	2065	[1]	ἐναντιολογία	_	_
3.7	2066	[20]	τοῦ	_	_
3.7	2067	[4]	Χρυσίππου	_	_
3.7	2068	[13]	πρὸς	_	_
3.7	2069	[1]	ἑαυτὸν	_	_
3.7	2070	[155]	,	b	_
3.7	2071	[3]	ἣν	_	_
3.7	2072	[1]	ὲν	_	_
3.7	2073	[20]	τῷ	_	_
3.7	2074	[5]	μετὰ	_	_
3.7	2075	[3]	τοῦτ	_	_
3.7	2076	[67]	’	b	_
3.7	2077	[1]	ἐπιδείξω	_	_
3.7	2078	[2]	βιβλίῳ	_	_
3.7	2079	[156]	,	b	_
3.7	2080	[9]	καθ	_	_
3.7	2081	[68]	’	b	_
3.7	2082	[6]	ὃ	_	_
3.7	2083	[16]	περὶ	_	_
3.7	2084	[33]	τῶν	_	_
3.7	2085	[29]	τῆς	_	_
3.7	2086	[10]	ψυχῆς	_	_
3.7	2087	[3]	παθῶν	_	_
3.7	2088	[2]	ἔγνωκα	_	_
3.7	2089	[1]	ποιήσασθαι	_	_
3.7	2090	[15]	τὸν	_	_
3.7	2091	[5]	λόγον	_	_
3.7	2092	[66]	.	b	_
3.7	2093	[38]	ἐν	_	_
3.7	2094	[23]	δὲ	_	_
3.7	2095	[21]	τῷ	_	_
3.7	2096	[1]	παρόντι	_	_
3.7	2097	[34]	τῶν	_	_
3.7	2098	[3]	ῥήσεων	_	_
3.7	2099	[3]	αὐτῶν	_	_
3.7	2100	[1]	ἐπιμνησθήσομαι	_	_
3.7	2101	[1]	μόνον	_	_
3.7	2102	[1]	ἐχουσῶν	_	_
3.7	2103	[2]	ᾧδε	_	_
3.7	2104	[67]	.	b	_
3.7	2105	[19]	ὁ	_	_
3.7	2106	[24]	δὲ	_	_
3.7	2107	[2]	ποιητὴς	_	_
3.7	2108	[1]	πλεονάζων	_	_
3.7	2109	[39]	ἐν	_	_
3.7	2110	[2]	τούτοις	_	_
3.7	2111	[4]	διὰ	_	_
3.7	2112	[2]	πολλῶν	_	_
3.7	2113	[1]	παρίστησιν	_	_
3.7	2114	[157]	,	b	_
3.7	2115	[3]	ὅτι	_	_
3.7	2116	[86]	καὶ	_	_
3.7	2117	[41]	τὸ	_	_
3.7	2118	[3]	λογιστικὸν	_	_
3.7	2119	[87]	καὶ	_	_
3.7	2120	[42]	τὸ	_	_
3.7	2121	[1]	θυμοειδὲς	_	_
3.7	2122	[17]	περὶ	_	_
3.7	2123	[1]	τοῦτόν	_	_
3.7	2124	[6]	ἐστι	_	_
3.7	2125	[16]	τὸν	_	_
3.7	2126	[1]	τόπον	_	_
3.7	2127	[158]	,	b	_
3.7	2128	[1]	συνάγων	_	_
3.7	2129	[12]	ὡς	_	_
3.7	2130	[2]	ταὐτὸν	_	_
3.7	2131	[3]	αὐτὰ	_	_
3.7	2132	[159]	,	b	_
3.7	2133	[3]	καθάπερ	_	_
3.7	2134	[88]	καὶ	_	_
3.7	2135	[2]	δεῖ	_	_
3.7	2136	[1]	ποιῆσαι	_	_
3.7	2137	[68]	.	b	_
3.7	2138	[1]	φανερῶς	_	_
3.7	2139	[17]	γὰρ	_	_
3.7	2140	[4]	ἐνταῦθα	_	_
3.7	2141	[1]	συγχωρεῖ	_	_
3.7	2142	[16]	μὲν	_	_
3.7	2143	[160]	,	b	_
3.7	2144	[2]	ἕτερόν	_	_
3.7	2145	[6]	τι	_	_
3.7	2146	[3]	παρὰ	_	_
3.7	2147	[43]	τὸ	_	_
3.7	2148	[4]	λογιστικὸν	_	_
3.7	2149	[9]	εἶναι	_	_
3.7	2150	[2]	τό	_	_
3.7	2151	[14]	τε	_	_
3.7	2152	[2]	θυμοειδὲς	_	_
3.7	2153	[89]	καὶ	_	_
3.7	2154	[44]	τὸ	_	_
3.7	2155	[2]	ἐπιθυμητικὸν	_	_
3.7	2156	[161]	,	b	_
3.7	2157	[40]	ἐν	_	_
3.7	2158	[25]	δὲ	_	_
3.7	2159	[8]	τῇ	_	_
3.7	2160	[4]	καρδίᾳ	_	_
3.7	2161	[1]	κατῳκίσθαι	_	_
3.7	2162	[2]	φησὶν	_	_
3.7	2163	[162]	,	b	_
3.7	2164	[3]	ὅπερ	_	_
3.7	2165	[1]	Ἀριστοτέλους	_	_
3.7	2166	[1]	ἐστὶν	_	_
3.7	2167	[163]	,	b	_
3.7	2168	[9]	οὐ	_	_
3.7	2169	[35]	τῶν	_	_
3.7	2170	[2]	Στωϊκῶν	_	_
3.7	2171	[2]	δόγμα	_	_
3.7	2172	[69]	.	b	_
3.7	2173	[90]	καὶ	_	_
3.7	2174	[5]	διὰ	_	_
3.7	2175	[36]	τῶν	_	_
3.7	2176	[5]	ἑξῆς	_	_
3.7	2177	[26]	δὲ	_	_
3.7	2178	[1]	προειπὼν	_	_
3.7	2179	[164]	,	b	_
3.7	2180	[41]	ἐν	_	_
3.7	2181	[5]	οἷς	_	_
3.7	2182	[20]	ὁ	_	_
3.7	2183	[3]	ποιητὴς	_	_
3.7	2184	[42]	ἐν	_	_
3.7	2185	[9]	τῇ	_	_
3.7	2186	[5]	καρδίᾳ	_	_
3.7	2187	[45]	τὸ	_	_
3.7	2188	[4]	λογιζόμενον	_	_
3.7	2189	[4]	ὑπάρχειν	_	_
3.7	2190	[1]	ἀποφαίνεται	_	_
3.7	2191	[165]	,	b	_
3.7	2192	[6]	μετὰ	_	_
3.7	2193	[2]	ταῦτ	_	_
3.7	2194	[69]	’	b	_
3.7	2195	[1]	ἐπιφέρει	_	_
3.7	2196	[13]	·	b	_
3.7	2197	[4]	ὅτι	_	_
3.7	2198	[27]	δὲ	_	_
3.7	2199	[91]	καὶ	_	_
3.7	2200	[46]	τὸ	_	_
3.7	2201	[3]	ἐπιθυμητικὸν	_	_
3.7	2202	[5]	ἐνταῦθα	_	_
3.7	2203	[166]	,	b	_
3.7	2204	[6]	διὰ	_	_
3.7	2205	[5]	τούτων	_	_
3.7	2206	[2]	ἐμφαίνει	_	_
3.7	2207	[14]	·	b	_
3.7	2208	[1]	Οὐ	_	_
3.7	2209	[18]	γὰρ	_	_
3.7	2210	[1]	πώποτέ	_	_
3.7	2211	[1]	μ	_	_
3.7	2212	[70]	’	b	_
3.7	2213	[3]	ᾧδε	_	_
3.7	2214	[1]	θεᾶς	_	_
3.7	2215	[1]	ἔρος	_	_
3.7	2216	[7]	οὐδὲ	_	_
3.7	2217	[1]	γυναικὸς	_	_
3.7	2218	[1]	Θυμὸν	_	_
3.7	2219	[1]	ἐνὶ	_	_
3.7	2220	[1]	στήθεσσι	_	_
3.7	2221	[1]	περιπροχυθεὶς	_	_
3.7	2222	[1]	ἐδάμασσεν	_	_
3.7	2223	[70]	.	b	_
3.7	2224	[1]	εἶτ	_	_
3.7	2225	[71]	’	b	_
3.7	2226	[5]	ἐφεξῆς	_	_
3.7	2227	[15]	·	b	_
3.7	2228	[5]	ὅτι	_	_
3.7	2229	[28]	δὲ	_	_
3.7	2230	[47]	τὸ	_	_
3.7	2231	[3]	θυμοειδὲς	_	_
3.7	2232	[2]	ἐνταῦθά	_	_
3.7	2233	[2]	πού	_	_
3.7	2234	[7]	ἐστι	_	_
3.7	2235	[167]	,	b	_
3.7	2236	[1]	τά	_	_
3.7	2237	[2]	τοιαῦτα	_	_
3.7	2238	[3]	ἐμφαίνει	_	_
3.7	2239	[1]	πλείονα	_	_
3.7	2240	[1]	ὄντα	_	_
3.7	2241	[16]	·	b	_
3.7	2242	[1]	Ἥρης	_	_
3.7	2243	[13]	δ	_	_
3.7	2244	[72]	’	b	_
3.7	2245	[9]	οὐκ	_	_
3.7	2246	[1]	ἔχαδε	_	_
3.7	2247	[1]	στῆθος	_	_
3.7	2248	[1]	χόλον	_	_
3.7	2249	[168]	,	b	_
3.7	2250	[8]	ἀλλὰ	_	_
3.7	2251	[1]	προσηύδα	_	_
3.7	2252	[71]	.	b	_
3.7	2253	[3]	καί	_	_
3.7	2254	[17]	·	b	_
3.7	2255	[1]	Χόλον	_	_
3.7	2256	[169]	,	b	_
3.7	2257	[1]	ὅστ	_	_
3.7	2258	[73]	’	b	_
3.7	2259	[1]	ἐφέηκε	_	_
3.7	2260	[1]	πολύφρονά	_	_
3.7	2261	[1]	περ	_	_
3.7	2262	[1]	χαλεπῆναι	_	_
3.7	2263	[72]	.	b	_
3.7	2264	[43]	ἐν	_	_
3.7	2265	[12]	τοῖς	_	_
3.7	2266	[1]	τοιούτοις	_	_
3.7	2267	[1]	ἅπασιν	_	_
3.7	2268	[21]	ὁ	_	_
3.7	2269	[10]	Χρύσιππος	_	_
3.7	2270	[2]	ὁμολογεῖ	_	_
3.7	2271	[170]	,	b	_
3.7	2272	[5]	δυνάμεις	_	_
3.7	2273	[1]	τινὰς	_	_
3.7	2274	[10]	εἶναι	_	_
3.7	2275	[30]	τῆς	_	_
3.7	2276	[11]	ψυχῆς	_	_
3.7	2277	[1]	τήν	_	_
3.7	2278	[15]	τε	_	_
3.7	2279	[1]	θυμοειδῆ	_	_
3.7	2280	[92]	καὶ	_	_
3.7	2281	[29]	τὴν	_	_
3.7	2282	[1]	ἐπιθυμητικὴν	_	_
3.7	2283	[1]	ἑτέρας	_	_
3.7	2284	[31]	τῆς	_	_
3.7	2285	[1]	λογιστικῆς	_	_
3.7	2286	[73]	.	b	_
3.7	2287	[9]	ἀλλὰ	_	_
3.7	2288	[18]	περὶ	_	_
3.7	2289	[17]	μὲν	_	_
3.7	2290	[6]	τούτων	_	_
3.7	2291	[171]	,	b	_
3.7	2292	[13]	ὡς	_	_
3.7	2293	[2]	ἔφην	_	_
3.7	2294	[172]	,	b	_
3.7	2295	[44]	ἐν	_	_
3.7	2296	[22]	τῷ	_	_
3.7	2297	[1]	τετάρτῳ	_	_
3.7	2298	[1]	διαλέξομαι	_	_
3.7	2299	[2]	γράμματι	_	_
3.7	2300	[74]	.	b	_
3.7	2301	[15]	τὰ	_	_
3.7	2302	[14]	δ	_	_
3.7	2303	[74]	’	b	_
3.7	2304	[1]	ὑπόλοιπα	_	_
3.7	2305	[37]	τῶν	_	_
3.7	2306	[18]	κατὰ	_	_
3.7	2307	[48]	τὸ	_	_
3.7	2308	[5]	Χρυσίππου	_	_
3.7	2309	[1]	βιβλίον	_	_
3.7	2310	[1]	ἐπιδραμὼν	_	_
3.7	2311	[173]	,	b	_
3.7	2312	[3]	ἐνταῦθά	_	_
3.7	2313	[1]	που	_	_
3.7	2314	[93]	καὶ	_	_
3.7	2315	[2]	αὐτὸς	_	_
3.7	2316	[5]	ἤδη	_	_
3.7	2317	[1]	καταπαύσω	_	_
3.7	2318	[17]	τὸν	_	_
3.7	2319	[1]	ἐνεστῶτα	_	_
3.7	2320	[6]	λόγον	_	_
3.7	2321	[75]	.	b	_
3.7	2322	[7]	μετὰ	_	_
3.7	2323	[29]	δὲ	_	_
3.7	2324	[49]	τὸ	_	_
3.7	2325	[2]	πλῆθος	_	_
3.7	2326	[38]	τῶν	_	_
3.7	2327	[3]	ἐπῶν	_	_
3.7	2328	[6]	ἐφεξῆς	_	_
3.7	2329	[22]	ὁ	_	_
3.7	2330	[11]	Χρύσιππος	_	_
3.7	2331	[1]	περί	_	_
3.7	2332	[16]	τε	_	_
3.7	2333	[2]	φωνῆς	_	_
3.7	2334	[94]	καὶ	_	_
3.7	2335	[4]	λόγου	_	_
3.7	2336	[95]	καὶ	_	_
3.7	2337	[1]	νεύρων	_	_
3.7	2338	[3]	ἀρχῆς	_	_
3.7	2339	[174]	,	b	_
3.7	2340	[2]	ὅσα	_	_
3.7	2341	[17]	τε	_	_
3.7	2342	[3]	τούτοις	_	_
3.7	2343	[1]	συνέζευκται	_	_
3.7	2344	[175]	,	b	_
3.7	2345	[1]	διῆλθεν	_	_
3.7	2346	[176]	,	b	_
3.7	2347	[1]	ἃ	_	_
3.7	2348	[3]	δὴ	_	_
3.7	2349	[96]	καὶ	_	_
3.7	2350	[1]	μόνα	_	_
3.7	2351	[39]	τῶν	_	_
3.7	2352	[19]	κατὰ	_	_
3.7	2353	[50]	τὸ	_	_
3.7	2354	[2]	βιβλίον	_	_
3.7	2355	[1]	ἔπρεπεν	_	_
3.7	2356	[1]	ἀνδρὶ	_	_
3.7	2357	[1]	φιλοσόφῳ	_	_
3.7	2358	[177]	,	b	_
3.7	2359	[19]	περὶ	_	_
3.7	2360	[6]	ὧν	_	_
3.7	2361	[97]	καὶ	_	_
3.7	2362	[3]	ἡμεῖς	_	_
3.7	2363	[45]	ἐν	_	_
3.7	2364	[23]	τῷ	_	_
3.7	2365	[3]	πρὸ	_	_
3.7	2366	[4]	τούτου	_	_
3.7	2367	[4]	λόγῳ	_	_
3.7	2368	[1]	διεληλύθαμεν	_	_
3.7	2369	[178]	,	b	_
3.7	2370	[1]	ὑπερβάντες	_	_
3.7	2371	[16]	τὰ	_	_
3.7	2372	[2]	περιττῶς	_	_
3.7	2373	[1]	ἠδολεσχημένα	_	_
3.7	2374	[76]	.	b	_
3.8	1	[1]	Νυνὶ	_	_
3.8	2	[1]	μέντοι	_	_
3.8	3	[1]	κατὰ	_	_
3.8	4	[1]	τοῦτο	_	_
3.8	5	[1]	τὸ	_	_
3.8	6	[1]	βιβλίον	_	_
3.8	7	[1]	,	b	_
3.8	8	[1]	ἐπειδὴ	_	_
3.8	9	[1]	καὶ	_	_
3.8	10	[1]	ταῦτ	_	_
3.8	11	[1]	’	b	_
3.8	12	[1]	ἔδοξε	_	_
3.8	13	[1]	προσθεῖναι	_	_
3.8	14	[2]	,	b	_
3.8	15	[1]	τά	_	_
3.8	16	[1]	τ	_	_
3.8	17	[2]	’	b	_
3.8	18	[1]	ἄλλα	_	_
3.8	19	[1]	τὰ	_	_
3.8	20	[1]	προηγούμενα	_	_
3.8	21	[1]	διῆλθον	_	_
3.8	22	[3]	,	b	_
3.8	23	[1]	ἑξῆς	_	_
3.8	24	[1]	τε	_	_
3.8	25	[1]	προσθήσω	_	_
3.8	26	[1]	τὸν	_	_
3.8	27	[1]	περὶ	_	_
3.8	28	[1]	τῆς	_	_
3.8	29	[1]	Ἀθηνᾶς	_	_
3.8	30	[1]	λόγον	_	_
3.8	31	[1]	.	b	_
3.8	32	[1]	αἰσθόμενος	_	_
3.8	33	[1]	γὰρ	_	_
3.8	34	[1]	ὁ	_	_
3.8	35	[1]	Χρύσιππος	_	_
3.8	36	[1]	ἐναντιούμενον	_	_
3.8	37	[1]	τοῖς	_	_
3.8	38	[1]	ἑαυτοῦ	_	_
3.8	39	[1]	δόγμασι	_	_
3.8	40	[2]	τὸν	_	_
3.8	41	[2]	περὶ	_	_
3.8	42	[2]	τῆς	_	_
3.8	43	[1]	θεᾶς	_	_
3.8	44	[1]	μῦθον	_	_
3.8	45	[1]	ἀπὸ	_	_
3.8	46	[3]	τῆς	_	_
3.8	47	[1]	τοῦ	_	_
3.8	48	[1]	Διὸς	_	_
3.8	49	[1]	κεφαλῆς	_	_
3.8	50	[1]	ὑπειλημμένης	_	_
3.8	51	[1]	γεγενῆσθαι	_	_
3.8	52	[4]	,	b	_
3.8	53	[1]	τοιάδε	_	_
3.8	54	[1]	λέγει	_	_
3.8	55	[1]	·	b	_
3.8	56	[1]	παραγράψω	_	_
3.8	57	[2]	γὰρ	_	_
3.8	58	[1]	ἅπασαν	_	_
3.8	59	[1]	τὴν	_	_
3.8	60	[1]	ῥῆσιν	_	_
3.8	61	[1]	αὐτοῦ	_	_
3.8	62	[5]	,	b	_
3.8	63	[1]	εἰ	_	_
3.8	64	[2]	καὶ	_	_
3.8	65	[1]	μακροτέρα	_	_
3.8	66	[1]	πώς	_	_
3.8	67	[1]	ἐστιν	_	_
3.8	68	[2]	.	b	_
3.8	69	[1]	ἀκούω	_	_
3.8	70	[1]	δή	_	_
3.8	71	[1]	τινας	_	_
3.8	72	[1]	λέγειν	_	_
3.8	73	[1]	παραμυθουμένους	_	_
3.8	74	[1]	πρὸς	_	_
3.8	75	[2]	τὸ	_	_
3.8	76	[1]	ἐν	_	_
3.8	77	[1]	τῇ	_	_
3.8	78	[1]	κεφαλῇ	_	_
3.8	79	[1]	εἶναι	_	_
3.8	80	[3]	τὸ	_	_
3.8	81	[1]	ἡγεμονικὸν	_	_
3.8	82	[4]	τῆς	_	_
3.8	83	[1]	ψυχῆς	_	_
3.8	84	[1]	μέρος	_	_
3.8	85	[3]	.	b	_
3.8	86	[4]	τὸ	_	_
3.8	87	[3]	γὰρ	_	_
3.8	88	[2]	τὴν	_	_
3.8	89	[1]	Ἀθηνᾶν	_	_
3.8	90	[6]	,	b	_
3.8	91	[1]	μῆτιν	_	_
3.8	92	[1]	οὖσαν	_	_
3.8	93	[3]	καὶ	_	_
3.8	94	[1]	οἷον	_	_
3.8	95	[1]	φρόνησιν	_	_
3.8	96	[7]	,	b	_
3.8	97	[1]	ἐκ	_	_
3.8	98	[5]	τῆς	_	_
3.8	99	[2]	κεφαλῆς	_	_
3.8	100	[1]	γενέσθαι	_	_
3.8	101	[2]	τοῦ	_	_
3.8	102	[2]	Διὸς	_	_
3.8	103	[1]	σύμβολόν	_	_
3.8	104	[1]	φασιν	_	_
3.8	105	[2]	εἶναι	_	_
3.8	106	[3]	τοῦ	_	_
3.8	107	[1]	ταύτῃ	_	_
3.8	108	[5]	τὸ	_	_
3.8	109	[2]	ἡγεμονικὸν	_	_
3.8	110	[3]	εἶναι	_	_
3.8	111	[2]	·	b	_
3.8	112	[1]	οὐ	_	_
3.8	113	[4]	γὰρ	_	_
3.8	114	[1]	ἄλλως	_	_
3.8	115	[1]	ἂν	_	_
3.8	116	[2]	ἐν	_	_
3.8	117	[2]	τῇ	_	_
3.8	118	[2]	κεφαλῇ	_	_
3.8	119	[2]	γενέσθαι	_	_
3.8	120	[2]	μῆτιν	_	_
3.8	121	[4]	καὶ	_	_
3.8	122	[2]	φρόνησιν	_	_
3.8	123	[8]	,	b	_
3.8	124	[2]	εἰ	_	_
3.8	125	[1]	μὴ	_	_
3.8	126	[6]	τὸ	_	_
3.8	127	[3]	ἡγεμονικὸν	_	_
3.8	128	[3]	ἐν	_	_
3.8	129	[2]	ταύτῃ	_	_
3.8	130	[1]	ἐστί	_	_
3.8	131	[3]	·	b	_
3.8	132	[1]	πιθανοῦ	_	_
3.8	133	[1]	μέν	_	_
3.8	134	[1]	τινος	_	_
3.8	135	[1]	ἐχόμενοι	_	_
3.8	136	[9]	,	b	_
3.8	137	[1]	διαμαρτάνοντες	_	_
3.8	138	[1]	δ	_	_
3.8	139	[3]	’	b	_
3.8	140	[10]	,	b	_
3.8	141	[1]	ὡς	_	_
3.8	142	[1]	ἐμοὶ	_	_
3.8	143	[1]	φαίνεται	_	_
3.8	144	[11]	,	b	_
3.8	145	[5]	καὶ	_	_
3.8	146	[1]	ἀγνοοῦντες	_	_
3.8	147	[2]	τὰ	_	_
3.8	148	[3]	περὶ	_	_
3.8	149	[1]	τούτων	_	_
3.8	150	[1]	ἱστορούμενα	_	_
3.8	151	[12]	,	b	_
3.8	152	[4]	περὶ	_	_
3.8	153	[1]	ὧν	_	_
3.8	154	[2]	οὐ	_	_
3.8	155	[1]	χεῖρόν	_	_
3.8	156	[2]	ἐστιν	_	_
3.8	157	[1]	ἐπὶ	_	_
3.8	158	[1]	πλέον	_	_
3.8	159	[1]	εἰπεῖν	_	_
3.8	160	[4]	ἐν	_	_
3.8	161	[2]	τοῖς	_	_
3.8	162	[1]	ἐνεστῶσι	_	_
3.8	163	[1]	ζητήμασι	_	_
3.8	164	[4]	.	b	_
3.8	165	[1]	φασὶ	_	_
3.8	166	[2]	δ	_	_
3.8	167	[4]	’	b	_
3.8	168	[1]	οἱ	_	_
3.8	169	[1]	μὲν	_	_
3.8	170	[1]	οὕτως	_	_
3.8	171	[1]	ἁπλῶς	_	_
3.8	172	[13]	,	b	_
3.8	173	[2]	ἐκ	_	_
3.8	174	[6]	τῆς	_	_
3.8	175	[4]	τοῦ	_	_
3.8	176	[3]	Διὸς	_	_
3.8	177	[3]	κεφαλῆς	_	_
3.8	178	[1]	αὐτὴν	_	_
3.8	179	[3]	γενέσθαι	_	_
3.8	180	[14]	,	b	_
3.8	181	[1]	οὐδὲ	_	_
3.8	182	[1]	προσιστοροῦντες	_	_
3.8	183	[7]	τὸ	_	_
3.8	184	[1]	πῶς	_	_
3.8	185	[1]	ἢ	_	_
3.8	186	[2]	κατὰ	_	_
3.8	187	[1]	τίνα	_	_
3.8	188	[2]	λόγον	_	_
3.8	189	[5]	.	b	_
3.8	190	[2]	ὁ	_	_
3.8	191	[1]	δὲ	_	_
3.8	192	[1]	Ἡσίοδος	_	_
3.8	193	[2]	ἐπὶ	_	_
3.8	194	[2]	πλέον	_	_
3.8	195	[2]	λέγει	_	_
3.8	196	[5]	ἐν	_	_
3.8	197	[1]	ταῖς	_	_
3.8	198	[1]	θεογονίαις	_	_
3.8	199	[15]	,	b	_
3.8	200	[1]	τινῶν	_	_
3.8	201	[2]	μὲν	_	_
3.8	202	[6]	ἐν	_	_
3.8	203	[3]	τῇ	_	_
3.8	204	[1]	θεογονίᾳ	_	_
3.8	205	[1]	γραφόντων	_	_
3.8	206	[3]	τὴν	_	_
3.8	207	[1]	γένεσιν	_	_
3.8	208	[1]	αὐτῆς	_	_
3.8	209	[16]	,	b	_
3.8	210	[1]	πρῶτον	_	_
3.8	211	[3]	μὲν	_	_
3.8	212	[1]	Μήτιδι	_	_
3.8	213	[1]	συγγενομένου	_	_
3.8	214	[5]	τοῦ	_	_
3.8	215	[4]	Διὸς	_	_
3.8	216	[17]	,	b	_
3.8	217	[1]	δεύτερον	_	_
3.8	218	[2]	δὲ	_	_
3.8	219	[1]	Θέμιδι	_	_
3.8	220	[18]	,	b	_
3.8	221	[2]	τινῶν	_	_
3.8	222	[3]	δὲ	_	_
3.8	223	[7]	ἐν	_	_
3.8	224	[1]	ἑτέροις	_	_
3.8	225	[2]	ἄλλως	_	_
3.8	226	[2]	γραφόντων	_	_
3.8	227	[4]	τὴν	_	_
3.8	228	[2]	γένεσιν	_	_
3.8	229	[2]	αὐτῆς	_	_
3.8	230	[19]	,	b	_
3.8	231	[2]	ὡς	_	_
3.8	232	[1]	ἄρα	_	_
3.8	233	[20]	,	b	_
3.8	234	[1]	γενομένης	_	_
3.8	235	[1]	ἔριδος	_	_
3.8	236	[1]	τῷ	_	_
3.8	237	[1]	Διῒ	_	_
3.8	238	[6]	καὶ	_	_
3.8	239	[4]	τῇ	_	_
3.8	240	[1]	Ἥρᾳ	_	_
3.8	241	[21]	,	b	_
3.8	242	[1]	γεννήσειεν	_	_
3.8	243	[1]	ἡ	_	_
3.8	244	[4]	μὲν	_	_
3.8	245	[1]	Ἥρα	_	_
3.8	246	[1]	δι	_	_
3.8	247	[5]	’	b	_
3.8	248	[1]	ἑαυτῆς	_	_
3.8	249	[3]	τὸν	_	_
3.8	250	[1]	Ἥφαιστον	_	_
3.8	251	[22]	,	b	_
3.8	252	[3]	ὁ	_	_
3.8	253	[4]	δὲ	_	_
3.8	254	[1]	Ζεὺς	_	_
3.8	255	[5]	τὴν	_	_
3.8	256	[2]	Ἀθηνᾶν	_	_
3.8	257	[3]	ἐκ	_	_
3.8	258	[7]	τῆς	_	_
3.8	259	[1]	Μήτιδος	_	_
3.8	260	[1]	καταποθείσης	_	_
3.8	261	[1]	ὑπ	_	_
3.8	262	[6]	’	b	_
3.8	263	[2]	αὐτοῦ	_	_
3.8	264	[6]	.	b	_
3.8	265	[2]	ἡ	_	_
3.8	266	[5]	μὲν	_	_
3.8	267	[5]	γὰρ	_	_
3.8	268	[1]	εἰς	_	_
3.8	269	[1]	αὐτὸν	_	_
3.8	270	[1]	κατάποσις	_	_
3.8	271	[8]	τῆς	_	_
3.8	272	[2]	Μήτιδος	_	_
3.8	273	[7]	καὶ	_	_
3.8	274	[1]	ἔνδον	_	_
3.8	275	[6]	τοῦ	_	_
3.8	276	[5]	Διὸς	_	_
3.8	277	[9]	τῆς	_	_
3.8	278	[2]	Ἀθηνᾶς	_	_
3.8	279	[1]	γένεσις	_	_
3.8	280	[1]	κατ	_	_
3.8	281	[7]	’	b	_
3.8	282	[1]	ἀμφοτέρους	_	_
3.8	283	[1]	τοὺς	_	_
3.8	284	[1]	λόγους	_	_
3.8	285	[1]	ἐστίν	_	_
3.8	286	[7]	.	b	_
3.8	287	[1]	διαφέρουσι	_	_
3.8	288	[3]	δ	_	_
3.8	289	[8]	’	b	_
3.8	290	[8]	ἐν	_	_
3.8	291	[2]	τῷ	_	_
3.8	292	[23]	,	b	_
3.8	293	[2]	πῶς	_	_
3.8	294	[1]	ταῦτα	_	_
3.8	295	[1]	συνετελέσθη	_	_
3.8	296	[24]	,	b	_
3.8	297	[2]	πρὸς	_	_
3.8	298	[4]	τὸν	_	_
3.8	299	[1]	ἐνεστῶτα	_	_
3.8	300	[3]	λόγον	_	_
3.8	301	[25]	,	b	_
3.8	302	[1]	ὅθεν	_	_
3.8	303	[3]	ὡς	_	_
3.8	304	[1]	ὄντος	_	_
3.8	305	[1]	τοιούτου	_	_
3.8	306	[8]	.	b	_
3.8	307	[8]	τὸ	_	_
3.8	308	[6]	γὰρ	_	_
3.8	309	[1]	κοινὸν	_	_
3.8	310	[9]	ἐν	_	_
3.8	311	[1]	αὐτοῖς	_	_
3.8	312	[1]	ὑπάρχον	_	_
3.8	313	[1]	μόνον	_	_
3.8	314	[1]	χρήσιμόν	_	_
3.8	315	[1]	ἐστι	_	_
3.8	316	[3]	πρὸς	_	_
3.8	317	[3]	τὰ	_	_
3.8	318	[2]	ἐνεστῶτα	_	_
3.8	319	[9]	.	b	_
3.8	320	[1]	λέγεται	_	_
3.8	321	[4]	δ	_	_
3.8	322	[9]	’	b	_
3.8	323	[10]	ἐν	_	_
3.8	324	[6]	μὲν	_	_
3.8	325	[5]	τῇ	_	_
3.8	326	[2]	θεογονίᾳ	_	_
3.8	327	[1]	οὕτω	_	_
3.8	328	[4]	·	b	_
3.8	329	[2]	Ζεὺς	_	_
3.8	330	[5]	δὲ	_	_
3.8	331	[1]	θεῶν	_	_
3.8	332	[1]	βασιλεὺς	_	_
3.8	333	[1]	πρώτην	_	_
3.8	334	[1]	ἄλοχον	_	_
3.8	335	[1]	θέτο	_	_
3.8	336	[1]	Μῆτιν	_	_
3.8	337	[26]	,	b	_
3.8	338	[1]	Πλεῖστα	_	_
3.8	339	[2]	θεῶν	_	_
3.8	340	[1]	εἰδυῖαν	_	_
3.8	341	[1]	ἰδὲ	_	_
3.8	342	[1]	θνητῶν	_	_
3.8	343	[1]	ἀνθρώπων	_	_
3.8	344	[10]	.	b	_
3.8	345	[1]	Ἀλλ	_	_
3.8	346	[10]	’	b	_
3.8	347	[1]	ὅτε	_	_
3.8	348	[2]	δή	_	_
3.8	349	[1]	ῥ	_	_
3.8	350	[11]	’	b	_
3.8	351	[1]	ἤμελλε	_	_
3.8	352	[1]	θεὰν	_	_
3.8	353	[1]	γλαυκῶπιν	_	_
3.8	354	[1]	Ἀθήνην	_	_
3.8	355	[1]	Τέξεσθαι	_	_
3.8	356	[27]	,	b	_
3.8	357	[1]	τότ	_	_
3.8	358	[12]	’	b	_
3.8	359	[1]	ἔπειτα	_	_
3.8	360	[1]	δόλῳ	_	_
3.8	361	[1]	φρένας	_	_
3.8	362	[1]	ἐξαπατήσας	_	_
3.8	363	[1]	Αἱμυλίοισι	_	_
3.8	364	[1]	λόγοισιν	_	_
3.8	365	[1]	ἑὴν	_	_
3.8	366	[1]	ἐγκάτθετο	_	_
3.8	367	[1]	νηδύν	_	_
3.8	368	[5]	·	b	_
3.8	369	[1]	Ὡς	_	_
3.8	370	[5]	δ	_	_
3.8	371	[13]	’	b	_
3.8	372	[2]	οἱ	_	_
3.8	373	[1]	συμφράσσαιτο	_	_
3.8	374	[1]	θεὰ	_	_
3.8	375	[1]	ἀγαθόν	_	_
3.8	376	[2]	τε	_	_
3.8	377	[1]	κακόν	_	_
3.8	378	[3]	τε	_	_
3.8	379	[11]	.	b	_
3.8	380	[1]	εἶτα	_	_
3.8	381	[1]	προελθών	_	_
3.8	382	[1]	φησιν	_	_
3.8	383	[2]	οὕτως	_	_
3.8	384	[6]	·	b	_
3.8	385	[1]	Αὐτὸς	_	_
3.8	386	[6]	δ	_	_
3.8	387	[14]	’	b	_
3.8	388	[4]	ἐκ	_	_
3.8	389	[4]	κεφαλῆς	_	_
3.8	390	[1]	γλαυκώπιδα	_	_
3.8	391	[1]	γείνατ	_	_
3.8	392	[15]	’	b	_
3.8	393	[2]	Ἀθήνην	_	_
3.8	394	[28]	,	b	_
3.8	395	[1]	Δεινὴν	_	_
3.8	396	[29]	,	b	_
3.8	397	[1]	ἐγρεκύδοιμον	_	_
3.8	398	[30]	,	b	_
3.8	399	[1]	ἀγέστρατον	_	_
3.8	400	[31]	,	b	_
3.8	401	[1]	ἀτρυτώνην	_	_
3.8	402	[32]	,	b	_
3.8	403	[1]	Πότνιαν	_	_
3.8	404	[33]	,	b	_
3.8	405	[1]	ᾗ	_	_
3.8	406	[1]	κέλαδοί	_	_
3.8	407	[2]	τ	_	_
3.8	408	[16]	’	b	_
3.8	409	[1]	ἄδον	_	_
3.8	410	[34]	,	b	_
3.8	411	[1]	πόλεμοί	_	_
3.8	412	[4]	τε	_	_
3.8	413	[1]	μάχαι	_	_
3.8	414	[5]	τε	_	_
3.8	415	[12]	.	b	_
3.8	416	[1]	στήθεσι	_	_
3.8	417	[7]	γὰρ	_	_
3.8	418	[2]	αὐτοῖς	_	_
3.8	419	[2]	ἔνδον	_	_
3.8	420	[1]	εὔδηλον	_	_
3.8	421	[1]	ὅτι	_	_
3.8	422	[1]	ἀπέθετο	_	_
3.8	423	[6]	τὴν	_	_
3.8	424	[2]	Μῆτιν	_	_
3.8	425	[35]	,	b	_
3.8	426	[8]	καὶ	_	_
3.8	427	[3]	οὕτως	_	_
3.8	428	[1]	φησὶν	_	_
3.8	429	[2]	αὐτὴν	_	_
3.8	430	[1]	γεννῆσαι	_	_
3.8	431	[3]	κατὰ	_	_
3.8	432	[7]	τὴν	_	_
3.8	433	[1]	κεφαλήν	_	_
3.8	434	[13]	.	b	_
3.8	435	[11]	ἐν	_	_
3.8	436	[6]	δὲ	_	_
3.8	437	[3]	τοῖς	_	_
3.8	438	[1]	μετὰ	_	_
3.8	439	[2]	ταῦτα	_	_
3.8	440	[1]	πλείω	_	_
3.8	441	[1]	διεληλυθότος	_	_
3.8	442	[3]	αὐτοῦ	_	_
3.8	443	[36]	,	b	_
3.8	444	[1]	τοιαῦτ	_	_
3.8	445	[17]	’	b	_
3.8	446	[1]	ἐστὶ	_	_
3.8	447	[4]	τὰ	_	_
3.8	448	[1]	λεγόμενα	_	_
3.8	449	[7]	·	b	_
3.8	450	[1]	Ἐκ	_	_
3.8	451	[1]	ταύτης	_	_
3.8	452	[2]	ἔριδος	_	_
3.8	453	[3]	ἡ	_	_
3.8	454	[7]	μὲν	_	_
3.8	455	[1]	τέκε	_	_
3.8	456	[1]	φαίδιμον	_	_
3.8	457	[1]	υἱὸν	_	_
3.8	458	[2]	Ἥφαιστον	_	_
3.8	459	[1]	τέχνῃσιν	_	_
3.8	460	[1]	ἄνευ	_	_
3.8	461	[6]	Διὸς	_	_
3.8	462	[1]	αἰγιόχοιο	_	_
3.8	463	[37]	,	b	_
3.8	464	[1]	Ἐν	_	_
3.8	465	[1]	πάντων	_	_
3.8	466	[1]	παλάμῃσι	_	_
3.8	467	[1]	κεκλημένον	_	_
3.8	468	[1]	οὐρανιώνων	_	_
3.8	469	[14]	.	b	_
3.8	470	[1]	Αὐτὰρ	_	_
3.8	471	[1]	ὅ	_	_
3.8	472	[1]	γ	_	_
3.8	473	[18]	’	b	_
3.8	474	[1]	Ὠκεανοῦ	_	_
3.8	475	[9]	καὶ	_	_
3.8	476	[1]	Τηθύος	_	_
3.8	477	[1]	ἠϋκόμοιο	_	_
3.8	478	[1]	Κούρῃ	_	_
3.8	479	[1]	νόσφ	_	_
3.8	480	[19]	’	b	_
3.8	481	[1]	Ἥρης	_	_
3.8	482	[1]	παρελέξατο	_	_
3.8	483	[1]	καλλιπαρῄου	_	_
3.8	484	[38]	,	b	_
3.8	485	[1]	Ἐξαπατῶν	_	_
3.8	486	[3]	Μῆτιν	_	_
3.8	487	[39]	,	b	_
3.8	488	[1]	καί	_	_
3.8	489	[1]	περ	_	_
3.8	490	[1]	πολύϊδριν	_	_
3.8	491	[1]	ἐοῦσαν	_	_
3.8	492	[15]	.	b	_
3.8	493	[1]	Συμμάρψας	_	_
3.8	494	[7]	δ	_	_
3.8	495	[20]	’	b	_
3.8	496	[1]	ὅγε	_	_
3.8	497	[1]	χερσὶν	_	_
3.8	498	[2]	ἑὴν	_	_
3.8	499	[2]	ἐγκάτθετο	_	_
3.8	500	[1]	νηδὺν	_	_
3.8	501	[40]	,	b	_
3.8	502	[1]	Δείσας	_	_
3.8	503	[41]	,	b	_
3.8	504	[2]	μὴ	_	_
3.8	505	[1]	τέξῃ	_	_
3.8	506	[1]	κρατερώτερον	_	_
3.8	507	[1]	ἄλλο	_	_
3.8	508	[1]	κεραυνοῦ	_	_
3.8	509	[16]	.	b	_
3.8	510	[1]	Τοὔνεκά	_	_
3.8	511	[1]	μιν	_	_
3.8	512	[1]	Κρονίδης	_	_
3.8	513	[1]	ὑψίζυγος	_	_
3.8	514	[1]	αἰθέρι	_	_
3.8	515	[1]	ναίων	_	_
3.8	516	[1]	Κᾄππιεν	_	_
3.8	517	[1]	ἐξαπίνης	_	_
3.8	518	[17]	.	b	_
3.8	519	[4]	ἡ	_	_
3.8	520	[8]	δ	_	_
3.8	521	[21]	’	b	_
3.8	522	[1]	αὐτίκα	_	_
3.8	523	[1]	Παλλάδ	_	_
3.8	524	[22]	’	b	_
3.8	525	[3]	Ἀθήνην	_	_
3.8	526	[1]	Κύσατο	_	_
3.8	527	[8]	·	b	_
3.8	528	[8]	τὴν	_	_
3.8	529	[8]	μὲν	_	_
3.8	530	[1]	ἔτικτε	_	_
3.8	531	[1]	πατὴρ	_	_
3.8	532	[1]	ἀνδρῶν	_	_
3.8	533	[6]	τε	_	_
3.8	534	[3]	θεῶν	_	_
3.8	535	[7]	τε	_	_
3.8	536	[1]	Πὰρ	_	_
3.8	537	[1]	κορυφὴν	_	_
3.8	538	[1]	Τρίτωνος	_	_
3.8	539	[1]	ἐπ	_	_
3.8	540	[23]	’	b	_
3.8	541	[1]	ὄχθῃσι	_	_
3.8	542	[1]	ποταμοῖο	_	_
3.8	543	[18]	.	b	_
3.8	544	[1]	Μῆτις	_	_
3.8	545	[9]	δ	_	_
3.8	546	[24]	’	b	_
3.8	547	[1]	αὖτε	_	_
3.8	548	[1]	Ζηνὸς	_	_
3.8	549	[1]	ὑπὸ	_	_
3.8	550	[1]	σπλάγχνοις	_	_
3.8	551	[1]	λελαθυῖα	_	_
3.8	552	[1]	Ἧστο	_	_
3.8	553	[1]	Ἀθηναίης	_	_
3.8	554	[1]	μήτηρ	_	_
3.8	555	[1]	τέκτῃνα	_	_
3.8	556	[1]	δικαίων	_	_
3.8	557	[42]	,	b	_
3.8	558	[2]	Πλεῖστα	_	_
3.8	559	[4]	θεῶν	_	_
3.8	560	[1]	εἰδυῖα	_	_
3.8	561	[1]	καταθνητῶν	_	_
3.8	562	[3]	τ	_	_
3.8	563	[25]	’	b	_
3.8	564	[2]	ἀνθρώπων	_	_
3.8	565	[19]	.	b	_
3.8	566	[1]	Ἔνθα	_	_
3.8	567	[2]	θεὰ	_	_
3.8	568	[1]	παρέλεκτο	_	_
3.8	569	[1]	Θέμις	_	_
3.8	570	[1]	παλάμαις	_	_
3.8	571	[43]	,	b	_
3.8	572	[5]	περὶ	_	_
3.8	573	[2]	πάντων	_	_
3.8	574	[1]	Ἀθανάτων	_	_
3.8	575	[1]	ἐκέκαστο	_	_
3.8	576	[1]	Ὀλύμπια	_	_
3.8	577	[1]	δώματ	_	_
3.8	578	[26]	’	b	_
3.8	579	[1]	ἐχόντων	_	_
3.8	580	[20]	.	b	_
3.8	581	[1]	Αἰγίδα	_	_
3.8	582	[1]	ποιήσασα	_	_
3.8	583	[1]	φοβέστρατον	_	_
3.8	584	[1]	ἐντὸς	_	_
3.8	585	[1]	Ἀθήνῃ	_	_
3.8	586	[44]	,	b	_
3.8	587	[1]	Σὺν	_	_
3.8	588	[6]	τῇ	_	_
3.8	589	[1]	ἐγείνατό	_	_
3.8	590	[2]	μιν	_	_
3.8	591	[1]	πολεμήϊα	_	_
3.8	592	[1]	τεύχε	_	_
3.8	593	[27]	’	b	_
3.8	594	[1]	ἔχουσαν	_	_
3.8	595	[21]	.	b	_
3.8	596	[3]	ταῦτα	_	_
3.8	597	[1]	προειπὼν	_	_
3.8	598	[4]	ὁ	_	_
3.8	599	[2]	Χρύσιππος	_	_
3.8	600	[2]	ἑξῆς	_	_
3.8	601	[3]	αὐτοῖς	_	_
3.8	602	[1]	συνάπτων	_	_
3.8	603	[1]	τάδε	_	_
3.8	604	[1]	γράφει	_	_
3.8	605	[22]	.	b	_
3.8	606	[5]	τὰ	_	_
3.8	607	[9]	μὲν	_	_
3.8	608	[1]	οὖν	_	_
3.8	609	[6]	περὶ	_	_
3.8	610	[10]	τῆς	_	_
3.8	611	[3]	Ἀθηνᾶς	_	_
3.8	612	[2]	λεγόμενα	_	_
3.8	613	[1]	τοιαῦτά	_	_
3.8	614	[3]	ἐστιν	_	_
3.8	615	[45]	,	b	_
3.8	616	[1]	ἄλλου	_	_
3.8	617	[1]	τινὸς	_	_
3.8	618	[1]	συμβόλου	_	_
3.8	619	[1]	ποιοῦντ	_	_
3.8	620	[28]	’	b	_
3.8	621	[1]	ἔμφασιν	_	_
3.8	622	[23]	.	b	_
3.8	623	[2]	πρῶτον	_	_
3.8	624	[10]	μὲν	_	_
3.8	625	[8]	γὰρ	_	_
3.8	626	[5]	ἡ	_	_
3.8	627	[2]	Μῆτις	_	_
3.8	628	[2]	λέγεται	_	_
3.8	629	[1]	ὡσανεί	_	_
3.8	630	[1]	τις	_	_
3.8	631	[1]	φρόνησις	_	_
3.8	632	[10]	καὶ	_	_
3.8	633	[7]	περὶ	_	_
3.8	634	[1]	τῶν	_	_
3.8	635	[4]	κατὰ	_	_
3.8	636	[5]	τὸν	_	_
3.8	637	[1]	βίον	_	_
3.8	638	[1]	τέχνη	_	_
3.8	639	[46]	,	b	_
3.8	640	[2]	ᾗ	_	_
3.8	641	[1]	τὰς	_	_
3.8	642	[1]	τέχνας	_	_
3.8	643	[1]	δεῖ	_	_
3.8	644	[1]	καταπίνεσθαι	_	_
3.8	645	[11]	καὶ	_	_
3.8	646	[1]	ἐναποτίθεσθαι	_	_
3.8	647	[47]	,	b	_
3.8	648	[1]	καθ	_	_
3.8	649	[29]	’	b	_
3.8	650	[1]	ὃν	_	_
3.8	651	[4]	λόγον	_	_
3.8	652	[12]	καὶ	_	_
3.8	653	[6]	τὰ	_	_
3.8	654	[1]	λεγόμενά	_	_
3.8	655	[2]	τινας	_	_
3.8	656	[1]	καταπίνειν	_	_
3.8	657	[1]	φαμέν	_	_
3.8	658	[24]	.	b	_
3.8	659	[1]	διὰ	_	_
3.8	660	[7]	δὲ	_	_
3.8	661	[9]	τὴν	_	_
3.8	662	[1]	κατάποσιν	_	_
3.8	663	[1]	συνηκολουθηκότως	_	_
3.8	664	[3]	λέγεται	_	_
3.8	665	[48]	,	b	_
3.8	666	[13]	καὶ	_	_
3.8	667	[2]	εἰς	_	_
3.8	668	[10]	τὴν	_	_
3.8	669	[1]	κοιλίαν	_	_
3.8	670	[1]	ἀποτίθεσθαι	_	_
3.8	671	[1]	αὐτά	_	_
3.8	672	[25]	.	b	_
3.8	673	[2]	μετὰ	_	_
3.8	674	[4]	ταῦτα	_	_
3.8	675	[11]	τὴν	_	_
3.8	676	[1]	καταποθεῖσαν	_	_
3.8	677	[1]	τοιαύτην	_	_
3.8	678	[1]	τέχνην	_	_
3.8	679	[1]	τίκτειν	_	_
3.8	680	[30]	’	b	_
3.8	681	[1]	εὔλογον	_	_
3.8	682	[12]	ἐν	_	_
3.8	683	[1]	αὐτῷ	_	_
3.8	684	[1]	παραπλησίαν	_	_
3.8	685	[11]	τῆς	_	_
3.8	686	[1]	τικτούσης	_	_
3.8	687	[1]	μητρός	_	_
3.8	688	[9]	·	b	_
3.8	689	[1]	πρός	_	_
3.8	690	[8]	τε	_	_
3.8	691	[1]	τούτοις	_	_
3.8	692	[7]	τὰ	_	_
3.8	693	[2]	ὑπὸ	_	_
3.8	694	[2]	τῶν	_	_
3.8	695	[1]	ἐπιστημονικῶν	_	_
3.8	696	[1]	τικτόμενα	_	_
3.8	697	[13]	ἐν	_	_
3.8	698	[4]	αὐτοῖς	_	_
3.8	699	[26]	.	b	_
3.8	700	[3]	πῶς	_	_
3.8	701	[10]	δ	_	_
3.8	702	[31]	’	b	_
3.8	703	[2]	ἂν	_	_
3.8	704	[1]	ἐκπορεύοιτο	_	_
3.8	705	[49]	,	b	_
3.8	706	[14]	καὶ	_	_
3.8	707	[2]	διὰ	_	_
3.8	708	[1]	τίνος	_	_
3.8	709	[1]	μάλιστα	_	_
3.8	710	[50]	,	b	_
3.8	711	[1]	πάρεστι	_	_
3.8	712	[1]	σκοπεῖν	_	_
3.8	713	[27]	.	b	_
3.8	714	[1]	φανερὸν	_	_
3.8	715	[9]	γὰρ	_	_
3.8	716	[51]	,	b	_
3.8	717	[2]	ὅτι	_	_
3.8	718	[1]	λόγῳ	_	_
3.8	719	[1]	ἐκφέρεται	_	_
3.8	720	[3]	διὰ	_	_
3.8	721	[7]	τοῦ	_	_
3.8	722	[1]	στόματος	_	_
3.8	723	[5]	κατὰ	_	_
3.8	724	[12]	τὴν	_	_
3.8	725	[1]	κεφαλὴν	_	_
3.8	726	[1]	ἐξ	_	_
3.8	727	[1]	ἴσου	_	_
3.8	728	[52]	,	b	_
3.8	729	[4]	οὕτως	_	_
3.8	730	[12]	τῆς	_	_
3.8	731	[5]	κεφαλῆς	_	_
3.8	732	[1]	λεγομένης	_	_
3.8	733	[53]	,	b	_
3.8	734	[2]	ὃν	_	_
3.8	735	[1]	τρόπον	_	_
3.8	736	[1]	προβάτου	_	_
3.8	737	[1]	κεφαλὴ	_	_
3.8	738	[4]	λέγεται	_	_
3.8	739	[54]	,	b	_
3.8	740	[15]	καὶ	_	_
3.8	741	[2]	τὰς	_	_
3.8	742	[1]	κεφαλὰς	_	_
3.8	743	[1]	ἀφαιροῦσί	_	_
3.8	744	[1]	τινων	_	_
3.8	745	[55]	,	b	_
3.8	746	[2]	καθ	_	_
3.8	747	[32]	’	b	_
3.8	748	[3]	ὃν	_	_
3.8	749	[5]	λόγον	_	_
3.8	750	[1]	παραγινόμενον	_	_
3.8	751	[16]	καὶ	_	_
3.8	752	[5]	ἐκ	_	_
3.8	753	[13]	τῆς	_	_
3.8	754	[1]	κορυφῆς	_	_
3.8	755	[5]	λέγεται	_	_
3.8	756	[4]	γενέσθαι	_	_
3.8	757	[3]	τῶν	_	_
3.8	758	[1]	τοιούτων	_	_
3.8	759	[1]	παραλλαγῶν	_	_
3.8	760	[6]	κατὰ	_	_
3.8	761	[1]	σύμβολον	_	_
3.8	762	[1]	γινομένων	_	_
3.8	763	[1]	πλειόνων	_	_
3.8	764	[56]	,	b	_
3.8	765	[17]	καὶ	_	_
3.8	766	[1]	χωρὶς	_	_
3.8	767	[8]	δὲ	_	_
3.8	768	[14]	τῆς	_	_
3.8	769	[1]	ἱστορίας	_	_
3.8	770	[2]	ταύτης	_	_
3.8	771	[1]	ἀπ	_	_
3.8	772	[33]	’	b	_
3.8	773	[4]	αὐτοῦ	_	_
3.8	774	[2]	μόνον	_	_
3.8	775	[8]	τοῦ	_	_
3.8	776	[5]	γενέσθαι	_	_
3.8	777	[1]	ταύτην	_	_
3.8	778	[7]	κατὰ	_	_
3.8	779	[13]	τὴν	_	_
3.8	780	[2]	κεφαλὴν	_	_
3.8	781	[57]	,	b	_
3.8	782	[8]	τὰ	_	_
3.8	783	[1]	παραπλήσιά	_	_
3.8	784	[2]	τις	_	_
3.8	785	[1]	λέγοι	_	_
3.8	786	[10]	·	b	_
3.8	787	[3]	οὐ	_	_
3.8	788	[10]	γὰρ	_	_
3.8	789	[14]	ἐν	_	_
3.8	790	[7]	τῇ	_	_
3.8	791	[3]	κεφαλῇ	_	_
3.8	792	[2]	φησιν	_	_
3.8	793	[3]	αὐτὴν	_	_
3.8	794	[6]	γενέσθαι	_	_
3.8	795	[58]	,	b	_
3.8	796	[3]	εἰ	_	_
3.8	797	[1]	μή	_	_
3.8	798	[1]	τινες	_	_
3.8	799	[1]	διαστρέφοντες	_	_
3.8	800	[2]	ἢ	_	_
3.8	801	[1]	παραλλάττοντες	_	_
3.8	802	[6]	τὸν	_	_
3.8	803	[6]	λόγον	_	_
3.8	804	[1]	ἐξελθεῖν	_	_
3.8	805	[3]	ταύτῃ	_	_
3.8	806	[59]	,	b	_
3.8	807	[1]	γινομένην	_	_
3.8	808	[11]	δ	_	_
3.8	809	[34]	’	b	_
3.8	810	[3]	ἄλλως	_	_
3.8	811	[1]	ἔροιντο	_	_
3.8	812	[11]	·	b	_
3.8	813	[1]	ὥστε	_	_
3.8	814	[1]	μᾶλλον	_	_
3.8	815	[18]	καὶ	_	_
3.8	816	[2]	τοῦτο	_	_
3.8	817	[2]	σύμβολον	_	_
3.8	818	[4]	πρὸς	_	_
3.8	819	[7]	τὸν	_	_
3.8	820	[1]	ἕτερον	_	_
3.8	821	[4]	εἶναι	_	_
3.8	822	[60]	,	b	_
3.8	823	[4]	ὡς	_	_
3.8	824	[1]	ἔφην	_	_
3.8	825	[28]	.	b	_
3.8	826	[9]	τὰ	_	_
3.8	827	[11]	γὰρ	_	_
3.8	828	[15]	ἐν	_	_
3.8	829	[5]	αὐτοῖς	_	_
3.8	830	[1]	γινόμενα	_	_
3.8	831	[1]	τεχνικὰ	_	_
3.8	832	[8]	κατὰ	_	_
3.8	833	[14]	τὴν	_	_
3.8	834	[3]	κεφαλὴν	_	_
3.8	835	[1]	ἐξιόντα	_	_
3.8	836	[2]	μάλιστα	_	_
3.8	837	[1]	ἀποσημαίνει	_	_
3.8	838	[8]	τὸν	_	_
3.8	839	[1]	προειρημένον	_	_
3.8	840	[7]	λόγον	_	_
3.8	841	[29]	.	b	_
3.8	842	[1]	αὕτη	_	_
3.8	843	[11]	μὲν	_	_
3.8	844	[6]	ἡ	_	_
3.8	845	[9]	τοῦ	_	_
3.8	846	[1]	Χρυσίππου	_	_
3.8	847	[1]	ῥῆσις	_	_
3.8	848	[30]	.	b	_
3.8	849	[1]	ἐπεὶ	_	_
3.8	850	[12]	δ	_	_
3.8	851	[35]	’	b	_
3.8	852	[2]	ἐστὶ	_	_
3.8	853	[1]	πάνυ	_	_
3.8	854	[1]	μακρὰ	_	_
3.8	855	[61]	,	b	_
3.8	856	[19]	καὶ	_	_
3.8	857	[4]	διὰ	_	_
3.8	858	[1]	τοῦτ	_	_
3.8	859	[36]	’	b	_
3.8	860	[1]	ἴσως	_	_
3.8	861	[1]	τινὲς	_	_
3.8	862	[1]	οὐκ	_	_
3.8	863	[1]	ἀκριβῶς	_	_
3.8	864	[3]	αὐτῆς	_	_
3.8	865	[1]	ἅπαντα	_	_
3.8	866	[9]	τὸν	_	_
3.8	867	[1]	νοῦν	_	_
3.8	868	[1]	καταμανθάνουσιν	_	_
3.8	869	[62]	,	b	_
3.8	870	[1]	ἐγὼ	_	_
3.8	871	[1]	πειράσομαι	_	_
3.8	872	[5]	διὰ	_	_
3.8	873	[1]	βραχέων	_	_
3.8	874	[2]	εἰπεῖν	_	_
3.8	875	[63]	,	b	_
3.8	876	[1]	ἃ	_	_
3.8	877	[1]	βούλεται	_	_
3.8	878	[1]	δηλοῦν	_	_
3.8	879	[31]	.	b	_
3.8	880	[4]	οὐ	_	_
3.8	881	[1]	μάχεταί	_	_
3.8	882	[1]	μοι	_	_
3.8	883	[64]	,	b	_
3.8	884	[2]	φησὶν	_	_
3.8	885	[65]	,	b	_
3.8	886	[5]	ὁ	_	_
3.8	887	[1]	μῦθος	_	_
3.8	888	[1]	λέγων	_	_
3.8	889	[66]	,	b	_
3.8	890	[6]	ἐκ	_	_
3.8	891	[15]	τῆς	_	_
3.8	892	[7]	Διὸς	_	_
3.8	893	[6]	κεφαλῆς	_	_
3.8	894	[1]	γεγεννῆσθαι	_	_
3.8	895	[15]	τὴν	_	_
3.8	896	[3]	Ἀθηνᾶν	_	_
3.8	897	[67]	,	b	_
3.8	898	[3]	φρόνησιν	_	_
3.8	899	[1]	ὑπάρχουσαν	_	_
3.8	900	[32]	.	b	_
3.8	901	[5]	οὐ	_	_
3.8	902	[12]	γὰρ	_	_
3.8	903	[1]	αὐτὸ	_	_
3.8	904	[3]	τοῦτο	_	_
3.8	905	[3]	μόνον	_	_
3.8	906	[1]	εἴρηται	_	_
3.8	907	[2]	κατ	_	_
3.8	908	[37]	’	b	_
3.8	909	[2]	αὐτὸν	_	_
3.8	910	[68]	,	b	_
3.8	911	[1]	ἀλλ	_	_
3.8	912	[38]	’	b	_
3.8	913	[3]	ὅτι	_	_
3.8	914	[1]	καταπιὼν	_	_
3.8	915	[16]	τὴν	_	_
3.8	916	[4]	Μῆτιν	_	_
3.8	917	[6]	ὁ	_	_
3.8	918	[3]	Ζεὺς	_	_
3.8	919	[69]	,	b	_
3.8	920	[20]	καὶ	_	_
3.8	921	[1]	ὥσπερ	_	_
3.8	922	[1]	ἐγκύμων	_	_
3.8	923	[2]	ἐξ	_	_
3.8	924	[4]	αὐτῆς	_	_
3.8	925	[1]	γενόμενος	_	_
3.8	926	[70]	,	b	_
3.8	927	[17]	τὴν	_	_
3.8	928	[1]	γεννηθεῖσαν	_	_
3.8	929	[16]	ἐν	_	_
3.8	930	[1]	αὑτῷ	_	_
3.8	931	[1]	κόρην	_	_
3.8	932	[1]	ἀπεκύησε	_	_
3.8	933	[6]	διὰ	_	_
3.8	934	[16]	τῆς	_	_
3.8	935	[7]	κεφαλῆς	_	_
3.8	936	[33]	.	b	_
3.8	937	[1]	εἰρῆσθαι	_	_
3.8	938	[13]	δ	_	_
3.8	939	[39]	’	b	_
3.8	940	[2]	οὕτω	_	_
3.8	941	[1]	φησὶ	_	_
3.8	942	[10]	τὰ	_	_
3.8	943	[9]	κατὰ	_	_
3.8	944	[10]	τὸν	_	_
3.8	945	[2]	μῦθον	_	_
3.8	946	[71]	,	b	_
3.8	947	[2]	ἐπειδὴ	_	_
3.8	948	[3]	τὰς	_	_
3.8	949	[2]	τέχνας	_	_
3.8	950	[1]	ἁπάσας	_	_
3.8	951	[17]	ἐν	_	_
3.8	952	[8]	τῇ	_	_
3.8	953	[1]	καρδίᾳ	_	_
3.8	954	[1]	συνισταμένας	_	_
3.8	955	[7]	διὰ	_	_
3.8	956	[11]	τὸν	_	_
3.8	957	[8]	λόγον	_	_
3.8	958	[3]	εἰς	_	_
3.8	959	[9]	τὸ	_	_
3.8	960	[2]	φανερὸν	_	_
3.8	961	[1]	ἐκφερόμενοί	_	_
3.8	962	[2]	τινες	_	_
3.8	963	[1]	λόγοι	_	_
3.8	964	[8]	διὰ	_	_
3.8	965	[17]	τῆς	_	_
3.8	966	[8]	κεφαλῆς	_	_
3.8	967	[1]	ἐξίασιν	_	_
3.8	968	[34]	.	b	_
3.8	969	[1]	ἔστι	_	_
3.8	970	[13]	γὰρ	_	_
3.8	971	[21]	καὶ	_	_
3.8	972	[10]	τὸ	_	_
3.8	973	[1]	στόμα	_	_
3.8	974	[18]	τῆς	_	_
3.8	975	[9]	κεφαλῆς	_	_
3.8	976	[1]	μόριον	_	_
3.8	977	[35]	.	b	_
3.8	978	[6]	οὐ	_	_
3.8	979	[14]	γὰρ	_	_
3.8	980	[11]	τὸ	_	_
3.8	981	[1]	τετριχωμένον	_	_
3.8	982	[4]	μόνον	_	_
3.8	983	[72]	,	b	_
3.8	984	[1]	ἀλλὰ	_	_
3.8	985	[22]	καὶ	_	_
3.8	986	[12]	τὸ	_	_
3.8	987	[3]	μετὰ	_	_
3.8	988	[12]	τὸν	_	_
3.8	989	[1]	τράχηλον	_	_
3.8	990	[1]	ἄνωθεν	_	_
3.8	991	[1]	ἅπαν	_	_
3.8	992	[1]	ὀνομάζεσθαι	_	_
3.8	993	[4]	κεφαλὴν	_	_
3.8	994	[73]	,	b	_
3.8	995	[3]	καθ	_	_
3.8	996	[40]	’	b	_
3.8	997	[1]	ὃ	_	_
3.8	998	[1]	σημαινόμενον	_	_
3.8	999	[1]	ἀποτμηθῆναί	_	_
3.8	1000	[2]	τινος	_	_
3.8	1001	[1]	λέγομεν	_	_
3.8	1002	[18]	τὴν	_	_
3.8	1003	[2]	κεφαλήν	_	_
3.8	1004	[36]	.	b	_
3.8	1005	[4]	εἰ	_	_
3.8	1006	[9]	δὲ	_	_
3.8	1007	[3]	μὴ	_	_
3.8	1008	[9]	διὰ	_	_
3.8	1009	[10]	τοῦ	_	_
3.8	1010	[2]	στόματος	_	_
3.8	1011	[11]	τοῦ	_	_
3.8	1012	[8]	Διὸς	_	_
3.8	1013	[74]	,	b	_
3.8	1014	[2]	ἀλλ	_	_
3.8	1015	[41]	’	b	_
3.8	1016	[7]	ἐκ	_	_
3.8	1017	[19]	τῆς	_	_
3.8	1018	[2]	κορυφῆς	_	_
3.8	1019	[1]	ἐμυθολόγησεν	_	_
3.8	1020	[1]	ἐξεληλυθέναι	_	_
3.8	1021	[19]	τὴν	_	_
3.8	1022	[4]	Ἀθηνᾶν	_	_
3.8	1023	[75]	,	b	_
3.8	1024	[1]	οὐδὲν	_	_
3.8	1025	[1]	ἄτοπον	_	_
3.8	1026	[1]	εἶναί	_	_
3.8	1027	[1]	φησι	_	_
3.8	1028	[76]	,	b	_
3.8	1029	[2]	τοιούτων	_	_
3.8	1030	[2]	παραλλαγῶν	_	_
3.8	1031	[10]	κατὰ	_	_
3.8	1032	[3]	σύμβολον	_	_
3.8	1033	[2]	γινομένων	_	_
3.8	1034	[2]	πλειόνων	_	_
3.8	1035	[37]	.	b	_
3.8	1036	[18]	ἐν	_	_
3.8	1037	[2]	τούτοις	_	_
3.8	1038	[4]	τοῖς	_	_
3.8	1039	[1]	λόγοις	_	_
3.8	1040	[7]	ὁ	_	_
3.8	1041	[3]	Χρύσιππος	_	_
3.8	1042	[11]	τὰ	_	_
3.8	1043	[12]	μὲν	_	_
3.8	1044	[2]	ἄλλα	_	_
3.8	1045	[1]	πι	_	_
3.8	1046	[1]	θανῶς	_	_
3.8	1047	[9]	τε	_	_
3.8	1048	[1]	ἅμα	_	_
3.8	1049	[23]	καὶ	_	_
3.8	1050	[1]	εὐμηχάνως	_	_
3.8	1051	[1]	ἐξηγεῖται	_	_
3.8	1052	[12]	τοῦ	_	_
3.8	1053	[1]	μύθου	_	_
3.8	1054	[77]	,	b	_
3.8	1055	[1]	προσαρμόττων	_	_
3.8	1056	[3]	αὐτὸν	_	_
3.8	1057	[3]	τῷ	_	_
3.8	1058	[1]	Στωϊκῷ	_	_
3.8	1059	[1]	δόγματι	_	_
3.8	1060	[12]	·	b	_
3.8	1061	[13]	τὸ	_	_
3.8	1062	[10]	δὲ	_	_
3.8	1063	[1]	συνέχον	_	_
3.8	1064	[10]	τε	_	_
3.8	1065	[24]	καὶ	_	_
3.8	1066	[1]	κυριώτατον	_	_
3.8	1067	[13]	τοῦ	_	_
3.8	1068	[1]	λόγου	_	_
3.8	1069	[1]	παντὸς	_	_
3.8	1070	[78]	,	b	_
3.8	1071	[1]	ὑπὲρ	_	_
3.8	1072	[1]	οὗ	_	_
3.8	1073	[1]	δίκαιον	_	_
3.8	1074	[1]	ἦν	_	_
3.8	1075	[1]	ἀγωνίσασθαι	_	_
3.8	1076	[79]	,	b	_
3.8	1077	[3]	μάλιστα	_	_
3.8	1078	[10]	διὰ	_	_
3.8	1079	[1]	ταχέων	_	_
3.8	1080	[1]	παρέδραμεν	_	_
3.8	1081	[80]	,	b	_
3.8	1082	[5]	ὡς	_	_
3.8	1083	[1]	κᾀν	_	_
3.8	1084	[5]	τοῖς	_	_
3.8	1085	[1]	πρόσθεν	_	_
3.8	1086	[1]	ἐποίησεν	_	_
3.8	1087	[1]	ἐξηγούμενος	_	_
3.8	1088	[81]	,	b	_
3.8	1089	[1]	ὅπερ	_	_
3.8	1090	[3]	οἱ	_	_
3.8	1091	[1]	πολλοὶ	_	_
3.8	1092	[1]	λέγουσι	_	_
3.8	1093	[82]	,	b	_
3.8	1094	[2]	τοὺς	_	_
3.8	1095	[13]	μὲν	_	_
3.8	1096	[2]	οὐκ	_	_
3.8	1097	[1]	ἔχειν	_	_
3.8	1098	[83]	,	b	_
3.8	1099	[3]	τοὺς	_	_
3.8	1100	[14]	δ	_	_
3.8	1101	[42]	’	b	_
3.8	1102	[2]	ἔχειν	_	_
3.8	1103	[1]	ἐγκέφαλον	_	_
3.8	1104	[38]	.	b	_
3.8	1105	[6]	ὡς	_	_
3.8	1106	[15]	γὰρ	_	_
3.8	1107	[19]	ἐν	_	_
3.8	1108	[1]	ἐκείνοις	_	_
3.8	1109	[2]	αὐτὸ	_	_
3.8	1110	[14]	τὸ	_	_
3.8	1111	[1]	ζητούμενον	_	_
3.8	1112	[1]	τάχιστα	_	_
3.8	1113	[1]	παρῆλθεν	_	_
3.8	1114	[84]	,	b	_
3.8	1115	[20]	ἐν	_	_
3.8	1116	[6]	τοῖς	_	_
3.8	1117	[1]	ἔξωθεν	_	_
3.8	1118	[5]	αὐτοῦ	_	_
3.8	1119	[1]	μηκύνας	_	_
3.8	1120	[3]	ἐπὶ	_	_
3.8	1121	[1]	πλεῖστον	_	_
3.8	1122	[85]	,	b	_
3.8	1123	[3]	οὕτω	_	_
3.8	1124	[1]	κᾀνταῦθα	_	_
3.8	1125	[15]	τὸ	_	_
3.8	1126	[2]	συνέχον	_	_
3.8	1127	[3]	αὐτὸ	_	_
3.8	1128	[14]	τοῦ	_	_
3.8	1129	[2]	λόγου	_	_
3.8	1130	[11]	διὰ	_	_
3.8	1131	[2]	ταχέων	_	_
3.8	1132	[2]	παρέδραμεν	_	_
3.8	1133	[1]	ἀρκεσθεὶς	_	_
3.8	1134	[3]	εἰπεῖν	_	_
3.8	1135	[86]	,	b	_
3.8	1136	[12]	διὰ	_	_
3.8	1137	[2]	τοῦτ	_	_
3.8	1138	[43]	’	b	_
3.8	1139	[8]	ἐκ	_	_
3.8	1140	[20]	τῆς	_	_
3.8	1141	[3]	κορυφῆς	_	_
3.8	1142	[2]	γεγεννῆσθαι	_	_
3.8	1143	[20]	τὴν	_	_
3.8	1144	[5]	Ἀθηνᾶν	_	_
3.8	1145	[87]	,	b	_
3.8	1146	[3]	οὐκ	_	_
3.8	1147	[9]	ἐκ	_	_
3.8	1148	[15]	τοῦ	_	_
3.8	1149	[3]	στόματος	_	_
3.8	1150	[88]	,	b	_
3.8	1151	[3]	τοιούτων	_	_
3.8	1152	[3]	παραλλαγῶν	_	_
3.8	1153	[11]	κατὰ	_	_
3.8	1154	[4]	σύμβολον	_	_
3.8	1155	[3]	γινομένων	_	_
3.8	1156	[3]	πλειόνων	_	_
3.8	1157	[39]	.	b	_
3.8	1158	[1]	ἐχρῆν	_	_
3.8	1159	[16]	γὰρ	_	_
3.8	1160	[4]	αὐτὸν	_	_
3.8	1161	[3]	ἢ	_	_
3.8	1162	[1]	μηδ	_	_
3.8	1163	[44]	’	b	_
3.8	1164	[1]	ὅλως	_	_
3.8	1165	[1]	ἧφθαι	_	_
3.8	1166	[16]	τοῦ	_	_
3.8	1167	[2]	μύθου	_	_
3.8	1168	[89]	,	b	_
3.8	1169	[1]	μηδέν	_	_
3.8	1170	[2]	γ	_	_
3.8	1171	[45]	’	b	_
3.8	1172	[1]	ἀναγκαῖον	_	_
3.8	1173	[1]	ἔχοντος	_	_
3.8	1174	[1]	ἀνδρὶ	_	_
3.8	1175	[1]	φιλοσόφῳ	_	_
3.8	1176	[5]	πρὸς	_	_
3.8	1177	[1]	ἀπόδειξιν	_	_
3.8	1178	[1]	δόγματος	_	_
3.8	1179	[90]	,	b	_
3.8	1180	[4]	ἢ	_	_
3.8	1181	[1]	ἁπτόμενον	_	_
3.8	1182	[91]	,	b	_
3.8	1183	[2]	ὅπερ	_	_
3.8	1184	[2]	ἦν	_	_
3.8	1185	[4]	μάλιστα	_	_
3.8	1186	[21]	τὴν	_	_
3.8	1187	[1]	ἀντιλογίαν	_	_
3.8	1188	[3]	συνέχον	_	_
3.8	1189	[92]	,	b	_
3.8	1190	[2]	ἀκριβῶς	_	_
3.8	1191	[2]	ἅπασαν	_	_
3.8	1192	[2]	ἐξελθεῖν	_	_
3.8	1193	[93]	,	b	_
3.8	1194	[25]	καὶ	_	_
3.8	1195	[5]	εἰ	_	_
3.8	1196	[4]	πλειόνων	_	_
3.8	1197	[1]	ἔχρῃζε	_	_
3.8	1198	[1]	λόγων	_	_
3.8	1199	[94]	,	b	_
3.8	1200	[4]	οὐκ	_	_
3.8	1201	[1]	ὀκνήσαντα	_	_
3.8	1202	[4]	τοὺς	_	_
3.8	1203	[1]	πολλοὺς	_	_
3.8	1204	[1]	προσγράψαι	_	_
3.8	1205	[40]	.	b	_
3.8	1206	[1]	βουλόμενος	_	_
3.8	1207	[15]	δ	_	_
3.8	1208	[46]	’	b	_
3.8	1209	[1]	ἄν	_	_
3.8	1210	[3]	τις	_	_
3.8	1211	[95]	,	b	_
3.8	1212	[1]	οἶμαι	_	_
3.8	1213	[96]	,	b	_
3.8	1214	[26]	καὶ	_	_
3.8	1215	[5]	τοὺς	_	_
3.8	1216	[1]	τοιούτους	_	_
3.8	1217	[1]	ἑτέρως	_	_
3.8	1218	[1]	ἐξηγεῖσθαι	_	_
3.8	1219	[97]	,	b	_
3.8	1220	[1]	πολλὰς	_	_
3.8	1221	[1]	ἐπιχειρημάτων	_	_
3.8	1222	[1]	ἀφορμὰς	_	_
3.8	1223	[10]	ἐκ	_	_
3.8	1224	[4]	τῶν	_	_
3.8	1225	[12]	κατὰ	_	_
3.8	1226	[4]	τὰς	_	_
3.8	1227	[1]	ἀνατομὰς	_	_
3.8	1228	[1]	φαινομένων	_	_
3.8	1229	[1]	δύναιτο	_	_
3.8	1230	[1]	λαμβάνειν	_	_
3.8	1231	[98]	,	b	_
3.8	1232	[2]	ὑπὲρ	_	_
3.8	1233	[2]	ὧν	_	_
3.8	1234	[4]	ἐπὶ	_	_
3.8	1235	[3]	πλέον	_	_
3.8	1236	[14]	μὲν	_	_
3.8	1237	[21]	ἐν	_	_
3.8	1238	[7]	τοῖς	_	_
3.8	1239	[3]	ἑξῆς	_	_
3.8	1240	[2]	ἀναγκαῖον	_	_
3.8	1241	[1]	ἔσται	_	_
3.8	1242	[1]	διελθεῖν	_	_
3.8	1243	[99]	,	b	_
3.8	1244	[1]	ἐπειδὰν	_	_
3.8	1245	[8]	περὶ	_	_
3.8	1246	[17]	τοῦ	_	_
3.8	1247	[1]	ψυχικοῦ	_	_
3.8	1248	[1]	πνεύματος	_	_
3.8	1249	[8]	ὁ	_	_
3.8	1250	[1]	λόγος	_	_
3.8	1251	[1]	ἡμῖν	_	_
3.8	1252	[1]	γίνηται	_	_
3.8	1253	[100]	,	b	_
3.8	1254	[13]	διὰ	_	_
3.8	1255	[2]	βραχέων	_	_
3.8	1256	[16]	δ	_	_
3.8	1257	[47]	’	b	_
3.8	1258	[3]	ἂν	_	_
3.8	1259	[27]	καὶ	_	_
3.8	1260	[1]	νῦν	_	_
3.8	1261	[1]	αὐτὰ	_	_
3.8	1262	[5]	μόνον	_	_
3.8	1263	[1]	εἴποιμι	_	_
3.8	1264	[12]	τὰ	_	_
3.8	1265	[1]	κεφάλαια	_	_
3.8	1266	[5]	τῶν	_	_
3.8	1267	[1]	μελλόντων	_	_
3.8	1268	[1]	ἀποδειχθήσεσθαι	_	_
3.8	1269	[41]	.	b	_
3.8	1270	[2]	ὥσπερ	_	_
3.8	1271	[17]	γὰρ	_	_
3.8	1272	[4]	αὐτὸ	_	_
3.8	1273	[16]	τὸ	_	_
3.8	1274	[1]	σῶμα	_	_
3.8	1275	[21]	τῆς	_	_
3.8	1276	[1]	καρδίας	_	_
3.8	1277	[3]	ἐξ	_	_
3.8	1278	[2]	ἑαυτοῦ	_	_
3.8	1279	[1]	διαστελλόμενόν	_	_
3.8	1280	[11]	τε	_	_
3.8	1281	[28]	καὶ	_	_
3.8	1282	[1]	συστελλόμενον	_	_
3.8	1283	[22]	ἐν	_	_
3.8	1284	[1]	μέρει	_	_
3.8	1285	[5]	τὰς	_	_
3.8	1286	[1]	ὕλας	_	_
3.8	1287	[12]	τε	_	_
3.8	1288	[1]	ἕλκει	_	_
3.8	1289	[29]	καὶ	_	_
3.8	1290	[1]	αὖθις	_	_
3.8	1291	[1]	ἐκπέμπει	_	_
3.8	1292	[101]	,	b	_
3.8	1293	[13]	κατὰ	_	_
3.8	1294	[13]	τὸν	_	_
3.8	1295	[5]	αὐτὸν	_	_
3.8	1296	[2]	τρόπον	_	_
3.8	1297	[9]	ὁ	_	_
3.8	1298	[1]	ἐγκέφαλος	_	_
3.8	1299	[102]	,	b	_
3.8	1300	[2]	ἐπειδὰν	_	_
3.8	1301	[1]	προέληται	_	_
3.8	1302	[18]	τοῦ	_	_
3.8	1303	[1]	περιεχομένου	_	_
3.8	1304	[14]	κατὰ	_	_
3.8	1305	[6]	τὰς	_	_
3.8	1306	[3]	ἑαυτοῦ	_	_
3.8	1307	[1]	κοιλίας	_	_
3.8	1308	[2]	πνεύματος	_	_
3.8	1309	[103]	,	b	_
3.8	1310	[2]	ὃ	_	_
3.8	1311	[1]	δὴ	_	_
3.8	1312	[30]	καὶ	_	_
3.8	1313	[1]	ψυχικὸν	_	_
3.8	1314	[1]	ὀνομάζομεν	_	_
3.8	1315	[104]	,	b	_
3.8	1316	[1]	ἐπιπέμψαι	_	_
3.8	1317	[1]	τινὶ	_	_
3.8	1318	[1]	μορίῳ	_	_
3.8	1319	[105]	,	b	_
3.8	1320	[22]	τὴν	_	_
3.8	1321	[4]	εἰς	_	_
3.8	1322	[3]	τοῦτ	_	_
3.8	1323	[48]	’	b	_
3.8	1324	[1]	ἐπιτήδειον	_	_
3.8	1325	[1]	κίνησιν	_	_
3.8	1326	[1]	κινηθεὶς	_	_
3.8	1327	[5]	οὕτως	_	_
3.8	1328	[1]	ἐπιπέμπει	_	_
3.8	1329	[42]	.	b	_
3.8	1330	[2]	γένεσις	_	_
3.8	1331	[11]	δὲ	_	_
3.8	1332	[4]	τῷ	_	_
3.8	1333	[1]	πνεύματι	_	_
3.8	1334	[1]	τῷδε	_	_
3.8	1335	[5]	τῷ	_	_
3.8	1336	[15]	κατὰ	_	_
3.8	1337	[7]	τὰς	_	_
3.8	1338	[2]	κοιλίας	_	_
3.8	1339	[6]	αὐτοῦ	_	_
3.8	1340	[1]	τάχα	_	_
3.8	1341	[2]	μέν	_	_
3.8	1342	[4]	τις	_	_
3.8	1343	[1]	ὀλίγη	_	_
3.8	1344	[31]	καὶ	_	_
3.8	1345	[11]	ἐκ	_	_
3.8	1346	[6]	τῶν	_	_
3.8	1347	[5]	εἰς	_	_
3.8	1348	[1]	αὐτὰς	_	_
3.8	1349	[1]	περαινομένων	_	_
3.8	1350	[1]	γίγνεται	_	_
3.8	1351	[1]	φλεβῶν	_	_
3.8	1352	[106]	,	b	_
3.8	1353	[23]	τὴν	_	_
3.8	1354	[1]	πλείστην	_	_
3.8	1355	[12]	δὲ	_	_
3.8	1356	[32]	καὶ	_	_
3.8	1357	[1]	κυριωτάτην	_	_
3.8	1358	[1]	αἱ	_	_
3.8	1359	[16]	κατὰ	_	_
3.8	1360	[17]	τὸ	_	_
3.8	1361	[1]	δικτυοειδὲς	_	_
3.8	1362	[1]	πλέγμα	_	_
3.8	1363	[18]	τὸ	_	_
3.8	1364	[17]	κατὰ	_	_
3.8	1365	[24]	τὴν	_	_
3.8	1366	[19]	τοῦ	_	_
3.8	1367	[1]	ἐγκεφάλου	_	_
3.8	1368	[1]	βάσιν	_	_
3.8	1369	[1]	ἀρτηρίαι	_	_
3.8	1370	[1]	χορηγοῦσιν	_	_
3.8	1371	[107]	,	b	_
3.8	1372	[1]	αἵτινες	_	_
3.8	1373	[2]	ἀπὸ	_	_
3.8	1374	[22]	τῆς	_	_
3.8	1375	[2]	καρδίας	_	_
3.8	1376	[1]	ἀναφέρονται	_	_
3.8	1377	[43]	.	b	_
3.8	1378	[1]	ὥστ	_	_
3.8	1379	[49]	’	b	_
3.8	1380	[108]	,	b	_
3.8	1381	[1]	εἴ	_	_
3.8	1382	[5]	τις	_	_
3.8	1383	[1]	βούλοιτο	_	_
3.8	1384	[8]	τοῖς	_	_
3.8	1385	[1]	ἀληθέσι	_	_
3.8	1386	[1]	συνάπτειν	_	_
3.8	1387	[14]	τὸν	_	_
3.8	1388	[3]	μῦθον	_	_
3.8	1389	[109]	,	b	_
3.8	1390	[23]	ἐν	_	_
3.8	1391	[9]	τοῖς	_	_
3.8	1392	[1]	κάτω	_	_
3.8	1393	[1]	μέρεσι	_	_
3.8	1394	[1]	κυηθεῖσαν	_	_
3.8	1395	[25]	τὴν	_	_
3.8	1396	[4]	φρόνησιν	_	_
3.8	1397	[110]	,	b	_
3.8	1398	[4]	τοῦτ	_	_
3.8	1399	[50]	’	b	_
3.8	1400	[2]	ἔστι	_	_
3.8	1401	[19]	τὸ	_	_
3.8	1402	[1]	πνεῦμα	_	_
3.8	1403	[20]	τὸ	_	_
3.8	1404	[2]	ψυχικὸν	_	_
3.8	1405	[111]	,	b	_
3.8	1406	[24]	ἐν	_	_
3.8	1407	[9]	τῇ	_	_
3.8	1408	[4]	κεφαλῇ	_	_
3.8	1409	[1]	φασι	_	_
3.8	1410	[1]	τελειοῦσθαι	_	_
3.8	1411	[112]	,	b	_
3.8	1412	[33]	καὶ	_	_
3.8	1413	[1]	μάλιστά	_	_
3.8	1414	[1]	γε	_	_
3.8	1415	[18]	κατὰ	_	_
3.8	1416	[26]	τὴν	_	_
3.8	1417	[2]	κορυφὴν	_	_
3.8	1418	[113]	,	b	_
3.8	1419	[4]	ὅτι	_	_
3.8	1420	[19]	κατὰ	_	_
3.8	1421	[2]	ταύτην	_	_
3.8	1422	[1]	ἐστὶν	_	_
3.8	1423	[7]	ἡ	_	_
3.8	1424	[1]	μέση	_	_
3.8	1425	[34]	καὶ	_	_
3.8	1426	[1]	κυριωτάτη	_	_
3.8	1427	[7]	τῶν	_	_
3.8	1428	[2]	ἐγκεφάλου	_	_
3.8	1429	[1]	κοιλιῶν	_	_
3.8	1430	[44]	.	b	_
3.8	1431	[2]	ἐγὼ	_	_
3.8	1432	[15]	μὲν	_	_
3.8	1433	[2]	οὖν	_	_
3.8	1434	[114]	,	b	_
3.8	1435	[3]	ὥσπερ	_	_
3.8	1436	[10]	ὁ	_	_
3.8	1437	[1]	Πλάτων	_	_
3.8	1438	[1]	αὐτὸς	_	_
3.8	1439	[1]	εἶπε	_	_
3.8	1440	[115]	,	b	_
3.8	1441	[13]	τὰ	_	_
3.8	1442	[1]	τοιαῦτα	_	_
3.8	1443	[1]	πάντα	_	_
3.8	1444	[1]	μυθολογήματα	_	_
3.8	1445	[4]	ἄλλως	_	_
3.8	1446	[16]	μὲν	_	_
3.8	1447	[1]	χαρίεντα	_	_
3.8	1448	[1]	ἡγοῦμαι	_	_
3.8	1449	[116]	,	b	_
3.8	1450	[1]	λίαν	_	_
3.8	1451	[13]	δὲ	_	_
3.8	1452	[1]	δεινοῦ	_	_
3.8	1453	[35]	καὶ	_	_
3.8	1454	[1]	ἐπιπόνου	_	_
3.8	1455	[36]	καὶ	_	_
3.8	1456	[7]	οὐ	_	_
3.8	1457	[2]	πάνυ	_	_
3.8	1458	[1]	εὐτυχοῦς	_	_
3.8	1459	[1]	ἀνδρὸς	_	_
3.8	1460	[117]	,	b	_
3.8	1461	[3]	κατ	_	_
3.8	1462	[51]	’	b	_
3.8	1463	[2]	ἄλλο	_	_
3.8	1464	[17]	μὲν	_	_
3.8	1465	[2]	οὐδὲν	_	_
3.8	1466	[118]	,	b	_
3.8	1467	[5]	ὅτι	_	_
3.8	1468	[17]	δ	_	_
3.8	1469	[52]	’	b	_
3.8	1470	[2]	αὐτῷ	_	_
3.8	1471	[1]	ἀνάγκη	_	_
3.8	1472	[4]	μετὰ	_	_
3.8	1473	[4]	τοῦτο	_	_
3.8	1474	[21]	τὸ	_	_
3.8	1475	[8]	τῶν	_	_
3.8	1476	[1]	Ἱπποκενταύρων	_	_
3.8	1477	[1]	εἶδος	_	_
3.8	1478	[1]	ἐπανορθοῦσθαι	_	_
3.8	1479	[119]	,	b	_
3.8	1480	[37]	καὶ	_	_
3.8	1481	[2]	αὖθις	_	_
3.8	1482	[22]	τὸ	_	_
3.8	1483	[23]	τῆς	_	_
3.8	1484	[1]	Χιμαίρας	_	_
3.8	1485	[120]	,	b	_
3.8	1486	[38]	καὶ	_	_
3.8	1487	[1]	ἐπιῤῥεῖ	_	_
3.8	1488	[14]	δὲ	_	_
3.8	1489	[1]	ὄχλος	_	_
3.8	1490	[4]	τοιούτων	_	_
3.8	1491	[1]	Γοργόνων	_	_
3.8	1492	[39]	καὶ	_	_
3.8	1493	[1]	Πηγάσων	_	_
3.8	1494	[121]	,	b	_
3.8	1495	[40]	καὶ	_	_
3.8	1496	[1]	ἄλλων	_	_
3.8	1497	[1]	ἀμηχάνων	_	_
3.8	1498	[1]	πλήθη	_	_
3.8	1499	[13]	τε	_	_
3.8	1500	[41]	καὶ	_	_
3.8	1501	[1]	ἀτοπώτερα	_	_
3.8	1502	[2]	λόγων	_	_
3.8	1503	[3]	τινῶν	_	_
3.8	1504	[1]	φύσεων	_	_
3.8	1505	[122]	,	b	_
3.8	1506	[1]	αἷς	_	_
3.8	1507	[2]	εἴ	_	_
3.8	1508	[6]	τις	_	_
3.8	1509	[1]	ἀπιστῶν	_	_
3.8	1510	[1]	προσβιβᾷ	_	_
3.8	1511	[20]	κατὰ	_	_
3.8	1512	[23]	τὸ	_	_
3.8	1513	[1]	εἰκὸς	_	_
3.8	1514	[1]	ἕκαστον	_	_
3.8	1515	[123]	,	b	_
3.8	1516	[1]	ἅτε	_	_
3.8	1517	[1]	ἀγροίκῳ	_	_
3.8	1518	[2]	τινὶ	_	_
3.8	1519	[1]	σοφίᾳ	_	_
3.8	1520	[1]	χρώμενος	_	_
3.8	1521	[124]	,	b	_
3.8	1522	[1]	πολλῆς	_	_
3.8	1523	[3]	αὐτῷ	_	_
3.8	1524	[1]	σχολῆς	_	_
3.8	1525	[1]	δεήσει	_	_
3.8	1526	[45]	.	b	_
3.8	1527	[3]	ταύτην	_	_
3.8	1528	[27]	τὴν	_	_
3.8	1529	[2]	ῥῆσιν	_	_
3.8	1530	[2]	ἐχρῆν	_	_
3.8	1531	[1]	ἀνεγνωκότα	_	_
3.8	1532	[15]	τὸν	_	_
3.8	1533	[1]	Χρύσιππον	_	_
3.8	1534	[1]	ἀποκεχωρηκέναι	_	_
3.8	1535	[9]	τῶν	_	_
3.8	1536	[1]	μύθων	_	_
3.8	1537	[125]	,	b	_
3.8	1538	[42]	καὶ	_	_
3.8	1539	[4]	μὴ	_	_
3.8	1540	[1]	κατατρίβειν	_	_
3.8	1541	[16]	τὸν	_	_
3.8	1542	[1]	χρόνον	_	_
3.8	1543	[1]	ἐξηγούμενον	_	_
3.8	1544	[1]	αὐτῶν	_	_
3.8	1545	[8]	τὰς	_	_
3.8	1546	[1]	ὑπονοίας	_	_
3.8	1547	[46]	.	b	_
3.8	1548	[4]	ἂν	_	_
3.8	1549	[18]	γὰρ	_	_
3.8	1550	[1]	ἅπαξ	_	_
3.8	1551	[6]	εἰς	_	_
3.8	1552	[5]	τοῦτ	_	_
3.8	1553	[53]	’	b	_
3.8	1554	[1]	ἀφίκηταί	_	_
3.8	1555	[7]	τις	_	_
3.8	1556	[126]	,	b	_
3.8	1557	[1]	ἀνάριθμον	_	_
3.8	1558	[1]	πλῆθος	_	_
3.8	1559	[2]	ἐπιῤῥεῖ	_	_
3.8	1560	[1]	μυθολογημάτων	_	_
3.8	1561	[127]	,	b	_
3.8	1562	[1]	ὥσθ	_	_
3.8	1563	[54]	’	b	_
3.8	1564	[1]	ὅλον	_	_
3.8	1565	[1]	ἀπολέσει	_	_
3.8	1566	[17]	τὸν	_	_
3.8	1567	[2]	βίον	_	_
3.8	1568	[128]	,	b	_
3.8	1569	[3]	εἴ	_	_
3.8	1570	[8]	τις	_	_
3.8	1571	[1]	ἐπεξέρχοιτο	_	_
3.8	1572	[2]	πάντα	_	_
3.8	1573	[47]	.	b	_
3.8	1574	[1]	ἄμεινον	_	_
3.8	1575	[18]	δ	_	_
3.8	1576	[55]	’	b	_
3.8	1577	[3]	ἦν	_	_
3.8	1578	[129]	,	b	_
3.8	1579	[2]	οἶμαι	_	_
3.8	1580	[130]	,	b	_
3.8	1581	[18]	τὸν	_	_
3.8	1582	[1]	ἀληθείας	_	_
3.8	1583	[1]	ὄντως	_	_
3.8	1584	[1]	ἐφιέμενον	_	_
3.8	1585	[1]	ἄνδρα	_	_
3.8	1586	[131]	,	b	_
3.8	1587	[5]	μὴ	_	_
3.8	1588	[1]	τί	_	_
3.8	1589	[1]	λέγουσιν	_	_
3.8	1590	[4]	οἱ	_	_
3.8	1591	[1]	ποιηταὶ	_	_
3.8	1592	[2]	σκοπεῖν	_	_
3.8	1593	[132]	,	b	_
3.8	1594	[2]	ἀλλὰ	_	_
3.8	1595	[10]	τῶν	_	_
3.8	1596	[2]	ἐπιστημονικῶν	_	_
3.8	1597	[1]	λημμάτων	_	_
3.8	1598	[133]	,	b	_
3.8	1599	[3]	ὑπὲρ	_	_
3.8	1600	[3]	ὧν	_	_
3.8	1601	[25]	ἐν	_	_
3.8	1602	[6]	τῷ	_	_
3.8	1603	[1]	δευτέρῳ	_	_
3.8	1604	[1]	γράμματι	_	_
3.8	1605	[2]	διῆλθον	_	_
3.8	1606	[134]	,	b	_
3.8	1607	[1]	ἐκμαθόντα	_	_
3.8	1608	[28]	τὴν	_	_
3.8	1609	[24]	τῆς	_	_
3.8	1610	[1]	εὑρέσεως	_	_
3.8	1611	[1]	ὁδὸν	_	_
3.8	1612	[135]	,	b	_
3.8	1613	[1]	ἐφεξῆς	_	_
3.8	1614	[18]	μὲν	_	_
3.8	1615	[1]	ἀσκῆσαί	_	_
3.8	1616	[14]	τε	_	_
3.8	1617	[43]	καὶ	_	_
3.8	1618	[1]	γεγυμνάσθαι	_	_
3.8	1619	[21]	κατὰ	_	_
3.8	1620	[4]	ταύτην	_	_
3.8	1621	[136]	,	b	_
3.8	1622	[1]	ὅταν	_	_
3.8	1623	[19]	δ	_	_
3.8	1624	[56]	’	b	_
3.8	1625	[1]	ἱκανῶς	_	_
3.8	1626	[1]	ἴδῃ	_	_
3.8	1627	[14]	τὰ	_	_
3.8	1628	[22]	κατὰ	_	_
3.8	1629	[29]	τὴν	_	_
3.8	1630	[1]	ἄσκησιν	_	_
3.8	1631	[4]	αὐτῷ	_	_
3.8	1632	[1]	προήκειν	_	_
3.8	1633	[137]	,	b	_
3.8	1634	[1]	τηνικαῦτα	_	_
3.8	1635	[1]	ἀφικόμενον	_	_
3.8	1636	[1]	ἐφ	_	_
3.8	1637	[57]	’	b	_
3.8	1638	[2]	ἕκαστον	_	_
3.8	1639	[11]	τῶν	_	_
3.8	1640	[1]	προβλημάτων	_	_
3.8	1641	[1]	ἐπισκέπτεσθαι	_	_
3.8	1642	[9]	περὶ	_	_
3.8	1643	[12]	τῶν	_	_
3.8	1644	[7]	εἰς	_	_
3.8	1645	[9]	τὰς	_	_
3.8	1646	[1]	ἀποδείξεις	_	_
3.8	1647	[7]	αὐτοῦ	_	_
3.8	1648	[2]	λημμάτων	_	_
3.8	1649	[138]	,	b	_
3.8	1650	[2]	τίνα	_	_
3.8	1651	[19]	μὲν	_	_
3.8	1652	[4]	ἐξ	_	_
3.8	1653	[1]	αἰσθήσεως	_	_
3.8	1654	[1]	ἁπλῆς	_	_
3.8	1655	[139]	,	b	_
3.8	1656	[3]	τίνα	_	_
3.8	1657	[20]	δ	_	_
3.8	1658	[58]	’	b	_
3.8	1659	[5]	ἐξ	_	_
3.8	1660	[1]	ἐμπειρίας	_	_
3.8	1661	[140]	,	b	_
3.8	1662	[1]	ἤτοι	_	_
3.8	1663	[25]	τῆς	_	_
3.8	1664	[23]	κατὰ	_	_
3.8	1665	[19]	τὸν	_	_
3.8	1666	[3]	βίον	_	_
3.8	1667	[141]	,	b	_
3.8	1668	[5]	ἢ	_	_
3.8	1669	[26]	τῆς	_	_
3.8	1670	[24]	κατὰ	_	_
3.8	1671	[10]	τὰς	_	_
3.8	1672	[3]	τέχνας	_	_
3.8	1673	[142]	,	b	_
3.8	1674	[4]	τίνα	_	_
3.8	1675	[15]	δὲ	_	_
3.8	1676	[12]	ἐκ	_	_
3.8	1677	[13]	τῶν	_	_
3.8	1678	[6]	πρὸς	_	_
3.8	1679	[1]	νόησιν	_	_
3.8	1680	[1]	ἐναργῶν	_	_
3.8	1681	[1]	χρὴ	_	_
3.8	1682	[1]	λαβόντα	_	_
3.8	1683	[1]	περαίνειν	_	_
3.8	1684	[6]	ἐξ	_	_
3.8	1685	[2]	αὐτῶν	_	_
3.8	1686	[1]	ἤδη	_	_
3.8	1687	[24]	τὸ	_	_
3.8	1688	[1]	προκείμενον	_	_
3.8	1689	[48]	.	b	_
3.8	1690	[6]	εἰ	_	_
3.8	1691	[5]	ταύτην	_	_
3.8	1692	[30]	τὴν	_	_
3.8	1693	[2]	ὁδὸν	_	_
3.8	1694	[11]	ὁ	_	_
3.8	1695	[4]	Χρύσιππος	_	_
3.8	1696	[1]	ἐτράπετο	_	_
3.8	1697	[143]	,	b	_
3.8	1698	[1]	παρελθὼν	_	_
3.8	1699	[31]	τὴν	_	_
3.8	1700	[25]	κατὰ	_	_
3.8	1701	[6]	τοὺς	_	_
3.8	1702	[1]	μύθους	_	_
3.8	1703	[15]	τε	_	_
3.8	1704	[44]	καὶ	_	_
3.8	1705	[11]	τὰς	_	_
3.8	1706	[1]	ἐτυμολογίας	_	_
3.8	1707	[144]	,	b	_
3.8	1708	[1]	ἀνανεύσεις	_	_
3.8	1709	[16]	τε	_	_
3.8	1710	[45]	καὶ	_	_
3.8	1711	[1]	κατανεύσεις	_	_
3.8	1712	[10]	κεφαλῆς	_	_
3.8	1713	[145]	,	b	_
3.8	1714	[46]	καὶ	_	_
3.8	1715	[1]	χειρῶν	_	_
3.8	1716	[1]	κινήσεις	_	_
3.8	1717	[146]	,	b	_
3.8	1718	[47]	καὶ	_	_
3.8	1719	[1]	χειλῶν	_	_
3.8	1720	[1]	σχήματα	_	_
3.8	1721	[147]	,	b	_
3.8	1722	[48]	καὶ	_	_
3.8	1723	[1]	ποιητῶν	_	_
3.8	1724	[1]	μαρτυρίας	_	_
3.8	1725	[2]	ἅμα	_	_
3.8	1726	[1]	γυναιξὶ	_	_
3.8	1727	[49]	καὶ	_	_
3.8	1728	[10]	τοῖς	_	_
3.8	1729	[1]	ἄλλοις	_	_
3.8	1730	[1]	ἰδιώταις	_	_
3.8	1731	[148]	,	b	_
3.8	1732	[2]	αὐτὸς	_	_
3.8	1733	[5]	ἂν	_	_
3.8	1734	[1]	εὕρισκε	_	_
3.8	1735	[1]	τἀληθὲς	_	_
3.8	1736	[149]	,	b	_
3.8	1737	[1]	ἡμῶν	_	_
3.8	1738	[17]	τε	_	_
3.8	1739	[20]	τὸν	_	_
3.8	1740	[2]	χρόνον	_	_
3.8	1741	[5]	οὐκ	_	_
3.8	1742	[6]	ἂν	_	_
3.8	1743	[1]	ἀπώλλυεν	_	_
3.8	1744	[150]	,	b	_
3.8	1745	[1]	ἐπιδεικνύντων	_	_
3.8	1746	[5]	αὐτῷ	_	_
3.8	1747	[1]	μηδὲ	_	_
3.8	1748	[26]	ἐν	_	_
3.8	1749	[1]	οἷς	_	_
3.8	1750	[1]	ἐπικαλεῖται	_	_
3.8	1751	[1]	μάρτυσι	_	_
3.8	1752	[151]	,	b	_
3.8	1753	[2]	μηδὲ	_	_
3.8	1754	[27]	ἐν	_	_
3.8	1755	[3]	τούτοις	_	_
3.8	1756	[1]	τι	_	_
3.8	1757	[4]	πλέον	_	_
3.8	1758	[1]	ἔχοντι	_	_
3.8	1759	[49]	.	b	_
3.8	1760	[50]	καὶ	_	_
3.8	1761	[19]	γὰρ	_	_
3.8	1762	[5]	οἱ	_	_
3.8	1763	[2]	ποιηταὶ	_	_
3.8	1764	[15]	τὰ	_	_
3.8	1765	[2]	πλείω	_	_
3.8	1766	[26]	κατὰ	_	_
3.8	1767	[14]	τῶν	_	_
3.8	1768	[1]	δογμάτων	_	_
3.8	1769	[8]	αὐτοῦ	_	_
3.8	1770	[2]	λέγουσι	_	_
3.8	1771	[152]	,	b	_
3.8	1772	[51]	καὶ	_	_
3.8	1773	[6]	οἱ	_	_
3.8	1774	[1]	μῦθοι	_	_
3.8	1775	[153]	,	b	_
3.8	1776	[52]	καὶ	_	_
3.8	1777	[7]	οἱ	_	_
3.8	1778	[1]	ἰδιῶται	_	_
3.8	1779	[154]	,	b	_
3.8	1780	[53]	καὶ	_	_
3.8	1781	[15]	τῶν	_	_
3.8	1782	[2]	ἄλλων	_	_
3.8	1783	[1]	ἕκαστος	_	_
3.8	1784	[155]	,	b	_
3.8	1785	[1]	οὓς	_	_
3.8	1786	[7]	ὡς	_	_
3.8	1787	[1]	ἑαυτῷ	_	_
3.8	1788	[1]	μαρτυροῦντας	_	_
3.8	1789	[28]	ἐν	_	_
3.8	1790	[7]	τῷ	_	_
3.8	1791	[1]	προτέρῳ	_	_
3.8	1792	[10]	περὶ	_	_
3.8	1793	[2]	ψυχῆς	_	_
3.8	1794	[1]	ἔγραψε	_	_
3.8	1795	[50]	.	b	_
3.8	1796	[2]	ταῦτ	_	_
3.8	1797	[59]	’	b	_
3.8	1798	[2]	ἐστὶν	_	_
3.8	1799	[156]	,	b	_
3.8	1800	[2]	ἃ	_	_
3.8	1801	[1]	παρελελοίπειν	_	_
3.8	1802	[3]	ἐγὼ	_	_
3.8	1803	[27]	κατὰ	_	_
3.8	1804	[25]	τὸ	_	_
3.8	1805	[1]	πρὸ	_	_
3.8	1806	[1]	τούτου	_	_
3.8	1807	[2]	βιβλίον	_	_
3.8	1808	[4]	ὧν	_	_
3.8	1809	[1]	εἰρήκει	_	_
3.8	1810	[5]	Χρύσιππος	_	_
3.8	1811	[29]	ἐν	_	_
3.8	1812	[8]	τῷ	_	_
3.8	1813	[11]	περὶ	_	_
3.8	1814	[20]	τοῦ	_	_
3.8	1815	[27]	τῆς	_	_
3.8	1816	[3]	ψυχῆς	_	_
3.8	1817	[1]	ἡγεμονικοῦ	_	_
3.8	1818	[2]	λόγῳ	_	_
3.8	1819	[157]	,	b	_
3.8	1820	[1]	νομίζων	_	_
3.8	1821	[158]	,	b	_
3.8	1822	[7]	εἰ	_	_
3.8	1823	[1]	κᾀκεῖνος	_	_
3.8	1824	[6]	οὐκ	_	_
3.8	1825	[1]	ᾐδέσθη	_	_
3.8	1826	[1]	πλεονάζειν	_	_
3.8	1827	[30]	ἐν	_	_
3.8	1828	[6]	αὐτοῖς	_	_
3.8	1829	[159]	,	b	_
3.8	1830	[2]	ἐμοὶ	_	_
3.8	1831	[1]	γοῦν	_	_
3.8	1832	[1]	προσήκειν	_	_
3.8	1833	[1]	ἀποχωρῆσαι	_	_
3.8	1834	[28]	τῆς	_	_
3.8	1835	[1]	τοιαύτης	_	_
3.8	1836	[1]	ἀδολεσχίας	_	_
3.8	1837	[51]	.	b	_
3.8	1838	[2]	ἐπεὶ	_	_
3.8	1839	[21]	δ	_	_
3.8	1840	[60]	’	b	_
3.8	1841	[160]	,	b	_
3.8	1842	[8]	ὡς	_	_
3.8	1843	[2]	ἔφην	_	_
3.8	1844	[161]	,	b	_
3.8	1845	[2]	ἔδοξε	_	_
3.8	1846	[16]	τῶν	_	_
3.8	1847	[1]	ἑταίρων	_	_
3.8	1848	[1]	τισὶ	_	_
3.8	1849	[3]	ὑπὸ	_	_
3.8	1850	[1]	φιλοτιμίας	_	_
3.8	1851	[1]	κινηθεῖσιν	_	_
3.8	1852	[1]	ἐπιμνησθῆναί	_	_
3.8	1853	[1]	με	_	_
3.8	1854	[54]	καὶ	_	_
3.8	1855	[17]	τῶν	_	_
3.8	1856	[5]	τοιούτων	_	_
3.8	1857	[3]	λόγων	_	_
3.8	1858	[162]	,	b	_
3.8	1859	[2]	ἐκείνοις	_	_
3.8	1860	[1]	χαριζόμενος	_	_
3.8	1861	[1]	ἔγραψα	_	_
3.8	1862	[55]	καὶ	_	_
3.8	1863	[1]	τουτὶ	_	_
3.8	1864	[26]	τὸ	_	_
3.8	1865	[3]	βιβλίον	_	_
3.8	1866	[163]	,	b	_
3.8	1867	[1]	ὅσον	_	_
3.8	1868	[1]	οἷόν	_	_
3.8	1869	[4]	τ	_	_
3.8	1870	[61]	’	b	_
3.8	1871	[3]	οὖν	_	_
3.8	1872	[3]	ἐμοὶ	_	_
3.8	1873	[5]	μετὰ	_	_
3.8	1874	[21]	τοῦ	_	_
3.8	1875	[14]	διὰ	_	_
3.8	1876	[3]	ταχέων	_	_
3.8	1877	[1]	παρέρχεσθαι	_	_
3.8	1878	[16]	τὰ	_	_
3.8	1879	[1]	περιττῶς	_	_
3.8	1880	[4]	ὑπὸ	_	_
3.8	1881	[22]	τοῦ	_	_
3.8	1882	[2]	Χρυσίππου	_	_
3.8	1883	[1]	γεγραμμένα	_	_
3.8	1884	[164]	,	b	_
3.8	1885	[56]	καὶ	_	_
3.8	1886	[18]	τῶν	_	_
3.8	1887	[1]	χρησίμων	_	_
3.8	1888	[10]	τῇ	_	_
3.8	1889	[1]	προκειμένῃ	_	_
3.8	1890	[1]	πραγματείᾳ	_	_
3.8	1891	[1]	προτιθεὶς	_	_
3.8	1892	[7]	οὐκ	_	_
3.8	1893	[1]	ὀλίγα	_	_
3.8	1894	[52]	.	b	_
4.1	1	[1]	ΓΑΛΗΝΟΥ	_	_
4.1	2	[1]	ΠΕΡΙ	_	_
4.1	3	[1]	ΤΩΝ	_	_
4.1	4	[1]	ΚΑΘ	_	_
4.1	5	[1]	’	b	_
4.1	6	[1]	ΙΠΠΟΚΡΑΤΗΝ	_	_
4.1	7	[1]	ΚΑΙ	_	_
4.1	8	[1]	ΠΛΑΤΩΝΑ	_	_
4.1	9	[1]	ΔΟΓΜΑΤΩΝ	_	_
4.1	10	[1]	ΒΙΒΛΙΟΝ	_	_
4.1	11	[1]	ΤΕΤΑΡΤΟΝ	_	_
4.1	12	[1]	.	b	_
4.1	13	[1]	Τῶν	_	_
4.1	14	[1]	μὲν	_	_
4.1	15	[1]	λόγων	_	_
4.1	16	[1]	τοῦ	_	_
4.1	17	[1]	μήκους	_	_
4.1	18	[1]	οὐχ	_	_
4.1	19	[1]	ἡμᾶς	_	_
4.1	20	[1]	αἰτιατέον	_	_
4.1	21	[1]	,	b	_
4.1	22	[1]	ἀλλὰ	_	_
4.1	23	[1]	τοὺς	_	_
4.1	24	[1]	ἐμπλήσαντας	_	_
4.1	25	[1]	ἃ	_	_
4.1	26	[1]	συνέγραψαν	_	_
4.1	27	[1]	βιβλία	_	_
4.1	28	[1]	μοχθηρῶν	_	_
4.1	29	[1]	ἐπιχειρημάτων	_	_
4.1	30	[2]	.	b	_
4.1	31	[1]	ἅπερ	_	_
4.1	32	[1]	εἰ	_	_
4.1	33	[1]	μέν	_	_
4.1	34	[1]	τις	_	_
4.1	35	[1]	ἅπαντα	_	_
4.1	36	[1]	παρέρχοιτο	_	_
4.1	37	[2]	,	b	_
4.1	38	[1]	τάχ	_	_
4.1	39	[2]	’	b	_
4.1	40	[1]	ἂν	_	_
4.1	41	[1]	ὑποπτευθείη	_	_
4.1	42	[1]	τῷ	_	_
4.1	43	[1]	μὴ	_	_
4.1	44	[1]	δύνασθαι	_	_
4.1	45	[1]	λύειν	_	_
4.1	46	[1]	αὐτὰ	_	_
4.1	47	[1]	μᾶλλον	_	_
4.1	48	[3]	,	b	_
4.1	49	[1]	οὐ	_	_
4.1	50	[2]	τῷ	_	_
4.1	51	[1]	καταφρονεῖν	_	_
4.1	52	[4]	,	b	_
4.1	53	[1]	αἱρεῖσθαι	_	_
4.1	54	[1]	τὴν	_	_
4.1	55	[1]	βραχυλογίαν	_	_
4.1	56	[1]	·	b	_
4.1	57	[2]	εἰ	_	_
4.1	58	[1]	δ	_	_
4.1	59	[3]	’	b	_
4.1	60	[1]	ἀκολουθῶν	_	_
4.1	61	[1]	ἐξελέγχοι	_	_
4.1	62	[1]	πάντα	_	_
4.1	63	[5]	,	b	_
4.1	64	[1]	κίνδυνος	_	_
4.1	65	[1]	εἰς	_	_
4.1	66	[1]	τοσαύτην	_	_
4.1	67	[1]	ἐμπεσεῖν	_	_
4.1	68	[1]	μακρολογίαν	_	_
4.1	69	[6]	,	b	_
4.1	70	[1]	ὡς	_	_
4.1	71	[1]	μηδέποτε	_	_
4.1	72	[1]	κεφαλὴν	_	_
4.1	73	[1]	ἐπιθεῖναι	_	_
4.1	74	[1]	τῇδε	_	_
4.1	75	[1]	τῇ	_	_
4.1	76	[1]	πραγματείᾳ	_	_
4.1	77	[3]	.	b	_
4.1	78	[1]	ταῦτά	_	_
4.1	79	[1]	τοι	_	_
4.1	80	[1]	κᾀγὼ	_	_
4.1	81	[1]	βουληθεὶς	_	_
4.1	82	[1]	ἑκάτερον	_	_
4.1	83	[1]	τῶν	_	_
4.1	84	[1]	ἐγκλημάτων	_	_
4.1	85	[1]	ἐκφυγεῖν	_	_
4.1	86	[7]	,	b	_
4.1	87	[1]	εὑρηκέναι	_	_
4.1	88	[1]	μοι	_	_
4.1	89	[1]	δοκῶ	_	_
4.1	90	[1]	μέσην	_	_
4.1	91	[1]	τινὰ	_	_
4.1	92	[1]	καὶ	_	_
4.1	93	[1]	σύμμετρον	_	_
4.1	94	[1]	ὁδὸν	_	_
4.1	95	[8]	,	b	_
4.1	96	[1]	ἴσον	_	_
4.1	97	[1]	ἀφεστῶσαν	_	_
4.1	98	[1]	ἐλλιποῦς	_	_
4.1	99	[1]	τε	_	_
4.1	100	[1]	βραχυλογίας	_	_
4.1	101	[2]	καὶ	_	_
4.1	102	[1]	περιττῆς	_	_
4.1	103	[1]	μακρολογίας	_	_
4.1	104	[4]	.	b	_
4.1	105	[1]	ἐάσας	_	_
4.1	106	[1]	γὰρ	_	_
4.1	107	[1]	ἅπαντας	_	_
4.1	108	[2]	τοὺς	_	_
4.1	109	[1]	ἄλλους	_	_
4.1	110	[1]	Στωϊκοὺς	_	_
4.1	111	[9]	,	b	_
4.1	112	[1]	ὅσα	_	_
4.1	113	[1]	Χρύσιππος	_	_
4.1	114	[1]	ἔγραψεν	_	_
4.1	115	[2]	εἰς	_	_
4.1	116	[1]	τὸ	_	_
4.1	117	[1]	περὶ	_	_
4.1	118	[2]	τῶν	_	_
4.1	119	[1]	διοικουσῶν	_	_
4.1	120	[2]	ἡμᾶς	_	_
4.1	121	[1]	δυνάμεων	_	_
4.1	122	[1]	δόγμα	_	_
4.1	123	[10]	,	b	_
4.1	124	[1]	ταῦτ	_	_
4.1	125	[4]	’	b	_
4.1	126	[1]	ἔγνων	_	_
4.1	127	[1]	χρῆναι	_	_
4.1	128	[1]	προχειρισάμενος	_	_
4.1	129	[1]	μόνα	_	_
4.1	130	[1]	παραβάλλειν	_	_
4.1	131	[2]	αὐτὰ	_	_
4.1	132	[1]	τοῖς	_	_
4.1	133	[1]	ὑφ	_	_
4.1	134	[5]	’	b	_
4.1	135	[1]	Ἱπποκράτους	_	_
4.1	136	[2]	τε	_	_
4.1	137	[3]	καὶ	_	_
4.1	138	[1]	Πλάτωνος	_	_
4.1	139	[1]	εἰρημένοις	_	_
4.1	140	[5]	.	b	_
4.1	141	[1]	παμπόλλων	_	_
4.1	142	[2]	δ	_	_
4.1	143	[6]	’	b	_
4.1	144	[2]	ἐπιχειρημάτων	_	_
4.1	145	[1]	γεγραμμένων	_	_
4.1	146	[1]	αὐτῷ	_	_
4.1	147	[2]	περὶ	_	_
4.1	148	[2]	τοῦ	_	_
4.1	149	[1]	τὰ	_	_
4.1	150	[1]	πάθη	_	_
4.1	151	[1]	τῆς	_	_
4.1	152	[1]	ψυχῆς	_	_
4.1	153	[1]	ἐν	_	_
4.1	154	[2]	τοῖς	_	_
4.1	155	[1]	κατὰ	_	_
4.1	156	[1]	τὸν	_	_
4.1	157	[1]	θώρακα	_	_
4.1	158	[1]	τόποις	_	_
4.1	159	[1]	συνίστασθαι	_	_
4.1	160	[11]	,	b	_
4.1	161	[3]	περὶ	_	_
4.1	162	[1]	δὲ	_	_
4.1	163	[3]	τοῦ	_	_
4.1	164	[2]	τὸ	_	_
4.1	165	[1]	λογιζόμενον	_	_
4.1	166	[1]	ἐνταῦθ	_	_
4.1	167	[7]	’	b	_
4.1	168	[1]	ὑπάρχειν	_	_
4.1	169	[1]	οὐδὲ	_	_
4.1	170	[1]	μιᾶς	_	_
4.1	171	[1]	ἀποδείξεως	_	_
4.1	172	[1]	εἰρημένης	_	_
4.1	173	[12]	,	b	_
4.1	174	[1]	ἀλλ	_	_
4.1	175	[8]	’	b	_
4.1	176	[1]	ἑτοίμως	_	_
4.1	177	[1]	ἀεὶ	_	_
4.1	178	[1]	λαμβάνοντος	_	_
4.1	179	[1]	τἀνδρὸς	_	_
4.1	180	[13]	,	b	_
4.1	181	[1]	ἔνθα	_	_
4.1	182	[2]	τὰ	_	_
4.1	183	[2]	πάθη	_	_
4.1	184	[2]	τῆς	_	_
4.1	185	[2]	ψυχῆς	_	_
4.1	186	[1]	συνίσταται	_	_
4.1	187	[14]	,	b	_
4.1	188	[1]	ἐνταῦθα	_	_
4.1	189	[4]	καὶ	_	_
4.1	190	[2]	τὴν	_	_
4.1	191	[1]	διάνοιαν	_	_
4.1	192	[2]	ὑπάρχειν	_	_
4.1	193	[15]	,	b	_
4.1	194	[1]	εἴρηται	_	_
4.1	195	[2]	μὲν	_	_
4.1	196	[1]	ἤδη	_	_
4.1	197	[2]	μοι	_	_
4.1	198	[1]	πρὸς	_	_
4.1	199	[1]	αὐτὸν	_	_
4.1	200	[1]	οὐκ	_	_
4.1	201	[1]	ὀλίγα	_	_
4.1	202	[5]	καὶ	_	_
4.1	203	[1]	διὰ	_	_
4.1	204	[3]	τῶν	_	_
4.1	205	[1]	ἔμπροσθεν	_	_
4.1	206	[16]	,	b	_
4.1	207	[1]	εἰρήσεται	_	_
4.1	208	[2]	δὲ	_	_
4.1	209	[6]	καὶ	_	_
4.1	210	[1]	νῦν	_	_
4.1	211	[1]	ὅσον	_	_
4.1	212	[1]	ὑπόλοιπον	_	_
4.1	213	[6]	.	b	_
4.1	214	[3]	εἰ	_	_
4.1	215	[3]	μὲν	_	_
4.1	216	[1]	οὖν	_	_
4.1	217	[2]	ἀεὶ	_	_
4.1	218	[3]	τὰ	_	_
4.1	219	[3]	αὐτὰ	_	_
4.1	220	[4]	περὶ	_	_
4.1	221	[4]	τῶν	_	_
4.1	222	[1]	αὐτῶν	_	_
4.1	223	[1]	ὁ	_	_
4.1	224	[2]	Χρύσιππος	_	_
4.1	225	[1]	ἔγραψε	_	_
4.1	226	[17]	,	b	_
4.1	227	[7]	καὶ	_	_
4.1	228	[2]	μὴ	_	_
4.1	229	[1]	διεφέρετο	_	_
4.1	230	[2]	πρὸς	_	_
4.1	231	[1]	αὑτὸν	_	_
4.1	232	[2]	ἐν	_	_
4.1	233	[3]	τοῖς	_	_
4.1	234	[1]	πλείστοις	_	_
4.1	235	[1]	δόγμασιν	_	_
4.1	236	[1]	ἐπαμφοτερίζων	_	_
4.1	237	[18]	,	b	_
4.1	238	[1]	οὐδ	_	_
4.1	239	[9]	’	b	_
4.1	240	[2]	ἂν	_	_
4.1	241	[1]	ἐμοὶ	_	_
4.1	242	[1]	μακρὸς	_	_
4.1	243	[2]	ὁ	_	_
4.1	244	[3]	τῆς	_	_
4.1	245	[1]	ἀντιλογίας	_	_
4.1	246	[1]	ἐγίνετο	_	_
4.1	247	[1]	λόγος	_	_
4.1	248	[7]	.	b	_
4.1	249	[1]	ἐπεὶ	_	_
4.1	250	[3]	δ	_	_
4.1	251	[10]	’	b	_
4.1	252	[1]	ἄλλοτε	_	_
4.1	253	[1]	ἄλλα	_	_
4.1	254	[5]	περὶ	_	_
4.1	255	[5]	τῶν	_	_
4.1	256	[2]	αὐτῶν	_	_
4.1	257	[1]	εὑρίσκεται	_	_
4.1	258	[1]	γράφων	_	_
4.1	259	[19]	,	b	_
4.1	260	[2]	οὐκ	_	_
4.1	261	[1]	ἔτι	_	_
4.1	262	[1]	ῥᾴδιον	_	_
4.1	263	[1]	οὔτε	_	_
4.1	264	[3]	τὴν	_	_
4.1	265	[1]	γνώμην	_	_
4.1	266	[1]	ἑρμηνεῦσαι	_	_
4.1	267	[2]	τἀνδρὸς	_	_
4.1	268	[20]	,	b	_
4.1	269	[1]	οὔθ	_	_
4.1	270	[11]	’	b	_
4.1	271	[1]	ὅπῃ	_	_
4.1	272	[1]	σφάλλεται	_	_
4.1	273	[1]	δεικνύναι	_	_
4.1	274	[8]	.	b	_
4.1	275	[6]	περὶ	_	_
4.1	276	[1]	γοῦν	_	_
4.1	277	[6]	τῶν	_	_
4.1	278	[2]	διοικουσῶν	_	_
4.1	279	[3]	ἡμᾶς	_	_
4.1	280	[2]	δυνάμεων	_	_
4.1	281	[3]	ἐν	_	_
4.1	282	[3]	τῷ	_	_
4.1	283	[1]	προτέρῳ	_	_
4.1	284	[7]	περὶ	_	_
4.1	285	[4]	τῆς	_	_
4.1	286	[3]	ψυχῆς	_	_
4.1	287	[1]	εἰπὼν	_	_
4.1	288	[21]	,	b	_
4.1	289	[2]	ὡς	_	_
4.1	290	[3]	ὁ	_	_
4.1	291	[1]	Πλάτων	_	_
4.1	292	[1]	ὑπελάμβανε	_	_
4.1	293	[22]	,	b	_
4.1	294	[3]	τὸ	_	_
4.1	295	[4]	μὲν	_	_
4.1	296	[1]	λογιστικὸν	_	_
4.1	297	[4]	ἐν	_	_
4.1	298	[2]	τῇ	_	_
4.1	299	[1]	κεφαλῇ	_	_
4.1	300	[1]	τετάχθαι	_	_
4.1	301	[23]	,	b	_
4.1	302	[4]	τὸ	_	_
4.1	303	[3]	δὲ	_	_
4.1	304	[1]	θυμοειδὲς	_	_
4.1	305	[5]	ἐν	_	_
4.1	306	[3]	τῇ	_	_
4.1	307	[1]	καρδίᾳ	_	_
4.1	308	[24]	,	b	_
4.1	309	[5]	τὸ	_	_
4.1	310	[4]	δὲ	_	_
4.1	311	[1]	ἐπιθυμητικὸν	_	_
4.1	312	[8]	περὶ	_	_
4.1	313	[2]	τὸν	_	_
4.1	314	[1]	ὀμφαλὸν	_	_
4.1	315	[25]	,	b	_
4.1	316	[6]	ἐν	_	_
4.1	317	[4]	τοῖς	_	_
4.1	318	[1]	ἑξῆς	_	_
4.1	319	[1]	αὐτὸς	_	_
4.1	320	[3]	εἰς	_	_
4.1	321	[4]	τὴν	_	_
4.1	322	[1]	καρδίαν	_	_
4.1	323	[1]	πειρᾶται	_	_
4.1	324	[4]	τὰ	_	_
4.1	325	[1]	τρία	_	_
4.1	326	[1]	συνάγειν	_	_
4.1	327	[9]	.	b	_
4.1	328	[1]	ἔχουσι	_	_
4.1	329	[5]	δὲ	_	_
4.1	330	[1]	αἱ	_	_
4.1	331	[1]	ῥήσεις	_	_
4.1	332	[1]	ᾧδε	_	_
4.1	333	[10]	.	b	_
4.1	334	[4]	ὁ	_	_
4.1	335	[6]	δὲ	_	_
4.1	336	[1]	ποιητὴς	_	_
4.1	337	[1]	πλεονάζων	_	_
4.1	338	[7]	ἐν	_	_
4.1	339	[1]	τούτοις	_	_
4.1	340	[2]	διὰ	_	_
4.1	341	[1]	πολλῶν	_	_
4.1	342	[1]	παρίστησιν	_	_
4.1	343	[26]	,	b	_
4.1	344	[1]	ὅτι	_	_
4.1	345	[8]	καὶ	_	_
4.1	346	[6]	τὸ	_	_
4.1	347	[2]	λογιστικὸν	_	_
4.1	348	[9]	καὶ	_	_
4.1	349	[7]	τὸ	_	_
4.1	350	[2]	θυμοειδὲς	_	_
4.1	351	[9]	περὶ	_	_
4.1	352	[1]	τοῦτόν	_	_
4.1	353	[1]	ἐστι	_	_
4.1	354	[3]	τὸν	_	_
4.1	355	[1]	τόπον	_	_
4.1	356	[27]	,	b	_
4.1	357	[1]	συνάπτων	_	_
4.1	358	[4]	εἰς	_	_
4.1	359	[1]	ταὐτὸν	_	_
4.1	360	[10]	καὶ	_	_
4.1	361	[8]	τὸ	_	_
4.1	362	[2]	ἐπιθυμητικὸν	_	_
4.1	363	[28]	,	b	_
4.1	364	[1]	καθάπερ	_	_
4.1	365	[11]	καὶ	_	_
4.1	366	[1]	ἔδει	_	_
4.1	367	[1]	ποιῆσαι	_	_
4.1	368	[11]	.	b	_
4.1	369	[1]	εἶτα	_	_
4.1	370	[1]	ἐπιφέρων	_	_
4.1	371	[1]	φησί	_	_
4.1	372	[2]	·	b	_
4.1	373	[2]	ὅτι	_	_
4.1	374	[5]	μὲν	_	_
4.1	375	[2]	γὰρ	_	_
4.1	376	[9]	τὸ	_	_
4.1	377	[1]	λογιστικόν	_	_
4.1	378	[1]	ἐστιν	_	_
4.1	379	[2]	ἐνταῦθα	_	_
4.1	380	[29]	,	b	_
4.1	381	[3]	διὰ	_	_
4.1	382	[1]	τούτων	_	_
4.1	383	[1]	ἐμφαίνεται	_	_
4.1	384	[3]	·	b	_
4.1	385	[1]	Ἄλλο	_	_
4.1	386	[4]	δ	_	_
4.1	387	[12]	’	b	_
4.1	388	[1]	ἐνὶ	_	_
4.1	389	[1]	στήθεσσι	_	_
4.1	390	[1]	νόος	_	_
4.1	391	[12]	καὶ	_	_
4.1	392	[1]	μῆτις	_	_
4.1	393	[1]	ἀμύμων	_	_
4.1	394	[12]	.	b	_
4.1	395	[1]	Ἀλλ	_	_
4.1	396	[13]	’	b	_
4.1	397	[1]	ἐμὸν	_	_
4.1	398	[1]	οὔποτε	_	_
4.1	399	[1]	θυμὸν	_	_
4.1	400	[2]	ἐνὶ	_	_
4.1	401	[1]	στήθεσσιν	_	_
4.1	402	[1]	ἔπειθεν	_	_
4.1	403	[13]	.	b	_
4.1	404	[1]	εἶτ	_	_
4.1	405	[14]	’	b	_
4.1	406	[1]	ἐφεξῆς	_	_
4.1	407	[1]	ἔπη	_	_
4.1	408	[1]	παραθέμενος	_	_
4.1	409	[1]	πλείω	_	_
4.1	410	[30]	,	b	_
4.1	411	[1]	μετὰ	_	_
4.1	412	[2]	ταῦτά	_	_
4.1	413	[1]	φησιν	_	_
4.1	414	[4]	·	b	_
4.1	415	[3]	ὅτι	_	_
4.1	416	[7]	δὲ	_	_
4.1	417	[13]	καὶ	_	_
4.1	418	[10]	τὸ	_	_
4.1	419	[3]	ἐπιθυμητικὸν	_	_
4.1	420	[3]	ἐνταῦθα	_	_
4.1	421	[31]	,	b	_
4.1	422	[1]	ἐκ	_	_
4.1	423	[2]	τούτων	_	_
4.1	424	[1]	ἐμφαίνει	_	_
4.1	425	[5]	·	b	_
4.1	426	[1]	Οὐ	_	_
4.1	427	[3]	γὰρ	_	_
4.1	428	[1]	πώποτ	_	_
4.1	429	[15]	’	b	_
4.1	430	[1]	ἔμ	_	_
4.1	431	[16]	’	b	_
4.1	432	[2]	ᾧδε	_	_
4.1	433	[1]	θεᾶς	_	_
4.1	434	[1]	ἔρος	_	_
4.1	435	[2]	οὐδὲ	_	_
4.1	436	[1]	γυναικὸς	_	_
4.1	437	[1]	Θυμὸν	_	_
4.1	438	[3]	ἐνὶ	_	_
4.1	439	[2]	στήθεσσι	_	_
4.1	440	[1]	περιπροχυθεὶς	_	_
4.1	441	[1]	ἐδάμασσε	_	_
4.1	442	[14]	.	b	_
4.1	443	[14]	καὶ	_	_
4.1	444	[1]	μετ	_	_
4.1	445	[17]	’	b	_
4.1	446	[2]	ὀλίγα	_	_
4.1	447	[1]	πάλιν	_	_
4.1	448	[6]	·	b	_
4.1	449	[4]	ὅτι	_	_
4.1	450	[8]	δὲ	_	_
4.1	451	[15]	καὶ	_	_
4.1	452	[11]	τὸ	_	_
4.1	453	[3]	θυμοειδὲς	_	_
4.1	454	[4]	ἐνταῦθα	_	_
4.1	455	[2]	αὐτῷ	_	_
4.1	456	[2]	ἐστι	_	_
4.1	457	[32]	,	b	_
4.1	458	[5]	τὰ	_	_
4.1	459	[1]	τοιαῦτα	_	_
4.1	460	[2]	ἐμφαίνει	_	_
4.1	461	[1]	πλείονα	_	_
4.1	462	[1]	ὄντα	_	_
4.1	463	[7]	·	b	_
4.1	464	[1]	Ἥρη	_	_
4.1	465	[5]	δ	_	_
4.1	466	[18]	’	b	_
4.1	467	[3]	οὐκ	_	_
4.1	468	[1]	ἔχαδε	_	_
4.1	469	[1]	στῆθος	_	_
4.1	470	[1]	χόλον	_	_
4.1	471	[33]	,	b	_
4.1	472	[2]	ἀλλὰ	_	_
4.1	473	[1]	προσηύδα	_	_
4.1	474	[15]	.	b	_
4.1	475	[16]	καὶ	_	_
4.1	476	[2]	ἔτι	_	_
4.1	477	[8]	·	b	_
4.1	478	[1]	Καὶ	_	_
4.1	479	[2]	χόλον	_	_
4.1	480	[34]	,	b	_
4.1	481	[1]	ὅστ	_	_
4.1	482	[19]	’	b	_
4.1	483	[1]	ἐφέηκε	_	_
4.1	484	[1]	πολύφρονά	_	_
4.1	485	[1]	περ	_	_
4.1	486	[1]	χαλεπῆναι	_	_
4.1	487	[9]	·	b	_
4.1	488	[1]	Ὅστε	_	_
4.1	489	[1]	πολὺ	_	_
4.1	490	[1]	γλυκίων	_	_
4.1	491	[1]	μέλιτος	_	_
4.1	492	[1]	καταλειβομένοιο	_	_
4.1	493	[1]	Ἀνδρῶν	_	_
4.1	494	[8]	ἐν	_	_
4.1	495	[2]	στήθεσσιν	_	_
4.1	496	[1]	ἀέξεται	_	_
4.1	497	[35]	,	b	_
4.1	498	[1]	ἠΰτε	_	_
4.1	499	[1]	καπνός	_	_
4.1	500	[16]	.	b	_
4.1	501	[1]	ἐναργέστατα	_	_
4.1	502	[17]	καὶ	_	_
4.1	503	[1]	σαφέστατα	_	_
4.1	504	[4]	διὰ	_	_
4.1	505	[7]	τῶν	_	_
4.1	506	[1]	τοιούτων	_	_
4.1	507	[1]	ἐνδεικνύμενος	_	_
4.1	508	[36]	,	b	_
4.1	509	[3]	ὡς	_	_
4.1	510	[1]	ὑπολαμβάνει	_	_
4.1	511	[18]	καὶ	_	_
4.1	512	[2]	αὐτὸς	_	_
4.1	513	[1]	ὁμοίως	_	_
4.1	514	[1]	Ἱπποκράτει	_	_
4.1	515	[19]	καὶ	_	_
4.1	516	[1]	Πλάτωνι	_	_
4.1	517	[37]	,	b	_
4.1	518	[1]	δυνάμεις	_	_
4.1	519	[5]	τῆς	_	_
4.1	520	[4]	ψυχῆς	_	_
4.1	521	[3]	ὑπάρχειν	_	_
4.1	522	[1]	ἑτέρας	_	_
4.1	523	[1]	παρὰ	_	_
4.1	524	[4]	τὸν	_	_
4.1	525	[1]	λογισμὸν	_	_
4.1	526	[38]	,	b	_
4.1	527	[1]	τήν	_	_
4.1	528	[1]	τ	_	_
4.1	529	[20]	’	b	_
4.1	530	[1]	ἐπιθυμητικὴν	_	_
4.1	531	[20]	καὶ	_	_
4.1	532	[5]	τὴν	_	_
4.1	533	[1]	θυμοειδῆ	_	_
4.1	534	[39]	,	b	_
4.1	535	[21]	καὶ	_	_
4.1	536	[1]	καθ	_	_
4.1	537	[21]	’	b	_
4.1	538	[1]	ἕτερον	_	_
4.1	539	[1]	μόνον	_	_
4.1	540	[1]	τοῦτο	_	_
4.1	541	[1]	διαφερόμενος	_	_
4.1	542	[1]	αὐτοῖς	_	_
4.1	543	[40]	,	b	_
4.1	544	[2]	καθ	_	_
4.1	545	[22]	’	b	_
4.1	546	[2]	ὅσον	_	_
4.1	547	[9]	ἐν	_	_
4.1	548	[4]	τῇ	_	_
4.1	549	[2]	καρδίᾳ	_	_
4.1	550	[1]	πᾶσαν	_	_
4.1	551	[1]	εἶναί	_	_
4.1	552	[2]	φησιν	_	_
4.1	553	[41]	,	b	_
4.1	554	[4]	ὡς	_	_
4.1	555	[1]	Ἀριστοτέλης	_	_
4.1	556	[1]	ὑπελάμβανεν	_	_
4.1	557	[42]	,	b	_
4.1	558	[4]	οὐκ	_	_
4.1	559	[10]	ἐν	_	_
4.1	560	[5]	τοῖς	_	_
4.1	561	[1]	τρισὶ	_	_
4.1	562	[1]	σπλάγχνοις	_	_
4.1	563	[43]	,	b	_
4.1	564	[1]	ἐγκεφάλῳ	_	_
4.1	565	[44]	,	b	_
4.1	566	[22]	καὶ	_	_
4.1	567	[1]	ἥπατι	_	_
4.1	568	[45]	,	b	_
4.1	569	[23]	καὶ	_	_
4.1	570	[1]	καρδία	_	_
4.1	571	[17]	.	b	_
4.1	572	[3]	ἀλλὰ	_	_
4.1	573	[24]	καὶ	_	_
4.1	574	[6]	τὰ	_	_
4.1	575	[8]	τῶν	_	_
4.1	576	[3]	δυνάμεων	_	_
4.1	577	[1]	ἔργα	_	_
4.1	578	[3]	τε	_	_
4.1	579	[25]	καὶ	_	_
4.1	580	[7]	τὰ	_	_
4.1	581	[3]	πάθη	_	_
4.1	582	[5]	διὰ	_	_
4.1	583	[9]	τῶν	_	_
4.1	584	[1]	ἐπῶν	_	_
4.1	585	[5]	ὡς	_	_
4.1	586	[2]	ἔγραψεν	_	_
4.1	587	[46]	,	b	_
4.1	588	[1]	αὐτάρκως	_	_
4.1	589	[1]	ἐνεδείξατο	_	_
4.1	590	[47]	,	b	_
4.1	591	[6]	διὰ	_	_
4.1	592	[6]	μὲν	_	_
4.1	593	[4]	τοῦ	_	_
4.1	594	[1]	φάναι	_	_
4.1	595	[10]	·	b	_
4.1	596	[2]	Οὐ	_	_
4.1	597	[4]	γὰρ	_	_
4.1	598	[2]	πώποτ	_	_
4.1	599	[23]	’	b	_
4.1	600	[2]	ἔμ	_	_
4.1	601	[24]	’	b	_
4.1	602	[3]	ᾧδε	_	_
4.1	603	[2]	θεᾶς	_	_
4.1	604	[2]	ἔρος	_	_
4.1	605	[3]	οὐδὲ	_	_
4.1	606	[2]	γυναικὸς	_	_
4.1	607	[2]	Θυμὸν	_	_
4.1	608	[4]	ἐνὶ	_	_
4.1	609	[3]	στήθεσσι	_	_
4.1	610	[2]	περιπροχυθεὶς	_	_
4.1	611	[1]	ἐδάμασσεν	_	_
4.1	612	[48]	,	b	_
4.1	613	[6]	ὡς	_	_
4.1	614	[5]	ὁ	_	_
4.1	615	[1]	ἔρως	_	_
4.1	616	[1]	πάθος	_	_
4.1	617	[1]	εἴη	_	_
4.1	618	[6]	τῆς	_	_
4.1	619	[1]	ἐπιθυμητικῆς	_	_
4.1	620	[1]	δυνάμεως	_	_
4.1	621	[11]	·	b	_
4.1	622	[11]	ἐν	_	_
4.1	623	[9]	δὲ	_	_
4.1	624	[4]	τῷ	_	_
4.1	625	[1]	λέγειν	_	_
4.1	626	[12]	·	b	_
4.1	627	[2]	Ἥρη	_	_
4.1	628	[6]	δ	_	_
4.1	629	[25]	’	b	_
4.1	630	[5]	οὐκ	_	_
4.1	631	[2]	ἔχαδε	_	_
4.1	632	[2]	στῆθος	_	_
4.1	633	[3]	χόλον	_	_
4.1	634	[49]	,	b	_
4.1	635	[4]	ἀλλὰ	_	_
4.1	636	[2]	προσηύδα	_	_
4.1	637	[50]	,	b	_
4.1	638	[7]	ὡς	_	_
4.1	639	[6]	ὁ	_	_
4.1	640	[1]	χόλος	_	_
4.1	641	[7]	τῆς	_	_
4.1	642	[1]	θυμοειδοῦς	_	_
4.1	643	[18]	.	b	_
4.1	644	[1]	διαφερέτω	_	_
4.1	645	[7]	δ	_	_
4.1	646	[26]	’	b	_
4.1	647	[1]	ἔν	_	_
4.1	648	[1]	γε	_	_
4.1	649	[5]	τῷ	_	_
4.1	650	[1]	παρόντι	_	_
4.1	651	[1]	μηδὲν	_	_
4.1	652	[51]	,	b	_
4.1	653	[1]	εἴτε	_	_
4.1	654	[2]	ἔργα	_	_
4.1	655	[10]	τῶν	_	_
4.1	656	[4]	δυνάμεων	_	_
4.1	657	[52]	,	b	_
4.1	658	[2]	εἴτε	_	_
4.1	659	[4]	πάθη	_	_
4.1	660	[8]	τὰ	_	_
4.1	661	[2]	τοιαῦτα	_	_
4.1	662	[2]	πάντα	_	_
4.1	663	[1]	λέγοιμεν	_	_
4.1	664	[53]	,	b	_
4.1	665	[1]	ὕστερον	_	_
4.1	666	[5]	γὰρ	_	_
4.1	667	[1]	ὑπὲρ	_	_
4.1	668	[3]	αὐτῶν	_	_
4.1	669	[1]	ἀκριβῶς	_	_
4.1	670	[1]	ἐπισκεψόμεθα	_	_
4.1	671	[19]	.	b	_
4.1	672	[2]	κατὰ	_	_
4.1	673	[7]	μὲν	_	_
4.1	674	[12]	τὸ	_	_
4.1	675	[1]	πρότερον	_	_
4.1	676	[10]	περὶ	_	_
4.1	677	[5]	ψυχῆς	_	_
4.1	678	[1]	βιβλίον	_	_
4.1	679	[7]	ὁ	_	_
4.1	680	[3]	Χρύσιππος	_	_
4.1	681	[2]	οὐχ	_	_
4.1	682	[1]	ὅπως	_	_
4.1	683	[1]	ἀντιλέγει	_	_
4.1	684	[1]	μηδεμίαν	_	_
4.1	685	[1]	εἶναι	_	_
4.1	686	[8]	τῆς	_	_
4.1	687	[6]	ψυχῆς	_	_
4.1	688	[1]	δύναμιν	_	_
4.1	689	[1]	ἢ	_	_
4.1	690	[2]	ἐπιθυμητικὴν	_	_
4.1	691	[2]	ἢ	_	_
4.1	692	[2]	θυμοειδῆ	_	_
4.1	693	[54]	,	b	_
4.1	694	[5]	ἀλλὰ	_	_
4.1	695	[26]	καὶ	_	_
4.1	696	[9]	τὰ	_	_
4.1	697	[1]	παθήματ	_	_
4.1	698	[27]	’	b	_
4.1	699	[4]	αὐτῶν	_	_
4.1	700	[1]	ἐκδιδάσκει	_	_
4.1	701	[55]	,	b	_
4.1	702	[27]	καὶ	_	_
4.1	703	[2]	τόπον	_	_
4.1	704	[1]	ἀπονέμει	_	_
4.1	705	[5]	τοῦ	_	_
4.1	706	[1]	σώματος	_	_
4.1	707	[1]	ἕνα	_	_
4.1	708	[13]	·	b	_
4.1	709	[3]	κατὰ	_	_
4.1	710	[10]	δὲ	_	_
4.1	711	[10]	τὰ	_	_
4.1	712	[11]	περὶ	_	_
4.1	713	[11]	τῶν	_	_
4.1	714	[1]	παθῶν	_	_
4.1	715	[2]	ἅπαντα	_	_
4.1	716	[1]	τά	_	_
4.1	717	[4]	τε	_	_
4.1	718	[2]	τρία	_	_
4.1	719	[56]	,	b	_
4.1	720	[1]	δι	_	_
4.1	721	[28]	’	b	_
4.1	722	[1]	ὧν	_	_
4.1	723	[1]	ἐπισκέπτεται	_	_
4.1	724	[11]	τὰ	_	_
4.1	725	[1]	λογικὰ	_	_
4.1	726	[12]	περὶ	_	_
4.1	727	[5]	αὐτῶν	_	_
4.1	728	[1]	ζητήματα	_	_
4.1	729	[57]	,	b	_
4.1	730	[28]	καὶ	_	_
4.1	731	[1]	προσέτι	_	_
4.1	732	[13]	τὸ	_	_
4.1	733	[1]	θεραπευτικὸν	_	_
4.1	734	[58]	,	b	_
4.1	735	[1]	ὃ	_	_
4.1	736	[1]	δὴ	_	_
4.1	737	[29]	καὶ	_	_
4.1	738	[1]	ἠθικὸν	_	_
4.1	739	[1]	ἐπιγράφουσί	_	_
4.1	740	[1]	τινες	_	_
4.1	741	[59]	,	b	_
4.1	742	[6]	οὐκ	_	_
4.1	743	[1]	ἔθ	_	_
4.1	744	[29]	’	b	_
4.1	745	[2]	ὁμοίως	_	_
4.1	746	[2]	εὑρίσκεται	_	_
4.1	747	[1]	γιγνώσκων	_	_
4.1	748	[60]	,	b	_
4.1	749	[6]	ἀλλὰ	_	_
4.1	750	[12]	τὰ	_	_
4.1	751	[8]	μὲν	_	_
4.1	752	[8]	ὡς	_	_
4.1	753	[2]	ἐπαμφοτερίζων	_	_
4.1	754	[1]	γράφει	_	_
4.1	755	[61]	,	b	_
4.1	756	[13]	τὰ	_	_
4.1	757	[11]	δὲ	_	_
4.1	758	[9]	ὡς	_	_
4.1	759	[2]	μηδεμίαν	_	_
4.1	760	[1]	ἡγούμενος	_	_
4.1	761	[2]	εἶναι	_	_
4.1	762	[2]	δύναμιν	_	_
4.1	763	[9]	τῆς	_	_
4.1	764	[7]	ψυχῆς	_	_
4.1	765	[1]	μήτε	_	_
4.1	766	[3]	ἐπιθυμητικὴν	_	_
4.1	767	[2]	μήτε	_	_
4.1	768	[3]	θυμοειδῆ	_	_
4.1	769	[20]	.	b	_
4.1	770	[4]	κατὰ	_	_
4.1	771	[9]	μὲν	_	_
4.1	772	[6]	γὰρ	_	_
4.1	773	[6]	τὴν	_	_
4.1	774	[1]	ἐξήγησιν	_	_
4.1	775	[12]	τῶν	_	_
4.1	776	[1]	ὁρισμῶν	_	_
4.1	777	[6]	τοῦ	_	_
4.1	778	[1]	πάθους	_	_
4.1	779	[3]	ἐμφαίνει	_	_
4.1	780	[2]	τινὰ	_	_
4.1	781	[3]	δύναμιν	_	_
4.1	782	[1]	ἄλογον	_	_
4.1	783	[12]	ἐν	_	_
4.1	784	[5]	τῇ	_	_
4.1	785	[1]	ψυχῇ	_	_
4.1	786	[13]	τῶν	_	_
4.1	787	[2]	παθῶν	_	_
4.1	788	[1]	αἰτίαν	_	_
4.1	789	[4]	ὑπάρχειν	_	_
4.1	790	[62]	,	b	_
4.1	791	[10]	ὡς	_	_
4.1	792	[1]	ὀλίγον	_	_
4.1	793	[2]	ὕστερον	_	_
4.1	794	[1]	ἐπιδείξω	_	_
4.1	795	[7]	τὴν	_	_
4.1	796	[1]	ῥῆσιν	_	_
4.1	797	[1]	ἐξηγησάμενος	_	_
4.1	798	[1]	αὐτοῦ	_	_
4.1	799	[14]	·	b	_
4.1	800	[13]	ἐν	_	_
4.1	801	[12]	δὲ	_	_
4.1	802	[6]	τοῖς	_	_
4.1	803	[2]	ἐφεξῆς	_	_
4.1	804	[63]	,	b	_
4.1	805	[2]	ἔνθα	_	_
4.1	806	[1]	ζητεῖ	_	_
4.1	807	[64]	,	b	_
4.1	808	[1]	πότερα	_	_
4.1	809	[1]	κρίσεσιν	_	_
4.1	810	[1]	ἐπιγίγνεται	_	_
4.1	811	[14]	τὰ	_	_
4.1	812	[5]	πάθη	_	_
4.1	813	[65]	,	b	_
4.1	814	[1]	προφανῶς	_	_
4.1	815	[1]	ἀποχωρεῖ	_	_
4.1	816	[10]	τῆς	_	_
4.1	817	[2]	Πλάτωνος	_	_
4.1	818	[1]	δόξης	_	_
4.1	819	[66]	,	b	_
4.1	820	[1]	ὅς	_	_
4.1	821	[1]	γ	_	_
4.1	822	[30]	’	b	_
4.1	823	[4]	οὐδὲ	_	_
4.1	824	[8]	τὴν	_	_
4.1	825	[1]	ἀρχὴν	_	_
4.1	826	[14]	ἐν	_	_
4.1	827	[6]	τῇ	_	_
4.1	828	[1]	διαιρέσει	_	_
4.1	829	[7]	τοῦ	_	_
4.1	830	[1]	προβλήματος	_	_
4.1	831	[1]	ἠξίωσε	_	_
4.1	832	[30]	καὶ	_	_
4.1	833	[1]	ταύτης	_	_
4.1	834	[1]	ἐπιμνησθῆναι	_	_
4.1	835	[21]	.	b	_
4.1	836	[1]	καίτοι	_	_
4.1	837	[2]	τοῦτο	_	_
4.1	838	[1]	πρῶτον	_	_
4.1	839	[1]	εὐθὺς	_	_
4.1	840	[1]	ἐγκαλέσειεν	_	_
4.1	841	[1]	ἄν	_	_
4.1	842	[2]	τις	_	_
4.1	843	[3]	αὐτῷ	_	_
4.1	844	[2]	παρὰ	_	_
4.1	845	[14]	τὸ	_	_
4.1	846	[11]	τῆς	_	_
4.1	847	[1]	διαιρέσεως	_	_
4.1	848	[1]	ἐλλιπὲς	_	_
4.1	849	[1]	ἐσφαλμένῳ	_	_
4.1	850	[22]	.	b	_
4.1	851	[15]	τὸ	_	_
4.1	852	[1]	γάρ	_	_
4.1	853	[2]	τοι	_	_
4.1	854	[2]	πάθος	_	_
4.1	855	[67]	,	b	_
4.1	856	[1]	οἷον	_	_
4.1	857	[8]	ὁ	_	_
4.1	858	[2]	ἔρως	_	_
4.1	859	[68]	,	b	_
4.1	860	[1]	ἤτοι	_	_
4.1	861	[1]	κρίσις	_	_
4.1	862	[1]	τίς	_	_
4.1	863	[3]	ἐστι	_	_
4.1	864	[69]	,	b	_
4.1	865	[3]	ἢ	_	_
4.1	866	[2]	κρίσεσιν	_	_
4.1	867	[1]	ἐπιγιγνόμενον	_	_
4.1	868	[70]	,	b	_
4.1	869	[4]	ἢ	_	_
4.1	870	[1]	κίνησις	_	_
4.1	871	[1]	ἔκφορος	_	_
4.1	872	[12]	τῆς	_	_
4.1	873	[2]	ἐπιθυμητικῆς	_	_
4.1	874	[2]	δυνάμεως	_	_
4.1	875	[23]	.	b	_
4.1	876	[1]	οὕτω	_	_
4.1	877	[13]	δὲ	_	_
4.1	878	[31]	καὶ	_	_
4.1	879	[9]	ὁ	_	_
4.1	880	[2]	χόλος	_	_
4.1	881	[2]	ἤτοι	_	_
4.1	882	[2]	κρίσις	_	_
4.1	883	[71]	,	b	_
4.1	884	[5]	ἢ	_	_
4.1	885	[1]	ἑπόμενόν	_	_
4.1	886	[1]	τι	_	_
4.1	887	[1]	ταύτῃ	_	_
4.1	888	[3]	πάθος	_	_
4.1	889	[2]	ἄλογον	_	_
4.1	890	[72]	,	b	_
4.1	891	[6]	ἢ	_	_
4.1	892	[2]	κίνησις	_	_
4.1	893	[1]	σφοδρὰ	_	_
4.1	894	[13]	τῆς	_	_
4.1	895	[2]	θυμοειδοῦς	_	_
4.1	896	[3]	δυνάμεως	_	_
4.1	897	[24]	.	b	_
4.1	898	[10]	ὁ	_	_
4.1	899	[1]	δέ	_	_
4.1	900	[2]	γ	_	_
4.1	901	[31]	’	b	_
4.1	902	[2]	οὐδ	_	_
4.1	903	[32]	’	b	_
4.1	904	[1]	οὕτως	_	_
4.1	905	[1]	ἐγχωρῶν	_	_
4.1	906	[5]	εἰς	_	_
4.1	907	[3]	τρία	_	_
4.1	908	[1]	τέμνεσθαι	_	_
4.1	909	[16]	τὸ	_	_
4.1	910	[1]	πρόβλημα	_	_
4.1	911	[1]	μεταχειρίζεται	_	_
4.1	912	[5]	τὸν	_	_
4.1	913	[1]	λόγον	_	_
4.1	914	[1]	ἐπιδεικνύναι	_	_
4.1	915	[1]	πειρώμενος	_	_
4.1	916	[73]	,	b	_
4.1	917	[11]	ὡς	_	_
4.1	918	[1]	ἄμεινον	_	_
4.1	919	[2]	εἴη	_	_
4.1	920	[1]	κρίσεις	_	_
4.1	921	[1]	ὑπολαμβάνειν	_	_
4.1	922	[4]	αὐτὰ	_	_
4.1	923	[74]	,	b	_
4.1	924	[32]	καὶ	_	_
4.1	925	[7]	οὐκ	_	_
4.1	926	[1]	ἐπιγινόμενά	_	_
4.1	927	[1]	τινα	_	_
4.1	928	[1]	ταῖς	_	_
4.1	929	[3]	κρίσεσιν	_	_
4.1	930	[75]	,	b	_
4.1	931	[1]	ἐπιλαθόμενος	_	_
4.1	932	[2]	ὧν	_	_
4.1	933	[3]	αὐτὸς	_	_
4.1	934	[15]	ἐν	_	_
4.1	935	[6]	τῷ	_	_
4.1	936	[2]	προτέρῳ	_	_
4.1	937	[7]	τῷ	_	_
4.1	938	[13]	περὶ	_	_
4.1	939	[8]	ψυχῆς	_	_
4.1	940	[2]	ἔγραψε	_	_
4.1	941	[76]	,	b	_
4.1	942	[6]	τὸν	_	_
4.1	943	[10]	μὲν	_	_
4.1	944	[1]	ἔρωτα	_	_
4.1	945	[14]	τῆς	_	_
4.1	946	[3]	ἐπιθυμητικῆς	_	_
4.1	947	[3]	εἶναι	_	_
4.1	948	[4]	δυνάμεως	_	_
4.1	949	[77]	,	b	_
4.1	950	[7]	τὸν	_	_
4.1	951	[14]	δὲ	_	_
4.1	952	[4]	χόλον	_	_
4.1	953	[15]	τῆς	_	_
4.1	954	[3]	θυμοειδοῦς	_	_
4.1	955	[25]	.	b	_
4.2	1	[1]	Ὥσπερ	_	_
4.2	2	[1]	δ	_	_
4.2	3	[1]	’	b	_
4.2	4	[1]	ἐν	_	_
4.2	5	[1]	τούτοις	_	_
4.2	6	[1]	ἐπελάθετό	_	_
4.2	7	[1]	τε	_	_
4.2	8	[1]	ἅμα	_	_
4.2	9	[1]	τῶν	_	_
4.2	10	[1]	ἑαυτῷ	_	_
4.2	11	[1]	γεγραμμένων	_	_
4.2	12	[1]	,	b	_
4.2	13	[1]	οὐκ	_	_
4.2	14	[1]	ἠξίωσέ	_	_
4.2	15	[2]	τε	_	_
4.2	16	[1]	πρὸς	_	_
4.2	17	[1]	τὸ	_	_
4.2	18	[2]	τῶν	_	_
4.2	19	[1]	παλαιῶν	_	_
4.2	20	[1]	ἀντειπεῖν	_	_
4.2	21	[1]	δόγμα	_	_
4.2	22	[2]	,	b	_
4.2	23	[1]	κατὰ	_	_
4.2	24	[1]	τὸν	_	_
4.2	25	[1]	αὐτὸν	_	_
4.2	26	[1]	τρόπον	_	_
4.2	27	[2]	ἐν	_	_
4.2	28	[1]	τοῖς	_	_
4.2	29	[1]	ὁρισμοῖς	_	_
4.2	30	[3]	τῶν	_	_
4.2	31	[1]	γενικῶν	_	_
4.2	32	[1]	παθῶν	_	_
4.2	33	[3]	,	b	_
4.2	34	[1]	οὓς	_	_
4.2	35	[1]	πρώτους	_	_
4.2	36	[1]	ἐξέθετο	_	_
4.2	37	[4]	,	b	_
4.2	38	[1]	τελέως	_	_
4.2	39	[1]	ἀποχωρεῖ	_	_
4.2	40	[1]	τῆς	_	_
4.2	41	[1]	γνώμης	_	_
4.2	42	[1]	αὐτῶν	_	_
4.2	43	[5]	,	b	_
4.2	44	[1]	τὴν	_	_
4.2	45	[1]	λύπην	_	_
4.2	46	[1]	ὁριζόμενος	_	_
4.2	47	[1]	δόξαν	_	_
4.2	48	[1]	πρόσφατον	_	_
4.2	49	[1]	κακοῦ	_	_
4.2	50	[1]	παρουσίας	_	_
4.2	51	[6]	,	b	_
4.2	52	[2]	τὸν	_	_
4.2	53	[1]	δὲ	_	_
4.2	54	[1]	φόβον	_	_
4.2	55	[1]	προσδοκίαν	_	_
4.2	56	[2]	κακοῦ	_	_
4.2	57	[7]	,	b	_
4.2	58	[2]	τὴν	_	_
4.2	59	[2]	δ	_	_
4.2	60	[2]	’	b	_
4.2	61	[1]	ἡδονὴν	_	_
4.2	62	[2]	δόξαν	_	_
4.2	63	[2]	πρόσφατον	_	_
4.2	64	[1]	ἀγαθοῦ	_	_
4.2	65	[2]	παρουσίας	_	_
4.2	66	[1]	.	b	_
4.2	67	[1]	ἄντικρυς	_	_
4.2	68	[1]	γὰρ	_	_
4.2	69	[3]	ἐν	_	_
4.2	70	[2]	τούτοις	_	_
4.2	71	[1]	τοῦ	_	_
4.2	72	[1]	λογιστικοῦ	_	_
4.2	73	[2]	τῆς	_	_
4.2	74	[1]	ψυχῆς	_	_
4.2	75	[1]	μόνου	_	_
4.2	76	[1]	μέμνηται	_	_
4.2	77	[8]	,	b	_
4.2	78	[1]	παραλείπων	_	_
4.2	79	[1]	τό	_	_
4.2	80	[1]	τ	_	_
4.2	81	[3]	’	b	_
4.2	82	[1]	ἐπιθυμητικὸν	_	_
4.2	83	[1]	καὶ	_	_
4.2	84	[2]	τὸ	_	_
4.2	85	[1]	θυμοειδές	_	_
4.2	86	[1]	·	b	_
4.2	87	[2]	καὶ	_	_
4.2	88	[2]	γὰρ	_	_
4.2	89	[3]	τὴν	_	_
4.2	90	[3]	δόξαν	_	_
4.2	91	[3]	καὶ	_	_
4.2	92	[4]	τὴν	_	_
4.2	93	[2]	προσδοκίαν	_	_
4.2	94	[4]	ἐν	_	_
4.2	95	[1]	τῷ	_	_
4.2	96	[1]	λογικῷ	_	_
4.2	97	[1]	μόνῳ	_	_
4.2	98	[1]	συνίστασθαι	_	_
4.2	99	[1]	νομίζει	_	_
4.2	100	[2]	.	b	_
4.2	101	[2]	κατὰ	_	_
4.2	102	[1]	μέντοι	_	_
4.2	103	[3]	τὸν	_	_
4.2	104	[3]	τῆς	_	_
4.2	105	[1]	ἐπιθυμίας	_	_
4.2	106	[1]	ὅρον	_	_
4.2	107	[9]	,	b	_
4.2	108	[1]	ἣν	_	_
4.2	109	[1]	ὄρεξιν	_	_
4.2	110	[1]	ἄλογον	_	_
4.2	111	[1]	εἶναί	_	_
4.2	112	[1]	φησιν	_	_
4.2	113	[10]	,	b	_
4.2	114	[1]	ἐφάπτεται	_	_
4.2	115	[1]	μέν	_	_
4.2	116	[1]	πως	_	_
4.2	117	[1]	ὅσον	_	_
4.2	118	[1]	ἐπὶ	_	_
4.2	119	[1]	τῇ	_	_
4.2	120	[1]	λέξει	_	_
4.2	121	[4]	τῆς	_	_
4.2	122	[1]	ἀλόγου	_	_
4.2	123	[3]	κατὰ	_	_
4.2	124	[5]	τὴν	_	_
4.2	125	[1]	ψυχὴν	_	_
4.2	126	[1]	δυνάμεως	_	_
4.2	127	[11]	,	b	_
4.2	128	[2]	ἀποχωρεῖ	_	_
4.2	129	[2]	δὲ	_	_
4.2	130	[1]	κᾀνταῦθα	_	_
4.2	131	[4]	κατὰ	_	_
4.2	132	[6]	τὴν	_	_
4.2	133	[1]	ἐξήγησιν	_	_
4.2	134	[1]	αὐτῆς	_	_
4.2	135	[12]	,	b	_
4.2	136	[1]	εἴγε	_	_
4.2	137	[4]	καὶ	_	_
4.2	138	[1]	ἡ	_	_
4.2	139	[1]	ὄρεξις	_	_
4.2	140	[13]	,	b	_
4.2	141	[2]	ἣν	_	_
4.2	142	[5]	κατὰ	_	_
4.2	143	[4]	τὸν	_	_
4.2	144	[1]	ὁρισμὸν	_	_
4.2	145	[1]	παρέλαβε	_	_
4.2	146	[14]	,	b	_
4.2	147	[5]	τῆς	_	_
4.2	148	[1]	λογικῆς	_	_
4.2	149	[1]	ἐστι	_	_
4.2	150	[2]	δυνάμεως	_	_
4.2	151	[3]	.	b	_
4.2	152	[1]	ὁρίζεται	_	_
4.2	153	[1]	γοῦν	_	_
4.2	154	[1]	αὐτὴν	_	_
4.2	155	[1]	ὁρμὴν	_	_
4.2	156	[1]	λογικὴν	_	_
4.2	157	[1]	ἐπί	_	_
4.2	158	[1]	τι	_	_
4.2	159	[2]	ὅσον	_	_
4.2	160	[1]	χρὴ	_	_
4.2	161	[1]	ἧδον	_	_
4.2	162	[4]	.	b	_
4.2	163	[5]	ἐν	_	_
4.2	164	[2]	μέντοι	_	_
4.2	165	[1]	δὴ	_	_
4.2	166	[3]	τούτοις	_	_
4.2	167	[2]	τοῖς	_	_
4.2	168	[1]	ὅροις	_	_
4.2	169	[1]	ὁρμὰς	_	_
4.2	170	[5]	καὶ	_	_
4.2	171	[1]	δόξας	_	_
4.2	172	[6]	καὶ	_	_
4.2	173	[1]	κρίσεις	_	_
4.2	174	[1]	ὑπάρχειν	_	_
4.2	175	[1]	οἴεται	_	_
4.2	176	[1]	τὰ	_	_
4.2	177	[1]	πάθη	_	_
4.2	178	[15]	,	b	_
4.2	179	[6]	κατὰ	_	_
4.2	180	[1]	δέ	_	_
4.2	181	[1]	τινας	_	_
4.2	182	[4]	τῶν	_	_
4.2	183	[1]	ἐφεξῆς	_	_
4.2	184	[1]	Ἐπικούρῳ	_	_
4.2	185	[7]	καὶ	_	_
4.2	186	[1]	Ζήνωνι	_	_
4.2	187	[1]	μᾶλλον	_	_
4.2	188	[16]	,	b	_
4.2	189	[1]	ἢ	_	_
4.2	190	[3]	τοῖς	_	_
4.2	191	[1]	ἑαυτοῦ	_	_
4.2	192	[1]	δόγμασιν	_	_
4.2	193	[1]	ἀκόλουθα	_	_
4.2	194	[1]	γράφει	_	_
4.2	195	[5]	.	b	_
4.2	196	[1]	τήν	_	_
4.2	197	[3]	τε	_	_
4.2	198	[3]	γὰρ	_	_
4.2	199	[2]	λύπην	_	_
4.2	200	[2]	ὁριζόμενος	_	_
4.2	201	[1]	μείωσιν	_	_
4.2	202	[2]	εἶναί	_	_
4.2	203	[2]	φησιν	_	_
4.2	204	[2]	ἐπὶ	_	_
4.2	205	[1]	φευκτῷ	_	_
4.2	206	[1]	δοκοῦντι	_	_
4.2	207	[2]	ὑπάρχειν	_	_
4.2	208	[17]	,	b	_
4.2	209	[7]	τὴν	_	_
4.2	210	[3]	δ	_	_
4.2	211	[4]	’	b	_
4.2	212	[2]	ἡδονὴν	_	_
4.2	213	[1]	ἔπαρσιν	_	_
4.2	214	[1]	ἐφ	_	_
4.2	215	[5]	’	b	_
4.2	216	[1]	αἱρετῷ	_	_
4.2	217	[2]	δοκοῦντι	_	_
4.2	218	[3]	ὑπάρχειν	_	_
4.2	219	[6]	.	b	_
4.2	220	[8]	καὶ	_	_
4.2	221	[4]	γὰρ	_	_
4.2	222	[1]	αἱ	_	_
4.2	223	[1]	μειώσεις	_	_
4.2	224	[18]	,	b	_
4.2	225	[9]	καὶ	_	_
4.2	226	[2]	αἱ	_	_
4.2	227	[1]	ἐπάρσεις	_	_
4.2	228	[19]	,	b	_
4.2	229	[10]	καὶ	_	_
4.2	230	[3]	αἱ	_	_
4.2	231	[1]	συστολαὶ	_	_
4.2	232	[20]	,	b	_
4.2	233	[11]	καὶ	_	_
4.2	234	[4]	αἱ	_	_
4.2	235	[1]	διαχύσεις	_	_
4.2	236	[21]	,	b	_
4.2	237	[1]	(	a	_
4.2	238	[12]	καὶ	_	_
4.2	239	[5]	γὰρ	_	_
4.2	240	[1]	τούτων	_	_
4.2	241	[1]	ἐνίοτε	_	_
4.2	242	[2]	μέμνηται	_	_
4.2	243	[22]	,	b	_
4.2	244	[1]	)	b	_
4.2	245	[6]	τῆς	_	_
4.2	246	[2]	ἀλόγου	_	_
4.2	247	[1]	δυνάμεώς	_	_
4.2	248	[2]	ἐστι	_	_
4.2	249	[1]	παθήματα	_	_
4.2	250	[1]	ταῖς	_	_
4.2	251	[1]	δόξαις	_	_
4.2	252	[1]	ἐπιγιγνόμενα	_	_
4.2	253	[7]	.	b	_
4.2	254	[1]	τοιαύτην	_	_
4.2	255	[2]	δέ	_	_
4.2	256	[1]	τινα	_	_
4.2	257	[8]	τὴν	_	_
4.2	258	[1]	οὐσίαν	_	_
4.2	259	[5]	τῶν	_	_
4.2	260	[2]	παθῶν	_	_
4.2	261	[1]	Ἐπίκουρος	_	_
4.2	262	[13]	καὶ	_	_
4.2	263	[1]	Ζήνων	_	_
4.2	264	[23]	,	b	_
4.2	265	[2]	οὐκ	_	_
4.2	266	[1]	αὐτὸς	_	_
4.2	267	[1]	ὑπολαμβάνει	_	_
4.2	268	[8]	.	b	_
4.2	269	[1]	ὃ	_	_
4.2	270	[14]	καὶ	_	_
4.2	271	[1]	θαυμάζειν	_	_
4.2	272	[1]	ἐπέρχεταί	_	_
4.2	273	[1]	μοι	_	_
4.2	274	[1]	τἀνδρὸς	_	_
4.2	275	[24]	,	b	_
4.2	276	[6]	ἐν	_	_
4.2	277	[1]	ἐπαγγελίᾳ	_	_
4.2	278	[2]	λογικῆς	_	_
4.2	279	[4]	τε	_	_
4.2	280	[2]	ἅμα	_	_
4.2	281	[15]	καὶ	_	_
4.2	282	[1]	ἀκριβοῦς	_	_
4.2	283	[1]	διδασκαλίας	_	_
4.2	284	[3]	οὐκ	_	_
4.2	285	[1]	ἀκριβοῦντος	_	_
4.2	286	[9]	.	b	_
4.2	287	[16]	καὶ	_	_
4.2	288	[6]	γὰρ	_	_
4.2	289	[4]	οὐκ	_	_
4.2	290	[1]	αὐτὰ	_	_
4.2	291	[1]	ταῦτα	_	_
4.2	292	[1]	μόνον	_	_
4.2	293	[2]	αὐτὸς	_	_
4.2	294	[2]	ἑαυτῷ	_	_
4.2	295	[1]	διαφέρεται	_	_
4.2	296	[1]	φανερῶς	_	_
4.2	297	[25]	,	b	_
4.2	298	[1]	ἀλλὰ	_	_
4.2	299	[1]	κᾀπειδὰν	_	_
4.2	300	[1]	ὑπὲρ	_	_
4.2	301	[6]	τῶν	_	_
4.2	302	[7]	κατὰ	_	_
4.2	303	[3]	τὸ	_	_
4.2	304	[1]	πάθος	_	_
4.2	305	[1]	ὁρισμῶν	_	_
4.2	306	[1]	γράφων	_	_
4.2	307	[1]	ἄλογόν	_	_
4.2	308	[5]	τε	_	_
4.2	309	[17]	καὶ	_	_
4.2	310	[1]	παρὰ	_	_
4.2	311	[1]	φύσιν	_	_
4.2	312	[1]	κίνησιν	_	_
4.2	313	[2]	ψυχῆς	_	_
4.2	314	[1]	αὐτὸ	_	_
4.2	315	[1]	φάσκῃ	_	_
4.2	316	[26]	,	b	_
4.2	317	[18]	καὶ	_	_
4.2	318	[1]	πλεονάζουσαν	_	_
4.2	319	[2]	ὁρμὴν	_	_
4.2	320	[27]	,	b	_
4.2	321	[1]	εἶτα	_	_
4.2	322	[4]	τὸ	_	_
4.2	323	[1]	μὲν	_	_
4.2	324	[2]	ἄλογον	_	_
4.2	325	[1]	ἐξηγούμενος	_	_
4.2	326	[5]	τὸ	_	_
4.2	327	[1]	χωρὶς	_	_
4.2	328	[1]	λόγου	_	_
4.2	329	[6]	τε	_	_
4.2	330	[19]	καὶ	_	_
4.2	331	[1]	κρίσεως	_	_
4.2	332	[1]	εἰρῆσθαι	_	_
4.2	333	[1]	φάσκει	_	_
4.2	334	[28]	,	b	_
4.2	335	[7]	τῆς	_	_
4.2	336	[3]	δὲ	_	_
4.2	337	[1]	πλεοναζούσης	_	_
4.2	338	[1]	ὁρμῆς	_	_
4.2	339	[1]	παράδειγμα	_	_
4.2	340	[1]	τοὺς	_	_
4.2	341	[1]	τρέχοντας	_	_
4.2	342	[1]	σφοδρῶς	_	_
4.2	343	[1]	παραλαμβάνει	_	_
4.2	344	[2]	·	b	_
4.2	345	[1]	ταυτὶ	_	_
4.2	346	[7]	γὰρ	_	_
4.2	347	[1]	ἀμφότερα	_	_
4.2	348	[1]	μάχεται	_	_
4.2	349	[2]	τῷ	_	_
4.2	350	[2]	κρίσεις	_	_
4.2	351	[1]	εἶναι	_	_
4.2	352	[2]	τὰ	_	_
4.2	353	[2]	πάθη	_	_
4.2	354	[10]	.	b	_
4.2	355	[1]	εἰσόμεθα	_	_
4.2	356	[4]	δ	_	_
4.2	357	[6]	’	b	_
4.2	358	[1]	ἐναργέστερον	_	_
4.2	359	[1]	αὐτὰς	_	_
4.2	360	[1]	τὰς	_	_
4.2	361	[1]	ῥήσεις	_	_
4.2	362	[1]	αὐτοῦ	_	_
4.2	363	[1]	παραγράψαντες	_	_
4.2	364	[11]	.	b	_
4.2	365	[1]	ἔχει	_	_
4.2	366	[5]	δ	_	_
4.2	367	[7]	’	b	_
4.2	368	[2]	ἡ	_	_
4.2	369	[2]	μὲν	_	_
4.2	370	[1]	ἑτέρα	_	_
4.2	371	[1]	τόνδε	_	_
4.2	372	[5]	τὸν	_	_
4.2	373	[2]	τρόπον	_	_
4.2	374	[12]	.	b	_
4.2	375	[1]	δεῖ	_	_
4.2	376	[4]	δὲ	_	_
4.2	377	[1]	πρῶτον	_	_
4.2	378	[1]	ἐντεθυμῆσθαι	_	_
4.2	379	[29]	,	b	_
4.2	380	[1]	ὅτι	_	_
4.2	381	[6]	τὸ	_	_
4.2	382	[1]	λογικὸν	_	_
4.2	383	[1]	ζῶον	_	_
4.2	384	[1]	ἀκολουθητικὸν	_	_
4.2	385	[1]	φύσει	_	_
4.2	386	[1]	ἐστὶ	_	_
4.2	387	[3]	τῷ	_	_
4.2	388	[1]	λόγῳ	_	_
4.2	389	[30]	,	b	_
4.2	390	[20]	καὶ	_	_
4.2	391	[8]	κατὰ	_	_
4.2	392	[6]	τὸν	_	_
4.2	393	[1]	λόγον	_	_
4.2	394	[31]	,	b	_
4.2	395	[1]	ὡς	_	_
4.2	396	[1]	ἂν	_	_
4.2	397	[1]	ἡγεμόνα	_	_
4.2	398	[1]	πρακτικόν	_	_
4.2	399	[13]	.	b	_
4.2	400	[1]	πολλάκις	_	_
4.2	401	[3]	μέντοι	_	_
4.2	402	[21]	καὶ	_	_
4.2	403	[1]	ἄλλως	_	_
4.2	404	[1]	φέρεται	_	_
4.2	405	[2]	ἐπί	_	_
4.2	406	[2]	τινα	_	_
4.2	407	[32]	,	b	_
4.2	408	[22]	καὶ	_	_
4.2	409	[1]	ἀπό	_	_
4.2	410	[1]	τινων	_	_
4.2	411	[1]	ἀπειθῶς	_	_
4.2	412	[4]	τῷ	_	_
4.2	413	[2]	λόγῳ	_	_
4.2	414	[1]	ὠθούμενον	_	_
4.2	415	[3]	ἐπὶ	_	_
4.2	416	[1]	πλεῖον	_	_
4.2	417	[33]	,	b	_
4.2	418	[1]	καθ	_	_
4.2	419	[8]	’	b	_
4.2	420	[3]	ἣν	_	_
4.2	421	[1]	φορὰν	_	_
4.2	422	[1]	ἀμφότεροι	_	_
4.2	423	[1]	ἔχουσιν	_	_
4.2	424	[1]	οἱ	_	_
4.2	425	[1]	ὅροι	_	_
4.2	426	[8]	τῆς	_	_
4.2	427	[2]	παρὰ	_	_
4.2	428	[2]	φύσιν	_	_
4.2	429	[1]	κινήσεως	_	_
4.2	430	[1]	ἀλόγως	_	_
4.2	431	[1]	οὕτως	_	_
4.2	432	[1]	γινομένης	_	_
4.2	433	[34]	,	b	_
4.2	434	[23]	καὶ	_	_
4.2	435	[2]	τοῦ	_	_
4.2	436	[7]	ἐν	_	_
4.2	437	[2]	ταῖς	_	_
4.2	438	[1]	ὁρμαῖς	_	_
4.2	439	[1]	πλεονασμοῦ	_	_
4.2	440	[14]	.	b	_
4.2	441	[7]	τὸ	_	_
4.2	442	[8]	γὰρ	_	_
4.2	443	[3]	ἄλογον	_	_
4.2	444	[1]	τουτὶ	_	_
4.2	445	[1]	ληπτέον	_	_
4.2	446	[1]	ἀπειθὲς	_	_
4.2	447	[3]	λόγῳ	_	_
4.2	448	[35]	,	b	_
4.2	449	[24]	καὶ	_	_
4.2	450	[1]	ἀπεστραμμένον	_	_
4.2	451	[7]	τὸν	_	_
4.2	452	[2]	λόγον	_	_
4.2	453	[36]	,	b	_
4.2	454	[2]	καθ	_	_
4.2	455	[9]	’	b	_
4.2	456	[4]	ἣν	_	_
4.2	457	[2]	φορὰν	_	_
4.2	458	[25]	καὶ	_	_
4.2	459	[8]	ἐν	_	_
4.2	460	[5]	τῷ	_	_
4.2	461	[1]	ἔθει	_	_
4.2	462	[1]	τινάς	_	_
4.2	463	[1]	φαμεν	_	_
4.2	464	[1]	ὠθεῖσθαι	_	_
4.2	465	[37]	,	b	_
4.2	466	[26]	καὶ	_	_
4.2	467	[2]	ἀλόγως	_	_
4.2	468	[1]	φέρεσθαι	_	_
4.2	469	[1]	ἄνευ	_	_
4.2	470	[2]	λόγου	_	_
4.2	471	[2]	κρίσεως	_	_
4.2	472	[38]	,	b	_
4.2	473	[1]	οὐχὶ	_	_
4.2	474	[1]	εἰ	_	_
4.2	475	[1]	διημαρτημένως	_	_
4.2	476	[2]	φέρεται	_	_
4.2	477	[39]	,	b	_
4.2	478	[27]	καὶ	_	_
4.2	479	[1]	παριδών	_	_
4.2	480	[2]	τι	_	_
4.2	481	[9]	κατὰ	_	_
4.2	482	[8]	τὸν	_	_
4.2	483	[3]	λόγον	_	_
4.2	484	[40]	,	b	_
4.2	485	[1]	ταῦτ	_	_
4.2	486	[10]	’	b	_
4.2	487	[1]	ἐπισημαινόμεθα	_	_
4.2	488	[41]	,	b	_
4.2	489	[2]	ἀλλὰ	_	_
4.2	490	[1]	μάλιστα	_	_
4.2	491	[3]	καθ	_	_
4.2	492	[11]	’	b	_
4.2	493	[5]	ἣν	_	_
4.2	494	[1]	ὑπογράφει	_	_
4.2	495	[3]	φορὰν	_	_
4.2	496	[1]	οὐ	_	_
4.2	497	[1]	πεφυκότος	_	_
4.2	498	[3]	τοῦ	_	_
4.2	499	[1]	λογικοῦ	_	_
4.2	500	[1]	ζώου	_	_
4.2	501	[1]	κινεῖσθαι	_	_
4.2	502	[42]	,	b	_
4.2	503	[2]	οὕτως	_	_
4.2	504	[10]	κατὰ	_	_
4.2	505	[9]	τὴν	_	_
4.2	506	[2]	ψυχὴν	_	_
4.2	507	[43]	,	b	_
4.2	508	[3]	ἀλλὰ	_	_
4.2	509	[11]	κατὰ	_	_
4.2	510	[9]	τὸν	_	_
4.2	511	[4]	λόγον	_	_
4.2	512	[15]	.	b	_
4.2	513	[3]	ἡ	_	_
4.2	514	[3]	μὲν	_	_
4.2	515	[1]	οὖν	_	_
4.2	516	[2]	ἑτέρα	_	_
4.2	517	[7]	τῶν	_	_
4.2	518	[4]	τοῦ	_	_
4.2	519	[1]	Χρυσίππου	_	_
4.2	520	[1]	ῥήσεων	_	_
4.2	521	[1]	ἐξηγουμένη	_	_
4.2	522	[10]	τὸν	_	_
4.2	523	[1]	πρότερον	_	_
4.2	524	[8]	τῶν	_	_
4.2	525	[1]	ὅρων	_	_
4.2	526	[5]	τοῦ	_	_
4.2	527	[1]	πάθους	_	_
4.2	528	[1]	ἐνταυθοῖ	_	_
4.2	529	[1]	τελευτᾷ	_	_
4.2	530	[16]	.	b	_
4.2	531	[10]	τὴν	_	_
4.2	532	[6]	δ	_	_
4.2	533	[12]	’	b	_
4.2	534	[1]	ὑπόλοιπον	_	_
4.2	535	[44]	,	b	_
4.2	536	[9]	ἐν	_	_
4.2	537	[1]	ᾗ	_	_
4.2	538	[11]	τὸν	_	_
4.2	539	[1]	ἕτερον	_	_
4.2	540	[2]	ὅρον	_	_
4.2	541	[1]	ἐξηγεῖται	_	_
4.2	542	[45]	,	b	_
4.2	543	[1]	γεγραμμένην	_	_
4.2	544	[2]	ἐφεξῆς	_	_
4.2	545	[1]	τῇδε	_	_
4.2	546	[12]	κατὰ	_	_
4.2	547	[8]	τὸ	_	_
4.2	548	[2]	πρῶτον	_	_
4.2	549	[1]	σύγγραμμα	_	_
4.2	550	[1]	περὶ	_	_
4.2	551	[3]	παθῶν	_	_
4.2	552	[1]	ἤδη	_	_
4.2	553	[1]	σοι	_	_
4.2	554	[1]	παραθήσομαι	_	_
4.2	555	[17]	.	b	_
4.2	556	[13]	κατὰ	_	_
4.2	557	[1]	τοῦτο	_	_
4.2	558	[5]	δὲ	_	_
4.2	559	[28]	καὶ	_	_
4.2	560	[1]	ὁ	_	_
4.2	561	[1]	πλεονασμὸς	_	_
4.2	562	[9]	τῆς	_	_
4.2	563	[2]	ὁρμῆς	_	_
4.2	564	[1]	εἴρηται	_	_
4.2	565	[46]	,	b	_
4.2	566	[1]	διὰ	_	_
4.2	567	[9]	τὸ	_	_
4.2	568	[11]	τὴν	_	_
4.2	569	[4]	καθ	_	_
4.2	570	[13]	’	b	_
4.2	571	[1]	αὑτοὺς	_	_
4.2	572	[29]	καὶ	_	_
4.2	573	[1]	φυσικὴν	_	_
4.2	574	[9]	τῶν	_	_
4.2	575	[1]	ὁρμῶν	_	_
4.2	576	[1]	συμμετρίαν	_	_
4.2	577	[1]	ὑπερβαίνειν	_	_
4.2	578	[18]	.	b	_
4.2	579	[1]	γένοιτο	_	_
4.2	580	[7]	δ	_	_
4.2	581	[14]	’	b	_
4.2	582	[2]	ἂν	_	_
4.2	583	[10]	τὸ	_	_
4.2	584	[1]	λεγόμενον	_	_
4.2	585	[2]	διὰ	_	_
4.2	586	[2]	τούτων	_	_
4.2	587	[1]	γνωριμώτερον	_	_
4.2	588	[47]	,	b	_
4.2	589	[1]	οἷον	_	_
4.2	590	[4]	ἐπὶ	_	_
4.2	591	[6]	τοῦ	_	_
4.2	592	[1]	πορεύεσθαι	_	_
4.2	593	[5]	καθ	_	_
4.2	594	[15]	’	b	_
4.2	595	[3]	ὁρμὴν	_	_
4.2	596	[2]	οὐ	_	_
4.2	597	[1]	πλεονάζει	_	_
4.2	598	[4]	ἡ	_	_
4.2	599	[10]	τῶν	_	_
4.2	600	[1]	σκελῶν	_	_
4.2	601	[1]	κίνησις	_	_
4.2	602	[48]	,	b	_
4.2	603	[4]	ἀλλὰ	_	_
4.2	604	[1]	συναπαρτίζει	_	_
4.2	605	[3]	τι	_	_
4.2	606	[10]	τῆς	_	_
4.2	607	[3]	ὁρμῆς	_	_
4.2	608	[49]	,	b	_
4.2	609	[1]	ὥστε	_	_
4.2	610	[30]	καὶ	_	_
4.2	611	[1]	στῆναι	_	_
4.2	612	[50]	,	b	_
4.2	613	[1]	ὅταν	_	_
4.2	614	[1]	ἐθέλῃ	_	_
4.2	615	[51]	,	b	_
4.2	616	[31]	καὶ	_	_
4.2	617	[1]	μεταβάλλειν	_	_
4.2	618	[19]	.	b	_
4.2	619	[5]	ἐπὶ	_	_
4.2	620	[6]	δὲ	_	_
4.2	621	[11]	τῶν	_	_
4.2	622	[1]	τρεχόντων	_	_
4.2	623	[6]	καθ	_	_
4.2	624	[16]	’	b	_
4.2	625	[4]	ὁρμὴν	_	_
4.2	626	[1]	οὐκέτι	_	_
4.2	627	[1]	τοιοῦτον	_	_
4.2	628	[1]	γίνεται	_	_
4.2	629	[52]	,	b	_
4.2	630	[5]	ἀλλὰ	_	_
4.2	631	[2]	πλεονάζει	_	_
4.2	632	[3]	παρὰ	_	_
4.2	633	[12]	τὴν	_	_
4.2	634	[5]	ὁρμὴν	_	_
4.2	635	[5]	ἡ	_	_
4.2	636	[12]	τῶν	_	_
4.2	637	[2]	σκελῶν	_	_
4.2	638	[2]	κίνησις	_	_
4.2	639	[53]	,	b	_
4.2	640	[2]	ὥστε	_	_
4.2	641	[1]	ἐκφέρεσθαι	_	_
4.2	642	[32]	καὶ	_	_
4.2	643	[1]	μὴ	_	_
4.2	644	[2]	μεταβάλλειν	_	_
4.2	645	[1]	εὐπειθῶς	_	_
4.2	646	[3]	οὕτως	_	_
4.2	647	[1]	εὐθὺς	_	_
4.2	648	[1]	ἐναρξαμένων	_	_
4.2	649	[54]	,	b	_
4.2	650	[1]	αἷς	_	_
4.2	651	[1]	οἶμαί	_	_
4.2	652	[4]	τι	_	_
4.2	653	[1]	παραπλήσιον	_	_
4.2	654	[33]	καὶ	_	_
4.2	655	[6]	ἐπὶ	_	_
4.2	656	[13]	τῶν	_	_
4.2	657	[2]	ὁρμῶν	_	_
4.2	658	[1]	γίνεσθαι	_	_
4.2	659	[3]	διὰ	_	_
4.2	660	[11]	τὸ	_	_
4.2	661	[13]	τὴν	_	_
4.2	662	[14]	κατὰ	_	_
4.2	663	[5]	λόγον	_	_
4.2	664	[2]	ὑπερβαίνειν	_	_
4.2	665	[2]	συμμετρίαν	_	_
4.2	666	[55]	,	b	_
4.2	667	[1]	ὥσθ	_	_
4.2	668	[17]	’	b	_
4.2	669	[56]	,	b	_
4.2	670	[2]	ὅταν	_	_
4.2	671	[1]	ὁρμᾷ	_	_
4.2	672	[57]	,	b	_
4.2	673	[2]	μὴ	_	_
4.2	674	[2]	εὐπειθῶς	_	_
4.2	675	[1]	ἔχειν	_	_
4.2	676	[2]	πρὸς	_	_
4.2	677	[2]	αὐτὸν	_	_
4.2	678	[58]	,	b	_
4.2	679	[7]	ἐπὶ	_	_
4.2	680	[4]	μὲν	_	_
4.2	681	[7]	τοῦ	_	_
4.2	682	[1]	δρόμου	_	_
4.2	683	[8]	τοῦ	_	_
4.2	684	[2]	πλεονασμοῦ	_	_
4.2	685	[1]	λεγομένου	_	_
4.2	686	[4]	παρὰ	_	_
4.2	687	[14]	τὴν	_	_
4.2	688	[6]	ὁρμὴν	_	_
4.2	689	[59]	,	b	_
4.2	690	[8]	ἐπὶ	_	_
4.2	691	[7]	δὲ	_	_
4.2	692	[11]	τῆς	_	_
4.2	693	[4]	ὁρμῆς	_	_
4.2	694	[5]	παρὰ	_	_
4.2	695	[12]	τὸν	_	_
4.2	696	[6]	λόγον	_	_
4.2	697	[20]	.	b	_
4.2	698	[1]	συμμετρία	_	_
4.2	699	[1]	γάρ	_	_
4.2	700	[3]	ἐστι	_	_
4.2	701	[1]	φυσικῆς	_	_
4.2	702	[5]	ὁρμῆς	_	_
4.2	703	[6]	ἡ	_	_
4.2	704	[15]	κατὰ	_	_
4.2	705	[13]	τὸν	_	_
4.2	706	[7]	λόγον	_	_
4.2	707	[60]	,	b	_
4.2	708	[34]	καὶ	_	_
4.2	709	[1]	ἕως	_	_
4.2	710	[1]	τοσούτου	_	_
4.2	711	[61]	,	b	_
4.2	712	[35]	καὶ	_	_
4.2	713	[2]	ἕως	_	_
4.2	714	[3]	αὐτὸς	_	_
4.2	715	[1]	ἀξιοῖ	_	_
4.2	716	[21]	.	b	_
4.2	717	[1]	διὸ	_	_
4.2	718	[2]	δὴ	_	_
4.2	719	[36]	καὶ	_	_
4.2	720	[12]	τῆς	_	_
4.2	721	[1]	ὑπερβάσεως	_	_
4.2	722	[16]	κατὰ	_	_
4.2	723	[2]	τοῦτο	_	_
4.2	724	[37]	καὶ	_	_
4.2	725	[4]	οὕτως	_	_
4.2	726	[2]	γινομένης	_	_
4.2	727	[1]	πλεονάζουσά	_	_
4.2	728	[7]	τε	_	_
4.2	729	[1]	ὁρμὴ	_	_
4.2	730	[1]	λέγεται	_	_
4.2	731	[2]	εἶναι	_	_
4.2	732	[38]	καὶ	_	_
4.2	733	[6]	παρὰ	_	_
4.2	734	[3]	φύσιν	_	_
4.2	735	[39]	καὶ	_	_
4.2	736	[1]	ἄλογος	_	_
4.2	737	[3]	κίνησις	_	_
4.2	738	[3]	ψυχῆς	_	_
4.2	739	[22]	.	b	_
4.2	740	[5]	αἱ	_	_
4.2	741	[5]	μὲν	_	_
4.2	742	[9]	τοῦ	_	_
4.2	743	[2]	Χρυσίππου	_	_
4.2	744	[2]	ῥήσεις	_	_
4.2	745	[1]	αὗται	_	_
4.2	746	[23]	.	b	_
4.2	747	[1]	σκεψώμεθα	_	_
4.2	748	[8]	δ	_	_
4.2	749	[18]	’	b	_
4.2	750	[1]	ἀκριβέστερον	_	_
4.2	751	[2]	ὑπὲρ	_	_
4.2	752	[1]	ἑκατέρας	_	_
4.2	753	[2]	αὐτῶν	_	_
4.2	754	[1]	ἀπὸ	_	_
4.2	755	[13]	τῆς	_	_
4.2	756	[1]	προτέρας	_	_
4.2	757	[1]	ἀπαρξάμενοι	_	_
4.2	758	[62]	,	b	_
4.2	759	[7]	καθ	_	_
4.2	760	[19]	’	b	_
4.2	761	[6]	ἣν	_	_
4.2	762	[2]	ἐξηγεῖται	_	_
4.2	763	[63]	,	b	_
4.2	764	[1]	πῶς	_	_
4.2	765	[2]	εἴρηται	_	_
4.2	766	[12]	τὸ	_	_
4.2	767	[2]	πάθος	_	_
4.2	768	[2]	ἄλογος	_	_
4.2	769	[40]	καὶ	_	_
4.2	770	[7]	παρὰ	_	_
4.2	771	[4]	φύσιν	_	_
4.2	772	[4]	κίνησις	_	_
4.2	773	[4]	ψυχῆς	_	_
4.2	774	[24]	.	b	_
4.2	775	[1]	ἐπειδὴ	_	_
4.2	776	[9]	γὰρ	_	_
4.2	777	[1]	ἠπίστατο	_	_
4.2	778	[1]	δύο	_	_
4.2	779	[1]	σημαινόμενα	_	_
4.2	780	[3]	πρὸς	_	_
4.2	781	[14]	τῆς	_	_
4.2	782	[3]	ἄλογος	_	_
4.2	783	[1]	φωνῆς	_	_
4.2	784	[64]	,	b	_
4.2	785	[1]	ὧν	_	_
4.2	786	[13]	τὸ	_	_
4.2	787	[2]	ἕτερον	_	_
4.2	788	[1]	βούλεται	_	_
4.2	789	[2]	μόνον	_	_
4.2	790	[1]	δηλοῦσθαι	_	_
4.2	791	[17]	κατὰ	_	_
4.2	792	[14]	τὸν	_	_
4.2	793	[3]	ὅρον	_	_
4.2	794	[65]	,	b	_
4.2	795	[14]	τὸ	_	_
4.2	796	[2]	χωρὶς	_	_
4.2	797	[3]	κρίσεως	_	_
4.2	798	[66]	,	b	_
4.2	799	[1]	ὀρθῶς	_	_
4.2	800	[25]	.	b	_
4.2	801	[1]	ἐποίησε	_	_
4.2	802	[1]	μηδεμίαν	_	_
4.2	803	[1]	ὑπολιπόμενος	_	_
4.2	804	[1]	ἀμφιβολίαν	_	_
4.2	805	[67]	,	b	_
4.2	806	[1]	ἀλλ	_	_
4.2	807	[20]	’	b	_
4.2	808	[4]	αὐτὸς	_	_
4.2	809	[1]	δηλώσας	_	_
4.2	810	[68]	,	b	_
4.2	811	[2]	ὅτι	_	_
4.2	812	[15]	τὴν	_	_
4.2	813	[18]	κατὰ	_	_
4.2	814	[15]	τὸ	_	_
4.2	815	[3]	πάθος	_	_
4.2	816	[7]	ὁρμὴν	_	_
4.2	817	[4]	ἄλογον	_	_
4.2	818	[3]	εἶναί	_	_
4.2	819	[1]	φησι	_	_
4.2	820	[69]	,	b	_
4.2	821	[8]	καθ	_	_
4.2	822	[21]	’	b	_
4.2	823	[3]	ὅσον	_	_
4.2	824	[1]	ἀπέστραπται	_	_
4.2	825	[15]	τὸν	_	_
4.2	826	[8]	λόγον	_	_
4.2	827	[70]	,	b	_
4.2	828	[41]	καὶ	_	_
4.2	829	[1]	ἀπειθεῖ	_	_
4.2	830	[6]	τῷ	_	_
4.2	831	[4]	λόγῳ	_	_
4.2	832	[71]	,	b	_
4.2	833	[42]	καὶ	_	_
4.2	834	[3]	χωρὶς	_	_
4.2	835	[4]	κρίσεως	_	_
4.2	836	[2]	γίνεται	_	_
4.2	837	[26]	.	b	_
4.2	838	[4]	διὰ	_	_
4.2	839	[6]	μὲν	_	_
4.2	840	[2]	οὖν	_	_
4.2	841	[10]	τοῦ	_	_
4.2	842	[1]	ἀπεστράφθαι	_	_
4.2	843	[1]	φάναι	_	_
4.2	844	[16]	τὸν	_	_
4.2	845	[9]	λόγον	_	_
4.2	846	[1]	ἐχώρισε	_	_
4.2	847	[16]	τὴν	_	_
4.2	848	[19]	κατὰ	_	_
4.2	849	[16]	τὸ	_	_
4.2	850	[4]	πάθος	_	_
4.2	851	[5]	ἄλογον	_	_
4.2	852	[2]	κίνησιν	_	_
4.2	853	[14]	τῶν	_	_
4.2	854	[1]	ἀψύχων	_	_
4.2	855	[8]	τε	_	_
4.2	856	[43]	καὶ	_	_
4.2	857	[15]	τῶν	_	_
4.2	858	[1]	ἀλόγων	_	_
4.2	859	[1]	ζώων	_	_
4.2	860	[27]	.	b	_
4.2	861	[1]	κινεῖται	_	_
4.2	862	[7]	μὲν	_	_
4.2	863	[10]	γὰρ	_	_
4.2	864	[44]	καὶ	_	_
4.2	865	[1]	λίθος	_	_
4.2	866	[45]	καὶ	_	_
4.2	867	[1]	ξύλον	_	_
4.2	868	[2]	ἐνίοτε	_	_
4.2	869	[72]	,	b	_
4.2	870	[46]	καὶ	_	_
4.2	871	[16]	τῶν	_	_
4.2	872	[1]	ἄλλων	_	_
4.2	873	[1]	ἕκαστον	_	_
4.2	874	[17]	τῶν	_	_
4.2	875	[2]	ἀψύχων	_	_
4.2	876	[73]	,	b	_
4.2	877	[2]	ἀλλ	_	_
4.2	878	[22]	’	b	_
4.2	879	[1]	οὐχ	_	_
4.2	880	[2]	ὡς	_	_
4.2	881	[2]	ἀπεστραμμένον	_	_
4.2	882	[17]	τὸν	_	_
4.2	883	[10]	λόγον	_	_
4.2	884	[74]	,	b	_
4.2	885	[1]	οὔθ	_	_
4.2	886	[23]	’	b	_
4.2	887	[3]	ὡς	_	_
4.2	888	[1]	ἀπειθοῦν	_	_
4.2	889	[28]	.	b	_
4.2	890	[1]	ᾧ	_	_
4.2	891	[11]	γὰρ	_	_
4.2	892	[17]	τὴν	_	_
4.2	893	[1]	ἀρχὴν	_	_
4.2	894	[3]	μὴ	_	_
4.2	895	[1]	μέτεστι	_	_
4.2	896	[11]	τοῦ	_	_
4.2	897	[1]	πείθεσθαί	_	_
4.2	898	[9]	τε	_	_
4.2	899	[47]	καὶ	_	_
4.2	900	[1]	ἕπεσθαι	_	_
4.2	901	[7]	τῷ	_	_
4.2	902	[5]	λόγῳ	_	_
4.2	903	[75]	,	b	_
4.2	904	[3]	τοῦτο	_	_
4.2	905	[2]	πῶς	_	_
4.2	906	[3]	ἂν	_	_
4.2	907	[2]	ἢ	_	_
4.2	908	[1]	ἀπειθεῖν	_	_
4.2	909	[76]	,	b	_
4.2	910	[3]	ἢ	_	_
4.2	911	[2]	ἀπεστράφθαι	_	_
4.2	912	[1]	ποτὲ	_	_
4.2	913	[1]	δύναιτο	_	_
4.2	914	[18]	τὸν	_	_
4.2	915	[11]	λόγον	_	_
4.2	916	[1]	;	b	_
4.2	917	[3]	ἀλλ	_	_
4.2	918	[24]	’	b	_
4.2	919	[1]	ὅλως	_	_
4.2	920	[4]	μὴ	_	_
4.2	921	[1]	χρῆσθαι	_	_
4.2	922	[1]	λέγοιτο	_	_
4.2	923	[4]	ἂν	_	_
4.2	924	[1]	εἰκότως	_	_
4.2	925	[29]	.	b	_
4.2	926	[3]	ἀπεστράφθαι	_	_
4.2	927	[8]	δὲ	_	_
4.2	928	[48]	καὶ	_	_
4.2	929	[2]	ἀπειθεῖν	_	_
4.2	930	[1]	λεχθήσεται	_	_
4.2	931	[17]	τὸ	_	_
4.2	932	[5]	φύσιν	_	_
4.2	933	[8]	μὲν	_	_
4.2	934	[1]	ἔχον	_	_
4.2	935	[1]	ἕπεσθαί	_	_
4.2	936	[10]	τε	_	_
4.2	937	[49]	καὶ	_	_
4.2	938	[2]	πείθεσθαί	_	_
4.2	939	[77]	,	b	_
4.2	940	[8]	παρὰ	_	_
4.2	941	[6]	φύσιν	_	_
4.2	942	[3]	δέ	_	_
4.2	943	[1]	ποθ	_	_
4.2	944	[25]	’	b	_
4.2	945	[1]	ἑτέρως	_	_
4.2	946	[1]	φερόμενον	_	_
4.2	947	[30]	.	b	_
4.2	948	[1]	ἐκ	_	_
4.2	949	[9]	μὲν	_	_
4.2	950	[3]	δὴ	_	_
4.2	951	[18]	τῶν	_	_
4.2	952	[1]	τοιούτων	_	_
4.2	953	[1]	δείκνυται	_	_
4.2	954	[18]	τὸ	_	_
4.2	955	[1]	μήτ	_	_
4.2	956	[26]	’	b	_
4.2	957	[1]	ἀψύχῳ	_	_
4.2	958	[1]	τινὶ	_	_
4.2	959	[2]	μήτ	_	_
4.2	960	[27]	’	b	_
4.2	961	[1]	ἀλόγῳ	_	_
4.2	962	[1]	ζώῳ	_	_
4.2	963	[5]	πάθος	_	_
4.2	964	[1]	ἐγγίνεσθαι	_	_
4.2	965	[1]	ψυχικόν	_	_
4.2	966	[31]	.	b	_
4.2	967	[1]	ἐπειδὰν	_	_
4.2	968	[9]	δὲ	_	_
4.2	969	[1]	γράφῃ	_	_
4.2	970	[78]	,	b	_
4.2	971	[4]	χωρὶς	_	_
4.2	972	[3]	λόγου	_	_
4.2	973	[50]	καὶ	_	_
4.2	974	[5]	κρίσεως	_	_
4.2	975	[1]	γίγνεσθαι	_	_
4.2	976	[18]	τὴν	_	_
4.2	977	[20]	κατὰ	_	_
4.2	978	[19]	τὸ	_	_
4.2	979	[6]	πάθος	_	_
4.2	980	[3]	κίνησιν	_	_
4.2	981	[79]	,	b	_
4.2	982	[2]	εἶτα	_	_
4.2	983	[1]	συνάπτων	_	_
4.2	984	[3]	ἐφεξῆς	_	_
4.2	985	[1]	λέγῃ	_	_
4.2	986	[80]	,	b	_
4.2	987	[2]	οὐχὶ	_	_
4.2	988	[2]	εἰ	_	_
4.2	989	[2]	διημαρτημένως	_	_
4.2	990	[3]	φέρεται	_	_
4.2	991	[81]	,	b	_
4.2	992	[51]	καὶ	_	_
4.2	993	[2]	παριδών	_	_
4.2	994	[5]	τι	_	_
4.2	995	[21]	κατὰ	_	_
4.2	996	[19]	τὸν	_	_
4.2	997	[12]	λόγον	_	_
4.2	998	[82]	,	b	_
4.2	999	[52]	καὶ	_	_
4.2	1000	[1]	ἀπεστραμμένως	_	_
4.2	1001	[11]	τε	_	_
4.2	1002	[53]	καὶ	_	_
4.2	1003	[2]	ἀπειθῶς	_	_
4.2	1004	[1]	αὐτῷ	_	_
4.2	1005	[83]	,	b	_
4.2	1006	[1]	διορίζει	_	_
4.2	1007	[19]	τῶν	_	_
4.2	1008	[1]	ἁμαρτημάτων	_	_
4.2	1009	[3]	τὰ	_	_
4.2	1010	[3]	πάθη	_	_
4.2	1011	[54]	καὶ	_	_
4.2	1012	[1]	πάνυ	_	_
4.2	1013	[1]	δεόντως	_	_
4.2	1014	[32]	.	b	_
4.2	1015	[4]	τὰ	_	_
4.2	1016	[10]	μὲν	_	_
4.2	1017	[12]	γὰρ	_	_
4.2	1018	[1]	ἁμαρτήματα	_	_
4.2	1019	[1]	μοχθηραὶ	_	_
4.2	1020	[3]	κρίσεις	_	_
4.2	1021	[1]	εἰσὶ	_	_
4.2	1022	[84]	,	b	_
4.2	1023	[55]	καὶ	_	_
4.2	1024	[2]	ὁ	_	_
4.2	1025	[1]	λόγος	_	_
4.2	1026	[1]	ἐψευσμένος	_	_
4.2	1027	[15]	τῆς	_	_
4.2	1028	[1]	ἀληθείας	_	_
4.2	1029	[56]	καὶ	_	_
4.2	1030	[1]	διημαρτημένος	_	_
4.2	1031	[33]	.	b	_
4.2	1032	[20]	τὸ	_	_
4.2	1033	[10]	δὲ	_	_
4.2	1034	[7]	πάθος	_	_
4.2	1035	[1]	ἔμπαλιν	_	_
4.2	1036	[1]	οὐδὲν	_	_
4.2	1037	[11]	μὲν	_	_
4.2	1038	[1]	ἡμαρτημένον	_	_
4.2	1039	[85]	,	b	_
4.2	1040	[1]	οὐδὲ	_	_
4.2	1041	[1]	παρορώμενον	_	_
4.2	1042	[22]	κατὰ	_	_
4.2	1043	[20]	τὸν	_	_
4.2	1044	[1]	λογισμὸν	_	_
4.2	1045	[86]	,	b	_
4.2	1046	[1]	ἀπειθὴς	_	_
4.2	1047	[4]	δέ	_	_
4.2	1048	[4]	ἐστι	_	_
4.2	1049	[8]	τῷ	_	_
4.2	1050	[6]	λόγῳ	_	_
4.2	1051	[5]	κίνησις	_	_
4.2	1052	[5]	ψυχῆς	_	_
4.2	1053	[34]	.	b	_
4.2	1054	[3]	ὁ	_	_
4.2	1055	[12]	μὲν	_	_
4.2	1056	[13]	γὰρ	_	_
4.2	1057	[3]	ὑπὲρ	_	_
4.2	1058	[12]	τοῦ	_	_
4.2	1059	[1]	σῶσαι	_	_
4.2	1060	[19]	τὴν	_	_
4.2	1061	[1]	πατρίδα	_	_
4.2	1062	[16]	τῆς	_	_
4.2	1063	[1]	ζωῆς	_	_
4.2	1064	[57]	καὶ	_	_
4.2	1065	[20]	τῶν	_	_
4.2	1066	[1]	τέκνων	_	_
4.2	1067	[1]	καταφρονήσας	_	_
4.2	1068	[87]	,	b	_
4.2	1069	[58]	καὶ	_	_
4.2	1070	[1]	ἤτοι	_	_
4.2	1071	[1]	παραδοὺς	_	_
4.2	1072	[1]	ἑτέροις	_	_
4.2	1073	[1]	ἀποσφάττειν	_	_
4.2	1074	[88]	,	b	_
4.2	1075	[4]	ἢ	_	_
4.2	1076	[5]	αὐτὸς	_	_
4.2	1077	[1]	ὑπομείνας	_	_
4.2	1078	[1]	σφάξαι	_	_
4.2	1079	[89]	,	b	_
4.2	1080	[2]	τῇ	_	_
4.2	1081	[1]	γε	_	_
4.2	1082	[13]	τοῦ	_	_
4.2	1083	[1]	καλοῦ	_	_
4.2	1084	[1]	φαντασίᾳ	_	_
4.2	1085	[4]	τοῦτο	_	_
4.2	1086	[1]	δρᾷ	_	_
4.2	1087	[59]	καὶ	_	_
4.2	1088	[1]	λογισμῷ	_	_
4.2	1089	[1]	τινι	_	_
4.2	1090	[1]	χρησάμενος	_	_
4.2	1091	[35]	.	b	_
4.2	1092	[7]	ἡ	_	_
4.2	1093	[1]	Μήδεια	_	_
4.2	1094	[9]	δ	_	_
4.2	1095	[28]	’	b	_
4.2	1096	[2]	ἔμπαλιν	_	_
4.2	1097	[3]	οὐ	_	_
4.2	1098	[3]	μόνον	_	_
4.2	1099	[1]	ὑπ	_	_
4.2	1100	[29]	’	b	_
4.2	1101	[1]	οὐδενὸς	_	_
4.2	1102	[1]	ἐπείσθη	_	_
4.2	1103	[1]	λογισμοῦ	_	_
4.2	1104	[1]	κτείνειν	_	_
4.2	1105	[2]	τοὺς	_	_
4.2	1106	[1]	παῖδας	_	_
4.2	1107	[90]	,	b	_
4.2	1108	[6]	ἀλλὰ	_	_
4.2	1109	[60]	καὶ	_	_
4.2	1110	[1]	τοὐναντίον	_	_
4.2	1111	[1]	ἅπαν	_	_
4.2	1112	[4]	ὅσον	_	_
4.2	1113	[9]	ἐπὶ	_	_
4.2	1114	[9]	τῷ	_	_
4.2	1115	[2]	λογισμῷ	_	_
4.2	1116	[1]	μανθάνειν	_	_
4.2	1117	[1]	φησὶ	_	_
4.2	1118	[91]	,	b	_
4.2	1119	[1]	οἷα	_	_
4.2	1120	[1]	δρᾷν	_	_
4.2	1121	[1]	μέλλει	_	_
4.2	1122	[1]	κακὰ	_	_
4.2	1123	[92]	,	b	_
4.2	1124	[21]	τὸν	_	_
4.2	1125	[1]	θυμὸν	_	_
4.2	1126	[11]	δὲ	_	_
4.2	1127	[3]	εἶναι	_	_
4.2	1128	[1]	κρείττονα	_	_
4.2	1129	[21]	τῶν	_	_
4.2	1130	[1]	βουλευμάτων	_	_
4.2	1131	[93]	,	b	_
4.2	1132	[1]	τοὐτέστιν	_	_
4.2	1133	[2]	οὐχ	_	_
4.2	1134	[1]	ὑποτετάχθαι	_	_
4.2	1135	[61]	καὶ	_	_
4.2	1136	[1]	πείθεσθαι	_	_
4.2	1137	[62]	καὶ	_	_
4.2	1138	[2]	ἕπεσθαι	_	_
4.2	1139	[1]	καθάπερ	_	_
4.2	1140	[2]	τινὶ	_	_
4.2	1141	[1]	δεσπότῃ	_	_
4.2	1142	[10]	τῷ	_	_
4.2	1143	[7]	λόγῳ	_	_
4.2	1144	[21]	τὸ	_	_
4.2	1145	[8]	πάθος	_	_
4.2	1146	[94]	,	b	_
4.2	1147	[4]	ἀλλ	_	_
4.2	1148	[30]	’	b	_
4.2	1149	[1]	ἀφηνιάζειν	_	_
4.2	1150	[95]	,	b	_
4.2	1151	[63]	καὶ	_	_
4.2	1152	[1]	ἀποχωρεῖν	_	_
4.2	1153	[96]	,	b	_
4.2	1154	[64]	καὶ	_	_
4.2	1155	[3]	ἀπειθεῖν	_	_
4.2	1156	[11]	τῷ	_	_
4.2	1157	[1]	προστάγματι	_	_
4.2	1158	[97]	,	b	_
4.2	1159	[4]	ὡς	_	_
4.2	1160	[1]	ἑτέρας	_	_
4.2	1161	[1]	τινὸς	_	_
4.2	1162	[1]	ἔργον	_	_
4.2	1163	[5]	ἢ	_	_
4.2	1164	[1]	πάθημα	_	_
4.2	1165	[3]	δυνάμεως	_	_
4.2	1166	[1]	ὑπάρχον	_	_
4.2	1167	[98]	,	b	_
4.2	1168	[4]	οὐ	_	_
4.2	1169	[17]	τῆς	_	_
4.2	1170	[1]	λογιστικῆς	_	_
4.2	1171	[36]	.	b	_
4.2	1172	[3]	πῶς	_	_
4.2	1173	[14]	γὰρ	_	_
4.2	1174	[5]	ἂν	_	_
4.2	1175	[6]	ἢ	_	_
4.2	1176	[4]	ἀπειθεῖν	_	_
4.2	1177	[3]	ἑαυτῷ	_	_
4.2	1178	[6]	τι	_	_
4.2	1179	[2]	δύναιτο	_	_
4.2	1180	[99]	,	b	_
4.2	1181	[7]	ἢ	_	_
4.2	1182	[1]	ἀποστρέφεσθαι	_	_
4.2	1183	[1]	ἑαυτὸ	_	_
4.2	1184	[100]	,	b	_
4.2	1185	[8]	ἢ	_	_
4.2	1186	[5]	μὴ	_	_
4.2	1187	[3]	ἕπεσθαι	_	_
4.2	1188	[4]	ἑαυτῷ	_	_
4.2	1189	[2]	;	b	_
4.2	1190	[2]	ταυτὶ	_	_
4.2	1191	[13]	μὲν	_	_
4.2	1192	[3]	οὖν	_	_
4.2	1193	[1]	ἅπαντα	_	_
4.2	1194	[4]	πρὸς	_	_
4.2	1195	[12]	τῷ	_	_
4.2	1196	[1]	μηδὲν	_	_
4.2	1197	[2]	ἔχειν	_	_
4.2	1198	[1]	μεμπτὸν	_	_
4.2	1199	[1]	ἔτι	_	_
4.2	1200	[65]	καὶ	_	_
4.2	1201	[1]	ἀληθῶς	_	_
4.2	1202	[12]	τε	_	_
4.2	1203	[66]	καὶ	_	_
4.2	1204	[1]	διωρισμένως	_	_
4.2	1205	[67]	καὶ	_	_
4.2	1206	[23]	κατὰ	_	_
4.2	1207	[20]	τὴν	_	_
4.2	1208	[1]	Πλάτωνος	_	_
4.2	1209	[3]	εἴρηται	_	_
4.2	1210	[1]	γνώμην	_	_
4.2	1211	[37]	.	b	_
4.2	1212	[1]	παραπλησίως	_	_
4.2	1213	[12]	δὲ	_	_
4.2	1214	[68]	καὶ	_	_
4.2	1215	[5]	τὰ	_	_
4.2	1216	[24]	κατὰ	_	_
4.2	1217	[21]	τὴν	_	_
4.2	1218	[2]	ἐξήγησιν	_	_
4.2	1219	[14]	τοῦ	_	_
4.2	1220	[1]	δευτέρου	_	_
4.2	1221	[22]	τῶν	_	_
4.2	1222	[2]	ὅρων	_	_
4.2	1223	[2]	ὑπ	_	_
4.2	1224	[31]	’	b	_
4.2	1225	[2]	αὐτοῦ	_	_
4.2	1226	[1]	γεγραμμένα	_	_
4.2	1227	[101]	,	b	_
4.2	1228	[1]	δι	_	_
4.2	1229	[32]	’	b	_
4.2	1230	[1]	ἧς	_	_
4.2	1231	[1]	ἐμνημόνευσε	_	_
4.2	1232	[69]	καὶ	_	_
4.2	1233	[23]	τῶν	_	_
4.2	1234	[2]	τρεχόντων	_	_
4.2	1235	[1]	ὠκέως	_	_
4.2	1236	[102]	,	b	_
4.2	1237	[1]	οἳ	_	_
4.2	1238	[1]	μηδ	_	_
4.2	1239	[33]	’	b	_
4.2	1240	[3]	εἰ	_	_
4.2	1241	[2]	στῆναι	_	_
4.2	1242	[1]	βούλοιντο	_	_
4.2	1243	[103]	,	b	_
4.2	1244	[1]	παραχρῆμα	_	_
4.2	1245	[1]	δύναιντο	_	_
4.2	1246	[1]	πράττειν	_	_
4.2	1247	[1]	αὐτό	_	_
4.2	1248	[38]	.	b	_
4.2	1249	[1]	σαφῶς	_	_
4.2	1250	[15]	γὰρ	_	_
4.2	1251	[2]	κᾀνταῦθα	_	_
4.2	1252	[1]	ἔνδειξις	_	_
4.2	1253	[1]	γίγνεται	_	_
4.2	1254	[4]	δυνάμεως	_	_
4.2	1255	[2]	ἑτέρας	_	_
4.2	1256	[9]	παρὰ	_	_
4.2	1257	[22]	τὸν	_	_
4.2	1258	[13]	λόγον	_	_
4.2	1259	[104]	,	b	_
4.2	1260	[1]	ὑφ	_	_
4.2	1261	[34]	’	b	_
4.2	1262	[2]	ἧς	_	_
4.2	1263	[1]	ἀπο	_	_
4.2	1264	[1]	τελεῖται	_	_
4.2	1265	[6]	τὰ	_	_
4.2	1266	[2]	παθήματα	_	_
4.2	1267	[39]	.	b	_
4.2	1268	[1]	γνοίημεν	_	_
4.2	1269	[10]	δ	_	_
4.2	1270	[35]	’	b	_
4.2	1271	[6]	ἂν	_	_
4.2	1272	[2]	ἐναργέστερον	_	_
4.2	1273	[105]	,	b	_
4.2	1274	[4]	εἰ	_	_
4.2	1275	[22]	τὴν	_	_
4.2	1276	[1]	αἰτίαν	_	_
4.2	1277	[1]	ἐξεύροιμεν	_	_
4.2	1278	[106]	,	b	_
4.2	1279	[2]	ὑφ	_	_
4.2	1280	[36]	’	b	_
4.2	1281	[3]	ἧς	_	_
4.2	1282	[1]	συμβαίνει	_	_
4.2	1283	[6]	μὴ	_	_
4.2	1284	[1]	δύνασθαι	_	_
4.2	1285	[3]	στῆναι	_	_
4.2	1286	[2]	παραχρῆμα	_	_
4.2	1287	[1]	πολλοὺς	_	_
4.2	1288	[24]	τῶν	_	_
4.2	1289	[1]	θεόντων	_	_
4.2	1290	[40]	.	b	_
4.2	1291	[8]	ἡ	_	_
4.2	1292	[11]	δ	_	_
4.2	1293	[37]	’	b	_
4.2	1294	[1]	εὕρεσις	_	_
4.2	1295	[1]	ἐξ	_	_
4.2	1296	[3]	αὐτοῦ	_	_
4.2	1297	[1]	γένοιτ	_	_
4.2	1298	[38]	’	b	_
4.2	1299	[7]	ἂν	_	_
4.2	1300	[1]	ἡμῖν	_	_
4.2	1301	[15]	τοῦ	_	_
4.2	1302	[7]	μὴ	_	_
4.2	1303	[1]	πᾶσιν	_	_
4.2	1304	[5]	οὕτως	_	_
4.2	1305	[1]	συμβαίνειν	_	_
4.2	1306	[107]	,	b	_
4.2	1307	[5]	ἀλλ	_	_
4.2	1308	[39]	’	b	_
4.2	1309	[1]	ὅσοι	_	_
4.2	1310	[2]	δι	_	_
4.2	1311	[40]	’	b	_
4.2	1312	[1]	ὁμαλοῦς	_	_
4.2	1313	[1]	τινος	_	_
4.2	1314	[9]	ἢ	_	_
4.2	1315	[1]	κατάντους	_	_
4.2	1316	[1]	φέρονται	_	_
4.2	1317	[41]	.	b	_
4.2	1318	[25]	τῶν	_	_
4.2	1319	[14]	μὲν	_	_
4.2	1320	[16]	γὰρ	_	_
4.2	1321	[1]	ἀνάντη	_	_
4.2	1322	[1]	χωρία	_	_
4.2	1323	[1]	διαθεόντων	_	_
4.2	1324	[5]	οὐκ	_	_
4.2	1325	[2]	ἔτι	_	_
4.2	1326	[1]	οὕτω	_	_
4.2	1327	[5]	τοῦτο	_	_
4.2	1328	[1]	συμπίπτει	_	_
4.2	1329	[3]	·	b	_
4.2	1330	[3]	παραχρῆμα	_	_
4.2	1331	[2]	γοῦν	_	_
4.2	1332	[1]	ἵστανται	_	_
4.2	1333	[1]	βουληθέντες	_	_
4.2	1334	[108]	,	b	_
4.2	1335	[5]	ὡς	_	_
4.2	1336	[8]	ἂν	_	_
4.2	1337	[18]	τῆς	_	_
4.2	1338	[1]	ῥοπῆς	_	_
4.2	1339	[16]	τοῦ	_	_
4.2	1340	[1]	σώματος	_	_
4.2	1341	[8]	μὴ	_	_
4.2	1342	[1]	φερούσης	_	_
4.2	1343	[1]	αὐτοὺς	_	_
4.2	1344	[1]	βιαίως	_	_
4.2	1345	[1]	κάτω	_	_
4.2	1346	[109]	,	b	_
4.2	1347	[2]	καθάπερ	_	_
4.2	1348	[1]	ἐκείνους	_	_
4.2	1349	[1]	ἔφερε	_	_
4.2	1350	[42]	.	b	_
4.2	1351	[1]	σύνθετος	_	_
4.2	1352	[17]	γὰρ	_	_
4.2	1353	[3]	αὐτῶν	_	_
4.2	1354	[1]	ἔνεστιν	_	_
4.2	1355	[9]	ἡ	_	_
4.2	1356	[19]	τῆς	_	_
4.2	1357	[1]	φορᾶς	_	_
4.2	1358	[1]	αἰτία	_	_
4.2	1359	[110]	,	b	_
4.2	1360	[10]	ἡ	_	_
4.2	1361	[2]	μέν	_	_
4.2	1362	[1]	τις	_	_
4.2	1363	[6]	ὡς	_	_
4.2	1364	[2]	ζώων	_	_
4.2	1365	[3]	ὑφ	_	_
4.2	1366	[41]	’	b	_
4.2	1367	[6]	ὁρμῆς	_	_
4.2	1368	[1]	κινουμένων	_	_
4.2	1369	[111]	,	b	_
4.2	1370	[11]	ἡ	_	_
4.2	1371	[12]	δ	_	_
4.2	1372	[42]	’	b	_
4.2	1373	[7]	ὡς	_	_
4.2	1374	[3]	ἀψύχων	_	_
4.2	1375	[1]	σωμάτων	_	_
4.2	1376	[13]	τῷ	_	_
4.2	1377	[1]	βάρει	_	_
4.2	1378	[1]	ῥεπόντων	_	_
4.2	1379	[43]	.	b	_
4.2	1380	[2]	οὕτω	_	_
4.2	1381	[3]	γοῦν	_	_
4.2	1382	[70]	καὶ	_	_
4.2	1383	[1]	λίθοι	_	_
4.2	1384	[2]	πολλάκις	_	_
4.2	1385	[1]	ὀρῶν	_	_
4.2	1386	[1]	καταφέρονται	_	_
4.2	1387	[4]	στῆναι	_	_
4.2	1388	[1]	μεταξὺ	_	_
4.2	1389	[9]	μὴ	_	_
4.2	1390	[1]	δυνάμενοι	_	_
4.2	1391	[112]	,	b	_
4.2	1392	[1]	πρὶν	_	_
4.2	1393	[1]	ἐξικέσθαι	_	_
4.2	1394	[1]	πρός	_	_
4.2	1395	[7]	τι	_	_
4.2	1396	[1]	χωρίον	_	_
4.2	1397	[1]	ὁμαλὸν	_	_
4.2	1398	[10]	ἢ	_	_
4.2	1399	[1]	κοῖλον	_	_
4.2	1400	[44]	.	b	_
4.2	1401	[3]	ὥστε	_	_
4.2	1402	[71]	καὶ	_	_
4.2	1403	[25]	κατὰ	_	_
4.2	1404	[6]	τοῦτο	_	_
4.2	1405	[22]	τὸ	_	_
4.2	1406	[2]	παράδειγμα	_	_
4.2	1407	[2]	δυνάμεώς	_	_
4.2	1408	[1]	ἐστιν	_	_
4.2	1409	[2]	ἔνδειξις	_	_
4.2	1410	[3]	ἑτέρας	_	_
4.2	1411	[10]	παρὰ	_	_
4.2	1412	[23]	τὸν	_	_
4.2	1413	[2]	λογισμὸν	_	_
4.2	1414	[113]	,	b	_
4.2	1415	[3]	ἀλόγου	_	_
4.2	1416	[23]	τὴν	_	_
4.2	1417	[7]	φύσιν	_	_
4.2	1418	[114]	,	b	_
4.2	1419	[1]	οἵα	_	_
4.2	1420	[1]	πέρ	_	_
4.2	1421	[2]	ἐστιν	_	_
4.2	1422	[10]	ἐν	_	_
4.2	1423	[4]	τοῖς	_	_
4.2	1424	[26]	τῶν	_	_
4.2	1425	[3]	ζώων	_	_
4.2	1426	[1]	σώμασι	_	_
4.2	1427	[23]	τὸ	_	_
4.2	1428	[1]	βάρος	_	_
4.2	1429	[45]	.	b	_
4.2	1430	[3]	ὅτι	_	_
4.2	1431	[13]	δ	_	_
4.2	1432	[43]	’	b	_
4.2	1433	[5]	οὐ	_	_
4.2	1434	[1]	δύνανται	_	_
4.2	1435	[5]	διὰ	_	_
4.2	1436	[7]	τοῦτο	_	_
4.2	1437	[5]	στῆναι	_	_
4.2	1438	[2]	βουληθέντες	_	_
4.2	1439	[115]	,	b	_
4.2	1440	[6]	οὐ	_	_
4.2	1441	[4]	μόνον	_	_
4.2	1442	[2]	ἐκ	_	_
4.2	1443	[20]	τῆς	_	_
4.2	1444	[27]	τῶν	_	_
4.2	1445	[1]	ἀναντῶν	_	_
4.2	1446	[13]	τε	_	_
4.2	1447	[72]	καὶ	_	_
4.2	1448	[1]	καταντῶν	_	_
4.2	1449	[1]	χωρίων	_	_
4.2	1450	[1]	διαφορᾶς	_	_
4.2	1451	[1]	ἔνεστι	_	_
4.2	1452	[1]	μαθεῖν	_	_
4.2	1453	[116]	,	b	_
4.2	1454	[7]	ἀλλὰ	_	_
4.2	1455	[73]	καὶ	_	_
4.2	1456	[3]	ἐκ	_	_
4.2	1457	[21]	τῆς	_	_
4.2	1458	[11]	ἐν	_	_
4.2	1459	[1]	αὐτοῖς	_	_
4.2	1460	[5]	τοῖς	_	_
4.2	1461	[1]	ὁμαλέσι	_	_
4.2	1462	[1]	διαφόρου	_	_
4.2	1463	[2]	κινήσεως	_	_
4.2	1464	[46]	.	b	_
4.2	1465	[4]	ὁ	_	_
4.2	1466	[15]	μὲν	_	_
4.2	1467	[18]	γὰρ	_	_
4.2	1468	[1]	εἰς	_	_
4.2	1469	[1]	τοὐπίσω	_	_
4.2	1470	[24]	τὴν	_	_
4.2	1471	[1]	ῥοπὴν	_	_
4.2	1472	[17]	τοῦ	_	_
4.2	1473	[2]	σώματος	_	_
4.2	1474	[1]	ποιησάμενος	_	_
4.2	1475	[12]	ἐν	_	_
4.2	1476	[14]	τῷ	_	_
4.2	1477	[1]	τρέχειν	_	_
4.2	1478	[1]	αὐτοκράτωρ	_	_
4.2	1479	[2]	ἐστὶ	_	_
4.2	1480	[18]	τοῦ	_	_
4.2	1481	[6]	στῆναι	_	_
4.2	1482	[117]	,	b	_
4.2	1483	[5]	ὁ	_	_
4.2	1484	[14]	δ	_	_
4.2	1485	[44]	’	b	_
4.2	1486	[2]	εἰς	_	_
4.2	1487	[24]	τὸ	_	_
4.2	1488	[1]	ἔμπροσθεν	_	_
4.2	1489	[3]	ὑπ	_	_
4.2	1490	[45]	’	b	_
4.2	1491	[1]	ἐκείνης	_	_
4.2	1492	[1]	κωλύεται	_	_
4.2	1493	[47]	.	b	_
4.2	1494	[74]	καὶ	_	_
4.2	1495	[3]	δι	_	_
4.2	1496	[46]	’	b	_
4.2	1497	[2]	αὐτό	_	_
4.2	1498	[2]	γε	_	_
4.2	1499	[8]	τοῦτο	_	_
4.2	1500	[3]	οὕτω	_	_
4.2	1501	[1]	θέουσιν	_	_
4.2	1502	[1]	ἅπαντες	_	_
4.2	1503	[118]	,	b	_
4.2	1504	[4]	ὑπ	_	_
4.2	1505	[47]	’	b	_
4.2	1506	[2]	αὐτῆς	_	_
4.2	1507	[19]	τοῦ	_	_
4.2	1508	[1]	πράγματος	_	_
4.2	1509	[4]	·	b	_
4.2	1510	[22]	τῆς	_	_
4.2	1511	[1]	φύσεως	_	_
4.2	1512	[1]	διδασκόμενοι	_	_
4.2	1513	[1]	συντελεῖν	_	_
4.2	1514	[25]	τὴν	_	_
4.2	1515	[3]	εἰς	_	_
4.2	1516	[25]	τὸ	_	_
4.2	1517	[1]	πρόσω	_	_
4.2	1518	[2]	ῥοπὴν	_	_
4.2	1519	[15]	τῷ	_	_
4.2	1520	[1]	τάχει	_	_
4.2	1521	[23]	τῆς	_	_
4.2	1522	[3]	κινήσεως	_	_
4.2	1523	[48]	.	b	_
4.2	1524	[1]	ὥσπερ	_	_
4.2	1525	[4]	οὖν	_	_
4.2	1526	[10]	ἐπὶ	_	_
4.2	1527	[20]	τοῦ	_	_
4.2	1528	[1]	παραδείγματος	_	_
4.2	1529	[119]	,	b	_
4.2	1530	[1]	ὦ	_	_
4.2	1531	[1]	γενναιότατε	_	_
4.2	1532	[1]	Χρύσιππε	_	_
4.2	1533	[120]	,	b	_
4.2	1534	[6]	τοῖς	_	_
4.2	1535	[16]	μὲν	_	_
4.2	1536	[2]	μηδὲν	_	_
4.2	1537	[1]	ὑπὸ	_	_
4.2	1538	[21]	τοῦ	_	_
4.2	1539	[26]	κατὰ	_	_
4.2	1540	[26]	τὸ	_	_
4.2	1541	[1]	σῶμα	_	_
4.2	1542	[1]	βάρους	_	_
4.2	1543	[4]	εἰς	_	_
4.2	1544	[1]	τάχος	_	_
4.2	1545	[4]	κινήσεως	_	_
4.2	1546	[1]	ὠφελουμένοις	_	_
4.2	1547	[1]	ἕτοιμον	_	_
4.2	1548	[27]	τὸ	_	_
4.2	1549	[7]	στῆναι	_	_
4.2	1550	[121]	,	b	_
4.2	1551	[7]	τοῖς	_	_
4.2	1552	[15]	δ	_	_
4.2	1553	[48]	’	b	_
4.2	1554	[4]	ἐκ	_	_
4.2	1555	[1]	διττῆς	_	_
4.2	1556	[1]	αἰτίας	_	_
4.2	1557	[28]	τὸ	_	_
4.2	1558	[2]	τάχος	_	_
4.2	1559	[1]	γεννῶσιν	_	_
4.2	1560	[6]	οὐκ	_	_
4.2	1561	[1]	ἔθ	_	_
4.2	1562	[49]	’	b	_
4.2	1563	[12]	ἡ	_	_
4.2	1564	[1]	βούλησις	_	_
4.2	1565	[1]	ἱκανὴ	_	_
4.2	1566	[122]	,	b	_
4.2	1567	[27]	κατὰ	_	_
4.2	1568	[24]	τὸν	_	_
4.2	1569	[3]	αὐτὸν	_	_
4.2	1570	[3]	τρόπον	_	_
4.2	1571	[11]	ἐπὶ	_	_
4.2	1572	[28]	τῶν	_	_
4.2	1573	[24]	τῆς	_	_
4.2	1574	[6]	ψυχῆς	_	_
4.2	1575	[3]	ὁρμῶν	_	_
4.2	1576	[123]	,	b	_
4.2	1577	[3]	ὅταν	_	_
4.2	1578	[17]	μὲν	_	_
4.2	1579	[6]	ὁ	_	_
4.2	1580	[1]	λογισμὸς	_	_
4.2	1581	[1]	μόνος	_	_
4.2	1582	[1]	ἔχη	_	_
4.2	1583	[26]	τὴν	_	_
4.2	1584	[2]	αἰτίαν	_	_
4.2	1585	[124]	,	b	_
4.2	1586	[1]	ἐπ	_	_
4.2	1587	[50]	’	b	_
4.2	1588	[2]	αὐτῷ	_	_
4.2	1589	[1]	παῦσαι	_	_
4.2	1590	[27]	τὴν	_	_
4.2	1591	[1]	ὁρμήν	_	_
4.2	1592	[5]	·	b	_
4.2	1593	[4]	ὅταν	_	_
4.2	1594	[16]	δ	_	_
4.2	1595	[51]	’	b	_
4.2	1596	[2]	ἤτοι	_	_
4.2	1597	[1]	θυμὸς	_	_
4.2	1598	[11]	ἢ	_	_
4.2	1599	[1]	ἐπιθυμία	_	_
4.2	1600	[2]	τις	_	_
4.2	1601	[3]	αὐτῷ	_	_
4.2	1602	[1]	προσέλθῃ	_	_
4.2	1603	[125]	,	b	_
4.2	1604	[1]	δυνάμεις	_	_
4.2	1605	[1]	ἄλογοί	_	_
4.2	1606	[14]	τε	_	_
4.2	1607	[75]	καὶ	_	_
4.2	1608	[1]	παραπλήσιαι	_	_
4.2	1609	[16]	τῷ	_	_
4.2	1610	[28]	κατὰ	_	_
4.2	1611	[29]	τὸ	_	_
4.2	1612	[2]	σῶμα	_	_
4.2	1613	[2]	βάρει	_	_
4.2	1614	[126]	,	b	_
4.2	1615	[4]	παραχρῆμα	_	_
4.2	1616	[18]	μὲν	_	_
4.2	1617	[3]	οὐχ	_	_
4.2	1618	[1]	οἷόν	_	_
4.2	1619	[15]	τε	_	_
4.2	1620	[8]	στῆναι	_	_
4.2	1621	[127]	,	b	_
4.2	1622	[1]	χρόνῳ	_	_
4.2	1623	[17]	δ	_	_
4.2	1624	[52]	’	b	_
4.2	1625	[9]	ἂν	_	_
4.2	1626	[1]	ἴσως	_	_
4.2	1627	[2]	γένοιτο	_	_
4.2	1628	[76]	καὶ	_	_
4.2	1629	[9]	τοῦτο	_	_
4.2	1630	[128]	,	b	_
4.2	1631	[3]	καθάπερ	_	_
4.2	1632	[12]	ἐπὶ	_	_
4.2	1633	[29]	τῶν	_	_
4.2	1634	[2]	θεόντων	_	_
4.2	1635	[49]	.	b	_
4.2	1636	[30]	τὸ	_	_
4.2	1637	[18]	δ	_	_
4.2	1638	[53]	’	b	_
4.2	1639	[2]	ἴσως	_	_
4.2	1640	[17]	τῷ	_	_
4.2	1641	[8]	λόγῳ	_	_
4.2	1642	[1]	προσέθηκα	_	_
4.2	1643	[6]	διὰ	_	_
4.2	1644	[28]	τὴν	_	_
4.2	1645	[30]	τῶν	_	_
4.2	1646	[29]	κατὰ	_	_
4.2	1647	[1]	μέρος	_	_
4.2	1648	[1]	αἰτίων	_	_
4.2	1649	[129]	,	b	_
4.2	1650	[1]	ὅσα	_	_
4.2	1651	[16]	τε	_	_
4.2	1652	[1]	κινεῖ	_	_
4.2	1653	[29]	τὴν	_	_
4.2	1654	[8]	ὁρμὴν	_	_
4.2	1655	[130]	,	b	_
4.2	1656	[1]	ἄνισον	_	_
4.2	1657	[1]	δύναμιν	_	_
4.2	1658	[50]	.	b	_
4.2	1659	[2]	ἐπειδὴ	_	_
4.2	1660	[19]	γὰρ	_	_
4.2	1661	[77]	καὶ	_	_
4.2	1662	[2]	λογισμὸς	_	_
4.2	1663	[2]	αὐτὴν	_	_
4.2	1664	[2]	κινεῖ	_	_
4.2	1665	[131]	,	b	_
4.2	1666	[78]	καὶ	_	_
4.2	1667	[2]	ἐπιθυμία	_	_
4.2	1668	[132]	,	b	_
4.2	1669	[79]	καὶ	_	_
4.2	1670	[2]	θυμὸς	_	_
4.2	1671	[133]	,	b	_
4.2	1672	[13]	ἡ	_	_
4.2	1673	[19]	μὲν	_	_
4.2	1674	[4]	ὑφ	_	_
4.2	1675	[54]	’	b	_
4.2	1676	[1]	ἑνὸς	_	_
4.2	1677	[4]	αὐτῶν	_	_
4.2	1678	[1]	συστᾶσα	_	_
4.2	1679	[134]	,	b	_
4.2	1680	[31]	τῶν	_	_
4.2	1681	[2]	ἄλλων	_	_
4.2	1682	[1]	ἡσυχαζόντων	_	_
4.2	1683	[135]	,	b	_
4.2	1684	[5]	ὑπ	_	_
4.2	1685	[55]	’	b	_
4.2	1686	[1]	ἐκείνου	_	_
4.2	1687	[2]	μόνου	_	_
4.2	1688	[1]	δεσπόζεται	_	_
4.2	1689	[51]	.	b	_
4.2	1690	[1]	ὥστ	_	_
4.2	1691	[56]	’	b	_
4.2	1692	[136]	,	b	_
4.2	1693	[5]	εἰ	_	_
4.2	1694	[20]	μὲν	_	_
4.2	1695	[2]	ὑπὸ	_	_
4.2	1696	[22]	τοῦ	_	_
4.2	1697	[2]	λογισμοῦ	_	_
4.2	1698	[3]	γένοιτο	_	_
4.2	1699	[137]	,	b	_
4.2	1700	[80]	καὶ	_	_
4.2	1701	[1]	καταπαύειν	_	_
4.2	1702	[3]	αὐτὴν	_	_
4.2	1703	[81]	καὶ	_	_
4.2	1704	[1]	αὖθις	_	_
4.2	1705	[1]	ἐπεγείρειν	_	_
4.2	1706	[2]	οἷόν	_	_
4.2	1707	[17]	τε	_	_
4.2	1708	[7]	διὰ	_	_
4.2	1709	[3]	μόνου	_	_
4.2	1710	[23]	τοῦ	_	_
4.2	1711	[1]	βουληθῆναι	_	_
4.2	1712	[138]	,	b	_
4.2	1713	[6]	εἰ	_	_
4.2	1714	[19]	δ	_	_
4.2	1715	[57]	’	b	_
4.2	1716	[3]	ὑπὸ	_	_
4.2	1717	[1]	θυμοῦ	_	_
4.2	1718	[2]	τινος	_	_
4.2	1719	[12]	ἢ	_	_
4.2	1720	[2]	ἐπιθυμίας	_	_
4.2	1721	[139]	,	b	_
4.2	1722	[5]	ὅταν	_	_
4.2	1723	[1]	ἐκεῖνα	_	_
4.2	1724	[1]	λωφήσῃ	_	_
4.2	1725	[140]	,	b	_
4.2	1726	[7]	εἰ	_	_
4.2	1727	[20]	δ	_	_
4.2	1728	[58]	’	b	_
4.2	1729	[5]	ὑφ	_	_
4.2	1730	[59]	’	b	_
4.2	1731	[1]	ἑκατέρων	_	_
4.2	1732	[1]	ἐνεργούντων	_	_
4.2	1733	[1]	γίγνοιτο	_	_
4.2	1734	[141]	,	b	_
4.2	1735	[3]	λογισμοῦ	_	_
4.2	1736	[1]	θ	_	_
4.2	1737	[60]	’	b	_
4.2	1738	[3]	ἅμα	_	_
4.2	1739	[1]	καί	_	_
4.2	1740	[3]	τινος	_	_
4.2	1741	[4]	ἀλόγου	_	_
4.2	1742	[5]	δυνάμεως	_	_
4.2	1743	[52]	.	b	_
4.2	1744	[8]	εἰ	_	_
4.2	1745	[21]	μὲν	_	_
4.2	1746	[5]	οὖν	_	_
4.2	1747	[1]	ἀντισπῶντος	_	_
4.2	1748	[24]	τοῦ	_	_
4.2	1749	[4]	λογισμοῦ	_	_
4.2	1750	[142]	,	b	_
4.2	1751	[1]	κρατήσει	_	_
4.2	1752	[31]	τὸ	_	_
4.2	1753	[1]	ἰσχυρότερον	_	_
4.2	1754	[143]	,	b	_
4.2	1755	[9]	εἰ	_	_
4.2	1756	[13]	δὲ	_	_
4.2	1757	[1]	συνεκθέοντος	_	_
4.2	1758	[144]	,	b	_
4.2	1759	[1]	οὐδέποτε	_	_
4.2	1760	[1]	παύσεται	_	_
4.2	1761	[53]	.	b	_
4.2	1762	[1]	λέγω	_	_
4.2	1763	[14]	δὲ	_	_
4.2	1764	[1]	συνεκθεῖν	_	_
4.2	1765	[18]	τῷ	_	_
4.2	1766	[1]	πάθει	_	_
4.2	1767	[25]	τὸν	_	_
4.2	1768	[3]	λογισμὸν	_	_
4.2	1769	[145]	,	b	_
4.2	1770	[6]	ὅταν	_	_
4.2	1771	[146]	,	b	_
4.2	1772	[1]	ἅπερ	_	_
4.2	1773	[1]	ἐκεῖνο	_	_
4.2	1774	[1]	πράττει	_	_
4.2	1775	[147]	,	b	_
4.2	1776	[82]	καὶ	_	_
4.2	1777	[7]	ὁ	_	_
4.2	1778	[3]	λογισμὸς	_	_
4.2	1779	[1]	δοξάζῃ	_	_
4.2	1780	[148]	,	b	_
4.2	1781	[2]	ὥσπερ	_	_
4.2	1782	[13]	ἐπὶ	_	_
4.2	1783	[32]	τῶν	_	_
4.2	1784	[1]	ἀκολάστων	_	_
4.2	1785	[54]	.	b	_
4.2	1786	[1]	δοξάζουσι	_	_
4.2	1787	[20]	γὰρ	_	_
4.2	1788	[1]	ἀγαθὸν	_	_
4.2	1789	[4]	εἶναι	_	_
4.2	1790	[1]	μέγιστον	_	_
4.2	1791	[1]	οὗτοι	_	_
4.2	1792	[30]	τὴν	_	_
4.2	1793	[1]	ἀπόλαυσιν	_	_
4.2	1794	[33]	τῶν	_	_
4.2	1795	[1]	ἡδίστων	_	_
4.2	1796	[149]	,	b	_
4.2	1797	[1]	ἑκουσίως	_	_
4.2	1798	[1]	ἑπομένου	_	_
4.2	1799	[30]	κατὰ	_	_
4.2	1800	[31]	τὴν	_	_
4.2	1801	[3]	ψυχὴν	_	_
4.2	1802	[5]	αὐτῶν	_	_
4.2	1803	[25]	τοῦ	_	_
4.2	1804	[5]	λογισμοῦ	_	_
4.2	1805	[3]	τῇ	_	_
4.2	1806	[1]	ἐπιθυμίᾳ	_	_
4.2	1807	[55]	.	b	_
4.2	1808	[1]	ἀντιτείνειν	_	_
4.2	1809	[5]	δέ	_	_
4.2	1810	[1]	φημι	_	_
4.2	1811	[26]	τὸν	_	_
4.2	1812	[4]	λογισμὸν	_	_
4.2	1813	[19]	τῷ	_	_
4.2	1814	[2]	πάθει	_	_
4.2	1815	[150]	,	b	_
4.2	1816	[10]	μὴ	_	_
4.2	1817	[1]	δοξάζοντος	_	_
4.2	1818	[22]	μὲν	_	_
4.2	1819	[1]	τἀνθρώπου	_	_
4.2	1820	[151]	,	b	_
4.2	1821	[1]	καλὸν	_	_
4.2	1822	[13]	ἢ	_	_
4.2	1823	[2]	ἀγαθὸν	_	_
4.2	1824	[5]	εἶναι	_	_
4.2	1825	[32]	τὴν	_	_
4.2	1826	[2]	ἀπόλαυσιν	_	_
4.2	1827	[25]	τῆς	_	_
4.2	1828	[1]	προκειμένης	_	_
4.2	1829	[1]	ἡδονῆς	_	_
4.2	1830	[152]	,	b	_
4.2	1831	[1]	ἑλκομένου	_	_
4.2	1832	[6]	δέ	_	_
4.2	1833	[2]	πως	_	_
4.2	1834	[2]	ἐπ	_	_
4.2	1835	[61]	’	b	_
4.2	1836	[4]	αὐτὴν	_	_
4.2	1837	[8]	διὰ	_	_
4.2	1838	[33]	τὴν	_	_
4.2	1839	[26]	τῆς	_	_
4.2	1840	[1]	ἐπιθυμητικῆς	_	_
4.2	1841	[6]	δυνάμεως	_	_
4.2	1842	[1]	ἰσχυρὰν	_	_
4.2	1843	[4]	κίνησιν	_	_
4.2	1844	[56]	.	b	_
4.2	1845	[6]	ἀλλ	_	_
4.2	1846	[62]	’	b	_
4.2	1847	[10]	εἰ	_	_
4.2	1848	[23]	μὲν	_	_
4.2	1849	[8]	ὁ	_	_
4.2	1850	[4]	λογισμὸς	_	_
4.2	1851	[1]	κρατήσειεν	_	_
4.2	1852	[153]	,	b	_
4.2	1853	[1]	ἐγκρατὴς	_	_
4.2	1854	[2]	ἑαυτοῦ	_	_
4.2	1855	[18]	τε	_	_
4.2	1856	[83]	καὶ	_	_
4.2	1857	[34]	τῶν	_	_
4.2	1858	[3]	ἑαυτοῦ	_	_
4.2	1859	[4]	παθῶν	_	_
4.2	1860	[9]	ὁ	_	_
4.2	1861	[1]	τοιοῦτος	_	_
4.2	1862	[1]	ἄνθρωπός	_	_
4.2	1863	[5]	ἐστι	_	_
4.2	1864	[19]	τε	_	_
4.2	1865	[84]	καὶ	_	_
4.2	1866	[2]	λέγεται	_	_
4.2	1867	[154]	,	b	_
4.2	1868	[11]	εἰ	_	_
4.2	1869	[21]	δ	_	_
4.2	1870	[63]	’	b	_
4.2	1871	[3]	ἐπιθυμία	_	_
4.2	1872	[155]	,	b	_
4.2	1873	[2]	τοὐναντίον	_	_
4.2	1874	[1]	τῷδε	_	_
4.2	1875	[1]	πρόσρημα	_	_
4.2	1876	[1]	λαβὼν	_	_
4.2	1877	[1]	ἀκρατὴς	_	_
4.2	1878	[1]	ὀνομάζεται	_	_
4.2	1879	[57]	.	b	_
4.2	1880	[7]	ὅταν	_	_
4.2	1881	[22]	δ	_	_
4.2	1882	[64]	’	b	_
4.2	1883	[4]	ὑπὸ	_	_
4.2	1884	[26]	τοῦ	_	_
4.2	1885	[6]	λογισμοῦ	_	_
4.2	1886	[4]	μόνου	_	_
4.2	1887	[5]	πρὸς	_	_
4.2	1888	[34]	τὴν	_	_
4.2	1889	[35]	τῶν	_	_
4.2	1890	[1]	ἡδέων	_	_
4.2	1891	[1]	ἄγηται	_	_
4.2	1892	[1]	χρῆσιν	_	_
4.2	1893	[156]	,	b	_
4.2	1894	[10]	ὁ	_	_
4.2	1895	[2]	τοιοῦτος	_	_
4.2	1896	[1]	σώφρων	_	_
4.2	1897	[1]	καλεῖται	_	_
4.2	1898	[157]	,	b	_
4.2	1899	[1]	σκοπὸν	_	_
4.2	1900	[27]	τῆς	_	_
4.2	1901	[1]	αἱρέσεως	_	_
4.2	1902	[6]	αὐτῶν	_	_
4.2	1903	[7]	οὐ	_	_
4.2	1904	[35]	τὴν	_	_
4.2	1905	[3]	ἀπόλαυσιν	_	_
4.2	1906	[158]	,	b	_
4.2	1907	[8]	ἀλλὰ	_	_
4.2	1908	[36]	τὴν	_	_
4.2	1909	[1]	ὠφέλειαν	_	_
4.2	1910	[1]	πεποιημένος	_	_
4.2	1911	[159]	,	b	_
4.2	1912	[3]	ὥσπερ	_	_
4.2	1913	[3]	γε	_	_
4.2	1914	[85]	καὶ	_	_
4.2	1915	[1]	ἀκόλαστος	_	_
4.2	1916	[11]	ὁ	_	_
4.2	1917	[6]	πρὸς	_	_
4.2	1918	[28]	τῆς	_	_
4.2	1919	[3]	ἐπιθυμίας	_	_
4.2	1920	[1]	μόνης	_	_
4.2	1921	[1]	ἀγόμενος	_	_
4.2	1922	[160]	,	b	_
4.2	1923	[1]	ἀκολουθοῦντος	_	_
4.2	1924	[1]	αὐτῇ	_	_
4.2	1925	[27]	τοῦ	_	_
4.2	1926	[4]	λόγου	_	_
4.2	1927	[161]	,	b	_
4.2	1928	[4]	καθάπερ	_	_
4.2	1929	[2]	τινὸς	_	_
4.2	1930	[1]	οἰκέτου	_	_
4.2	1931	[58]	.	b	_
4.2	1932	[4]	τῇ	_	_
4.2	1933	[1]	τοιαύτῃ	_	_
4.2	1934	[1]	συμπλοκῇ	_	_
4.2	1935	[36]	τῶν	_	_
4.2	1936	[2]	τὰς	_	_
4.2	1937	[2]	ὁρμὰς	_	_
4.2	1938	[1]	κινούντων	_	_
4.2	1939	[2]	αἰτίων	_	_
4.2	1940	[1]	μαρτυρεῖ	_	_
4.2	1941	[86]	καὶ	_	_
4.2	1942	[32]	τὸ	_	_
4.2	1943	[28]	τοῦ	_	_
4.2	1944	[3]	Χρυσίππου	_	_
4.2	1945	[3]	παράδειγμα	_	_
4.2	1946	[59]	.	b	_
4.2	1947	[37]	τῶν	_	_
4.2	1948	[24]	μὲν	_	_
4.2	1949	[21]	γὰρ	_	_
4.2	1950	[7]	πρὸς	_	_
4.2	1951	[1]	ἄναντες	_	_
4.2	1952	[3]	θεόντων	_	_
4.2	1953	[14]	ἡ	_	_
4.2	1954	[1]	λογικὴ	_	_
4.2	1955	[1]	μόνη	_	_
4.2	1956	[1]	δύναμις	_	_
4.2	1957	[1]	ἡγεῖται	_	_
4.2	1958	[162]	,	b	_
4.2	1959	[38]	τῶν	_	_
4.2	1960	[23]	δ	_	_
4.2	1961	[65]	’	b	_
4.2	1962	[1]	ἀκουσίως	_	_
4.2	1963	[14]	ἐπὶ	_	_
4.2	1964	[1]	κρημνὸν	_	_
4.2	1965	[1]	φερομένων	_	_
4.2	1966	[15]	ἡ	_	_
4.2	1967	[4]	ἄλογος	_	_
4.2	1968	[163]	,	b	_
4.2	1969	[1]	ἥνπερ	_	_
4.2	1970	[4]	δὴ	_	_
4.2	1971	[33]	τὸ	_	_
4.2	1972	[2]	βάρος	_	_
4.2	1973	[29]	τοῦ	_	_
4.2	1974	[3]	σώματος	_	_
4.2	1975	[1]	ἔφαμεν	_	_
4.2	1976	[4]	ὑπάρχειν	_	_
4.2	1977	[164]	,	b	_
4.2	1978	[39]	τῶν	_	_
4.2	1979	[24]	δ	_	_
4.2	1980	[66]	’	b	_
4.2	1981	[1]	ἐς	_	_
4.2	1982	[34]	τὸ	_	_
4.2	1983	[1]	κάταντες	_	_
4.2	1984	[4]	θεόντων	_	_
4.2	1985	[1]	ἀμφότεραι	_	_
4.2	1986	[60]	.	b	_
4.2	1987	[4]	οὕτω	_	_
4.2	1988	[15]	δὲ	_	_
4.2	1989	[87]	καὶ	_	_
4.2	1990	[40]	τῶν	_	_
4.2	1991	[2]	ἐφ	_	_
4.2	1992	[67]	’	b	_
4.2	1993	[2]	ὁμαλοῦς	_	_
4.2	1994	[165]	,	b	_
4.2	1995	[12]	εἰ	_	_
4.2	1996	[2]	πρόσω	_	_
4.2	1997	[1]	ῥέποιεν	_	_
4.2	1998	[166]	,	b	_
4.2	1999	[8]	ὡς	_	_
4.2	2000	[167]	,	b	_
4.2	2001	[2]	εἴγε	_	_
4.2	2002	[1]	ἀνανεύοιεν	_	_
4.2	2003	[1]	ὀπίσω	_	_
4.2	2004	[168]	,	b	_
4.2	2005	[1]	θέοιεν	_	_
4.2	2006	[25]	μὲν	_	_
4.2	2007	[10]	ἂν	_	_
4.2	2008	[5]	οὕτω	_	_
4.2	2009	[4]	γε	_	_
4.2	2010	[41]	τῶν	_	_
4.2	2011	[1]	ἑτέρων	_	_
4.2	2012	[1]	ἧττον	_	_
4.2	2013	[169]	,	b	_
4.2	2014	[1]	ἵσταιντο	_	_
4.2	2015	[25]	δ	_	_
4.2	2016	[68]	’	b	_
4.2	2017	[11]	ἂν	_	_
4.2	2018	[170]	,	b	_
4.2	2019	[1]	ὁπότε	_	_
4.2	2020	[1]	βουληθεῖεν	_	_
4.2	2021	[61]	.	b	_
4.2	2022	[4]	ὥστε	_	_
4.2	2023	[2]	οὐδὲν	_	_
4.2	2024	[1]	ἄχρι	_	_
4.2	2025	[5]	γε	_	_
4.2	2026	[29]	τῆς	_	_
4.2	2027	[42]	τῶν	_	_
4.2	2028	[3]	ὅρων	_	_
4.2	2029	[1]	ἐξηγήσεως	_	_
4.2	2030	[12]	ὁ	_	_
4.2	2031	[1]	Χρύσιππος	_	_
4.2	2032	[1]	ἐναντίον	_	_
4.2	2033	[1]	ἀπεφήνατο	_	_
4.2	2034	[8]	τοῖς	_	_
4.2	2035	[1]	παλαιοῖς	_	_
4.2	2036	[62]	.	b	_
4.3	1	[1]	Ὁπόταν	_	_
4.3	2	[1]	δ	_	_
4.3	3	[1]	’	b	_
4.3	4	[1]	ἐφεξῆς	_	_
4.3	5	[1]	ἐπισκέπτηται	_	_
4.3	6	[1]	,	b	_
4.3	7	[1]	πότερον	_	_
4.3	8	[1]	κρίσεις	_	_
4.3	9	[1]	τινὰς	_	_
4.3	10	[1]	ἢ	_	_
4.3	11	[1]	κρίσεσιν	_	_
4.3	12	[1]	ἑπόμενα	_	_
4.3	13	[1]	χρὴ	_	_
4.3	14	[1]	νομίζειν	_	_
4.3	15	[1]	εἶναι	_	_
4.3	16	[1]	τὰ	_	_
4.3	17	[1]	πάθη	_	_
4.3	18	[2]	,	b	_
4.3	19	[1]	καθ	_	_
4.3	20	[2]	’	b	_
4.3	21	[1]	ἑκάτερα	_	_
4.3	22	[1]	μὲν	_	_
4.3	23	[1]	ἀποχωρεῖ	_	_
4.3	24	[1]	τῶν	_	_
4.3	25	[1]	παλαιῶν	_	_
4.3	26	[3]	,	b	_
4.3	27	[1]	πολὺ	_	_
4.3	28	[1]	δὲ	_	_
4.3	29	[1]	μᾶλλον	_	_
4.3	30	[1]	ἐν	_	_
4.3	31	[1]	τῷ	_	_
4.3	32	[1]	τὸ	_	_
4.3	33	[1]	φαυλότερον	_	_
4.3	34	[1]	ἡγεῖσθαι	_	_
4.3	35	[1]	.	b	_
4.3	36	[1]	καὶ	_	_
4.3	37	[1]	γὰρ	_	_
4.3	38	[1]	Ζήνωνι	_	_
4.3	39	[1]	κατά	_	_
4.3	40	[1]	γε	_	_
4.3	41	[1]	τοῦτο	_	_
4.3	42	[4]	,	b	_
4.3	43	[2]	καὶ	_	_
4.3	44	[1]	ἑαυτῷ	_	_
4.3	45	[5]	,	b	_
4.3	46	[3]	καὶ	_	_
4.3	47	[1]	πολλοῖς	_	_
4.3	48	[1]	ἄλλοις	_	_
4.3	49	[1]	μάχεται	_	_
4.3	50	[2]	τῶν	_	_
4.3	51	[1]	Στωϊκῶν	_	_
4.3	52	[6]	,	b	_
4.3	53	[1]	οἳ	_	_
4.3	54	[1]	οὐ	_	_
4.3	55	[1]	τὰς	_	_
4.3	56	[2]	κρίσεις	_	_
4.3	57	[1]	αὐτὰς	_	_
4.3	58	[1]	τῆς	_	_
4.3	59	[1]	ψυχῆς	_	_
4.3	60	[7]	,	b	_
4.3	61	[1]	ἀλλὰ	_	_
4.3	62	[4]	καὶ	_	_
4.3	63	[2]	τὰς	_	_
4.3	64	[1]	ἐπὶ	_	_
4.3	65	[1]	ταύταις	_	_
4.3	66	[1]	ἀλόγους	_	_
4.3	67	[1]	συστολὰς	_	_
4.3	68	[8]	,	b	_
4.3	69	[5]	καὶ	_	_
4.3	70	[1]	ταπεινώσεις	_	_
4.3	71	[9]	,	b	_
4.3	72	[6]	καὶ	_	_
4.3	73	[1]	δείξεις	_	_
4.3	74	[10]	,	b	_
4.3	75	[1]	ἐπάρσεις	_	_
4.3	76	[1]	τε	_	_
4.3	77	[7]	καὶ	_	_
4.3	78	[1]	διαχύσεις	_	_
4.3	79	[1]	ὑπολαμβάνουσιν	_	_
4.3	80	[2]	εἶναι	_	_
4.3	81	[2]	τὰ	_	_
4.3	82	[2]	τῆς	_	_
4.3	83	[2]	ψυχῆς	_	_
4.3	84	[2]	πάθη	_	_
4.3	85	[2]	.	b	_
4.3	86	[1]	Ποσειδώνιος	_	_
4.3	87	[1]	μέν	_	_
4.3	88	[2]	γε	_	_
4.3	89	[1]	τελέως	_	_
4.3	90	[1]	ἀπεχώρησεν	_	_
4.3	91	[1]	ἀμφοτέρων	_	_
4.3	92	[3]	τῶν	_	_
4.3	93	[1]	δοξῶν	_	_
4.3	94	[11]	,	b	_
4.3	95	[1]	οὔτε	_	_
4.3	96	[2]	γὰρ	_	_
4.3	97	[3]	κρίσεις	_	_
4.3	98	[12]	,	b	_
4.3	99	[2]	οὔτε	_	_
4.3	100	[1]	ἐπιγινόμενα	_	_
4.3	101	[2]	κρίσεσιν	_	_
4.3	102	[13]	,	b	_
4.3	103	[1]	ἀλλ	_	_
4.3	104	[3]	’	b	_
4.3	105	[1]	ὑπὸ	_	_
4.3	106	[3]	τῆς	_	_
4.3	107	[1]	θυμοειδοῦς	_	_
4.3	108	[2]	τε	_	_
4.3	109	[8]	καὶ	_	_
4.3	110	[1]	ἐπιθυμητικῆς	_	_
4.3	111	[1]	δυνάμεως	_	_
4.3	112	[1]	ἡγεῖται	_	_
4.3	113	[1]	γίγνεσθαι	_	_
4.3	114	[3]	τὰ	_	_
4.3	115	[3]	πάθη	_	_
4.3	116	[14]	,	b	_
4.3	117	[1]	κατὰ	_	_
4.3	118	[1]	πᾶν	_	_
4.3	119	[1]	ἀκολουθήσας	_	_
4.3	120	[2]	τῷ	_	_
4.3	121	[1]	παλαιῷ	_	_
4.3	122	[1]	λόγῳ	_	_
4.3	123	[3]	.	b	_
4.3	124	[9]	καὶ	_	_
4.3	125	[1]	πυνθάνεταί	_	_
4.3	126	[3]	γε	_	_
4.3	127	[1]	τοὺς	_	_
4.3	128	[1]	περὶ	_	_
4.3	129	[1]	τὸν	_	_
4.3	130	[1]	Χρύσιππον	_	_
4.3	131	[1]	οὐκ	_	_
4.3	132	[1]	ὀλιγάκις	_	_
4.3	133	[2]	ἐν	_	_
4.3	134	[1]	τῇ	_	_
4.3	135	[2]	περὶ	_	_
4.3	136	[1]	παθῶν	_	_
4.3	137	[1]	ἑαυτοῦ	_	_
4.3	138	[1]	πραγματείᾳ	_	_
4.3	139	[15]	,	b	_
4.3	140	[1]	τίς	_	_
4.3	141	[1]	ἡ	_	_
4.3	142	[4]	τῆς	_	_
4.3	143	[1]	πλεοναζούσης	_	_
4.3	144	[1]	ὁρμῆς	_	_
4.3	145	[1]	ἐστιν	_	_
4.3	146	[1]	αἰτία	_	_
4.3	147	[4]	.	b	_
4.3	148	[1]	ὁ	_	_
4.3	149	[2]	μὲν	_	_
4.3	150	[3]	γὰρ	_	_
4.3	151	[1]	λόγος	_	_
4.3	152	[2]	οὐκ	_	_
4.3	153	[1]	ἂν	_	_
4.3	154	[1]	δύναιτό	_	_
4.3	155	[4]	γε	_	_
4.3	156	[1]	πλεονάζειν	_	_
4.3	157	[1]	παρὰ	_	_
4.3	158	[4]	τὰ	_	_
4.3	159	[2]	ἑαυτοῦ	_	_
4.3	160	[1]	πράγματά	_	_
4.3	161	[3]	τε	_	_
4.3	162	[10]	καὶ	_	_
4.3	163	[1]	μέτρα	_	_
4.3	164	[5]	.	b	_
4.3	165	[1]	πρόδηλον	_	_
4.3	166	[1]	οὖν	_	_
4.3	167	[16]	,	b	_
4.3	168	[1]	ὡς	_	_
4.3	169	[1]	ἑτέρα	_	_
4.3	170	[1]	τις	_	_
4.3	171	[1]	ἄλογός	_	_
4.3	172	[1]	ἐστι	_	_
4.3	173	[1]	δύναμις	_	_
4.3	174	[2]	αἰτία	_	_
4.3	175	[1]	τοῦ	_	_
4.3	176	[1]	πλεονάζεσθαι	_	_
4.3	177	[1]	τὴν	_	_
4.3	178	[1]	ὁρμὴν	_	_
4.3	179	[1]	ὑπὲρ	_	_
4.3	180	[5]	τὰ	_	_
4.3	181	[2]	μέτρα	_	_
4.3	182	[2]	τοῦ	_	_
4.3	183	[1]	λόγου	_	_
4.3	184	[17]	,	b	_
4.3	185	[1]	καθάπερ	_	_
4.3	186	[3]	τοῦ	_	_
4.3	187	[2]	πλεονάζεσθαι	_	_
4.3	188	[2]	τὸν	_	_
4.3	189	[1]	δρόμον	_	_
4.3	190	[2]	ὑπὲρ	_	_
4.3	191	[6]	τὰ	_	_
4.3	192	[3]	μέτρα	_	_
4.3	193	[5]	τῆς	_	_
4.3	194	[1]	προαιρέσεως	_	_
4.3	195	[1]	ἄλογος	_	_
4.3	196	[2]	ἡ	_	_
4.3	197	[3]	αἰτία	_	_
4.3	198	[18]	,	b	_
4.3	199	[2]	τὸ	_	_
4.3	200	[1]	βάρος	_	_
4.3	201	[4]	τοῦ	_	_
4.3	202	[1]	σώματος	_	_
4.3	203	[6]	.	b	_
4.3	204	[2]	ἀλλ	_	_
4.3	205	[4]	’	b	_
4.3	206	[2]	οὐ	_	_
4.3	207	[2]	τοῦτο	_	_
4.3	208	[1]	θαυμαστὸν	_	_
4.3	209	[19]	,	b	_
4.3	210	[1]	εἰ	_	_
4.3	211	[2]	πολλοῖς	_	_
4.3	212	[1]	ἐναντία	_	_
4.3	213	[1]	λέγει	_	_
4.3	214	[1]	Χρύσιππος	_	_
4.3	215	[20]	,	b	_
4.3	216	[1]	ὥσπερ	_	_
4.3	217	[1]	οὐδ	_	_
4.3	218	[5]	’	b	_
4.3	219	[1]	ὅτι	_	_
4.3	220	[6]	τῆς	_	_
4.3	221	[1]	ἀληθείας	_	_
4.3	222	[1]	ἀπέσφαλται	_	_
4.3	223	[21]	,	b	_
4.3	224	[1]	(	a	_
4.3	225	[1]	συγγνώμη	_	_
4.3	226	[4]	γὰρ	_	_
4.3	227	[1]	ἀνθρώπῳ	_	_
4.3	228	[5]	γε	_	_
4.3	229	[1]	ὄντι	_	_
4.3	230	[11]	καὶ	_	_
4.3	231	[1]	ἁμαρτάνοντι	_	_
4.3	232	[1]	ὡραῖόν	_	_
4.3	233	[1]	τι	_	_
4.3	234	[22]	,	b	_
4.3	235	[1]	)	b	_
4.3	236	[3]	ἀλλ	_	_
4.3	237	[6]	’	b	_
4.3	238	[2]	ὅτι	_	_
4.3	239	[1]	μήτε	_	_
4.3	240	[1]	ἐπεχείρησεν	_	_
4.3	241	[1]	ὅλως	_	_
4.3	242	[7]	τὰ	_	_
4.3	243	[1]	πρὸς	_	_
4.3	244	[4]	τῶν	_	_
4.3	245	[2]	παλαιῶν	_	_
4.3	246	[1]	εἰρημένα	_	_
4.3	247	[1]	διαλύσασθαι	_	_
4.3	248	[23]	,	b	_
4.3	249	[12]	καὶ	_	_
4.3	250	[2]	πρὸς	_	_
4.3	251	[1]	αὑτὸν	_	_
4.3	252	[1]	διαφέρεται	_	_
4.3	253	[24]	,	b	_
4.3	254	[1]	νυνὶ	_	_
4.3	255	[3]	μὲν	_	_
4.3	256	[1]	γίνεσθαι	_	_
4.3	257	[1]	νομίζων	_	_
4.3	258	[8]	τὰ	_	_
4.3	259	[4]	πάθη	_	_
4.3	260	[1]	ἄνευ	_	_
4.3	261	[2]	λόγου	_	_
4.3	262	[13]	καὶ	_	_
4.3	263	[1]	κρίσεως	_	_
4.3	264	[25]	,	b	_
4.3	265	[2]	νυνὶ	_	_
4.3	266	[2]	δ	_	_
4.3	267	[7]	’	b	_
4.3	268	[3]	οὐ	_	_
4.3	269	[1]	μόνον	_	_
4.3	270	[3]	κρίσεσιν	_	_
4.3	271	[1]	ἕπεσθαι	_	_
4.3	272	[1]	φάσκων	_	_
4.3	273	[26]	,	b	_
4.3	274	[4]	ἀλλ	_	_
4.3	275	[8]	’	b	_
4.3	276	[1]	αὐτὸ	_	_
4.3	277	[1]	δὴ	_	_
4.3	278	[3]	τοῦτο	_	_
4.3	279	[4]	κρίσεις	_	_
4.3	280	[3]	εἶναι	_	_
4.3	281	[7]	.	b	_
4.3	282	[3]	τὸ	_	_
4.3	283	[5]	γὰρ	_	_
4.3	284	[1]	μηδ	_	_
4.3	285	[9]	’	b	_
4.3	286	[2]	ὅλως	_	_
4.3	287	[1]	ἐφάπτεσθαι	_	_
4.3	288	[2]	κρίσεως	_	_
4.3	289	[1]	ἐναντιώτατον	_	_
4.3	290	[1]	δήπου	_	_
4.3	291	[3]	τῷ	_	_
4.3	292	[1]	κρίσιν	_	_
4.3	293	[4]	εἶναι	_	_
4.3	294	[4]	τὸ	_	_
4.3	295	[1]	πάθος	_	_
4.3	296	[27]	,	b	_
4.3	297	[2]	εἰ	_	_
4.3	298	[1]	μὴ	_	_
4.3	299	[1]	νὴ	_	_
4.3	300	[1]	Δία	_	_
4.3	301	[1]	βοηθῶν	_	_
4.3	302	[2]	τις	_	_
4.3	303	[1]	αὐτῷ	_	_
4.3	304	[1]	φαίη	_	_
4.3	305	[28]	,	b	_
4.3	306	[1]	πλείω	_	_
4.3	307	[1]	σημαίνειν	_	_
4.3	308	[5]	τὸ	_	_
4.3	309	[7]	τῆς	_	_
4.3	310	[3]	κρίσεως	_	_
4.3	311	[1]	ὄνομα	_	_
4.3	312	[29]	,	b	_
4.3	313	[14]	καὶ	_	_
4.3	314	[2]	κατὰ	_	_
4.3	315	[4]	μὲν	_	_
4.3	316	[2]	τὴν	_	_
4.3	317	[1]	ἐξήγησιν	_	_
4.3	318	[5]	τοῦ	_	_
4.3	319	[1]	ὅρου	_	_
4.3	320	[3]	τὴν	_	_
4.3	321	[1]	οἷον	_	_
4.3	322	[1]	περίσκεψιν	_	_
4.3	323	[1]	εἰρῆσθαι	_	_
4.3	324	[2]	κρίσιν	_	_
4.3	325	[30]	,	b	_
4.3	326	[2]	ὡς	_	_
4.3	327	[5]	εἶναι	_	_
4.3	328	[6]	τὸ	_	_
4.3	329	[2]	ἄνευ	_	_
4.3	330	[4]	κρίσεως	_	_
4.3	331	[1]	ἴσον	_	_
4.3	332	[4]	τῷ	_	_
4.3	333	[3]	ἄνευ	_	_
4.3	334	[1]	περισκέψεως	_	_
4.3	335	[31]	,	b	_
4.3	336	[1]	ἔνθα	_	_
4.3	337	[2]	δὲ	_	_
4.3	338	[5]	κρίσεις	_	_
4.3	339	[1]	εἶναί	_	_
4.3	340	[1]	φησι	_	_
4.3	341	[9]	τὰ	_	_
4.3	342	[5]	πάθη	_	_
4.3	343	[32]	,	b	_
4.3	344	[3]	τὰς	_	_
4.3	345	[1]	ὁρμάς	_	_
4.3	346	[4]	τε	_	_
4.3	347	[15]	καὶ	_	_
4.3	348	[4]	τὰς	_	_
4.3	349	[1]	συγκαταθέσεις	_	_
4.3	350	[1]	ὀνομάζεσθαι	_	_
4.3	351	[6]	κρίσεις	_	_
4.3	352	[8]	.	b	_
4.3	353	[5]	ἀλλ	_	_
4.3	354	[10]	’	b	_
4.3	355	[1]	εἴπερ	_	_
4.3	356	[1]	τοῦτό	_	_
4.3	357	[3]	τις	_	_
4.3	358	[1]	δέξαιτο	_	_
4.3	359	[33]	,	b	_
4.3	360	[1]	πλεονάζουσα	_	_
4.3	361	[1]	συγκατάθεσις	_	_
4.3	362	[1]	ἔσται	_	_
4.3	363	[7]	τὸ	_	_
4.3	364	[2]	πάθος	_	_
4.3	365	[34]	,	b	_
4.3	366	[16]	καὶ	_	_
4.3	367	[1]	πάλιν	_	_
4.3	368	[2]	ὁ	_	_
4.3	369	[2]	Ποσειδώνιος	_	_
4.3	370	[1]	ἐρήσεται	_	_
4.3	371	[4]	τὴν	_	_
4.3	372	[1]	αἰτίαν	_	_
4.3	373	[35]	,	b	_
4.3	374	[1]	ὑφ	_	_
4.3	375	[11]	’	b	_
4.3	376	[1]	ἧς	_	_
4.3	377	[1]	πλεονάζεται	_	_
4.3	378	[36]	,	b	_
4.3	379	[3]	πρὸς	_	_
4.3	380	[5]	τῷ	_	_
4.3	381	[17]	καὶ	_	_
4.3	382	[1]	μέγιστον	_	_
4.3	383	[1]	ἁμάρτημα	_	_
4.3	384	[3]	κατὰ	_	_
4.3	385	[5]	τὴν	_	_
4.3	386	[1]	διδασκαλίαν	_	_
4.3	387	[1]	ἡμαρτῆσθαι	_	_
4.3	388	[6]	τῷ	_	_
4.3	389	[1]	Χρυσίππῳ	_	_
4.3	390	[9]	.	b	_
4.3	391	[3]	εἰ	_	_
4.3	392	[6]	γὰρ	_	_
4.3	393	[3]	ἐν	_	_
4.3	394	[2]	αὐτῷ	_	_
4.3	395	[2]	δὴ	_	_
4.3	396	[1]	τούτῳ	_	_
4.3	397	[8]	τὸ	_	_
4.3	398	[1]	κῦρος	_	_
4.3	399	[6]	τοῦ	_	_
4.3	400	[1]	δόγματός	_	_
4.3	401	[2]	ἐστιν	_	_
4.3	402	[37]	,	b	_
4.3	403	[4]	ἐν	_	_
4.3	404	[7]	τῷ	_	_
4.3	405	[1]	διαστείλασθαι	_	_
4.3	406	[6]	τὴν	_	_
4.3	407	[1]	ὁμωνυμίαν	_	_
4.3	408	[18]	καὶ	_	_
4.3	409	[1]	δεῖξαι	_	_
4.3	410	[38]	,	b	_
4.3	411	[4]	κατὰ	_	_
4.3	412	[1]	τί	_	_
4.3	413	[5]	μὲν	_	_
4.3	414	[1]	σημαινόμενον	_	_
4.3	415	[4]	ἄνευ	_	_
4.3	416	[5]	κρίσεως	_	_
4.3	417	[1]	γίνεται	_	_
4.3	418	[10]	τὰ	_	_
4.3	419	[6]	πάθη	_	_
4.3	420	[39]	,	b	_
4.3	421	[5]	κατὰ	_	_
4.3	422	[2]	τί	_	_
4.3	423	[3]	δὲ	_	_
4.3	424	[7]	κρίσεις	_	_
4.3	425	[1]	εἰσὶν	_	_
4.3	426	[40]	,	b	_
4.3	427	[3]	ὁ	_	_
4.3	428	[3]	δ	_	_
4.3	429	[12]	’	b	_
4.3	430	[1]	οὐδὲ	_	_
4.3	431	[2]	καθ	_	_
4.3	432	[13]	’	b	_
4.3	433	[1]	ἓν	_	_
4.3	434	[5]	τῶν	_	_
4.3	435	[1]	τεττάρων	_	_
4.3	436	[1]	βιβλίων	_	_
4.3	437	[41]	,	b	_
4.3	438	[1]	ἃ	_	_
4.3	439	[3]	περὶ	_	_
4.3	440	[6]	τῶν	_	_
4.3	441	[2]	παθῶν	_	_
4.3	442	[1]	ἔγραψεν	_	_
4.3	443	[42]	,	b	_
4.3	444	[1]	ἐποίησεν	_	_
4.3	445	[2]	αὐτὸ	_	_
4.3	446	[43]	,	b	_
4.3	447	[1]	πῶς	_	_
4.3	448	[3]	οὐκ	_	_
4.3	449	[1]	ἄν	_	_
4.3	450	[4]	τις	_	_
4.3	451	[1]	αὐτὸν	_	_
4.3	452	[1]	δικαίως	_	_
4.3	453	[1]	μέμψαιτο	_	_
4.3	454	[1]	;	b	_
4.3	455	[1]	τάχα	_	_
4.3	456	[6]	μὲν	_	_
4.3	457	[7]	γὰρ	_	_
4.3	458	[2]	οὐδὲ	_	_
4.3	459	[1]	βραχυλογίαν	_	_
4.3	460	[5]	τις	_	_
4.3	461	[1]	ἄκραν	_	_
4.3	462	[1]	ἐζηλωκὼς	_	_
4.3	463	[1]	ὀρθῶς	_	_
4.3	464	[2]	ἂν	_	_
4.3	465	[1]	ὑπερβαίνοι	_	_
4.3	466	[11]	τὰ	_	_
4.3	467	[1]	οὕτως	_	_
4.3	468	[1]	ἀναγκαῖα	_	_
4.3	469	[44]	,	b	_
4.3	470	[2]	πολὺ	_	_
4.3	471	[4]	δ	_	_
4.3	472	[14]	’	b	_
4.3	473	[2]	οὖν	_	_
4.3	474	[2]	μᾶλλον	_	_
4.3	475	[45]	,	b	_
4.3	476	[1]	ὅταν	_	_
4.3	477	[2]	ἐπὶ	_	_
4.3	478	[1]	μήκιστον	_	_
4.3	479	[1]	ἐκτείνῃ	_	_
4.3	480	[2]	τοὺς	_	_
4.3	481	[1]	λόγους	_	_
4.3	482	[46]	,	b	_
4.3	483	[2]	ὥσπερ	_	_
4.3	484	[4]	ὁ	_	_
4.3	485	[2]	Χρύσιππος	_	_
4.3	486	[10]	.	b	_
4.3	487	[2]	ἀλλὰ	_	_
4.3	488	[4]	περὶ	_	_
4.3	489	[7]	μὲν	_	_
4.3	490	[1]	τούτων	_	_
4.3	491	[19]	καὶ	_	_
4.3	492	[1]	μικρὸν	_	_
4.3	493	[1]	ὕστερον	_	_
4.3	494	[1]	ἐπισκεψόμεθα	_	_
4.3	495	[11]	.	b	_
4.4	1	[1]	Περὶ	_	_
4.4	2	[1]	δὲ	_	_
4.4	3	[1]	τοῦ	_	_
4.4	4	[1]	μὴ	_	_
4.4	5	[1]	φροντίζειν	_	_
4.4	6	[1]	τῆς	_	_
4.4	7	[1]	πρὸς	_	_
4.4	8	[1]	ἑαυτὸν	_	_
4.4	9	[1]	ἐναντιολογίας	_	_
4.4	10	[1]	αὐτὸν	_	_
4.4	11	[1]	ἔχων	_	_
4.4	12	[1]	ἔτι	_	_
4.4	13	[1]	μυρία	_	_
4.4	14	[1]	λέγειν	_	_
4.4	15	[1]	,	b	_
4.4	16	[1]	ἃ	_	_
4.4	17	[1]	τάχ	_	_
4.4	18	[1]	’	b	_
4.4	19	[1]	ἂν	_	_
4.4	20	[1]	καὶ	_	_
4.4	21	[1]	ὕστερον	_	_
4.4	22	[2]	,	b	_
4.4	23	[1]	εἰ	_	_
4.4	24	[1]	μακροτέρας	_	_
4.4	25	[1]	ἐπιλαβοίμην	_	_
4.4	26	[1]	σχολῆς	_	_
4.4	27	[3]	,	b	_
4.4	28	[1]	εἰς	_	_
4.4	29	[1]	μίαν	_	_
4.4	30	[1]	ἀθροίσαιμι	_	_
4.4	31	[1]	πραγματείαν	_	_
4.4	32	[1]	ἅπαντα	_	_
4.4	33	[4]	,	b	_
4.4	34	[1]	παραλιπὼν	_	_
4.4	35	[1]	τἄλλα	_	_
4.4	36	[1]	μόνων	_	_
4.4	37	[1]	τῶν	_	_
4.4	38	[1]	οἰκείων	_	_
4.4	39	[1]	τοῖς	_	_
4.4	40	[1]	νῦν	_	_
4.4	41	[1]	προκειμένοις	_	_
4.4	42	[1]	μνημονεύσω	_	_
4.4	43	[1]	.	b	_
4.4	44	[1]	τὴν	_	_
4.4	45	[1]	τοίνυν	_	_
4.4	46	[1]	ἐπιθυμίαν	_	_
4.4	47	[1]	ἐν	_	_
4.4	48	[1]	τῷ	_	_
4.4	49	[1]	πρώτῳ	_	_
4.4	50	[1]	περὶ	_	_
4.4	51	[1]	παθῶν	_	_
4.4	52	[1]	ὁρισάμενος	_	_
4.4	53	[1]	ὄρεξιν	_	_
4.4	54	[1]	ἄλογον	_	_
4.4	55	[5]	,	b	_
4.4	56	[1]	αὐτὴν	_	_
4.4	57	[1]	πάλιν	_	_
4.4	58	[2]	τὴν	_	_
4.4	59	[2]	ὄρεξιν	_	_
4.4	60	[2]	ἐν	_	_
4.4	61	[1]	ἕκτῳ	_	_
4.4	62	[2]	τῶν	_	_
4.4	63	[1]	κατὰ	_	_
4.4	64	[1]	γένος	_	_
4.4	65	[1]	ὅρων	_	_
4.4	66	[1]	ὁρμὴν	_	_
4.4	67	[1]	λογικὴν	_	_
4.4	68	[1]	εἶναί	_	_
4.4	69	[1]	φησιν	_	_
4.4	70	[1]	ἐπί	_	_
4.4	71	[1]	τι	_	_
4.4	72	[6]	,	b	_
4.4	73	[1]	ὅσον	_	_
4.4	74	[1]	χρὴ	_	_
4.4	75	[7]	,	b	_
4.4	76	[1]	ἧδον	_	_
4.4	77	[1]	αὐτῷ	_	_
4.4	78	[2]	.	b	_
4.4	79	[1]	οὕτω	_	_
4.4	80	[2]	δὲ	_	_
4.4	81	[2]	αὐτὴν	_	_
4.4	82	[1]	ὁρίζεται	_	_
4.4	83	[1]	κᾀν	_	_
4.4	84	[2]	τοῖς	_	_
4.4	85	[2]	περὶ	_	_
4.4	86	[2]	τῆς	_	_
4.4	87	[1]	ὁρμῆς	_	_
4.4	88	[3]	.	b	_
4.4	89	[1]	ὥστε	_	_
4.4	90	[1]	τὸν	_	_
4.4	91	[3]	τῆς	_	_
4.4	92	[1]	ἐπιθυμίας	_	_
4.4	93	[1]	ὅρον	_	_
4.4	94	[1]	ἀναπτυσσόμενον	_	_
4.4	95	[1]	γίγνεσθαι	_	_
4.4	96	[1]	τοιοῦτον	_	_
4.4	97	[1]	·	b	_
4.4	98	[1]	ἐπιθυμία	_	_
4.4	99	[1]	ἐστὶν	_	_
4.4	100	[1]	ὁρμὴ	_	_
4.4	101	[1]	λογικὴ	_	_
4.4	102	[2]	ἐπί	_	_
4.4	103	[2]	τι	_	_
4.4	104	[8]	,	b	_
4.4	105	[2]	ὅσον	_	_
4.4	106	[2]	χρὴ	_	_
4.4	107	[9]	,	b	_
4.4	108	[2]	ἧδον	_	_
4.4	109	[2]	αὐτῷ	_	_
4.4	110	[10]	,	b	_
4.4	111	[1]	ἄλογος	_	_
4.4	112	[4]	.	b	_
4.4	113	[1]	ἀλλὰ	_	_
4.4	114	[1]	τὸ	_	_
4.4	115	[1]	μὲν	_	_
4.4	116	[3]	ἐν	_	_
4.4	117	[1]	διαφέρουσιν	_	_
4.4	118	[1]	ἤτοι	_	_
4.4	119	[1]	βιβλίοις	_	_
4.4	120	[1]	ἢ	_	_
4.4	121	[1]	χωρίοις	_	_
4.4	122	[1]	βίβλων	_	_
4.4	123	[1]	ἀναισθήτως	_	_
4.4	124	[1]	ἔχειν	_	_
4.4	125	[4]	τῆς	_	_
4.4	126	[2]	ἐναντιολογίας	_	_
4.4	127	[1]	ἧττον	_	_
4.4	128	[1]	δεινόν	_	_
4.4	129	[2]	·	b	_
4.4	130	[1]	ὅταν	_	_
4.4	131	[1]	δ	_	_
4.4	132	[2]	’	b	_
4.4	133	[4]	ἐν	_	_
4.4	134	[1]	αὐτοῖς	_	_
4.4	135	[1]	οἷς	_	_
4.4	136	[1]	φθέγγεταί	_	_
4.4	137	[1]	τις	_	_
4.4	138	[1]	ἐναντία	_	_
4.4	139	[1]	τε	_	_
4.4	140	[2]	καὶ	_	_
4.4	141	[1]	παντοίως	_	_
4.4	142	[1]	μαχόμενα	_	_
4.4	143	[1]	συμπλέξῃ	_	_
4.4	144	[11]	,	b	_
4.4	145	[1]	συγχεῖ	_	_
4.4	146	[3]	καὶ	_	_
4.4	147	[1]	ταράσσει	_	_
4.4	148	[3]	τὴν	_	_
4.4	149	[1]	διδασκαλίαν	_	_
4.4	150	[5]	ἐν	_	_
4.4	151	[1]	τῷδε	_	_
4.4	152	[4]	καὶ	_	_
4.4	153	[1]	πολλὴν	_	_
4.4	154	[1]	ἀπορίαν	_	_
4.4	155	[1]	παρέχει	_	_
4.4	156	[3]	τοῖς	_	_
4.4	157	[1]	ἐξελέγχειν	_	_
4.4	158	[1]	αὐτὰ	_	_
4.4	159	[1]	πειρωμένοις	_	_
4.4	160	[12]	,	b	_
4.4	161	[1]	ὥσπερ	_	_
4.4	162	[2]	ἂν	_	_
4.4	163	[2]	εἰ	_	_
4.4	164	[5]	καὶ	_	_
4.4	165	[2]	οὕτω	_	_
4.4	166	[2]	τις	_	_
4.4	167	[1]	εἴποι	_	_
4.4	168	[1]	γε	_	_
4.4	169	[13]	,	b	_
4.4	170	[1]	καταβὰς	_	_
4.4	171	[1]	ἄνω	_	_
4.4	172	[14]	,	b	_
4.4	173	[6]	καὶ	_	_
4.4	174	[1]	διαλεχθεὶς	_	_
4.4	175	[2]	τῷ	_	_
4.4	176	[1]	λίθῳ	_	_
4.4	177	[15]	,	b	_
4.4	178	[7]	καὶ	_	_
4.4	179	[1]	πλεύσας	_	_
4.4	180	[1]	διὰ	_	_
4.4	181	[1]	μέσης	_	_
4.4	182	[5]	τῆς	_	_
4.4	183	[1]	πέτρας	_	_
4.4	184	[16]	,	b	_
4.4	185	[1]	ἀνελθεῖν	_	_
4.4	186	[2]	εἰς	_	_
4.4	187	[2]	τὸν	_	_
4.4	188	[1]	βυθὸν	_	_
4.4	189	[6]	τῆς	_	_
4.4	190	[1]	λίμνης	_	_
4.4	191	[5]	.	b	_
4.4	192	[1]	ἄν	_	_
4.4	193	[2]	τε	_	_
4.4	194	[1]	γὰρ	_	_
4.4	195	[1]	ὡς	_	_
4.4	196	[1]	οὐ	_	_
4.4	197	[1]	καταβάντα	_	_
4.4	198	[1]	διελέγχῃς	_	_
4.4	199	[17]	,	b	_
4.4	200	[1]	φάσκων	_	_
4.4	201	[2]	αὐτὸν	_	_
4.4	202	[2]	ἄνω	_	_
4.4	203	[1]	μεμενηκέναι	_	_
4.4	204	[2]	καταβάντα	_	_
4.4	205	[18]	,	b	_
4.4	206	[1]	τοῦτ	_	_
4.4	207	[3]	’	b	_
4.4	208	[1]	αὐτὸ	_	_
4.4	209	[1]	δήπου	_	_
4.4	210	[1]	φήσει	_	_
4.4	211	[8]	καὶ	_	_
4.4	212	[1]	αὐτὸς	_	_
4.4	213	[1]	εἰρηκέναι	_	_
4.4	214	[2]	κατὰ	_	_
4.4	215	[3]	τὸν	_	_
4.4	216	[1]	λόγον	_	_
4.4	217	[6]	ἐν	_	_
4.4	218	[3]	τῷ	_	_
4.4	219	[1]	προσθεῖναι	_	_
4.4	220	[2]	τὸ	_	_
4.4	221	[3]	ἄνω	_	_
4.4	222	[19]	,	b	_
4.4	223	[2]	ἄν	_	_
4.4	224	[1]	θ	_	_
4.4	225	[4]	’	b	_
4.4	226	[20]	,	b	_
4.4	227	[2]	ὡς	_	_
4.4	228	[1]	οὐδενὶ	_	_
4.4	229	[1]	διελέχθη	_	_
4.4	230	[21]	,	b	_
4.4	231	[9]	καὶ	_	_
4.4	232	[2]	τοῦτ	_	_
4.4	233	[5]	’	b	_
4.4	234	[1]	εἰρῆσθαι	_	_
4.4	235	[2]	φήσει	_	_
4.4	236	[22]	,	b	_
4.4	237	[1]	ταὐτὸ	_	_
4.4	238	[2]	γὰρ	_	_
4.4	239	[1]	εἶναι	_	_
4.4	240	[3]	τὸ	_	_
4.4	241	[2]	λίθῳ	_	_
4.4	242	[1]	διαλέγεσθαι	_	_
4.4	243	[4]	τῷ	_	_
4.4	244	[1]	μηδὲ	_	_
4.4	245	[3]	λίθῳ	_	_
4.4	246	[23]	,	b	_
4.4	247	[5]	τῷ	_	_
4.4	248	[4]	λίθῳ	_	_
4.4	249	[3]	γὰρ	_	_
4.4	250	[1]	οὐδεὶς	_	_
4.4	251	[1]	διαλέγεται	_	_
4.4	252	[6]	.	b	_
4.4	253	[10]	καὶ	_	_
4.4	254	[2]	τἄλλα	_	_
4.4	255	[1]	οὕτως	_	_
4.4	256	[2]	ἅπαντα	_	_
4.4	257	[1]	σοφιστικῶς	_	_
4.4	258	[1]	ἐπανορθοῦσθαι	_	_
4.4	259	[1]	δυνήσεταί	_	_
4.4	260	[3]	τις	_	_
4.4	261	[7]	.	b	_
4.4	262	[2]	ὥστε	_	_
4.4	263	[1]	κατ	_	_
4.4	264	[6]	’	b	_
4.4	265	[1]	ἀρχὰς	_	_
4.4	266	[1]	εὐθὺς	_	_
4.4	267	[1]	δεῖν	_	_
4.4	268	[1]	ἀποδρᾶναι	_	_
4.4	269	[1]	λόγων	_	_
4.4	270	[1]	εἶδος	_	_
4.4	271	[1]	τοιούτων	_	_
4.4	272	[24]	,	b	_
4.4	273	[7]	ἐν	_	_
4.4	274	[1]	ᾧ	_	_
4.4	275	[3]	χρὴ	_	_
4.4	276	[1]	τοὺς	_	_
4.4	277	[1]	ἀκούοντας	_	_
4.4	278	[1]	οὐχ	_	_
4.4	279	[2]	ἃ	_	_
4.4	280	[1]	σημαίνεται	_	_
4.4	281	[1]	συνήθως	_	_
4.4	282	[1]	ὑφ	_	_
4.4	283	[7]	’	b	_
4.4	284	[1]	ἑκάστου	_	_
4.4	285	[3]	τῶν	_	_
4.4	286	[1]	ὀνομάτων	_	_
4.4	287	[1]	μανθάνειν	_	_
4.4	288	[25]	,	b	_
4.4	289	[1]	ἀλλ	_	_
4.4	290	[8]	’	b	_
4.4	291	[1]	ἕτερ	_	_
4.4	292	[9]	’	b	_
4.4	293	[1]	ἄττα	_	_
4.4	294	[8]	.	b	_
4.4	295	[2]	τοιοῦτον	_	_
4.4	296	[1]	γάρ	_	_
4.4	297	[3]	τι	_	_
4.4	298	[11]	καὶ	_	_
4.4	299	[1]	ὁ	_	_
4.4	300	[1]	Χρύσιππος	_	_
4.4	301	[1]	ἀξιώσει	_	_
4.4	302	[26]	,	b	_
4.4	303	[1]	ἐπειδὰν	_	_
4.4	304	[2]	μὲν	_	_
4.4	305	[1]	ἄνευ	_	_
4.4	306	[1]	κρίσεως	_	_
4.4	307	[1]	λέγῃ	_	_
4.4	308	[4]	τις	_	_
4.4	309	[1]	γίνεσθαι	_	_
4.4	310	[1]	τὰ	_	_
4.4	311	[1]	πάθη	_	_
4.4	312	[7]	τῆς	_	_
4.4	313	[1]	ψυχῆς	_	_
4.4	314	[27]	,	b	_
4.4	315	[1]	ἀκούειν	_	_
4.4	316	[1]	ἡμᾶς	_	_
4.4	317	[1]	ἀξιῶν	_	_
4.4	318	[28]	,	b	_
4.4	319	[1]	ὅτι	_	_
4.4	320	[1]	μετὰ	_	_
4.4	321	[1]	κρίσεώς	_	_
4.4	322	[3]	τε	_	_
4.4	323	[1]	γίνεται	_	_
4.4	324	[12]	καὶ	_	_
4.4	325	[1]	κρίσεις	_	_
4.4	326	[1]	εἰσίν	_	_
4.4	327	[3]	·	b	_
4.4	328	[2]	ἐπειδὰν	_	_
4.4	329	[2]	δ	_	_
4.4	330	[10]	’	b	_
4.4	331	[2]	ἄνευ	_	_
4.4	332	[1]	λόγου	_	_
4.4	333	[13]	καὶ	_	_
4.4	334	[1]	ἄλογα	_	_
4.4	335	[29]	,	b	_
4.4	336	[4]	τὸ	_	_
4.4	337	[1]	μήτ	_	_
4.4	338	[11]	’	b	_
4.4	339	[2]	ἄλογα	_	_
4.4	340	[30]	,	b	_
4.4	341	[2]	μήτ	_	_
4.4	342	[12]	’	b	_
4.4	343	[8]	ἐν	_	_
4.4	344	[1]	ἀλόγῳ	_	_
4.4	345	[1]	τινὶ	_	_
4.4	346	[1]	δυνάμει	_	_
4.4	347	[8]	τῆς	_	_
4.4	348	[2]	ψυχῆς	_	_
4.4	349	[31]	,	b	_
4.4	350	[2]	ἀλλ	_	_
4.4	351	[13]	’	b	_
4.4	352	[9]	ἐν	_	_
4.4	353	[1]	τῇ	_	_
4.4	354	[1]	λογιζομένῃ	_	_
4.4	355	[14]	καὶ	_	_
4.4	356	[1]	λογικά	_	_
4.4	357	[4]	·	b	_
4.4	358	[5]	τὸ	_	_
4.4	359	[4]	γὰρ	_	_
4.4	360	[1]	κρίνειν	_	_
4.4	361	[1]	ταύτης	_	_
4.4	362	[1]	ἔργον	_	_
4.4	363	[1]	ὑπάρχειν	_	_
4.4	364	[5]	·	b	_
4.4	365	[3]	ἐπειδὰν	_	_
4.4	366	[3]	δ	_	_
4.4	367	[14]	’	b	_
4.4	368	[1]	ἀπειθῶς	_	_
4.4	369	[4]	τε	_	_
4.4	370	[15]	καὶ	_	_
4.4	371	[1]	ἀπεστραμμένως	_	_
4.4	372	[2]	τοῦ	_	_
4.4	373	[2]	λόγου	_	_
4.4	374	[32]	,	b	_
4.4	375	[6]	τὸ	_	_
4.4	376	[1]	μηδεμίαν	_	_
4.4	377	[1]	ἐπιζητεῖν	_	_
4.4	378	[1]	ἑτέραν	_	_
4.4	379	[10]	ἐν	_	_
4.4	380	[2]	τῇ	_	_
4.4	381	[1]	ψυχῇ	_	_
4.4	382	[1]	δύναμιν	_	_
4.4	383	[33]	,	b	_
4.4	384	[1]	ἧς	_	_
4.4	385	[1]	κινουμένης	_	_
4.4	386	[2]	ἀπειθῶς	_	_
4.4	387	[6]	τῷ	_	_
4.4	388	[1]	λόγῳ	_	_
4.4	389	[2]	γίγνεσθαι	_	_
4.4	390	[2]	τὰ	_	_
4.4	391	[2]	πάθη	_	_
4.4	392	[6]	·	b	_
4.4	393	[1]	μηδὲν	_	_
4.4	394	[5]	γὰρ	_	_
4.4	395	[2]	εἶναί	_	_
4.4	396	[1]	τινα	_	_
4.4	397	[1]	τοιαύτην	_	_
4.4	398	[34]	,	b	_
4.4	399	[3]	ὡς	_	_
4.4	400	[1]	ἔνιοι	_	_
4.4	401	[4]	τῶν	_	_
4.4	402	[1]	φιλοσόφων	_	_
4.4	403	[1]	ὑπολαμβάνουσιν	_	_
4.4	404	[1]	ἐπιθυμητικήν	_	_
4.4	405	[5]	τε	_	_
4.4	406	[16]	καὶ	_	_
4.4	407	[1]	θυμοειδῆ	_	_
4.4	408	[1]	προσαγορεύοντες	_	_
4.4	409	[35]	,	b	_
4.4	410	[7]	τὸ	_	_
4.4	411	[1]	ὅλον	_	_
4.4	412	[6]	γὰρ	_	_
4.4	413	[2]	εἶναι	_	_
4.4	414	[8]	τὸ	_	_
4.4	415	[5]	τῶν	_	_
4.4	416	[1]	ἀνθρώπων	_	_
4.4	417	[1]	ἡγεμονικὸν	_	_
4.4	418	[1]	λογικόν	_	_
4.4	419	[9]	.	b	_
4.4	420	[3]	εἰ	_	_
4.4	421	[3]	μὲν	_	_
4.4	422	[7]	γὰρ	_	_
4.4	423	[3]	εἰς	_	_
4.4	424	[1]	πρόβλημά	_	_
4.4	425	[5]	τις	_	_
4.4	426	[1]	ἀπὸ	_	_
4.4	427	[1]	στόματος	_	_
4.4	428	[1]	ἐπικαίρου	_	_
4.4	429	[1]	λέγοι	_	_
4.4	430	[36]	,	b	_
4.4	431	[1]	κάλλιον	_	_
4.4	432	[4]	μὲν	_	_
4.4	433	[17]	καὶ	_	_
4.4	434	[1]	τούτῳ	_	_
4.4	435	[1]	διωρισμένως	_	_
4.4	436	[6]	τε	_	_
4.4	437	[1]	χρῆσθαι	_	_
4.4	438	[18]	καὶ	_	_
4.4	439	[1]	σαφῶς	_	_
4.4	440	[4]	τοῖς	_	_
4.4	441	[1]	ὀνόμασιν	_	_
4.4	442	[37]	,	b	_
4.4	443	[1]	ἕξει	_	_
4.4	444	[4]	δ	_	_
4.4	445	[15]	’	b	_
4.4	446	[1]	οὖν	_	_
4.4	447	[1]	ὅμως	_	_
4.4	448	[1]	συγγνώμην	_	_
4.4	449	[1]	αὐτοῦ	_	_
4.4	450	[3]	τὰ	_	_
4.4	451	[1]	σφάλματα	_	_
4.4	452	[10]	.	b	_
4.4	453	[9]	τὸ	_	_
4.4	454	[5]	δ	_	_
4.4	455	[16]	’	b	_
4.4	456	[1]	ἐπιστημονικὴν	_	_
4.4	457	[19]	καὶ	_	_
4.4	458	[2]	λογικὴν	_	_
4.4	459	[2]	πραγματείαν	_	_
4.4	460	[1]	ἐπαγγειλάμενον	_	_
4.4	461	[1]	γράφειν	_	_
4.4	462	[1]	ἀπειθῆ	_	_
4.4	463	[5]	μὲν	_	_
4.4	464	[7]	τῷ	_	_
4.4	465	[2]	λόγῳ	_	_
4.4	466	[1]	τινὰ	_	_
4.4	467	[1]	κίνησιν	_	_
4.4	468	[1]	ὀνομάζειν	_	_
4.4	469	[38]	,	b	_
4.4	470	[1]	ἀξιοῦν	_	_
4.4	471	[6]	δ	_	_
4.4	472	[17]	’	b	_
4.4	473	[2]	ἡμᾶς	_	_
4.4	474	[1]	ἀκούεν	_	_
4.4	475	[3]	αὐτὴν	_	_
4.4	476	[3]	λογικὴν	_	_
4.4	477	[39]	,	b	_
4.4	478	[2]	ἢ	_	_
4.4	479	[1]	ἀπεστράφθαι	_	_
4.4	480	[6]	μὲν	_	_
4.4	481	[4]	τὸν	_	_
4.4	482	[2]	λόγον	_	_
4.4	483	[40]	,	b	_
4.4	484	[3]	εἶναι	_	_
4.4	485	[7]	δ	_	_
4.4	486	[18]	’	b	_
4.4	487	[1]	οὐδὲν	_	_
4.4	488	[1]	ἄλλο	_	_
4.4	489	[3]	ἢ	_	_
4.4	490	[3]	λόγον	_	_
4.4	491	[7]	τε	_	_
4.4	492	[20]	καὶ	_	_
4.4	493	[1]	κρίσιν	_	_
4.4	494	[4]	αὐτὴν	_	_
4.4	495	[41]	,	b	_
4.4	496	[1]	οὐκ	_	_
4.4	497	[1]	οἶδ	_	_
4.4	498	[19]	’	b	_
4.4	499	[4]	εἰ	_	_
4.4	500	[2]	μὴ	_	_
4.4	501	[9]	τῆς	_	_
4.4	502	[1]	μεγίστης	_	_
4.4	503	[1]	μέμψεως	_	_
4.4	504	[1]	ἄξιος	_	_
4.4	505	[1]	ὑπάρχει	_	_
4.4	506	[1]	ἄνθρωπος	_	_
4.4	507	[42]	,	b	_
4.4	508	[3]	μὴ	_	_
4.4	509	[1]	συγχωρῶν	_	_
4.4	510	[1]	ἐπὶ	_	_
4.4	511	[1]	ταὐτοῦ	_	_
4.4	512	[2]	λέγειν	_	_
4.4	513	[1]	αἰσχύνεσθαι	_	_
4.4	514	[21]	καὶ	_	_
4.4	515	[1]	αἰδεῖσθαι	_	_
4.4	516	[43]	,	b	_
4.4	517	[1]	μηδ	_	_
4.4	518	[20]	’	b	_
4.4	519	[1]	ἥδεσθαι	_	_
4.4	520	[22]	καὶ	_	_
4.4	521	[1]	χαίρειν	_	_
4.4	522	[44]	,	b	_
4.4	523	[3]	ἀλλ	_	_
4.4	524	[21]	’	b	_
4.4	525	[1]	ἀκριβοῦν	_	_
4.4	526	[3]	ἅπαντα	_	_
4.4	527	[23]	καὶ	_	_
4.4	528	[1]	μέχρι	_	_
4.4	529	[6]	τῶν	_	_
4.4	530	[2]	ὀνομάτων	_	_
4.4	531	[2]	ἀξιῶν	_	_
4.4	532	[3]	αὐτὸν	_	_
4.4	533	[11]	ἐν	_	_
4.4	534	[5]	τοῖς	_	_
4.4	535	[1]	συγγράμμασιν	_	_
4.4	536	[45]	,	b	_
4.4	537	[1]	ὃ	_	_
4.4	538	[1]	μικρὸν	_	_
4.4	539	[1]	ἔμπροσθεν	_	_
4.4	540	[2]	οὐκ	_	_
4.4	541	[1]	ἐκ	_	_
4.4	542	[3]	λόγου	_	_
4.4	543	[24]	καὶ	_	_
4.4	544	[2]	κρίσεως	_	_
4.4	545	[1]	ἔφησε	_	_
4.4	546	[3]	γίγνεσθαι	_	_
4.4	547	[46]	,	b	_
4.4	548	[1]	προελθὼν	_	_
4.4	549	[12]	ἐν	_	_
4.4	550	[3]	λόγῳ	_	_
4.4	551	[25]	καὶ	_	_
4.4	552	[1]	κρίσει	_	_
4.4	553	[1]	συνίστασθαί	_	_
4.4	554	[2]	φησιν	_	_
4.4	555	[47]	,	b	_
4.4	556	[1]	ἐνὸν	_	_
4.4	557	[1]	ἐκφυγεῖν	_	_
4.4	558	[7]	μὲν	_	_
4.4	559	[1]	ἁπάσας	_	_
4.4	560	[1]	τὰς	_	_
4.4	561	[2]	οὕτως	_	_
4.4	562	[1]	ἀκαίρους	_	_
4.4	563	[8]	τε	_	_
4.4	564	[1]	ἅμα	_	_
4.4	565	[26]	καὶ	_	_
4.4	566	[1]	παρὰ	_	_
4.4	567	[10]	τὸ	_	_
4.4	568	[7]	τῶν	_	_
4.4	569	[1]	Ἑλλήνων	_	_
4.4	570	[1]	ἔθος	_	_
4.4	571	[1]	ἀναπιμπλαμένας	_	_
4.4	572	[1]	ὁμωνυμίας	_	_
4.4	573	[48]	,	b	_
4.4	574	[1]	ἀκριβῶσαι	_	_
4.4	575	[3]	δὲ	_	_
4.4	576	[27]	καὶ	_	_
4.4	577	[1]	διαρθρῶσαι	_	_
4.4	578	[5]	τὸν	_	_
4.4	579	[4]	λόγον	_	_
4.4	580	[1]	Ἑλληνικοῖς	_	_
4.4	581	[9]	τε	_	_
4.4	582	[28]	καὶ	_	_
4.4	583	[1]	σαφέσιν	_	_
4.4	584	[2]	ὀνόμασιν	_	_
4.4	585	[11]	.	b	_
4.4	586	[11]	τὸ	_	_
4.4	587	[1]	γοῦν	_	_
4.4	588	[2]	ἄλογον	_	_
4.4	589	[1]	ὡσαύτως	_	_
4.4	590	[1]	ἀφώνῳ	_	_
4.4	591	[10]	τε	_	_
4.4	592	[29]	καὶ	_	_
4.4	593	[1]	ἀτραχήλῳ	_	_
4.4	594	[1]	διχῶς	_	_
4.4	595	[1]	ἅπαντες	_	_
4.4	596	[1]	ἄνθρωποι	_	_
4.4	597	[1]	λέγουσιν	_	_
4.4	598	[49]	,	b	_
4.4	599	[30]	καὶ	_	_
4.4	600	[1]	τρίτον	_	_
4.4	601	[1]	οὐδέν	_	_
4.4	602	[1]	ἐστιν	_	_
4.4	603	[1]	ἐπ	_	_
4.4	604	[22]	’	b	_
4.4	605	[1]	αὐτῶν	_	_
4.4	606	[1]	σημαινόμενον	_	_
4.4	607	[1]	εὑρεῖν	_	_
4.4	608	[1]	οὔτε	_	_
4.4	609	[2]	παρὰ	_	_
4.4	610	[6]	τοῖς	_	_
4.4	611	[2]	νῦν	_	_
4.4	612	[1]	Ἕλλησιν	_	_
4.4	613	[50]	,	b	_
4.4	614	[2]	οὔτε	_	_
4.4	615	[3]	παρὰ	_	_
4.4	616	[7]	τοῖς	_	_
4.4	617	[1]	παλαιοῖς	_	_
4.4	618	[51]	,	b	_
4.4	619	[1]	εἴ	_	_
4.4	620	[4]	τι	_	_
4.4	621	[4]	χρὴ	_	_
4.4	622	[1]	τεκμαίρεσθαι	_	_
4.4	623	[8]	τοῖς	_	_
4.4	624	[2]	βιβλίοις	_	_
4.4	625	[2]	αὐτῶν	_	_
4.4	626	[12]	.	b	_
4.4	627	[1]	ἄφωνον	_	_
4.4	628	[4]	δὲ	_	_
4.4	629	[1]	δή	_	_
4.4	630	[1]	πως	_	_
4.4	631	[1]	λέγουσι	_	_
4.4	632	[31]	καὶ	_	_
4.4	633	[1]	ἀτράχηλον	_	_
4.4	634	[7]	·	b	_
4.4	635	[1]	ἀναγκάζει	_	_
4.4	636	[8]	γὰρ	_	_
4.4	637	[3]	ἡμᾶς	_	_
4.4	638	[4]	τὰ	_	_
4.4	639	[1]	ῥήματα	_	_
4.4	640	[1]	ἡ	_	_
4.4	641	[1]	Χρυσίππειος	_	_
4.4	642	[1]	ἑρμηνεία	_	_
4.4	643	[32]	καὶ	_	_
4.4	644	[1]	ταῦτ	_	_
4.4	645	[23]	’	b	_
4.4	646	[1]	ἐξηγεῖσθαι	_	_
4.4	647	[8]	·	b	_
4.4	648	[12]	τὸ	_	_
4.4	649	[8]	μὲν	_	_
4.4	650	[52]	,	b	_
4.4	651	[1]	οἶμαι	_	_
4.4	652	[53]	,	b	_
4.4	653	[1]	στερήσει	_	_
4.4	654	[1]	φωνῆς	_	_
4.4	655	[4]	ἢ	_	_
4.4	656	[1]	τραχήλου	_	_
4.4	657	[54]	,	b	_
4.4	658	[13]	τὸ	_	_
4.4	659	[5]	δὲ	_	_
4.4	660	[1]	κακώσει	_	_
4.4	661	[55]	,	b	_
4.4	662	[5]	εἰ	_	_
4.4	663	[9]	μὲν	_	_
4.4	664	[2]	γάρ	_	_
4.4	665	[6]	τις	_	_
4.4	666	[1]	φάσκει	_	_
4.4	667	[56]	,	b	_
4.4	668	[2]	τοὺς	_	_
4.4	669	[1]	ἰχθῦς	_	_
4.4	670	[1]	ἀφώνους	_	_
4.4	671	[2]	ὑπάρχειν	_	_
4.4	672	[57]	,	b	_
4.4	673	[5]	ἢ	_	_
4.4	674	[5]	τὰ	_	_
4.4	675	[1]	φυτὰ	_	_
4.4	676	[58]	,	b	_
4.4	677	[8]	τῷ	_	_
4.4	678	[2]	μηδ	_	_
4.4	679	[24]	’	b	_
4.4	680	[1]	ὅλως	_	_
4.4	681	[2]	ἔχειν	_	_
4.4	682	[1]	φωνὴν	_	_
4.4	683	[3]	οὕτως	_	_
4.4	684	[2]	αὐτὰ	_	_
4.4	685	[1]	προσαγορεύει	_	_
4.4	686	[9]	·	b	_
4.4	687	[6]	εἰ	_	_
4.4	688	[1]	δέ	_	_
4.4	689	[7]	τις	_	_
4.4	690	[2]	ἄφωνον	_	_
4.4	691	[4]	εἶναι	_	_
4.4	692	[2]	λέγοι	_	_
4.4	693	[6]	τὸν	_	_
4.4	694	[1]	κιθαρῳδὸν	_	_
4.4	695	[6]	ἢ	_	_
4.4	696	[7]	τὸν	_	_
4.4	697	[1]	κήρυκα	_	_
4.4	698	[59]	,	b	_
4.4	699	[1]	κάκωσίν	_	_
4.4	700	[2]	τινα	_	_
4.4	701	[1]	ἐνδείκνυται	_	_
4.4	702	[10]	τῆς	_	_
4.4	703	[2]	φωνῆς	_	_
4.4	704	[1]	τἀνθρώπου	_	_
4.4	705	[60]	,	b	_
4.4	706	[7]	ἢ	_	_
4.4	707	[9]	γὰρ	_	_
4.4	708	[1]	μικρόφωνον	_	_
4.4	709	[61]	,	b	_
4.4	710	[8]	ἢ	_	_
4.4	711	[1]	τραχύφωνον	_	_
4.4	712	[62]	,	b	_
4.4	713	[9]	ἢ	_	_
4.4	714	[1]	μελάμφωνον	_	_
4.4	715	[63]	,	b	_
4.4	716	[1]	ἤ	_	_
4.4	717	[5]	τι	_	_
4.4	718	[3]	τοιοῦτον	_	_
4.4	719	[1]	ἕτερον	_	_
4.4	720	[3]	εἶναί	_	_
4.4	721	[3]	φησιν	_	_
4.4	722	[4]	αὐτὸν	_	_
4.4	723	[64]	,	b	_
4.4	724	[2]	οὐ	_	_
4.4	725	[1]	μὴν	_	_
4.4	726	[1]	παντελῶς	_	_
4.4	727	[1]	γ	_	_
4.4	728	[25]	’	b	_
4.4	729	[1]	ἐστερῆσθαι	_	_
4.4	730	[3]	φωνῆς	_	_
4.4	731	[13]	.	b	_
4.4	732	[3]	οὕτω	_	_
4.4	733	[6]	δὲ	_	_
4.4	734	[33]	καὶ	_	_
4.4	735	[1]	ἀτραχήλους	_	_
4.4	736	[1]	τινὰς	_	_
4.4	737	[1]	ὀνομάζουσιν	_	_
4.4	738	[1]	ἀνθρώπους	_	_
4.4	739	[65]	,	b	_
4.4	740	[3]	οὐ	_	_
4.4	741	[1]	μὰ	_	_
4.4	742	[1]	Δία	_	_
4.4	743	[2]	ὥσπερ	_	_
4.4	744	[3]	τοὺς	_	_
4.4	745	[2]	ἰχθῦς	_	_
4.4	746	[2]	ἀτραχήλους	_	_
4.4	747	[3]	ἄν	_	_
4.4	748	[8]	τις	_	_
4.4	749	[2]	εἴποι	_	_
4.4	750	[66]	,	b	_
4.4	751	[1]	διότι	_	_
4.4	752	[3]	μηδ	_	_
4.4	753	[26]	’	b	_
4.4	754	[2]	ὅλως	_	_
4.4	755	[2]	αὐτοῖς	_	_
4.4	756	[2]	ὑπάρχει	_	_
4.4	757	[1]	τράχηλος	_	_
4.4	758	[14]	.	b	_
4.4	759	[2]	οὐδεὶς	_	_
4.4	760	[10]	γὰρ	_	_
4.4	761	[3]	ἂν	_	_
4.4	762	[4]	οὕτως	_	_
4.4	763	[2]	γε	_	_
4.4	764	[2]	ἄνθρωπος	_	_
4.4	765	[1]	ἀτράχηλος	_	_
4.4	766	[1]	εἴη	_	_
4.4	767	[67]	,	b	_
4.4	768	[4]	ὡς	_	_
4.4	769	[2]	ἐστερῆσθαι	_	_
4.4	770	[14]	τὸ	_	_
4.4	771	[1]	πάμπαν	_	_
4.4	772	[2]	τραχήλου	_	_
4.4	773	[68]	,	b	_
4.4	774	[2]	ἀλλὰ	_	_
4.4	775	[9]	τῷ	_	_
4.4	776	[2]	μικρὸν	_	_
4.4	777	[3]	ἔχειν	_	_
4.4	778	[8]	τὸν	_	_
4.4	779	[1]	τράχηλον	_	_
4.4	780	[1]	ὀνομάζονταί	_	_
4.4	781	[1]	τινες	_	_
4.4	782	[5]	οὕτως	_	_
4.4	783	[15]	.	b	_
4.4	784	[34]	καὶ	_	_
4.4	785	[1]	μένει	_	_
4.4	786	[1]	κᾀνταῦθα	_	_
4.4	787	[6]	τὰ	_	_
4.4	788	[1]	παραπλήσια	_	_
4.4	789	[1]	δύο	_	_
4.4	790	[1]	σημαινόμενα	_	_
4.4	791	[69]	,	b	_
4.4	792	[1]	καθάπερ	_	_
4.4	793	[2]	ἐπὶ	_	_
4.4	794	[11]	τῆς	_	_
4.4	795	[1]	ἄφωνος	_	_
4.4	796	[1]	προσηγορίας	_	_
4.4	797	[16]	.	b	_
4.4	798	[4]	οὕτω	_	_
4.4	799	[7]	δὲ	_	_
4.4	800	[35]	καὶ	_	_
4.4	801	[1]	ἄπους	_	_
4.4	802	[70]	,	b	_
4.4	803	[36]	καὶ	_	_
4.4	804	[1]	ἀσκελὴς	_	_
4.4	805	[71]	,	b	_
4.4	806	[37]	καὶ	_	_
4.4	807	[1]	ἀκοίλιος	_	_
4.4	808	[72]	,	b	_
4.4	809	[38]	καὶ	_	_
4.4	810	[1]	ἄπλευρος	_	_
4.4	811	[73]	,	b	_
4.4	812	[39]	καὶ	_	_
4.4	813	[1]	ἄχειρ	_	_
4.4	814	[74]	,	b	_
4.4	815	[40]	καὶ	_	_
4.4	816	[1]	πάνθ	_	_
4.4	817	[27]	’	b	_
4.4	818	[1]	ὅσα	_	_
4.4	819	[1]	τοιαῦτα	_	_
4.4	820	[75]	,	b	_
4.4	821	[1]	ποτὲ	_	_
4.4	822	[10]	μὲν	_	_
4.4	823	[1]	ἀναιρούσης	_	_
4.4	824	[12]	τῆς	_	_
4.4	825	[1]	α΄	_	_
4.4	826	[4]	φωνῆς	_	_
4.4	827	[15]	τὸ	_	_
4.4	828	[2]	σημαινόμενον	_	_
4.4	829	[2]	ἑκάστου	_	_
4.4	830	[8]	τῶν	_	_
4.4	831	[3]	ὀνομάτων	_	_
4.4	832	[76]	,	b	_
4.4	833	[1]	οὗ	_	_
4.4	834	[1]	προτάττεται	_	_
4.4	835	[77]	,	b	_
4.4	836	[2]	ποτὲ	_	_
4.4	837	[8]	δ	_	_
4.4	838	[28]	’	b	_
4.4	839	[3]	οὐκ	_	_
4.4	840	[2]	ἀναιρούσης	_	_
4.4	841	[17]	.	b	_
4.4	842	[6]	οὕτως	_	_
4.4	843	[1]	εὑρίσκω	_	_
4.4	844	[41]	καὶ	_	_
4.4	845	[16]	τὸ	_	_
4.4	846	[3]	ἄλογον	_	_
4.4	847	[1]	ὄνομα	_	_
4.4	848	[4]	παρὰ	_	_
4.4	849	[9]	τοῖς	_	_
4.4	850	[2]	παλαιοῖς	_	_
4.4	851	[1]	ἅπασιν	_	_
4.4	852	[1]	εἰρημένον	_	_
4.4	853	[1]	ὑπό	_	_
4.4	854	[11]	τε	_	_
4.4	855	[9]	τῶν	_	_
4.4	856	[3]	νῦν	_	_
4.4	857	[2]	ἀνθρώπων	_	_
4.4	858	[1]	λεγόμενον	_	_
4.4	859	[18]	.	b	_
4.4	860	[4]	ἐπειδὰν	_	_
4.4	861	[11]	μὲν	_	_
4.4	862	[11]	γὰρ	_	_
4.4	863	[10]	ἢ	_	_
4.4	864	[9]	τὸν	_	_
4.4	865	[1]	ἰχθῦν	_	_
4.4	866	[9]	τις	_	_
4.4	867	[11]	ἢ	_	_
4.4	868	[10]	τὸν	_	_
4.4	869	[1]	καρκῖνον	_	_
4.4	870	[4]	ἄλογον	_	_
4.4	871	[5]	εἶναι	_	_
4.4	872	[1]	φάσκῃ	_	_
4.4	873	[78]	,	b	_
4.4	874	[1]	παντάπασιν	_	_
4.4	875	[1]	ἀναιρεῖ	_	_
4.4	876	[17]	τὸ	_	_
4.4	877	[3]	σημαινόμενον	_	_
4.4	878	[2]	ἐκ	_	_
4.4	879	[13]	τῆς	_	_
4.4	880	[2]	ἄλογος	_	_
4.4	881	[5]	φωνῆς	_	_
4.4	882	[10]	·	b	_
4.4	883	[5]	ἐπειδὰν	_	_
4.4	884	[8]	δὲ	_	_
4.4	885	[1]	τόδε	_	_
4.4	886	[6]	τι	_	_
4.4	887	[18]	τὸ	_	_
4.4	888	[1]	ὑπὸ	_	_
4.4	889	[1]	τοῦδε	_	_
4.4	890	[2]	λεγόμενον	_	_
4.4	891	[1]	ἐπιμεμφόμενοι	_	_
4.4	892	[1]	φάσκωσιν	_	_
4.4	893	[5]	ἄλογον	_	_
4.4	894	[79]	,	b	_
4.4	895	[2]	οὐχ	_	_
4.4	896	[5]	ὡς	_	_
4.4	897	[1]	οὐδένα	_	_
4.4	898	[5]	λόγον	_	_
4.4	899	[1]	ἔχον	_	_
4.4	900	[80]	,	b	_
4.4	901	[4]	ἀλλ	_	_
4.4	902	[29]	’	b	_
4.4	903	[6]	ὡς	_	_
4.4	904	[1]	μεμπτέον	_	_
4.4	905	[42]	καὶ	_	_
4.4	906	[1]	πονηρῶς	_	_
4.4	907	[2]	ἔχον	_	_
4.4	908	[7]	οὕτως	_	_
4.4	909	[2]	ὀνομάζουσιν	_	_
4.4	910	[19]	.	b	_
4.4	911	[2]	ἄλλο	_	_
4.4	912	[9]	δὲ	_	_
4.4	913	[2]	τρίτον	_	_
4.4	914	[12]	ἢ	_	_
4.4	915	[43]	καὶ	_	_
4.4	916	[1]	νὴ	_	_
4.4	917	[2]	Δία	_	_
4.4	918	[1]	τέταρτον	_	_
4.4	919	[81]	,	b	_
4.4	920	[7]	ὡς	_	_
4.4	921	[1]	οὗτοι	_	_
4.4	922	[1]	βιάζονται	_	_
4.4	923	[82]	,	b	_
4.4	924	[4]	σημαινόμενον	_	_
4.4	925	[4]	οὐκ	_	_
4.4	926	[1]	ἔστιν	_	_
4.4	927	[13]	ἐν	_	_
4.4	928	[1]	ἔθει	_	_
4.4	929	[10]	τοῖς	_	_
4.4	930	[2]	Ἕλλησιν	_	_
4.4	931	[83]	,	b	_
4.4	932	[2]	ὃ	_	_
4.4	933	[2]	ἐξηγεῖσθαι	_	_
4.4	934	[4]	τὴν	_	_
4.4	935	[2]	φωνὴν	_	_
4.4	936	[1]	ἐπαγγέλλονται	_	_
4.4	937	[20]	.	b	_
4.4	938	[1]	δηλοῖ	_	_
4.4	939	[10]	δὲ	_	_
4.4	940	[1]	τοῦτο	_	_
4.4	941	[44]	καὶ	_	_
4.4	942	[2]	αὐτὸς	_	_
4.4	943	[2]	ὁ	_	_
4.4	944	[2]	Χρύσιππος	_	_
4.4	945	[14]	ἐν	_	_
4.4	946	[1]	τῇδε	_	_
4.4	947	[3]	τῇ	_	_
4.4	948	[1]	ῥήσει	_	_
4.4	949	[21]	.	b	_
4.4	950	[1]	διὸ	_	_
4.4	951	[45]	καὶ	_	_
4.4	952	[5]	οὐκ	_	_
4.4	953	[1]	ἄπο	_	_
4.4	954	[1]	τρόπου	_	_
4.4	955	[1]	λέγεται	_	_
4.4	956	[2]	ὑπό	_	_
4.4	957	[1]	τινων	_	_
4.4	958	[19]	τὸ	_	_
4.4	959	[14]	τῆς	_	_
4.4	960	[3]	ψυχῆς	_	_
4.4	961	[1]	πάθος	_	_
4.4	962	[6]	εἶναι	_	_
4.4	963	[1]	κίνησις	_	_
4.4	964	[5]	παρὰ	_	_
4.4	965	[1]	φύσιν	_	_
4.4	966	[84]	,	b	_
4.4	967	[8]	ὡς	_	_
4.4	968	[3]	ἐπὶ	_	_
4.4	969	[1]	φόβου	_	_
4.4	970	[1]	ἔχει	_	_
4.4	971	[46]	καὶ	_	_
4.4	972	[2]	ἐπιθυμίας	_	_
4.4	973	[47]	καὶ	_	_
4.4	974	[10]	τῶν	_	_
4.4	975	[1]	ὁμοίων	_	_
4.4	976	[22]	.	b	_
4.4	977	[1]	πᾶσαι	_	_
4.4	978	[12]	γὰρ	_	_
4.4	979	[1]	αἱ	_	_
4.4	980	[1]	τοιαῦται	_	_
4.4	981	[1]	κινήσεις	_	_
4.4	982	[12]	τε	_	_
4.4	983	[48]	καὶ	_	_
4.4	984	[1]	καταστάσεις	_	_
4.4	985	[1]	ἀπειθεῖς	_	_
4.4	986	[13]	τε	_	_
4.4	987	[10]	τῷ	_	_
4.4	988	[4]	λόγῳ	_	_
4.4	989	[1]	εἰσὶ	_	_
4.4	990	[49]	καὶ	_	_
4.4	991	[1]	ἀπεστραμμέναι	_	_
4.4	992	[11]	·	b	_
4.4	993	[1]	καθ	_	_
4.4	994	[30]	’	b	_
4.4	995	[3]	ὃ	_	_
4.4	996	[50]	καὶ	_	_
4.4	997	[1]	ἀλόγως	_	_
4.4	998	[1]	φαμὲν	_	_
4.4	999	[1]	φέρεσθαι	_	_
4.4	1000	[4]	τοὺς	_	_
4.4	1001	[1]	τοιούτους	_	_
4.4	1002	[85]	,	b	_
4.4	1003	[3]	οὐχ	_	_
4.4	1004	[1]	οἷον	_	_
4.4	1005	[1]	κακῶς	_	_
4.4	1006	[15]	ἐν	_	_
4.4	1007	[11]	τῷ	_	_
4.4	1008	[1]	διαλογίζεσθαι	_	_
4.4	1009	[86]	,	b	_
4.4	1010	[9]	ὡς	_	_
4.4	1011	[4]	ἄν	_	_
4.4	1012	[10]	τις	_	_
4.4	1013	[3]	εἴποι	_	_
4.4	1014	[3]	κατὰ	_	_
4.4	1015	[20]	τὸ	_	_
4.4	1016	[4]	ἔχειν	_	_
4.4	1017	[1]	ἐναντίως	_	_
4.4	1018	[2]	πρὸς	_	_
4.4	1019	[21]	τὸ	_	_
4.4	1020	[1]	εὐλόγως	_	_
4.4	1021	[87]	,	b	_
4.4	1022	[3]	ἀλλὰ	_	_
4.4	1023	[4]	κατὰ	_	_
4.4	1024	[5]	τὴν	_	_
4.4	1025	[3]	τοῦ	_	_
4.4	1026	[4]	λόγου	_	_
4.4	1027	[1]	ἀποστροφήν	_	_
4.4	1028	[23]	.	b	_
4.4	1029	[1]	ἐναργῶς	_	_
4.4	1030	[16]	ἐν	_	_
4.4	1031	[1]	τούτοις	_	_
4.4	1032	[3]	ὁ	_	_
4.4	1033	[3]	Χρύσιππος	_	_
4.4	1034	[2]	ἐνδείκνυται	_	_
4.4	1035	[7]	τὰ	_	_
4.4	1036	[2]	δύο	_	_
4.4	1037	[2]	σημαινόμενα	_	_
4.4	1038	[15]	τῆς	_	_
4.4	1039	[6]	ἄλογον	_	_
4.4	1040	[6]	φωνῆς	_	_
4.4	1041	[88]	,	b	_
4.4	1042	[1]	ἅπερ	_	_
4.4	1043	[51]	καὶ	_	_
4.4	1044	[1]	ὄντως	_	_
4.4	1045	[1]	ἐστὶ	_	_
4.4	1046	[6]	παρὰ	_	_
4.4	1047	[11]	τοῖς	_	_
4.4	1048	[1]	Ἕλλησι	_	_
4.4	1049	[89]	,	b	_
4.4	1050	[22]	τὸ	_	_
4.4	1051	[12]	μὲν	_	_
4.4	1052	[2]	ἕτερον	_	_
4.4	1053	[90]	,	b	_
4.4	1054	[2]	ᾧ	_	_
4.4	1055	[23]	τὸ	_	_
4.4	1056	[1]	εὔλογον	_	_
4.4	1057	[1]	ἐναντίον	_	_
4.4	1058	[2]	ἐστὶ	_	_
4.4	1059	[91]	,	b	_
4.4	1060	[24]	τὸ	_	_
4.4	1061	[9]	δ	_	_
4.4	1062	[31]	’	b	_
4.4	1063	[3]	ἕτερον	_	_
4.4	1064	[92]	,	b	_
4.4	1065	[3]	ᾧ	_	_
4.4	1066	[2]	μηδὲν	_	_
4.4	1067	[1]	μέτεστι	_	_
4.4	1068	[5]	λόγου	_	_
4.4	1069	[24]	.	b	_
4.4	1070	[25]	τὸ	_	_
4.4	1071	[13]	μὲν	_	_
4.4	1072	[2]	οὖν	_	_
4.4	1073	[1]	ἀντικείμενον	_	_
4.4	1074	[12]	τῷ	_	_
4.4	1075	[1]	εὐλόγῳ	_	_
4.4	1076	[1]	ἁμάρτημά	_	_
4.4	1077	[1]	ἐστι	_	_
4.4	1078	[52]	καὶ	_	_
4.4	1079	[1]	κρίσις	_	_
4.4	1080	[1]	μοχθηρά	_	_
4.4	1081	[12]	·	b	_
4.4	1082	[26]	τὸ	_	_
4.4	1083	[10]	δ	_	_
4.4	1084	[32]	’	b	_
4.4	1085	[4]	ἕτερον	_	_
4.4	1086	[93]	,	b	_
4.4	1087	[4]	ὃ	_	_
4.4	1088	[1]	χωρὶς	_	_
4.4	1089	[6]	λόγου	_	_
4.4	1090	[1]	γίγνεται	_	_
4.4	1091	[1]	παντὸς	_	_
4.4	1092	[94]	,	b	_
4.4	1093	[2]	ἡ	_	_
4.4	1094	[5]	κατὰ	_	_
4.4	1095	[27]	τὸ	_	_
4.4	1096	[2]	πάθος	_	_
4.4	1097	[2]	ὁρμὴ	_	_
4.4	1098	[53]	καὶ	_	_
4.4	1099	[2]	κίνησις	_	_
4.4	1100	[25]	.	b	_
4.4	1101	[7]	εἰ	_	_
4.4	1102	[2]	δέ	_	_
4.4	1103	[3]	γε	_	_
4.4	1104	[1]	ἦν	_	_
4.4	1105	[1]	πλείω	_	_
4.4	1106	[8]	τὰ	_	_
4.4	1107	[3]	σημαινόμενα	_	_
4.4	1108	[4]	τοῦ	_	_
4.4	1109	[7]	ἄλογον	_	_
4.4	1110	[1]	ὀνόματος	_	_
4.4	1111	[95]	,	b	_
4.4	1112	[6]	οὐκ	_	_
4.4	1113	[4]	ἂν	_	_
4.4	1114	[1]	ὤκνησεν	_	_
4.4	1115	[1]	οὐδὲ	_	_
4.4	1116	[3]	περὶ	_	_
4.4	1117	[1]	ἐκείνων	_	_
4.4	1118	[1]	εἰπεῖν	_	_
4.4	1119	[96]	,	b	_
4.4	1120	[1]	ἐπιδεικνὺς	_	_
4.4	1121	[97]	,	b	_
4.4	1122	[10]	ὡς	_	_
4.4	1123	[2]	οὐδὲ	_	_
4.4	1124	[2]	καθ	_	_
4.4	1125	[33]	’	b	_
4.4	1126	[1]	ἓν	_	_
4.4	1127	[3]	αὐτῶν	_	_
4.4	1128	[8]	ἄλογον	_	_
4.4	1129	[2]	εἰρῆσθαι	_	_
4.4	1130	[28]	τὸ	_	_
4.4	1131	[16]	τῆς	_	_
4.4	1132	[4]	ψυχῆς	_	_
4.4	1133	[3]	πάθος	_	_
4.4	1134	[98]	,	b	_
4.4	1135	[4]	ἀλλὰ	_	_
4.4	1136	[6]	κατὰ	_	_
4.4	1137	[1]	μόνον	_	_
4.4	1138	[1]	ὅπερ	_	_
4.4	1139	[3]	αὐτὸς	_	_
4.4	1140	[1]	ὠνόμασε	_	_
4.4	1141	[29]	τὸ	_	_
4.4	1142	[7]	κατὰ	_	_
4.4	1143	[6]	τὴν	_	_
4.4	1144	[1]	ἀποστροφὴν	_	_
4.4	1145	[5]	τοῦ	_	_
4.4	1146	[7]	λόγου	_	_
4.4	1147	[1]	γινόμενον	_	_
4.4	1148	[26]	.	b	_
4.4	1149	[2]	ὅσα	_	_
4.4	1150	[14]	μὲν	_	_
4.4	1151	[3]	γάρ	_	_
4.4	1152	[11]	τις	_	_
4.4	1153	[1]	ἔκρινε	_	_
4.4	1154	[2]	κακῶς	_	_
4.4	1155	[99]	,	b	_
4.4	1156	[7]	οὐκ	_	_
4.4	1157	[1]	ἀπέστραπται	_	_
4.4	1158	[11]	τὸν	_	_
4.4	1159	[6]	λόγον	_	_
4.4	1160	[100]	,	b	_
4.4	1161	[5]	ἀλλ	_	_
4.4	1162	[34]	’	b	_
4.4	1163	[1]	ἔσφαλται	_	_
4.4	1164	[2]	κατ	_	_
4.4	1165	[35]	’	b	_
4.4	1166	[1]	αὐτόν	_	_
4.4	1167	[13]	·	b	_
4.4	1168	[1]	ὅσαι	_	_
4.4	1169	[11]	δ	_	_
4.4	1170	[36]	’	b	_
4.4	1171	[1]	ὁρμαὶ	_	_
4.4	1172	[8]	κατὰ	_	_
4.4	1173	[1]	θυμὸν	_	_
4.4	1174	[13]	ἢ	_	_
4.4	1175	[2]	ἐπιθυμίαν	_	_
4.4	1176	[1]	ἀποτελοῦνται	_	_
4.4	1177	[101]	,	b	_
4.4	1178	[4]	μὴ	_	_
4.4	1179	[1]	προσχρώμεναι	_	_
4.4	1180	[5]	λόγῳ	_	_
4.4	1181	[102]	,	b	_
4.4	1182	[1]	ταύτας	_	_
4.4	1183	[1]	ἀλόγους	_	_
4.4	1184	[1]	ὀνομάζει	_	_
4.4	1185	[9]	κατὰ	_	_
4.4	1186	[30]	τὸ	_	_
4.4	1187	[5]	ἕτερον	_	_
4.4	1188	[11]	τῶν	_	_
4.4	1189	[1]	σημαινομένων	_	_
4.4	1190	[103]	,	b	_
4.4	1191	[17]	ἐν	_	_
4.4	1192	[4]	ᾧ	_	_
4.4	1193	[7]	τὴν	_	_
4.4	1194	[2]	α΄	_	_
4.4	1195	[3]	φωνὴν	_	_
4.4	1196	[1]	ἀποφάσκειν	_	_
4.4	1197	[14]	τε	_	_
4.4	1198	[54]	καὶ	_	_
4.4	1199	[1]	ἀναιρεῖν	_	_
4.4	1200	[1]	ἐλέγομεν	_	_
4.4	1201	[31]	τὸ	_	_
4.4	1202	[5]	σημαινόμενον	_	_
4.4	1203	[17]	τῆς	_	_
4.4	1204	[1]	μετ	_	_
4.4	1205	[37]	’	b	_
4.4	1206	[2]	αὐτοῦ	_	_
4.4	1207	[1]	τεταγμένης	_	_
4.4	1208	[27]	.	b	_
4.4	1209	[3]	ἡ	_	_
4.4	1210	[13]	γὰρ	_	_
4.4	1211	[1]	ἀπειθὴς	_	_
4.4	1212	[6]	λόγῳ	_	_
4.4	1213	[3]	κίνησις	_	_
4.4	1214	[5]	ψυχῆς	_	_
4.4	1215	[1]	ἄλογός	_	_
4.4	1216	[2]	ἐστι	_	_
4.4	1217	[10]	κατὰ	_	_
4.4	1218	[2]	τοῦτο	_	_
4.4	1219	[32]	τὸ	_	_
4.4	1220	[6]	σημαινόμενον	_	_
4.4	1221	[104]	,	b	_
4.4	1222	[18]	ἐν	_	_
4.4	1223	[5]	ᾧ	_	_
4.4	1224	[33]	τὸ	_	_
4.4	1225	[2]	μηδὲ	_	_
4.4	1226	[3]	ὅλως	_	_
4.4	1227	[2]	χρῆσθαι	_	_
4.4	1228	[7]	λόγῳ	_	_
4.4	1229	[1]	περιέχεται	_	_
4.4	1230	[28]	.	b	_
4.4	1231	[11]	ὡς	_	_
4.4	1232	[1]	εἴγε	_	_
4.4	1233	[1]	χρώμεθα	_	_
4.4	1234	[8]	λόγῳ	_	_
4.4	1235	[105]	,	b	_
4.4	1236	[55]	καὶ	_	_
4.4	1237	[3]	κατ	_	_
4.4	1238	[38]	’	b	_
4.4	1239	[5]	αὐτὴν	_	_
4.4	1240	[8]	οὐκ	_	_
4.4	1241	[1]	ὀρθῶς	_	_
4.4	1242	[4]	ὁ	_	_
4.4	1243	[4]	Χρύσιππος	_	_
4.4	1244	[1]	εἶπεν	_	_
4.4	1245	[106]	,	b	_
4.4	1246	[1]	ἔν	_	_
4.4	1247	[15]	τε	_	_
4.4	1248	[13]	τῷ	_	_
4.4	1249	[2]	πρώτῳ	_	_
4.4	1250	[4]	περὶ	_	_
4.4	1251	[2]	παθῶν	_	_
4.4	1252	[107]	,	b	_
4.4	1253	[1]	οὐχὶ	_	_
4.4	1254	[1]	διημαρτημένως	_	_
4.4	1255	[1]	φέρεται	_	_
4.4	1256	[108]	,	b	_
4.4	1257	[56]	καὶ	_	_
4.4	1258	[1]	παριδών	_	_
4.4	1259	[7]	τι	_	_
4.4	1260	[11]	κατὰ	_	_
4.4	1261	[12]	τὸν	_	_
4.4	1262	[7]	λόγον	_	_
4.4	1263	[109]	,	b	_
4.4	1264	[6]	ἀλλ	_	_
4.4	1265	[39]	’	b	_
4.4	1266	[2]	ἀπεστραμμένως	_	_
4.4	1267	[16]	τε	_	_
4.4	1268	[57]	καὶ	_	_
4.4	1269	[3]	ἀπειθῶς	_	_
4.4	1270	[3]	αὐτῷ	_	_
4.4	1271	[110]	,	b	_
4.4	1272	[58]	καὶ	_	_
4.4	1273	[2]	πάλιν	_	_
4.4	1274	[19]	ἐν	_	_
4.4	1275	[14]	τῷ	_	_
4.4	1276	[1]	θεραπευτικῷ	_	_
4.4	1277	[12]	τῶν	_	_
4.4	1278	[3]	παθῶν	_	_
4.4	1279	[111]	,	b	_
4.4	1280	[3]	αὐτὰ	_	_
4.4	1281	[1]	δὴ	_	_
4.4	1282	[1]	ταῦτα	_	_
4.4	1283	[9]	τὰ	_	_
4.4	1284	[1]	μικρῷ	_	_
4.4	1285	[1]	πρόσθεν	_	_
4.4	1286	[1]	μοι	_	_
4.4	1287	[1]	παραγεγραμμένα	_	_
4.4	1288	[2]	διὰ	_	_
4.4	1289	[18]	τῆς	_	_
4.4	1290	[1]	ῥήσεως	_	_
4.4	1291	[112]	,	b	_
4.4	1292	[20]	ἐν	_	_
4.4	1293	[1]	ᾗ	_	_
4.4	1294	[34]	τὸ	_	_
4.4	1295	[15]	μὲν	_	_
4.4	1296	[2]	ἐναντίως	_	_
4.4	1297	[15]	τῷ	_	_
4.4	1298	[2]	εὐλόγως	_	_
4.4	1299	[3]	λεγόμενον	_	_
4.4	1300	[9]	ἄλογον	_	_
4.4	1301	[9]	οὐκ	_	_
4.4	1302	[1]	ἔφασκεν	_	_
4.4	1303	[21]	ἐν	_	_
4.4	1304	[16]	τῷ	_	_
4.4	1305	[6]	τοῦ	_	_
4.4	1306	[1]	πάθους	_	_
4.4	1307	[1]	ὁρισμῷ	_	_
4.4	1308	[1]	σημαίνεσθαι	_	_
4.4	1309	[113]	,	b	_
4.4	1310	[1]	θάτερον	_	_
4.4	1311	[11]	δὲ	_	_
4.4	1312	[35]	τὸ	_	_
4.4	1313	[1]	ἀπειθές	_	_
4.4	1314	[17]	τε	_	_
4.4	1315	[59]	καὶ	_	_
4.4	1316	[1]	ἀπεστραμμένον	_	_
4.4	1317	[13]	τὸν	_	_
4.4	1318	[8]	λόγον	_	_
4.4	1319	[29]	.	b	_
4.4	1320	[1]	ἐπιφέρων	_	_
4.4	1321	[2]	γοῦν	_	_
4.4	1322	[4]	φησιν	_	_
4.4	1323	[14]	·	b	_
4.4	1324	[1]	οἷαι	_	_
4.4	1325	[60]	καὶ	_	_
4.4	1326	[1]	ἀκρατεῖς	_	_
4.4	1327	[2]	αἱ	_	_
4.4	1328	[2]	τοιαῦται	_	_
4.4	1329	[2]	καταστάσεις	_	_
4.4	1330	[1]	εἰσὶν	_	_
4.4	1331	[114]	,	b	_
4.4	1332	[12]	ὡς	_	_
4.4	1333	[5]	ἂν	_	_
4.4	1334	[4]	οὐ	_	_
4.4	1335	[1]	κρατούντων	_	_
4.4	1336	[1]	ἑαυτῶν	_	_
4.4	1337	[115]	,	b	_
4.4	1338	[7]	ἀλλ	_	_
4.4	1339	[40]	’	b	_
4.4	1340	[1]	ἐκφερομένων	_	_
4.4	1341	[116]	,	b	_
4.4	1342	[2]	καθάπερ	_	_
4.4	1343	[1]	οἱ	_	_
4.4	1344	[17]	τῷ	_	_
4.4	1345	[1]	τόνῳ	_	_
4.4	1346	[1]	τρέχοντες	_	_
4.4	1347	[1]	προσεκφέρονται	_	_
4.4	1348	[117]	,	b	_
4.4	1349	[5]	οὐ	_	_
4.4	1350	[1]	κρατοῦντες	_	_
4.4	1351	[19]	τῆς	_	_
4.4	1352	[1]	τοιαύτης	_	_
4.4	1353	[1]	κινήσεως	_	_
4.4	1354	[30]	.	b	_
4.4	1355	[2]	οἱ	_	_
4.4	1356	[12]	δὲ	_	_
4.4	1357	[12]	κατὰ	_	_
4.4	1358	[14]	τὸν	_	_
4.4	1359	[9]	λόγον	_	_
4.4	1360	[1]	κινούμενοι	_	_
4.4	1361	[13]	ὡς	_	_
4.4	1362	[6]	ἂν	_	_
4.4	1363	[1]	ἡγεμόνα	_	_
4.4	1364	[61]	καὶ	_	_
4.4	1365	[2]	τούτῳ	_	_
4.4	1366	[1]	οἰακίζοντες	_	_
4.4	1367	[118]	,	b	_
4.4	1368	[1]	κᾂν	_	_
4.4	1369	[1]	ὁποιοσοῦν	_	_
4.4	1370	[1]	ᾖ	_	_
4.4	1371	[119]	,	b	_
4.4	1372	[1]	κρατοῦσιν	_	_
4.4	1373	[2]	ἤτοι	_	_
4.4	1374	[1]	ἀπαθεῖς	_	_
4.4	1375	[1]	εἰσι	_	_
4.4	1376	[20]	τῆς	_	_
4.4	1377	[2]	τοιαύτης	_	_
4.4	1378	[2]	κινήσεως	_	_
4.4	1379	[62]	καὶ	_	_
4.4	1380	[13]	τῶν	_	_
4.4	1381	[4]	κατ	_	_
4.4	1382	[41]	’	b	_
4.4	1383	[6]	αὐτὴν	_	_
4.4	1384	[1]	ὁρμῶν	_	_
4.4	1385	[31]	.	b	_
4.4	1386	[1]	ἐνταῦθα	_	_
4.4	1387	[14]	γὰρ	_	_
4.4	1388	[3]	πάλιν	_	_
4.4	1389	[36]	τὸ	_	_
4.4	1390	[2]	κᾂν	_	_
4.4	1391	[2]	ὁποιοσοῦν	_	_
4.4	1392	[2]	ᾖ	_	_
4.4	1393	[1]	προκείμενον	_	_
4.4	1394	[4]	ἐπὶ	_	_
4.4	1395	[7]	τοῦ	_	_
4.4	1396	[8]	λόγου	_	_
4.4	1397	[2]	σαφῶς	_	_
4.4	1398	[3]	ἐνδείκνυται	_	_
4.4	1399	[15]	τὸν	_	_
4.4	1400	[2]	ἀπὸ	_	_
4.4	1401	[14]	τῶν	_	_
4.4	1402	[1]	ἁμαρτημάτων	_	_
4.4	1403	[1]	διορισμὸν	_	_
4.4	1404	[8]	τοῦ	_	_
4.4	1405	[2]	πάθους	_	_
4.4	1406	[32]	.	b	_
4.4	1407	[1]	εἴτε	_	_
4.4	1408	[15]	γὰρ	_	_
4.4	1409	[1]	ὑγιὴς	_	_
4.4	1410	[2]	εἴη	_	_
4.4	1411	[63]	καὶ	_	_
4.4	1412	[1]	ἀληθὴς	_	_
4.4	1413	[5]	ὁ	_	_
4.4	1414	[1]	λόγος	_	_
4.4	1415	[120]	,	b	_
4.4	1416	[2]	εἴτε	_	_
4.4	1417	[1]	μοχθηρός	_	_
4.4	1418	[18]	τε	_	_
4.4	1419	[64]	καὶ	_	_
4.4	1420	[1]	ψευδὴς	_	_
4.4	1421	[121]	,	b	_
4.4	1422	[6]	ὁ	_	_
4.4	1423	[1]	κινούμενος	_	_
4.4	1424	[5]	κατ	_	_
4.4	1425	[42]	’	b	_
4.4	1426	[5]	αὐτὸν	_	_
4.4	1427	[10]	οὐκ	_	_
4.4	1428	[5]	ἄν	_	_
4.4	1429	[1]	ποτε	_	_
4.4	1430	[1]	γένοιτ	_	_
4.4	1431	[43]	’	b	_
4.4	1432	[22]	ἐν	_	_
4.4	1433	[1]	πάθει	_	_
4.4	1434	[33]	.	b	_
4.4	1435	[13]	κατὰ	_	_
4.4	1436	[16]	μὲν	_	_
4.4	1437	[16]	γὰρ	_	_
4.4	1438	[16]	τὸν	_	_
4.4	1439	[1]	ἀληθῆ	_	_
4.4	1440	[1]	προσηκόντως	_	_
4.4	1441	[19]	τε	_	_
4.4	1442	[65]	καὶ	_	_
4.4	1443	[1]	κατωρθωμένως	_	_
4.4	1444	[1]	κινεῖται	_	_
4.4	1445	[122]	,	b	_
4.4	1446	[14]	κατὰ	_	_
4.4	1447	[13]	δὲ	_	_
4.4	1448	[17]	τὸν	_	_
4.4	1449	[1]	ψευδῆ	_	_
4.4	1450	[1]	μοχθηρῶς	_	_
4.4	1451	[20]	τε	_	_
4.4	1452	[66]	καὶ	_	_
4.4	1453	[2]	διημαρτημένως	_	_
4.4	1454	[34]	.	b	_
4.4	1455	[1]	ἵνα	_	_
4.4	1456	[17]	γὰρ	_	_
4.4	1457	[7]	ὁ	_	_
4.4	1458	[2]	λόγος	_	_
4.4	1459	[1]	ἡγεμών	_	_
4.4	1460	[2]	ἐστιν	_	_
4.4	1461	[123]	,	b	_
4.4	1462	[14]	ἢ	_	_
4.4	1463	[1]	ἀρετὴ	_	_
4.4	1464	[1]	ἕπεται	_	_
4.4	1465	[124]	,	b	_
4.4	1466	[15]	ἢ	_	_
4.4	1467	[1]	ἁμάρτημα	_	_
4.4	1468	[125]	,	b	_
4.4	1469	[4]	πάθος	_	_
4.4	1470	[1]	οὐδέποτε	_	_
4.4	1471	[35]	.	b	_
4.4	1472	[37]	τὸ	_	_
4.4	1473	[3]	γοῦν	_	_
4.4	1474	[1]	οἰηθῆναι	_	_
4.4	1475	[8]	τὴν	_	_
4.4	1476	[1]	ἡδονὴν	_	_
4.4	1477	[1]	ἀγαθὸν	_	_
4.4	1478	[7]	εἶναι	_	_
4.4	1479	[126]	,	b	_
4.4	1480	[3]	καθάπερ	_	_
4.4	1481	[8]	ὁ	_	_
4.4	1482	[1]	Ἐπίκουρος	_	_
4.4	1483	[127]	,	b	_
4.4	1484	[1]	ἡμαρτημένος	_	_
4.4	1485	[21]	τε	_	_
4.4	1486	[3]	λόγος	_	_
4.4	1487	[3]	ἐστὶ	_	_
4.4	1488	[67]	καὶ	_	_
4.4	1489	[2]	ψευδὴς	_	_
4.4	1490	[128]	,	b	_
4.4	1491	[2]	ἁπάσας	_	_
4.4	1492	[22]	τε	_	_
4.4	1493	[2]	τὰς	_	_
4.4	1494	[1]	ἐνεργείας	_	_
4.4	1495	[68]	καὶ	_	_
4.4	1496	[15]	κατὰ	_	_
4.4	1497	[1]	μέρος	_	_
4.4	1498	[2]	κινήσεις	_	_
4.4	1499	[3]	ἐκ	_	_
4.4	1500	[21]	τῆς	_	_
4.4	1501	[6]	ψυχῆς	_	_
4.4	1502	[129]	,	b	_
4.4	1503	[2]	ὅσαι	_	_
4.4	1504	[22]	τῆς	_	_
4.4	1505	[1]	ἡδονῆς	_	_
4.4	1506	[14]	ὡς	_	_
4.4	1507	[1]	τέλους	_	_
4.4	1508	[1]	στοχάζονται	_	_
4.4	1509	[2]	μοχθηρῶς	_	_
4.4	1510	[130]	,	b	_
4.4	1511	[1]	μοχθηρὰς	_	_
4.4	1512	[17]	μὲν	_	_
4.4	1513	[1]	ἐξ	_	_
4.4	1514	[1]	ἀνάγκης	_	_
4.4	1515	[2]	ἔχει	_	_
4.4	1516	[69]	καὶ	_	_
4.4	1517	[1]	διημαρτημένας	_	_
4.4	1518	[131]	,	b	_
4.4	1519	[6]	οὐ	_	_
4.4	1520	[2]	μὴν	_	_
4.4	1521	[1]	ἤδη	_	_
4.4	1522	[1]	γέ	_	_
4.4	1523	[1]	πω	_	_
4.4	1524	[70]	καὶ	_	_
4.4	1525	[3]	πάθη	_	_
4.4	1526	[15]	·	b	_
4.4	1527	[38]	τὸ	_	_
4.4	1528	[18]	γὰρ	_	_
4.4	1529	[1]	ἴδιον	_	_
4.4	1530	[9]	τοῦ	_	_
4.4	1531	[3]	πάθους	_	_
4.4	1532	[2]	αὐτὸ	_	_
4.4	1533	[2]	δὴ	_	_
4.4	1534	[3]	τοῦτ	_	_
4.4	1535	[44]	’	b	_
4.4	1536	[1]	ἔστι	_	_
4.4	1537	[39]	τὸ	_	_
4.4	1538	[2]	χωρὶς	_	_
4.4	1539	[9]	λόγου	_	_
4.4	1540	[1]	κινεῖσθαι	_	_
4.4	1541	[9]	τὴν	_	_
4.4	1542	[1]	ψυχήν	_	_
4.4	1543	[36]	.	b	_
4.4	1544	[1]	ὅθεν	_	_
4.4	1545	[71]	καὶ	_	_
4.4	1546	[1]	δεόντως	_	_
4.4	1547	[9]	ὁ	_	_
4.4	1548	[5]	Χρύσιππος	_	_
4.4	1549	[1]	ἔγραψεν	_	_
4.4	1550	[16]	·	b	_
4.4	1551	[3]	οἱ	_	_
4.4	1552	[14]	δὲ	_	_
4.4	1553	[16]	κατὰ	_	_
4.4	1554	[10]	λόγον	_	_
4.4	1555	[2]	κινούμενοι	_	_
4.4	1556	[15]	ὡς	_	_
4.4	1557	[7]	ἂν	_	_
4.4	1558	[2]	ἡγεμόνα	_	_
4.4	1559	[72]	καὶ	_	_
4.4	1560	[3]	τούτῳ	_	_
4.4	1561	[2]	οἰακίζοντες	_	_
4.4	1562	[3]	τὰς	_	_
4.4	1563	[17]	κατὰ	_	_
4.4	1564	[2]	μέρος	_	_
4.4	1565	[1]	δηλονότι	_	_
4.4	1566	[3]	κινήσεις	_	_
4.4	1567	[23]	τῆς	_	_
4.4	1568	[7]	ψυχῆς	_	_
4.4	1569	[1]	κρατοῦσι	_	_
4.4	1570	[15]	τῶν	_	_
4.4	1571	[6]	κατ	_	_
4.4	1572	[45]	’	b	_
4.4	1573	[1]	αὐτὰς	_	_
4.4	1574	[2]	ὁρμῶν	_	_
4.4	1575	[1]	ἀνάλογον	_	_
4.4	1576	[12]	τοῖς	_	_
4.4	1577	[1]	περιπατοῦσιν	_	_
4.4	1578	[132]	,	b	_
4.4	1579	[8]	ἀλλ	_	_
4.4	1580	[46]	’	b	_
4.4	1581	[4]	οὐχ	_	_
4.4	1582	[1]	ὑπ	_	_
4.4	1583	[47]	’	b	_
4.4	1584	[4]	αὐτῶν	_	_
4.4	1585	[1]	ἐκφέρονται	_	_
4.4	1586	[1]	βιαίως	_	_
4.4	1587	[133]	,	b	_
4.4	1588	[3]	ὥσπερ	_	_
4.4	1589	[1]	οἳ	_	_
4.4	1590	[18]	κατὰ	_	_
4.4	1591	[1]	πρανοῦς	_	_
4.4	1592	[1]	θέοντες	_	_
4.4	1593	[37]	.	b	_
4.4	1594	[1]	συνάπτων	_	_
4.4	1595	[4]	γοῦν	_	_
4.4	1596	[4]	τῇ	_	_
4.4	1597	[1]	προγεγραμμένῃ	_	_
4.4	1598	[2]	ῥήσει	_	_
4.4	1599	[73]	καὶ	_	_
4.4	1600	[1]	ταυτὶ	_	_
4.4	1601	[1]	προσγράφει	_	_
4.4	1602	[17]	·	b	_
4.4	1603	[4]	οἱ	_	_
4.4	1604	[3]	δέ	_	_
4.4	1605	[4]	γε	_	_
4.4	1606	[19]	κατὰ	_	_
4.4	1607	[18]	τὸν	_	_
4.4	1608	[11]	λόγον	_	_
4.4	1609	[3]	κινούμενοι	_	_
4.4	1610	[16]	ὡς	_	_
4.4	1611	[8]	ἂν	_	_
4.4	1612	[3]	ἡγεμόνα	_	_
4.4	1613	[74]	καὶ	_	_
4.4	1614	[4]	τούτῳ	_	_
4.4	1615	[3]	οἰακίζοντες	_	_
4.4	1616	[134]	,	b	_
4.4	1617	[75]	καὶ	_	_
4.4	1618	[1]	ἐὰν	_	_
4.4	1619	[3]	ὁποιοσοῦν	_	_
4.4	1620	[3]	ᾖ	_	_
4.4	1621	[135]	,	b	_
4.4	1622	[2]	κρατοῦσι	_	_
4.4	1623	[16]	τῶν	_	_
4.4	1624	[1]	κινήσεων	_	_
4.4	1625	[76]	καὶ	_	_
4.4	1626	[17]	τῶν	_	_
4.4	1627	[7]	κατ	_	_
4.4	1628	[48]	’	b	_
4.4	1629	[2]	αὐτὰς	_	_
4.4	1630	[3]	ὁρμῶν	_	_
4.4	1631	[136]	,	b	_
4.4	1632	[3]	ὥστε	_	_
4.4	1633	[1]	πεισθῆναι	_	_
4.4	1634	[1]	ἐάν	_	_
4.4	1635	[1]	περ	_	_
4.4	1636	[4]	ἐνδείκνυται	_	_
4.4	1637	[4]	αὐτὸς	_	_
4.4	1638	[1]	παραπλησίως	_	_
4.4	1639	[13]	τοῖς	_	_
4.4	1640	[2]	περιπατοῦσιν	_	_
4.4	1641	[38]	.	b	_
4.4	1642	[11]	οὐκ	_	_
4.4	1643	[1]	ἀρκεσθεὶς	_	_
4.4	1644	[15]	δὲ	_	_
4.4	1645	[2]	τούτοις	_	_
4.4	1646	[1]	ἐπιφέρει	_	_
4.4	1647	[18]	·	b	_
4.4	1648	[2]	διὸ	_	_
4.4	1649	[77]	καὶ	_	_
4.4	1650	[3]	αἱ	_	_
4.4	1651	[8]	οὕτως	_	_
4.4	1652	[1]	ἄλογοι	_	_
4.4	1653	[4]	κινήσεις	_	_
4.4	1654	[4]	πάθη	_	_
4.4	1655	[23]	τε	_	_
4.4	1656	[1]	λέγονται	_	_
4.4	1657	[78]	καὶ	_	_
4.4	1658	[7]	παρὰ	_	_
4.4	1659	[2]	φύσιν	_	_
4.4	1660	[8]	εἶναι	_	_
4.4	1661	[137]	,	b	_
4.4	1662	[1]	ἅτ	_	_
4.4	1663	[49]	’	b	_
4.4	1664	[1]	ἐκβαίνουσαι	_	_
4.4	1665	[10]	τὴν	_	_
4.4	1666	[4]	λογικὴν	_	_
4.4	1667	[1]	σύστασιν	_	_
4.4	1668	[39]	.	b	_
4.4	1669	[1]	πῶς	_	_
4.4	1670	[9]	οὕτως	_	_
4.4	1671	[1]	;	b	_
4.4	1672	[16]	ἢ	_	_
4.4	1673	[2]	δηλονότι	_	_
4.4	1674	[3]	χωρὶς	_	_
4.4	1675	[10]	λόγου	_	_
4.4	1676	[2]	παντὸς	_	_
4.4	1677	[138]	,	b	_
4.4	1678	[79]	καὶ	_	_
4.4	1679	[2]	ἀπεστραμμέναι	_	_
4.4	1680	[19]	τὸν	_	_
4.4	1681	[12]	λόγον	_	_
4.4	1682	[139]	,	b	_
4.4	1683	[1]	ὃν	_	_
4.4	1684	[4]	ἡγεμόνα	_	_
4.4	1685	[1]	ἔδωκεν	_	_
4.4	1686	[1]	ἡμῖν	_	_
4.4	1687	[4]	ἡ	_	_
4.4	1688	[1]	φύσις	_	_
4.4	1689	[1]	ἁπασῶν	_	_
4.4	1690	[18]	τῶν	_	_
4.4	1691	[20]	κατὰ	_	_
4.4	1692	[3]	μέρος	_	_
4.4	1693	[1]	ἐνεργειῶν	_	_
4.4	1694	[2]	;	b	_
4.4	1695	[5]	οὐχ	_	_
4.4	1696	[1]	ἡγεῖται	_	_
4.4	1697	[12]	δ	_	_
4.4	1698	[50]	’	b	_
4.4	1699	[23]	ἐν	_	_
4.4	1700	[14]	τοῖς	_	_
4.4	1701	[1]	πάθεσιν	_	_
4.4	1702	[19]	·	b	_
4.4	1703	[2]	ὅθεν	_	_
4.4	1704	[1]	ἐκβεβηκέναι	_	_
4.4	1705	[1]	φησὶ	_	_
4.4	1706	[11]	τὴν	_	_
4.4	1707	[5]	λογικὴν	_	_
4.4	1708	[2]	σύστασιν	_	_
4.4	1709	[3]	ἁπάσας	_	_
4.4	1710	[4]	τὰς	_	_
4.4	1711	[21]	κατὰ	_	_
4.4	1712	[5]	πάθος	_	_
4.4	1713	[5]	κινήσεις	_	_
4.4	1714	[140]	,	b	_
4.4	1715	[1]	ὀρθότατα	_	_
4.4	1716	[1]	λέγων	_	_
4.4	1717	[40]	.	b	_
4.4	1718	[8]	εἰ	_	_
4.4	1719	[19]	γὰρ	_	_
4.4	1720	[5]	ἡ	_	_
4.4	1721	[18]	μὲν	_	_
4.4	1722	[2]	λογικὴ	_	_
4.4	1723	[10]	τοῦ	_	_
4.4	1724	[1]	ζώου	_	_
4.4	1725	[1]	σύστασις	_	_
4.4	1726	[5]	ἡγεμόνα	_	_
4.4	1727	[1]	κέκτηται	_	_
4.4	1728	[20]	τὸν	_	_
4.4	1729	[13]	λόγον	_	_
4.4	1730	[141]	,	b	_
4.4	1731	[7]	οὐ	_	_
4.4	1732	[1]	κρατεῖ	_	_
4.4	1733	[13]	δ	_	_
4.4	1734	[51]	’	b	_
4.4	1735	[1]	οὗτος	_	_
4.4	1736	[1]	οὐδ	_	_
4.4	1737	[52]	’	b	_
4.4	1738	[2]	ἡγεῖται	_	_
4.4	1739	[19]	τῶν	_	_
4.4	1740	[22]	κατὰ	_	_
4.4	1741	[40]	τὸ	_	_
4.4	1742	[6]	πάθος	_	_
4.4	1743	[2]	κινήσεων	_	_
4.4	1744	[142]	,	b	_
4.4	1745	[1]	ἐκβέβηκε	_	_
4.4	1746	[12]	τὴν	_	_
4.4	1747	[6]	λογικὴν	_	_
4.4	1748	[3]	φύσιν	_	_
4.4	1749	[10]	ὁ	_	_
4.4	1750	[23]	κατὰ	_	_
4.4	1751	[7]	πάθος	_	_
4.4	1752	[2]	κινούμενος	_	_
4.4	1753	[41]	.	b	_
4.4	1754	[80]	καὶ	_	_
4.4	1755	[3]	μὴν	_	_
4.4	1756	[143]	,	b	_
4.4	1757	[1]	εἴπερ	_	_
4.4	1758	[8]	οὐ	_	_
4.4	1759	[4]	λόγος	_	_
4.4	1760	[2]	ὁρμῆς	_	_
4.4	1761	[3]	ἡγεῖται	_	_
4.4	1762	[144]	,	b	_
4.4	1763	[1]	ἀποκρινάσθωσαν	_	_
4.4	1764	[2]	ἡμῖν	_	_
4.4	1765	[5]	οἱ	_	_
4.4	1766	[5]	περὶ	_	_
4.4	1767	[21]	τὸν	_	_
4.4	1768	[1]	Χρύσιππον	_	_
4.4	1769	[145]	,	b	_
4.4	1770	[1]	ὅ	_	_
4.4	1771	[1]	τί	_	_
4.4	1772	[1]	ποτέ	_	_
4.4	1773	[3]	ἐστι	_	_
4.4	1774	[41]	τὸ	_	_
4.4	1775	[1]	ἡγούμενον	_	_
4.4	1776	[42]	.	b	_
4.4	1777	[9]	οὐ	_	_
4.4	1778	[20]	γὰρ	_	_
4.4	1779	[2]	δή	_	_
4.4	1780	[5]	γε	_	_
4.4	1781	[1]	ἀποχρήσει	_	_
4.4	1782	[3]	αὐτοῖς	_	_
4.4	1783	[2]	εἰπεῖν	_	_
4.4	1784	[146]	,	b	_
4.4	1785	[17]	ὡς	_	_
4.4	1786	[3]	οὔτε	_	_
4.4	1787	[5]	λόγος	_	_
4.4	1788	[147]	,	b	_
4.4	1789	[4]	οὔτε	_	_
4.4	1790	[1]	ἄλλη	_	_
4.4	1791	[1]	δύναμις	_	_
4.4	1792	[1]	οὐδεμία	_	_
4.4	1793	[43]	.	b	_
4.4	1794	[1]	συγχωροῦσι	_	_
4.4	1795	[21]	γὰρ	_	_
4.4	1796	[10]	οὕτως	_	_
4.4	1797	[1]	ἀναίτιόν	_	_
4.4	1798	[3]	τινα	_	_
4.4	1799	[2]	κίνησιν	_	_
4.4	1800	[148]	,	b	_
4.4	1801	[5]	ὃ	_	_
4.4	1802	[3]	παντὸς	_	_
4.4	1803	[1]	μᾶλλον	_	_
4.4	1804	[1]	φυλάττεσθαι	_	_
4.4	1805	[1]	παραινοῦσι	_	_
4.4	1806	[149]	,	b	_
4.4	1807	[81]	καὶ	_	_
4.4	1808	[1]	μέμφονταί	_	_
4.4	1809	[6]	γε	_	_
4.4	1810	[22]	τὸν	_	_
4.4	1811	[1]	Ἐπίκουρον	_	_
4.4	1812	[150]	,	b	_
4.4	1813	[1]	ἐπειδάν	_	_
4.4	1814	[4]	τινα	_	_
4.4	1815	[2]	τοιαύτην	_	_
4.4	1816	[1]	ὑποτίθηται	_	_
4.4	1817	[44]	.	b	_
4.4	1818	[2]	εἴπερ	_	_
4.4	1819	[3]	οὖν	_	_
4.4	1820	[3]	μηδὲν	_	_
4.4	1821	[1]	ἀναιτίως	_	_
4.4	1822	[2]	γίγνεται	_	_
4.4	1823	[151]	,	b	_
4.4	1824	[82]	καὶ	_	_
4.4	1825	[4]	τοῦτ	_	_
4.4	1826	[53]	’	b	_
4.4	1827	[2]	ἔστιν	_	_
4.4	1828	[1]	ἁπάντων	_	_
4.4	1829	[1]	σχεδόν	_	_
4.4	1830	[8]	τι	_	_
4.4	1831	[20]	τῶν	_	_
4.4	1832	[2]	φιλοσόφων	_	_
4.4	1833	[1]	ὁμολόγημα	_	_
4.4	1834	[1]	κοινὸν	_	_
4.4	1835	[152]	,	b	_
4.4	1836	[10]	οὐ	_	_
4.4	1837	[1]	Χρυσίππου	_	_
4.4	1838	[2]	μόνον	_	_
4.4	1839	[153]	,	b	_
4.4	1840	[17]	ἢ	_	_
4.4	1841	[1]	Ἀριστοτέλους	_	_
4.4	1842	[154]	,	b	_
4.4	1843	[18]	ἢ	_	_
4.4	1844	[1]	Πλάτωνος	_	_
4.4	1845	[155]	,	b	_
4.4	1846	[2]	ἀποκρινάσθωσαν	_	_
4.4	1847	[3]	ἡμῖν	_	_
4.4	1848	[156]	,	b	_
4.4	1849	[1]	ἥ	_	_
4.4	1850	[1]	τίς	_	_
4.4	1851	[1]	ποτ	_	_
4.4	1852	[54]	’	b	_
4.4	1853	[2]	ἐστὶν	_	_
4.4	1854	[1]	αἰτία	_	_
4.4	1855	[24]	τῆς	_	_
4.4	1856	[24]	κατὰ	_	_
4.4	1857	[5]	πάθη	_	_
4.4	1858	[3]	κινήσεως	_	_
4.4	1859	[45]	.	b	_
4.4	1860	[11]	οὐ	_	_
4.4	1861	[22]	γὰρ	_	_
4.4	1862	[3]	δὴ	_	_
4.4	1863	[11]	ὁ	_	_
4.4	1864	[6]	λόγος	_	_
4.4	1865	[7]	γε	_	_
4.4	1866	[4]	νῦν	_	_
4.4	1867	[1]	ἡγεμὼν	_	_
4.4	1868	[2]	οὐδ	_	_
4.4	1869	[55]	’	b	_
4.4	1870	[1]	αἴτιος	_	_
4.4	1871	[4]	αὐτοῖς	_	_
4.4	1872	[3]	ὑπάρχει	_	_
4.4	1873	[157]	,	b	_
4.4	1874	[4]	καθάπερ	_	_
4.4	1875	[2]	ἔν	_	_
4.4	1876	[24]	τε	_	_
4.4	1877	[15]	τοῖς	_	_
4.4	1878	[1]	ἁμαρτήμασι	_	_
4.4	1879	[83]	καὶ	_	_
4.4	1880	[1]	κατορθώμασιν	_	_
4.4	1881	[46]	.	b	_
4.4	1882	[12]	ὁ	_	_
4.4	1883	[19]	μὲν	_	_
4.4	1884	[4]	οὖν	_	_
4.4	1885	[1]	Ποσειδώνιος	_	_
4.4	1886	[158]	,	b	_
4.4	1887	[18]	ὡς	_	_
4.4	1888	[9]	ἂν	_	_
4.4	1889	[159]	,	b	_
4.4	1890	[2]	οἶμαι	_	_
4.4	1891	[160]	,	b	_
4.4	1892	[1]	τεθραμμένος	_	_
4.4	1893	[24]	ἐν	_	_
4.4	1894	[1]	γεωμετρίᾳ	_	_
4.4	1895	[84]	καὶ	_	_
4.4	1896	[2]	μᾶλλον	_	_
4.4	1897	[21]	τῶν	_	_
4.4	1898	[1]	ἄλλων	_	_
4.4	1899	[1]	Στωϊκῶν	_	_
4.4	1900	[1]	ἀποδείξεσιν	_	_
4.4	1901	[1]	ἕπεσθαι	_	_
4.4	1902	[1]	συνειθισμένος	_	_
4.4	1903	[161]	,	b	_
4.4	1904	[1]	ᾐδέσθη	_	_
4.4	1905	[1]	τήν	_	_
4.4	1906	[25]	τε	_	_
4.4	1907	[3]	πρὸς	_	_
4.4	1908	[10]	τὰ	_	_
4.4	1909	[3]	σαφῶς	_	_
4.4	1910	[1]	φαινόμενα	_	_
4.4	1911	[1]	μάχην	_	_
4.4	1912	[85]	καὶ	_	_
4.4	1913	[13]	τὴν	_	_
4.4	1914	[7]	αὐτὴν	_	_
4.4	1915	[4]	πρὸς	_	_
4.4	1916	[1]	αὑτὸν	_	_
4.4	1917	[1]	ἐναντιολογίαν	_	_
4.4	1918	[11]	τοῦ	_	_
4.4	1919	[2]	Χρυσίππου	_	_
4.4	1920	[162]	,	b	_
4.4	1921	[86]	καὶ	_	_
4.4	1922	[1]	πειρᾶται	_	_
4.4	1923	[5]	μὴ	_	_
4.4	1924	[3]	μόνον	_	_
4.4	1925	[2]	ἑαυτὸν	_	_
4.4	1926	[16]	τοῖς	_	_
4.4	1927	[1]	Πλατωνικοῖς	_	_
4.4	1928	[163]	,	b	_
4.4	1929	[5]	ἀλλὰ	_	_
4.4	1930	[87]	καὶ	_	_
4.4	1931	[23]	τὸν	_	_
4.4	1932	[1]	Κιττιέα	_	_
4.4	1933	[1]	Ζήνωνα	_	_
4.4	1934	[1]	προσάγειν	_	_
4.4	1935	[20]	·	b	_
4.4	1936	[6]	οἱ	_	_
4.4	1937	[14]	δ	_	_
4.4	1938	[56]	’	b	_
4.4	1939	[1]	ἄλλοι	_	_
4.4	1940	[1]	Στωϊκοὶ	_	_
4.4	1941	[1]	σχεδὸν	_	_
4.4	1942	[2]	ἅπαντες	_	_
4.4	1943	[12]	οὐκ	_	_
4.4	1944	[2]	οἶδ	_	_
4.4	1945	[57]	’	b	_
4.4	1946	[1]	ὅπως	_	_
4.4	1947	[2]	ἕπεσθαι	_	_
4.4	1948	[3]	μᾶλλον	_	_
4.4	1949	[2]	οἷς	_	_
4.4	1950	[1]	ἐσφάλη	_	_
4.4	1951	[6]	Χρύσιππος	_	_
4.4	1952	[1]	ὑπομένουσιν	_	_
4.4	1953	[164]	,	b	_
4.4	1954	[19]	ἢ	_	_
4.4	1955	[1]	τἀληθὲς	_	_
4.4	1956	[1]	αἱρεῖσθαι	_	_
4.4	1957	[47]	.	b	_
4.5	1	[1]	Καὶ	_	_
4.5	2	[1]	οἵ	_	_
4.5	3	[1]	γε	_	_
4.5	4	[1]	νῦν	_	_
4.5	5	[1]	αὐτῶν	_	_
4.5	6	[1]	ἐνδοξότατοι	_	_
4.5	7	[1]	,	b	_
4.5	8	[1]	πυνθανομένων	_	_
4.5	9	[1]	ἡμῶν	_	_
4.5	10	[1]	ἑκάστοτε	_	_
4.5	11	[2]	,	b	_
4.5	12	[1]	τίνα	_	_
4.5	13	[1]	ποτὲ	_	_
4.5	14	[1]	χρὴ	_	_
4.5	15	[1]	τίθεσθαι	_	_
4.5	16	[1]	τὴν	_	_
4.5	17	[1]	αἰτίαν	_	_
4.5	18	[1]	τῆς	_	_
4.5	19	[1]	κατὰ	_	_
4.5	20	[1]	τὰ	_	_
4.5	21	[1]	πάθη	_	_
4.5	22	[1]	κινήσεως	_	_
4.5	23	[3]	,	b	_
4.5	24	[1]	ἄνω	_	_
4.5	25	[1]	μὲν	_	_
4.5	26	[1]	καὶ	_	_
4.5	27	[1]	κάτω	_	_
4.5	28	[1]	τοὺς	_	_
4.5	29	[1]	λόγους	_	_
4.5	30	[1]	ἑλίττουσιν	_	_
4.5	31	[4]	,	b	_
4.5	32	[1]	ἀποσαφοῦσι	_	_
4.5	33	[1]	δ	_	_
4.5	34	[1]	’	b	_
4.5	35	[1]	οὐδὲν	_	_
4.5	36	[5]	,	b	_
4.5	37	[1]	ἀλλ	_	_
4.5	38	[2]	’	b	_
4.5	39	[1]	ἐνίοτε	_	_
4.5	40	[2]	μὲν	_	_
4.5	41	[1]	τὸν	_	_
4.5	42	[1]	ἡμαρτημένον	_	_
4.5	43	[1]	λόγον	_	_
4.5	44	[1]	φασὶν	_	_
4.5	45	[2]	καὶ	_	_
4.5	46	[2]	τὴν	_	_
4.5	47	[1]	δόξαν	_	_
4.5	48	[3]	τὴν	_	_
4.5	49	[1]	ψευδῆ	_	_
4.5	50	[1]	τῶν	_	_
4.5	51	[2]	κατὰ	_	_
4.5	52	[2]	τὰ	_	_
4.5	53	[2]	πάθη	_	_
4.5	54	[1]	κινήσεων	_	_
4.5	55	[1]	αἴτιον	_	_
4.5	56	[1]	ὑπάρχειν	_	_
4.5	57	[6]	,	b	_
4.5	58	[1]	δυσωπούμενοι	_	_
4.5	59	[2]	δ	_	_
4.5	60	[3]	’	b	_
4.5	61	[1]	αὖθις	_	_
4.5	62	[1]	ὑπὸ	_	_
4.5	63	[2]	τῶν	_	_
4.5	64	[1]	Χρυσίππου	_	_
4.5	65	[1]	ῥήσεων	_	_
4.5	66	[1]	ὑποχωροῦσί	_	_
4.5	67	[1]	τε	_	_
4.5	68	[1]	τούτων	_	_
4.5	69	[7]	,	b	_
4.5	70	[3]	καὶ	_	_
4.5	71	[1]	κινήσεις	_	_
4.5	72	[1]	τινὰς	_	_
4.5	73	[1]	ἀναιτίους	_	_
4.5	74	[1]	ὑποτίθενται	_	_
4.5	75	[8]	,	b	_
4.5	76	[4]	καὶ	_	_
4.5	77	[1]	μένουσιν	_	_
4.5	78	[1]	οὐδέποτ	_	_
4.5	79	[4]	’	b	_
4.5	80	[1]	ἐπὶ	_	_
4.5	81	[3]	τῶν	_	_
4.5	82	[2]	αὐτῶν	_	_
4.5	83	[1]	ἀποκρίσεων	_	_
4.5	84	[9]	,	b	_
4.5	85	[2]	ἀλλ	_	_
4.5	86	[5]	’	b	_
4.5	87	[1]	Εὐρίπου	_	_
4.5	88	[1]	δίκην	_	_
4.5	89	[2]	ἑκάστοτε	_	_
4.5	90	[1]	μεταῤῥέουσιν	_	_
4.5	91	[10]	,	b	_
4.5	92	[1]	ἀπὸ	_	_
4.5	93	[3]	μὲν	_	_
4.5	94	[1]	τοῦ	_	_
4.5	95	[2]	τὸν	_	_
4.5	96	[2]	λόγον	_	_
4.5	97	[2]	τε	_	_
4.5	98	[5]	καὶ	_	_
4.5	99	[4]	τὴν	_	_
4.5	100	[2]	δόξαν	_	_
4.5	101	[1]	αἰτιᾶσθαι	_	_
4.5	102	[4]	τῶν	_	_
4.5	103	[1]	παθῶν	_	_
4.5	104	[2]	ἐπὶ	_	_
4.5	105	[1]	τὸ	_	_
4.5	106	[1]	χωρὶς	_	_
4.5	107	[1]	αἰτίας	_	_
4.5	108	[1]	οὑτωσί	_	_
4.5	109	[1]	πως	_	_
4.5	110	[1]	κινουμένην	_	_
4.5	111	[5]	τὴν	_	_
4.5	112	[1]	ψυχὴν	_	_
4.5	113	[1]	ἐμπίπτειν	_	_
4.5	114	[1]	τοῖς	_	_
4.5	115	[1]	πάθεσιν	_	_
4.5	116	[11]	,	b	_
4.5	117	[2]	ἀπὸ	_	_
4.5	118	[3]	δ	_	_
4.5	119	[6]	’	b	_
4.5	120	[1]	αὖ	_	_
4.5	121	[2]	τῆς	_	_
4.5	122	[1]	εἰκαίας	_	_
4.5	123	[3]	τε	_	_
4.5	124	[6]	καὶ	_	_
4.5	125	[1]	ἀναιτίου	_	_
4.5	126	[2]	κινήσεως	_	_
4.5	127	[3]	ἐπὶ	_	_
4.5	128	[2]	τὸ	_	_
4.5	129	[1]	λογικὰς	_	_
4.5	130	[1]	εἶναι	_	_
4.5	131	[1]	τὰς	_	_
4.5	132	[2]	κινήσεις	_	_
4.5	133	[5]	τῶν	_	_
4.5	134	[2]	παθῶν	_	_
4.5	135	[1]	.	b	_
4.5	136	[1]	ὁ	_	_
4.5	137	[1]	γὰρ	_	_
4.5	138	[1]	ἔλεγχος	_	_
4.5	139	[1]	ἑκατέρων	_	_
4.5	140	[6]	τῶν	_	_
4.5	141	[2]	ἀποκρίσεων	_	_
4.5	142	[1]	ἐκ	_	_
4.5	143	[1]	προχείρου	_	_
4.5	144	[1]	παρακείμενος	_	_
4.5	145	[1]	οὐκ	_	_
4.5	146	[1]	ἐᾷ	_	_
4.5	147	[1]	καταμένειν	_	_
4.5	148	[1]	ἐπ	_	_
4.5	149	[7]	’	b	_
4.5	150	[1]	οὐδετέρας	_	_
4.5	151	[3]	αὐτῶν	_	_
4.5	152	[12]	,	b	_
4.5	153	[1]	ἐν	_	_
4.5	154	[4]	μὲν	_	_
4.5	155	[1]	τῷ	_	_
4.5	156	[2]	τὰς	_	_
4.5	157	[3]	κατὰ	_	_
4.5	158	[3]	τὰ	_	_
4.5	159	[3]	πάθη	_	_
4.5	160	[3]	κινήσεις	_	_
4.5	161	[2]	ὑπὸ	_	_
4.5	162	[2]	τοῦ	_	_
4.5	163	[1]	λόγου	_	_
4.5	164	[1]	γίγνεσθαι	_	_
4.5	165	[1]	φάσκειν	_	_
4.5	166	[2]	οὐκ	_	_
4.5	167	[1]	ἐχόντων	_	_
4.5	168	[4]	αὐτῶν	_	_
4.5	169	[1]	ἁμάρτημα	_	_
4.5	170	[1]	διακρῖναι	_	_
4.5	171	[1]	πάθους	_	_
4.5	172	[13]	,	b	_
4.5	173	[2]	ἐν	_	_
4.5	174	[1]	δὲ	_	_
4.5	175	[2]	τῷ	_	_
4.5	176	[7]	καὶ	_	_
4.5	177	[1]	τοῦτον	_	_
4.5	178	[1]	ἀφελεῖν	_	_
4.5	179	[1]	εἰς	_	_
4.5	180	[1]	ἀναίτιόν	_	_
4.5	181	[1]	τινα	_	_
4.5	182	[1]	κίνησιν	_	_
4.5	183	[1]	ἐμπιπτόντων	_	_
4.5	184	[14]	,	b	_
4.5	185	[1]	ἐνὸν	_	_
4.5	186	[1]	αὐτοῖς	_	_
4.5	187	[1]	ἐξ	_	_
4.5	188	[1]	ἑτοίμου	_	_
4.5	189	[1]	φυγεῖν	_	_
4.5	190	[1]	ἀμφοτέρας	_	_
4.5	191	[3]	τὰς	_	_
4.5	192	[1]	ἀτοπίας	_	_
4.5	193	[15]	,	b	_
4.5	194	[6]	τὴν	_	_
4.5	195	[5]	μὲν	_	_
4.5	196	[3]	τοῦ	_	_
4.5	197	[1]	μὴ	_	_
4.5	198	[1]	δύνασθαι	_	_
4.5	199	[1]	διορίσαι	_	_
4.5	200	[2]	πάθους	_	_
4.5	201	[2]	ἁμάρτημα	_	_
4.5	202	[16]	,	b	_
4.5	203	[1]	χωρίζοντας	_	_
4.5	204	[4]	τοῦ	_	_
4.5	205	[2]	λόγου	_	_
4.5	206	[4]	τὰ	_	_
4.5	207	[4]	πάθη	_	_
4.5	208	[17]	,	b	_
4.5	209	[7]	τὴν	_	_
4.5	210	[2]	δὲ	_	_
4.5	211	[5]	τοῦ	_	_
4.5	212	[1]	γίνεσθαί	_	_
4.5	213	[1]	τι	_	_
4.5	214	[2]	χωρὶς	_	_
4.5	215	[2]	αἰτίας	_	_
4.5	216	[18]	,	b	_
4.5	217	[1]	ὁμολογήσαντας	_	_
4.5	218	[19]	,	b	_
4.5	219	[1]	ἀλόγους	_	_
4.5	220	[2]	τινὰς	_	_
4.5	221	[2]	εἶναι	_	_
4.5	222	[1]	δυνάμεις	_	_
4.5	223	[3]	ἐν	_	_
4.5	224	[1]	τῇ	_	_
4.5	225	[1]	ψυχῇ	_	_
4.5	226	[7]	τῶν	_	_
4.5	227	[1]	κατ	_	_
4.5	228	[8]	’	b	_
4.5	229	[1]	αὐτὴν	_	_
4.5	230	[3]	παθῶν	_	_
4.5	231	[3]	αἰτίας	_	_
4.5	232	[2]	.	b	_
4.5	233	[1]	οὐ	_	_
4.5	234	[1]	μόνον	_	_
4.5	235	[1]	τοίνυν	_	_
4.5	236	[1]	οἱ	_	_
4.5	237	[1]	ἄλλοι	_	_
4.5	238	[20]	,	b	_
4.5	239	[1]	ἀλλὰ	_	_
4.5	240	[8]	καὶ	_	_
4.5	241	[2]	ὁ	_	_
4.5	242	[1]	Χρύσιππος	_	_
4.5	243	[1]	αὐτὸς	_	_
4.5	244	[4]	ἐν	_	_
4.5	245	[2]	τοῖς	_	_
4.5	246	[1]	περὶ	_	_
4.5	247	[4]	παθῶν	_	_
4.5	248	[1]	συγγράμμασιν	_	_
4.5	249	[2]	ἐπ	_	_
4.5	250	[9]	’	b	_
4.5	251	[1]	οὐδεμιᾶς	_	_
4.5	252	[1]	ὁρίζει	_	_
4.5	253	[1]	βεβαίως	_	_
4.5	254	[1]	δόξης	_	_
4.5	255	[21]	,	b	_
4.5	256	[3]	ἀλλ	_	_
4.5	257	[10]	’	b	_
4.5	258	[1]	ἀεὶ	_	_
4.5	259	[1]	σαλεύει	_	_
4.5	260	[1]	καθάπερ	_	_
4.5	261	[5]	ἐν	_	_
4.5	262	[1]	κλύδωνι	_	_
4.5	263	[3]	.	b	_
4.5	264	[9]	καὶ	_	_
4.5	265	[2]	γὰρ	_	_
4.5	266	[10]	καὶ	_	_
4.5	267	[3]	χωρὶς	_	_
4.5	268	[3]	λόγου	_	_
4.5	269	[1]	παντὸς	_	_
4.5	270	[1]	γίγνεσθαί	_	_
4.5	271	[1]	φησι	_	_
4.5	272	[5]	τὰ	_	_
4.5	273	[5]	πάθη	_	_
4.5	274	[22]	,	b	_
4.5	275	[11]	καὶ	_	_
4.5	276	[2]	αὖθις	_	_
4.5	277	[3]	τῆς	_	_
4.5	278	[1]	λογικῆς	_	_
4.5	279	[3]	εἶναι	_	_
4.5	280	[1]	δυνάμεως	_	_
4.5	281	[1]	μόνης	_	_
4.5	282	[23]	,	b	_
4.5	283	[1]	ὥστε	_	_
4.5	284	[1]	διὰ	_	_
4.5	285	[1]	τοῦτο	_	_
4.5	286	[1]	μηδὲ	_	_
4.5	287	[6]	ἐν	_	_
4.5	288	[3]	τοῖς	_	_
4.5	289	[1]	ἀλόγοις	_	_
4.5	290	[1]	ζώοις	_	_
4.5	291	[1]	συνίστασθαι	_	_
4.5	292	[24]	,	b	_
4.5	293	[12]	καὶ	_	_
4.5	294	[4]	χωρὶς	_	_
4.5	295	[1]	κρίσεως	_	_
4.5	296	[1]	γίνεσθαι	_	_
4.5	297	[25]	,	b	_
4.5	298	[13]	καὶ	_	_
4.5	299	[3]	αὖθις	_	_
4.5	300	[1]	κρίσεις	_	_
4.5	301	[4]	εἶναι	_	_
4.5	302	[4]	.	b	_
4.5	303	[1]	ἐμπίπτει	_	_
4.5	304	[1]	δέ	_	_
4.5	305	[1]	ποτε	_	_
4.5	306	[14]	καὶ	_	_
4.5	307	[2]	εἰς	_	_
4.5	308	[3]	τὸ	_	_
4.5	309	[2]	φάσκειν	_	_
4.5	310	[26]	,	b	_
4.5	311	[1]	εἰκῆ	_	_
4.5	312	[2]	γίνεσθαι	_	_
4.5	313	[4]	τὰς	_	_
4.5	314	[4]	κατὰ	_	_
4.5	315	[6]	τὰ	_	_
4.5	316	[6]	πάθη	_	_
4.5	317	[4]	κινήσεις	_	_
4.5	318	[27]	,	b	_
4.5	319	[1]	ὅπερ	_	_
4.5	320	[2]	οὐδὲν	_	_
4.5	321	[1]	ἄλλο	_	_
4.5	322	[1]	ἐστὶν	_	_
4.5	323	[28]	,	b	_
4.5	324	[1]	ἢ	_	_
4.5	325	[1]	ἀναιτίως	_	_
4.5	326	[29]	,	b	_
4.5	327	[1]	εἴ	_	_
4.5	328	[1]	τις	_	_
4.5	329	[1]	ἀκριβῶς	_	_
4.5	330	[1]	ἐξετάζοι	_	_
4.5	331	[4]	τὸ	_	_
4.5	332	[1]	ῥῆμα	_	_
4.5	333	[5]	.	b	_
4.5	334	[1]	αἷς	_	_
4.5	335	[1]	γοῦν	_	_
4.5	336	[1]	ὀλίγον	_	_
4.5	337	[1]	ἔμπροσθεν	_	_
4.5	338	[1]	γέγραφε	_	_
4.5	339	[1]	ῥήσεσιν	_	_
4.5	340	[1]	ἐφεξῆς	_	_
4.5	341	[1]	φησιν	_	_
4.5	342	[1]	·	b	_
4.5	343	[1]	οἰκείως	_	_
4.5	344	[3]	δὲ	_	_
4.5	345	[3]	τῷ	_	_
4.5	346	[8]	τῶν	_	_
4.5	347	[5]	παθῶν	_	_
4.5	348	[1]	γένει	_	_
4.5	349	[1]	ἀποδίδοται	_	_
4.5	350	[15]	καὶ	_	_
4.5	351	[1]	ἡ	_	_
4.5	352	[1]	πτοιὰ	_	_
4.5	353	[5]	κατὰ	_	_
4.5	354	[5]	τὸ	_	_
4.5	355	[1]	ἐνσεσοβημένον	_	_
4.5	356	[2]	τοῦτο	_	_
4.5	357	[16]	καὶ	_	_
4.5	358	[1]	φερόμενον	_	_
4.5	359	[2]	εἰκῆ	_	_
4.5	360	[6]	.	b	_
4.5	361	[4]	ἀλλ	_	_
4.5	362	[11]	’	b	_
4.5	363	[1]	εἰ	_	_
4.5	364	[6]	μὲν	_	_
4.5	365	[6]	τὸ	_	_
4.5	366	[2]	ἀναιτίως	_	_
4.5	367	[3]	εἰκῆ	_	_
4.5	368	[1]	λέγεις	_	_
4.5	369	[30]	,	b	_
4.5	370	[1]	ὦ	_	_
4.5	371	[1]	Χρύσιππε	_	_
4.5	372	[31]	,	b	_
4.5	373	[17]	καὶ	_	_
4.5	374	[1]	σεαυτῷ	_	_
4.5	375	[1]	μάχῃ	_	_
4.5	376	[32]	,	b	_
4.5	377	[18]	καὶ	_	_
4.5	378	[1]	Ἀριστοτέλει	_	_
4.5	379	[33]	,	b	_
4.5	380	[19]	καὶ	_	_
4.5	381	[1]	Πλάτωνι	_	_
4.5	382	[34]	,	b	_
4.5	383	[20]	καὶ	_	_
4.5	384	[1]	ταῖς	_	_
4.5	385	[1]	ἁπάντων	_	_
4.5	386	[1]	ἀνθρώπων	_	_
4.5	387	[1]	ἐννοίαις	_	_
4.5	388	[35]	,	b	_
4.5	389	[21]	καὶ	_	_
4.5	390	[1]	πολὺ	_	_
4.5	391	[1]	πρότερον	_	_
4.5	392	[1]	αὐτῇ	_	_
4.5	393	[9]	τῶν	_	_
4.5	394	[1]	πραγμάτων	_	_
4.5	395	[2]	τῇ	_	_
4.5	396	[1]	φύσει	_	_
4.5	397	[36]	,	b	_
4.5	398	[1]	μηδενὸς	_	_
4.5	399	[3]	ἀναιτίως	_	_
4.5	400	[2]	γίγνεσθαι	_	_
4.5	401	[1]	δυναμένου	_	_
4.5	402	[7]	.	b	_
4.5	403	[2]	εἰ	_	_
4.5	404	[4]	δὲ	_	_
4.5	405	[7]	τὸ	_	_
4.5	406	[5]	χωρὶς	_	_
4.5	407	[4]	λόγου	_	_
4.5	408	[1]	σημαίνει	_	_
4.5	409	[1]	σοι	_	_
4.5	410	[8]	τὸ	_	_
4.5	411	[4]	εἰκῆ	_	_
4.5	412	[37]	,	b	_
4.5	413	[9]	τὸ	_	_
4.5	414	[7]	μὲν	_	_
4.5	415	[1]	ἄλογον	_	_
4.5	416	[1]	οὕτω	_	_
4.5	417	[2]	γε	_	_
4.5	418	[1]	μετειλημμένον	_	_
4.5	419	[1]	ἂν	_	_
4.5	420	[1]	εἴη	_	_
4.5	421	[38]	,	b	_
4.5	422	[10]	τὸ	_	_
4.5	423	[4]	δ	_	_
4.5	424	[12]	’	b	_
4.5	425	[2]	ἐξ	_	_
4.5	426	[1]	ἀρχῆς	_	_
4.5	427	[1]	ζητούμενον	_	_
4.5	428	[1]	ἔτι	_	_
4.5	429	[1]	μένει	_	_
4.5	430	[8]	.	b	_
4.5	431	[8]	τὴν	_	_
4.5	432	[1]	παράλογον	_	_
4.5	433	[1]	ταύτην	_	_
4.5	434	[2]	κίνησιν	_	_
4.5	435	[39]	,	b	_
4.5	436	[3]	ὑπὸ	_	_
4.5	437	[5]	λόγου	_	_
4.5	438	[8]	μὲν	_	_
4.5	439	[2]	μὴ	_	_
4.5	440	[1]	γινομένην	_	_
4.5	441	[40]	,	b	_
4.5	442	[1]	ὑπ	_	_
4.5	443	[13]	’	b	_
4.5	444	[4]	αἰτίας	_	_
4.5	445	[2]	δέ	_	_
4.5	446	[1]	τινος	_	_
4.5	447	[2]	γινομένην	_	_
4.5	448	[41]	,	b	_
4.5	449	[1]	ἐρωτῶμέν	_	_
4.5	450	[1]	σε	_	_
4.5	451	[42]	,	b	_
4.5	452	[1]	τίς	_	_
4.5	453	[1]	ἐδημιούργησεν	_	_
4.5	454	[1]	αἰτία	_	_
4.5	455	[1]	;	b	_
4.5	456	[1]	ἡμεῖς	_	_
4.5	457	[9]	μὲν	_	_
4.5	458	[1]	γάρ	_	_
4.5	459	[1]	φαμεν	_	_
4.5	460	[2]	ἐνίοτε	_	_
4.5	461	[10]	μὲν	_	_
4.5	462	[9]	τὴν	_	_
4.5	463	[1]	θυμοειδῆ	_	_
4.5	464	[1]	δύναμιν	_	_
4.5	465	[43]	,	b	_
4.5	466	[3]	ἐνίοτε	_	_
4.5	467	[5]	δὲ	_	_
4.5	468	[10]	τὴν	_	_
4.5	469	[1]	ἐπιθυμητικήν	_	_
4.5	470	[9]	.	b	_
4.5	471	[1]	σὺ	_	_
4.5	472	[6]	δὲ	_	_
4.5	473	[1]	οὔτε	_	_
4.5	474	[1]	ταῦτα	_	_
4.5	475	[1]	ὁμολογεῖς	_	_
4.5	476	[44]	,	b	_
4.5	477	[2]	οὔτε	_	_
4.5	478	[11]	τὴν	_	_
4.5	479	[1]	λογικὴν	_	_
4.5	480	[1]	εἰπεῖν	_	_
4.5	481	[1]	τολμᾷς	_	_
4.5	482	[45]	,	b	_
4.5	483	[5]	ἀλλ	_	_
4.5	484	[14]	’	b	_
4.5	485	[5]	εἰκῆ	_	_
4.5	486	[3]	γίνεσθαι	_	_
4.5	487	[1]	φήσας	_	_
4.5	488	[1]	ἀπηλλάχθαι	_	_
4.5	489	[1]	νομίζεις	_	_
4.5	490	[6]	τοῦ	_	_
4.5	491	[1]	ζητήματος	_	_
4.5	492	[46]	,	b	_
4.5	493	[3]	οὐκ	_	_
4.5	494	[1]	εἰδὼς	_	_
4.5	495	[47]	,	b	_
4.5	496	[1]	ὅτι	_	_
4.5	497	[1]	πᾶν	_	_
4.5	498	[48]	,	b	_
4.5	499	[1]	ὅ	_	_
4.5	500	[1]	τί	_	_
4.5	501	[1]	περ	_	_
4.5	502	[2]	ἂν	_	_
4.5	503	[6]	εἰκῆ	_	_
4.5	504	[22]	καὶ	_	_
4.5	505	[3]	ἀπὸ	_	_
4.5	506	[1]	ταὐτομάτου	_	_
4.5	507	[4]	γίνεσθαι	_	_
4.5	508	[1]	λέγηται	_	_
4.5	509	[49]	,	b	_
4.5	510	[6]	κατὰ	_	_
4.5	511	[12]	τὴν	_	_
4.5	512	[1]	ὡς	_	_
4.5	513	[1]	πρὸς	_	_
4.5	514	[1]	ἡμᾶς	_	_
4.5	515	[1]	γνῶσιν	_	_
4.5	516	[2]	οὕτω	_	_
4.5	517	[1]	προσαγορεύεται	_	_
4.5	518	[50]	,	b	_
4.5	519	[2]	ταῖς	_	_
4.5	520	[5]	δ	_	_
4.5	521	[15]	’	b	_
4.5	522	[1]	ἀληθείαις	_	_
4.5	523	[3]	οὐδὲν	_	_
4.5	524	[5]	αὐτῶν	_	_
4.5	525	[3]	οὕτω	_	_
4.5	526	[1]	γίγνεται	_	_
4.5	527	[51]	,	b	_
4.5	528	[2]	καθάπερ	_	_
4.5	529	[23]	καὶ	_	_
4.5	530	[3]	ὁ	_	_
4.5	531	[1]	θειότατος	_	_
4.5	532	[1]	Ἱπποκράτης	_	_
4.5	533	[1]	εἶπεν	_	_
4.5	534	[2]	·	b	_
4.5	535	[1]	ἡμῖν	_	_
4.5	536	[11]	μὲν	_	_
4.5	537	[1]	αὐτόματον	_	_
4.5	538	[52]	,	b	_
4.5	539	[1]	αἰτίᾳ	_	_
4.5	540	[6]	δ	_	_
4.5	541	[16]	’	b	_
4.5	542	[4]	οὐκ	_	_
4.5	543	[2]	αὐτόματον	_	_
4.5	544	[10]	.	b	_
4.5	545	[4]	οὕτω	_	_
4.5	546	[7]	δὲ	_	_
4.5	547	[24]	καὶ	_	_
4.5	548	[11]	τὸ	_	_
4.5	549	[1]	πλεονάζουσαν	_	_
4.5	550	[1]	ὁρμὴν	_	_
4.5	551	[5]	εἶναι	_	_
4.5	552	[12]	τὸ	_	_
4.5	553	[1]	πάθος	_	_
4.5	554	[1]	ἐξηγούμενος	_	_
4.5	555	[4]	ὁ	_	_
4.5	556	[2]	Χρύσιππος	_	_
4.5	557	[1]	ἔν	_	_
4.5	558	[4]	τε	_	_
4.5	559	[4]	τῷ	_	_
4.5	560	[2]	περὶ	_	_
4.5	561	[6]	παθῶν	_	_
4.5	562	[1]	ἠθικῷ	_	_
4.5	563	[1]	κᾀν	_	_
4.5	564	[5]	τῷ	_	_
4.5	565	[1]	πρώτῳ	_	_
4.5	566	[10]	τῶν	_	_
4.5	567	[1]	λογικῶν	_	_
4.5	568	[1]	ὑπὲρ	_	_
4.5	569	[13]	τὴν	_	_
4.5	570	[7]	τοῦ	_	_
4.5	571	[6]	λόγου	_	_
4.5	572	[1]	συμμετρίαν	_	_
4.5	573	[2]	γίνεσθαί	_	_
4.5	574	[2]	φησιν	_	_
4.5	575	[14]	τὴν	_	_
4.5	576	[1]	ὑπερβολὴν	_	_
4.5	577	[4]	τῆς	_	_
4.5	578	[3]	κινήσεως	_	_
4.5	579	[53]	,	b	_
4.5	580	[2]	οὐ	_	_
4.5	581	[1]	μὴν	_	_
4.5	582	[1]	τήν	_	_
4.5	583	[1]	γ	_	_
4.5	584	[17]	’	b	_
4.5	585	[2]	αἰτίαν	_	_
4.5	586	[1]	αὐτῆς	_	_
4.5	587	[1]	προστίθησιν	_	_
4.5	588	[11]	.	b	_
4.5	589	[1]	ἐχρῆν	_	_
4.5	590	[3]	δέ	_	_
4.5	591	[3]	γε	_	_
4.5	592	[1]	κᾀνταῦθα	_	_
4.5	593	[3]	μὴ	_	_
4.5	594	[1]	περιπλέκειν	_	_
4.5	595	[25]	καὶ	_	_
4.5	596	[1]	ταράττειν	_	_
4.5	597	[3]	τὸν	_	_
4.5	598	[3]	λόγον	_	_
4.5	599	[3]	εἰς	_	_
4.5	600	[1]	περιττὸν	_	_
4.5	601	[1]	ἐκτείνοντα	_	_
4.5	602	[1]	μῆκος	_	_
4.5	603	[54]	,	b	_
4.5	604	[2]	ἀλλὰ	_	_
4.5	605	[8]	τοῦ	_	_
4.5	606	[1]	πλεονάζεσθαι	_	_
4.5	607	[15]	τὴν	_	_
4.5	608	[2]	ὁρμὴν	_	_
4.5	609	[1]	εἰπόντα	_	_
4.5	610	[16]	τὴν	_	_
4.5	611	[3]	αἰτίαν	_	_
4.5	612	[2]	ἀπηλλάχθαι	_	_
4.5	613	[12]	.	b	_
4.5	614	[2]	ὡς	_	_
4.5	615	[3]	γὰρ	_	_
4.5	616	[4]	ἐπὶ	_	_
4.5	617	[11]	τῶν	_	_
4.5	618	[4]	εἰς	_	_
4.5	619	[13]	τὸ	_	_
4.5	620	[1]	κάταντες	_	_
4.5	621	[1]	θεόντων	_	_
4.5	622	[1]	ἅμα	_	_
4.5	623	[3]	τῇ	_	_
4.5	624	[1]	βουλήσει	_	_
4.5	625	[14]	τὸ	_	_
4.5	626	[1]	βάρος	_	_
4.5	627	[9]	τοῦ	_	_
4.5	628	[1]	σώματος	_	_
4.5	629	[2]	αἴτιον	_	_
4.5	630	[1]	ὑπάρχει	_	_
4.5	631	[5]	τῆς	_	_
4.5	632	[4]	κινήσεως	_	_
4.5	633	[55]	,	b	_
4.5	634	[1]	οὕτως	_	_
4.5	635	[7]	ἐν	_	_
4.5	636	[4]	τοῖς	_	_
4.5	637	[6]	τῆς	_	_
4.5	638	[1]	ψυχῆς	_	_
4.5	639	[2]	πάθεσιν	_	_
4.5	640	[2]	ὅ	_	_
4.5	641	[2]	τί	_	_
4.5	642	[1]	ποτ	_	_
4.5	643	[18]	’	b	_
4.5	644	[2]	ἄλλο	_	_
4.5	645	[4]	τῇ	_	_
4.5	646	[1]	λογικῇ	_	_
4.5	647	[1]	δυνάμει	_	_
4.5	648	[1]	προσιὸν	_	_
4.5	649	[3]	αἴτιον	_	_
4.5	650	[1]	γίνεται	_	_
4.5	651	[7]	τῆς	_	_
4.5	652	[1]	ἀμέτρου	_	_
4.5	653	[26]	καὶ	_	_
4.5	654	[56]	,	b	_
4.5	655	[3]	ὡς	_	_
4.5	656	[2]	αὐτὸς	_	_
4.5	657	[1]	εἴωθεν	_	_
4.5	658	[1]	ὀνομάζειν	_	_
4.5	659	[57]	,	b	_
4.5	660	[1]	ἐκφόρου	_	_
4.5	661	[5]	κινήσεως	_	_
4.5	662	[58]	,	b	_
4.5	663	[2]	ἐχρῆν	_	_
4.5	664	[1]	αὐτὸν	_	_
4.5	665	[1]	διελθεῖν	_	_
4.5	666	[13]	.	b	_
4.5	667	[2]	ἡ	_	_
4.5	668	[7]	δ	_	_
4.5	669	[19]	’	b	_
4.5	670	[1]	οὖν	_	_
4.5	671	[1]	ῥῆσις	_	_
4.5	672	[3]	ἡ	_	_
4.5	673	[7]	κατὰ	_	_
4.5	674	[15]	τὸ	_	_
4.5	675	[1]	θεραπευτικὸν	_	_
4.5	676	[12]	τῶν	_	_
4.5	677	[7]	παθῶν	_	_
4.5	678	[1]	βιβλίον	_	_
4.5	679	[1]	ᾧδ	_	_
4.5	680	[20]	’	b	_
4.5	681	[1]	ἔχει	_	_
4.5	682	[3]	·	b	_
4.5	683	[2]	οἰκείως	_	_
4.5	684	[8]	δὲ	_	_
4.5	685	[27]	καὶ	_	_
4.5	686	[1]	ὁρμὴ	_	_
4.5	687	[1]	πλεονάζουσα	_	_
4.5	688	[1]	λέγεται	_	_
4.5	689	[6]	εἶναι	_	_
4.5	690	[16]	τὸ	_	_
4.5	691	[2]	πάθος	_	_
4.5	692	[59]	,	b	_
4.5	693	[4]	ὡς	_	_
4.5	694	[1]	ἄν	_	_
4.5	695	[2]	τις	_	_
4.5	696	[5]	ἐπὶ	_	_
4.5	697	[13]	τῶν	_	_
4.5	698	[1]	ἐκφερομένων	_	_
4.5	699	[2]	κινήσεων	_	_
4.5	700	[2]	πλεονάζουσαν	_	_
4.5	701	[3]	κίνησιν	_	_
4.5	702	[1]	εἴποι	_	_
4.5	703	[60]	,	b	_
4.5	704	[10]	τοῦ	_	_
4.5	705	[1]	πλεονασμοῦ	_	_
4.5	706	[8]	ἐν	_	_
4.5	707	[2]	αὐτῇ	_	_
4.5	708	[1]	γινομένου	_	_
4.5	709	[8]	κατὰ	_	_
4.5	710	[17]	τὴν	_	_
4.5	711	[11]	τοῦ	_	_
4.5	712	[7]	λόγου	_	_
4.5	713	[1]	ἀποστροφὴν	_	_
4.5	714	[28]	καὶ	_	_
4.5	715	[17]	τὸ	_	_
4.5	716	[1]	ἄνευ	_	_
4.5	717	[12]	τοῦ	_	_
4.5	718	[2]	πλεονασμοῦ	_	_
4.5	719	[1]	τούτου	_	_
4.5	720	[1]	σωστικόν	_	_
4.5	721	[14]	.	b	_
4.5	722	[1]	ὑπερβαίνουσα	_	_
4.5	723	[4]	γὰρ	_	_
4.5	724	[4]	τὸν	_	_
4.5	725	[4]	λόγον	_	_
4.5	726	[4]	ἡ	_	_
4.5	727	[2]	ὁρμὴ	_	_
4.5	728	[29]	καὶ	_	_
4.5	729	[1]	παρὰ	_	_
4.5	730	[2]	τοῦτον	_	_
4.5	731	[1]	ἀθρόως	_	_
4.5	732	[1]	φερομένη	_	_
4.5	733	[3]	οἰκείως	_	_
4.5	734	[1]	τ	_	_
4.5	735	[21]	’	b	_
4.5	736	[3]	ἂν	_	_
4.5	737	[1]	πλεονάζειν	_	_
4.5	738	[1]	ῥηθείη	_	_
4.5	739	[30]	καὶ	_	_
4.5	740	[9]	κατὰ	_	_
4.5	741	[3]	τοῦτο	_	_
4.5	742	[2]	παρὰ	_	_
4.5	743	[1]	φύσιν	_	_
4.5	744	[3]	γίγνεσθαι	_	_
4.5	745	[31]	καὶ	_	_
4.5	746	[7]	εἶναι	_	_
4.5	747	[1]	ἄλογος	_	_
4.5	748	[61]	,	b	_
4.5	749	[5]	ὡς	_	_
4.5	750	[1]	ὑπογράφομεν	_	_
4.5	751	[15]	.	b	_
4.5	752	[2]	ὑπερβαίνουσα	_	_
4.5	753	[62]	,	b	_
4.5	754	[1]	φησὶ	_	_
4.5	755	[63]	,	b	_
4.5	756	[5]	τὸν	_	_
4.5	757	[5]	λόγον	_	_
4.5	758	[5]	ἡ	_	_
4.5	759	[3]	ὁρμὴ	_	_
4.5	760	[32]	καὶ	_	_
4.5	761	[3]	παρὰ	_	_
4.5	762	[3]	τοῦτον	_	_
4.5	763	[2]	ἀθρόως	_	_
4.5	764	[2]	φερομένη	_	_
4.5	765	[18]	τὴν	_	_
4.5	766	[10]	κατὰ	_	_
4.5	767	[18]	τὸ	_	_
4.5	768	[3]	πάθος	_	_
4.5	769	[1]	ἔκφορον	_	_
4.5	770	[1]	ἀπεργάζεται	_	_
4.5	771	[4]	κίνησιν	_	_
4.5	772	[16]	.	b	_
4.5	773	[1]	οὔκουν	_	_
4.5	774	[5]	ὁ	_	_
4.5	775	[1]	λόγος	_	_
4.5	776	[1]	αἴτιος	_	_
4.5	777	[64]	,	b	_
4.5	778	[2]	ὦ	_	_
4.5	779	[2]	Χρύσιππε	_	_
4.5	780	[65]	,	b	_
4.5	781	[8]	τῆς	_	_
4.5	782	[2]	ἐκφόρου	_	_
4.5	783	[5]	τε	_	_
4.5	784	[33]	καὶ	_	_
4.5	785	[2]	ἀμέτρου	_	_
4.5	786	[6]	κινήσεως	_	_
4.5	787	[17]	.	b	_
4.5	788	[3]	αὐτὸς	_	_
4.5	789	[5]	γὰρ	_	_
4.5	790	[2]	ὁμολογεῖς	_	_
4.5	791	[66]	,	b	_
4.5	792	[2]	αὐτὴν	_	_
4.5	793	[5]	γίνεσθαι	_	_
4.5	794	[4]	παρὰ	_	_
4.5	795	[6]	τὸν	_	_
4.5	796	[6]	λόγον	_	_
4.5	797	[67]	,	b	_
4.5	798	[5]	οὐκ	_	_
4.5	799	[1]	ἐγχωρεῖ	_	_
4.5	800	[8]	δ	_	_
4.5	801	[22]	’	b	_
4.5	802	[2]	ἅμα	_	_
4.5	803	[6]	τε	_	_
4.5	804	[5]	παρὰ	_	_
4.5	805	[7]	τὸν	_	_
4.5	806	[7]	λόγον	_	_
4.5	807	[3]	γίνεσθαί	_	_
4.5	808	[2]	τι	_	_
4.5	809	[34]	καὶ	_	_
4.5	810	[4]	ὑπὸ	_	_
4.5	811	[13]	τοῦ	_	_
4.5	812	[8]	λόγου	_	_
4.5	813	[68]	,	b	_
4.5	814	[1]	πάντως	_	_
4.5	815	[9]	δ	_	_
4.5	816	[23]	’	b	_
4.5	817	[1]	ὑπό	_	_
4.5	818	[2]	τινος	_	_
4.5	819	[5]	αἰτίας	_	_
4.5	820	[18]	.	b	_
4.5	821	[6]	οὐκ	_	_
4.5	822	[1]	ἔστι	_	_
4.5	823	[10]	δ	_	_
4.5	824	[24]	’	b	_
4.5	825	[1]	ἐκείνη	_	_
4.5	826	[1]	λογικὴ	_	_
4.5	827	[69]	,	b	_
4.5	828	[2]	ἄλογος	_	_
4.5	829	[1]	ἄρα	_	_
4.5	830	[3]	τις	_	_
4.5	831	[6]	ἡ	_	_
4.5	832	[19]	τὸ	_	_
4.5	833	[4]	πάθος	_	_
4.5	834	[1]	ἐργαζομένη	_	_
4.5	835	[1]	δύναμις	_	_
4.5	836	[19]	.	b	_
4.5	837	[35]	καὶ	_	_
4.5	838	[1]	τάχ	_	_
4.5	839	[25]	’	b	_
4.5	840	[1]	οὐχ	_	_
4.5	841	[2]	ὑπ	_	_
4.5	842	[26]	’	b	_
4.5	843	[1]	ἄλλων	_	_
4.5	844	[70]	,	b	_
4.5	845	[3]	ἀλλὰ	_	_
4.5	846	[5]	τοῖς	_	_
4.5	847	[1]	αὑτῶν	_	_
4.5	848	[1]	πτεροῖς	_	_
4.5	849	[1]	ἁλισκόμεθα	_	_
4.5	850	[71]	,	b	_
4.5	851	[1]	καίτοι	_	_
4.5	852	[2]	γ	_	_
4.5	853	[27]	’	b	_
4.5	854	[2]	ἐνὸν	_	_
4.5	855	[2]	ἡμῖν	_	_
4.5	856	[1]	λέγειν	_	_
4.5	857	[72]	,	b	_
4.5	858	[3]	ὦ	_	_
4.5	859	[1]	γενναιότατε	_	_
4.5	860	[3]	Χρύσιππε	_	_
4.5	861	[73]	,	b	_
4.5	862	[1]	δυοῖν	_	_
4.5	863	[1]	θάτερον	_	_
4.5	864	[74]	,	b	_
4.5	865	[2]	ἢ	_	_
4.5	866	[6]	ὡς	_	_
4.5	867	[4]	οὐδὲν	_	_
4.5	868	[1]	διαφέρει	_	_
4.5	869	[5]	πάθος	_	_
4.5	870	[1]	ἁμαρτήματος	_	_
4.5	871	[75]	,	b	_
4.5	872	[3]	ἢ	_	_
4.5	873	[7]	ὡς	_	_
4.5	874	[1]	ἐπιγίνεται	_	_
4.5	875	[6]	τοῖς	_	_
4.5	876	[1]	ἁμαρτήμασι	_	_
4.5	877	[7]	τὰ	_	_
4.5	878	[7]	πάθη	_	_
4.5	879	[20]	.	b	_
4.5	880	[2]	τούτων	_	_
4.5	881	[6]	γὰρ	_	_
4.5	882	[1]	ὁποτερονοῦν	_	_
4.5	883	[1]	εἰπόντες	_	_
4.5	884	[7]	οὐκ	_	_
4.5	885	[1]	ἀναγκαζόμεθα	_	_
4.5	886	[19]	τὴν	_	_
4.5	887	[4]	αἰτίαν	_	_
4.5	888	[8]	οὐκ	_	_
4.5	889	[1]	ἀποκρίνεσθαι	_	_
4.5	890	[9]	τῆς	_	_
4.5	891	[6]	παρὰ	_	_
4.5	892	[8]	τὸν	_	_
4.5	893	[8]	λόγον	_	_
4.5	894	[3]	ἀμέτρου	_	_
4.5	895	[7]	κινήσεως	_	_
4.5	896	[21]	.	b	_
4.5	897	[4]	ἀλλὰ	_	_
4.5	898	[3]	τούτων	_	_
4.5	899	[12]	μὲν	_	_
4.5	900	[1]	οὐδέτερον	_	_
4.5	901	[1]	ὑπέμεινας	_	_
4.5	902	[2]	εἰπεῖν	_	_
4.5	903	[76]	,	b	_
4.5	904	[1]	αἰδούμενος	_	_
4.5	905	[1]	ἐναντία	_	_
4.5	906	[2]	λέγειν	_	_
4.5	907	[7]	τοῖς	_	_
4.5	908	[1]	ἐναργῶς	_	_
4.5	909	[1]	φαινομένοις	_	_
4.5	910	[77]	,	b	_
4.5	911	[4]	αὐτὸς	_	_
4.5	912	[9]	δὲ	_	_
4.5	913	[2]	πρὸς	_	_
4.5	914	[1]	αὑτὸν	_	_
4.5	915	[1]	ἐναντιολογούμενος	_	_
4.5	916	[9]	οὐκ	_	_
4.5	917	[1]	αἰσθάνῃ	_	_
4.5	918	[7]	παρὰ	_	_
4.5	919	[9]	τὸν	_	_
4.5	920	[9]	λόγον	_	_
4.5	921	[6]	γίνεσθαι	_	_
4.5	922	[1]	φάσκων	_	_
4.5	923	[3]	τινὰς	_	_
4.5	924	[5]	κινήσεις	_	_
4.5	925	[78]	,	b	_
4.5	926	[36]	καὶ	_	_
4.5	927	[1]	ἀπεστράφθαι	_	_
4.5	928	[10]	τὸν	_	_
4.5	929	[10]	λόγον	_	_
4.5	930	[37]	καὶ	_	_
4.5	931	[1]	ἀφηνιάζειν	_	_
4.5	932	[2]	αὐτὸν	_	_
4.5	933	[79]	,	b	_
4.5	934	[1]	κᾄπειτα	_	_
4.5	935	[1]	μικρὸν	_	_
4.5	936	[1]	ὕστερον	_	_
4.5	937	[5]	τὰς	_	_
4.5	938	[1]	αὐτὰς	_	_
4.5	939	[1]	ταύτας	_	_
4.5	940	[5]	ὑπὸ	_	_
4.5	941	[2]	λογικῆς	_	_
4.5	942	[7]	γίνεσθαι	_	_
4.5	943	[2]	δυνάμεως	_	_
4.5	944	[2]	φάσκων	_	_
4.5	945	[22]	.	b	_
4.5	946	[7]	ἡ	_	_
4.5	947	[11]	δ	_	_
4.5	948	[28]	’	b	_
4.5	949	[1]	αὐτὴ	_	_
4.5	950	[1]	μάχη	_	_
4.5	951	[1]	κᾂν	_	_
4.5	952	[9]	ἐν	_	_
4.5	953	[6]	τῷ	_	_
4.5	954	[2]	κρίσεις	_	_
4.5	955	[7]	τε	_	_
4.5	956	[3]	φάσκειν	_	_
4.5	957	[8]	εἶναι	_	_
4.5	958	[8]	τὰ	_	_
4.5	959	[8]	πάθη	_	_
4.5	960	[10]	τῆς	_	_
4.5	961	[2]	ψυχῆς	_	_
4.5	962	[38]	καὶ	_	_
4.5	963	[6]	χωρὶς	_	_
4.5	964	[2]	κρίσεως	_	_
4.5	965	[8]	γίνεσθαι	_	_
4.5	966	[23]	.	b	_
4.5	967	[20]	τὴν	_	_
4.5	968	[13]	μὲν	_	_
4.5	969	[2]	οὖν	_	_
4.5	970	[2]	ἐκ	_	_
4.5	971	[14]	τοῦ	_	_
4.5	972	[1]	πρώτου	_	_
4.5	973	[3]	περὶ	_	_
4.5	974	[8]	παθῶν	_	_
4.5	975	[1]	ῥῆσιν	_	_
4.5	976	[80]	,	b	_
4.5	977	[1]	ἔνθα	_	_
4.5	978	[1]	φησὶν	_	_
4.5	979	[7]	χωρὶς	_	_
4.5	980	[3]	κρίσεως	_	_
4.5	981	[9]	γίνεσθαι	_	_
4.5	982	[9]	τὰ	_	_
4.5	983	[9]	πάθη	_	_
4.5	984	[81]	,	b	_
4.5	985	[1]	παρεθέμην	_	_
4.5	986	[2]	ἔμπροσθεν	_	_
4.5	987	[24]	.	b	_
4.5	988	[2]	ὅτι	_	_
4.5	989	[10]	δὲ	_	_
4.5	990	[39]	καὶ	_	_
4.5	991	[11]	κατὰ	_	_
4.5	992	[20]	τὸ	_	_
4.5	993	[2]	θεραπευτικὸν	_	_
4.5	994	[1]	αὑτοῦ	_	_
4.5	995	[2]	βιβλίον	_	_
4.5	996	[82]	,	b	_
4.5	997	[1]	ὃ	_	_
4.5	998	[1]	δὴ	_	_
4.5	999	[40]	καὶ	_	_
4.5	1000	[1]	ἠθικὸν	_	_
4.5	1001	[1]	ἐπιγράφεται	_	_
4.5	1002	[83]	,	b	_
4.5	1003	[11]	τῆς	_	_
4.5	1004	[2]	αὐτῆς	_	_
4.5	1005	[2]	δόξης	_	_
4.5	1006	[1]	ἔχεται	_	_
4.5	1007	[84]	,	b	_
4.5	1008	[1]	μαθεῖν	_	_
4.5	1009	[1]	ἔστιν	_	_
4.5	1010	[3]	ἐκ	_	_
4.5	1011	[1]	τῆσδε	_	_
4.5	1012	[12]	τῆς	_	_
4.5	1013	[1]	ῥήσεως	_	_
4.5	1014	[25]	.	b	_
4.5	1015	[3]	οὐ	_	_
4.5	1016	[7]	γὰρ	_	_
4.5	1017	[10]	ἐν	_	_
4.5	1018	[7]	τῷ	_	_
4.5	1019	[1]	κρίνειν	_	_
4.5	1020	[1]	ἀγαθὰ	_	_
4.5	1021	[1]	ἕκαστα	_	_
4.5	1022	[4]	τούτων	_	_
4.5	1023	[2]	λέγεται	_	_
4.5	1024	[1]	ἀῤῥωστήματα	_	_
4.5	1025	[2]	ταῦτα	_	_
4.5	1026	[85]	,	b	_
4.5	1027	[5]	ἀλλὰ	_	_
4.5	1028	[12]	κατὰ	_	_
4.5	1029	[21]	τὸ	_	_
4.5	1030	[6]	ἐπὶ	_	_
4.5	1031	[1]	πλέον	_	_
4.5	1032	[1]	ἐκπεπτωκέναι	_	_
4.5	1033	[3]	πρὸς	_	_
4.5	1034	[3]	ταῦτα	_	_
4.5	1035	[15]	τοῦ	_	_
4.5	1036	[13]	κατὰ	_	_
4.5	1037	[2]	φύσιν	_	_
4.5	1038	[26]	.	b	_
4.5	1039	[1]	ἴσως	_	_
4.5	1040	[12]	δ	_	_
4.5	1041	[29]	’	b	_
4.5	1042	[2]	ἄν	_	_
4.5	1043	[3]	τινος	_	_
4.5	1044	[11]	ἐν	_	_
4.5	1045	[1]	τῇδε	_	_
4.5	1046	[5]	τῇ	_	_
4.5	1047	[1]	ῥήσει	_	_
4.5	1048	[1]	λέξαντος	_	_
4.5	1049	[86]	,	b	_
4.5	1050	[10]	οὐκ	_	_
4.5	1051	[1]	ἀπεστέρηκε	_	_
4.5	1052	[14]	μὲν	_	_
4.5	1053	[16]	τοῦ	_	_
4.5	1054	[1]	κρίσιν	_	_
4.5	1055	[9]	εἶναι	_	_
4.5	1056	[22]	τὸ	_	_
4.5	1057	[1]	ἀῤῥώστημα	_	_
4.5	1058	[87]	,	b	_
4.5	1059	[4]	οὐ	_	_
4.5	1060	[2]	μὴν	_	_
4.5	1061	[12]	ἐν	_	_
4.5	1062	[3]	αὐτῇ	_	_
4.5	1063	[4]	γε	_	_
4.5	1064	[1]	μόνῃ	_	_
4.5	1065	[6]	τῇ	_	_
4.5	1066	[1]	ψευδεῖ	_	_
4.5	1067	[1]	κρίσει	_	_
4.5	1068	[21]	τὴν	_	_
4.5	1069	[1]	γένεσιν	_	_
4.5	1070	[1]	αὐτοῦ	_	_
4.5	1071	[1]	τίθεται	_	_
4.5	1072	[88]	,	b	_
4.5	1073	[6]	ἀλλὰ	_	_
4.5	1074	[1]	προσέρχεσθαί	_	_
4.5	1075	[2]	φησι	_	_
4.5	1076	[23]	τὸ	_	_
4.5	1077	[7]	ἐπὶ	_	_
4.5	1078	[2]	πλέον	_	_
4.5	1079	[89]	,	b	_
4.5	1080	[4]	ἐκ	_	_
4.5	1081	[14]	τῶν	_	_
4.5	1082	[1]	ἐπιφερομένων	_	_
4.5	1083	[8]	ἡ	_	_
4.5	1084	[1]	γνώμη	_	_
4.5	1085	[17]	τοῦ	_	_
4.5	1086	[2]	Χρυσίππου	_	_
4.5	1087	[1]	καταφανήσεται	_	_
4.5	1088	[90]	,	b	_
4.5	1089	[1]	ὅθεν	_	_
4.5	1090	[11]	οὐκ	_	_
4.5	1091	[1]	ἀλόγως	_	_
4.5	1092	[1]	γυναικομανεῖς	_	_
4.5	1093	[1]	τινες	_	_
4.5	1094	[1]	λέγονται	_	_
4.5	1095	[41]	καὶ	_	_
4.5	1096	[1]	ὀρνιθομανεῖς	_	_
4.5	1097	[27]	.	b	_
4.5	1098	[3]	εἰ	_	_
4.5	1099	[8]	γὰρ	_	_
4.5	1100	[2]	δὴ	_	_
4.5	1101	[4]	μὴ	_	_
4.5	1102	[1]	μάτην	_	_
4.5	1103	[1]	ἐγκείσεται	_	_
4.5	1104	[24]	τὸ	_	_
4.5	1105	[13]	τῆς	_	_
4.5	1106	[1]	μανίας	_	_
4.5	1107	[1]	ὄνομα	_	_
4.5	1108	[8]	τῷ	_	_
4.5	1109	[18]	τοῦ	_	_
4.5	1110	[1]	ἀῤῥωστήματος	_	_
4.5	1111	[1]	προσαρτήματι	_	_
4.5	1112	[91]	,	b	_
4.5	1113	[1]	μανία	_	_
4.5	1114	[13]	δ	_	_
4.5	1115	[30]	’	b	_
4.5	1116	[6]	ὑπὸ	_	_
4.5	1117	[14]	τῆς	_	_
4.5	1118	[1]	ἀλόγου	_	_
4.5	1119	[14]	κατὰ	_	_
4.5	1120	[25]	τὸ	_	_
4.5	1121	[1]	σῶμα	_	_
4.5	1122	[2]	γίνεται	_	_
4.5	1123	[3]	δυνάμεως	_	_
4.5	1124	[92]	,	b	_
4.5	1125	[5]	οὐδὲν	_	_
4.5	1126	[1]	ἧττον	_	_
4.5	1127	[26]	τὸ	_	_
4.5	1128	[2]	ἀῤῥώστημα	_	_
4.5	1129	[15]	τῶν	_	_
4.5	1130	[2]	λογικῶν	_	_
4.5	1131	[28]	.	b	_
4.5	1132	[7]	ἀλλὰ	_	_
4.5	1133	[1]	νὴ	_	_
4.5	1134	[1]	Δία	_	_
4.5	1135	[2]	ἴσως	_	_
4.5	1136	[3]	ἄν	_	_
4.5	1137	[4]	τις	_	_
4.5	1138	[1]	φήσειε	_	_
4.5	1139	[93]	,	b	_
4.5	1140	[27]	τὸ	_	_
4.5	1141	[1]	μανιῶδες	_	_
4.5	1142	[5]	οὐ	_	_
4.5	1143	[2]	διὰ	_	_
4.5	1144	[22]	τὴν	_	_
4.5	1145	[2]	ἄλογον	_	_
4.5	1146	[10]	γίνεσθαι	_	_
4.5	1147	[2]	δύναμιν	_	_
4.5	1148	[94]	,	b	_
4.5	1149	[8]	ἀλλὰ	_	_
4.5	1150	[3]	διὰ	_	_
4.5	1151	[28]	τὸ	_	_
4.5	1152	[8]	ἐπὶ	_	_
4.5	1153	[3]	πλέον	_	_
4.5	1154	[4]	ἢ	_	_
4.5	1155	[1]	προσῆκεν	_	_
4.5	1156	[1]	ἐξῆχθαι	_	_
4.5	1157	[2]	τήν	_	_
4.5	1158	[8]	τε	_	_
4.5	1159	[2]	κρίσιν	_	_
4.5	1160	[42]	καὶ	_	_
4.5	1161	[23]	τὴν	_	_
4.5	1162	[3]	δόξαν	_	_
4.5	1163	[95]	,	b	_
4.5	1164	[8]	ὡς	_	_
4.5	1165	[4]	εἰ	_	_
4.5	1166	[43]	καὶ	_	_
4.5	1167	[2]	οὕτως	_	_
4.5	1168	[1]	ἔλεγεν	_	_
4.5	1169	[96]	,	b	_
4.5	1170	[2]	ἀῤῥωστήματα	_	_
4.5	1171	[11]	γίνεσθαι	_	_
4.5	1172	[15]	κατὰ	_	_
4.5	1173	[24]	τὴν	_	_
4.5	1174	[2]	ψυχὴν	_	_
4.5	1175	[97]	,	b	_
4.5	1176	[2]	οὐχ	_	_
4.5	1177	[1]	ἁπλῶς	_	_
4.5	1178	[9]	τῷ	_	_
4.5	1179	[1]	ψευδῶς	_	_
4.5	1180	[1]	ὑπειληφέναι	_	_
4.5	1181	[1]	περί	_	_
4.5	1182	[1]	τινων	_	_
4.5	1183	[98]	,	b	_
4.5	1184	[9]	ὡς	_	_
4.5	1185	[1]	ἀγαθῶν	_	_
4.5	1186	[5]	ἢ	_	_
4.5	1187	[1]	κακῶν	_	_
4.5	1188	[99]	,	b	_
4.5	1189	[9]	ἀλλὰ	_	_
4.5	1190	[10]	τῷ	_	_
4.5	1191	[1]	μέγιστα	_	_
4.5	1192	[1]	νομίζειν	_	_
4.5	1193	[1]	αὐτά	_	_
4.5	1194	[4]	·	b	_
4.5	1195	[1]	μηδέπω	_	_
4.5	1196	[9]	γὰρ	_	_
4.5	1197	[3]	ἀῤῥώστημα	_	_
4.5	1198	[25]	τὴν	_	_
4.5	1199	[4]	περὶ	_	_
4.5	1200	[16]	τῶν	_	_
4.5	1201	[1]	χρημάτων	_	_
4.5	1202	[10]	εἶναι	_	_
4.5	1203	[4]	δόξαν	_	_
4.5	1204	[100]	,	b	_
4.5	1205	[10]	ὡς	_	_
4.5	1206	[2]	ἀγαθῶν	_	_
4.5	1207	[101]	,	b	_
4.5	1208	[6]	ἀλλ	_	_
4.5	1209	[31]	’	b	_
4.5	1210	[1]	ἐπειδάν	_	_
4.5	1211	[5]	τις	_	_
4.5	1212	[1]	αὐτὰ	_	_
4.5	1213	[1]	μέγιστον	_	_
4.5	1214	[1]	ἀγαθὸν	_	_
4.5	1215	[11]	εἶναι	_	_
4.5	1216	[1]	νομίζῃ	_	_
4.5	1217	[44]	καὶ	_	_
4.5	1218	[2]	μηδὲ	_	_
4.5	1219	[1]	ζῇν	_	_
4.5	1220	[1]	ἄξιον	_	_
4.5	1221	[1]	ὑπολαμβάνῃ	_	_
4.5	1222	[11]	τῷ	_	_
4.5	1223	[1]	στερηθέντι	_	_
4.5	1224	[2]	χρημάτων	_	_
4.5	1225	[5]	·	b	_
4.5	1226	[13]	ἐν	_	_
4.5	1227	[1]	τούτῳ	_	_
4.5	1228	[10]	γὰρ	_	_
4.5	1229	[2]	συνίστασθαι	_	_
4.5	1230	[3]	τήν	_	_
4.5	1231	[9]	τε	_	_
4.5	1232	[1]	φιλοχρηματίαν	_	_
4.5	1233	[45]	καὶ	_	_
4.5	1234	[26]	τὴν	_	_
4.5	1235	[1]	φιλαργυρίαν	_	_
4.5	1236	[3]	ἀῤῥωστήματα	_	_
4.5	1237	[1]	οὔσας	_	_
4.5	1238	[29]	.	b	_
4.5	1239	[10]	ἀλλὰ	_	_
4.5	1240	[12]	τῷ	_	_
4.5	1241	[4]	ταῦτα	_	_
4.5	1242	[1]	φάσκοντι	_	_
4.5	1243	[1]	Ποσειδώνιος	_	_
4.5	1244	[1]	ἀντιλέγων	_	_
4.5	1245	[1]	ᾧδέ	_	_
4.5	1246	[1]	πώς	_	_
4.5	1247	[3]	φησι	_	_
4.5	1248	[6]	·	b	_
4.5	1249	[1]	τοιούτων	_	_
4.5	1250	[14]	δ	_	_
4.5	1251	[32]	’	b	_
4.5	1252	[7]	ὑπὸ	_	_
4.5	1253	[19]	τοῦ	_	_
4.5	1254	[3]	Χρυσίππου	_	_
4.5	1255	[1]	λεγομένων	_	_
4.5	1256	[102]	,	b	_
4.5	1257	[1]	διαπορήσειεν	_	_
4.5	1258	[4]	ἄν	_	_
4.5	1259	[6]	τις	_	_
4.5	1260	[103]	,	b	_
4.5	1261	[1]	πρῶτον	_	_
4.5	1262	[15]	μὲν	_	_
4.5	1263	[104]	,	b	_
4.5	1264	[1]	πῶς	_	_
4.5	1265	[2]	οἱ	_	_
4.5	1266	[1]	σοφοὶ	_	_
4.5	1267	[105]	,	b	_
4.5	1268	[2]	μέγιστα	_	_
4.5	1269	[46]	καὶ	_	_
4.5	1270	[1]	ἀνυπέρβλητα	_	_
4.5	1271	[1]	νομίζοντες	_	_
4.5	1272	[12]	εἶναι	_	_
4.5	1273	[2]	ἀγαθὰ	_	_
4.5	1274	[10]	τὰ	_	_
4.5	1275	[1]	καλὰ	_	_
4.5	1276	[1]	πάντα	_	_
4.5	1277	[106]	,	b	_
4.5	1278	[12]	οὐκ	_	_
4.5	1279	[1]	ἐμπαθῶς	_	_
4.5	1280	[1]	κινοῦνται	_	_
4.5	1281	[3]	ὑπ	_	_
4.5	1282	[33]	’	b	_
4.5	1283	[6]	αὐτῶν	_	_
4.5	1284	[1]	ἐπιθυμοῦντές	_	_
4.5	1285	[10]	τε	_	_
4.5	1286	[1]	ὧν	_	_
4.5	1287	[1]	ὀρέγονται	_	_
4.5	1288	[47]	καὶ	_	_
4.5	1289	[1]	περιχαρεῖς	_	_
4.5	1290	[1]	γινόμενοι	_	_
4.5	1291	[9]	ἐπὶ	_	_
4.5	1292	[8]	τοῖς	_	_
4.5	1293	[2]	αὐτοῖς	_	_
4.5	1294	[107]	,	b	_
4.5	1295	[1]	ὅταν	_	_
4.5	1296	[1]	τύχωσιν	_	_
4.5	1297	[7]	αὐτῶν	_	_
4.5	1298	[30]	.	b	_
4.5	1299	[5]	εἰ	_	_
4.5	1300	[11]	γὰρ	_	_
4.5	1301	[29]	τὸ	_	_
4.5	1302	[1]	μέγεθος	_	_
4.5	1303	[17]	τῶν	_	_
4.5	1304	[1]	φαινομένων	_	_
4.5	1305	[3]	ἀγαθῶν	_	_
4.5	1306	[6]	ἢ	_	_
4.5	1307	[2]	κακῶν	_	_
4.5	1308	[1]	κινεῖ	_	_
4.5	1309	[30]	τὸ	_	_
4.5	1310	[2]	νομίζειν	_	_
4.5	1311	[1]	καθῆκον	_	_
4.5	1312	[48]	καὶ	_	_
4.5	1313	[2]	κατ	_	_
4.5	1314	[34]	’	b	_
4.5	1315	[1]	ἀξίαν	_	_
4.5	1316	[13]	εἶναι	_	_
4.5	1317	[1]	παρόντων	_	_
4.5	1318	[8]	αὐτῶν	_	_
4.5	1319	[7]	ἢ	_	_
4.5	1320	[1]	παραγινομένων	_	_
4.5	1321	[108]	,	b	_
4.5	1322	[49]	καὶ	_	_
4.5	1323	[1]	μηδένα	_	_
4.5	1324	[11]	λόγον	_	_
4.5	1325	[1]	προσίεσθαι	_	_
4.5	1326	[5]	περὶ	_	_
4.5	1327	[20]	τοῦ	_	_
4.5	1328	[1]	ἄλλως	_	_
4.5	1329	[1]	δεῖν	_	_
4.5	1330	[4]	ὑπ	_	_
4.5	1331	[35]	’	b	_
4.5	1332	[9]	αὐτῶν	_	_
4.5	1333	[1]	κινεῖσθαι	_	_
4.5	1334	[109]	,	b	_
4.5	1335	[2]	τοὺς	_	_
4.5	1336	[2]	ἀνυπέρβλητα	_	_
4.5	1337	[1]	νομίζοντας	_	_
4.5	1338	[14]	εἶναι	_	_
4.5	1339	[11]	τὰ	_	_
4.5	1340	[6]	περὶ	_	_
4.5	1341	[1]	αὑτοὺς	_	_
4.5	1342	[1]	τοῦτ	_	_
4.5	1343	[36]	’	b	_
4.5	1344	[1]	ἔδει	_	_
4.5	1345	[1]	πάσχειν	_	_
4.5	1346	[110]	,	b	_
4.5	1347	[2]	ὅπερ	_	_
4.5	1348	[3]	οὐχ	_	_
4.5	1349	[1]	ὁρᾶται	_	_
4.5	1350	[1]	γινόμενον	_	_
4.5	1351	[31]	.	b	_
4.5	1352	[1]	ὁμοίως	_	_
4.5	1353	[11]	δὲ	_	_
4.5	1354	[50]	καὶ	_	_
4.5	1355	[5]	εἰς	_	_
4.5	1356	[3]	τοὺς	_	_
4.5	1357	[1]	προκόπτοντας	_	_
4.5	1358	[8]	ἢ	_	_
4.5	1359	[1]	μεγάλας	_	_
4.5	1360	[1]	βλάβας	_	_
4.5	1361	[8]	ὑπὸ	_	_
4.5	1362	[15]	τῆς	_	_
4.5	1363	[1]	κακίας	_	_
4.5	1364	[1]	ὑπολαμβάνοντας	_	_
4.5	1365	[1]	παρεῖναι	_	_
4.5	1366	[111]	,	b	_
4.5	1367	[2]	ἔδει	_	_
4.5	1368	[12]	δὲ	_	_
4.5	1369	[51]	καὶ	_	_
4.5	1370	[1]	ὑποφέρεσθαι	_	_
4.5	1371	[1]	φόβοις	_	_
4.5	1372	[112]	,	b	_
4.5	1373	[52]	καὶ	_	_
4.5	1374	[1]	λύπαις	_	_
4.5	1375	[1]	περιπίπτειν	_	_
4.5	1376	[5]	μὴ	_	_
4.5	1377	[1]	μετρίαις	_	_
4.5	1378	[113]	,	b	_
4.5	1379	[3]	ὅπερ	_	_
4.5	1380	[1]	οὐδ	_	_
4.5	1381	[37]	’	b	_
4.5	1382	[1]	αὐτὸ	_	_
4.5	1383	[1]	συμβαίνει	_	_
4.5	1384	[32]	.	b	_
4.5	1385	[1]	τούτοις	_	_
4.5	1386	[15]	δ	_	_
4.5	1387	[38]	’	b	_
4.5	1388	[2]	ἐφεξῆς	_	_
4.5	1389	[6]	ὁ	_	_
4.5	1390	[2]	Ποσειδώνιος	_	_
4.5	1391	[53]	καὶ	_	_
4.5	1392	[1]	τάδε	_	_
4.5	1393	[1]	γράφει	_	_
4.5	1394	[7]	·	b	_
4.5	1395	[1]	εἴτε	_	_
4.5	1396	[4]	πρὸς	_	_
4.5	1397	[13]	τῷ	_	_
4.5	1398	[1]	μεγέθει	_	_
4.5	1399	[18]	τῶν	_	_
4.5	1400	[2]	φαινομένων	_	_
4.5	1401	[54]	καὶ	_	_
4.5	1402	[27]	τὴν	_	_
4.5	1403	[1]	ἀσθένειαν	_	_
4.5	1404	[16]	τῆς	_	_
4.5	1405	[3]	ψυχῆς	_	_
4.5	1406	[1]	αἰτιάσοιντο	_	_
4.5	1407	[114]	,	b	_
4.5	1408	[55]	καὶ	_	_
4.5	1409	[4]	διὰ	_	_
4.5	1410	[4]	τοῦτο	_	_
4.5	1411	[4]	τοὺς	_	_
4.5	1412	[16]	μὲν	_	_
4.5	1413	[1]	σοφοὺς	_	_
4.5	1414	[31]	τὸ	_	_
4.5	1415	[1]	παράπαν	_	_
4.5	1416	[1]	ἐροῦσιν	_	_
4.5	1417	[3]	ἀπηλλάχθαι	_	_
4.5	1418	[19]	τῶν	_	_
4.5	1419	[9]	παθῶν	_	_
4.5	1420	[115]	,	b	_
4.5	1421	[5]	τοὺς	_	_
4.5	1422	[13]	δὲ	_	_
4.5	1423	[1]	φαύλους	_	_
4.5	1424	[116]	,	b	_
4.5	1425	[1]	ὅτε	_	_
4.5	1426	[1]	ἀσθενεῖς	_	_
4.5	1427	[1]	ὦσι	_	_
4.5	1428	[6]	μὴ	_	_
4.5	1429	[16]	κατὰ	_	_
4.5	1430	[28]	τὴν	_	_
4.5	1431	[1]	κοινὴν	_	_
4.5	1432	[2]	ἀσθένειαν	_	_
4.5	1433	[117]	,	b	_
4.5	1434	[11]	ἀλλὰ	_	_
4.5	1435	[17]	κατὰ	_	_
4.5	1436	[29]	τὴν	_	_
4.5	1437	[10]	ἐπὶ	_	_
4.5	1438	[1]	πλεῖον	_	_
4.5	1439	[1]	ἐῤῥυκυῖαν	_	_
4.5	1440	[118]	,	b	_
4.5	1441	[2]	οὐδ	_	_
4.5	1442	[39]	’	b	_
4.5	1443	[3]	οὕτως	_	_
4.5	1444	[1]	λέλυται	_	_
4.5	1445	[32]	τὸ	_	_
4.5	1446	[2]	ζητούμενον	_	_
4.5	1447	[33]	.	b	_
4.5	1448	[3]	ὅτι	_	_
4.5	1449	[12]	γὰρ	_	_
4.5	1450	[5]	διὰ	_	_
4.5	1451	[30]	τὴν	_	_
4.5	1452	[1]	νόσον	_	_
4.5	1453	[17]	τῆς	_	_
4.5	1454	[4]	ψυχῆς	_	_
4.5	1455	[14]	ἐν	_	_
4.5	1456	[9]	τοῖς	_	_
4.5	1457	[1]	πάθεσι	_	_
4.5	1458	[1]	γίνονται	_	_
4.5	1459	[119]	,	b	_
4.5	1460	[1]	πάντες	_	_
4.5	1461	[1]	ὁμολογοῦσι	_	_
4.5	1462	[8]	·	b	_
4.5	1463	[2]	πῶς	_	_
4.5	1464	[1]	μέντοι	_	_
4.5	1465	[5]	γε	_	_
4.5	1466	[1]	κινηθείσης	_	_
4.5	1467	[120]	,	b	_
4.5	1468	[56]	καὶ	_	_
4.5	1469	[3]	πῶς	_	_
4.5	1470	[1]	κινούσης	_	_
4.5	1471	[121]	,	b	_
4.5	1472	[1]	ζητεῖται	_	_
4.5	1473	[17]	μὲν	_	_
4.5	1474	[122]	,	b	_
4.5	1475	[4]	οὐχ	_	_
4.5	1476	[1]	ὑποδείκνυται	_	_
4.5	1477	[4]	δέ	_	_
4.5	1478	[34]	.	b	_
4.5	1479	[1]	εἶτ	_	_
4.5	1480	[40]	’	b	_
4.5	1481	[3]	ἐφεξῆς	_	_
4.5	1482	[57]	καὶ	_	_
4.5	1483	[2]	τάδε	_	_
4.5	1484	[2]	γράφει	_	_
4.5	1485	[9]	·	b	_
4.5	1486	[6]	οὐ	_	_
4.5	1487	[2]	μόνον	_	_
4.5	1488	[16]	δ	_	_
4.5	1489	[41]	’	b	_
4.5	1490	[3]	οἱ	_	_
4.5	1491	[11]	ἐπὶ	_	_
4.5	1492	[4]	πλέον	_	_
4.5	1493	[2]	ἐῤῥυκυῖαν	_	_
4.5	1494	[1]	ἔχοντες	_	_
4.5	1495	[31]	τὴν	_	_
4.5	1496	[1]	κακίαν	_	_
4.5	1497	[58]	καὶ	_	_
4.5	1498	[15]	ἐν	_	_
4.5	1499	[3]	ταῖς	_	_
4.5	1500	[1]	εὐεμπτωσίαις	_	_
4.5	1501	[1]	ὄντες	_	_
4.5	1502	[1]	ἐμπίπτουσιν	_	_
4.5	1503	[6]	εἰς	_	_
4.5	1504	[12]	τὰ	_	_
4.5	1505	[10]	πάθη	_	_
4.5	1506	[123]	,	b	_
4.5	1507	[12]	ἀλλὰ	_	_
4.5	1508	[1]	πάντας	_	_
4.5	1509	[4]	οἱ	_	_
4.5	1510	[1]	ἄφρονες	_	_
4.5	1511	[124]	,	b	_
4.5	1512	[1]	ἕως	_	_
4.5	1513	[4]	ἂν	_	_
4.5	1514	[1]	ἔχωσι	_	_
4.5	1515	[32]	τὴν	_	_
4.5	1516	[2]	κακίαν	_	_
4.5	1517	[125]	,	b	_
4.5	1518	[59]	καὶ	_	_
4.5	1519	[7]	εἰς	_	_
4.5	1520	[1]	μεγάλα	_	_
4.5	1521	[11]	πάθη	_	_
4.5	1522	[60]	καὶ	_	_
4.5	1523	[8]	εἰς	_	_
4.5	1524	[1]	μικρὰ	_	_
4.5	1525	[1]	ἐμπίπτουσι	_	_
4.5	1526	[35]	.	b	_
4.5	1527	[61]	καὶ	_	_
4.5	1528	[5]	τούτων	_	_
4.5	1529	[1]	ἑξῆς	_	_
4.5	1530	[3]	τάδε	_	_
4.5	1531	[10]	·	b	_
4.5	1532	[33]	τὸ	_	_
4.5	1533	[17]	δ	_	_
4.5	1534	[42]	’	b	_
4.5	1535	[1]	ὑπολαμβάνειν	_	_
4.5	1536	[126]	,	b	_
4.5	1537	[3]	κατ	_	_
4.5	1538	[43]	’	b	_
4.5	1539	[2]	ἀξίαν	_	_
4.5	1540	[15]	εἶναι	_	_
4.5	1541	[20]	τῶν	_	_
4.5	1542	[1]	συμβεβηκότων	_	_
4.5	1543	[4]	οὕτως	_	_
4.5	1544	[1]	κεκινῆσθαι	_	_
4.5	1545	[127]	,	b	_
4.5	1546	[2]	ὥστε	_	_
4.5	1547	[1]	ἀποστρέφεσθαι	_	_
4.5	1548	[11]	τὸν	_	_
4.5	1549	[12]	λόγον	_	_
4.5	1550	[128]	,	b	_
4.5	1551	[1]	μέγα	_	_
4.5	1552	[6]	πάθος	_	_
4.5	1553	[1]	ἐμφαίνει	_	_
4.5	1554	[129]	,	b	_
4.5	1555	[7]	οὐ	_	_
4.5	1556	[1]	καλῶς	_	_
4.5	1557	[2]	ὑπολαμβάνειν	_	_
4.5	1558	[1]	ἐστί	_	_
4.5	1559	[36]	.	b	_
4.5	1560	[3]	γίνεται	_	_
4.5	1561	[14]	δὲ	_	_
4.5	1562	[62]	καὶ	_	_
4.5	1563	[6]	διὰ	_	_
4.5	1564	[1]	σύμμετρον	_	_
4.5	1565	[63]	καὶ	_	_
4.5	1566	[1]	μικρόν	_	_
4.5	1567	[37]	.	b	_
4.5	1568	[1]	ἐχόμενα	_	_
4.5	1569	[15]	δὲ	_	_
4.5	1570	[6]	τούτων	_	_
4.5	1571	[7]	ὁ	_	_
4.5	1572	[3]	Ποσειδώνιος	_	_
4.5	1573	[64]	καὶ	_	_
4.5	1574	[4]	τάδε	_	_
4.5	1575	[3]	γράφει	_	_
4.5	1576	[11]	·	b	_
4.5	1577	[2]	δυοῖν	_	_
4.5	1578	[11]	τε	_	_
4.5	1579	[33]	τὴν	_	_
4.5	1580	[3]	αὐτὴν	_	_
4.5	1581	[3]	ἀσθένειαν	_	_
4.5	1582	[2]	ἐχόντων	_	_
4.5	1583	[65]	καὶ	_	_
4.5	1584	[34]	τὴν	_	_
4.5	1585	[1]	ὁμοίαν	_	_
4.5	1586	[1]	λαμβανόντων	_	_
4.5	1587	[1]	φαντασίαν	_	_
4.5	1588	[1]	ἀγαθοῦ	_	_
4.5	1589	[9]	ἢ	_	_
4.5	1590	[1]	κακοῦ	_	_
4.5	1591	[8]	ὁ	_	_
4.5	1592	[18]	μὲν	_	_
4.5	1593	[16]	ἐν	_	_
4.5	1594	[1]	πάθει	_	_
4.5	1595	[4]	γίνεται	_	_
4.5	1596	[130]	,	b	_
4.5	1597	[9]	ὁ	_	_
4.5	1598	[16]	δὲ	_	_
4.5	1599	[1]	οὒ	_	_
4.5	1600	[131]	,	b	_
4.5	1601	[66]	καὶ	_	_
4.5	1602	[10]	ὁ	_	_
4.5	1603	[19]	μὲν	_	_
4.5	1604	[2]	ἧττον	_	_
4.5	1605	[132]	,	b	_
4.5	1606	[11]	ὁ	_	_
4.5	1607	[17]	δὲ	_	_
4.5	1608	[1]	μᾶλλον	_	_
4.5	1609	[38]	.	b	_
4.5	1610	[67]	καὶ	_	_
4.5	1611	[4]	ἐνίοτε	_	_
4.5	1612	[12]	ὁ	_	_
4.5	1613	[1]	ἀσθενέστερος	_	_
4.5	1614	[1]	μεῖζον	_	_
4.5	1615	[1]	ὑπολαμβάνων	_	_
4.5	1616	[34]	τὸ	_	_
4.5	1617	[1]	προσπεπτωκὸς	_	_
4.5	1618	[8]	οὐ	_	_
4.5	1619	[1]	κινεῖται	_	_
4.5	1620	[133]	,	b	_
4.5	1621	[68]	καὶ	_	_
4.5	1622	[13]	ὁ	_	_
4.5	1623	[5]	αὐτὸς	_	_
4.5	1624	[12]	ἐπὶ	_	_
4.5	1625	[10]	τοῖς	_	_
4.5	1626	[3]	αὐτοῖς	_	_
4.5	1627	[1]	ὁτὲ	_	_
4.5	1628	[20]	μὲν	_	_
4.5	1629	[17]	ἐν	_	_
4.5	1630	[2]	πάθεσι	_	_
4.5	1631	[5]	γίνεται	_	_
4.5	1632	[134]	,	b	_
4.5	1633	[2]	ἔστιν	_	_
4.5	1634	[2]	ὅτε	_	_
4.5	1635	[18]	δ	_	_
4.5	1636	[44]	’	b	_
4.5	1637	[2]	οὒ	_	_
4.5	1638	[135]	,	b	_
4.5	1639	[69]	καὶ	_	_
4.5	1640	[2]	ὁτὲ	_	_
4.5	1641	[21]	μὲν	_	_
4.5	1642	[2]	μᾶλλον	_	_
4.5	1643	[136]	,	b	_
4.5	1644	[3]	ὁτὲ	_	_
4.5	1645	[19]	δ	_	_
4.5	1646	[45]	’	b	_
4.5	1647	[3]	ἧττον	_	_
4.5	1648	[39]	.	b	_
4.5	1649	[5]	οἱ	_	_
4.5	1650	[3]	οὖν	_	_
4.5	1651	[1]	ἀήθεις	_	_
4.5	1652	[3]	μᾶλλον	_	_
4.5	1653	[1]	πάσχουσιν	_	_
4.5	1654	[18]	ἐν	_	_
4.5	1655	[2]	φόβοις	_	_
4.5	1656	[137]	,	b	_
4.5	1657	[19]	ἐν	_	_
4.5	1658	[2]	λύπαις	_	_
4.5	1659	[138]	,	b	_
4.5	1660	[20]	ἐν	_	_
4.5	1661	[1]	ἐπιθυμίαις	_	_
4.5	1662	[139]	,	b	_
4.5	1663	[21]	ἐν	_	_
4.5	1664	[1]	ἡδοναῖς	_	_
4.5	1665	[140]	,	b	_
4.5	1666	[70]	καὶ	_	_
4.5	1667	[6]	οἱ	_	_
4.5	1668	[1]	κακώτεροι	_	_
4.5	1669	[1]	συναρπάζονται	_	_
4.5	1670	[1]	ταχέως	_	_
4.5	1671	[9]	ὑπὸ	_	_
4.5	1672	[21]	τῶν	_	_
4.5	1673	[10]	παθῶν	_	_
4.5	1674	[40]	.	b	_
4.5	1675	[4]	ἐφεξῆς	_	_
4.5	1676	[18]	δὲ	_	_
4.5	1677	[7]	τούτων	_	_
4.5	1678	[14]	ὁ	_	_
4.5	1679	[4]	Ποσειδώνιος	_	_
4.5	1680	[1]	ῥήσεις	_	_
4.5	1681	[12]	τε	_	_
4.5	1682	[1]	ποιητικὰς	_	_
4.5	1683	[1]	παρατίθεται	_	_
4.5	1684	[71]	καὶ	_	_
4.5	1685	[1]	ἱστορίας	_	_
4.5	1686	[1]	παλαιῶν	_	_
4.5	1687	[1]	πράξεων	_	_
4.5	1688	[1]	μαρτυρούσας	_	_
4.5	1689	[1]	οἷς	_	_
4.5	1690	[1]	λέγει	_	_
4.5	1691	[41]	.	b	_
4.5	1692	[72]	καὶ	_	_
4.5	1693	[1]	μετὰ	_	_
4.5	1694	[5]	ταῦτα	_	_
4.5	1695	[1]	ἐπιφέρων	_	_
4.5	1696	[1]	φησί	_	_
4.5	1697	[12]	·	b	_
4.5	1698	[35]	τὸ	_	_
4.5	1699	[22]	μὲν	_	_
4.5	1700	[2]	ἄρα	_	_
4.5	1701	[1]	κακὸν	_	_
4.5	1702	[10]	ὑπὸ	_	_
4.5	1703	[21]	τοῦ	_	_
4.5	1704	[1]	ἀσυνήθους	_	_
4.5	1705	[1]	ταχὺ	_	_
4.5	1706	[1]	συναρπάζεται	_	_
4.5	1707	[141]	,	b	_
4.5	1708	[36]	τὸ	_	_
4.5	1709	[20]	δ	_	_
4.5	1710	[46]	’	b	_
4.5	1711	[1]	ἐναντίως	_	_
4.5	1712	[1]	ἠγμένον	_	_
4.5	1713	[1]	χρόνῳ	_	_
4.5	1714	[1]	μετασυνεθιζόμενον	_	_
4.5	1715	[13]	·	b	_
4.5	1716	[22]	ἐν	_	_
4.5	1717	[2]	οἷς	_	_
4.5	1718	[1]	αἱ	_	_
4.5	1719	[23]	μὲν	_	_
4.5	1720	[1]	ὑπολήψεις	_	_
4.5	1721	[1]	ἴσαι	_	_
4.5	1722	[1]	πολλάκις	_	_
4.5	1723	[73]	καὶ	_	_
4.5	1724	[13]	τὰ	_	_
4.5	1725	[18]	τῆς	_	_
4.5	1726	[1]	ἀσθενείας	_	_
4.5	1727	[142]	,	b	_
4.5	1728	[14]	τὰ	_	_
4.5	1729	[12]	πάθη	_	_
4.5	1730	[21]	δ	_	_
4.5	1731	[47]	’	b	_
4.5	1732	[1]	οὔτ	_	_
4.5	1733	[48]	’	b	_
4.5	1734	[3]	ἐπ	_	_
4.5	1735	[49]	’	b	_
4.5	1736	[1]	ἴσης	_	_
4.5	1737	[2]	οὔτ	_	_
4.5	1738	[50]	’	b	_
4.5	1739	[1]	ἴσα	_	_
4.5	1740	[2]	γίγνεται	_	_
4.5	1741	[42]	.	b	_
4.5	1742	[74]	καὶ	_	_
4.5	1743	[3]	μὴν	_	_
4.5	1744	[75]	καὶ	_	_
4.5	1745	[8]	τούτων	_	_
4.5	1746	[2]	ἑξῆς	_	_
4.5	1747	[1]	τοιάσδε	_	_
4.5	1748	[4]	τινὰς	_	_
4.5	1749	[1]	ἐρωτήσεις	_	_
4.5	1750	[1]	ἐρωτᾷ	_	_
4.5	1751	[14]	·	b	_
4.5	1752	[1]	παραγράψω	_	_
4.5	1753	[19]	δὲ	_	_
4.5	1754	[76]	καὶ	_	_
4.5	1755	[2]	ταύτας	_	_
4.5	1756	[4]	αὐτοῖς	_	_
4.5	1757	[1]	ὀνόμασι	_	_
4.5	1758	[143]	,	b	_
4.5	1759	[2]	κᾂν	_	_
4.5	1760	[1]	μακρότεραί	_	_
4.5	1761	[2]	πως	_	_
4.5	1762	[2]	αἱ	_	_
4.5	1763	[2]	ῥήσεις	_	_
4.5	1764	[2]	ὦσι	_	_
4.5	1765	[43]	.	b	_
4.5	1766	[7]	διὰ	_	_
4.5	1767	[3]	τί	_	_
4.5	1768	[5]	δέ	_	_
4.5	1769	[2]	τινες	_	_
4.5	1770	[22]	τῶν	_	_
4.5	1771	[1]	μεγάλων	_	_
4.5	1772	[1]	νομιζόντων	_	_
4.5	1773	[144]	,	b	_
4.5	1774	[1]	καί	_	_
4.5	1775	[2]	περ	_	_
4.5	1776	[2]	ἀσθενεῖς	_	_
4.5	1777	[2]	ὄντες	_	_
4.5	1778	[4]	ταῖς	_	_
4.5	1779	[1]	γνώμαις	_	_
4.5	1780	[145]	,	b	_
4.5	1781	[1]	βουλεύονταί	_	_
4.5	1782	[13]	τε	_	_
4.5	1783	[77]	καὶ	_	_
4.5	1784	[1]	συμφράδμονας	_	_
4.5	1785	[1]	ἄλλους	_	_
4.5	1786	[1]	παραλαμβάνουσιν	_	_
4.5	1787	[146]	,	b	_
4.5	1788	[11]	ὡς	_	_
4.5	1789	[15]	ὁ	_	_
4.5	1790	[1]	διαγρυπνῶν	_	_
4.5	1791	[1]	Ἀγαμέμνων	_	_
4.5	1792	[2]	;	b	_
4.5	1793	[1]	οὗτος	_	_
4.5	1794	[13]	γὰρ	_	_
4.5	1795	[8]	διὰ	_	_
4.5	1796	[35]	τὴν	_	_
4.5	1797	[1]	τροπὴν	_	_
4.5	1798	[1]	εὐθὺς	_	_
4.5	1799	[3]	ἅμα	_	_
4.5	1800	[11]	τοῖς	_	_
4.5	1801	[1]	ἄλλοις	_	_
4.5	1802	[1]	ἀριστεῦσιν	_	_
4.5	1803	[1]	ἀῤῥήτῳ	_	_
4.5	1804	[1]	τινὶ	_	_
4.5	1805	[1]	πένθει	_	_
4.5	1806	[1]	βέβλητο	_	_
4.5	1807	[18]	κατὰ	_	_
4.5	1808	[12]	τὸν	_	_
4.5	1809	[1]	ποιητήν	_	_
4.5	1810	[44]	.	b	_
4.5	1811	[1]	λωφήσαντος	_	_
4.5	1812	[20]	δὲ	_	_
4.5	1813	[22]	τοῦ	_	_
4.5	1814	[3]	πάθους	_	_
4.5	1815	[147]	,	b	_
4.5	1816	[2]	καί	_	_
4.5	1817	[3]	περ	_	_
4.5	1818	[19]	τῆς	_	_
4.5	1819	[23]	τῶν	_	_
4.5	1820	[2]	συμβεβηκότων	_	_
4.5	1821	[1]	ὑπολήψεως	_	_
4.5	1822	[4]	ἅμα	_	_
4.5	1823	[78]	καὶ	_	_
4.5	1824	[20]	τῆς	_	_
4.5	1825	[24]	τῶν	_	_
4.5	1826	[1]	λογισμῶν	_	_
4.5	1827	[2]	ἀσθενείας	_	_
4.5	1828	[1]	διαμενούσης	_	_
4.5	1829	[148]	,	b	_
4.5	1830	[1]	οὐδαμῶς	_	_
4.5	1831	[1]	ἡσυχάζειν	_	_
4.5	1832	[1]	ἐδοκίμαζεν	_	_
4.5	1833	[45]	.	b	_
4.5	1834	[1]	Ἥδε	_	_
4.5	1835	[6]	δέ	_	_
4.5	1836	[7]	οἱ	_	_
4.5	1837	[19]	κατὰ	_	_
4.5	1838	[1]	θυμὸν	_	_
4.5	1839	[1]	ἀρίστη	_	_
4.5	1840	[1]	φαίνετο	_	_
4.5	1841	[1]	βουλὴ	_	_
4.5	1842	[149]	,	b	_
4.5	1843	[1]	Νέστορ	_	_
4.5	1844	[51]	’	b	_
4.5	1845	[13]	ἐπὶ	_	_
4.5	1846	[2]	πρῶτον	_	_
4.5	1847	[1]	Νηλήϊον	_	_
4.5	1848	[1]	ἐλθέμεν	_	_
4.5	1849	[1]	ἀνδρῶν	_	_
4.5	1850	[150]	,	b	_
4.5	1851	[1]	Εἴ	_	_
4.5	1852	[1]	τινά	_	_
4.5	1853	[8]	οἱ	_	_
4.5	1854	[1]	σὺν	_	_
4.5	1855	[1]	μῆτιν	_	_
4.5	1856	[1]	ἀμύμονα	_	_
4.5	1857	[1]	τεκτῄναιτο	_	_
4.5	1858	[151]	,	b	_
4.5	1859	[1]	Ἥτις	_	_
4.5	1860	[1]	ἀλεξίκακος	_	_
4.5	1861	[1]	πᾶσιν	_	_
4.5	1862	[1]	Δαναοῖσι	_	_
4.5	1863	[1]	γένοιτο	_	_
4.5	1864	[46]	.	b	_
4.5	1865	[1]	ἐπεὶ	_	_
4.5	1866	[21]	δὲ	_	_
4.5	1867	[79]	καὶ	_	_
4.5	1868	[6]	αὐτὸς	_	_
4.5	1869	[16]	ὁ	_	_
4.5	1870	[1]	Νέστωρ	_	_
4.5	1871	[1]	θεασάμενος	_	_
4.5	1872	[9]	διὰ	_	_
4.5	1873	[21]	τῆς	_	_
4.5	1874	[1]	ὁρμῆς	_	_
4.5	1875	[1]	πόῤῥωθεν	_	_
4.5	1876	[1]	προσιόντα	_	_
4.5	1877	[2]	τίς	_	_
4.5	1878	[1]	ἐστιν	_	_
4.5	1879	[1]	ἐπερωτᾷ	_	_
4.5	1880	[152]	,	b	_
4.5	1881	[1]	δηλώσας	_	_
4.5	1882	[1]	μετά	_	_
4.5	1883	[4]	τινος	_	_
4.5	1884	[1]	σχετλιασμοῦ	_	_
4.5	1885	[2]	φησί	_	_
4.5	1886	[15]	·	b	_
4.5	1887	[1]	Πλάζομαι	_	_
4.5	1888	[2]	ᾧδ	_	_
4.5	1889	[52]	’	b	_
4.5	1890	[153]	,	b	_
4.5	1891	[2]	ἐπεὶ	_	_
4.5	1892	[1]	οὔ	_	_
4.5	1893	[1]	μοι	_	_
4.5	1894	[4]	ἐπ	_	_
4.5	1895	[53]	’	b	_
4.5	1896	[1]	ὄμμασι	_	_
4.5	1897	[1]	νήδυμος	_	_
4.5	1898	[1]	ὕπνος	_	_
4.5	1899	[1]	Ἱζάνει	_	_
4.5	1900	[154]	,	b	_
4.5	1901	[13]	ἀλλὰ	_	_
4.5	1902	[1]	μέλει	_	_
4.5	1903	[1]	πόλεμος	_	_
4.5	1904	[80]	καὶ	_	_
4.5	1905	[1]	κήδε	_	_
4.5	1906	[54]	’	b	_
4.5	1907	[1]	Ἀχαιῶν	_	_
4.5	1908	[47]	.	b	_
4.5	1909	[1]	Αἰνῶς	_	_
4.5	1910	[14]	γὰρ	_	_
4.5	1911	[1]	Δαναῶν	_	_
4.5	1912	[1]	περιδείδια	_	_
4.5	1913	[155]	,	b	_
4.5	1914	[1]	οὐδέ	_	_
4.5	1915	[2]	μοι	_	_
4.5	1916	[1]	ἦτορ	_	_
4.5	1917	[1]	Ἔμπεδον	_	_
4.5	1918	[156]	,	b	_
4.5	1919	[7]	ἀλλ	_	_
4.5	1920	[55]	’	b	_
4.5	1921	[1]	ἀλαλύκτημαι	_	_
4.5	1922	[157]	,	b	_
4.5	1923	[1]	κραδίη	_	_
4.5	1924	[7]	δέ	_	_
4.5	1925	[3]	μοι	_	_
4.5	1926	[1]	ἔξω	_	_
4.5	1927	[1]	Στηθέων	_	_
4.5	1928	[1]	ἐκθρώσκει	_	_
4.5	1929	[158]	,	b	_
4.5	1930	[1]	τρομέει	_	_
4.5	1931	[22]	δ	_	_
4.5	1932	[56]	’	b	_
4.5	1933	[1]	ὕπο	_	_
4.5	1934	[1]	φαίδιμα	_	_
4.5	1935	[1]	γυῖα	_	_
4.5	1936	[48]	.	b	_
4.5	1937	[6]	εἰ	_	_
4.5	1938	[24]	μὲν	_	_
4.5	1939	[3]	δὴ	_	_
4.5	1940	[36]	τὴν	_	_
4.5	1941	[1]	καρδίαν	_	_
4.5	1942	[1]	σαλευόμενος	_	_
4.5	1943	[5]	οὕτως	_	_
4.5	1944	[11]	ὑπὸ	_	_
4.5	1945	[23]	τοῦ	_	_
4.5	1946	[1]	φόβου	_	_
4.5	1947	[1]	πάρεστι	_	_
4.5	1948	[1]	συμβουλευσόμενος	_	_
4.5	1949	[159]	,	b	_
4.5	1950	[9]	οἱ	_	_
4.5	1951	[23]	ἐν	_	_
4.5	1952	[12]	τοῖς	_	_
4.5	1953	[3]	πάθεσιν	_	_
4.5	1954	[3]	ὄντες	_	_
4.5	1955	[160]	,	b	_
4.5	1956	[9]	οὐ	_	_
4.5	1957	[4]	κατ	_	_
4.5	1958	[57]	’	b	_
4.5	1959	[3]	ἀξίαν	_	_
4.5	1960	[25]	τῶν	_	_
4.5	1961	[3]	συμβεβηκότων	_	_
4.5	1962	[1]	καθήκειν	_	_
4.5	1963	[2]	νομίζοντες	_	_
4.5	1964	[2]	μηδένα	_	_
4.5	1965	[13]	λόγον	_	_
4.5	1966	[2]	προσίεσθαι	_	_
4.5	1967	[161]	,	b	_
4.5	1968	[2]	κινοῦνται	_	_
4.5	1969	[20]	κατὰ	_	_
4.5	1970	[15]	τὰ	_	_
4.5	1971	[13]	πάθη	_	_
4.5	1972	[16]	·	b	_
4.5	1973	[7]	εἰ	_	_
4.5	1974	[22]	δὲ	_	_
4.5	1975	[1]	μηκέτι	_	_
4.5	1976	[1]	φοβούμενος	_	_
4.5	1977	[162]	,	b	_
4.5	1978	[1]	ἀνανεούμενος	_	_
4.5	1979	[23]	δὲ	_	_
4.5	1980	[16]	τὰ	_	_
4.5	1981	[24]	ἐν	_	_
4.5	1982	[14]	τῷ	_	_
4.5	1983	[1]	φόβῳ	_	_
4.5	1984	[1]	ταῦτά	_	_
4.5	1985	[4]	φησι	_	_
4.5	1986	[163]	,	b	_
4.5	1987	[10]	διὰ	_	_
4.5	1988	[4]	τί	_	_
4.5	1989	[2]	ποτε	_	_
4.5	1990	[164]	,	b	_
4.5	1991	[22]	τῆς	_	_
4.5	1992	[3]	αὐτῆς	_	_
4.5	1993	[2]	ὑπολήψεως	_	_
4.5	1994	[81]	καὶ	_	_
4.5	1995	[3]	ἀσθενείας	_	_
4.5	1996	[1]	ὑποκειμένης	_	_
4.5	1997	[165]	,	b	_
4.5	1998	[10]	οἱ	_	_
4.5	1999	[25]	μὲν	_	_
4.5	2000	[1]	ἀποκλίνουσι	_	_
4.5	2001	[13]	τὸν	_	_
4.5	2002	[14]	λόγον	_	_
4.5	2003	[166]	,	b	_
4.5	2004	[11]	οἱ	_	_
4.5	2005	[24]	δὲ	_	_
4.5	2006	[1]	προσίενται	_	_
4.5	2007	[167]	,	b	_
4.5	2008	[2]	διαπορήσειεν	_	_
4.5	2009	[5]	ἄν	_	_
4.5	2010	[7]	τις	_	_
4.5	2011	[1]	εὐλόγως	_	_
4.5	2012	[49]	.	b	_
4.5	2013	[37]	τὸ	_	_
4.5	2014	[23]	δ	_	_
4.5	2015	[58]	’	b	_
4.5	2016	[4]	αἴτιον	_	_
4.5	2017	[24]	τοῦ	_	_
4.5	2018	[4]	πάθους	_	_
4.5	2019	[2]	παντὸς	_	_
4.5	2020	[13]	οὐκ	_	_
4.5	2021	[1]	εἴρηκεν	_	_
4.5	2022	[50]	.	b	_
4.5	2023	[3]	ἑξῆς	_	_
4.5	2024	[2]	τούτοις	_	_
4.5	2025	[17]	ὁ	_	_
4.5	2026	[5]	Ποσειδώνιος	_	_
4.5	2027	[82]	καὶ	_	_
4.5	2028	[5]	τάδε	_	_
4.5	2029	[3]	φησί	_	_
4.5	2030	[17]	·	b	_
4.5	2031	[38]	τὸ	_	_
4.5	2032	[25]	δὲ	_	_
4.5	2033	[4]	δὴ	_	_
4.5	2034	[7]	μὴ	_	_
4.5	2035	[3]	μόνον	_	_
4.5	2036	[2]	ἀποστρέφεσθαι	_	_
4.5	2037	[14]	τὸν	_	_
4.5	2038	[15]	λόγον	_	_
4.5	2039	[25]	ἐν	_	_
4.5	2040	[5]	ταῖς	_	_
4.5	2041	[2]	ἐπιθυμίαις	_	_
4.5	2042	[168]	,	b	_
4.5	2043	[1]	ὥς	_	_
4.5	2044	[3]	φησιν	_	_
4.5	2045	[169]	,	b	_
4.5	2046	[14]	ἀλλὰ	_	_
4.5	2047	[83]	καὶ	_	_
4.5	2048	[1]	προσυπολαμβάνειν	_	_
4.5	2049	[170]	,	b	_
4.5	2050	[4]	ὅτι	_	_
4.5	2051	[171]	,	b	_
4.5	2052	[8]	εἰ	_	_
4.5	2053	[84]	καὶ	_	_
4.5	2054	[8]	μὴ	_	_
4.5	2055	[1]	συμφέρον	_	_
4.5	2056	[1]	ἐστὶ	_	_
4.5	2057	[172]	,	b	_
4.5	2058	[85]	καὶ	_	_
4.5	2059	[6]	οὕτως	_	_
4.5	2060	[1]	ἑκτέον	_	_
4.5	2061	[173]	,	b	_
4.5	2062	[1]	μάχην	_	_
4.5	2063	[1]	περιέχει	_	_
4.5	2064	[1]	φέρεσθαί	_	_
4.5	2065	[14]	τε	_	_
4.5	2066	[174]	,	b	_
4.5	2067	[12]	ὡς	_	_
4.5	2068	[14]	ἐπὶ	_	_
4.5	2069	[2]	μέγα	_	_
4.5	2070	[2]	συμφέρον	_	_
4.5	2071	[175]	,	b	_
4.5	2072	[86]	καὶ	_	_
4.5	2073	[11]	διὰ	_	_
4.5	2074	[39]	τὸ	_	_
4.5	2075	[2]	μέγεθος	_	_
4.5	2076	[2]	αὐτοῦ	_	_
4.5	2077	[176]	,	b	_
4.5	2078	[9]	εἰ	_	_
4.5	2079	[87]	καὶ	_	_
4.5	2080	[1]	ἀσύμφορόν	_	_
4.5	2081	[2]	ἐστιν	_	_
4.5	2082	[177]	,	b	_
4.5	2083	[2]	ἄξιον	_	_
4.5	2084	[1]	ἡγεῖσθαι	_	_
4.5	2085	[25]	τοῦ	_	_
4.5	2086	[1]	μεγέθους	_	_
4.5	2087	[3]	αὐτοῦ	_	_
4.5	2088	[178]	,	b	_
4.5	2089	[10]	εἰ	_	_
4.5	2090	[88]	καὶ	_	_
4.5	2091	[1]	μηδὲν	_	_
4.5	2092	[2]	ἔχει	_	_
4.5	2093	[3]	μέγεθος	_	_
4.5	2094	[179]	,	b	_
4.5	2095	[15]	ἀλλὰ	_	_
4.5	2096	[89]	καὶ	_	_
4.5	2097	[1]	τοὐναντίον	_	_
4.5	2098	[180]	,	b	_
4.5	2099	[1]	ὅμως	_	_
4.5	2100	[1]	ἀντέχεσθαι	_	_
4.5	2101	[7]	οὕτως	_	_
4.5	2102	[4]	αὐτοῦ	_	_
4.5	2103	[51]	.	b	_
4.5	2104	[1]	ἔστω	_	_
4.5	2105	[15]	γὰρ	_	_
4.5	2106	[6]	τοὺς	_	_
4.5	2107	[1]	λέγοντας	_	_
4.5	2108	[181]	,	b	_
4.5	2109	[5]	ὅτι	_	_
4.5	2110	[14]	οὐκ	_	_
4.5	2111	[2]	ἔστι	_	_
4.5	2112	[3]	συμφέρον	_	_
4.5	2113	[3]	ἀποστρέφεσθαι	_	_
4.5	2114	[182]	,	b	_
4.5	2115	[90]	καὶ	_	_
4.5	2116	[7]	τοὺς	_	_
4.5	2117	[1]	ἐπαγγελλομένους	_	_
4.5	2118	[1]	δείξειν	_	_
4.5	2119	[183]	,	b	_
4.5	2120	[6]	ὅτι	_	_
4.5	2121	[2]	ἀσύμφορόν	_	_
4.5	2122	[1]	ἐστι	_	_
4.5	2123	[184]	,	b	_
4.5	2124	[1]	λήρους	_	_
4.5	2125	[2]	ἡγεῖσθαι	_	_
4.5	2126	[185]	,	b	_
4.5	2127	[91]	καὶ	_	_
4.5	2128	[12]	διὰ	_	_
4.5	2129	[40]	τὸ	_	_
4.5	2130	[3]	μέγα	_	_
4.5	2131	[1]	ὄφελος	_	_
4.5	2132	[16]	εἶναι	_	_
4.5	2133	[41]	τὸ	_	_
4.5	2134	[1]	διωκόμενον	_	_
4.5	2135	[52]	.	b	_
4.5	2136	[8]	ἀλλ	_	_
4.5	2137	[59]	’	b	_
4.5	2138	[1]	ἐκεῖνό	_	_
4.5	2139	[6]	γε	_	_
4.5	2140	[1]	ἀπίθανον	_	_
4.5	2141	[186]	,	b	_
4.5	2142	[13]	διὰ	_	_
4.5	2143	[42]	τὸ	_	_
4.5	2144	[4]	μέγα	_	_
4.5	2145	[2]	αὐτὸ	_	_
4.5	2146	[2]	ἀγαθὸν	_	_
4.5	2147	[3]	ὑπολαμβάνειν	_	_
4.5	2148	[1]	οἴεσθαι	_	_
4.5	2149	[2]	δεῖν	_	_
4.5	2150	[187]	,	b	_
4.5	2151	[3]	κᾂν	_	_
4.5	2152	[1]	ᾖ	_	_
4.5	2153	[2]	μέγιστον	_	_
4.5	2154	[2]	κακὸν	_	_
4.5	2155	[188]	,	b	_
4.5	2156	[2]	ὅμως	_	_
4.5	2157	[3]	αὐτὸ	_	_
4.5	2158	[1]	λαμβάνειν	_	_
4.5	2159	[1]	ἐπιφωνοῦντας	_	_
4.5	2160	[189]	,	b	_
4.5	2161	[1]	ἐὰν	_	_
4.5	2162	[1]	ἀπολέσθαι	_	_
4.5	2163	[1]	τοῦτό	_	_
4.5	2164	[4]	μοι	_	_
4.5	2165	[2]	νῦν	_	_
4.5	2166	[1]	συμφέρῃ	_	_
4.5	2167	[53]	.	b	_
4.5	2168	[2]	τούτου	_	_
4.5	2169	[16]	γὰρ	_	_
4.5	2170	[37]	τὴν	_	_
4.5	2171	[5]	αἰτίαν	_	_
4.5	2172	[10]	οὐ	_	_
4.5	2173	[1]	πιθανόν	_	_
4.5	2174	[3]	ἐστιν	_	_
4.5	2175	[26]	ἐν	_	_
4.5	2176	[7]	τῇ	_	_
4.5	2177	[1]	ὑπολήψει	_	_
4.5	2178	[1]	κεῖσθαι	_	_
4.5	2179	[26]	τοῦ	_	_
4.5	2180	[5]	μέγα	_	_
4.5	2181	[3]	ἀγαθὸν	_	_
4.5	2182	[2]	ὑπάρχειν	_	_
4.5	2183	[190]	,	b	_
4.5	2184	[1]	ἐφ	_	_
4.5	2185	[60]	’	b	_
4.5	2186	[2]	ὃ	_	_
4.5	2187	[1]	ὠθοῦνται	_	_
4.5	2188	[54]	.	b	_
4.5	2189	[1]	ζητητέον	_	_
4.5	2190	[8]	δέ	_	_
4.5	2191	[55]	.	b	_
4.5	2192	[1]	ἐγὼ	_	_
4.5	2193	[26]	μὲν	_	_
4.5	2194	[15]	οὐκ	_	_
4.5	2195	[1]	ἔχω	_	_
4.5	2196	[5]	πρὸς	_	_
4.5	2197	[6]	ταῦτα	_	_
4.5	2198	[11]	οὐ	_	_
4.5	2199	[5]	δὴ	_	_
4.5	2200	[1]	ἀποκρίνασθαι	_	_
4.5	2201	[15]	τῷ	_	_
4.5	2202	[1]	Ποσειδωνίῳ	_	_
4.5	2203	[191]	,	b	_
4.5	2204	[1]	νομίζω	_	_
4.5	2205	[26]	δὲ	_	_
4.5	2206	[1]	μηδ	_	_
4.5	2207	[61]	’	b	_
4.5	2208	[1]	ἄλλον	_	_
4.5	2209	[1]	τινὰ	_	_
4.5	2210	[1]	ἕξειν	_	_
4.5	2211	[192]	,	b	_
4.5	2212	[2]	εἴ	_	_
4.5	2213	[7]	γε	_	_
4.5	2214	[2]	χρὴ	_	_
4.5	2215	[1]	τεκμαίρεσθαι	_	_
4.5	2216	[8]	τῇ	_	_
4.5	2217	[15]	τε	_	_
4.5	2218	[2]	φύσει	_	_
4.5	2219	[26]	τῶν	_	_
4.5	2220	[2]	πραγμάτων	_	_
4.5	2221	[4]	αὐτῇ	_	_
4.5	2222	[92]	καὶ	_	_
4.5	2223	[13]	τοῖς	_	_
4.5	2224	[3]	νῦν	_	_
4.5	2225	[1]	οὖσι	_	_
4.5	2226	[1]	Στωϊκοῖς	_	_
4.5	2227	[56]	.	b	_
4.5	2228	[16]	οὐκ	_	_
4.5	2229	[1]	ὀλίγων	_	_
4.5	2230	[17]	γὰρ	_	_
4.5	2231	[1]	οὐδὲ	_	_
4.5	2232	[27]	τῶν	_	_
4.5	2233	[1]	ἐπιτυχόντων	_	_
4.5	2234	[27]	ἐν	_	_
4.5	2235	[14]	τοῖς	_	_
4.5	2236	[1]	καθ	_	_
4.5	2237	[62]	’	b	_
4.5	2238	[2]	ἡμᾶς	_	_
4.5	2239	[1]	χρόνοις	_	_
4.5	2240	[1]	γεγονότων	_	_
4.5	2241	[193]	,	b	_
4.5	2242	[1]	οὐδενὸς	_	_
4.5	2243	[10]	αὐτῶν	_	_
4.5	2244	[6]	οὐδὲν	_	_
4.5	2245	[1]	ἤκουσα	_	_
4.5	2246	[1]	πιθανὸν	_	_
4.5	2247	[1]	εἰπόντος	_	_
4.5	2248	[9]	εἰς	_	_
4.5	2249	[6]	τὰς	_	_
4.5	2250	[12]	ὑπὸ	_	_
4.5	2251	[27]	τοῦ	_	_
4.5	2252	[1]	Ποσειδωνίου	_	_
4.5	2253	[1]	προβληθείσας	_	_
4.5	2254	[1]	ἀπορίας	_	_
4.5	2255	[57]	.	b	_
4.5	2256	[16]	ἀλλὰ	_	_
4.5	2257	[7]	περὶ	_	_
4.5	2258	[27]	μὲν	_	_
4.5	2259	[1]	ἐκείνων	_	_
4.5	2260	[93]	καὶ	_	_
4.5	2261	[4]	αὖθις	_	_
4.5	2262	[1]	ἐροῦμεν	_	_
4.5	2263	[58]	.	b	_
4.6	1	[1]	Ὅτι	_	_
4.6	2	[1]	δ	_	_
4.6	3	[1]	’	b	_
4.6	4	[1]	ὁ	_	_
4.6	5	[1]	Χρύσιππος	_	_
4.6	6	[1]	οὐχ	_	_
4.6	7	[1]	ἅπαξ	_	_
4.6	8	[1]	ἢ	_	_
4.6	9	[1]	δὶς	_	_
4.6	10	[1]	,	b	_
4.6	11	[1]	ἀλλὰ	_	_
4.6	12	[1]	πάνυ	_	_
4.6	13	[1]	πολλάκις	_	_
4.6	14	[1]	αὐτὸς	_	_
4.6	15	[1]	ὁμολογεῖ	_	_
4.6	16	[2]	,	b	_
4.6	17	[1]	δύναμίν	_	_
4.6	18	[1]	τινα	_	_
4.6	19	[1]	ἑτέραν	_	_
4.6	20	[1]	εἶναι	_	_
4.6	21	[1]	τῆς	_	_
4.6	22	[1]	λογικῆς	_	_
4.6	23	[1]	ἐν	_	_
4.6	24	[1]	ταῖς	_	_
4.6	25	[1]	ψυχαῖς	_	_
4.6	26	[1]	τῶν	_	_
4.6	27	[1]	ἀνθρώπων	_	_
4.6	28	[1]	αἰτίαν	_	_
4.6	29	[2]	τῶν	_	_
4.6	30	[1]	παθῶν	_	_
4.6	31	[3]	,	b	_
4.6	32	[1]	ἔνεστιν	_	_
4.6	33	[1]	ἡμῖν	_	_
4.6	34	[1]	ἐκ	_	_
4.6	35	[3]	τῶν	_	_
4.6	36	[1]	τοιούτων	_	_
4.6	37	[1]	καταμαθεῖν	_	_
4.6	38	[4]	,	b	_
4.6	39	[2]	ἐν	_	_
4.6	40	[1]	οἷς	_	_
4.6	41	[1]	αἰτιᾶται	_	_
4.6	42	[4]	τῶν	_	_
4.6	43	[1]	πραττομένων	_	_
4.6	44	[1]	οὐκ	_	_
4.6	45	[1]	ὀρθῶς	_	_
4.6	46	[1]	ἀτονίαν	_	_
4.6	47	[1]	τε	_	_
4.6	48	[1]	καὶ	_	_
4.6	49	[1]	ἀσθένειαν	_	_
4.6	50	[2]	τῆς	_	_
4.6	51	[1]	ψυχῆς	_	_
4.6	52	[1]	·	b	_
4.6	53	[1]	οὕτω	_	_
4.6	54	[1]	γὰρ	_	_
4.6	55	[1]	αὐτὰς	_	_
4.6	56	[1]	ὀνομάζει	_	_
4.6	57	[5]	,	b	_
4.6	58	[1]	καθάπερ	_	_
4.6	59	[1]	γε	_	_
4.6	60	[2]	καὶ	_	_
4.6	61	[1]	τἀναντία	_	_
4.6	62	[6]	,	b	_
4.6	63	[1]	τὸ	_	_
4.6	64	[1]	μὲν	_	_
4.6	65	[1]	εὐτονίαν	_	_
4.6	66	[7]	,	b	_
4.6	67	[2]	τὸ	_	_
4.6	68	[2]	δ	_	_
4.6	69	[2]	’	b	_
4.6	70	[1]	ἰσχύν	_	_
4.6	71	[1]	.	b	_
4.6	72	[1]	ὅσα	_	_
4.6	73	[2]	γὰρ	_	_
4.6	74	[2]	οὐκ	_	_
4.6	75	[2]	ὀρθῶς	_	_
4.6	76	[1]	πράττουσιν	_	_
4.6	77	[1]	ἄνθρωποι	_	_
4.6	78	[8]	,	b	_
4.6	79	[1]	τὰ	_	_
4.6	80	[2]	μὲν	_	_
4.6	81	[1]	εἰς	_	_
4.6	82	[1]	μοχθηρὰν	_	_
4.6	83	[1]	κρίσιν	_	_
4.6	84	[1]	ἀναφέρει	_	_
4.6	85	[9]	,	b	_
4.6	86	[2]	τὰ	_	_
4.6	87	[3]	δ	_	_
4.6	88	[3]	’	b	_
4.6	89	[2]	εἰς	_	_
4.6	90	[2]	ἀτονίαν	_	_
4.6	91	[3]	καὶ	_	_
4.6	92	[2]	ἀσθένειαν	_	_
4.6	93	[3]	τῆς	_	_
4.6	94	[2]	ψυχῆς	_	_
4.6	95	[10]	,	b	_
4.6	96	[1]	ὥσπερ	_	_
4.6	97	[2]	γε	_	_
4.6	98	[4]	καὶ	_	_
4.6	99	[1]	ὧν	_	_
4.6	100	[1]	κατορθοῦσιν	_	_
4.6	101	[1]	ἡ	_	_
4.6	102	[1]	ὀρθὴ	_	_
4.6	103	[1]	κρίσις	_	_
4.6	104	[1]	ἐξηγεῖται	_	_
4.6	105	[1]	μετὰ	_	_
4.6	106	[4]	τῆς	_	_
4.6	107	[1]	κατὰ	_	_
4.6	108	[1]	τὴν	_	_
4.6	109	[1]	ψυχὴν	_	_
4.6	110	[1]	εὐτονίας	_	_
4.6	111	[2]	.	b	_
4.6	112	[2]	ἀλλὰ	_	_
4.6	113	[2]	τοιούτων	_	_
4.6	114	[2]	ὥσπερ	_	_
4.6	115	[2]	ἡ	_	_
4.6	116	[2]	κρίσις	_	_
4.6	117	[1]	ἔργον	_	_
4.6	118	[1]	ἐστὶ	_	_
4.6	119	[5]	τῆς	_	_
4.6	120	[2]	λογικῆς	_	_
4.6	121	[1]	δυνάμεως	_	_
4.6	122	[11]	,	b	_
4.6	123	[1]	οὕτως	_	_
4.6	124	[3]	ἡ	_	_
4.6	125	[1]	εὐτονία	_	_
4.6	126	[1]	ῥώμη	_	_
4.6	127	[2]	τε	_	_
4.6	128	[5]	καὶ	_	_
4.6	129	[1]	ἀρετὴ	_	_
4.6	130	[2]	δυνάμεως	_	_
4.6	131	[1]	ἑτέρας	_	_
4.6	132	[1]	παρὰ	_	_
4.6	133	[2]	τὴν	_	_
4.6	134	[1]	λογικὴν	_	_
4.6	135	[12]	,	b	_
4.6	136	[1]	ἣν	_	_
4.6	137	[2]	αὐτὸς	_	_
4.6	138	[2]	ὁ	_	_
4.6	139	[2]	Χρύσιππος	_	_
4.6	140	[2]	ὀνομάζει	_	_
4.6	141	[1]	τόνον	_	_
4.6	142	[13]	,	b	_
4.6	143	[1]	ἀφίστασθαί	_	_
4.6	144	[1]	τέ	_	_
4.6	145	[1]	φησιν	_	_
4.6	146	[1]	ἔστιν	_	_
4.6	147	[1]	ὅτε	_	_
4.6	148	[5]	τῶν	_	_
4.6	149	[3]	ὀρθῶς	_	_
4.6	150	[1]	ἐγνωσμένων	_	_
4.6	151	[2]	ἡμῖν	_	_
4.6	152	[14]	,	b	_
4.6	153	[1]	ἐνδόντος	_	_
4.6	154	[1]	τοῦ	_	_
4.6	155	[1]	τόνου	_	_
4.6	156	[6]	τῆς	_	_
4.6	157	[3]	ψυχῆς	_	_
4.6	158	[15]	,	b	_
4.6	159	[6]	καὶ	_	_
4.6	160	[1]	μὴ	_	_
4.6	161	[1]	παραμείναντος	_	_
4.6	162	[1]	ἕως	_	_
4.6	163	[1]	παντὸς	_	_
4.6	164	[16]	,	b	_
4.6	165	[1]	μήτ	_	_
4.6	166	[4]	’	b	_
4.6	167	[1]	ἐξυπηρετήσαντος	_	_
4.6	168	[1]	τοῖς	_	_
4.6	169	[2]	τοῦ	_	_
4.6	170	[1]	λόγου	_	_
4.6	171	[1]	προστάγμασιν	_	_
4.6	172	[17]	,	b	_
4.6	173	[1]	ἐναργῶς	_	_
4.6	174	[3]	ἐν	_	_
4.6	175	[2]	τοῖς	_	_
4.6	176	[1]	τοιούτοις	_	_
4.6	177	[1]	ἐνδεικνύμενος	_	_
4.6	178	[18]	,	b	_
4.6	179	[1]	οἷόν	_	_
4.6	180	[1]	τι	_	_
4.6	181	[3]	τὸ	_	_
4.6	182	[1]	πάθος	_	_
4.6	183	[1]	ἐστίν	_	_
4.6	184	[3]	.	b	_
4.6	185	[1]	ἤδη	_	_
4.6	186	[1]	δὲ	_	_
4.6	187	[7]	καὶ	_	_
4.6	188	[1]	ῥῆσιν	_	_
4.6	189	[1]	αὐτοῦ	_	_
4.6	190	[2]	τινα	_	_
4.6	191	[1]	παραγράψω	_	_
4.6	192	[1]	περὶ	_	_
4.6	193	[1]	τούτων	_	_
4.6	194	[1]	ἐκδιδάσκουσαν	_	_
4.6	195	[2]	·	b	_
4.6	196	[1]	ἔστι	_	_
4.6	197	[4]	δ	_	_
4.6	198	[5]	’	b	_
4.6	199	[2]	ἐκ	_	_
4.6	200	[3]	τοῦ	_	_
4.6	201	[2]	περὶ	_	_
4.6	202	[2]	παθῶν	_	_
4.6	203	[1]	ἠθικοῦ	_	_
4.6	204	[4]	.	b	_
4.6	205	[1]	ἔτι	_	_
4.6	206	[2]	δὲ	_	_
4.6	207	[8]	καὶ	_	_
4.6	208	[2]	κατὰ	_	_
4.6	209	[1]	τοῦτ	_	_
4.6	210	[6]	’	b	_
4.6	211	[1]	ἴσως	_	_
4.6	212	[1]	οἱ	_	_
4.6	213	[1]	ἐπὶ	_	_
4.6	214	[4]	τοῦ	_	_
4.6	215	[1]	σώματος	_	_
4.6	216	[1]	λέγονται	_	_
4.6	217	[1]	τόνοι	_	_
4.6	218	[1]	ἄτονοι	_	_
4.6	219	[9]	καὶ	_	_
4.6	220	[1]	εὔτονοι	_	_
4.6	221	[2]	εἶναι	_	_
4.6	222	[3]	κατὰ	_	_
4.6	223	[4]	τὸ	_	_
4.6	224	[1]	νευρῶδες	_	_
4.6	225	[19]	,	b	_
4.6	226	[1]	τῷ	_	_
4.6	227	[1]	δύνασθαι	_	_
4.6	228	[1]	ἡμᾶς	_	_
4.6	229	[2]	ἢ	_	_
4.6	230	[1]	ἀδυνατεῖν	_	_
4.6	231	[4]	ἐν	_	_
4.6	232	[3]	τοῖς	_	_
4.6	233	[1]	διὰ	_	_
4.6	234	[2]	τούτων	_	_
4.6	235	[1]	ἐπιτελουμένοις	_	_
4.6	236	[1]	ἔργοις	_	_
4.6	237	[5]	.	b	_
4.6	238	[10]	καὶ	_	_
4.6	239	[3]	ὁ	_	_
4.6	240	[5]	ἐν	_	_
4.6	241	[1]	τῇ	_	_
4.6	242	[1]	ψυχῇ	_	_
4.6	243	[1]	λέγεται	_	_
4.6	244	[1]	τόνος	_	_
4.6	245	[20]	,	b	_
4.6	246	[1]	ὡς	_	_
4.6	247	[2]	εὐτονία	_	_
4.6	248	[11]	καὶ	_	_
4.6	249	[1]	ἀτονία	_	_
4.6	250	[6]	.	b	_
4.6	251	[12]	καὶ	_	_
4.6	252	[1]	ἐφεξῆς	_	_
4.6	253	[3]	·	b	_
4.6	254	[3]	ὥσπερ	_	_
4.6	255	[3]	γὰρ	_	_
4.6	256	[6]	ἐν	_	_
4.6	257	[1]	τρόμῳ	_	_
4.6	258	[13]	καὶ	_	_
4.6	259	[1]	ἀνθέξει	_	_
4.6	260	[1]	τινὸς	_	_
4.6	261	[14]	καὶ	_	_
4.6	262	[6]	τῶν	_	_
4.6	263	[1]	παραπλησίων	_	_
4.6	264	[2]	ἤδη	_	_
4.6	265	[21]	,	b	_
4.6	266	[1]	ἃ	_	_
4.6	267	[2]	διὰ	_	_
4.6	268	[7]	τῶν	_	_
4.6	269	[1]	νεύρων	_	_
4.6	270	[1]	ἐνεργεῖται	_	_
4.6	271	[22]	,	b	_
4.6	272	[2]	ἔστι	_	_
4.6	273	[1]	τις	_	_
4.6	274	[1]	ἐπιτελεστικὴ	_	_
4.6	275	[1]	κατάστασις	_	_
4.6	276	[15]	καὶ	_	_
4.6	277	[1]	ἐνδοτικὴ	_	_
4.6	278	[23]	,	b	_
4.6	279	[8]	τῶν	_	_
4.6	280	[2]	νεύρων	_	_
4.6	281	[1]	προεκλελυμένων	_	_
4.6	282	[16]	καὶ	_	_
4.6	283	[1]	ἀνειμένων	_	_
4.6	284	[24]	,	b	_
4.6	285	[1]	ἀναλόγως	_	_
4.6	286	[17]	καὶ	_	_
4.6	287	[2]	ἐπὶ	_	_
4.6	288	[4]	ψυχῆς	_	_
4.6	289	[1]	ἐστι	_	_
4.6	290	[1]	τοιοῦτον	_	_
4.6	291	[2]	νευρῶδες	_	_
4.6	292	[25]	,	b	_
4.6	293	[1]	καθ	_	_
4.6	294	[7]	’	b	_
4.6	295	[1]	ὃ	_	_
4.6	296	[18]	καὶ	_	_
4.6	297	[4]	κατὰ	_	_
4.6	298	[1]	μεταφορὰν	_	_
4.6	299	[1]	ἀνεύρους	_	_
4.6	300	[1]	τινὰς	_	_
4.6	301	[1]	λέγομεν	_	_
4.6	302	[26]	,	b	_
4.6	303	[19]	καὶ	_	_
4.6	304	[1]	νεῦρα	_	_
4.6	305	[1]	ἔχειν	_	_
4.6	306	[7]	.	b	_
4.6	307	[1]	εἶθ	_	_
4.6	308	[8]	’	b	_
4.6	309	[1]	ἑξῆς	_	_
4.6	310	[1]	ἐξηγούμενος	_	_
4.6	311	[1]	αὐτὸ	_	_
4.6	312	[1]	τοῦτο	_	_
4.6	313	[1]	τάδε	_	_
4.6	314	[1]	γράφει	_	_
4.6	315	[4]	·	b	_
4.6	316	[4]	ὁ	_	_
4.6	317	[3]	μὲν	_	_
4.6	318	[1]	δειμῶν	_	_
4.6	319	[1]	ἐπιγινομένων	_	_
4.6	320	[1]	ἀφίσταται	_	_
4.6	321	[27]	,	b	_
4.6	322	[5]	ὁ	_	_
4.6	323	[3]	δὲ	_	_
4.6	324	[1]	κέρδους	_	_
4.6	325	[3]	ἢ	_	_
4.6	326	[1]	ζημίας	_	_
4.6	327	[1]	φερομένης	_	_
4.6	328	[1]	ἐξελύθη	_	_
4.6	329	[20]	καὶ	_	_
4.6	330	[1]	ἐνέδωκεν	_	_
4.6	331	[28]	,	b	_
4.6	332	[6]	ὁ	_	_
4.6	333	[4]	δὲ	_	_
4.6	334	[2]	καθ	_	_
4.6	335	[9]	’	b	_
4.6	336	[1]	ἕτερα	_	_
4.6	337	[1]	τοιαῦτα	_	_
4.6	338	[3]	οὐκ	_	_
4.6	339	[1]	ὀλίγα	_	_
4.6	340	[8]	.	b	_
4.6	341	[1]	ἕκαστον	_	_
4.6	342	[4]	γὰρ	_	_
4.6	343	[9]	τῶν	_	_
4.6	344	[3]	τοιούτων	_	_
4.6	345	[1]	τρέπεταί	_	_
4.6	346	[3]	τε	_	_
4.6	347	[21]	καὶ	_	_
4.6	348	[1]	δουλοῦται	_	_
4.6	349	[2]	ἡμᾶς	_	_
4.6	350	[29]	,	b	_
4.6	351	[2]	ὡς	_	_
4.6	352	[1]	ἐνδιδόντας	_	_
4.6	353	[1]	αὐτοῖς	_	_
4.6	354	[30]	,	b	_
4.6	355	[22]	καὶ	_	_
4.6	356	[1]	φίλους	_	_
4.6	357	[31]	,	b	_
4.6	358	[23]	καὶ	_	_
4.6	359	[1]	πόλεις	_	_
4.6	360	[1]	προδιδόναι	_	_
4.6	361	[32]	,	b	_
4.6	362	[24]	καὶ	_	_
4.6	363	[1]	αὐτοὺς	_	_
4.6	364	[3]	εἰς	_	_
4.6	365	[1]	πολλὰς	_	_
4.6	366	[25]	καὶ	_	_
4.6	367	[1]	ἀσχήμονας	_	_
4.6	368	[1]	πράξεις	_	_
4.6	369	[1]	ἐπιδιδόναι	_	_
4.6	370	[33]	,	b	_
4.6	371	[7]	τῆς	_	_
4.6	372	[1]	πρὸς	_	_
4.6	373	[1]	θέατρα	_	_
4.6	374	[1]	φορᾶς	_	_
4.6	375	[1]	ἐκλυθείσης	_	_
4.6	376	[9]	.	b	_
4.6	377	[1]	οἷος	_	_
4.6	378	[1]	εἰσῆκται	_	_
4.6	379	[26]	καὶ	_	_
4.6	380	[2]	τῷ	_	_
4.6	381	[1]	Εὐριπίδῃ	_	_
4.6	382	[7]	ὁ	_	_
4.6	383	[1]	Μενέλαος	_	_
4.6	384	[5]	·	b	_
4.6	385	[1]	σπασάμενος	_	_
4.6	386	[5]	γὰρ	_	_
4.6	387	[3]	τὴν	_	_
4.6	388	[1]	μάχαιραν	_	_
4.6	389	[1]	φέρεται	_	_
4.6	390	[3]	ἐπὶ	_	_
4.6	391	[4]	τὴν	_	_
4.6	392	[1]	Ἑλένην	_	_
4.6	393	[3]	ὡς	_	_
4.6	394	[1]	ἀναιρήσων	_	_
4.6	395	[34]	,	b	_
4.6	396	[1]	ἰδὼν	_	_
4.6	397	[5]	δὲ	_	_
4.6	398	[27]	καὶ	_	_
4.6	399	[1]	καταπλαγεὶς	_	_
4.6	400	[4]	εἰς	_	_
4.6	401	[5]	τὸ	_	_
4.6	402	[1]	κάλλος	_	_
4.6	403	[1]	ἐξέβαλε	_	_
4.6	404	[5]	τὴν	_	_
4.6	405	[2]	μάχαιραν	_	_
4.6	406	[35]	,	b	_
4.6	407	[1]	οὐδὲ	_	_
4.6	408	[1]	ταύτης	_	_
4.6	409	[2]	ἔτι	_	_
4.6	410	[1]	δυνάμενος	_	_
4.6	411	[1]	κρατεῖν	_	_
4.6	412	[36]	,	b	_
4.6	413	[1]	καθὰ	_	_
4.6	414	[28]	καὶ	_	_
4.6	415	[4]	ἡ	_	_
4.6	416	[1]	ἐπίπληξις	_	_
4.6	417	[1]	αὐτῆς	_	_
4.6	418	[1]	εἴρηκεν	_	_
4.6	419	[1]	αὐτῷ	_	_
4.6	420	[6]	·	b	_
4.6	421	[1]	σὺ	_	_
4.6	422	[5]	δ	_	_
4.6	423	[10]	’	b	_
4.6	424	[4]	ὡς	_	_
4.6	425	[1]	ἐσεῖδες	_	_
4.6	426	[1]	μαστὸν	_	_
4.6	427	[1]	ἐκείνης	_	_
4.6	428	[37]	,	b	_
4.6	429	[1]	ἐκβαλὼν	_	_
4.6	430	[1]	ξίφος	_	_
4.6	431	[1]	φίλημ	_	_
4.6	432	[11]	’	b	_
4.6	433	[1]	ἐδέξω	_	_
4.6	434	[1]	προδότιν	_	_
4.6	435	[1]	αἰκάλλων	_	_
4.6	436	[1]	κύνα	_	_
4.6	437	[10]	.	b	_
4.6	438	[1]	ἅπαντα	_	_
4.6	439	[1]	εἴρηται	_	_
4.6	440	[4]	ὀρθῶς	_	_
4.6	441	[3]	τῷ	_	_
4.6	442	[1]	Χρυσίππῳ	_	_
4.6	443	[38]	,	b	_
4.6	444	[1]	μάχεται	_	_
4.6	445	[6]	δὲ	_	_
4.6	446	[4]	τῷ	_	_
4.6	447	[1]	κρίσεις	_	_
4.6	448	[3]	εἶναι	_	_
4.6	449	[3]	τὰ	_	_
4.6	450	[1]	πάθη	_	_
4.6	451	[11]	.	b	_
4.6	452	[1]	κρίνας	_	_
4.6	453	[1]	γοῦν	_	_
4.6	454	[8]	ὁ	_	_
4.6	455	[2]	Μενέλαος	_	_
4.6	456	[1]	ἀποκτεῖναι	_	_
4.6	457	[6]	τὴν	_	_
4.6	458	[2]	Ἑλένην	_	_
4.6	459	[29]	καὶ	_	_
4.6	460	[2]	σπασάμενος	_	_
4.6	461	[6]	τὸ	_	_
4.6	462	[2]	ξίφος	_	_
4.6	463	[39]	,	b	_
4.6	464	[1]	ἐπειδὴ	_	_
4.6	465	[1]	πλησίον	_	_
4.6	466	[1]	ἧκεν	_	_
4.6	467	[2]	αὐτῆς	_	_
4.6	468	[40]	,	b	_
4.6	469	[1]	ἐκπλαγεὶς	_	_
4.6	470	[5]	τοῦ	_	_
4.6	471	[1]	κάλλους	_	_
4.6	472	[3]	διὰ	_	_
4.6	473	[7]	τὴν	_	_
4.6	474	[3]	ἀτονίαν	_	_
4.6	475	[30]	καὶ	_	_
4.6	476	[3]	ἀσθένειαν	_	_
4.6	477	[8]	τῆς	_	_
4.6	478	[5]	ψυχῆς	_	_
4.6	479	[1]	(	a	_
4.6	480	[2]	τοῦτο	_	_
4.6	481	[1]	γάρ	_	_
4.6	482	[1]	ἐστιν	_	_
4.6	483	[41]	,	b	_
4.6	484	[2]	ὃ	_	_
4.6	485	[1]	κατασκευάζει	_	_
4.6	486	[1]	παρ	_	_
4.6	487	[12]	’	b	_
4.6	488	[1]	ὅλον	_	_
4.6	489	[1]	τὸν	_	_
4.6	490	[1]	λόγον	_	_
4.6	491	[9]	ὁ	_	_
4.6	492	[3]	Χρύσιππος	_	_
4.6	493	[1]	)	b	_
4.6	494	[1]	οὐ	_	_
4.6	495	[1]	μόνον	_	_
4.6	496	[1]	ἀπέῤῥιψε	_	_
4.6	497	[7]	τὸ	_	_
4.6	498	[3]	ξίφος	_	_
4.6	499	[42]	,	b	_
4.6	500	[3]	ἀλλὰ	_	_
4.6	501	[31]	καὶ	_	_
4.6	502	[1]	καταφιλεῖ	_	_
4.6	503	[8]	τὴν	_	_
4.6	504	[1]	γυναῖκα	_	_
4.6	505	[43]	,	b	_
4.6	506	[32]	καὶ	_	_
4.6	507	[44]	,	b	_
4.6	508	[4]	ὥσπερ	_	_
4.6	509	[1]	ἂν	_	_
4.6	510	[1]	εἴποι	_	_
4.6	511	[2]	τις	_	_
4.6	512	[45]	,	b	_
4.6	513	[1]	αὑτὸν	_	_
4.6	514	[1]	δοῦλον	_	_
4.6	515	[1]	ἐγχειρίζει	_	_
4.6	516	[46]	,	b	_
4.6	517	[2]	οὐ	_	_
4.6	518	[1]	μεταπεισθεὶς	_	_
4.6	519	[1]	ὑπὸ	_	_
4.6	520	[2]	λόγου	_	_
4.6	521	[2]	τινὸς	_	_
4.6	522	[47]	,	b	_
4.6	523	[5]	ὡς	_	_
4.6	524	[2]	ἑτέραν	_	_
4.6	525	[1]	κτήσασθαι	_	_
4.6	526	[2]	κρίσιν	_	_
4.6	527	[48]	,	b	_
4.6	528	[1]	ἀλλ	_	_
4.6	529	[13]	’	b	_
4.6	530	[1]	ἀκρίτως	_	_
4.6	531	[4]	τε	_	_
4.6	532	[33]	καὶ	_	_
4.6	533	[1]	ἀλόγως	_	_
4.6	534	[1]	ὁρμήσας	_	_
4.6	535	[4]	ἐπὶ	_	_
4.6	536	[2]	τἀναντία	_	_
4.6	537	[4]	τοῖς	_	_
4.6	538	[1]	ἐξ	_	_
4.6	539	[1]	ἀρχῆς	_	_
4.6	540	[1]	κεκριμένοις	_	_
4.6	541	[12]	.	b	_
4.6	542	[1]	ὅθεν	_	_
4.6	543	[34]	καὶ	_	_
4.6	544	[1]	αὐ	_	_
4.6	545	[1]	τὸς	_	_
4.6	546	[10]	ὁ	_	_
4.6	547	[4]	Χρύσιππος	_	_
4.6	548	[1]	ἐπιφέρων	_	_
4.6	549	[1]	ἐρεῖ	_	_
4.6	550	[7]	·	b	_
4.6	551	[1]	διὸ	_	_
4.6	552	[1]	πάντων	_	_
4.6	553	[10]	τῶν	_	_
4.6	554	[1]	φαύλων	_	_
4.6	555	[2]	οὕτω	_	_
4.6	556	[1]	πραττόντων	_	_
4.6	557	[1]	ἀποστατικῶς	_	_
4.6	558	[35]	καὶ	_	_
4.6	559	[1]	ἐνδοτικῶς	_	_
4.6	560	[5]	κατὰ	_	_
4.6	561	[2]	πολλὰς	_	_
4.6	562	[1]	αἰτίας	_	_
4.6	563	[1]	ἀσθενῶς	_	_
4.6	564	[36]	καὶ	_	_
4.6	565	[1]	κακῶς	_	_
4.6	566	[1]	ἔκαστα	_	_
4.6	567	[1]	πράττειν	_	_
4.6	568	[2]	ἂν	_	_
4.6	569	[1]	λέγοιτο	_	_
4.6	570	[13]	.	b	_
4.6	571	[8]	τὸ	_	_
4.6	572	[4]	μὲν	_	_
4.6	573	[1]	οὖν	_	_
4.6	574	[2]	ἀποστατικῶς	_	_
4.6	575	[5]	μὲν	_	_
4.6	576	[6]	τοῦ	_	_
4.6	577	[3]	λόγου	_	_
4.6	578	[49]	,	b	_
4.6	579	[5]	τοῖς	_	_
4.6	580	[1]	πάθεσι	_	_
4.6	581	[6]	δ	_	_
4.6	582	[14]	’	b	_
4.6	583	[2]	ἐνδοτικῶς	_	_
4.6	584	[1]	ἁπάντων	_	_
4.6	585	[11]	τῶν	_	_
4.6	586	[2]	φαύλων	_	_
4.6	587	[2]	πραττόντων	_	_
4.6	588	[50]	,	b	_
4.6	589	[1]	ἀσθένειάν	_	_
4.6	590	[3]	τινα	_	_
4.6	591	[37]	καὶ	_	_
4.6	592	[4]	ἀτονίαν	_	_
4.6	593	[1]	ἐμφαίνεσθαι	_	_
4.6	594	[6]	κατὰ	_	_
4.6	595	[9]	τὴν	_	_
4.6	596	[2]	ψυχὴν	_	_
4.6	597	[1]	αὐτῶν	_	_
4.6	598	[1]	ἀληθέστατα	_	_
4.6	599	[2]	λέγεται	_	_
4.6	600	[14]	.	b	_
4.6	601	[9]	τὸ	_	_
4.6	602	[7]	δὲ	_	_
4.6	603	[7]	κατὰ	_	_
4.6	604	[3]	πολλὰς	_	_
4.6	605	[2]	αἰτίας	_	_
4.6	606	[51]	,	b	_
4.6	607	[3]	ὃ	_	_
4.6	608	[1]	δὴ	_	_
4.6	609	[38]	καὶ	_	_
4.6	610	[3]	αὐτὸς	_	_
4.6	611	[1]	προσέθηκεν	_	_
4.6	612	[7]	ἐν	_	_
4.6	613	[2]	τῇ	_	_
4.6	614	[1]	ῥήσει	_	_
4.6	615	[52]	,	b	_
4.6	616	[1]	καλῶς	_	_
4.6	617	[6]	μὲν	_	_
4.6	618	[2]	εἴρηται	_	_
4.6	619	[2]	πρὸς	_	_
4.6	620	[2]	αὐτοῦ	_	_
4.6	621	[53]	,	b	_
4.6	622	[1]	κάλλιον	_	_
4.6	623	[7]	δ	_	_
4.6	624	[15]	’	b	_
4.6	625	[1]	ἦν	_	_
4.6	626	[54]	,	b	_
4.6	627	[1]	εἰ	_	_
4.6	628	[39]	καὶ	_	_
4.6	629	[1]	τὰς	_	_
4.6	630	[4]	πολλὰς	_	_
4.6	631	[1]	ταύτας	_	_
4.6	632	[3]	αἰτίας	_	_
4.6	633	[55]	,	b	_
4.6	634	[1]	αἵτινές	_	_
4.6	635	[1]	ποτ	_	_
4.6	636	[16]	’	b	_
4.6	637	[1]	εἰσὶν	_	_
4.6	638	[56]	,	b	_
4.6	639	[2]	ἐφεξῆς	_	_
4.6	640	[4]	αὐτὸς	_	_
4.6	641	[1]	διεληλύθει	_	_
4.6	642	[15]	.	b	_
4.6	643	[2]	εἰ	_	_
4.6	644	[2]	γάρ	_	_
4.6	645	[3]	τις	_	_
4.6	646	[1]	προσέχοι	_	_
4.6	647	[2]	τὸν	_	_
4.6	648	[1]	νοῦν	_	_
4.6	649	[57]	,	b	_
4.6	650	[1]	οὐδὲν	_	_
4.6	651	[2]	οὕτως	_	_
4.6	652	[1]	εὑρήσει	_	_
4.6	653	[1]	συνέχον	_	_
4.6	654	[10]	τὴν	_	_
4.6	655	[3]	περὶ	_	_
4.6	656	[12]	τῶν	_	_
4.6	657	[3]	παθῶν	_	_
4.6	658	[1]	πραγματείαν	_	_
4.6	659	[58]	,	b	_
4.6	660	[40]	καὶ	_	_
4.6	661	[1]	μάλιστα	_	_
4.6	662	[11]	τὴν	_	_
4.6	663	[1]	θεραπευτικὴν	_	_
4.6	664	[59]	,	b	_
4.6	665	[8]	ἐν	_	_
4.6	666	[1]	ᾗ	_	_
4.6	667	[1]	ταῦτ	_	_
4.6	668	[17]	’	b	_
4.6	669	[1]	ἔγραψεν	_	_
4.6	670	[60]	,	b	_
4.6	671	[6]	ὡς	_	_
4.6	672	[10]	τὸ	_	_
4.6	673	[1]	πάσας	_	_
4.6	674	[1]	γνῶναι	_	_
4.6	675	[2]	τὰς	_	_
4.6	676	[4]	αἰτίας	_	_
4.6	677	[61]	,	b	_
4.6	678	[1]	ὑφ	_	_
4.6	679	[18]	’	b	_
4.6	680	[2]	ὧν	_	_
4.6	681	[1]	ἀποχωροῦσι	_	_
4.6	682	[13]	τῶν	_	_
4.6	683	[2]	ἐξ	_	_
4.6	684	[2]	ἀρχῆς	_	_
4.6	685	[1]	κρίσεων	_	_
4.6	686	[2]	οἱ	_	_
4.6	687	[8]	κατὰ	_	_
4.6	688	[2]	πάθος	_	_
4.6	689	[2]	τι	_	_
4.6	690	[1]	πράττοντες	_	_
4.6	691	[16]	.	b	_
4.6	692	[11]	ὁ	_	_
4.6	693	[1]	δέ	_	_
4.6	694	[3]	γε	_	_
4.6	695	[1]	τοσούτου	_	_
4.6	696	[1]	δεῖ	_	_
4.6	697	[1]	συμπάσας	_	_
4.6	698	[1]	ἀκριβῶς	_	_
4.6	699	[1]	ἐκδιδάσκειν	_	_
4.6	700	[62]	,	b	_
4.6	701	[1]	ὥστ	_	_
4.6	702	[19]	’	b	_
4.6	703	[1]	οὐδ	_	_
4.6	704	[20]	’	b	_
4.6	705	[1]	αὐτὴν	_	_
4.6	706	[1]	ταύτην	_	_
4.6	707	[63]	,	b	_
4.6	708	[1]	ἧς	_	_
4.6	709	[1]	μέμνηται	_	_
4.6	710	[1]	νῦν	_	_
4.6	711	[64]	,	b	_
4.6	712	[1]	ἐδήλωσε	_	_
4.6	713	[1]	σαφῶς	_	_
4.6	714	[17]	.	b	_
4.6	715	[3]	οὐ	_	_
4.6	716	[6]	γὰρ	_	_
4.6	717	[2]	δὴ	_	_
4.6	718	[1]	ἀποχρήσει	_	_
4.6	719	[1]	γ	_	_
4.6	720	[21]	’	b	_
4.6	721	[3]	ἡμῖν	_	_
4.6	722	[1]	εἰπεῖν	_	_
4.6	723	[65]	,	b	_
4.6	724	[7]	ὡς	_	_
4.6	725	[5]	ἡ	_	_
4.6	726	[9]	τῆς	_	_
4.6	727	[6]	ψυχῆς	_	_
4.6	728	[2]	ἐστιν	_	_
4.6	729	[1]	ἀσθένεια	_	_
4.6	730	[8]	·	b	_
4.6	731	[1]	κοινὴ	_	_
4.6	732	[7]	γὰρ	_	_
4.6	733	[1]	αὕτη	_	_
4.6	734	[4]	γε	_	_
4.6	735	[9]	κατὰ	_	_
4.6	736	[1]	πάντα	_	_
4.6	737	[4]	τὰ	_	_
4.6	738	[2]	πάθη	_	_
4.6	739	[41]	καὶ	_	_
4.6	740	[1]	μία	_	_
4.6	741	[18]	.	b	_
4.6	742	[5]	Χρύσιππος	_	_
4.6	743	[8]	δὲ	_	_
4.6	744	[5]	πολλὰς	_	_
4.6	745	[1]	εἶναί	_	_
4.6	746	[2]	φησιν	_	_
4.6	747	[5]	αἰτίας	_	_
4.6	748	[3]	τὰς	_	_
4.6	749	[1]	ἐξελεγχούσας	_	_
4.6	750	[1]	δηλονότι	_	_
4.6	751	[12]	τὴν	_	_
4.6	752	[4]	ἀσθένειαν	_	_
4.6	753	[10]	τῆς	_	_
4.6	754	[7]	ψυχῆς	_	_
4.6	755	[66]	,	b	_
4.6	756	[5]	ὥσπερ	_	_
4.6	757	[5]	ἐπὶ	_	_
4.6	758	[7]	μὲν	_	_
4.6	759	[7]	τοῦ	_	_
4.6	760	[1]	Μενέλεω	_	_
4.6	761	[11]	τὸ	_	_
4.6	762	[2]	κάλλος	_	_
4.6	763	[11]	τῆς	_	_
4.6	764	[1]	Ἑλένης	_	_
4.6	765	[67]	,	b	_
4.6	766	[6]	ἐπὶ	_	_
4.6	767	[9]	δὲ	_	_
4.6	768	[12]	τῆς	_	_
4.6	769	[1]	Ἐριφύλης	_	_
4.6	770	[3]	τὸν	_	_
4.6	771	[1]	χρυσὸν	_	_
4.6	772	[68]	,	b	_
4.6	773	[1]	ἐπ	_	_
4.6	774	[22]	’	b	_
4.6	775	[1]	ἄλλου	_	_
4.6	776	[2]	δέ	_	_
4.6	777	[1]	τινος	_	_
4.6	778	[1]	ἄλλο	_	_
4.6	779	[19]	.	b	_
4.6	780	[1]	μυρία	_	_
4.6	781	[3]	γάρ	_	_
4.6	782	[2]	ἐστι	_	_
4.6	783	[5]	τὰ	_	_
4.6	784	[10]	κατὰ	_	_
4.6	785	[1]	μέρος	_	_
4.6	786	[69]	,	b	_
4.6	787	[2]	ὑφ	_	_
4.6	788	[23]	’	b	_
4.6	789	[3]	ὧν	_	_
4.6	790	[1]	ἐξίστανται	_	_
4.6	791	[13]	τῆς	_	_
4.6	792	[1]	ἀρχαίας	_	_
4.6	793	[1]	κρίσεως	_	_
4.6	794	[3]	οἱ	_	_
4.6	795	[11]	κατὰ	_	_
4.6	796	[3]	πάθος	_	_
4.6	797	[1]	ζῶντες	_	_
4.6	798	[20]	.	b	_
4.6	799	[2]	ἀλλ	_	_
4.6	800	[24]	’	b	_
4.6	801	[4]	οὐ	_	_
4.6	802	[1]	χρὴ	_	_
4.6	803	[14]	τῶν	_	_
4.6	804	[1]	μυρίων	_	_
4.6	805	[3]	τούτων	_	_
4.6	806	[1]	μνημονεύειν	_	_
4.6	807	[70]	,	b	_
4.6	808	[3]	ἀλλ	_	_
4.6	809	[25]	’	b	_
4.6	810	[5]	εἰς	_	_
4.6	811	[2]	ὀλίγα	_	_
4.6	812	[1]	κεφάλαια	_	_
4.6	813	[4]	τὸν	_	_
4.6	814	[2]	λόγον	_	_
4.6	815	[1]	ἄγειν	_	_
4.6	816	[71]	,	b	_
4.6	817	[8]	ὡς	_	_
4.6	818	[12]	ὁ	_	_
4.6	819	[1]	Πλάτων	_	_
4.6	820	[1]	ἐποίησε	_	_
4.6	821	[72]	,	b	_
4.6	822	[1]	βασιλικὸν	_	_
4.6	823	[1]	μέν	_	_
4.6	824	[3]	τι	_	_
4.6	825	[1]	λέγων	_	_
4.6	826	[4]	εἶναι	_	_
4.6	827	[42]	καὶ	_	_
4.6	828	[1]	δεσποτικὸν	_	_
4.6	829	[1]	ἐπιστήμην	_	_
4.6	830	[73]	,	b	_
4.6	831	[43]	καὶ	_	_
4.6	832	[1]	μήποτε	_	_
4.6	833	[3]	ἂν	_	_
4.6	834	[1]	ἁμαρτεῖν	_	_
4.6	835	[1]	μηδένα	_	_
4.6	836	[12]	κατὰ	_	_
4.6	837	[1]	μηδὲν	_	_
4.6	838	[74]	,	b	_
4.6	839	[1]	ἐπιστήμης	_	_
4.6	840	[1]	παρούσης	_	_
4.6	841	[75]	,	b	_
4.6	842	[1]	τοὺς	_	_
4.6	843	[1]	μέντοι	_	_
4.6	844	[1]	μεταπεισθέντας	_	_
4.6	845	[76]	,	b	_
4.6	846	[4]	ἢ	_	_
4.6	847	[1]	ἐπιλαθομένους	_	_
4.6	848	[2]	αὐτῶν	_	_
4.6	849	[77]	,	b	_
4.6	850	[5]	ἢ	_	_
4.6	851	[1]	βιασθέντας	_	_
4.6	852	[78]	,	b	_
4.6	853	[6]	ἢ	_	_
4.6	854	[1]	δελεασθέντας	_	_
4.6	855	[79]	,	b	_
4.6	856	[1]	ἐξαμαρτάνειν	_	_
4.6	857	[1]	ἄλλον	_	_
4.6	858	[9]	ἐν	_	_
4.6	859	[1]	ἄλλῃ	_	_
4.6	860	[1]	πράξει	_	_
4.6	861	[21]	.	b	_
4.6	862	[4]	ἀλλὰ	_	_
4.6	863	[12]	τὸ	_	_
4.6	864	[8]	μὲν	_	_
4.6	865	[1]	ἐπιλαθέσθαι	_	_
4.6	866	[44]	καὶ	_	_
4.6	867	[13]	τὸ	_	_
4.6	868	[1]	μεταπεισθῆναι	_	_
4.6	869	[4]	πάθος	_	_
4.6	870	[1]	οὐδέπω	_	_
4.6	871	[80]	,	b	_
4.6	872	[2]	καθάπερ	_	_
4.6	873	[2]	οὐδὲ	_	_
4.6	874	[14]	τὸ	_	_
4.6	875	[1]	μηδὲ	_	_
4.6	876	[1]	ὅλως	_	_
4.6	877	[2]	ἔχειν	_	_
4.6	878	[2]	ἐπιστήμην	_	_
4.6	879	[9]	·	b	_
4.6	880	[1]	ἀμαθία	_	_
4.6	881	[8]	γὰρ	_	_
4.6	882	[3]	τοῦτο	_	_
4.6	883	[45]	καὶ	_	_
4.6	884	[1]	ἄγνοιά	_	_
4.6	885	[3]	ἐστιν	_	_
4.6	886	[81]	,	b	_
4.6	887	[5]	οὐ	_	_
4.6	888	[5]	πάθος	_	_
4.6	889	[22]	.	b	_
4.6	890	[3]	εἰ	_	_
4.6	891	[3]	δέ	_	_
4.6	892	[4]	τις	_	_
4.6	893	[2]	ὑπὸ	_	_
4.6	894	[1]	θυμοῦ	_	_
4.6	895	[1]	βιασθεὶς	_	_
4.6	896	[7]	ἢ	_	_
4.6	897	[1]	δελεασθεὶς	_	_
4.6	898	[3]	ὑφ	_	_
4.6	899	[26]	’	b	_
4.6	900	[1]	ἡδονῆς	_	_
4.6	901	[1]	ἀπέστη	_	_
4.6	902	[15]	τῶν	_	_
4.6	903	[3]	ἐξ	_	_
4.6	904	[3]	ἀρχῆς	_	_
4.6	905	[1]	κεκριμένων	_	_
4.6	906	[82]	,	b	_
4.6	907	[1]	ἀσθενὴς	_	_
4.6	908	[9]	μὲν	_	_
4.6	909	[6]	ἡ	_	_
4.6	910	[1]	ψυχὴ	_	_
4.6	911	[1]	τούτῳ	_	_
4.6	912	[46]	καὶ	_	_
4.6	913	[1]	ἄτονος	_	_
4.6	914	[83]	,	b	_
4.6	915	[7]	ἡ	_	_
4.6	916	[1]	κίνησις	_	_
4.6	917	[8]	δ	_	_
4.6	918	[27]	’	b	_
4.6	919	[3]	αὐτῆς	_	_
4.6	920	[15]	τὸ	_	_
4.6	921	[6]	πάθος	_	_
4.6	922	[1]	ἐστὶν	_	_
4.6	923	[84]	,	b	_
4.6	924	[6]	ὥσπερ	_	_
4.6	925	[1]	που	_	_
4.6	926	[47]	καὶ	_	_
4.6	927	[8]	ἡ	_	_
4.6	928	[8]	τοῦ	_	_
4.6	929	[13]	κατὰ	_	_
4.6	930	[1]	τραγῳδίαν	_	_
4.6	931	[1]	ὑποκειμένου	_	_
4.6	932	[2]	Μενέλεω	_	_
4.6	933	[2]	ψυχὴ	_	_
4.6	934	[1]	δελεασθεῖσα	_	_
4.6	935	[3]	πρὸς	_	_
4.6	936	[14]	τῆς	_	_
4.6	937	[1]	ἐπιθυμίας	_	_
4.6	938	[1]	ἐξέστη	_	_
4.6	939	[16]	τῶν	_	_
4.6	940	[2]	κεκριμένων	_	_
4.6	941	[85]	,	b	_
4.6	942	[9]	ἡ	_	_
4.6	943	[4]	δέ	_	_
4.6	944	[5]	γε	_	_
4.6	945	[1]	Μήδεια	_	_
4.6	946	[1]	βιασθεῖσα	_	_
4.6	947	[4]	πρὸς	_	_
4.6	948	[9]	τοῦ	_	_
4.6	949	[2]	θυμοῦ	_	_
4.6	950	[86]	,	b	_
4.6	951	[4]	περὶ	_	_
4.6	952	[2]	ἧς	_	_
4.6	953	[48]	καὶ	_	_
4.6	954	[4]	αὐτῆς	_	_
4.6	955	[4]	οὐκ	_	_
4.6	956	[1]	οἶδ	_	_
4.6	957	[28]	’	b	_
4.6	958	[1]	ὅπως	_	_
4.6	959	[13]	ὁ	_	_
4.6	960	[6]	Χρύσιππος	_	_
4.6	961	[5]	οὐκ	_	_
4.6	962	[1]	αἰσθάνεται	_	_
4.6	963	[3]	καθ	_	_
4.6	964	[29]	’	b	_
4.6	965	[1]	ἑαυτοῦ	_	_
4.6	966	[17]	τῶν	_	_
4.6	967	[1]	Εὐριπίδου	_	_
4.6	968	[1]	μεμνημένος	_	_
4.6	969	[1]	ἐπῶν	_	_
4.6	970	[10]	·	b	_
4.6	971	[1]	Καὶ	_	_
4.6	972	[1]	μανθάνω	_	_
4.6	973	[10]	μὲν	_	_
4.6	974	[87]	,	b	_
4.6	975	[1]	οἷα	_	_
4.6	976	[1]	δρᾷν	_	_
4.6	977	[1]	μέλλω	_	_
4.6	978	[1]	κακὰ	_	_
4.6	979	[88]	,	b	_
4.6	980	[1]	Θυμὸς	_	_
4.6	981	[10]	δὲ	_	_
4.6	982	[1]	κρείσσων	_	_
4.6	983	[18]	τῶν	_	_
4.6	984	[1]	ἐμῶν	_	_
4.6	985	[1]	βουλευμάτων	_	_
4.6	986	[23]	.	b	_
4.6	987	[6]	οὐ	_	_
4.6	988	[9]	γὰρ	_	_
4.6	989	[1]	μανθάνειν	_	_
4.6	990	[1]	ἐχρῆν	_	_
4.6	991	[1]	εἰρηκέναι	_	_
4.6	992	[5]	τὸν	_	_
4.6	993	[1]	Εὐριπίδην	_	_
4.6	994	[89]	,	b	_
4.6	995	[4]	εἰ	_	_
4.6	996	[6]	τοῖς	_	_
4.6	997	[10]	τοῦ	_	_
4.6	998	[1]	Χρυσίππου	_	_
4.6	999	[1]	δόγμασιν	_	_
4.6	1000	[1]	ἔμελλε	_	_
4.6	1001	[1]	μαρτυρήσειν	_	_
4.6	1002	[90]	,	b	_
4.6	1003	[4]	ἀλλ	_	_
4.6	1004	[30]	’	b	_
4.6	1005	[2]	αὐτὸ	_	_
4.6	1006	[16]	τὸ	_	_
4.6	1007	[1]	ἐναντιώτατον	_	_
4.6	1008	[91]	,	b	_
4.6	1009	[1]	ἀγνοεῖν	_	_
4.6	1010	[5]	τε	_	_
4.6	1011	[49]	καὶ	_	_
4.6	1012	[2]	μὴ	_	_
4.6	1013	[2]	μανθάνειν	_	_
4.6	1014	[92]	,	b	_
4.6	1015	[2]	οἷα	_	_
4.6	1016	[2]	δρᾷν	_	_
4.6	1017	[1]	μέλλει	_	_
4.6	1018	[1]	κακά	_	_
4.6	1019	[24]	.	b	_
4.6	1020	[17]	τὸ	_	_
4.6	1021	[11]	δὲ	_	_
4.6	1022	[1]	γινώσκειν	_	_
4.6	1023	[11]	μὲν	_	_
4.6	1024	[3]	αὐτὸ	_	_
4.6	1025	[93]	,	b	_
4.6	1026	[1]	νικᾶσθαι	_	_
4.6	1027	[9]	δ	_	_
4.6	1028	[31]	’	b	_
4.6	1029	[3]	ὑπὸ	_	_
4.6	1030	[11]	τοῦ	_	_
4.6	1031	[3]	θυμοῦ	_	_
4.6	1032	[94]	,	b	_
4.6	1033	[1]	τί	_	_
4.6	1034	[2]	ἄλλο	_	_
4.6	1035	[2]	ἐστὶν	_	_
4.6	1036	[95]	,	b	_
4.6	1037	[8]	ἢ	_	_
4.6	1038	[1]	δύο	_	_
4.6	1039	[1]	ἀρχὰς	_	_
4.6	1040	[1]	εἰσάγοντος	_	_
4.6	1041	[1]	ἀνθρώπου	_	_
4.6	1042	[19]	τῶν	_	_
4.6	1043	[15]	τῆς	_	_
4.6	1044	[1]	Μηδείας	_	_
4.6	1045	[1]	ὁρμῶν	_	_
4.6	1046	[1]	;	b	_
4.6	1047	[3]	ἑτέραν	_	_
4.6	1048	[12]	μὲν	_	_
4.6	1049	[96]	,	b	_
4.6	1050	[2]	ᾗ	_	_
4.6	1051	[1]	γιγνώσκομέν	_	_
4.6	1052	[6]	τε	_	_
4.6	1053	[6]	τὰ	_	_
4.6	1054	[1]	πράγματα	_	_
4.6	1055	[50]	καὶ	_	_
4.6	1056	[3]	ἐπιστήμην	_	_
4.6	1057	[1]	ἔχομεν	_	_
4.6	1058	[3]	αὐτῶν	_	_
4.6	1059	[97]	,	b	_
4.6	1060	[1]	ἥτις	_	_
4.6	1061	[3]	ἐστὶν	_	_
4.6	1062	[10]	ἡ	_	_
4.6	1063	[1]	λογικὴ	_	_
4.6	1064	[1]	δύναμις	_	_
4.6	1065	[98]	,	b	_
4.6	1066	[4]	ἑτέραν	_	_
4.6	1067	[10]	δ	_	_
4.6	1068	[32]	’	b	_
4.6	1069	[1]	ἄλογον	_	_
4.6	1070	[99]	,	b	_
4.6	1071	[3]	ἧς	_	_
4.6	1072	[2]	ἔργον	_	_
4.6	1073	[18]	τὸ	_	_
4.6	1074	[1]	θυμοῦσθαι	_	_
4.6	1075	[25]	.	b	_
4.6	1076	[2]	αὕτη	_	_
4.6	1077	[13]	μὲν	_	_
4.6	1078	[2]	οὖν	_	_
4.6	1079	[2]	Μηδείας	_	_
4.6	1080	[1]	ἐβιάσατο	_	_
4.6	1081	[13]	τὴν	_	_
4.6	1082	[1]	ψυχήν	_	_
4.6	1083	[11]	·	b	_
4.6	1084	[11]	ἡ	_	_
4.6	1085	[12]	δὲ	_	_
4.6	1086	[1]	ἑτέρα	_	_
4.6	1087	[12]	ἡ	_	_
4.6	1088	[1]	ἐπιθυμητικὴ	_	_
4.6	1089	[14]	τὴν	_	_
4.6	1090	[12]	τοῦ	_	_
4.6	1091	[3]	Μενέλεω	_	_
4.6	1092	[1]	δελεάσασα	_	_
4.6	1093	[1]	κατηνάγκασεν	_	_
4.6	1094	[1]	ἀκολουθεῖν	_	_
4.6	1095	[2]	οἷς	_	_
4.6	1096	[1]	αὐτὴ	_	_
4.6	1097	[1]	προσέταττε	_	_
4.6	1098	[26]	.	b	_
4.6	1099	[7]	Χρύσιππος	_	_
4.6	1100	[11]	δ	_	_
4.6	1101	[33]	’	b	_
4.6	1102	[1]	οὔτε	_	_
4.6	1103	[16]	τῆς	_	_
4.6	1104	[10]	ἐν	_	_
4.6	1105	[1]	τούτοις	_	_
4.6	1106	[1]	ἐναντιώσεως	_	_
4.6	1107	[2]	αἰσθάνεται	_	_
4.6	1108	[100]	,	b	_
4.6	1109	[51]	καὶ	_	_
4.6	1110	[2]	μυρία	_	_
4.6	1111	[2]	ἕτερα	_	_
4.6	1112	[2]	γράφει	_	_
4.6	1113	[2]	τοιαῦτα	_	_
4.6	1114	[101]	,	b	_
4.6	1115	[3]	καθάπερ	_	_
4.6	1116	[1]	ἐπειδὰν	_	_
4.6	1117	[1]	λέγῃ	_	_
4.6	1118	[12]	·	b	_
4.6	1119	[3]	ἔστι	_	_
4.6	1120	[12]	δ	_	_
4.6	1121	[34]	’	b	_
4.6	1122	[102]	,	b	_
4.6	1123	[9]	ὡς	_	_
4.6	1124	[1]	οἶμαι	_	_
4.6	1125	[103]	,	b	_
4.6	1126	[1]	κοινότατον	_	_
4.6	1127	[13]	ἡ	_	_
4.6	1128	[1]	ἄλογος	_	_
4.6	1129	[2]	αὐτὴ	_	_
4.6	1130	[1]	φορὰ	_	_
4.6	1131	[52]	καὶ	_	_
4.6	1132	[1]	ἀπεστραμμένη	_	_
4.6	1133	[6]	τὸν	_	_
4.6	1134	[3]	λόγον	_	_
4.6	1135	[104]	,	b	_
4.6	1136	[4]	καθ	_	_
4.6	1137	[35]	’	b	_
4.6	1138	[4]	ὃ	_	_
4.6	1139	[53]	καὶ	_	_
4.6	1140	[1]	θυμῷ	_	_
4.6	1141	[1]	φαμέν	_	_
4.6	1142	[1]	τινας	_	_
4.6	1143	[1]	φέρεσθαι	_	_
4.6	1144	[27]	.	b	_
4.6	1145	[54]	καὶ	_	_
4.6	1146	[1]	πάλιν	_	_
4.6	1147	[13]	·	b	_
4.6	1148	[2]	διὸ	_	_
4.6	1149	[55]	καὶ	_	_
4.6	1150	[7]	ἐπὶ	_	_
4.6	1151	[1]	τῶνδε	_	_
4.6	1152	[20]	τῶν	_	_
4.6	1153	[1]	ἐμπαθῶν	_	_
4.6	1154	[10]	ὡς	_	_
4.6	1155	[5]	περὶ	_	_
4.6	1156	[1]	ἐξεστηκότων	_	_
4.6	1157	[2]	ἔχομεν	_	_
4.6	1158	[105]	,	b	_
4.6	1159	[56]	καὶ	_	_
4.6	1160	[11]	ὡς	_	_
4.6	1161	[5]	πρὸς	_	_
4.6	1162	[1]	παρηλλαχότας	_	_
4.6	1163	[1]	ποιούμεθα	_	_
4.6	1164	[7]	τὸν	_	_
4.6	1165	[4]	λόγον	_	_
4.6	1166	[106]	,	b	_
4.6	1167	[57]	καὶ	_	_
4.6	1168	[7]	οὐ	_	_
4.6	1169	[2]	παρ	_	_
4.6	1170	[36]	’	b	_
4.6	1171	[1]	ἑαυτοῖς	_	_
4.6	1172	[107]	,	b	_
4.6	1173	[2]	οὐδ	_	_
4.6	1174	[37]	’	b	_
4.6	1175	[11]	ἐν	_	_
4.6	1176	[2]	ἑαυτοῖς	_	_
4.6	1177	[1]	ὄντας	_	_
4.6	1178	[28]	.	b	_
4.6	1179	[58]	καὶ	_	_
4.6	1180	[3]	ἐφεξῆς	_	_
4.6	1181	[13]	δὲ	_	_
4.6	1182	[2]	πάλιν	_	_
4.6	1183	[2]	ἐξηγούμενος	_	_
4.6	1184	[1]	αὐτὰ	_	_
4.6	1185	[1]	ταῦτα	_	_
4.6	1186	[14]	·	b	_
4.6	1187	[14]	ἡ	_	_
4.6	1188	[14]	δὲ	_	_
4.6	1189	[1]	παραλλαγὴ	_	_
4.6	1190	[1]	γίγνεται	_	_
4.6	1191	[59]	καὶ	_	_
4.6	1192	[15]	ἡ	_	_
4.6	1193	[4]	ἐξ	_	_
4.6	1194	[1]	αὑτοῦ	_	_
4.6	1195	[1]	ἀναχώρησις	_	_
4.6	1196	[8]	οὐ	_	_
4.6	1197	[1]	κατ	_	_
4.6	1198	[38]	’	b	_
4.6	1199	[3]	ἄλλο	_	_
4.6	1200	[4]	τι	_	_
4.6	1201	[9]	ἢ	_	_
4.6	1202	[15]	τὴν	_	_
4.6	1203	[13]	τοῦ	_	_
4.6	1204	[4]	λόγου	_	_
4.6	1205	[1]	ἀποστροφὴν	_	_
4.6	1206	[108]	,	b	_
4.6	1207	[12]	ὡς	_	_
4.6	1208	[1]	προείπομεν	_	_
4.6	1209	[29]	.	b	_
4.6	1210	[5]	τῷ	_	_
4.6	1211	[7]	τε	_	_
4.6	1212	[10]	γὰρ	_	_
4.6	1213	[2]	θυμῷ	_	_
4.6	1214	[2]	φέρεσθαι	_	_
4.6	1215	[109]	,	b	_
4.6	1216	[60]	καὶ	_	_
4.6	1217	[1]	ἐξεστηκέναι	_	_
4.6	1218	[110]	,	b	_
4.6	1219	[61]	καὶ	_	_
4.6	1220	[9]	οὐ	_	_
4.6	1221	[3]	παρ	_	_
4.6	1222	[39]	’	b	_
4.6	1223	[3]	ἑαυτοῖς	_	_
4.6	1224	[111]	,	b	_
4.6	1225	[3]	οὐδ	_	_
4.6	1226	[40]	’	b	_
4.6	1227	[12]	ἐν	_	_
4.6	1228	[4]	ἑαυτοῖς	_	_
4.6	1229	[5]	εἶναι	_	_
4.6	1230	[112]	,	b	_
4.6	1231	[62]	καὶ	_	_
4.6	1232	[1]	πάνθ	_	_
4.6	1233	[41]	’	b	_
4.6	1234	[2]	ὅσα	_	_
4.6	1235	[3]	τοιαῦτα	_	_
4.6	1236	[1]	φανερῶς	_	_
4.6	1237	[1]	μαρτυρεῖ	_	_
4.6	1238	[6]	τῷ	_	_
4.6	1239	[2]	κρίσεις	_	_
4.6	1240	[6]	εἶναι	_	_
4.6	1241	[7]	τὰ	_	_
4.6	1242	[3]	πάθη	_	_
4.6	1243	[113]	,	b	_
4.6	1244	[1]	κᾀν	_	_
4.6	1245	[3]	τῇ	_	_
4.6	1246	[1]	|λογικῇ	_	_
4.6	1247	[1]	δυνάμει	_	_
4.6	1248	[17]	τῆς	_	_
4.6	1249	[8]	ψυχῆς	_	_
4.6	1250	[1]	συνίστασθαι	_	_
4.6	1251	[114]	,	b	_
4.6	1252	[4]	καθάπερ	_	_
4.6	1253	[63]	καὶ	_	_
4.6	1254	[8]	τὰ	_	_
4.6	1255	[3]	οὕτως	_	_
4.6	1256	[1]	ἔχοντα	_	_
4.6	1257	[30]	.	b	_
4.6	1258	[3]	διὸ	_	_
4.6	1259	[64]	καὶ	_	_
4.6	1260	[1]	τοιαύτας	_	_
4.6	1261	[2]	ἔστιν	_	_
4.6	1262	[1]	ἀκοῦσαι	_	_
4.6	1263	[1]	φωνὰς	_	_
4.6	1264	[1]	ἐπί	_	_
4.6	1265	[8]	τε	_	_
4.6	1266	[21]	τῶν	_	_
4.6	1267	[1]	ἐρώντων	_	_
4.6	1268	[65]	καὶ	_	_
4.6	1269	[22]	τῶν	_	_
4.6	1270	[1]	ἄλλως	_	_
4.6	1271	[1]	σφόδρα	_	_
4.6	1272	[1]	ἐπιθυμούντων	_	_
4.6	1273	[115]	,	b	_
4.6	1274	[66]	καὶ	_	_
4.6	1275	[8]	ἐπὶ	_	_
4.6	1276	[23]	τῶν	_	_
4.6	1277	[1]	ὀργιζομένων	_	_
4.6	1278	[116]	,	b	_
4.6	1279	[1]	ὅτι	_	_
4.6	1280	[9]	τε	_	_
4.6	1281	[7]	τῷ	_	_
4.6	1282	[3]	θυμῷ	_	_
4.6	1283	[1]	θέλουσι	_	_
4.6	1284	[1]	χαρίζεσθαι	_	_
4.6	1285	[117]	,	b	_
4.6	1286	[67]	καὶ	_	_
4.6	1287	[1]	ἐᾷν	_	_
4.6	1288	[2]	αὐτοὺς	_	_
4.6	1289	[118]	,	b	_
4.6	1290	[1]	εἴτ	_	_
4.6	1291	[42]	’	b	_
4.6	1292	[1]	ἄμεινον	_	_
4.6	1293	[119]	,	b	_
4.6	1294	[1]	εἴτε	_	_
4.6	1295	[3]	μὴ	_	_
4.6	1296	[120]	,	b	_
4.6	1297	[68]	καὶ	_	_
4.6	1298	[1]	μηθὲν	_	_
4.6	1299	[1]	λέγειν	_	_
4.6	1300	[2]	αὐτοῖς	_	_
4.6	1301	[121]	,	b	_
4.6	1302	[69]	καὶ	_	_
4.6	1303	[13]	ὡς	_	_
4.6	1304	[4]	τοῦτο	_	_
4.6	1305	[3]	ἐκ	_	_
4.6	1306	[1]	παντός	_	_
4.6	1307	[6]	γε	_	_
4.6	1308	[1]	τρόπου	_	_
4.6	1309	[1]	ποιητέον	_	_
4.6	1310	[122]	,	b	_
4.6	1311	[70]	καὶ	_	_
4.6	1312	[5]	εἰ	_	_
4.6	1313	[1]	διαμαρτάνουσι	_	_
4.6	1314	[123]	,	b	_
4.6	1315	[71]	καὶ	_	_
4.6	1316	[6]	εἰ	_	_
4.6	1317	[1]	ἀσύμφορόν	_	_
4.6	1318	[4]	ἐστιν	_	_
4.6	1319	[3]	αὐτοῖς	_	_
4.6	1320	[31]	.	b	_
4.6	1321	[72]	καὶ	_	_
4.6	1322	[11]	γὰρ	_	_
4.6	1323	[73]	καὶ	_	_
4.6	1324	[9]	τὰ	_	_
4.6	1325	[4]	οὕτως	_	_
4.6	1326	[4]	ὑπὸ	_	_
4.6	1327	[14]	τοῦ	_	_
4.6	1328	[2]	Χρυσίππου	_	_
4.6	1329	[1]	λεγόμενα	_	_
4.6	1330	[16]	τὴν	_	_
4.6	1331	[1]	θυμοειδῆ	_	_
4.6	1332	[1]	δύναμιν	_	_
4.6	1333	[5]	ἑτέραν	_	_
4.6	1334	[1]	τινὰ	_	_
4.6	1335	[18]	τῆς	_	_
4.6	1336	[1]	λογιζομένης	_	_
4.6	1337	[1]	ἐνδείκνυται	_	_
4.6	1338	[124]	,	b	_
4.6	1339	[74]	καὶ	_	_
4.6	1340	[17]	τὴν	_	_
4.6	1341	[1]	ὁρμὴν	_	_
4.6	1342	[15]	τοῦ	_	_
4.6	1343	[1]	ζώου	_	_
4.6	1344	[1]	ποτὲ	_	_
4.6	1345	[14]	μὲν	_	_
4.6	1346	[1]	ὑπ	_	_
4.6	1347	[43]	’	b	_
4.6	1348	[2]	ἐκείνης	_	_
4.6	1349	[1]	ἄρχεσθαι	_	_
4.6	1350	[1]	διδάσκει	_	_
4.6	1351	[125]	,	b	_
4.6	1352	[2]	ποτὲ	_	_
4.6	1353	[13]	δ	_	_
4.6	1354	[44]	’	b	_
4.6	1355	[5]	ὑπὸ	_	_
4.6	1356	[19]	τῆς	_	_
4.6	1357	[1]	ἐπιθυμητικῆς	_	_
4.6	1358	[126]	,	b	_
4.6	1359	[1]	ὅταν	_	_
4.6	1360	[2]	γ	_	_
4.6	1361	[45]	’	b	_
4.6	1362	[13]	ἐν	_	_
4.6	1363	[1]	πάθει	_	_
4.6	1364	[1]	καθεστήκῃ	_	_
4.6	1365	[127]	,	b	_
4.6	1366	[5]	καθάπερ	_	_
4.6	1367	[128]	,	b	_
4.6	1368	[2]	ὅταν	_	_
4.6	1369	[1]	ἔξω	_	_
4.6	1370	[1]	πάθους	_	_
4.6	1371	[129]	,	b	_
4.6	1372	[6]	ὑπὸ	_	_
4.6	1373	[20]	τῆς	_	_
4.6	1374	[3]	λογικῆς	_	_
4.6	1375	[32]	.	b	_
4.6	1376	[1]	ὅμοια	_	_
4.6	1377	[15]	δὲ	_	_
4.6	1378	[7]	τοῖς	_	_
4.6	1379	[1]	προγεγραμμένοις	_	_
4.6	1380	[75]	καὶ	_	_
4.6	1381	[10]	τὰ	_	_
4.6	1382	[5]	οὕτως	_	_
4.6	1383	[7]	ὑπὸ	_	_
4.6	1384	[16]	τοῦ	_	_
4.6	1385	[3]	Χρυσίππου	_	_
4.6	1386	[2]	λεγόμενα	_	_
4.6	1387	[130]	,	b	_
4.6	1388	[6]	καθάπερ	_	_
4.6	1389	[1]	ἔχει	_	_
4.6	1390	[76]	καὶ	_	_
4.6	1391	[2]	τάδε	_	_
4.6	1392	[15]	·	b	_
4.6	1393	[1]	οἵας	_	_
4.6	1394	[2]	μάλιστα	_	_
4.6	1395	[1]	φορὰς	_	_
4.6	1396	[77]	καὶ	_	_
4.6	1397	[4]	οἱ	_	_
4.6	1398	[1]	ἐρώμενοι	_	_
4.6	1399	[1]	ἀξιοῦσι	_	_
4.6	1400	[6]	πρὸς	_	_
4.6	1401	[1]	ἑαυτοὺς	_	_
4.6	1402	[3]	ἔχειν	_	_
4.6	1403	[2]	τοὺς	_	_
4.6	1404	[1]	ἐραστὰς	_	_
4.6	1405	[131]	,	b	_
4.6	1406	[1]	ἀπερισκεπτότερον	_	_
4.6	1407	[78]	καὶ	_	_
4.6	1408	[1]	ἄνευ	_	_
4.6	1409	[1]	ἐπιστροφῆς	_	_
4.6	1410	[4]	λογικῆς	_	_
4.6	1411	[1]	ἱσταμένους	_	_
4.6	1412	[132]	,	b	_
4.6	1413	[79]	καὶ	_	_
4.6	1414	[3]	ἔτι	_	_
4.6	1415	[17]	τοῦ	_	_
4.6	1416	[1]	παραινοῦντος	_	_
4.6	1417	[5]	λόγου	_	_
4.6	1418	[4]	αὐτοῖς	_	_
4.6	1419	[1]	ὑπερβατικοὺς	_	_
4.6	1420	[2]	ὄντας	_	_
4.6	1421	[133]	,	b	_
4.6	1422	[1]	μᾶλλον	_	_
4.6	1423	[14]	δ	_	_
4.6	1424	[46]	’	b	_
4.6	1425	[4]	οὐδ	_	_
4.6	1426	[47]	’	b	_
4.6	1427	[2]	ὅλως	_	_
4.6	1428	[1]	ὑπομονητικοὺς	_	_
4.6	1429	[1]	ἀκοῦσαί	_	_
4.6	1430	[2]	τινος	_	_
4.6	1431	[1]	τοιούτου	_	_
4.6	1432	[33]	.	b	_
4.6	1433	[80]	καὶ	_	_
4.6	1434	[12]	γὰρ	_	_
4.6	1435	[81]	καὶ	_	_
4.6	1436	[11]	τὰ	_	_
4.6	1437	[4]	τοιαῦτα	_	_
4.6	1438	[2]	πάντα	_	_
4.6	1439	[4]	τῇ	_	_
4.6	1440	[1]	παλαιᾷ	_	_
4.6	1441	[1]	δόξῃ	_	_
4.6	1442	[2]	μαρτυρεῖ	_	_
4.6	1443	[134]	,	b	_
4.6	1444	[7]	καθάπερ	_	_
4.6	1445	[82]	καὶ	_	_
4.6	1446	[12]	τὰ	_	_
4.6	1447	[4]	ἐφεξῆς	_	_
4.6	1448	[4]	αὐτῶν	_	_
4.6	1449	[3]	τάδε	_	_
4.6	1450	[34]	.	b	_
4.6	1451	[6]	οὕτως	_	_
4.6	1452	[10]	τε	_	_
4.6	1453	[1]	μακρὰν	_	_
4.6	1454	[1]	ἀπέχουσιν	_	_
4.6	1455	[1]	ἀπὸ	_	_
4.6	1456	[18]	τοῦ	_	_
4.6	1457	[6]	λόγου	_	_
4.6	1458	[135]	,	b	_
4.6	1459	[14]	ὡς	_	_
4.6	1460	[4]	ἂν	_	_
4.6	1461	[2]	ἀκοῦσαι	_	_
4.6	1462	[10]	ἢ	_	_
4.6	1463	[1]	προσέχειν	_	_
4.6	1464	[1]	τινὶ	_	_
4.6	1465	[1]	τοιούτῳ	_	_
4.6	1466	[136]	,	b	_
4.6	1467	[1]	ὥστε	_	_
4.6	1468	[2]	μηδὲ	_	_
4.6	1469	[13]	τὰ	_	_
4.6	1470	[5]	τοιαῦτα	_	_
4.6	1471	[1]	ἄπο	_	_
4.6	1472	[2]	τρόπου	_	_
4.6	1473	[4]	ἔχειν	_	_
4.6	1474	[3]	γ	_	_
4.6	1475	[48]	’	b	_
4.6	1476	[5]	αὐτοῖς	_	_
4.6	1477	[1]	λέγεσθαι	_	_
4.6	1478	[16]	·	b	_
4.6	1479	[1]	Κύπρις	_	_
4.6	1480	[13]	γὰρ	_	_
4.6	1481	[2]	οὐδὲν	_	_
4.6	1482	[1]	νουθετουμένη	_	_
4.6	1483	[1]	χαλᾷ	_	_
4.6	1484	[35]	.	b	_
4.6	1485	[1]	Ἂν	_	_
4.6	1486	[14]	γὰρ	_	_
4.6	1487	[1]	βιάζῃ	_	_
4.6	1488	[137]	,	b	_
4.6	1489	[2]	μᾶλλον	_	_
4.6	1490	[1]	ἐντείνειν	_	_
4.6	1491	[1]	φιλεῖ	_	_
4.6	1492	[36]	.	b	_
4.6	1493	[1]	Νουθετούμενος	_	_
4.6	1494	[15]	δ	_	_
4.6	1495	[49]	’	b	_
4.6	1496	[1]	ἔρως	_	_
4.6	1497	[3]	μᾶλλον	_	_
4.6	1498	[1]	πιέζει	_	_
4.6	1499	[37]	.	b	_
4.6	1500	[83]	καὶ	_	_
4.6	1501	[15]	γὰρ	_	_
4.6	1502	[84]	καὶ	_	_
4.6	1503	[2]	ταῦτα	_	_
4.6	1504	[85]	καὶ	_	_
4.6	1505	[14]	τὰ	_	_
4.6	1506	[5]	ἐφεξῆς	_	_
4.6	1507	[3]	λεγόμενα	_	_
4.6	1508	[8]	τῷ	_	_
4.6	1509	[1]	παλαιῷ	_	_
4.6	1510	[3]	μαρτυρεῖ	_	_
4.6	1511	[1]	δόγματι	_	_
4.6	1512	[6]	περὶ	_	_
4.6	1513	[21]	τῆς	_	_
4.6	1514	[24]	τῶν	_	_
4.6	1515	[4]	παθῶν	_	_
4.6	1516	[1]	γενέσεως	_	_
4.6	1517	[17]	·	b	_
4.6	1518	[2]	ἔχει	_	_
4.6	1519	[16]	δ	_	_
4.6	1520	[50]	’	b	_
4.6	1521	[7]	οὕτως	_	_
4.6	1522	[38]	.	b	_
4.6	1523	[2]	ὅτι	_	_
4.6	1524	[17]	δ	_	_
4.6	1525	[51]	’	b	_
4.6	1526	[7]	ὥσπερ	_	_
4.6	1527	[1]	ἄκαιρον	_	_
4.6	1528	[1]	ἐπιτιμητὴν	_	_
4.6	1529	[86]	καὶ	_	_
4.6	1530	[6]	οὐκ	_	_
4.6	1531	[1]	ἐπιγνώμονα	_	_
4.6	1532	[8]	τοῖς	_	_
4.6	1533	[1]	γινομένοις	_	_
4.6	1534	[14]	ἐν	_	_
4.6	1535	[9]	τῷ	_	_
4.6	1536	[1]	ἐρᾷν	_	_
4.6	1537	[1]	ἀποκλίνουσι	_	_
4.6	1538	[8]	τὸν	_	_
4.6	1539	[5]	λόγον	_	_
4.6	1540	[138]	,	b	_
4.6	1541	[8]	καθάπερ	_	_
4.6	1542	[1]	ἄνθρωπον	_	_
4.6	1543	[1]	ἀκαίρως	_	_
4.6	1544	[1]	δοκοῦντα	_	_
4.6	1545	[1]	νουθετεῖν	_	_
4.6	1546	[139]	,	b	_
4.6	1547	[1]	ἡνίκα	_	_
4.6	1548	[3]	δὴ	_	_
4.6	1549	[87]	καὶ	_	_
4.6	1550	[5]	οἱ	_	_
4.6	1551	[1]	θεοὶ	_	_
4.6	1552	[1]	δοκοῦσιν	_	_
4.6	1553	[6]	αὐτοῖς	_	_
4.6	1554	[1]	ἐφιέναι	_	_
4.6	1555	[1]	ἐπιορκεῖν	_	_
4.6	1556	[39]	.	b	_
4.6	1557	[88]	καὶ	_	_
4.6	1558	[4]	ἔτι	_	_
4.6	1559	[15]	τὰ	_	_
4.6	1560	[4]	τούτων	_	_
4.6	1561	[2]	ἑξῆς	_	_
4.6	1562	[40]	.	b	_
4.6	1563	[5]	ἔτι	_	_
4.6	1564	[4]	μᾶλλον	_	_
4.6	1565	[1]	ἐξείη	_	_
4.6	1566	[140]	,	b	_
4.6	1567	[1]	φησὶν	_	_
4.6	1568	[141]	,	b	_
4.6	1569	[7]	αὐτοῖς	_	_
4.6	1570	[19]	τὸ	_	_
4.6	1571	[1]	ἐπιὸν	_	_
4.6	1572	[1]	ποιεῖν	_	_
4.6	1573	[1]	ἀκολουθοῦσι	_	_
4.6	1574	[5]	τῇ	_	_
4.6	1575	[1]	ἐπιθυμίᾳ	_	_
4.6	1576	[41]	.	b	_
4.6	1577	[1]	ἐνταῦθα	_	_
4.6	1578	[2]	μέν	_	_
4.6	1579	[7]	γε	_	_
4.6	1580	[1]	ναὶ	_	_
4.6	1581	[1]	μὰ	_	_
4.6	1582	[9]	τὸν	_	_
4.6	1583	[1]	Δία	_	_
4.6	1584	[2]	σαφῶς	_	_
4.6	1585	[1]	εἶπεν	_	_
4.6	1586	[2]	ἀκολουθοῦσι	_	_
4.6	1587	[6]	τῇ	_	_
4.6	1588	[2]	ἐπιθυμίᾳ	_	_
4.6	1589	[142]	,	b	_
4.6	1590	[9]	καθάπερ	_	_
4.6	1591	[1]	ἔμπροσθεν	_	_
4.6	1592	[1]	ἔφην	_	_
4.6	1593	[10]	τῷ	_	_
4.6	1594	[4]	θυμῷ	_	_
4.6	1595	[42]	.	b	_
4.6	1596	[1]	λόγῳ	_	_
4.6	1597	[18]	δ	_	_
4.6	1598	[52]	’	b	_
4.6	1599	[1]	οὔτ	_	_
4.6	1600	[53]	’	b	_
4.6	1601	[15]	ἐν	_	_
4.6	1602	[2]	τούτοις	_	_
4.6	1603	[2]	οὔτ	_	_
4.6	1604	[54]	’	b	_
4.6	1605	[16]	ἐν	_	_
4.6	1606	[1]	ἄλλῳ	_	_
4.6	1607	[2]	τινὶ	_	_
4.6	1608	[25]	τῶν	_	_
4.6	1609	[3]	ἑξῆς	_	_
4.6	1610	[2]	ἀκολουθεῖν	_	_
4.6	1611	[1]	φήσει	_	_
4.6	1612	[3]	τοὺς	_	_
4.6	1613	[17]	ἐν	_	_
4.6	1614	[2]	πάθει	_	_
4.6	1615	[1]	καθεστηκότας	_	_
4.6	1616	[143]	,	b	_
4.6	1617	[5]	ἀλλ	_	_
4.6	1618	[55]	’	b	_
4.6	1619	[1]	ἀπεστράφθαι	_	_
4.6	1620	[4]	διὰ	_	_
4.6	1621	[2]	παντὸς	_	_
4.6	1622	[1]	αὐτὸν	_	_
4.6	1623	[144]	,	b	_
4.6	1624	[89]	καὶ	_	_
4.6	1625	[1]	φεύγειν	_	_
4.6	1626	[145]	,	b	_
4.6	1627	[90]	καὶ	_	_
4.6	1628	[4]	μὴ	_	_
4.6	1629	[1]	προσίεσθαι	_	_
4.6	1630	[146]	,	b	_
4.6	1631	[91]	καὶ	_	_
4.6	1632	[2]	πάνθ	_	_
4.6	1633	[56]	’	b	_
4.6	1634	[3]	ὅσα	_	_
4.6	1635	[6]	τοιαῦτα	_	_
4.6	1636	[43]	.	b	_
4.6	1637	[92]	καὶ	_	_
4.6	1638	[15]	μὲν	_	_
4.6	1639	[4]	δὴ	_	_
4.6	1640	[93]	καὶ	_	_
4.6	1641	[3]	ὅταν	_	_
4.6	1642	[1]	μνημονεύῃ	_	_
4.6	1643	[19]	τοῦ	_	_
4.6	1644	[1]	Μενανδρείου	_	_
4.6	1645	[1]	ἔπους	_	_
4.6	1646	[147]	,	b	_
4.6	1647	[18]	ἐν	_	_
4.6	1648	[1]	ᾧ	_	_
4.6	1649	[1]	φησι	_	_
4.6	1650	[148]	,	b	_
4.6	1651	[10]	τὸν	_	_
4.6	1652	[2]	νοῦν	_	_
4.6	1653	[1]	ὑποχείριον	_	_
4.6	1654	[1]	ἔχων	_	_
4.6	1655	[6]	εἰς	_	_
4.6	1656	[11]	τὸν	_	_
4.6	1657	[1]	πίθον	_	_
4.6	1658	[1]	δέδωκα	_	_
4.6	1659	[149]	,	b	_
4.6	1660	[2]	φανερῶς	_	_
4.6	1661	[1]	κᾀνταῦθα	_	_
4.6	1662	[1]	μαρτυροῦσαν	_	_
4.6	1663	[1]	ἀπόφασιν	_	_
4.6	1664	[7]	τῇ	_	_
4.6	1665	[2]	παλαιᾷ	_	_
4.6	1666	[2]	δόξῃ	_	_
4.6	1667	[1]	παρατίθεται	_	_
4.6	1668	[150]	,	b	_
4.6	1669	[10]	καθάπερ	_	_
4.6	1670	[1]	κᾀπειδὰν	_	_
4.6	1671	[3]	ἐξηγούμενος	_	_
4.6	1672	[20]	τὸ	_	_
4.6	1673	[5]	μὴ	_	_
4.6	1674	[4]	παρ	_	_
4.6	1675	[57]	’	b	_
4.6	1676	[5]	ἑαυτοῖς	_	_
4.6	1677	[7]	εἶναι	_	_
4.6	1678	[1]	μηδ	_	_
4.6	1679	[58]	’	b	_
4.6	1680	[19]	ἐν	_	_
4.6	1681	[6]	ἑαυτοῖς	_	_
4.6	1682	[2]	λέγῃ	_	_
4.6	1683	[1]	ταυτί	_	_
4.6	1684	[18]	·	b	_
4.6	1685	[1]	οἰκείως	_	_
4.6	1686	[16]	δὲ	_	_
4.6	1687	[94]	καὶ	_	_
4.6	1688	[1]	ἐκφέρεσθαι	_	_
4.6	1689	[2]	λέγονται	_	_
4.6	1690	[6]	οἱ	_	_
4.6	1691	[8]	οὕτως	_	_
4.6	1692	[1]	ὀργιζόμενοι	_	_
4.6	1693	[9]	τοῖς	_	_
4.6	1694	[9]	ἐπὶ	_	_
4.6	1695	[26]	τῶν	_	_
4.6	1696	[1]	δρομέων	_	_
4.6	1697	[1]	προεκφερομένοις	_	_
4.6	1698	[1]	παραπλησίως	_	_
4.6	1699	[14]	κατὰ	_	_
4.6	1700	[21]	τὸ	_	_
4.6	1701	[1]	πλεονάζον	_	_
4.6	1702	[151]	,	b	_
4.6	1703	[27]	τῶν	_	_
4.6	1704	[16]	μὲν	_	_
4.6	1705	[2]	παρὰ	_	_
4.6	1706	[18]	τὴν	_	_
4.6	1707	[20]	ἐν	_	_
4.6	1708	[11]	τῷ	_	_
4.6	1709	[1]	τρέχειν	_	_
4.6	1710	[2]	ὁρμὴν	_	_
4.6	1711	[152]	,	b	_
4.6	1712	[28]	τῶν	_	_
4.6	1713	[17]	δὲ	_	_
4.6	1714	[3]	παρὰ	_	_
4.6	1715	[12]	τὸν	_	_
4.6	1716	[1]	ἴδιον	_	_
4.6	1717	[6]	λόγον	_	_
4.6	1718	[44]	.	b	_
4.6	1719	[10]	οὐ	_	_
4.6	1720	[16]	γὰρ	_	_
4.6	1721	[5]	ἂν	_	_
4.6	1722	[9]	οὕτως	_	_
4.6	1723	[1]	οἵ	_	_
4.6	1724	[8]	γε	_	_
4.6	1725	[1]	κρατοῦντες	_	_
4.6	1726	[22]	τῆς	_	_
4.6	1727	[1]	κινήσεως	_	_
4.6	1728	[5]	καθ	_	_
4.6	1729	[59]	’	b	_
4.6	1730	[2]	ἑαυτοὺς	_	_
4.6	1731	[6]	ἂν	_	_
4.6	1732	[1]	κινεῖσθαι	_	_
4.6	1733	[1]	λέγοιντο	_	_
4.6	1734	[153]	,	b	_
4.6	1735	[5]	ἀλλὰ	_	_
4.6	1736	[2]	κατ	_	_
4.6	1737	[60]	’	b	_
4.6	1738	[1]	ἄλλην	_	_
4.6	1739	[2]	τινὰ	_	_
4.6	1740	[1]	βίαν	_	_
4.6	1741	[1]	ἔξωθεν	_	_
4.6	1742	[5]	αὐτῶν	_	_
4.6	1743	[45]	.	b	_
4.6	1744	[2]	ὁμολογεῖ	_	_
4.6	1745	[2]	κᾀνταῦθα	_	_
4.6	1746	[2]	βίαν	_	_
4.6	1747	[3]	τινὰ	_	_
4.6	1748	[19]	τὴν	_	_
4.6	1749	[1]	κινοῦσαν	_	_
4.6	1750	[8]	εἶναι	_	_
4.6	1751	[1]	πᾶσι	_	_
4.6	1752	[10]	τοῖς	_	_
4.6	1753	[1]	πάθεσιν	_	_
4.6	1754	[1]	ὁρμὰς	_	_
4.6	1755	[1]	ὀρθότατα	_	_
4.6	1756	[1]	γινώσκων	_	_
4.6	1757	[154]	,	b	_
4.6	1758	[1]	πλὴν	_	_
4.6	1759	[3]	ὅτι	_	_
4.6	1760	[20]	τὴν	_	_
4.6	1761	[3]	βίαν	_	_
4.6	1762	[2]	ἔξωθεν	_	_
4.6	1763	[6]	αὐτῶν	_	_
4.6	1764	[1]	ἔφησεν	_	_
4.6	1765	[9]	εἶναι	_	_
4.6	1766	[155]	,	b	_
4.6	1767	[1]	δέον	_	_
4.6	1768	[7]	οὐκ	_	_
4.6	1769	[3]	ἔξωθεν	_	_
4.6	1770	[156]	,	b	_
4.6	1771	[6]	ἀλλ	_	_
4.6	1772	[61]	’	b	_
4.6	1773	[21]	ἐν	_	_
4.6	1774	[11]	τοῖς	_	_
4.6	1775	[1]	ἀνθρώποις	_	_
4.6	1776	[1]	ὑπάρχειν	_	_
4.6	1777	[2]	εἰπεῖν	_	_
4.6	1778	[46]	.	b	_
4.6	1779	[11]	οὐ	_	_
4.6	1780	[17]	γὰρ	_	_
4.6	1781	[1]	δι	_	_
4.6	1782	[62]	’	b	_
4.6	1783	[4]	αὐτὸ	_	_
4.6	1784	[2]	λέγομεν	_	_
4.6	1785	[3]	αὐτοὺς	_	_
4.6	1786	[7]	ἑαυτοῖς	_	_
4.6	1787	[2]	ἔξω	_	_
4.6	1788	[1]	καθεστηκέναι	_	_
4.6	1789	[157]	,	b	_
4.6	1790	[95]	καὶ	_	_
4.6	1791	[6]	μὴ	_	_
4.6	1792	[22]	ἐν	_	_
4.6	1793	[8]	ἑαυτοῖς	_	_
4.6	1794	[10]	εἶναι	_	_
4.6	1795	[158]	,	b	_
4.6	1796	[1]	διότι	_	_
4.6	1797	[22]	τὸ	_	_
4.6	1798	[1]	βιαζόμενον	_	_
4.6	1799	[4]	αὐτοὺς	_	_
4.6	1800	[1]	ὁρμᾷν	_	_
4.6	1801	[15]	κατὰ	_	_
4.6	1802	[23]	τὸ	_	_
4.6	1803	[7]	πάθος	_	_
4.6	1804	[1]	ἔξωθέν	_	_
4.6	1805	[5]	ἐστιν	_	_
4.6	1806	[159]	,	b	_
4.6	1807	[7]	ἀλλ	_	_
4.6	1808	[63]	’	b	_
4.6	1809	[4]	ὅτι	_	_
4.6	1810	[4]	παρὰ	_	_
4.6	1811	[1]	φύσιν	_	_
4.6	1812	[1]	ἔχουσιν	_	_
4.6	1813	[160]	,	b	_
4.6	1814	[1]	εἴγε	_	_
4.6	1815	[24]	τὸ	_	_
4.6	1816	[1]	λογικὸν	_	_
4.6	1817	[23]	τῆς	_	_
4.6	1818	[9]	ψυχῆς	_	_
4.6	1819	[161]	,	b	_
4.6	1820	[2]	ᾧ	_	_
4.6	1821	[2]	κρατεῖν	_	_
4.6	1822	[96]	καὶ	_	_
4.6	1823	[1]	ἄρχειν	_	_
4.6	1824	[29]	τῶν	_	_
4.6	1825	[1]	ἄλλων	_	_
4.6	1826	[2]	ἦν	_	_
4.6	1827	[16]	κατὰ	_	_
4.6	1828	[2]	φύσιν	_	_
4.6	1829	[162]	,	b	_
4.6	1830	[12]	οὐ	_	_
4.6	1831	[1]	κρατεῖ	_	_
4.6	1832	[2]	νῦν	_	_
4.6	1833	[163]	,	b	_
4.6	1834	[6]	ἀλλὰ	_	_
4.6	1835	[1]	κρατεῖται	_	_
4.6	1836	[97]	καὶ	_	_
4.6	1837	[1]	ἄρχεται	_	_
4.6	1838	[7]	πρὸς	_	_
4.6	1839	[30]	τῶν	_	_
4.6	1840	[1]	ἀλόγων	_	_
4.6	1841	[24]	τῆς	_	_
4.6	1842	[10]	ψυχῆς	_	_
4.6	1843	[1]	δυνάμεων	_	_
4.6	1844	[19]	·	b	_
4.6	1845	[1]	ὅπερ	_	_
4.6	1846	[164]	,	b	_
4.6	1847	[2]	οἶμαι	_	_
4.6	1848	[165]	,	b	_
4.6	1849	[98]	καὶ	_	_
4.6	1850	[5]	διὰ	_	_
4.6	1851	[31]	τῶν	_	_
4.6	1852	[4]	τοιούτων	_	_
4.6	1853	[1]	παραδειγμάτων	_	_
4.6	1854	[14]	ὁ	_	_
4.6	1855	[8]	Χρύσιππος	_	_
4.6	1856	[1]	κατασκευάζων	_	_
4.6	1857	[8]	οὐκ	_	_
4.6	1858	[3]	αἰσθάνεται	_	_
4.6	1859	[47]	.	b	_
4.6	1860	[2]	παρατίθεται	_	_
4.6	1861	[2]	γοῦν	_	_
4.6	1862	[13]	τὸν	_	_
4.6	1863	[2]	Εὐριπίδου	_	_
4.6	1864	[1]	γεγραμμένον	_	_
4.6	1865	[1]	Ἡρακλεῖ	_	_
4.6	1866	[8]	πρὸς	_	_
4.6	1867	[1]	Ἄδμητον	_	_
4.6	1868	[1]	διάλογον	_	_
4.6	1869	[48]	.	b	_
4.6	1870	[3]	ἔχει	_	_
4.6	1871	[19]	δ	_	_
4.6	1872	[64]	’	b	_
4.6	1873	[1]	ᾧδε	_	_
4.6	1874	[20]	·	b	_
4.6	1875	[1]	Τί	_	_
4.6	1876	[20]	δ	_	_
4.6	1877	[65]	’	b	_
4.6	1878	[7]	ἂν	_	_
4.6	1879	[1]	προκόπτοις	_	_
4.6	1880	[166]	,	b	_
4.6	1881	[7]	εἰ	_	_
4.6	1882	[1]	θέλοις	_	_
4.6	1883	[1]	στένειν	_	_
4.6	1884	[1]	ἀεί	_	_
4.6	1885	[2]	;	b	_
4.6	1886	[1]	ταυτὶ	_	_
4.6	1887	[17]	μὲν	_	_
4.6	1888	[1]	Ἡρακλῆς	_	_
4.6	1889	[1]	λέγει	_	_
4.6	1890	[167]	,	b	_
4.6	1891	[15]	ὁ	_	_
4.6	1892	[21]	δ	_	_
4.6	1893	[66]	’	b	_
4.6	1894	[1]	Ἄδμητος	_	_
4.6	1895	[1]	ἀποκρίνεται	_	_
4.6	1896	[21]	·	b	_
4.6	1897	[1]	Ἔγνωκα	_	_
4.6	1898	[1]	κ	_	_
4.6	1899	[67]	’	b	_
4.6	1900	[5]	αὐτὸς	_	_
4.6	1901	[168]	,	b	_
4.6	1902	[8]	ἀλλ	_	_
4.6	1903	[68]	’	b	_
4.6	1904	[2]	ἔρως	_	_
4.6	1905	[5]	τις	_	_
4.6	1906	[1]	ἐξάγει	_	_
4.6	1907	[49]	.	b	_
4.6	1908	[1]	δῆλον	_	_
4.6	1909	[18]	γὰρ	_	_
4.6	1910	[5]	ὅτι	_	_
4.6	1911	[25]	τῆς	_	_
4.6	1912	[2]	ἐπιθυμητικῆς	_	_
4.6	1913	[3]	δυνάμεως	_	_
4.6	1914	[169]	,	b	_
4.6	1915	[13]	οὐ	_	_
4.6	1916	[26]	τῆς	_	_
4.6	1917	[5]	λογικῆς	_	_
4.6	1918	[16]	ὁ	_	_
4.6	1919	[3]	ἔρως	_	_
4.6	1920	[8]	πάθος	_	_
4.6	1921	[1]	ὑπάρχων	_	_
4.6	1922	[2]	ἐξάγει	_	_
4.6	1923	[21]	τὴν	_	_
4.6	1924	[1]	ὅλην	_	_
4.6	1925	[3]	ψυχὴν	_	_
4.6	1926	[170]	,	b	_
4.6	1927	[99]	καὶ	_	_
4.6	1928	[1]	ἄγει	_	_
4.6	1929	[14]	τὸν	_	_
4.6	1930	[2]	ἄνθρωπον	_	_
4.6	1931	[7]	εἰς	_	_
4.6	1932	[1]	ἐναντίας	_	_
4.6	1933	[2]	πράξεις	_	_
4.6	1934	[4]	ὧν	_	_
4.6	1935	[5]	ἐξ	_	_
4.6	1936	[4]	ἀρχῆς	_	_
4.6	1937	[1]	ἐκεκρίκει	_	_
4.6	1938	[50]	.	b	_
4.6	1939	[3]	παρατίθεται	_	_
4.6	1940	[18]	δὲ	_	_
4.6	1941	[100]	καὶ	_	_
4.6	1942	[16]	τὰ	_	_
4.6	1943	[20]	τοῦ	_	_
4.6	1944	[1]	Ἀχιλλέως	_	_
4.6	1945	[9]	πρὸς	_	_
4.6	1946	[15]	τὸν	_	_
4.6	1947	[1]	Πρίαμον	_	_
4.6	1948	[1]	εἰρημένα	_	_
4.6	1949	[22]	·	b	_
4.6	1950	[1]	Ἄνσχεο	_	_
4.6	1951	[2]	μηδ	_	_
4.6	1952	[69]	’	b	_
4.6	1953	[1]	ἀλίαστον	_	_
4.6	1954	[1]	ὀδύρεο	_	_
4.6	1955	[1]	σὸν	_	_
4.6	1956	[17]	κατὰ	_	_
4.6	1957	[1]	θυμόν	_	_
4.6	1958	[23]	·	b	_
4.6	1959	[1]	Οὐ	_	_
4.6	1960	[4]	γάρ	_	_
4.6	1961	[5]	τι	_	_
4.6	1962	[1]	πρήξεις	_	_
4.6	1963	[1]	ἀκαχήμενος	_	_
4.6	1964	[1]	υἷος	_	_
4.6	1965	[1]	ἑῆος	_	_
4.6	1966	[171]	,	b	_
4.6	1967	[1]	Οὐδέ	_	_
4.6	1968	[1]	μιν	_	_
4.6	1969	[1]	ἀνστήσεις	_	_
4.6	1970	[172]	,	b	_
4.6	1971	[1]	πρὶν	_	_
4.6	1972	[101]	καὶ	_	_
4.6	1973	[1]	κακὸν	_	_
4.6	1974	[4]	ἄλλο	_	_
4.6	1975	[1]	πάθῃσθα	_	_
4.6	1976	[51]	.	b	_
4.6	1977	[3]	ταῦτα	_	_
4.6	1978	[3]	μέν	_	_
4.6	1979	[2]	φησι	_	_
4.6	1980	[2]	λέγειν	_	_
4.6	1981	[2]	αὐτὸν	_	_
4.6	1982	[5]	παρ	_	_
4.6	1983	[70]	’	b	_
4.6	1984	[2]	αὐτῷ	_	_
4.6	1985	[1]	διαλεγόμενον	_	_
4.6	1986	[173]	,	b	_
4.6	1987	[3]	οὕτω	_	_
4.6	1988	[19]	γὰρ	_	_
4.6	1989	[2]	ἔγραψεν	_	_
4.6	1990	[8]	αὐτοῖς	_	_
4.6	1991	[1]	ὀνόμασιν	_	_
4.6	1992	[174]	,	b	_
4.6	1993	[1]	ἐξίστασθαι	_	_
4.6	1994	[22]	δ	_	_
4.6	1995	[71]	’	b	_
4.6	1996	[9]	οὐκ	_	_
4.6	1997	[1]	ὀλιγάκις	_	_
4.6	1998	[4]	ἐκ	_	_
4.6	1999	[32]	τῶν	_	_
4.6	2000	[7]	αὐτῶν	_	_
4.6	2001	[5]	τούτων	_	_
4.6	2002	[2]	κρίσεων	_	_
4.6	2003	[23]	ἐν	_	_
4.6	2004	[12]	τοῖς	_	_
4.6	2005	[1]	συμπίπτουσιν	_	_
4.6	2006	[175]	,	b	_
4.6	2007	[102]	καὶ	_	_
4.6	2008	[7]	μὴ	_	_
4.6	2009	[3]	κρατεῖν	_	_
4.6	2010	[2]	ἑαυτοῦ	_	_
4.6	2011	[1]	νικωμένου	_	_
4.6	2012	[8]	ὑπὸ	_	_
4.6	2013	[33]	τῶν	_	_
4.6	2014	[5]	παθῶν	_	_
4.6	2015	[52]	.	b	_
4.6	2016	[103]	καὶ	_	_
4.6	2017	[20]	γὰρ	_	_
4.6	2018	[3]	οὖν	_	_
4.6	2019	[3]	κᾀνταῦθα	_	_
4.6	2020	[1]	τό	_	_
4.6	2021	[11]	τε	_	_
4.6	2022	[34]	τῶν	_	_
4.6	2023	[3]	κρίσεων	_	_
4.6	2024	[2]	ἐξίστασθαι	_	_
4.6	2025	[176]	,	b	_
4.6	2026	[104]	καὶ	_	_
4.6	2027	[25]	τὸ	_	_
4.6	2028	[8]	μὴ	_	_
4.6	2029	[4]	κρατεῖν	_	_
4.6	2030	[3]	ἑαυτοῦ	_	_
4.6	2031	[177]	,	b	_
4.6	2032	[105]	καὶ	_	_
4.6	2033	[26]	τὸ	_	_
4.6	2034	[3]	ποτὲ	_	_
4.6	2035	[18]	μὲν	_	_
4.6	2036	[11]	εἶναι	_	_
4.6	2037	[6]	παρ	_	_
4.6	2038	[72]	’	b	_
4.6	2039	[1]	ἑαυτῷ	_	_
4.6	2040	[178]	,	b	_
4.6	2041	[4]	ποτὲ	_	_
4.6	2042	[23]	δ	_	_
4.6	2043	[73]	’	b	_
4.6	2044	[1]	οὒ	_	_
4.6	2045	[179]	,	b	_
4.6	2046	[106]	καὶ	_	_
4.6	2047	[3]	πάνθ	_	_
4.6	2048	[74]	’	b	_
4.6	2049	[4]	ὅσα	_	_
4.6	2050	[7]	τοιαῦτα	_	_
4.6	2051	[180]	,	b	_
4.6	2052	[13]	τοῖς	_	_
4.6	2053	[12]	τε	_	_
4.6	2054	[1]	φαινομένοις	_	_
4.6	2055	[2]	ἐναργῶς	_	_
4.6	2056	[3]	ὁμολογεῖ	_	_
4.6	2057	[107]	καὶ	_	_
4.6	2058	[8]	τῇ	_	_
4.6	2059	[3]	παλαιᾷ	_	_
4.6	2060	[3]	δόξῃ	_	_
4.6	2061	[7]	περὶ	_	_
4.6	2062	[6]	παθῶν	_	_
4.6	2063	[13]	τε	_	_
4.6	2064	[108]	καὶ	_	_
4.6	2065	[11]	ψυχῆς	_	_
4.6	2066	[2]	δυνάμεων	_	_
4.6	2067	[181]	,	b	_
4.6	2068	[14]	οὐ	_	_
4.6	2069	[1]	μὴν	_	_
4.6	2070	[3]	οἷς	_	_
4.6	2071	[1]	ὑπέθετο	_	_
4.6	2072	[9]	Χρύσιππος	_	_
4.6	2073	[53]	.	b	_
4.6	2074	[1]	ὁμοίως	_	_
4.6	2075	[24]	δ	_	_
4.6	2076	[75]	’	b	_
4.6	2077	[3]	εἴρηται	_	_
4.6	2078	[109]	καὶ	_	_
4.6	2079	[17]	τὰ	_	_
4.6	2080	[8]	τοιαῦτα	_	_
4.6	2081	[18]	κατὰ	_	_
4.6	2082	[27]	τὸ	_	_
4.6	2083	[8]	περὶ	_	_
4.6	2084	[35]	τῶν	_	_
4.6	2085	[7]	παθῶν	_	_
4.6	2086	[1]	βιβλίον	_	_
4.6	2087	[24]	·	b	_
4.6	2088	[28]	τὸ	_	_
4.6	2089	[21]	γὰρ	_	_
4.6	2090	[5]	δὴ	_	_
4.6	2091	[1]	σεσοβημένον	_	_
4.6	2092	[110]	καὶ	_	_
4.6	2093	[1]	παρηλλαχὸς	_	_
4.6	2094	[24]	ἐν	_	_
4.6	2095	[4]	ἡμῖν	_	_
4.6	2096	[111]	καὶ	_	_
4.6	2097	[1]	ἀπειθὲς	_	_
4.6	2098	[12]	τῷ	_	_
4.6	2099	[2]	λόγῳ	_	_
4.6	2100	[2]	οὐχ	_	_
4.6	2101	[1]	ἧττον	_	_
4.6	2102	[10]	ἐπὶ	_	_
4.6	2103	[27]	τῆς	_	_
4.6	2104	[2]	ἡδονῆς	_	_
4.6	2105	[1]	καταγίνεται	_	_
4.6	2106	[54]	.	b	_
4.6	2107	[112]	καὶ	_	_
4.6	2108	[3]	πάλιν	_	_
4.6	2109	[25]	·	b	_
4.6	2110	[4]	οὕτω	_	_
4.6	2111	[22]	γὰρ	_	_
4.6	2112	[1]	ἐξιστάμεθα	_	_
4.6	2113	[182]	,	b	_
4.6	2114	[113]	καὶ	_	_
4.6	2115	[3]	ἔξω	_	_
4.6	2116	[1]	γινόμεθα	_	_
4.6	2117	[1]	ἑαυτῶν	_	_
4.6	2118	[183]	,	b	_
4.6	2119	[114]	καὶ	_	_
4.6	2120	[1]	τελέως	_	_
4.6	2121	[1]	ἀποτυφλούμεθα	_	_
4.6	2122	[25]	ἐν	_	_
4.6	2123	[14]	τοῖς	_	_
4.6	2124	[1]	σφαλλομένοις	_	_
4.6	2125	[184]	,	b	_
4.6	2126	[2]	ὥστ	_	_
4.6	2127	[76]	’	b	_
4.6	2128	[3]	ἔστιν	_	_
4.6	2129	[2]	ὅτε	_	_
4.6	2130	[1]	σπόγγον	_	_
4.6	2131	[1]	ἔχοντες	_	_
4.6	2132	[11]	ἢ	_	_
4.6	2133	[1]	ἔριον	_	_
4.6	2134	[26]	ἐν	_	_
4.6	2135	[2]	ταῖς	_	_
4.6	2136	[1]	χερσὶν	_	_
4.6	2137	[1]	τοῦτον	_	_
4.6	2138	[1]	διαράμενοι	_	_
4.6	2139	[1]	βάλλομεν	_	_
4.6	2140	[15]	ὡς	_	_
4.6	2141	[1]	δή	_	_
4.6	2142	[6]	τι	_	_
4.6	2143	[1]	περανοῦντες	_	_
4.6	2144	[2]	δι	_	_
4.6	2145	[77]	’	b	_
4.6	2146	[8]	αὐτῶν	_	_
4.6	2147	[55]	.	b	_
4.6	2148	[8]	εἰ	_	_
4.6	2149	[25]	δ	_	_
4.6	2150	[78]	’	b	_
4.6	2151	[1]	ἐτυγχάνομεν	_	_
4.6	2152	[3]	μάχαιραν	_	_
4.6	2153	[2]	ἔχοντες	_	_
4.6	2154	[12]	ἢ	_	_
4.6	2155	[5]	ἄλλο	_	_
4.6	2156	[7]	τι	_	_
4.6	2157	[185]	,	b	_
4.6	2158	[2]	τούτῳ	_	_
4.6	2159	[8]	ἂν	_	_
4.6	2160	[1]	ἐχρησάμεθα	_	_
4.6	2161	[2]	παραπλησίως	_	_
4.6	2162	[56]	.	b	_
4.6	2163	[115]	καὶ	_	_
4.6	2164	[6]	ἐφεξῆς	_	_
4.6	2165	[26]	·	b	_
4.6	2166	[2]	πολλάκις	_	_
4.6	2167	[19]	δὲ	_	_
4.6	2168	[19]	κατὰ	_	_
4.6	2169	[22]	τὴν	_	_
4.6	2170	[1]	τοιαύτην	_	_
4.6	2171	[1]	τυφλότητα	_	_
4.6	2172	[4]	τὰς	_	_
4.6	2173	[1]	κλεῖς	_	_
4.6	2174	[1]	δάκνομεν	_	_
4.6	2175	[186]	,	b	_
4.6	2176	[116]	καὶ	_	_
4.6	2177	[5]	τὰς	_	_
4.6	2178	[1]	θύρας	_	_
4.6	2179	[1]	τύπτομεν	_	_
4.6	2180	[187]	,	b	_
4.6	2181	[15]	οὐ	_	_
4.6	2182	[1]	ταχὺ	_	_
4.6	2183	[9]	αὐτῶν	_	_
4.6	2184	[1]	ἀνοιγομένων	_	_
4.6	2185	[188]	,	b	_
4.6	2186	[1]	πρός	_	_
4.6	2187	[14]	τε	_	_
4.6	2188	[4]	τοὺς	_	_
4.6	2189	[1]	λίθους	_	_
4.6	2190	[1]	ἐὰν	_	_
4.6	2191	[1]	προσπταίσωμεν	_	_
4.6	2192	[189]	,	b	_
4.6	2193	[1]	τιμωρητικῶς	_	_
4.6	2194	[1]	προσφερόμεθα	_	_
4.6	2195	[1]	καταγνύντες	_	_
4.6	2196	[117]	καὶ	_	_
4.6	2197	[1]	ῥιπτοῦντες	_	_
4.6	2198	[5]	αὐτοὺς	_	_
4.6	2199	[1]	εἴς	_	_
4.6	2200	[2]	τινας	_	_
4.6	2201	[1]	τόπους	_	_
4.6	2202	[190]	,	b	_
4.6	2203	[118]	καὶ	_	_
4.6	2204	[1]	ἐπιλέγοντες	_	_
4.6	2205	[6]	καθ	_	_
4.6	2206	[79]	’	b	_
4.6	2207	[1]	ἕκαστα	_	_
4.6	2208	[6]	τούτων	_	_
4.6	2209	[1]	ἀτοπώτατα	_	_
4.6	2210	[57]	.	b	_
4.6	2211	[1]	ὡσαύτως	_	_
4.6	2212	[20]	δὲ	_	_
4.6	2213	[2]	κᾀν	_	_
4.6	2214	[15]	τοῖς	_	_
4.6	2215	[4]	ἑξῆς	_	_
4.6	2216	[3]	φησιν	_	_
4.6	2217	[27]	·	b	_
4.6	2218	[1]	ἐννοήσεις	_	_
4.6	2219	[26]	δ	_	_
4.6	2220	[80]	’	b	_
4.6	2221	[1]	ἄν	_	_
4.6	2222	[6]	τις	_	_
4.6	2223	[5]	ἐκ	_	_
4.6	2224	[36]	τῶν	_	_
4.6	2225	[5]	τοιούτων	_	_
4.6	2226	[119]	καὶ	_	_
4.6	2227	[23]	τὴν	_	_
4.6	2228	[27]	ἐν	_	_
4.6	2229	[16]	τοῖς	_	_
4.6	2230	[2]	πάθεσιν	_	_
4.6	2231	[1]	ἀλογιστίαν	_	_
4.6	2232	[191]	,	b	_
4.6	2233	[120]	καὶ	_	_
4.6	2234	[16]	ὡς	_	_
4.6	2235	[28]	ἐν	_	_
4.6	2236	[17]	τοῖς	_	_
4.6	2237	[2]	τοιούτοις	_	_
4.6	2238	[2]	ἀποτυφλούμεθα	_	_
4.6	2239	[1]	καιροῖς	_	_
4.6	2240	[192]	,	b	_
4.6	2241	[17]	ὡς	_	_
4.6	2242	[9]	ἂν	_	_
4.6	2243	[1]	ἕτεροί	_	_
4.6	2244	[1]	τινες	_	_
4.6	2245	[1]	γεγονότες	_	_
4.6	2246	[37]	τῶν	_	_
4.6	2247	[1]	προδιαλελογισμένων	_	_
4.6	2248	[58]	.	b	_
4.6	2249	[3]	ὅλως	_	_
4.6	2250	[27]	δ	_	_
4.6	2251	[81]	’	b	_
4.6	2252	[193]	,	b	_
4.6	2253	[1]	εἴ	_	_
4.6	2254	[7]	τις	_	_
4.6	2255	[1]	ἐκλέγοι	_	_
4.6	2256	[3]	πάντα	_	_
4.6	2257	[121]	καὶ	_	_
4.6	2258	[1]	παραγράφοι	_	_
4.6	2259	[3]	νῦν	_	_
4.6	2260	[194]	,	b	_
4.6	2261	[5]	ὅσα	_	_
4.6	2262	[20]	κατὰ	_	_
4.6	2263	[29]	τὸ	_	_
4.6	2264	[9]	περὶ	_	_
4.6	2265	[8]	παθῶν	_	_
4.6	2266	[4]	εἴρηται	_	_
4.6	2267	[2]	βιβλίον	_	_
4.6	2268	[3]	αὐτῷ	_	_
4.6	2269	[195]	,	b	_
4.6	2270	[1]	μαχόμενα	_	_
4.6	2271	[19]	μὲν	_	_
4.6	2272	[4]	οἷς	_	_
4.6	2273	[6]	αὐτὸς	_	_
4.6	2274	[2]	ὑπέθετο	_	_
4.6	2275	[2]	δόγμασιν	_	_
4.6	2276	[196]	,	b	_
4.6	2277	[1]	ὁμολογοῦντα	_	_
4.6	2278	[21]	δὲ	_	_
4.6	2279	[18]	τοῖς	_	_
4.6	2280	[15]	τε	_	_
4.6	2281	[2]	φαινομένοις	_	_
4.6	2282	[3]	ἐναργῶς	_	_
4.6	2283	[122]	καὶ	_	_
4.6	2284	[9]	τῇ	_	_
4.6	2285	[1]	Πλάτωνος	_	_
4.6	2286	[4]	δόξῃ	_	_
4.6	2287	[197]	,	b	_
4.6	2288	[1]	μῆκος	_	_
4.6	2289	[10]	ἂν	_	_
4.6	2290	[1]	ἄμετρόν	_	_
4.6	2291	[8]	τι	_	_
4.6	2292	[1]	γένοιτο	_	_
4.6	2293	[21]	τοῦ	_	_
4.6	2294	[1]	βιβλίου	_	_
4.6	2295	[59]	.	b	_
4.6	2296	[1]	μεστὸν	_	_
4.6	2297	[5]	γάρ	_	_
4.6	2298	[6]	ἐστιν	_	_
4.6	2299	[4]	αὐτῷ	_	_
4.6	2300	[30]	τὸ	_	_
4.6	2301	[1]	γραμμάτων	_	_
4.6	2302	[16]	τε	_	_
4.6	2303	[123]	καὶ	_	_
4.6	2304	[4]	κρίσεων	_	_
4.6	2305	[3]	ἐξίστασθαι	_	_
4.6	2306	[1]	λέγοντι	_	_
4.6	2307	[198]	,	b	_
4.6	2308	[124]	καὶ	_	_
4.6	2309	[38]	τῶν	_	_
4.6	2310	[2]	προδιαλελογισμένων	_	_
4.6	2311	[6]	διὰ	_	_
4.6	2312	[16]	τὸν	_	_
4.6	2313	[1]	θυμὸν	_	_
4.6	2314	[199]	,	b	_
4.6	2315	[13]	ἢ	_	_
4.6	2316	[24]	τὴν	_	_
4.6	2317	[1]	ἐπιθυμίαν	_	_
4.6	2318	[200]	,	b	_
4.6	2319	[14]	ἢ	_	_
4.6	2320	[25]	τὴν	_	_
4.6	2321	[1]	ἡδονὴν	_	_
4.6	2322	[201]	,	b	_
4.6	2323	[1]	ἤ	_	_
4.6	2324	[9]	τι	_	_
4.6	2325	[2]	τοιοῦτον	_	_
4.6	2326	[1]	μανιωδῶς	_	_
4.6	2327	[17]	τε	_	_
4.6	2328	[2]	κινεῖσθαι	_	_
4.6	2329	[202]	,	b	_
4.6	2330	[125]	καὶ	_	_
4.6	2331	[10]	οὐκ	_	_
4.6	2332	[29]	ἐν	_	_
4.6	2333	[2]	ἑαυτῷ	_	_
4.6	2334	[203]	,	b	_
4.6	2335	[3]	οὐδὲ	_	_
4.6	2336	[7]	παρ	_	_
4.6	2337	[82]	’	b	_
4.6	2338	[3]	ἑαυτῷ	_	_
4.6	2339	[12]	εἶναι	_	_
4.6	2340	[204]	,	b	_
4.6	2341	[1]	τετυφλῶσθαί	_	_
4.6	2342	[18]	τε	_	_
4.6	2343	[26]	τὴν	_	_
4.6	2344	[1]	διάνοιαν	_	_
4.6	2345	[205]	,	b	_
4.6	2346	[1]	ἀλογίστως	_	_
4.6	2347	[19]	τε	_	_
4.6	2348	[3]	φέρεσθαι	_	_
4.6	2349	[206]	,	b	_
4.6	2350	[126]	καὶ	_	_
4.6	2351	[4]	πάνθ	_	_
4.6	2352	[83]	’	b	_
4.6	2353	[6]	ὅσα	_	_
4.6	2354	[9]	τοιαῦτα	_	_
4.6	2355	[60]	.	b	_
4.6	2356	[6]	τὰς	_	_
4.6	2357	[20]	μὲν	_	_
4.6	2358	[6]	δὴ	_	_
4.6	2359	[2]	τοιαύτας	_	_
4.6	2360	[1]	ῥήσεις	_	_
4.6	2361	[3]	αὐτοῦ	_	_
4.6	2362	[3]	τινὶ	_	_
4.6	2363	[21]	κατὰ	_	_
4.6	2364	[1]	σχολὴν	_	_
4.6	2365	[1]	ἐκλέγειν	_	_
4.6	2366	[1]	ἐπιτρέπω	_	_
4.6	2367	[61]	.	b	_
4.7	1	[1]	Δεδειγμένου	_	_
4.7	2	[1]	δὲ	_	_
4.7	3	[1]	ἤδη	_	_
4.7	4	[1]	σαφῶς	_	_
4.7	5	[1]	αὐτῶν	_	_
4.7	6	[1]	τοῦ	_	_
4.7	7	[1]	τύπου	_	_
4.7	8	[1]	,	b	_
4.7	9	[1]	μεταβήσομαι	_	_
4.7	10	[1]	δὴ	_	_
4.7	11	[1]	ἐπί	_	_
4.7	12	[1]	τινα	_	_
4.7	13	[1]	τῶν	_	_
4.7	14	[1]	ὑπὸ	_	_
4.7	15	[2]	τοῦ	_	_
4.7	16	[1]	Ποσειδωνίου	_	_
4.7	17	[1]	πρὸς	_	_
4.7	18	[1]	τὸν	_	_
4.7	19	[1]	Χρύσιππον	_	_
4.7	20	[1]	ἀντειρημένων	_	_
4.7	21	[1]	.	b	_
4.7	22	[1]	ὁ	_	_
4.7	23	[1]	γοῦν	_	_
4.7	24	[1]	ὅρος	_	_
4.7	25	[1]	οὗτος	_	_
4.7	26	[2]	,	b	_
4.7	27	[1]	φησὶν	_	_
4.7	28	[3]	,	b	_
4.7	29	[2]	ὁ	_	_
4.7	30	[1]	τῆς	_	_
4.7	31	[1]	ἄσης	_	_
4.7	32	[4]	,	b	_
4.7	33	[1]	ὥσπερ	_	_
4.7	34	[1]	οὖν	_	_
4.7	35	[1]	καὶ	_	_
4.7	36	[1]	ἄλλοι	_	_
4.7	37	[1]	πολλοὶ	_	_
4.7	38	[2]	τῶν	_	_
4.7	39	[1]	παθῶν	_	_
4.7	40	[5]	,	b	_
4.7	41	[1]	ὑπό	_	_
4.7	42	[1]	τε	_	_
4.7	43	[1]	Ζήνωνος	_	_
4.7	44	[1]	εἰρημένοι	_	_
4.7	45	[2]	καὶ	_	_
4.7	46	[2]	πρὸς	_	_
4.7	47	[3]	τοῦ	_	_
4.7	48	[1]	Χρυσίππου	_	_
4.7	49	[1]	γεγραμμένοι	_	_
4.7	50	[6]	,	b	_
4.7	51	[2]	σαφῶς	_	_
4.7	52	[1]	ἐξελέγχουσι	_	_
4.7	53	[1]	τὴν	_	_
4.7	54	[1]	γνώμην	_	_
4.7	55	[1]	αὐτοῦ	_	_
4.7	56	[2]	.	b	_
4.7	57	[1]	δόξαν	_	_
4.7	58	[1]	γὰρ	_	_
4.7	59	[1]	εἶναι	_	_
4.7	60	[7]	,	b	_
4.7	61	[1]	πρόσφατον	_	_
4.7	62	[1]	τὸ	_	_
4.7	63	[1]	κακὸν	_	_
4.7	64	[1]	αὐτῷ	_	_
4.7	65	[1]	παρεῖναι	_	_
4.7	66	[8]	,	b	_
4.7	67	[1]	φησὶ	_	_
4.7	68	[2]	τὴν	_	_
4.7	69	[1]	λύπην	_	_
4.7	70	[3]	.	b	_
4.7	71	[1]	ἐν	_	_
4.7	72	[1]	ᾧ	_	_
4.7	73	[3]	καὶ	_	_
4.7	74	[1]	συντομώτερον	_	_
4.7	75	[1]	ἐνίοτε	_	_
4.7	76	[1]	λέγοντες	_	_
4.7	77	[1]	ᾧδέ	_	_
4.7	78	[1]	πως	_	_
4.7	79	[1]	προφέρονται	_	_
4.7	80	[1]	·	b	_
4.7	81	[1]	λύπη	_	_
4.7	82	[1]	ἐστὶ	_	_
4.7	83	[1]	δόξα	_	_
4.7	84	[1]	πρόσφατος	_	_
4.7	85	[1]	κακοῦ	_	_
4.7	86	[1]	παρουσίας	_	_
4.7	87	[4]	.	b	_
4.7	88	[2]	εἶναι	_	_
4.7	89	[1]	μὲν	_	_
4.7	90	[2]	δὴ	_	_
4.7	91	[2]	τὸ	_	_
4.7	92	[1]	πρόσφατόν	_	_
4.7	93	[1]	φησι	_	_
4.7	94	[3]	τὸ	_	_
4.7	95	[1]	ὑπόγυον	_	_
4.7	96	[1]	κατὰ	_	_
4.7	97	[2]	τὸν	_	_
4.7	98	[1]	χρόνον	_	_
4.7	99	[9]	,	b	_
4.7	100	[1]	ἀξιοῖ	_	_
4.7	101	[2]	δὲ	_	_
4.7	102	[3]	τὴν	_	_
4.7	103	[1]	αἰτίαν	_	_
4.7	104	[2]	αὐτῶν	_	_
4.7	105	[1]	ῥηθῆναι	_	_
4.7	106	[10]	,	b	_
4.7	107	[1]	δι	_	_
4.7	108	[1]	’	b	_
4.7	109	[1]	ἣν	_	_
4.7	110	[1]	ἡ	_	_
4.7	111	[4]	τοῦ	_	_
4.7	112	[2]	κακοῦ	_	_
4.7	113	[2]	δόξα	_	_
4.7	114	[2]	πρόσφατος	_	_
4.7	115	[2]	μὲν	_	_
4.7	116	[1]	οὖσα	_	_
4.7	117	[1]	συστέλλει	_	_
4.7	118	[2]	τε	_	_
4.7	119	[4]	τὴν	_	_
4.7	120	[1]	ψυχὴν	_	_
4.7	121	[4]	καὶ	_	_
4.7	122	[2]	λύπην	_	_
4.7	123	[1]	ἐργάζεται	_	_
4.7	124	[11]	,	b	_
4.7	125	[1]	χρονισθεῖσα	_	_
4.7	126	[1]	δ	_	_
4.7	127	[2]	’	b	_
4.7	128	[1]	ἢ	_	_
4.7	129	[1]	οὐδ	_	_
4.7	130	[3]	’	b	_
4.7	131	[1]	ὅλως	_	_
4.7	132	[12]	,	b	_
4.7	133	[2]	ἢ	_	_
4.7	134	[1]	οὐκ	_	_
4.7	135	[1]	ἔθ	_	_
4.7	136	[4]	’	b	_
4.7	137	[1]	ὁμοίως	_	_
4.7	138	[2]	συστέλλει	_	_
4.7	139	[5]	.	b	_
4.7	140	[1]	καίτοι	_	_
4.7	141	[1]	οὐδὲ	_	_
4.7	142	[4]	τὸ	_	_
4.7	143	[2]	πρόσφατον	_	_
4.7	144	[1]	ἐχρῆν	_	_
4.7	145	[1]	ἐγκεῖσθαι	_	_
4.7	146	[2]	κατὰ	_	_
4.7	147	[3]	τὸν	_	_
4.7	148	[1]	ὅρον	_	_
4.7	149	[13]	,	b	_
4.7	150	[1]	εἴπερ	_	_
4.7	151	[1]	ἀληθῆ	_	_
4.7	152	[1]	τὰ	_	_
4.7	153	[2]	Χρυσίππου	_	_
4.7	154	[6]	.	b	_
4.7	155	[3]	κατὰ	_	_
4.7	156	[2]	γὰρ	_	_
4.7	157	[5]	τὴν	_	_
4.7	158	[2]	γνώμην	_	_
4.7	159	[2]	αὐτοῦ	_	_
4.7	160	[1]	μᾶλλον	_	_
4.7	161	[5]	τοῦ	_	_
4.7	162	[1]	μεγάλου	_	_
4.7	163	[3]	κακοῦ	_	_
4.7	164	[14]	,	b	_
4.7	165	[3]	ἢ	_	_
4.7	166	[1]	ἀνυπομονήτου	_	_
4.7	167	[15]	,	b	_
4.7	168	[4]	ἢ	_	_
4.7	169	[1]	ἀκαρτερήτου	_	_
4.7	170	[16]	,	b	_
4.7	171	[1]	καθάπερ	_	_
4.7	172	[1]	αὐτὸς	_	_
4.7	173	[1]	εἴωθεν	_	_
4.7	174	[1]	ὀνομάζειν	_	_
4.7	175	[6]	τὴν	_	_
4.7	176	[3]	λύπην	_	_
4.7	177	[17]	,	b	_
4.7	178	[1]	εἰρῆσθαι	_	_
4.7	179	[1]	[	a	_
4.7	180	[1]	ἔδει	_	_
4.7	181	[1]	]	b	_
4.7	182	[2]	δόξαν	_	_
4.7	183	[18]	,	b	_
4.7	184	[1]	οὐ	_	_
4.7	185	[1]	προσφάτου	_	_
4.7	186	[7]	.	b	_
4.7	187	[1]	ἔνθα	_	_
4.7	188	[5]	καὶ	_	_
4.7	189	[1]	διχόθεν	_	_
4.7	190	[3]	ὁ	_	_
4.7	191	[1]	Ποσειδώνιος	_	_
4.7	192	[1]	ἀντιλέγει	_	_
4.7	193	[1]	τῷ	_	_
4.7	194	[1]	Χρυσίππῳ	_	_
4.7	195	[19]	,	b	_
4.7	196	[4]	κατὰ	_	_
4.7	197	[3]	μὲν	_	_
4.7	198	[1]	τοῦτον	_	_
4.7	199	[4]	τὸν	_	_
4.7	200	[1]	δεύτερον	_	_
4.7	201	[1]	ὁρισμὸν	_	_
4.7	202	[1]	ἀναμιμνήσκων	_	_
4.7	203	[3]	τῶν	_	_
4.7	204	[3]	τε	_	_
4.7	205	[1]	σοφῶν	_	_
4.7	206	[6]	καὶ	_	_
4.7	207	[4]	τῶν	_	_
4.7	208	[1]	προκοπτόντων	_	_
4.7	209	[20]	,	b	_
4.7	210	[1]	ὡς	_	_
4.7	211	[1]	ἔμπροσθεν	_	_
4.7	212	[1]	εἴρηται	_	_
4.7	213	[2]	·	b	_
4.7	214	[1]	οἱ	_	_
4.7	215	[4]	μὲν	_	_
4.7	216	[3]	γὰρ	_	_
4.7	217	[2]	ἐν	_	_
4.7	218	[1]	μεγίστοις	_	_
4.7	219	[1]	ἀγαθοῖς	_	_
4.7	220	[21]	,	b	_
4.7	221	[2]	οἱ	_	_
4.7	222	[2]	δ	_	_
4.7	223	[5]	’	b	_
4.7	224	[3]	ἐν	_	_
4.7	225	[2]	μεγίστοις	_	_
4.7	226	[1]	κακοῖς	_	_
4.7	227	[1]	ἑαυτοὺς	_	_
4.7	228	[1]	ὑπολαμβάνοντες	_	_
4.7	229	[3]	εἶναι	_	_
4.7	230	[22]	,	b	_
4.7	231	[1]	ὅμως	_	_
4.7	232	[2]	οὐ	_	_
4.7	233	[1]	γίνονται	_	_
4.7	234	[1]	διὰ	_	_
4.7	235	[1]	τοῦτ	_	_
4.7	236	[6]	’	b	_
4.7	237	[4]	ἐν	_	_
4.7	238	[1]	πάθει	_	_
4.7	239	[3]	·	b	_
4.7	240	[5]	κατὰ	_	_
4.7	241	[3]	δὲ	_	_
4.7	242	[5]	τὸν	_	_
4.7	243	[1]	πρῶτον	_	_
4.7	244	[1]	ἐρωτᾷ	_	_
4.7	245	[7]	τὴν	_	_
4.7	246	[2]	αἰτίαν	_	_
4.7	247	[23]	,	b	_
4.7	248	[2]	δι	_	_
4.7	249	[7]	’	b	_
4.7	250	[2]	ἣν	_	_
4.7	251	[1]	οὐχ	_	_
4.7	252	[2]	ἡ	_	_
4.7	253	[2]	τῆς	_	_
4.7	254	[6]	τοῦ	_	_
4.7	255	[4]	κακοῦ	_	_
4.7	256	[2]	παρουσίας	_	_
4.7	257	[3]	δόξα	_	_
4.7	258	[8]	τὴν	_	_
4.7	259	[4]	λύπην	_	_
4.7	260	[24]	,	b	_
4.7	261	[1]	ἀλλ	_	_
4.7	262	[8]	’	b	_
4.7	263	[3]	ἡ	_	_
4.7	264	[3]	πρόσφατος	_	_
4.7	265	[2]	ἐργάζεται	_	_
4.7	266	[1]	μόνη	_	_
4.7	267	[25]	,	b	_
4.7	268	[1]	καί	_	_
4.7	269	[2]	φησι	_	_
4.7	270	[26]	,	b	_
4.7	271	[1]	διότι	_	_
4.7	272	[1]	πᾶν	_	_
4.7	273	[5]	τὸ	_	_
4.7	274	[1]	ἀμέτρητον	_	_
4.7	275	[7]	καὶ	_	_
4.7	276	[1]	ξένον	_	_
4.7	277	[1]	ἀθρόως	_	_
4.7	278	[1]	προσπίπτον	_	_
4.7	279	[1]	ἐκπλήττει	_	_
4.7	280	[4]	τε	_	_
4.7	281	[8]	καὶ	_	_
4.7	282	[5]	τῶν	_	_
4.7	283	[1]	παλαιῶν	_	_
4.7	284	[1]	ἐξίστησι	_	_
4.7	285	[1]	κρίσεων	_	_
4.7	286	[27]	,	b	_
4.7	287	[1]	ἀσκηθὲν	_	_
4.7	288	[4]	δὲ	_	_
4.7	289	[9]	καὶ	_	_
4.7	290	[1]	συνεθισθὲν	_	_
4.7	291	[10]	καὶ	_	_
4.7	292	[1]	χρονίσαν	_	_
4.7	293	[5]	ἢ	_	_
4.7	294	[2]	οὐδ	_	_
4.7	295	[9]	’	b	_
4.7	296	[2]	ὅλως	_	_
4.7	297	[1]	ἐξίστησιν	_	_
4.7	298	[28]	,	b	_
4.7	299	[2]	ὡς	_	_
4.7	300	[6]	κατὰ	_	_
4.7	301	[1]	πάθος	_	_
4.7	302	[1]	κινεῖν	_	_
4.7	303	[29]	,	b	_
4.7	304	[6]	ἢ	_	_
4.7	305	[1]	ἐπὶ	_	_
4.7	306	[1]	μικρὸν	_	_
4.7	307	[1]	κομιδῇ	_	_
4.7	308	[30]	,	b	_
4.7	309	[1]	διὸ	_	_
4.7	310	[11]	καὶ	_	_
4.7	311	[1]	προενδημεῖν	_	_
4.7	312	[2]	[	a	_
4.7	313	[1]	δεῖν	_	_
4.7	314	[2]	]	b	_
4.7	315	[3]	φησι	_	_
4.7	316	[1]	τοῖς	_	_
4.7	317	[1]	πράγμασι	_	_
4.7	318	[31]	,	b	_
4.7	319	[12]	καὶ	_	_
4.7	320	[1]	μήπω	_	_
4.7	321	[1]	παροῦσιν	_	_
4.7	322	[1]	οἷον	_	_
4.7	323	[1]	παροῦσι	_	_
4.7	324	[1]	χρῆσθαι	_	_
4.7	325	[8]	.	b	_
4.7	326	[1]	βούλεται	_	_
4.7	327	[5]	δὲ	_	_
4.7	328	[6]	τὸ	_	_
4.7	329	[2]	προενδημεῖν	_	_
4.7	330	[1]	ῥῆμα	_	_
4.7	331	[2]	τῷ	_	_
4.7	332	[1]	Ποσειδωνίῳ	_	_
4.7	333	[7]	τὸ	_	_
4.7	334	[2]	οἷον	_	_
4.7	335	[1]	προαναπλάττειν	_	_
4.7	336	[5]	τε	_	_
4.7	337	[13]	καὶ	_	_
4.7	338	[1]	προτυποῦν	_	_
4.7	339	[8]	τὸ	_	_
4.7	340	[1]	πρᾶγμα	_	_
4.7	341	[1]	παρ	_	_
4.7	342	[10]	’	b	_
4.7	343	[1]	ἑαυτῷ	_	_
4.7	344	[9]	τὸ	_	_
4.7	345	[1]	μέλλον	_	_
4.7	346	[1]	γενήσεσθαι	_	_
4.7	347	[32]	,	b	_
4.7	348	[14]	καὶ	_	_
4.7	349	[3]	ὡς	_	_
4.7	350	[3]	πρὸς	_	_
4.7	351	[2]	ἤδη	_	_
4.7	352	[1]	γενόμενον	_	_
4.7	353	[1]	ἐθισμόν	_	_
4.7	354	[2]	τινα	_	_
4.7	355	[1]	ποιεῖσθαι	_	_
4.7	356	[7]	κατὰ	_	_
4.7	357	[1]	βραχύ	_	_
4.7	358	[9]	.	b	_
4.7	359	[2]	διὸ	_	_
4.7	360	[15]	καὶ	_	_
4.7	361	[10]	τὸ	_	_
4.7	362	[7]	τοῦ	_	_
4.7	363	[1]	Ἀναξαγόρου	_	_
4.7	364	[1]	παρείληφεν	_	_
4.7	365	[1]	ἐνταῦθα	_	_
4.7	366	[33]	,	b	_
4.7	367	[4]	ὡς	_	_
4.7	368	[1]	ἄρα	_	_
4.7	369	[34]	,	b	_
4.7	370	[1]	τινὸς	_	_
4.7	371	[1]	ἀπαγγείλαντος	_	_
4.7	372	[2]	αὐτῷ	_	_
4.7	373	[35]	,	b	_
4.7	374	[1]	τεθνάναι	_	_
4.7	375	[6]	τὸν	_	_
4.7	376	[1]	υἱὸν	_	_
4.7	377	[36]	,	b	_
4.7	378	[1]	εὖ	_	_
4.7	379	[1]	μάλα	_	_
4.7	380	[1]	καθεστηκότως	_	_
4.7	381	[1]	εἶπεν	_	_
4.7	382	[37]	,	b	_
4.7	383	[1]	ᾔδειν	_	_
4.7	384	[1]	θνητὸν	_	_
4.7	385	[1]	γεννήσας	_	_
4.7	386	[38]	,	b	_
4.7	387	[16]	καὶ	_	_
4.7	388	[5]	ὡς	_	_
4.7	389	[1]	τοῦτο	_	_
4.7	390	[1]	λαβὼν	_	_
4.7	391	[1]	Εὐριπίδης	_	_
4.7	392	[11]	τὸ	_	_
4.7	393	[1]	νόημα	_	_
4.7	394	[7]	τὸν	_	_
4.7	395	[1]	Θησέα	_	_
4.7	396	[1]	πεποίηκε	_	_
4.7	397	[1]	λέγοντα	_	_
4.7	398	[4]	·	b	_
4.7	399	[1]	Ἐγὼ	_	_
4.7	400	[6]	δὲ	_	_
4.7	401	[1]	παρὰ	_	_
4.7	402	[1]	σοφοῦ	_	_
4.7	403	[1]	τινος	_	_
4.7	404	[1]	μαθὼν	_	_
4.7	405	[1]	Εἰς	_	_
4.7	406	[1]	φροντίδας	_	_
4.7	407	[1]	νοῦν	_	_
4.7	408	[1]	συμφοράς	_	_
4.7	409	[1]	τ	_	_
4.7	410	[11]	’	b	_
4.7	411	[1]	ἐβαλλόμην	_	_
4.7	412	[39]	,	b	_
4.7	413	[1]	Φυγάς	_	_
4.7	414	[2]	τ	_	_
4.7	415	[12]	’	b	_
4.7	416	[1]	ἐμαυτῷ	_	_
4.7	417	[1]	προστιθεὶς	_	_
4.7	418	[1]	πάτρας	_	_
4.7	419	[1]	ἐμῆς	_	_
4.7	420	[1]	Θανάτους	_	_
4.7	421	[3]	τ	_	_
4.7	422	[13]	’	b	_
4.7	423	[1]	ἀώρους	_	_
4.7	424	[17]	καὶ	_	_
4.7	425	[1]	κακὰς	_	_
4.7	426	[1]	ἄλλας	_	_
4.7	427	[1]	ὁδοὺς	_	_
4.7	428	[40]	,	b	_
4.7	429	[1]	Ὥστ	_	_
4.7	430	[14]	’	b	_
4.7	431	[41]	,	b	_
4.7	432	[1]	εἴ	_	_
4.7	433	[1]	τι	_	_
4.7	434	[1]	πάσχοιμ	_	_
4.7	435	[15]	’	b	_
4.7	436	[1]	ὧν	_	_
4.7	437	[1]	ἐδόξαζόν	_	_
4.7	438	[1]	ποτε	_	_
4.7	439	[42]	,	b	_
4.7	440	[1]	Μή	_	_
4.7	441	[1]	μοι	_	_
4.7	442	[1]	νεαραῖς	_	_
4.7	443	[1]	προσπεσὸν	_	_
4.7	444	[2]	ψυχὴν	_	_
4.7	445	[1]	δάκοι	_	_
4.7	446	[10]	.	b	_
4.7	447	[1]	οὕτω	_	_
4.7	448	[7]	δὲ	_	_
4.7	449	[1]	εἰρῆσθαί	_	_
4.7	450	[4]	φησι	_	_
4.7	451	[18]	καὶ	_	_
4.7	452	[2]	τὰ	_	_
4.7	453	[1]	τοιαῦτα	_	_
4.7	454	[5]	·	b	_
4.7	455	[1]	Εἰ	_	_
4.7	456	[5]	μὲν	_	_
4.7	457	[1]	τόδ	_	_
4.7	458	[16]	’	b	_
4.7	459	[1]	ἦμαρ	_	_
4.7	460	[2]	πρῶτον	_	_
4.7	461	[1]	ἦν	_	_
4.7	462	[1]	κακουμένῳ	_	_
4.7	463	[43]	,	b	_
4.7	464	[1]	Καὶ	_	_
4.7	465	[1]	μὴ	_	_
4.7	466	[1]	μακρὰ	_	_
4.7	467	[3]	δὴ	_	_
4.7	468	[2]	διὰ	_	_
4.7	469	[1]	πόνων	_	_
4.7	470	[1]	ἐναυστόλουν	_	_
4.7	471	[44]	,	b	_
4.7	472	[1]	Εἰκὸς	_	_
4.7	473	[1]	σφαδάζειν	_	_
4.7	474	[2]	ἦν	_	_
4.7	475	[1]	ἂν	_	_
4.7	476	[6]	ὡς	_	_
4.7	477	[1]	νεόζυγα	_	_
4.7	478	[1]	Πῶλον	_	_
4.7	479	[45]	,	b	_
4.7	480	[1]	χαλινὸν	_	_
4.7	481	[1]	ἀρτίως	_	_
4.7	482	[1]	δεδεγμένον	_	_
4.7	483	[6]	·	b	_
4.7	484	[1]	Νῦν	_	_
4.7	485	[3]	δ	_	_
4.7	486	[17]	’	b	_
4.7	487	[1]	ἀμβλύς	_	_
4.7	488	[1]	εἰμι	_	_
4.7	489	[19]	καὶ	_	_
4.7	490	[1]	κατηρτυκὼς	_	_
4.7	491	[1]	κακῶν	_	_
4.7	492	[11]	.	b	_
4.7	493	[1]	Ἔσθ	_	_
4.7	494	[18]	’	b	_
4.7	495	[1]	ὅτε	_	_
4.7	496	[3]	τὰ	_	_
4.7	497	[2]	τοιαῦτα	_	_
4.7	498	[1]	μακρὸς	_	_
4.7	499	[1]	Χρόνος	_	_
4.7	500	[1]	μαλάξει	_	_
4.7	501	[46]	,	b	_
4.7	502	[1]	νῦν	_	_
4.7	503	[4]	δ	_	_
4.7	504	[19]	’	b	_
4.7	505	[2]	ἔθ	_	_
4.7	506	[20]	’	b	_
4.7	507	[1]	ἡβάσκει	_	_
4.7	508	[1]	κακόν	_	_
4.7	509	[12]	.	b	_
4.7	510	[1]	ὅτι	_	_
4.7	511	[5]	δ	_	_
4.7	512	[21]	’	b	_
4.7	513	[5]	ἐν	_	_
4.7	514	[3]	τῷ	_	_
4.7	515	[1]	χρόνῳ	_	_
4.7	516	[1]	μαλάττεται	_	_
4.7	517	[4]	τὰ	_	_
4.7	518	[1]	πάθη	_	_
4.7	519	[47]	,	b	_
4.7	520	[1]	κᾂν	_	_
4.7	521	[1]	αἱ	_	_
4.7	522	[1]	δόξαι	_	_
4.7	523	[1]	μένωσι	_	_
4.7	524	[8]	τοῦ	_	_
4.7	525	[2]	κακόν	_	_
4.7	526	[2]	τι	_	_
4.7	527	[1]	αὐτοῖς	_	_
4.7	528	[1]	γεγονέναι	_	_
4.7	529	[48]	,	b	_
4.7	530	[20]	καὶ	_	_
4.7	531	[4]	ὁ	_	_
4.7	532	[1]	Χρύσιππος	_	_
4.7	533	[6]	ἐν	_	_
4.7	534	[4]	τῷ	_	_
4.7	535	[1]	δευτέρῳ	_	_
4.7	536	[1]	περὶ	_	_
4.7	537	[2]	παθῶν	_	_
4.7	538	[1]	μαρτυρεῖ	_	_
4.7	539	[1]	γράφων	_	_
4.7	540	[1]	ᾧδε	_	_
4.7	541	[7]	·	b	_
4.7	542	[1]	ζητήσαι	_	_
4.7	543	[6]	δ	_	_
4.7	544	[22]	’	b	_
4.7	545	[1]	ἄν	_	_
4.7	546	[1]	τις	_	_
4.7	547	[21]	καὶ	_	_
4.7	548	[2]	περὶ	_	_
4.7	549	[3]	τῆς	_	_
4.7	550	[1]	ἀνέσεως	_	_
4.7	551	[4]	τῆς	_	_
4.7	552	[1]	λύπης	_	_
4.7	553	[49]	,	b	_
4.7	554	[1]	πῶς	_	_
4.7	555	[1]	γίνεται	_	_
4.7	556	[50]	,	b	_
4.7	557	[1]	πότερον	_	_
4.7	558	[1]	δόξης	_	_
4.7	559	[2]	τινος	_	_
4.7	560	[1]	μετακινουμένης	_	_
4.7	561	[51]	,	b	_
4.7	562	[7]	ἢ	_	_
4.7	563	[1]	πασῶν	_	_
4.7	564	[1]	διαμενουσῶν	_	_
4.7	565	[52]	,	b	_
4.7	566	[22]	καὶ	_	_
4.7	567	[3]	διὰ	_	_
4.7	568	[1]	τί	_	_
4.7	569	[2]	τοῦτ	_	_
4.7	570	[23]	’	b	_
4.7	571	[1]	ἔσται	_	_
4.7	572	[13]	.	b	_
4.7	573	[1]	εἶτ	_	_
4.7	574	[24]	’	b	_
4.7	575	[1]	ἐπιφέρων	_	_
4.7	576	[1]	φησί	_	_
4.7	577	[8]	·	b	_
4.7	578	[1]	δοκεῖ	_	_
4.7	579	[1]	δέ	_	_
4.7	580	[2]	μοι	_	_
4.7	581	[4]	ἡ	_	_
4.7	582	[6]	μὲν	_	_
4.7	583	[1]	τοιαύτη	_	_
4.7	584	[4]	δόξα	_	_
4.7	585	[1]	διαμένειν	_	_
4.7	586	[53]	,	b	_
4.7	587	[2]	ὅτι	_	_
4.7	588	[2]	κακὸν	_	_
4.7	589	[1]	αὐτὸ	_	_
4.7	590	[54]	,	b	_
4.7	591	[1]	ὃ	_	_
4.7	592	[4]	δὴ	_	_
4.7	593	[1]	πάρεστιν	_	_
4.7	594	[55]	,	b	_
4.7	595	[1]	ἐγχρονιζομένης	_	_
4.7	596	[7]	δ	_	_
4.7	597	[25]	’	b	_
4.7	598	[1]	ἀνίεσθαι	_	_
4.7	599	[5]	ἡ	_	_
4.7	600	[1]	συστολὴ	_	_
4.7	601	[23]	καὶ	_	_
4.7	602	[56]	,	b	_
4.7	603	[7]	ὡς	_	_
4.7	604	[1]	οἶμαι	_	_
4.7	605	[57]	,	b	_
4.7	606	[6]	ἡ	_	_
4.7	607	[2]	ἐπὶ	_	_
4.7	608	[9]	τὴν	_	_
4.7	609	[1]	συστολὴν	_	_
4.7	610	[1]	ὁρμή	_	_
4.7	611	[14]	.	b	_
4.7	612	[1]	τυχὸν	_	_
4.7	613	[8]	δὲ	_	_
4.7	614	[24]	καὶ	_	_
4.7	615	[1]	ταύτης	_	_
4.7	616	[1]	διαμενούσης	_	_
4.7	617	[58]	,	b	_
4.7	618	[2]	οὐχ	_	_
4.7	619	[1]	ὑπακούσεται	_	_
4.7	620	[5]	τὰ	_	_
4.7	621	[1]	ἑξῆς	_	_
4.7	622	[4]	διὰ	_	_
4.7	623	[1]	ποιὰν	_	_
4.7	624	[1]	ἄλλην	_	_
4.7	625	[1]	ἐπιγινομένην	_	_
4.7	626	[1]	διάθεσιν	_	_
4.7	627	[1]	δυσλόγιστον	_	_
4.7	628	[1]	τούτων	_	_
4.7	629	[1]	γινομένων	_	_
4.7	630	[15]	.	b	_
4.7	631	[2]	οὕτω	_	_
4.7	632	[4]	γὰρ	_	_
4.7	633	[25]	καὶ	_	_
4.7	634	[1]	κλαίοντες	_	_
4.7	635	[1]	παύονται	_	_
4.7	636	[59]	,	b	_
4.7	637	[26]	καὶ	_	_
4.7	638	[2]	μὴ	_	_
4.7	639	[1]	βουλόμενοι	_	_
4.7	640	[1]	κλαίειν	_	_
4.7	641	[1]	κλαίουσιν	_	_
4.7	642	[60]	,	b	_
4.7	643	[1]	ὅταν	_	_
4.7	644	[3]	μὴ	_	_
4.7	645	[1]	ὁμοίας	_	_
4.7	646	[1]	τὰς	_	_
4.7	647	[1]	φαντασίας	_	_
4.7	648	[6]	τὰ	_	_
4.7	649	[1]	ὑποκείμενα	_	_
4.7	650	[1]	ποιῇ	_	_
4.7	651	[61]	,	b	_
4.7	652	[27]	καὶ	_	_
4.7	653	[1]	ἐνίστηταί	_	_
4.7	654	[3]	τι	_	_
4.7	655	[8]	ἢ	_	_
4.7	656	[1]	μηθέν	_	_
4.7	657	[16]	.	b	_
4.7	658	[1]	ὃν	_	_
4.7	659	[1]	τρόπον	_	_
4.7	660	[5]	γὰρ	_	_
4.7	661	[7]	ἡ	_	_
4.7	662	[1]	θρήνων	_	_
4.7	663	[1]	παῦσις	_	_
4.7	664	[2]	γίνεται	_	_
4.7	665	[62]	,	b	_
4.7	666	[28]	καὶ	_	_
4.7	667	[1]	κλαυθμοὶ	_	_
4.7	668	[63]	,	b	_
4.7	669	[3]	τοιαῦτα	_	_
4.7	670	[1]	εὔλογον	_	_
4.7	671	[29]	καὶ	_	_
4.7	672	[1]	ἐπ	_	_
4.7	673	[26]	’	b	_
4.7	674	[1]	ἐκείνων	_	_
4.7	675	[1]	συντυγχάνειν	_	_
4.7	676	[64]	,	b	_
4.7	677	[7]	ἐν	_	_
4.7	678	[1]	ταῖς	_	_
4.7	679	[1]	ἀρχαῖς	_	_
4.7	680	[2]	μᾶλλον	_	_
4.7	681	[6]	τῶν	_	_
4.7	682	[1]	πραγμάτων	_	_
4.7	683	[1]	κινούντων	_	_
4.7	684	[65]	,	b	_
4.7	685	[2]	καθάπερ	_	_
4.7	686	[3]	ἐπὶ	_	_
4.7	687	[7]	τῶν	_	_
4.7	688	[8]	τὸν	_	_
4.7	689	[1]	γέλωτα	_	_
4.7	690	[2]	κινούντων	_	_
4.7	691	[1]	γίνεσθαι	_	_
4.7	692	[1]	ἔφην	_	_
4.7	693	[66]	,	b	_
4.7	694	[30]	καὶ	_	_
4.7	695	[7]	τὰ	_	_
4.7	696	[1]	ὅμοια	_	_
4.7	697	[1]	τούτοις	_	_
4.7	698	[17]	.	b	_
4.7	699	[3]	ὅτι	_	_
4.7	700	[7]	μὲν	_	_
4.7	701	[2]	οὖν	_	_
4.7	702	[8]	ἐν	_	_
4.7	703	[5]	τῷ	_	_
4.7	704	[2]	χρόνῳ	_	_
4.7	705	[1]	παύεται	_	_
4.7	706	[8]	τὰ	_	_
4.7	707	[2]	πάθη	_	_
4.7	708	[67]	,	b	_
4.7	709	[2]	καίτοι	_	_
4.7	710	[5]	τῆς	_	_
4.7	711	[2]	δόξης	_	_
4.7	712	[2]	διαμενούσης	_	_
4.7	713	[68]	,	b	_
4.7	714	[2]	αὐτὸς	_	_
4.7	715	[5]	ὁ	_	_
4.7	716	[2]	Χρύσιππος	_	_
4.7	717	[1]	ὁμολογεῖ	_	_
4.7	718	[9]	·	b	_
4.7	719	[5]	διὰ	_	_
4.7	720	[1]	τίνα	_	_
4.7	721	[1]	μέντοι	_	_
4.7	722	[10]	τὴν	_	_
4.7	723	[3]	αἰτίαν	_	_
4.7	724	[2]	τοῦτο	_	_
4.7	725	[3]	γίνεται	_	_
4.7	726	[69]	,	b	_
4.7	727	[2]	δυσλόγιστον	_	_
4.7	728	[1]	εἶναί	_	_
4.7	729	[1]	φησιν	_	_
4.7	730	[18]	.	b	_
4.7	731	[1]	εἶθ	_	_
4.7	732	[27]	’	b	_
4.7	733	[2]	ἑξῆς	_	_
4.7	734	[1]	ἕτερα	_	_
4.7	735	[1]	παραπλησίως	_	_
4.7	736	[1]	γινόμενα	_	_
4.7	737	[1]	γράφει	_	_
4.7	738	[70]	,	b	_
4.7	739	[3]	περὶ	_	_
4.7	740	[2]	ὧν	_	_
4.7	741	[3]	οὐδ	_	_
4.7	742	[28]	’	b	_
4.7	743	[3]	αὐτῶν	_	_
4.7	744	[1]	δηλονότι	_	_
4.7	745	[11]	τὴν	_	_
4.7	746	[4]	αἰτίαν	_	_
4.7	747	[1]	ἐπαγγέλλεται	_	_
4.7	748	[1]	γινώσκειν	_	_
4.7	749	[19]	.	b	_
4.7	750	[2]	ἀλλ	_	_
4.7	751	[29]	’	b	_
4.7	752	[3]	οὐ	_	_
4.7	753	[1]	Ποσειδώνιός	_	_
4.7	754	[1]	γε	_	_
4.7	755	[71]	,	b	_
4.7	756	[1]	Χρύσιππε	_	_
4.7	757	[72]	,	b	_
4.7	758	[2]	τὰς	_	_
4.7	759	[1]	αἰτίας	_	_
4.7	760	[8]	τῶν	_	_
4.7	761	[1]	τοιούτων	_	_
4.7	762	[1]	ἀγνοεῖν	_	_
4.7	763	[2]	φησιν	_	_
4.7	764	[73]	,	b	_
4.7	765	[3]	ἀλλ	_	_
4.7	766	[30]	’	b	_
4.7	767	[1]	ἐπαινεῖ	_	_
4.7	768	[31]	καὶ	_	_
4.7	769	[1]	ἀποδέχεται	_	_
4.7	770	[9]	τὰ	_	_
4.7	771	[2]	ὑπὸ	_	_
4.7	772	[9]	τῶν	_	_
4.7	773	[2]	παλαιῶν	_	_
4.7	774	[1]	εἰρημένα	_	_
4.7	775	[74]	,	b	_
4.7	776	[1]	ἃ	_	_
4.7	777	[1]	ἐφεξῆς	_	_
4.7	778	[1]	ἐρῶ	_	_
4.7	779	[20]	.	b	_
4.7	780	[1]	σὺ	_	_
4.7	781	[8]	δ	_	_
4.7	782	[31]	’	b	_
4.7	783	[1]	οὔτ	_	_
4.7	784	[32]	’	b	_
4.7	785	[2]	ἐκείνων	_	_
4.7	786	[1]	μνημονεύσας	_	_
4.7	787	[75]	,	b	_
4.7	788	[2]	οὔτ	_	_
4.7	789	[33]	’	b	_
4.7	790	[2]	ἄλλην	_	_
4.7	791	[3]	αὐτὸς	_	_
4.7	792	[1]	εἰπὼν	_	_
4.7	793	[76]	,	b	_
4.7	794	[1]	οἴει	_	_
4.7	795	[1]	λελῦσθαι	_	_
4.7	796	[12]	τὸ	_	_
4.7	797	[1]	ζητούμενον	_	_
4.7	798	[77]	,	b	_
4.7	799	[2]	ἂν	_	_
4.7	800	[1]	ὁμολογήσῃς	_	_
4.7	801	[2]	ἀγνοεῖν	_	_
4.7	802	[12]	τὴν	_	_
4.7	803	[5]	αἰτίαν	_	_
4.7	804	[21]	.	b	_
4.7	805	[3]	καίτοι	_	_
4.7	806	[1]	τό	_	_
4.7	807	[2]	γε	_	_
4.7	808	[1]	συνέχον	_	_
4.7	809	[1]	ὅλην	_	_
4.7	810	[13]	τὴν	_	_
4.7	811	[1]	πραγματείαν	_	_
4.7	812	[1]	τήν	_	_
4.7	813	[6]	τε	_	_
4.7	814	[10]	τῶν	_	_
4.7	815	[1]	λογικῶν	_	_
4.7	816	[1]	ζητημάτων	_	_
4.7	817	[32]	καὶ	_	_
4.7	818	[14]	τὴν	_	_
4.7	819	[1]	θεραπευτικὴν	_	_
4.7	820	[11]	τῶν	_	_
4.7	821	[3]	παθῶν	_	_
4.7	822	[1]	οὐδὲν	_	_
4.7	823	[1]	ἄλλο	_	_
4.7	824	[1]	ἐστὶν	_	_
4.7	825	[78]	,	b	_
4.7	826	[9]	ἢ	_	_
4.7	827	[13]	τὸ	_	_
4.7	828	[3]	τὰς	_	_
4.7	829	[2]	αἰτίας	_	_
4.7	830	[1]	ἐξευρεῖν	_	_
4.7	831	[79]	,	b	_
4.7	832	[1]	ὑφ	_	_
4.7	833	[34]	’	b	_
4.7	834	[3]	ὧν	_	_
4.7	835	[1]	γίνεταί	_	_
4.7	836	[7]	τε	_	_
4.7	837	[33]	καὶ	_	_
4.7	838	[2]	παύεται	_	_
4.7	839	[10]	τὰ	_	_
4.7	840	[3]	πάθη	_	_
4.7	841	[22]	.	b	_
4.7	842	[3]	οὕτω	_	_
4.7	843	[6]	γὰρ	_	_
4.7	844	[2]	ἄν	_	_
4.7	845	[2]	τις	_	_
4.7	846	[80]	,	b	_
4.7	847	[2]	οἶμαι	_	_
4.7	848	[81]	,	b	_
4.7	849	[34]	καὶ	_	_
4.7	850	[15]	τὴν	_	_
4.7	851	[1]	γένεσιν	_	_
4.7	852	[4]	αὐτῶν	_	_
4.7	853	[1]	κωλύσειε	_	_
4.7	854	[82]	,	b	_
4.7	855	[35]	καὶ	_	_
4.7	856	[1]	γενομένας	_	_
4.7	857	[1]	παῦσαι	_	_
4.7	858	[1]	δυνηθείη	_	_
4.7	859	[23]	.	b	_
4.7	860	[1]	συναναιρεῖσθαι	_	_
4.7	861	[7]	γὰρ	_	_
4.7	862	[2]	εὔλογον	_	_
4.7	863	[3]	οἶμαι	_	_
4.7	864	[2]	ταῖς	_	_
4.7	865	[1]	αἰτίαις	_	_
4.7	866	[4]	τὰς	_	_
4.7	867	[8]	τε	_	_
4.7	868	[1]	γενέσεις	_	_
4.7	869	[36]	καὶ	_	_
4.7	870	[5]	τὰς	_	_
4.7	871	[1]	ὑπάρξεις	_	_
4.7	872	[12]	τῶν	_	_
4.7	873	[2]	πραγμάτων	_	_
4.7	874	[24]	.	b	_
4.7	875	[1]	ταῦτά	_	_
4.7	876	[1]	τοι	_	_
4.7	877	[37]	καὶ	_	_
4.7	878	[1]	ἀπορεῖς	_	_
4.7	879	[8]	κατὰ	_	_
4.7	880	[14]	τὸ	_	_
4.7	881	[4]	περὶ	_	_
4.7	882	[13]	τῶν	_	_
4.7	883	[4]	παθῶν	_	_
4.7	884	[1]	βιβλίον	_	_
4.7	885	[4]	τι	_	_
4.7	886	[38]	καὶ	_	_
4.7	887	[1]	γράψαι	_	_
4.7	888	[1]	τοιοῦτον	_	_
4.7	889	[1]	ἡμῖν	_	_
4.7	890	[83]	,	b	_
4.7	891	[2]	ᾧ	_	_
4.7	892	[1]	προσέχοντες	_	_
4.7	893	[9]	τὸν	_	_
4.7	894	[2]	νοῦν	_	_
4.7	895	[1]	κωλύσομέν	_	_
4.7	896	[9]	τε	_	_
4.7	897	[14]	τῶν	_	_
4.7	898	[5]	παθῶν	_	_
4.7	899	[1]	ἕκαστον	_	_
4.7	900	[2]	γίνεσθαι	_	_
4.7	901	[39]	καὶ	_	_
4.7	902	[2]	γενόμενον	_	_
4.7	903	[1]	ἰασόμεθα	_	_
4.7	904	[84]	,	b	_
4.7	905	[4]	καίτοι	_	_
4.7	906	[40]	καὶ	_	_
4.7	907	[9]	τοῦ	_	_
4.7	908	[1]	Πλάτωνος	_	_
4.7	909	[1]	θαυμαστῶς	_	_
4.7	910	[1]	γράψαντος	_	_
4.7	911	[85]	,	b	_
4.7	912	[8]	ὡς	_	_
4.7	913	[41]	καὶ	_	_
4.7	914	[6]	ὁ	_	_
4.7	915	[2]	Ποσειδώνιος	_	_
4.7	916	[1]	ἐπισημαίνεται	_	_
4.7	917	[1]	θαυμάζων	_	_
4.7	918	[10]	τὸν	_	_
4.7	919	[1]	ἄνδρα	_	_
4.7	920	[86]	,	b	_
4.7	921	[42]	καὶ	_	_
4.7	922	[1]	θεῖον	_	_
4.7	923	[1]	ἀποκαλεῖ	_	_
4.7	924	[87]	,	b	_
4.7	925	[9]	ὡς	_	_
4.7	926	[43]	καὶ	_	_
4.7	927	[1]	πρεσβεύων	_	_
4.7	928	[3]	αὐτοῦ	_	_
4.7	929	[1]	τά	_	_
4.7	930	[10]	τε	_	_
4.7	931	[5]	περὶ	_	_
4.7	932	[15]	τῶν	_	_
4.7	933	[6]	παθῶν	_	_
4.7	934	[1]	δόγματα	_	_
4.7	935	[88]	,	b	_
4.7	936	[44]	καὶ	_	_
4.7	937	[11]	τὰ	_	_
4.7	938	[6]	περὶ	_	_
4.7	939	[16]	τῶν	_	_
4.7	940	[6]	τῆς	_	_
4.7	941	[1]	ψυχῆς	_	_
4.7	942	[1]	δυνάμεων	_	_
4.7	943	[89]	,	b	_
4.7	944	[1]	ὅσα	_	_
4.7	945	[11]	τε	_	_
4.7	946	[7]	περὶ	_	_
4.7	947	[10]	τοῦ	_	_
4.7	948	[4]	μὴ	_	_
4.7	949	[3]	γίνεσθαι	_	_
4.7	950	[16]	τὴν	_	_
4.7	951	[1]	ἀρχὴν	_	_
4.7	952	[10]	ἢ	_	_
4.7	953	[1]	γενόμενα	_	_
4.7	954	[1]	παύεσθαι	_	_
4.7	955	[1]	τάχιστα	_	_
4.7	956	[7]	τῆς	_	_
4.7	957	[2]	ψυχῆς	_	_
4.7	958	[12]	τὰ	_	_
4.7	959	[4]	πάθη	_	_
4.7	960	[1]	γέγραπται	_	_
4.7	961	[4]	πρὸς	_	_
4.7	962	[4]	αὐτοῦ	_	_
4.7	963	[25]	.	b	_
4.7	964	[1]	συνῆφθαι	_	_
4.7	965	[9]	δὲ	_	_
4.7	966	[45]	καὶ	_	_
4.7	967	[17]	τὴν	_	_
4.7	968	[8]	περὶ	_	_
4.7	969	[17]	τῶν	_	_
4.7	970	[1]	ἀρετῶν	_	_
4.7	971	[1]	διδασκαλίαν	_	_
4.7	972	[2]	τούτοις	_	_
4.7	973	[2]	φησὶ	_	_
4.7	974	[90]	,	b	_
4.7	975	[46]	καὶ	_	_
4.7	976	[18]	τὴν	_	_
4.7	977	[9]	περὶ	_	_
4.7	978	[11]	τοῦ	_	_
4.7	979	[1]	τέλους	_	_
4.7	980	[91]	,	b	_
4.7	981	[47]	καὶ	_	_
4.7	982	[3]	ὅλως	_	_
4.7	983	[1]	πάντα	_	_
4.7	984	[13]	τὰ	_	_
4.7	985	[2]	δόγματα	_	_
4.7	986	[8]	τῆς	_	_
4.7	987	[1]	ἠθικῆς	_	_
4.7	988	[1]	φιλοσοφίας	_	_
4.7	989	[2]	ὥσπερ	_	_
4.7	990	[1]	ἐκ	_	_
4.7	991	[1]	μιᾶς	_	_
4.7	992	[1]	μηρίνθου	_	_
4.7	993	[1]	δεδέσθαι	_	_
4.7	994	[9]	τῆς	_	_
4.7	995	[1]	γνώσεως	_	_
4.7	996	[18]	τῶν	_	_
4.7	997	[9]	κατὰ	_	_
4.7	998	[19]	τὴν	_	_
4.7	999	[3]	ψυχὴν	_	_
4.7	1000	[2]	δυνάμεων	_	_
4.7	1001	[92]	,	b	_
4.7	1002	[1]	αὐτός	_	_
4.7	1003	[12]	τε	_	_
4.7	1004	[1]	δείκνυσιν	_	_
4.7	1005	[93]	,	b	_
4.7	1006	[10]	ὡς	_	_
4.7	1007	[3]	ὑπὸ	_	_
4.7	1008	[1]	θυμοῦ	_	_
4.7	1009	[48]	καὶ	_	_
4.7	1010	[1]	ἐπιθυμίας	_	_
4.7	1011	[1]	γίγνεται	_	_
4.7	1012	[14]	τὰ	_	_
4.7	1013	[5]	πάθη	_	_
4.7	1014	[94]	,	b	_
4.7	1015	[49]	καὶ	_	_
4.7	1016	[6]	διὰ	_	_
4.7	1017	[2]	τίνα	_	_
4.7	1018	[20]	τὴν	_	_
4.7	1019	[6]	αἰτίαν	_	_
4.7	1020	[9]	ἐν	_	_
4.7	1021	[6]	τῷ	_	_
4.7	1022	[3]	χρόνῳ	_	_
4.7	1023	[1]	καθίσταται	_	_
4.7	1024	[95]	,	b	_
4.7	1025	[2]	κᾂν	_	_
4.7	1026	[2]	αἱ	_	_
4.7	1027	[2]	δόξαι	_	_
4.7	1028	[13]	τε	_	_
4.7	1029	[50]	καὶ	_	_
4.7	1030	[3]	αἱ	_	_
4.7	1031	[1]	κρίσεις	_	_
4.7	1032	[1]	ἔτι	_	_
4.7	1033	[2]	μένωσι	_	_
4.7	1034	[12]	τοῦ	_	_
4.7	1035	[3]	κακὸν	_	_
4.7	1036	[1]	ὑπάρχειν	_	_
4.7	1037	[2]	αὐτοῖς	_	_
4.7	1038	[11]	ἢ	_	_
4.7	1039	[2]	γεγονέναι	_	_
4.7	1040	[26]	.	b	_
4.7	1041	[1]	προσχρῆται	_	_
4.7	1042	[9]	δ	_	_
4.7	1043	[35]	’	b	_
4.7	1044	[1]	εἰς	_	_
4.7	1045	[3]	τοῦτο	_	_
4.7	1046	[1]	μάρτυρι	_	_
4.7	1047	[51]	καὶ	_	_
4.7	1048	[3]	αὐτῷ	_	_
4.7	1049	[7]	τῷ	_	_
4.7	1050	[2]	Χρυσίππῳ	_	_
4.7	1051	[10]	κατὰ	_	_
4.7	1052	[15]	τὸ	_	_
4.7	1053	[2]	δεύτερον	_	_
4.7	1054	[10]	περὶ	_	_
4.7	1055	[19]	τῶν	_	_
4.7	1056	[7]	παθῶν	_	_
4.7	1057	[2]	ᾧδέ	_	_
4.7	1058	[2]	πως	_	_
4.7	1059	[1]	γράφοντι	_	_
4.7	1060	[10]	·	b	_
4.7	1061	[11]	περὶ	_	_
4.7	1062	[10]	δὲ	_	_
4.7	1063	[10]	τῆς	_	_
4.7	1064	[2]	λύπης	_	_
4.7	1065	[96]	,	b	_
4.7	1066	[52]	καὶ	_	_
4.7	1067	[11]	ὡς	_	_
4.7	1068	[3]	ἂν	_	_
4.7	1069	[1]	ἐμπλησθέντες	_	_
4.7	1070	[1]	τινὲς	_	_
4.7	1071	[97]	,	b	_
4.7	1072	[2]	ὁμοίως	_	_
4.7	1073	[1]	φαίνονται	_	_
4.7	1074	[1]	ἀφίστασθαι	_	_
4.7	1075	[98]	,	b	_
4.7	1076	[3]	καθάπερ	_	_
4.7	1077	[53]	καὶ	_	_
4.7	1078	[4]	ἐπὶ	_	_
4.7	1079	[1]	Ἀχιλλέως	_	_
4.7	1080	[1]	ταῦτα	_	_
4.7	1081	[1]	λέγει	_	_
4.7	1082	[7]	ὁ	_	_
4.7	1083	[1]	ποιητὴς	_	_
4.7	1084	[1]	πενθοῦντος	_	_
4.7	1085	[11]	τὸν	_	_
4.7	1086	[1]	Πάτροκλον	_	_
4.7	1087	[11]	·	b	_
4.7	1088	[1]	Ἀλλ	_	_
4.7	1089	[36]	’	b	_
4.7	1090	[2]	ὅτε	_	_
4.7	1091	[5]	δὴ	_	_
4.7	1092	[1]	κλαίων	_	_
4.7	1093	[14]	τε	_	_
4.7	1094	[1]	κυλινδόμενός	_	_
4.7	1095	[4]	τ	_	_
4.7	1096	[37]	’	b	_
4.7	1097	[1]	ἐκορέσθη	_	_
4.7	1098	[99]	,	b	_
4.7	1099	[54]	καὶ	_	_
4.7	1100	[100]	,	b	_
4.7	1101	[1]	Οἱ	_	_
4.7	1102	[1]	ἀπὸ	_	_
4.7	1103	[1]	πραπίδων	_	_
4.7	1104	[1]	ἦλθ	_	_
4.7	1105	[38]	’	b	_
4.7	1106	[1]	ἵμερος	_	_
4.7	1107	[1]	ἠδ	_	_
4.7	1108	[39]	’	b	_
4.7	1109	[2]	ἀπὸ	_	_
4.7	1110	[1]	γυίων	_	_
4.7	1111	[101]	,	b	_
4.7	1112	[5]	ἐπὶ	_	_
4.7	1113	[16]	τὸ	_	_
4.7	1114	[1]	παρακαλεῖν	_	_
4.7	1115	[1]	ὥρμησε	_	_
4.7	1116	[12]	τὸν	_	_
4.7	1117	[1]	Πρίαμον	_	_
4.7	1118	[21]	τὴν	_	_
4.7	1119	[11]	τῆς	_	_
4.7	1120	[3]	λύπης	_	_
4.7	1121	[1]	ἀλογίαν	_	_
4.7	1122	[4]	αὐτῷ	_	_
4.7	1123	[1]	παριστάς	_	_
4.7	1124	[27]	.	b	_
4.7	1125	[2]	εἶτ	_	_
4.7	1126	[40]	’	b	_
4.7	1127	[2]	ἐφεξῆς	_	_
4.7	1128	[1]	ἐπιφέρει	_	_
4.7	1129	[55]	καὶ	_	_
4.7	1130	[2]	ταῦτα	_	_
4.7	1131	[12]	·	b	_
4.7	1132	[1]	καθ	_	_
4.7	1133	[41]	’	b	_
4.7	1134	[2]	ὃν	_	_
4.7	1135	[1]	λόγον	_	_
4.7	1136	[2]	οὐκ	_	_
4.7	1137	[4]	ἂν	_	_
4.7	1138	[1]	ἀπελπίσαι	_	_
4.7	1139	[3]	τις	_	_
4.7	1140	[1]	οὕτως	_	_
4.7	1141	[20]	τῶν	_	_
4.7	1142	[3]	πραγμάτων	_	_
4.7	1143	[1]	ἐγχρονιζομένων	_	_
4.7	1144	[102]	,	b	_
4.7	1145	[56]	καὶ	_	_
4.7	1146	[12]	τῆς	_	_
4.7	1147	[1]	παθητικῆς	_	_
4.7	1148	[1]	φλεγμονῆς	_	_
4.7	1149	[1]	ἀνιεμένης	_	_
4.7	1150	[103]	,	b	_
4.7	1151	[13]	τὸν	_	_
4.7	1152	[2]	λόγον	_	_
4.7	1153	[1]	παρεισδυόμενον	_	_
4.7	1154	[104]	,	b	_
4.7	1155	[57]	καὶ	_	_
4.7	1156	[1]	οἱονεὶ	_	_
4.7	1157	[1]	χώραν	_	_
4.7	1158	[1]	λαμβάνοντα	_	_
4.7	1159	[1]	παριστάναι	_	_
4.7	1160	[22]	τὴν	_	_
4.7	1161	[13]	τοῦ	_	_
4.7	1162	[1]	πάθους	_	_
4.7	1163	[2]	ἀλογίαν	_	_
4.7	1164	[28]	.	b	_
4.7	1165	[1]	ἐναργῶς	_	_
4.7	1166	[8]	γὰρ	_	_
4.7	1167	[10]	ἐν	_	_
4.7	1168	[3]	τούτοις	_	_
4.7	1169	[8]	ὁ	_	_
4.7	1170	[3]	Χρύσιππος	_	_
4.7	1171	[2]	ὁμολογεῖ	_	_
4.7	1172	[105]	,	b	_
4.7	1173	[2]	τήν	_	_
4.7	1174	[15]	τε	_	_
4.7	1175	[1]	παθητικὴν	_	_
4.7	1176	[1]	φλεγμονὴν	_	_
4.7	1177	[2]	ἀνίεσθαι	_	_
4.7	1178	[11]	κατὰ	_	_
4.7	1179	[14]	τὸν	_	_
4.7	1180	[2]	χρόνον	_	_
4.7	1181	[106]	,	b	_
4.7	1182	[2]	ἔτι	_	_
4.7	1183	[13]	τῆς	_	_
4.7	1184	[1]	ὑπολήψεώς	_	_
4.7	1185	[16]	τε	_	_
4.7	1186	[58]	καὶ	_	_
4.7	1187	[3]	δόξης	_	_
4.7	1188	[1]	μενούσης	_	_
4.7	1189	[107]	,	b	_
4.7	1190	[1]	ἐμπίπλασθαί	_	_
4.7	1191	[17]	τε	_	_
4.7	1192	[21]	τῶν	_	_
4.7	1193	[1]	παθητικῶν	_	_
4.7	1194	[1]	κινήσεων	_	_
4.7	1195	[1]	τοὺς	_	_
4.7	1196	[1]	ἀνθρώπους	_	_
4.7	1197	[108]	,	b	_
4.7	1198	[59]	καὶ	_	_
4.7	1199	[7]	διὰ	_	_
4.7	1200	[4]	τοῦτο	_	_
4.7	1201	[1]	παῦλάν	_	_
4.7	1202	[3]	τινα	_	_
4.7	1203	[1]	λαμβάνοντος	_	_
4.7	1204	[14]	τοῦ	_	_
4.7	1205	[2]	πάθους	_	_
4.7	1206	[60]	καὶ	_	_
4.7	1207	[1]	ἡσυχάσαντος	_	_
4.7	1208	[109]	,	b	_
4.7	1209	[15]	τὸν	_	_
4.7	1210	[3]	λόγον	_	_
4.7	1211	[1]	ἐπικρατέστερον	_	_
4.7	1212	[4]	γίνεσθαι	_	_
4.7	1213	[29]	.	b	_
4.7	1214	[3]	ταῦτα	_	_
4.7	1215	[9]	γὰρ	_	_
4.7	1216	[2]	ἀληθῆ	_	_
4.7	1217	[1]	μέν	_	_
4.7	1218	[1]	ἐστιν	_	_
4.7	1219	[110]	,	b	_
4.7	1220	[2]	εἴπερ	_	_
4.7	1221	[1]	τινὰ	_	_
4.7	1222	[61]	καὶ	_	_
4.7	1223	[1]	ἄλλα	_	_
4.7	1224	[111]	,	b	_
4.7	1225	[1]	μάχεται	_	_
4.7	1226	[11]	δὲ	_	_
4.7	1227	[3]	ταῖς	_	_
4.7	1228	[1]	ὑποθέσεσιν	_	_
4.7	1229	[5]	αὐτοῦ	_	_
4.7	1230	[112]	,	b	_
4.7	1231	[4]	καθάπερ	_	_
4.7	1232	[62]	καὶ	_	_
4.7	1233	[15]	τὰ	_	_
4.7	1234	[1]	ἐπιφερόμενα	_	_
4.7	1235	[1]	τόνδε	_	_
4.7	1236	[16]	τὸν	_	_
4.7	1237	[2]	τρόπον	_	_
4.7	1238	[1]	ἔχοντα	_	_
4.7	1239	[30]	.	b	_
4.7	1240	[1]	λέγεται	_	_
4.7	1241	[12]	δὲ	_	_
4.7	1242	[63]	καὶ	_	_
4.7	1243	[4]	τοιαῦτα	_	_
4.7	1244	[2]	εἰς	_	_
4.7	1245	[23]	τὴν	_	_
4.7	1246	[1]	μεταβολὴν	_	_
4.7	1247	[22]	τῶν	_	_
4.7	1248	[8]	παθῶν	_	_
4.7	1249	[13]	·	b	_
4.7	1250	[1]	—	a	_
4.7	1251	[2]	—	a	_
4.7	1252	[1]	λαιψηρὸς	_	_
4.7	1253	[13]	δὲ	_	_
4.7	1254	[1]	κόρος	_	_
4.7	1255	[1]	στυγεροῖο	_	_
4.7	1256	[1]	γόοιο	_	_
4.7	1257	[31]	.	b	_
4.7	1258	[64]	καὶ	_	_
4.7	1259	[3]	ἔτι	_	_
4.7	1260	[16]	τὰ	_	_
4.7	1261	[5]	τοιαῦτα	_	_
4.7	1262	[3]	εἰς	_	_
4.7	1263	[17]	τὸ	_	_
4.7	1264	[12]	κατὰ	_	_
4.7	1265	[24]	τὴν	_	_
4.7	1266	[5]	λύπην	_	_
4.7	1267	[1]	ἀγωγόν	_	_
4.7	1268	[14]	·	b	_
4.7	1269	[3]	—	a	_
4.7	1270	[4]	—	a	_
4.7	1271	[2]	τοῖς	_	_
4.7	1272	[14]	δὲ	_	_
4.7	1273	[1]	δυστυχοῦσί	_	_
4.7	1274	[3]	πως	_	_
4.7	1275	[1]	Τερπνὸν	_	_
4.7	1276	[18]	τὸ	_	_
4.7	1277	[1]	κλαῦσαι	_	_
4.7	1278	[1]	κἀποδύρασθαι	_	_
4.7	1279	[1]	τύχας	_	_
4.7	1280	[32]	.	b	_
4.7	1281	[65]	καὶ	_	_
4.7	1282	[4]	ἔτι	_	_
4.7	1283	[2]	τούτων	_	_
4.7	1284	[3]	ἐφεξῆς	_	_
4.7	1285	[15]	·	b	_
4.7	1286	[1]	Ὡς	_	_
4.7	1287	[1]	φάτο	_	_
4.7	1288	[113]	,	b	_
4.7	1289	[1]	τοῖσι	_	_
4.7	1290	[15]	δὲ	_	_
4.7	1291	[1]	πᾶσιν	_	_
4.7	1292	[2]	ὑφ	_	_
4.7	1293	[42]	’	b	_
4.7	1294	[1]	ἵμερον	_	_
4.7	1295	[1]	ὦρσε	_	_
4.7	1296	[2]	γόοιο	_	_
4.7	1297	[33]	.	b	_
4.7	1298	[2]	καί	_	_
4.7	1299	[16]	·	b	_
4.7	1300	[1]	Τὸν	_	_
4.7	1301	[1]	αὐτὸν	_	_
4.7	1302	[1]	ἀνέγειρε	_	_
4.7	1303	[1]	γόον	_	_
4.7	1304	[114]	,	b	_
4.7	1305	[1]	ἄναγε	_	_
4.7	1306	[1]	πολύδακρυν	_	_
4.7	1307	[1]	ἁδονάν	_	_
4.7	1308	[34]	.	b	_
4.7	1309	[5]	ἔτι	_	_
4.7	1310	[16]	δὲ	_	_
4.7	1311	[1]	ἀμέλει	_	_
4.7	1312	[1]	πάμπολλα	_	_
4.7	1313	[66]	καὶ	_	_
4.7	1314	[2]	ἄλλα	_	_
4.7	1315	[6]	τοιαῦτα	_	_
4.7	1316	[2]	παρὰ	_	_
4.7	1317	[23]	τῶν	_	_
4.7	1318	[1]	ποιητῶν	_	_
4.7	1319	[1]	ἀθροῖσαι	_	_
4.7	1320	[1]	μαρτύρια	_	_
4.7	1321	[15]	τοῦ	_	_
4.7	1322	[67]	καὶ	_	_
4.7	1323	[4]	λύπης	_	_
4.7	1324	[115]	,	b	_
4.7	1325	[68]	καὶ	_	_
4.7	1326	[1]	δακρύων	_	_
4.7	1327	[116]	,	b	_
4.7	1328	[69]	καὶ	_	_
4.7	1329	[1]	κλαυθμῶν	_	_
4.7	1330	[117]	,	b	_
4.7	1331	[70]	καὶ	_	_
4.7	1332	[1]	θρήνου	_	_
4.7	1333	[118]	,	b	_
4.7	1334	[71]	καὶ	_	_
4.7	1335	[1]	νίκης	_	_
4.7	1336	[119]	,	b	_
4.7	1337	[72]	καὶ	_	_
4.7	1338	[1]	τιμῆς	_	_
4.7	1339	[120]	,	b	_
4.7	1340	[73]	καὶ	_	_
4.7	1341	[1]	πάντων	_	_
4.7	1342	[18]	τε	_	_
4.7	1343	[24]	τῶν	_	_
4.7	1344	[2]	τοιούτων	_	_
4.7	1345	[1]	ἐμπίπλασθαι	_	_
4.7	1346	[1]	τούς	_	_
4.7	1347	[2]	ἀνθρώπους	_	_
4.7	1348	[121]	,	b	_
4.7	1349	[1]	ἐφ	_	_
4.7	1350	[43]	’	b	_
4.7	1351	[1]	οἷς	_	_
4.7	1352	[2]	οὐδὲν	_	_
4.7	1353	[1]	χαλεπόν	_	_
4.7	1354	[1]	ἐστι	_	_
4.7	1355	[1]	συλλογίζεσθαι	_	_
4.7	1356	[25]	τὴν	_	_
4.7	1357	[7]	αἰτίαν	_	_
4.7	1358	[122]	,	b	_
4.7	1359	[3]	δι	_	_
4.7	1360	[44]	’	b	_
4.7	1361	[1]	ἢν	_	_
4.7	1362	[11]	ἐν	_	_
4.7	1363	[8]	τῷ	_	_
4.7	1364	[4]	χρόνῳ	_	_
4.7	1365	[3]	παύεται	_	_
4.7	1366	[8]	μὲν	_	_
4.7	1367	[17]	τὰ	_	_
4.7	1368	[6]	πάθη	_	_
4.7	1369	[123]	,	b	_
4.7	1370	[1]	κρατεῖ	_	_
4.7	1371	[17]	δὲ	_	_
4.7	1372	[25]	τῶν	_	_
4.7	1373	[1]	ὁρμῶν	_	_
4.7	1374	[9]	ὁ	_	_
4.7	1375	[1]	λόγος	_	_
4.7	1376	[35]	.	b	_
4.7	1377	[12]	ὡς	_	_
4.7	1378	[10]	γὰρ	_	_
4.7	1379	[1]	ἐφίεται	_	_
4.7	1380	[19]	τὸ	_	_
4.7	1381	[1]	παθητικὸν	_	_
4.7	1382	[14]	τῆς	_	_
4.7	1383	[3]	ψυχῆς	_	_
4.7	1384	[1]	οἰκείων	_	_
4.7	1385	[1]	τινῶν	_	_
4.7	1386	[1]	ὀρεκτικῶν	_	_
4.7	1387	[124]	,	b	_
4.7	1388	[2]	οὕτως	_	_
4.7	1389	[74]	καὶ	_	_
4.7	1390	[1]	τυγχανόντων	_	_
4.7	1391	[5]	αὐτῶν	_	_
4.7	1392	[1]	ἐμπίπλαται	_	_
4.7	1393	[125]	,	b	_
4.7	1394	[1]	κᾀν	_	_
4.7	1395	[1]	τούτῳ	_	_
4.7	1396	[26]	τὴν	_	_
4.7	1397	[1]	ἑαυτῶν	_	_
4.7	1398	[1]	κίνησιν	_	_
4.7	1399	[1]	καθίστησιν	_	_
4.7	1400	[126]	,	b	_
4.7	1401	[1]	ἥτις	_	_
4.7	1402	[1]	ἐκράτει	_	_
4.7	1403	[15]	τῆς	_	_
4.7	1404	[1]	ὁρμῆς	_	_
4.7	1405	[16]	τοῦ	_	_
4.7	1406	[1]	ζώου	_	_
4.7	1407	[127]	,	b	_
4.7	1408	[75]	καὶ	_	_
4.7	1409	[2]	καθ	_	_
4.7	1410	[45]	’	b	_
4.7	1411	[1]	ἑαυτὴν	_	_
4.7	1412	[1]	ἦγεν	_	_
4.7	1413	[2]	ἐφ	_	_
4.7	1414	[46]	’	b	_
4.7	1415	[1]	ὅ	_	_
4.7	1416	[5]	τι	_	_
4.7	1417	[1]	παρήγετο	_	_
4.7	1418	[36]	.	b	_
4.7	1419	[1]	οὔκουν	_	_
4.7	1420	[1]	ἀσυλλόγιστοι	_	_
4.7	1421	[16]	τῆς	_	_
4.7	1422	[1]	παύλας	_	_
4.7	1423	[26]	τῶν	_	_
4.7	1424	[9]	παθῶν	_	_
4.7	1425	[1]	εἰσιν	_	_
4.7	1426	[4]	αἱ	_	_
4.7	1427	[1]	αἰτίαι	_	_
4.7	1428	[128]	,	b	_
4.7	1429	[5]	καθάπερ	_	_
4.7	1430	[10]	ὁ	_	_
4.7	1431	[4]	Χρύσιππος	_	_
4.7	1432	[1]	ἔλεγεν	_	_
4.7	1433	[129]	,	b	_
4.7	1434	[1]	ἀλλὰ	_	_
4.7	1435	[76]	καὶ	_	_
4.7	1436	[1]	πάνυ	_	_
4.7	1437	[1]	σαφεῖς	_	_
4.7	1438	[9]	τῷ	_	_
4.7	1439	[3]	γε	_	_
4.7	1440	[5]	μὴ	_	_
4.7	1441	[1]	βουλομένῳ	_	_
4.7	1442	[1]	φιλονεικεῖν	_	_
4.7	1443	[3]	τοῖς	_	_
4.7	1444	[1]	παλαιοῖς	_	_
4.7	1445	[37]	.	b	_
4.7	1446	[3]	οὐδὲν	_	_
4.7	1447	[11]	γὰρ	_	_
4.7	1448	[3]	οὕτως	_	_
4.7	1449	[1]	ἐναργές	_	_
4.7	1450	[2]	ἐστιν	_	_
4.7	1451	[130]	,	b	_
4.7	1452	[13]	ὡς	_	_
4.7	1453	[20]	τὸ	_	_
4.7	1454	[1]	δυνάμεις	_	_
4.7	1455	[1]	τινάς	_	_
4.7	1456	[12]	ἐν	_	_
4.7	1457	[4]	ταῖς	_	_
4.7	1458	[1]	ἡμετέραις	_	_
4.7	1459	[4]	εἶναι	_	_
4.7	1460	[1]	ψυχαῖς	_	_
4.7	1461	[1]	ἐφιεμένας	_	_
4.7	1462	[1]	φύσει	_	_
4.7	1463	[131]	,	b	_
4.7	1464	[27]	τὴν	_	_
4.7	1465	[9]	μὲν	_	_
4.7	1466	[1]	ἡδονῆς	_	_
4.7	1467	[132]	,	b	_
4.7	1468	[28]	τὴν	_	_
4.7	1469	[18]	δὲ	_	_
4.7	1470	[1]	κράτους	_	_
4.7	1471	[77]	καὶ	_	_
4.7	1472	[2]	νίκης	_	_
4.7	1473	[133]	,	b	_
4.7	1474	[1]	ἃς	_	_
4.7	1475	[2]	ἐναργῶς	_	_
4.7	1476	[1]	ὁρᾶσθαί	_	_
4.7	1477	[5]	φησι	_	_
4.7	1478	[2]	κᾀν	_	_
4.7	1479	[4]	τοῖς	_	_
4.7	1480	[1]	ἄλλοις	_	_
4.7	1481	[1]	ζώοις	_	_
4.7	1482	[11]	ὁ	_	_
4.7	1483	[3]	Ποσειδώνιος	_	_
4.7	1484	[134]	,	b	_
4.7	1485	[3]	ὥσπερ	_	_
4.7	1486	[78]	καὶ	_	_
4.7	1487	[1]	ἡμεῖς	_	_
4.7	1488	[1]	ἐπεδείξαμεν	_	_
4.7	1489	[1]	εὐθὺς	_	_
4.7	1490	[13]	ἐν	_	_
4.7	1491	[1]	ἀρχῇ	_	_
4.7	1492	[17]	τοῦ	_	_
4.7	1493	[1]	πρώτου	_	_
4.7	1494	[1]	γράμματος	_	_
4.7	1495	[38]	.	b	_
4.7	1496	[1]	ἐπιμέμφεται	_	_
4.7	1497	[10]	δ	_	_
4.7	1498	[47]	’	b	_
4.7	1499	[1]	ὀρθῶς	_	_
4.7	1500	[18]	τοῦ	_	_
4.7	1501	[3]	Χρυσίππου	_	_
4.7	1502	[3]	κᾀν	_	_
4.7	1503	[10]	τῷ	_	_
4.7	1504	[1]	φάναι	_	_
4.7	1505	[17]	·	b	_
4.7	1506	[2]	τυχὸν	_	_
4.7	1507	[19]	δὲ	_	_
4.7	1508	[135]	,	b	_
4.7	1509	[17]	τῆς	_	_
4.7	1510	[2]	ὁρμῆς	_	_
4.7	1511	[3]	διαμενούσης	_	_
4.7	1512	[136]	,	b	_
4.7	1513	[3]	οὐχ	_	_
4.7	1514	[2]	ὑπακούσεται	_	_
4.7	1515	[18]	τὰ	_	_
4.7	1516	[3]	ἑξῆς	_	_
4.7	1517	[8]	διὰ	_	_
4.7	1518	[2]	ποιὰν	_	_
4.7	1519	[3]	ἄλλην	_	_
4.7	1520	[2]	ἐπιγινομένην	_	_
4.7	1521	[2]	διάθεσιν	_	_
4.7	1522	[39]	.	b	_
4.7	1523	[1]	ἀμήχανον	_	_
4.7	1524	[12]	γὰρ	_	_
4.7	1525	[2]	εἶναί	_	_
4.7	1526	[6]	φησι	_	_
4.7	1527	[137]	,	b	_
4.7	1528	[2]	παρεῖναι	_	_
4.7	1529	[10]	μὲν	_	_
4.7	1530	[29]	τὴν	_	_
4.7	1531	[1]	ὁρμὴν	_	_
4.7	1532	[138]	,	b	_
4.7	1533	[1]	ὑπ	_	_
4.7	1534	[48]	’	b	_
4.7	1535	[1]	ἄλλης	_	_
4.7	1536	[2]	δέ	_	_
4.7	1537	[3]	τινος	_	_
4.7	1538	[3]	αἰτίας	_	_
4.7	1539	[1]	κωλύεσθαι	_	_
4.7	1540	[30]	τὴν	_	_
4.7	1541	[1]	κατ	_	_
4.7	1542	[49]	’	b	_
4.7	1543	[1]	αὐτὴν	_	_
4.7	1544	[1]	ἐνέργειαν	_	_
4.7	1545	[40]	.	b	_
4.7	1546	[1]	ὅθεν	_	_
4.7	1547	[1]	κᾀπειδὰν	_	_
4.7	1548	[1]	λέγῃ	_	_
4.7	1549	[139]	,	b	_
4.7	1550	[4]	οὕτω	_	_
4.7	1551	[13]	γὰρ	_	_
4.7	1552	[79]	καὶ	_	_
4.7	1553	[2]	κλαίοντες	_	_
4.7	1554	[2]	παύονται	_	_
4.7	1555	[140]	,	b	_
4.7	1556	[80]	καὶ	_	_
4.7	1557	[6]	μὴ	_	_
4.7	1558	[2]	βουλόμενοι	_	_
4.7	1559	[2]	κλαίειν	_	_
4.7	1560	[2]	κλαίουσιν	_	_
4.7	1561	[141]	,	b	_
4.7	1562	[2]	ὅταν	_	_
4.7	1563	[2]	ὁμοίας	_	_
4.7	1564	[19]	τὰ	_	_
4.7	1565	[2]	ὑποκείμενα	_	_
4.7	1566	[2]	φαντασίας	_	_
4.7	1567	[2]	ποιῇ	_	_
4.7	1568	[142]	,	b	_
4.7	1569	[31]	τὴν	_	_
4.7	1570	[8]	αἰτίαν	_	_
4.7	1571	[2]	ἐρωτᾷ	_	_
4.7	1572	[1]	κᾀνταῦθα	_	_
4.7	1573	[12]	ὁ	_	_
4.7	1574	[4]	Ποσειδώνιος	_	_
4.7	1575	[143]	,	b	_
4.7	1576	[4]	δι	_	_
4.7	1577	[50]	’	b	_
4.7	1578	[3]	ἣν	_	_
4.7	1579	[81]	καὶ	_	_
4.7	1580	[3]	οἱ	_	_
4.7	1581	[2]	πολλοὶ	_	_
4.7	1582	[7]	μὴ	_	_
4.7	1583	[3]	βουλόμενοι	_	_
4.7	1584	[1]	πολλάκις	_	_
4.7	1585	[3]	κλαίουσιν	_	_
4.7	1586	[144]	,	b	_
4.7	1587	[1]	ἐπισχεῖν	_	_
4.7	1588	[8]	μὴ	_	_
4.7	1589	[1]	δυνάμενοι	_	_
4.7	1590	[20]	τὰ	_	_
4.7	1591	[1]	δάκρυα	_	_
4.7	1592	[145]	,	b	_
4.7	1593	[82]	καὶ	_	_
4.7	1594	[2]	ἄλλοι	_	_
4.7	1595	[3]	κλαίειν	_	_
4.7	1596	[6]	ἔτι	_	_
4.7	1597	[4]	βουλόμενοι	_	_
4.7	1598	[1]	φθάνουσιν	_	_
4.7	1599	[7]	ἔτι	_	_
4.7	1600	[1]	παυόμενοι	_	_
4.7	1601	[1]	ἤτοι	_	_
4.7	1602	[9]	διὰ	_	_
4.7	1603	[6]	τὰς	_	_
4.7	1604	[1]	παθητικὰς	_	_
4.7	1605	[1]	κινήσεις	_	_
4.7	1606	[1]	σφόδρα	_	_
4.7	1607	[1]	ἐγκειμένας	_	_
4.7	1608	[146]	,	b	_
4.7	1609	[14]	ὡς	_	_
4.7	1610	[9]	μὴ	_	_
4.7	1611	[1]	κρατεῖσθαι	_	_
4.7	1612	[5]	πρὸς	_	_
4.7	1613	[18]	τῆς	_	_
4.7	1614	[1]	βουλήσεως	_	_
4.7	1615	[147]	,	b	_
4.7	1616	[12]	ἢ	_	_
4.7	1617	[1]	παντελῶς	_	_
4.7	1618	[1]	πεπαυμένας	_	_
4.7	1619	[148]	,	b	_
4.7	1620	[15]	ὡς	_	_
4.7	1621	[1]	μηκέτ	_	_
4.7	1622	[51]	’	b	_
4.7	1623	[1]	ἐπεγείρεσθαι	_	_
4.7	1624	[1]	δύνασθαι	_	_
4.7	1625	[6]	πρὸς	_	_
4.7	1626	[6]	αὐτῶν	_	_
4.7	1627	[41]	.	b	_
4.7	1628	[5]	οὕτω	_	_
4.7	1629	[14]	γὰρ	_	_
4.7	1630	[1]	ἥ	_	_
4.7	1631	[19]	τε	_	_
4.7	1632	[19]	τοῦ	_	_
4.7	1633	[1]	λόγου	_	_
4.7	1634	[1]	μάχη	_	_
4.7	1635	[20]	τε	_	_
4.7	1636	[83]	καὶ	_	_
4.7	1637	[1]	διαφορὰ	_	_
4.7	1638	[7]	πρὸς	_	_
4.7	1639	[21]	τὸ	_	_
4.7	1640	[2]	πάθος	_	_
4.7	1641	[1]	εὑρεθήσεται	_	_
4.7	1642	[149]	,	b	_
4.7	1643	[84]	καὶ	_	_
4.7	1644	[19]	τῆς	_	_
4.7	1645	[4]	ψυχῆς	_	_
4.7	1646	[5]	αἱ	_	_
4.7	1647	[2]	δυνάμεις	_	_
4.7	1648	[3]	ἐναργῶς	_	_
4.7	1649	[1]	σωθήσονται	_	_
4.7	1650	[150]	,	b	_
4.7	1651	[4]	οὐ	_	_
4.7	1652	[1]	μὰ	_	_
4.7	1653	[1]	Δία	_	_
4.7	1654	[151]	,	b	_
4.7	1655	[16]	ὡς	_	_
4.7	1656	[1]	Χρύσιππός	_	_
4.7	1657	[7]	φησι	_	_
4.7	1658	[152]	,	b	_
4.7	1659	[1]	διά	_	_
4.7	1660	[1]	τινας	_	_
4.7	1661	[4]	αἰτίας	_	_
4.7	1662	[1]	ἀσυλλογίστους	_	_
4.7	1663	[3]	τούτων	_	_
4.7	1664	[2]	γινομένων	_	_
4.7	1665	[153]	,	b	_
4.7	1666	[2]	ἀλλὰ	_	_
4.7	1667	[10]	διὰ	_	_
4.7	1668	[7]	τὰς	_	_
4.7	1669	[4]	ὑπὸ	_	_
4.7	1670	[27]	τῶν	_	_
4.7	1671	[3]	παλαιῶν	_	_
4.7	1672	[1]	εἰρημένας	_	_
4.7	1673	[42]	.	b	_
4.7	1674	[5]	οὐ	_	_
4.7	1675	[15]	γὰρ	_	_
4.7	1676	[1]	Ἀριστοτέλης	_	_
4.7	1677	[1]	μόνον	_	_
4.7	1678	[13]	ἢ	_	_
4.7	1679	[1]	Πλάτων	_	_
4.7	1680	[1]	ἐδόξαζον	_	_
4.7	1681	[4]	οὕτως	_	_
4.7	1682	[154]	,	b	_
4.7	1683	[4]	ἀλλ	_	_
4.7	1684	[52]	’	b	_
4.7	1685	[8]	ἔτι	_	_
4.7	1686	[1]	πρόσθεν	_	_
4.7	1687	[3]	ἄλλοι	_	_
4.7	1688	[1]	τέ	_	_
4.7	1689	[1]	τινες	_	_
4.7	1690	[85]	καὶ	_	_
4.7	1691	[13]	ὁ	_	_
4.7	1692	[1]	Πυθαγόρας	_	_
4.7	1693	[155]	,	b	_
4.7	1694	[17]	ὡς	_	_
4.7	1695	[86]	καὶ	_	_
4.7	1696	[14]	ὁ	_	_
4.7	1697	[2]	Ποσειδώνιός	_	_
4.7	1698	[3]	φησιν	_	_
4.7	1699	[156]	,	b	_
4.7	1700	[1]	ἐκείνου	_	_
4.7	1701	[2]	πρώτου	_	_
4.7	1702	[21]	τε	_	_
4.7	1703	[5]	εἶναι	_	_
4.7	1704	[1]	λέγων	_	_
4.7	1705	[22]	τὸ	_	_
4.7	1706	[1]	δόγμα	_	_
4.7	1707	[157]	,	b	_
4.7	1708	[1]	Πλάτωνα	_	_
4.7	1709	[11]	δ	_	_
4.7	1710	[53]	’	b	_
4.7	1711	[1]	ἐξεργάσασθαι	_	_
4.7	1712	[87]	καὶ	_	_
4.7	1713	[1]	κατασκευάσαι	_	_
4.7	1714	[1]	τελεώτερον	_	_
4.7	1715	[1]	αὐτό	_	_
4.7	1716	[43]	.	b	_
4.7	1717	[11]	διὰ	_	_
4.7	1718	[5]	τοῦτο	_	_
4.7	1719	[1]	τοίνυν	_	_
4.7	1720	[88]	καὶ	_	_
4.7	1721	[21]	τὰ	_	_
4.7	1722	[1]	ἔθη	_	_
4.7	1723	[1]	φαίνεται	_	_
4.7	1724	[1]	πλεῖστον	_	_
4.7	1725	[1]	δυνάμενα	_	_
4.7	1726	[89]	καὶ	_	_
4.7	1727	[1]	ὅλος	_	_
4.7	1728	[15]	ὁ	_	_
4.7	1729	[1]	χρόνος	_	_
4.7	1730	[4]	εἰς	_	_
4.7	1731	[8]	τὰς	_	_
4.7	1732	[2]	παθητικὰς	_	_
4.7	1733	[2]	κινήσεις	_	_
4.7	1734	[44]	.	b	_
4.7	1735	[14]	ἐν	_	_
4.7	1736	[11]	μὲν	_	_
4.7	1737	[16]	γὰρ	_	_
4.7	1738	[5]	τοῖς	_	_
4.7	1739	[1]	ἔθεσιν	_	_
4.7	1740	[1]	οἰκειοῦται	_	_
4.7	1741	[13]	κατὰ	_	_
4.7	1742	[1]	βραχὺ	_	_
4.7	1743	[23]	τὸ	_	_
4.7	1744	[20]	τῆς	_	_
4.7	1745	[5]	ψυχῆς	_	_
4.7	1746	[1]	ἄλογον	_	_
4.7	1747	[158]	,	b	_
4.7	1748	[2]	οἷς	_	_
4.7	1749	[5]	ἂν	_	_
4.7	1750	[1]	ἐντρέφηται	_	_
4.7	1751	[159]	,	b	_
4.7	1752	[14]	κατὰ	_	_
4.7	1753	[20]	δὲ	_	_
4.7	1754	[17]	τὸν	_	_
4.7	1755	[3]	χρόνον	_	_
4.7	1756	[160]	,	b	_
4.7	1757	[18]	ὡς	_	_
4.7	1758	[1]	προείρηται	_	_
4.7	1759	[161]	,	b	_
4.7	1760	[1]	παῦλα	_	_
4.7	1761	[4]	γίνεται	_	_
4.7	1762	[28]	τῶν	_	_
4.7	1763	[10]	παθῶν	_	_
4.7	1764	[1]	ἐμπιπλαμένων	_	_
4.7	1765	[29]	τῶν	_	_
4.7	1766	[1]	ἀλόγων	_	_
4.7	1767	[21]	τῆς	_	_
4.7	1768	[6]	ψυχῆς	_	_
4.7	1769	[3]	δυνάμεων	_	_
4.7	1770	[162]	,	b	_
4.7	1771	[4]	ὧν	_	_
4.7	1772	[1]	ἐπεθύμουν	_	_
4.7	1773	[2]	ἔμπροσθεν	_	_
4.7	1774	[45]	.	b	_
4.7	1775	[6]	αἱ	_	_
4.7	1776	[21]	δὲ	_	_
4.7	1777	[1]	λογικαὶ	_	_
4.7	1778	[1]	γνώσεις	_	_
4.7	1779	[22]	τε	_	_
4.7	1780	[90]	καὶ	_	_
4.7	1781	[2]	κρίσεις	_	_
4.7	1782	[91]	καὶ	_	_
4.7	1783	[4]	ὅλως	_	_
4.7	1784	[1]	ἐπι	_	_
4.7	1785	[1]	στῆμαι	_	_
4.7	1786	[1]	πᾶσαι	_	_
4.7	1787	[92]	καὶ	_	_
4.7	1788	[1]	τέχναι	_	_
4.7	1789	[12]	διὰ	_	_
4.7	1790	[18]	τὸν	_	_
4.7	1791	[4]	χρόνον	_	_
4.7	1792	[2]	αὐτὸν	_	_
4.7	1793	[2]	μόνον	_	_
4.7	1794	[1]	ψιλὸν	_	_
4.7	1795	[1]	οὔτε	_	_
4.7	1796	[1]	δύσλυτοι	_	_
4.7	1797	[2]	φαίνονται	_	_
4.7	1798	[1]	γίγνεσθαι	_	_
4.7	1799	[163]	,	b	_
4.7	1800	[6]	καθάπερ	_	_
4.7	1801	[4]	οἱ	_	_
4.7	1802	[15]	κατὰ	_	_
4.7	1803	[3]	πάθος	_	_
4.7	1804	[1]	ἐθισμοὶ	_	_
4.7	1805	[164]	,	b	_
4.7	1806	[2]	οὔτε	_	_
4.7	1807	[1]	μετατίθεσθαί	_	_
4.7	1808	[23]	τε	_	_
4.7	1809	[93]	καὶ	_	_
4.7	1810	[2]	παύεσθαι	_	_
4.7	1811	[165]	,	b	_
4.7	1812	[7]	καθάπερ	_	_
4.7	1813	[8]	ἡ	_	_
4.7	1814	[2]	λύπη	_	_
4.7	1815	[94]	καὶ	_	_
4.7	1816	[3]	ἄλλα	_	_
4.7	1817	[7]	πάθη	_	_
4.7	1818	[1]	τίς	_	_
4.7	1819	[17]	γὰρ	_	_
4.7	1820	[20]	τοῦ	_	_
4.7	1821	[22]	τὰ	_	_
4.7	1822	[1]	δὶς	_	_
4.7	1823	[1]	δύο	_	_
4.7	1824	[1]	τέσσαρα	_	_
4.7	1825	[6]	εἶναι	_	_
4.7	1826	[13]	διὰ	_	_
4.7	1827	[19]	τὸν	_	_
4.7	1828	[5]	χρόνον	_	_
4.7	1829	[1]	ἐμπλησθεὶς	_	_
4.7	1830	[1]	ἀπέστη	_	_
4.7	1831	[95]	καὶ	_	_
4.7	1832	[1]	μετεδόξασεν	_	_
4.7	1833	[1]	;	b	_
4.7	1834	[14]	ἢ	_	_
4.7	1835	[2]	τίς	_	_
4.7	1836	[21]	τοῦ	_	_
4.7	1837	[10]	μὴ	_	_
4.7	1838	[1]	πάσας	_	_
4.7	1839	[7]	εἶναι	_	_
4.7	1840	[9]	τὰς	_	_
4.7	1841	[2]	ἐκ	_	_
4.7	1842	[22]	τοῦ	_	_
4.7	1843	[1]	κέντρου	_	_
4.7	1844	[23]	τοῦ	_	_
4.7	1845	[1]	κύκλου	_	_
4.7	1846	[2]	;	b	_
4.7	1847	[3]	καθ	_	_
4.7	1848	[54]	’	b	_
4.7	1849	[1]	ἕκαστόν	_	_
4.7	1850	[24]	τε	_	_
4.7	1851	[30]	τῶν	_	_
4.7	1852	[1]	ἄλλων	_	_
4.7	1853	[1]	θεωρημάτων	_	_
4.7	1854	[1]	οὐδείς	_	_
4.7	1855	[3]	ἐστιν	_	_
4.7	1856	[1]	ὅστις	_	_
4.7	1857	[2]	ἐμπλησθεὶς	_	_
4.7	1858	[1]	ἀπέθετο	_	_
4.7	1859	[32]	τὴν	_	_
4.7	1860	[1]	παλαιὰν	_	_
4.7	1861	[3]	δόξαν	_	_
4.7	1862	[166]	,	b	_
4.7	1863	[4]	ὥσπερ	_	_
4.7	1864	[1]	ἀποτίθεται	_	_
4.7	1865	[24]	τὸ	_	_
4.7	1866	[4]	κλαίειν	_	_
4.7	1867	[25]	τε	_	_
4.7	1868	[96]	καὶ	_	_
4.7	1869	[1]	λυπεῖσθαι	_	_
4.7	1870	[167]	,	b	_
4.7	1871	[97]	καὶ	_	_
4.7	1872	[1]	στένειν	_	_
4.7	1873	[168]	,	b	_
4.7	1874	[1]	οἰμώζειν	_	_
4.7	1875	[26]	τε	_	_
4.7	1876	[98]	καὶ	_	_
4.7	1877	[1]	θρηνεῖν	_	_
4.7	1878	[169]	,	b	_
4.7	1879	[2]	ὅσα	_	_
4.7	1880	[27]	τε	_	_
4.7	1881	[4]	ἄλλα	_	_
4.7	1882	[7]	τοιαῦτα	_	_
4.7	1883	[170]	,	b	_
4.7	1884	[3]	κᾂν	_	_
4.7	1885	[7]	αἱ	_	_
4.7	1886	[12]	περὶ	_	_
4.7	1887	[31]	τῶν	_	_
4.7	1888	[1]	γεγενημένων	_	_
4.7	1889	[19]	ὡς	_	_
4.7	1890	[2]	κακῶν	_	_
4.7	1891	[1]	ὁμοίαι	_	_
4.7	1892	[1]	διαμένωσιν	_	_
4.7	1893	[1]	ὑπολήψεις	_	_
4.7	1894	[46]	.	b	_
4.7	1895	[1]	ἱκανὰ	_	_
4.7	1896	[12]	μὲν	_	_
4.7	1897	[1]	οἶν	_	_
4.7	1898	[2]	ἀμέλει	_	_
4.7	1899	[99]	καὶ	_	_
4.7	1900	[4]	ταῦτα	_	_
4.7	1901	[8]	πρὸς	_	_
4.7	1902	[1]	ἔνδειξιν	_	_
4.7	1903	[5]	ὧν	_	_
4.7	1904	[3]	οὐκ	_	_
4.7	1905	[2]	ὀρθῶς	_	_
4.7	1906	[1]	ἔγραψεν	_	_
4.7	1907	[16]	ὁ	_	_
4.7	1908	[5]	Χρύσιππος	_	_
4.7	1909	[1]	ὑπέρ	_	_
4.7	1910	[28]	τε	_	_
4.7	1911	[32]	τῶν	_	_
4.7	1912	[22]	τῆς	_	_
4.7	1913	[7]	ψυχῆς	_	_
4.7	1914	[11]	παθῶν	_	_
4.7	1915	[171]	,	b	_
4.7	1916	[100]	καὶ	_	_
4.7	1917	[1]	πολὺ	_	_
4.7	1918	[1]	πρότερον	_	_
4.7	1919	[9]	ἔτι	_	_
4.7	1920	[13]	περὶ	_	_
4.7	1921	[33]	τῶν	_	_
4.7	1922	[1]	ἐργαζομένων	_	_
4.7	1923	[1]	αὐτὰ	_	_
4.7	1924	[4]	δυνάμεων	_	_
4.7	1925	[47]	.	b	_
4.7	1926	[6]	οὐ	_	_
4.7	1927	[1]	μὴν	_	_
4.7	1928	[3]	ἀλλὰ	_	_
4.7	1929	[14]	διὰ	_	_
4.7	1930	[24]	τοῦ	_	_
4.7	1931	[1]	πέμπτου	_	_
4.7	1932	[2]	γράμματος	_	_
4.7	1933	[1]	ἔγνωκα	_	_
4.7	1934	[14]	περὶ	_	_
4.7	1935	[34]	τῶν	_	_
4.7	1936	[7]	αὐτῶν	_	_
4.7	1937	[10]	ἔτι	_	_
4.7	1938	[1]	διαλεχθῆναι	_	_
4.7	1939	[172]	,	b	_
4.7	1940	[1]	παραλείπων	_	_
4.7	1941	[13]	μὲν	_	_
4.7	1942	[23]	τὰ	_	_
4.7	1943	[1]	πλεῖστα	_	_
4.7	1944	[35]	τῶν	_	_
4.7	1945	[4]	οὐκ	_	_
4.7	1946	[3]	ὀρθῶς	_	_
4.7	1947	[1]	εἰρημένων	_	_
4.7	1948	[5]	αὐτῷ	_	_
4.7	1949	[173]	,	b	_
4.7	1950	[1]	μόνων	_	_
4.7	1951	[22]	δὲ	_	_
4.7	1952	[3]	ἐκείνων	_	_
4.7	1953	[1]	μνημονεύων	_	_
4.7	1954	[174]	,	b	_
4.7	1955	[15]	ἐν	_	_
4.7	1956	[3]	οἷς	_	_
4.7	1957	[1]	ἐναντιολογεῖται	_	_
4.7	1958	[9]	πρὸς	_	_
4.7	1959	[1]	ἑαυτὸν	_	_
4.7	1960	[175]	,	b	_
4.7	1961	[1]	ἐναντία	_	_
4.7	1962	[29]	τε	_	_
4.7	1963	[1]	τολμᾷ	_	_
4.7	1964	[1]	φθέγγεσθαι	_	_
4.7	1965	[6]	τοῖς	_	_
4.7	1966	[4]	ἐναργῶς	_	_
4.7	1967	[1]	φαινομένοις	_	_
4.7	1968	[48]	.	b	_
4.7	1969	[1]	ἐπιμνησθήσομαι	_	_
4.7	1970	[12]	δ	_	_
4.7	1971	[55]	’	b	_
4.7	1972	[16]	ἐν	_	_
4.7	1973	[3]	αὐτοῖς	_	_
4.7	1974	[11]	ἔτι	_	_
4.7	1975	[101]	καὶ	_	_
4.7	1976	[36]	τῶν	_	_
4.7	1977	[5]	ὑπὸ	_	_
4.7	1978	[25]	τοῦ	_	_
4.7	1979	[2]	Ποσειδωνίου	_	_
4.7	1980	[10]	πρὸς	_	_
4.7	1981	[20]	τὸν	_	_
4.7	1982	[2]	Χρύσιππον	_	_
4.7	1983	[2]	ἀντειρημένων	_	_
4.7	1984	[49]	.	b	_
5.1	1	[1]	ΓΑΛΗΝΟΥ	_	_
5.1	2	[1]	ΠΕΡΙ	_	_
5.1	3	[1]	ΤΩΝ	_	_
5.1	4	[1]	ΚΑΘ	_	_
5.1	5	[1]	’	b	_
5.1	6	[1]	ΙΠΠΟΚΡΑΤΗΝ	_	_
5.1	7	[1]	ΚΑΙ	_	_
5.1	8	[1]	ΠΛΑΤΩΝΑ	_	_
5.1	9	[1]	ΔΟΓΜΑΤΩΝ	_	_
5.1	10	[1]	ΒΙΒΛΙΟΝ	_	_
5.1	11	[1]	ΠΕΜΠΤΟΝ	_	_
5.1	12	[1]	.	b	_
5.1	13	[1]	Ὁ	_	_
5.1	14	[1]	περὶ	_	_
5.1	15	[1]	τῶν	_	_
5.1	16	[1]	παθῶν	_	_
5.1	17	[1]	τῆς	_	_
5.1	18	[1]	ψυχῆς	_	_
5.1	19	[1]	λόγος	_	_
5.1	20	[1]	ἀναγκαῖος	_	_
5.1	21	[1]	μὲν	_	_
5.1	22	[1]	ἦν	_	_
5.1	23	[1]	ἡμῖν	_	_
5.1	24	[1]	ἐσκέφθαι	_	_
5.1	25	[1]	καὶ	_	_
5.1	26	[1]	δι	_	_
5.1	27	[2]	’	b	_
5.1	28	[1]	ἑαυτόν	_	_
5.1	29	[1]	·	b	_
5.1	30	[1]	ἀναγκαιότερον	_	_
5.1	31	[1]	δὲ	_	_
5.1	32	[1]	ἐποίησαν	_	_
5.1	33	[1]	αὐτὸν	_	_
5.1	34	[1]	οἱ	_	_
5.1	35	[2]	περὶ	_	_
5.1	36	[1]	τὸν	_	_
5.1	37	[1]	Χρύσιππον	_	_
5.1	38	[1]	εἰς	_	_
5.1	39	[1]	ἀπόδειξιν	_	_
5.1	40	[1]	τοῦ	_	_
5.1	41	[1]	περιέχοντος	_	_
5.1	42	[1]	τόπου	_	_
5.1	43	[1]	τὸ	_	_
5.1	44	[2]	τῆς	_	_
5.1	45	[2]	ψυχῆς	_	_
5.1	46	[1]	ἡγεμονοῦν	_	_
5.1	47	[1]	προσχρησάμενοι	_	_
5.1	48	[2]	.	b	_
5.1	49	[1]	δείξαντες	_	_
5.1	50	[1]	γὰρ	_	_
5.1	51	[1]	,	b	_
5.1	52	[1]	ὡς	_	_
5.1	53	[2]	μὲν	_	_
5.1	54	[1]	αὐτοὶ	_	_
5.1	55	[1]	νομίζουσιν	_	_
5.1	56	[2]	,	b	_
5.1	57	[1]	ἅπαντα	_	_
5.1	58	[1]	τὰ	_	_
5.1	59	[1]	πάθη	_	_
5.1	60	[1]	συνιστάμενα	_	_
5.1	61	[1]	κατὰ	_	_
5.1	62	[1]	τὴν	_	_
5.1	63	[1]	καρδίαν	_	_
5.1	64	[3]	,	b	_
5.1	65	[2]	ὡς	_	_
5.1	66	[2]	δὲ	_	_
5.1	67	[1]	τἀληθὲς	_	_
5.1	68	[1]	ἔχει	_	_
5.1	69	[4]	,	b	_
5.1	70	[2]	τὰ	_	_
5.1	71	[2]	κατὰ	_	_
5.1	72	[1]	μόνον	_	_
5.1	73	[2]	τὸν	_	_
5.1	74	[1]	θυμὸν	_	_
5.1	75	[5]	,	b	_
5.1	76	[1]	ἔπειτα	_	_
5.1	77	[1]	προσλαβόντες	_	_
5.1	78	[6]	,	b	_
5.1	79	[3]	ὡς	_	_
5.1	80	[7]	,	b	_
5.1	81	[1]	ἔνθα	_	_
5.1	82	[1]	ἂν	_	_
5.1	83	[1]	ᾖ	_	_
5.1	84	[3]	τὰ	_	_
5.1	85	[2]	πάθη	_	_
5.1	86	[3]	τῆς	_	_
5.1	87	[3]	ψυχῆς	_	_
5.1	88	[8]	,	b	_
5.1	89	[1]	ἐνταῦθ	_	_
5.1	90	[3]	’	b	_
5.1	91	[1]	ἐστὶ	_	_
5.1	92	[2]	καὶ	_	_
5.1	93	[2]	τὸ	_	_
5.1	94	[1]	λογιζόμενον	_	_
5.1	95	[1]	αὐτῆς	_	_
5.1	96	[9]	,	b	_
5.1	97	[1]	οὕτως	_	_
5.1	98	[1]	ἤδη	_	_
5.1	99	[1]	περαίνουσιν	_	_
5.1	100	[10]	,	b	_
5.1	101	[1]	ἐν	_	_
5.1	102	[1]	τῇ	_	_
5.1	103	[1]	καρδίᾳ	_	_
5.1	104	[3]	τὸ	_	_
5.1	105	[1]	λογιστικὸν	_	_
5.1	106	[1]	ὑπάρχειν	_	_
5.1	107	[3]	.	b	_
5.1	108	[1]	ἡμεῖς	_	_
5.1	109	[3]	δὲ	_	_
5.1	110	[11]	,	b	_
5.1	111	[1]	ὅτι	_	_
5.1	112	[3]	μὲν	_	_
5.1	113	[1]	ἐντεῦθεν	_	_
5.1	114	[1]	ὁρμᾶται	_	_
5.1	115	[4]	τὰ	_	_
5.1	116	[3]	κατὰ	_	_
5.1	117	[3]	τὸν	_	_
5.1	118	[2]	θυμὸν	_	_
5.1	119	[12]	,	b	_
5.1	120	[1]	ἀληθεύειν	_	_
5.1	121	[1]	αὐτούς	_	_
5.1	122	[1]	φαμεν	_	_
5.1	123	[13]	,	b	_
5.1	124	[1]	οὐ	_	_
5.1	125	[1]	μὴν	_	_
5.1	126	[1]	οὔθ	_	_
5.1	127	[4]	’	b	_
5.1	128	[2]	ὅτι	_	_
5.1	129	[1]	καθ	_	_
5.1	130	[5]	’	b	_
5.1	131	[1]	ἕνα	_	_
5.1	132	[1]	τόπον	_	_
5.1	133	[1]	ἀναγκαῖόν	_	_
5.1	134	[1]	ἐστι	_	_
5.1	135	[1]	τό	_	_
5.1	136	[1]	τε	_	_
5.1	137	[1]	θυμούμενον	_	_
5.1	138	[1]	εἶναι	_	_
5.1	139	[3]	καὶ	_	_
5.1	140	[4]	τὸ	_	_
5.1	141	[2]	λογιζόμενον	_	_
5.1	142	[14]	,	b	_
5.1	143	[2]	οὔθ	_	_
5.1	144	[6]	’	b	_
5.1	145	[3]	ὅτι	_	_
5.1	146	[1]	μιᾶς	_	_
5.1	147	[1]	δυνάμεώς	_	_
5.1	148	[1]	ἐστον	_	_
5.1	149	[1]	ἔργα	_	_
5.1	150	[1]	συγχωροῦμεν	_	_
5.1	151	[15]	,	b	_
5.1	152	[1]	ἀλλ	_	_
5.1	153	[7]	’	b	_
5.1	154	[1]	ἀποδεικνύειν	_	_
5.1	155	[1]	αὐτοὺς	_	_
5.1	156	[1]	ἀξιοῦμεν	_	_
5.1	157	[16]	,	b	_
5.1	158	[1]	ὥσπερ	_	_
5.1	159	[1]	τἄλλα	_	_
5.1	160	[5]	τὰ	_	_
5.1	161	[4]	κατὰ	_	_
5.1	162	[4]	τὸν	_	_
5.1	163	[1]	λόγον	_	_
5.1	164	[17]	,	b	_
5.1	165	[1]	οὕτω	_	_
5.1	166	[4]	καὶ	_	_
5.1	167	[4]	ὅτι	_	_
5.1	168	[2]	τὴν	_	_
5.1	169	[1]	αὐτὴν	_	_
5.1	170	[1]	ἀρχὴν	_	_
5.1	171	[2]	ἀναγκαῖόν	_	_
5.1	172	[1]	ἐστιν	_	_
5.1	173	[2]	εἶναι	_	_
5.1	174	[2]	τῶν	_	_
5.1	175	[2]	τε	_	_
5.1	176	[2]	παθῶν	_	_
5.1	177	[5]	καὶ	_	_
5.1	178	[2]	τοῦ	_	_
5.1	179	[1]	λογισμοῦ	_	_
5.1	180	[4]	.	b	_
5.1	181	[1]	Χρύσιππος	_	_
5.1	182	[4]	μὲν	_	_
5.1	183	[1]	οὖν	_	_
5.1	184	[2]	ἐν	_	_
5.1	185	[1]	τῷ	_	_
5.1	186	[1]	πρώτῳ	_	_
5.1	187	[3]	περὶ	_	_
5.1	188	[3]	παθῶν	_	_
5.1	189	[1]	ἀποδεικνύναι	_	_
5.1	190	[1]	πειρᾶται	_	_
5.1	191	[18]	,	b	_
5.1	192	[1]	κρίσεις	_	_
5.1	193	[1]	τινὰς	_	_
5.1	194	[3]	εἶναι	_	_
5.1	195	[3]	τοῦ	_	_
5.1	196	[1]	λογιστικοῦ	_	_
5.1	197	[6]	τὰ	_	_
5.1	198	[3]	πάθη	_	_
5.1	199	[19]	,	b	_
5.1	200	[1]	Ζήνων	_	_
5.1	201	[1]	δ	_	_
5.1	202	[8]	’	b	_
5.1	203	[2]	οὐ	_	_
5.1	204	[1]	τὰς	_	_
5.1	205	[2]	κρίσεις	_	_
5.1	206	[1]	αὐτὰς	_	_
5.1	207	[20]	,	b	_
5.1	208	[1]	ἀλλὰ	_	_
5.1	209	[2]	τὰς	_	_
5.1	210	[1]	ἐπιγιγνομένας	_	_
5.1	211	[1]	αὐταῖς	_	_
5.1	212	[1]	συστολὰς	_	_
5.1	213	[6]	καὶ	_	_
5.1	214	[1]	λύσεις	_	_
5.1	215	[21]	,	b	_
5.1	216	[1]	ἐπάρσεις	_	_
5.1	217	[3]	τε	_	_
5.1	218	[7]	καὶ	_	_
5.1	219	[3]	τὰς	_	_
5.1	220	[1]	πτώσεις	_	_
5.1	221	[4]	τῆς	_	_
5.1	222	[4]	ψυχῆς	_	_
5.1	223	[1]	ἐνόμιζεν	_	_
5.1	224	[4]	εἶναι	_	_
5.1	225	[7]	τὰ	_	_
5.1	226	[4]	πάθη	_	_
5.1	227	[5]	.	b	_
5.1	228	[1]	ὁ	_	_
5.1	229	[1]	Ποσειδώνιος	_	_
5.1	230	[2]	δ	_	_
5.1	231	[9]	’	b	_
5.1	232	[1]	ἀμφοτέροις	_	_
5.1	233	[1]	διενεχθεὶς	_	_
5.1	234	[1]	ἐπαινεῖ	_	_
5.1	235	[4]	τε	_	_
5.1	236	[1]	ἅμα	_	_
5.1	237	[8]	καὶ	_	_
5.1	238	[1]	προσίεται	_	_
5.1	239	[5]	τὸ	_	_
5.1	240	[1]	Πλάτωνος	_	_
5.1	241	[1]	δόγμα	_	_
5.1	242	[22]	,	b	_
5.1	243	[9]	καὶ	_	_
5.1	244	[1]	ἀντιλέγει	_	_
5.1	245	[1]	τοῖς	_	_
5.1	246	[4]	περὶ	_	_
5.1	247	[5]	τὸν	_	_
5.1	248	[2]	Χρύσιππον	_	_
5.1	249	[23]	,	b	_
5.1	250	[1]	οὔτε	_	_
5.1	251	[3]	κρίσεις	_	_
5.1	252	[5]	εἶναι	_	_
5.1	253	[8]	τὰ	_	_
5.1	254	[5]	πάθη	_	_
5.1	255	[1]	δεικνύων	_	_
5.1	256	[24]	,	b	_
5.1	257	[2]	οὔτε	_	_
5.1	258	[1]	ἐπιγιγνόμενα	_	_
5.1	259	[1]	κρίσεσι	_	_
5.1	260	[25]	,	b	_
5.1	261	[2]	ἀλλὰ	_	_
5.1	262	[1]	κινήσεις	_	_
5.1	263	[2]	τινὰς	_	_
5.1	264	[1]	ἑτέρων	_	_
5.1	265	[1]	δυνάμεων	_	_
5.1	266	[1]	ἀλόγων	_	_
5.1	267	[26]	,	b	_
5.1	268	[1]	ἃς	_	_
5.1	269	[2]	ὁ	_	_
5.1	270	[1]	Πλάτων	_	_
5.1	271	[1]	ὠνόμασεν	_	_
5.1	272	[1]	ἐπιθυμητικήν	_	_
5.1	273	[5]	τε	_	_
5.1	274	[10]	καὶ	_	_
5.1	275	[1]	θυμοειδῆ	_	_
5.1	276	[6]	.	b	_
5.1	277	[1]	πολλῶν	_	_
5.1	278	[3]	δ	_	_
5.1	279	[10]	’	b	_
5.1	280	[1]	εἰρημένων	_	_
5.1	281	[1]	αὐτῷ	_	_
5.1	282	[1]	πρὸς	_	_
5.1	283	[2]	ἀπόδειξιν	_	_
5.1	284	[4]	τοῦ	_	_
5.1	285	[1]	παλαιοῦ	_	_
5.1	286	[1]	δόγματος	_	_
5.1	287	[27]	,	b	_
5.1	288	[1]	ἃ	_	_
5.1	289	[1]	μέν	_	_
5.1	290	[2]	ἐστιν	_	_
5.1	291	[1]	ἐπίκαιρα	_	_
5.1	292	[28]	,	b	_
5.1	293	[1]	ταῦτ	_	_
5.1	294	[11]	’	b	_
5.1	295	[3]	ἐν	_	_
5.1	296	[2]	τῷ	_	_
5.1	297	[1]	πρὸ	_	_
5.1	298	[1]	τούτου	_	_
5.1	299	[1]	λόγῳ	_	_
5.1	300	[29]	,	b	_
5.1	301	[1]	τετάρτῳ	_	_
5.1	302	[5]	τῆς	_	_
5.1	303	[1]	ὅλης	_	_
5.1	304	[1]	ὄντι	_	_
5.1	305	[1]	πραγματείας	_	_
5.1	306	[30]	,	b	_
5.1	307	[1]	ἐπειράθην	_	_
5.1	308	[1]	εἰπεῖν	_	_
5.1	309	[1]	διὰ	_	_
5.1	310	[1]	βραχέων	_	_
5.1	311	[1]	ἐπὶ	_	_
5.1	312	[2]	τῇ	_	_
5.1	313	[1]	τελευτῇ	_	_
5.1	314	[5]	τοῦ	_	_
5.1	315	[1]	γράμματος	_	_
5.1	316	[7]	.	b	_
5.1	317	[4]	ἐν	_	_
5.1	318	[5]	μὲν	_	_
5.1	319	[2]	γὰρ	_	_
5.1	320	[2]	τοῖς	_	_
5.1	321	[1]	ἔμπροσθεν	_	_
5.1	322	[1]	αὐτὸς	_	_
5.1	323	[1]	ἀπ	_	_
5.1	324	[12]	’	b	_
5.1	325	[1]	ἐμαυτοῦ	_	_
5.1	326	[1]	διῆλθον	_	_
5.1	327	[31]	,	b	_
5.1	328	[1]	ὅσα	_	_
5.1	329	[6]	τε	_	_
5.1	330	[1]	μάχεται	_	_
5.1	331	[3]	τῶν	_	_
5.1	332	[1]	ἐναργῶς	_	_
5.1	333	[1]	φαινομένων	_	_
5.1	334	[3]	τῷ	_	_
5.1	335	[1]	Χρυσίππου	_	_
5.1	336	[1]	δόγματι	_	_
5.1	337	[32]	,	b	_
5.1	338	[11]	καὶ	_	_
5.1	339	[2]	ὅσα	_	_
5.1	340	[2]	πρὸς	_	_
5.1	341	[1]	ἑαυτὸν	_	_
5.1	342	[1]	ἐναντιολογούμενος	_	_
5.1	343	[1]	εἴρηκεν	_	_
5.1	344	[33]	,	b	_
5.1	345	[1]	οὐκ	_	_
5.1	346	[1]	ἀναμείνας	_	_
5.1	347	[6]	τὸν	_	_
5.1	348	[1]	ἔξωθεν	_	_
5.1	349	[1]	κατήγορον	_	_
5.1	350	[8]	.	b	_
5.1	351	[1]	ἱκανὰ	_	_
5.1	352	[6]	μὲν	_	_
5.1	353	[2]	οὖν	_	_
5.1	354	[2]	ἦν	_	_
5.1	355	[12]	καὶ	_	_
5.1	356	[1]	ἐκεῖνα	_	_
5.1	357	[3]	πρὸς	_	_
5.1	358	[3]	ἀπόδειξιν	_	_
5.1	359	[6]	τοῦ	_	_
5.1	360	[1]	πλείους	_	_
5.1	361	[6]	εἶναι	_	_
5.1	362	[1]	δυνάμεις	_	_
5.1	363	[34]	,	b	_
5.1	364	[1]	αἷς	_	_
5.1	365	[1]	ἐπιθυμοῦμέν	_	_
5.1	366	[7]	τε	_	_
5.1	367	[13]	καὶ	_	_
5.1	368	[1]	θυμούμεθα	_	_
5.1	369	[14]	καὶ	_	_
5.1	370	[1]	λογιζόμεθα	_	_
5.1	371	[35]	,	b	_
5.1	372	[15]	καὶ	_	_
5.1	373	[1]	μὴ	_	_
5.1	374	[1]	μίαν	_	_
5.1	375	[36]	,	b	_
5.1	376	[4]	ὡς	_	_
5.1	377	[3]	ὁ	_	_
5.1	378	[2]	Χρύσιππος	_	_
5.1	379	[1]	οἴεται	_	_
5.1	380	[9]	.	b	_
5.1	381	[1]	προσκείσεται	_	_
5.1	382	[4]	δ	_	_
5.1	383	[13]	’	b	_
5.1	384	[2]	οὐκ	_	_
5.1	385	[1]	ὀλίγα	_	_
5.1	386	[16]	καὶ	_	_
5.1	387	[5]	κατὰ	_	_
5.1	388	[1]	τοῦτον	_	_
5.1	389	[1]	ἔτι	_	_
5.1	390	[7]	τὸν	_	_
5.1	391	[2]	λόγον	_	_
5.1	392	[37]	,	b	_
5.1	393	[3]	ὅσα	_	_
5.1	394	[4]	ὁ	_	_
5.1	395	[3]	Χρύσιππος	_	_
5.1	396	[2]	αὐτὸς	_	_
5.1	397	[2]	ἐναντιολογούμενος	_	_
5.1	398	[1]	αὑτῷ	_	_
5.1	399	[1]	μαρτυρεῖ	_	_
5.1	400	[3]	τοῖς	_	_
5.1	401	[1]	τ	_	_
5.1	402	[14]	’	b	_
5.1	403	[1]	ἀληθέσιν	_	_
5.1	404	[2]	ἅμα	_	_
5.1	405	[17]	καὶ	_	_
5.1	406	[4]	τῷ	_	_
5.1	407	[1]	παλαιῷ	_	_
5.1	408	[2]	δόγματι	_	_
5.1	409	[10]	.	b	_
5.1	410	[9]	τὰ	_	_
5.1	411	[7]	μὲν	_	_
5.1	412	[3]	γὰρ	_	_
5.1	413	[1]	ἄλλα	_	_
5.1	414	[10]	τὰ	_	_
5.1	415	[1]	κακῶς	_	_
5.1	416	[1]	εἰρημένα	_	_
5.1	417	[1]	παρ	_	_
5.1	418	[15]	’	b	_
5.1	419	[1]	αὐτοῦ	_	_
5.1	420	[38]	,	b	_
5.1	421	[1]	καίτοι	_	_
5.1	422	[1]	πάμπολλα	_	_
5.1	423	[8]	τὸν	_	_
5.1	424	[1]	ἀριθμὸν	_	_
5.1	425	[1]	ὄντα	_	_
5.1	426	[39]	,	b	_
5.1	427	[1]	παρελθεῖν	_	_
5.1	428	[1]	ἔκρινα	_	_
5.1	429	[40]	,	b	_
5.1	430	[1]	πολύβιβλόν	_	_
5.1	431	[8]	τε	_	_
5.1	432	[3]	ἅμα	_	_
5.1	433	[3]	τὴν	_	_
5.1	434	[1]	πραγματείαν	_	_
5.1	435	[1]	ἔσεσθαί	_	_
5.1	436	[1]	μοι	_	_
5.1	437	[1]	νομίζων	_	_
5.1	438	[41]	,	b	_
5.1	439	[1]	εἰ	_	_
5.1	440	[1]	πάντ	_	_
5.1	441	[16]	’	b	_
5.1	442	[1]	ἐξελέγχοιμι	_	_
5.1	443	[1]	καλῶς	_	_
5.1	444	[42]	,	b	_
5.1	445	[1]	πεπεισμένος	_	_
5.1	446	[9]	τε	_	_
5.1	447	[1]	ὑπὸ	_	_
5.1	448	[1]	φιλονεικίας	_	_
5.1	449	[6]	τῆς	_	_
5.1	450	[4]	πρὸς	_	_
5.1	451	[1]	τοὺς	_	_
5.1	452	[1]	παλαιοὺς	_	_
5.1	453	[1]	ἐριστικώτερον	_	_
5.1	454	[1]	ὑπὲρ	_	_
5.1	455	[1]	αὐτῶν	_	_
5.1	456	[1]	ἀντεροῦντάς	_	_
5.1	457	[2]	μοι	_	_
5.1	458	[2]	τοὺς	_	_
5.1	459	[1]	ἐπαινοῦντας	_	_
5.1	460	[11]	τὰ	_	_
5.1	461	[2]	Χρυσίππου	_	_
5.1	462	[1]	δόγματα	_	_
5.1	463	[11]	.	b	_
5.1	464	[5]	ἐν	_	_
5.1	465	[1]	οἷς	_	_
5.1	466	[4]	δὲ	_	_
5.1	467	[3]	αὐτὸς	_	_
5.1	468	[2]	ἑαυτὸν	_	_
5.1	469	[1]	καταβάλλει	_	_
5.1	470	[1]	μετὰ	_	_
5.1	471	[7]	τοῦ	_	_
5.1	472	[18]	καὶ	_	_
5.1	473	[1]	μάχεσθαι	_	_
5.1	474	[4]	τοῖς	_	_
5.1	475	[2]	ἐναργῶς	_	_
5.1	476	[1]	φαινομένοις	_	_
5.1	477	[43]	,	b	_
5.1	478	[6]	ἐν	_	_
5.1	479	[1]	τούτοις	_	_
5.1	480	[1]	ἡγοῦμαι	_	_
5.1	481	[1]	τάχα	_	_
5.1	482	[2]	ἂν	_	_
5.1	483	[1]	αἰδεσθῆναί	_	_
5.1	484	[1]	τέ	_	_
5.1	485	[1]	τινα	_	_
5.1	486	[19]	καὶ	_	_
5.1	487	[1]	μεταστῆναι	_	_
5.1	488	[5]	πρὸς	_	_
5.1	489	[12]	τὰ	_	_
5.1	490	[1]	βελτίω	_	_
5.1	491	[44]	,	b	_
5.1	492	[1]	καθάπερ	_	_
5.1	493	[20]	καὶ	_	_
5.1	494	[5]	ὁ	_	_
5.1	495	[2]	Ποσειδώνιος	_	_
5.1	496	[1]	ἐποίησεν	_	_
5.1	497	[45]	,	b	_
5.1	498	[1]	αἰδεσθεὶς	_	_
5.1	499	[1]	συναγορεῦσαι	_	_
5.1	500	[1]	ψευδεῖ	_	_
5.1	501	[1]	φανερῶς	_	_
5.1	502	[3]	δόγματι	_	_
5.1	503	[5]	τῷ	_	_
5.1	504	[4]	τῶν	_	_
5.1	505	[1]	ἄλλων	_	_
5.1	506	[1]	Στωϊκῶν	_	_
5.1	507	[46]	,	b	_
5.1	508	[1]	οἵ	_	_
5.1	509	[1]	γε	_	_
5.1	510	[1]	μέχρι	_	_
5.1	511	[1]	τοσούτου	_	_
5.1	512	[2]	φιλονεικίας	_	_
5.1	513	[1]	ἥκουσιν	_	_
5.1	514	[47]	,	b	_
5.1	515	[1]	ὥστ	_	_
5.1	516	[17]	’	b	_
5.1	517	[48]	,	b	_
5.1	518	[1]	ἐπειδὴ	_	_
5.1	519	[7]	τῆς	_	_
5.1	520	[1]	λογικῆς	_	_
5.1	521	[1]	δυνάμεως	_	_
5.1	522	[1]	ἔφασαν	_	_
5.1	523	[7]	εἶναι	_	_
5.1	524	[13]	τὰ	_	_
5.1	525	[6]	πάθη	_	_
5.1	526	[49]	,	b	_
5.1	527	[5]	τοῖς	_	_
5.1	528	[1]	ἀλόγοις	_	_
5.1	529	[1]	ζώοις	_	_
5.1	530	[2]	μὴ	_	_
5.1	531	[1]	μετέχειν	_	_
5.1	532	[2]	αὐτῶν	_	_
5.1	533	[1]	συγχωρεῖν	_	_
5.1	534	[50]	,	b	_
5.1	535	[2]	οἱ	_	_
5.1	536	[1]	πλεῖστοι	_	_
5.1	537	[5]	δ	_	_
5.1	538	[18]	’	b	_
5.1	539	[1]	οὐδὲ	_	_
5.1	540	[6]	τοῖς	_	_
5.1	541	[1]	παιδίοις	_	_
5.1	542	[51]	,	b	_
5.1	543	[5]	ὅτι	_	_
5.1	544	[1]	δηλαδὴ	_	_
5.1	545	[21]	καὶ	_	_
5.1	546	[2]	ταῦτ	_	_
5.1	547	[19]	’	b	_
5.1	548	[1]	οὐδέπω	_	_
5.1	549	[1]	λογικά	_	_
5.1	550	[12]	.	b	_
5.1	551	[6]	τὸ	_	_
5.1	552	[8]	μὲν	_	_
5.1	553	[3]	οὖν	_	_
5.1	554	[2]	οὕτως	_	_
5.1	555	[1]	ἀναισχυντεῖν	_	_
5.1	556	[6]	πρὸς	_	_
5.1	557	[14]	τὰ	_	_
5.1	558	[1]	πᾶσιν	_	_
5.1	559	[1]	ἀνθρώποις	_	_
5.1	560	[3]	ἐναργῶς	_	_
5.1	561	[1]	φαινόμενα	_	_
5.1	562	[1]	σοφιστῶν	_	_
5.1	563	[1]	ἔργον	_	_
5.1	564	[2]	ἐστὶ	_	_
5.1	565	[52]	,	b	_
5.1	566	[7]	τὸ	_	_
5.1	567	[5]	δὲ	_	_
5.1	568	[1]	μηδὲ	_	_
5.1	569	[1]	ἅπερ	_	_
5.1	570	[1]	ὑπέθεντο	_	_
5.1	571	[1]	δύνασθαι	_	_
5.1	572	[1]	διαφυλάττειν	_	_
5.1	573	[53]	,	b	_
5.1	574	[2]	ἀλλ	_	_
5.1	575	[20]	’	b	_
5.1	576	[1]	ἐναντία	_	_
5.1	577	[1]	γράφειν	_	_
5.1	578	[3]	αὐτῶν	_	_
5.1	579	[54]	,	b	_
5.1	580	[1]	ἀγυμνάστων	_	_
5.1	581	[5]	περὶ	_	_
5.1	582	[3]	λόγον	_	_
5.1	583	[1]	ἀνθρώπων	_	_
5.1	584	[55]	,	b	_
5.1	585	[1]	οἷός	_	_
5.1	586	[1]	περ	_	_
5.1	587	[22]	καὶ	_	_
5.1	588	[6]	ὁ	_	_
5.1	589	[1]	θαυμασιώτατος	_	_
5.1	590	[4]	Χρύσιππος	_	_
5.1	591	[7]	ἐν	_	_
5.1	592	[1]	παμπόλλαις	_	_
5.1	593	[1]	εὑρίσκεται	_	_
5.1	594	[1]	πραγματείαις	_	_
5.1	595	[13]	.	b	_
5.1	596	[3]	ἀλλὰ	_	_
5.1	597	[6]	περὶ	_	_
5.1	598	[9]	μὲν	_	_
5.1	599	[5]	τῶν	_	_
5.1	600	[2]	ἄλλων	_	_
5.1	601	[1]	ἑτέρωθι	_	_
5.1	602	[14]	.	b	_
5.2	1	[1]	Περὶ	_	_
5.2	2	[1]	δὲ	_	_
5.2	3	[1]	τῶν	_	_
5.2	4	[1]	τῆς	_	_
5.2	5	[1]	ψυχῆς	_	_
5.2	6	[1]	παθῶν	_	_
5.2	7	[1]	,	b	_
5.2	8	[1]	ὡς	_	_
5.2	9	[1]	οὐκ	_	_
5.2	10	[1]	ἔστι	_	_
5.2	11	[2]	τῆς	_	_
5.2	12	[1]	λογικῆς	_	_
5.2	13	[1]	δυνάμεως	_	_
5.2	14	[2]	,	b	_
5.2	15	[1]	ἤδη	_	_
5.2	16	[1]	μέν	_	_
5.2	17	[1]	μοι	_	_
5.2	18	[1]	καὶ	_	_
5.2	19	[1]	τὸ	_	_
5.2	20	[1]	πρὸ	_	_
5.2	21	[1]	τούτου	_	_
5.2	22	[1]	πεπλήρωται	_	_
5.2	23	[1]	βιβλίον	_	_
5.2	24	[1]	ὧν	_	_
5.2	25	[1]	αὐτὸς	_	_
5.2	26	[1]	ἀκούων	_	_
5.2	27	[1]	ὁμολογεῖ	_	_
5.2	28	[3]	,	b	_
5.2	29	[1]	πληρωθήσεται	_	_
5.2	30	[1]	δ	_	_
5.2	31	[1]	’	b	_
5.2	32	[1]	οὐδὲν	_	_
5.2	33	[1]	ἧττον	_	_
5.2	34	[2]	καὶ	_	_
5.2	35	[1]	τοῦτο	_	_
5.2	36	[1]	τὴν	_	_
5.2	37	[1]	ἀρχὴν	_	_
5.2	38	[1]	ἐνθένδε	_	_
5.2	39	[1]	ποιησαμένῳ	_	_
5.2	40	[1]	.	b	_
5.2	41	[2]	τὸ	_	_
5.2	42	[1]	πάθος	_	_
5.2	43	[3]	τῆς	_	_
5.2	44	[2]	ψυχῆς	_	_
5.2	45	[1]	κίνησίν	_	_
5.2	46	[1]	τινα	_	_
5.2	47	[1]	παρὰ	_	_
5.2	48	[1]	φύσιν	_	_
5.2	49	[1]	ἄλογον	_	_
5.2	50	[1]	ὑπάρχειν	_	_
5.2	51	[4]	,	b	_
5.2	52	[1]	οὐχ	_	_
5.2	53	[1]	οἱ	_	_
5.2	54	[1]	παλαιοὶ	_	_
5.2	55	[1]	μόνον	_	_
5.2	56	[5]	,	b	_
5.2	57	[1]	ἀλλὰ	_	_
5.2	58	[3]	καὶ	_	_
5.2	59	[1]	Χρύσιππος	_	_
5.2	60	[2]	ὁμολογεῖ	_	_
5.2	61	[2]	.	b	_
5.2	62	[4]	καὶ	_	_
5.2	63	[1]	μὲν	_	_
5.2	64	[1]	δὴ	_	_
5.2	65	[2]	ὡς	_	_
5.2	66	[1]	ἡ	_	_
5.2	67	[1]	κίνησις	_	_
5.2	68	[1]	αὕτη	_	_
5.2	69	[1]	ταῖς	_	_
5.2	70	[2]	τῶν	_	_
5.2	71	[1]	ἀστείων	_	_
5.2	72	[2]	οὐκ	_	_
5.2	73	[1]	ἐγγίνεται	_	_
5.2	74	[1]	ψυχαῖς	_	_
5.2	75	[6]	,	b	_
5.2	76	[1]	ὡμολόγηται	_	_
5.2	77	[1]	παρ	_	_
5.2	78	[2]	’	b	_
5.2	79	[1]	ἀμφοῖν	_	_
5.2	80	[3]	.	b	_
5.2	81	[1]	ὁποία	_	_
5.2	82	[1]	δέ	_	_
5.2	83	[1]	τίς	_	_
5.2	84	[1]	ἐστιν	_	_
5.2	85	[2]	ἡ	_	_
5.2	86	[3]	τῶν	_	_
5.2	87	[1]	φαύλων	_	_
5.2	88	[1]	ψυχὴ	_	_
5.2	89	[1]	κατά	_	_
5.2	90	[1]	τε	_	_
5.2	91	[1]	τὰ	_	_
5.2	92	[1]	πάθη	_	_
5.2	93	[5]	καὶ	_	_
5.2	94	[2]	πρὸ	_	_
5.2	95	[4]	τῶν	_	_
5.2	96	[2]	παθῶν	_	_
5.2	97	[7]	,	b	_
5.2	98	[3]	οὐκ	_	_
5.2	99	[1]	ἔθ	_	_
5.2	100	[3]	’	b	_
5.2	101	[1]	ὁμοίως	_	_
5.2	102	[1]	ἐξηγοῦνται	_	_
5.2	103	[4]	.	b	_
5.2	104	[2]	Χρύσιππος	_	_
5.2	105	[2]	μὲν	_	_
5.2	106	[1]	γὰρ	_	_
5.2	107	[1]	ἀνάλογον	_	_
5.2	108	[1]	ἔχειν	_	_
5.2	109	[1]	αὐτήν	_	_
5.2	110	[1]	φησι	_	_
5.2	111	[1]	τοῖς	_	_
5.2	112	[1]	ἐπιτηδείοις	_	_
5.2	113	[1]	σώμασιν	_	_
5.2	114	[1]	εἰς	_	_
5.2	115	[1]	πυρετοὺς	_	_
5.2	116	[1]	ἐμπίπτειν	_	_
5.2	117	[8]	,	b	_
5.2	118	[1]	ἢ	_	_
5.2	119	[1]	διαῤῥοίας	_	_
5.2	120	[9]	,	b	_
5.2	121	[1]	ἤ	_	_
5.2	122	[1]	τι	_	_
5.2	123	[1]	τοιοῦτον	_	_
5.2	124	[1]	ἕτερον	_	_
5.2	125	[1]	ἐπὶ	_	_
5.2	126	[1]	μικρᾷ	_	_
5.2	127	[6]	καὶ	_	_
5.2	128	[1]	τυχούσῃ	_	_
5.2	129	[1]	προφάσει	_	_
5.2	130	[5]	.	b	_
5.2	131	[7]	καὶ	_	_
5.2	132	[1]	μέμφεταί	_	_
5.2	133	[1]	γε	_	_
5.2	134	[1]	ὁ	_	_
5.2	135	[1]	Ποσειδώνιος	_	_
5.2	136	[1]	αὐτοῦ	_	_
5.2	137	[2]	τὴν	_	_
5.2	138	[1]	εἰκόνα	_	_
5.2	139	[1]	·	b	_
5.2	140	[1]	χρῆναι	_	_
5.2	141	[1]	γάρ	_	_
5.2	142	[1]	φησιν	_	_
5.2	143	[1]	οὐ	_	_
5.2	144	[1]	τούτοις	_	_
5.2	145	[10]	,	b	_
5.2	146	[2]	ἀλλὰ	_	_
5.2	147	[2]	τοῖς	_	_
5.2	148	[1]	ἁπλῶς	_	_
5.2	149	[1]	ὑγιαίνουσι	_	_
5.2	150	[2]	σώμασιν	_	_
5.2	151	[1]	εἰκάσαι	_	_
5.2	152	[3]	τὴν	_	_
5.2	153	[5]	τῶν	_	_
5.2	154	[2]	φαύλων	_	_
5.2	155	[1]	ψυχήν	_	_
5.2	156	[2]	·	b	_
5.2	157	[1]	εἴτε	_	_
5.2	158	[2]	γὰρ	_	_
5.2	159	[2]	ἐπὶ	_	_
5.2	160	[1]	μεγάλοις	_	_
5.2	161	[1]	αἰτίοις	_	_
5.2	162	[11]	,	b	_
5.2	163	[1]	εἴτ	_	_
5.2	164	[4]	’	b	_
5.2	165	[3]	ἐπὶ	_	_
5.2	166	[1]	μικροῖς	_	_
5.2	167	[1]	πυρέττοιεν	_	_
5.2	168	[12]	,	b	_
5.2	169	[2]	οὐδὲν	_	_
5.2	170	[1]	διαφέρειν	_	_
5.2	171	[3]	ὡς	_	_
5.2	172	[1]	πρὸς	_	_
5.2	173	[3]	τὸ	_	_
5.2	174	[1]	πάσχειν	_	_
5.2	175	[2]	τε	_	_
5.2	176	[1]	αὐτὰ	_	_
5.2	177	[8]	καὶ	_	_
5.2	178	[2]	εἰς	_	_
5.2	179	[2]	πάθος	_	_
5.2	180	[1]	ἄγεσθαι	_	_
5.2	181	[1]	καθ	_	_
5.2	182	[5]	’	b	_
5.2	183	[1]	ὁτιοῦν	_	_
5.2	184	[13]	,	b	_
5.2	185	[3]	ἀλλὰ	_	_
5.2	186	[1]	τῷ	_	_
5.2	187	[2]	τὰ	_	_
5.2	188	[3]	μὲν	_	_
5.2	189	[1]	εὐέμπτωτα	_	_
5.2	190	[1]	εἶναι	_	_
5.2	191	[14]	,	b	_
5.2	192	[3]	τὰ	_	_
5.2	193	[2]	δὲ	_	_
5.2	194	[1]	δύσπτωτα	_	_
5.2	195	[2]	διαφέρειν	_	_
5.2	196	[1]	ἀλλήλων	_	_
5.2	197	[6]	.	b	_
5.2	198	[1]	οὔκουν	_	_
5.2	199	[1]	ὀρθῶς	_	_
5.2	200	[1]	εἰκάζεσθαί	_	_
5.2	201	[2]	φησιν	_	_
5.2	202	[1]	ὑπὸ	_	_
5.2	203	[1]	τοῦ	_	_
5.2	204	[1]	Χρυσίππου	_	_
5.2	205	[4]	τὴν	_	_
5.2	206	[4]	μὲν	_	_
5.2	207	[1]	ὑγίειαν	_	_
5.2	208	[4]	τῆς	_	_
5.2	209	[3]	ψυχῆς	_	_
5.2	210	[1]	τῇ	_	_
5.2	211	[2]	τοῦ	_	_
5.2	212	[1]	σώματος	_	_
5.2	213	[1]	ὑγιείᾳ	_	_
5.2	214	[15]	,	b	_
5.2	215	[5]	τὴν	_	_
5.2	216	[3]	δὲ	_	_
5.2	217	[1]	νόσον	_	_
5.2	218	[2]	τῇ	_	_
5.2	219	[1]	ῥᾳδίως	_	_
5.2	220	[3]	εἰς	_	_
5.2	221	[1]	νόσημα	_	_
5.2	222	[1]	ἐμπιπτούσῃ	_	_
5.2	223	[1]	καταστάσει	_	_
5.2	224	[3]	τοῦ	_	_
5.2	225	[2]	σώματος	_	_
5.2	226	[3]	·	b	_
5.2	227	[1]	ἀπαθῆ	_	_
5.2	228	[5]	μὲν	_	_
5.2	229	[3]	γὰρ	_	_
5.2	230	[1]	γίγνεσθαι	_	_
5.2	231	[1]	ψυχὴν	_	_
5.2	232	[6]	τὴν	_	_
5.2	233	[4]	τοῦ	_	_
5.2	234	[1]	σοφοῦ	_	_
5.2	235	[1]	δηλονότι	_	_
5.2	236	[16]	,	b	_
5.2	237	[1]	σῶμα	_	_
5.2	238	[2]	δ	_	_
5.2	239	[6]	’	b	_
5.2	240	[3]	οὐδὲν	_	_
5.2	241	[2]	ὑπάρχειν	_	_
5.2	242	[1]	ἀπαθὲς	_	_
5.2	243	[17]	,	b	_
5.2	244	[4]	ἀλλὰ	_	_
5.2	245	[1]	δικαιότερον	_	_
5.2	246	[2]	εἶναι	_	_
5.2	247	[1]	προσεικάζειν	_	_
5.2	248	[1]	τὰς	_	_
5.2	249	[6]	τῶν	_	_
5.2	250	[3]	φαύλων	_	_
5.2	251	[1]	ψυχὰς	_	_
5.2	252	[1]	ἤτοι	_	_
5.2	253	[3]	τῇ	_	_
5.2	254	[1]	σωματικῇ	_	_
5.2	255	[2]	ὑγιείᾳ	_	_
5.2	256	[1]	ἐχούσῃ	_	_
5.2	257	[4]	τὸ	_	_
5.2	258	[1]	εὐέμπτωτον	_	_
5.2	259	[4]	εἰς	_	_
5.2	260	[2]	νόσον	_	_
5.2	261	[18]	,	b	_
5.2	262	[1]	(	a	_
5.2	263	[1]	οὕτω	_	_
5.2	264	[4]	γὰρ	_	_
5.2	265	[1]	ὠνόμασεν	_	_
5.2	266	[2]	ὁ	_	_
5.2	267	[2]	Ποσειδώνιος	_	_
5.2	268	[19]	,	b	_
5.2	269	[1]	)	b	_
5.2	270	[2]	ἢ	_	_
5.2	271	[1]	αὐτῇ	_	_
5.2	272	[4]	τῇ	_	_
5.2	273	[1]	νόσῳ	_	_
5.2	274	[20]	,	b	_
5.2	275	[3]	εἶναι	_	_
5.2	276	[5]	γὰρ	_	_
5.2	277	[1]	μᾶλλον	_	_
5.2	278	[1]	νοσώδη	_	_
5.2	279	[1]	τινὰ	_	_
5.2	280	[1]	ἕξιν	_	_
5.2	281	[21]	,	b	_
5.2	282	[3]	ἢ	_	_
5.2	283	[2]	ἤδη	_	_
5.2	284	[1]	νοσοῦσαν	_	_
5.2	285	[7]	.	b	_
5.2	286	[1]	συμφέρεται	_	_
5.2	287	[1]	μέντοι	_	_
5.2	288	[2]	τῷ	_	_
5.2	289	[1]	Χρυσίππῳ	_	_
5.2	290	[9]	καὶ	_	_
5.2	291	[2]	αὐτὸς	_	_
5.2	292	[22]	,	b	_
5.2	293	[4]	ὡς	_	_
5.2	294	[1]	νοσεῖν	_	_
5.2	295	[3]	τε	_	_
5.2	296	[10]	καὶ	_	_
5.2	297	[1]	λέγειν	_	_
5.2	298	[7]	τὴν	_	_
5.2	299	[2]	ψυχὴν	_	_
5.2	300	[1]	ἅπαντας	_	_
5.2	301	[1]	τοὺς	_	_
5.2	302	[1]	φαύλους	_	_
5.2	303	[23]	,	b	_
5.2	304	[1]	ἐοικέναι	_	_
5.2	305	[4]	τε	_	_
5.2	306	[8]	τὴν	_	_
5.2	307	[3]	νόσον	_	_
5.2	308	[1]	αὐτῶν	_	_
5.2	309	[2]	ταῖς	_	_
5.2	310	[1]	εἰρημέναις	_	_
5.2	311	[5]	τοῦ	_	_
5.2	312	[3]	σώματος	_	_
5.2	313	[1]	καταστάσεσι	_	_
5.2	314	[8]	.	b	_
5.2	315	[1]	λέγει	_	_
5.2	316	[1]	γοῦν	_	_
5.2	317	[1]	ᾧδε	_	_
5.2	318	[1]	κατὰ	_	_
5.2	319	[1]	λέξιν	_	_
5.2	320	[4]	·	b	_
5.2	321	[1]	διὸ	_	_
5.2	322	[11]	καὶ	_	_
5.2	323	[3]	ἡ	_	_
5.2	324	[1]	νόσος	_	_
5.2	325	[5]	τῆς	_	_
5.2	326	[4]	ψυχῆς	_	_
5.2	327	[1]	ἔοικεν	_	_
5.2	328	[24]	,	b	_
5.2	329	[2]	οὐχ	_	_
5.2	330	[25]	,	b	_
5.2	331	[5]	ὡς	_	_
5.2	332	[3]	ὁ	_	_
5.2	333	[3]	Χρύσιππος	_	_
5.2	334	[1]	ὑπείληφε	_	_
5.2	335	[26]	,	b	_
5.2	336	[5]	τῇ	_	_
5.2	337	[1]	νοσώδει	_	_
5.2	338	[1]	καχεξίᾳ	_	_
5.2	339	[6]	τοῦ	_	_
5.2	340	[4]	σώματος	_	_
5.2	341	[27]	,	b	_
5.2	342	[2]	καθ	_	_
5.2	343	[7]	’	b	_
5.2	344	[1]	ἣν	_	_
5.2	345	[1]	ὑποφέρεται	_	_
5.2	346	[1]	ῥομβώδεσιν	_	_
5.2	347	[28]	,	b	_
5.2	348	[1]	οὐχὶ	_	_
5.2	349	[1]	περιοδικοῖς	_	_
5.2	350	[29]	,	b	_
5.2	351	[1]	οἷς	_	_
5.2	352	[1]	τ	_	_
5.2	353	[8]	’	b	_
5.2	354	[1]	ἐμπίπτε	_	_
5.2	355	[1]	ἰπυρετοῖς	_	_
5.2	356	[30]	,	b	_
5.2	357	[5]	ἀλλὰ	_	_
5.2	358	[2]	μᾶλλον	_	_
5.2	359	[2]	ἔοικεν	_	_
5.2	360	[4]	ἡ	_	_
5.2	361	[1]	ψυχικὴ	_	_
5.2	362	[2]	νόσος	_	_
5.2	363	[2]	ἤτοι	_	_
5.2	364	[2]	σωματικῇ	_	_
5.2	365	[3]	ὑγιείᾳ	_	_
5.2	366	[2]	ἐχούσῃ	_	_
5.2	367	[5]	τὸ	_	_
5.2	368	[2]	εὐέμπτωτον	_	_
5.2	369	[5]	εἰς	_	_
5.2	370	[9]	τὴν	_	_
5.2	371	[4]	νόσον	_	_
5.2	372	[31]	,	b	_
5.2	373	[4]	ἢ	_	_
5.2	374	[2]	αὐτῇ	_	_
5.2	375	[6]	τῇ	_	_
5.2	376	[2]	νόσῳ	_	_
5.2	377	[9]	.	b	_
5.2	378	[2]	ἔστι	_	_
5.2	379	[6]	γὰρ	_	_
5.2	380	[5]	ἡ	_	_
5.2	381	[6]	μὲν	_	_
5.2	382	[1]	σωματικὴ	_	_
5.2	383	[3]	νόσος	_	_
5.2	384	[1]	ἕξις	_	_
5.2	385	[3]	ἤδη	_	_
5.2	386	[1]	νοσοῦσα	_	_
5.2	387	[32]	,	b	_
5.2	388	[6]	ἡ	_	_
5.2	389	[4]	δὲ	_	_
5.2	390	[2]	ὑπὸ	_	_
5.2	391	[7]	τοῦ	_	_
5.2	392	[2]	Χρυσίππου	_	_
5.2	393	[1]	λεγομένη	_	_
5.2	394	[4]	νόσος	_	_
5.2	395	[1]	εὐεμπτωσίᾳ	_	_
5.2	396	[3]	μᾶλλον	_	_
5.2	397	[3]	ἔοικεν	_	_
5.2	398	[6]	εἰς	_	_
5.2	399	[1]	πυρετούς	_	_
5.2	400	[10]	.	b	_
5.2	401	[1]	ἐν	_	_
5.2	402	[2]	τούτοις	_	_
5.2	403	[1]	τὸν	_	_
5.2	404	[1]	Ποσειδώνιον	_	_
5.2	405	[1]	ἐπαινῶ	_	_
5.2	406	[7]	μὲν	_	_
5.2	407	[33]	,	b	_
5.2	408	[1]	ὅτι	_	_
5.2	409	[3]	τοῖς	_	_
5.2	410	[2]	ὑγιαίνουσι	_	_
5.2	411	[3]	σώμασιν	_	_
5.2	412	[2]	ὁμοίως	_	_
5.2	413	[2]	ἔχειν	_	_
5.2	414	[1]	φησὶ	_	_
5.2	415	[2]	τὰς	_	_
5.2	416	[7]	τῶν	_	_
5.2	417	[4]	φαύλων	_	_
5.2	418	[2]	ψυχὰς	_	_
5.2	419	[34]	,	b	_
5.2	420	[1]	ὅταν	_	_
5.2	421	[1]	ἔξω	_	_
5.2	422	[3]	παθῶν	_	_
5.2	423	[1]	καθεστήκωσιν	_	_
5.2	424	[35]	,	b	_
5.2	425	[4]	οὐκ	_	_
5.2	426	[2]	ἐπαινῶ	_	_
5.2	427	[5]	δὲ	_	_
5.2	428	[5]	νόσον	_	_
5.2	429	[1]	ὀνομάζοντα	_	_
5.2	430	[10]	τὴν	_	_
5.2	431	[1]	τοιαύτην	_	_
5.2	432	[1]	κατάστασιν	_	_
5.2	433	[11]	.	b	_
5.2	434	[1]	ἐχρῆν	_	_
5.2	435	[7]	γὰρ	_	_
5.2	436	[36]	,	b	_
5.2	437	[1]	εἴπερ	_	_
5.2	438	[2]	ὀρθῶς	_	_
5.2	439	[1]	εἴκαζε	_	_
5.2	440	[37]	,	b	_
5.2	441	[3]	τὰς	_	_
5.2	442	[8]	μὲν	_	_
5.2	443	[8]	τῶν	_	_
5.2	444	[1]	σπουδαίων	_	_
5.2	445	[3]	ψυχὰς	_	_
5.2	446	[3]	ὁμοίως	_	_
5.2	447	[3]	ἔχειν	_	_
5.2	448	[1]	φάναι	_	_
5.2	449	[4]	τοῖς	_	_
5.2	450	[1]	ἀπαθέσι	_	_
5.2	451	[4]	σώμασιν	_	_
5.2	452	[38]	,	b	_
5.2	453	[2]	εἴτ	_	_
5.2	454	[9]	’	b	_
5.2	455	[1]	οὗν	_	_
5.2	456	[2]	ἐστιν	_	_
5.2	457	[39]	,	b	_
5.2	458	[3]	εἴτ	_	_
5.2	459	[10]	’	b	_
5.2	460	[5]	οὐκ	_	_
5.2	461	[3]	ἔστι	_	_
5.2	462	[2]	τινὰ	_	_
5.2	463	[1]	τοιαῦτα	_	_
5.2	464	[40]	,	b	_
5.2	465	[2]	(	a	_
5.2	466	[1]	περιττὸν	_	_
5.2	467	[8]	γὰρ	_	_
5.2	468	[6]	ὡς	_	_
5.2	469	[2]	πρὸς	_	_
5.2	470	[11]	τὴν	_	_
5.2	471	[1]	προκειμένην	_	_
5.2	472	[2]	εἰκόνα	_	_
5.2	473	[1]	διασκέπτεσθαι	_	_
5.2	474	[2]	τοῦτο	_	_
5.2	475	[41]	,	b	_
5.2	476	[2]	)	b	_
5.2	477	[4]	τὰς	_	_
5.2	478	[6]	δὲ	_	_
5.2	479	[9]	τῶν	_	_
5.2	480	[1]	προκοπτόντων	_	_
5.2	481	[5]	τοῖς	_	_
5.2	482	[1]	εὐεκτικοῖς	_	_
5.2	483	[42]	,	b	_
5.2	484	[5]	τὰς	_	_
5.2	485	[7]	δὲ	_	_
5.2	486	[10]	τῶν	_	_
5.2	487	[1]	μετρίων	_	_
5.2	488	[1]	ἀνδρῶν	_	_
5.2	489	[6]	τοῖς	_	_
5.2	490	[3]	ὑγιαίνουσι	_	_
5.2	491	[1]	χωρὶς	_	_
5.2	492	[1]	εὐεξίας	_	_
5.2	493	[43]	,	b	_
5.2	494	[6]	τὰς	_	_
5.2	495	[8]	δὲ	_	_
5.2	496	[11]	τῶν	_	_
5.2	497	[1]	πολλῶν	_	_
5.2	498	[5]	τε	_	_
5.2	499	[12]	καὶ	_	_
5.2	500	[5]	φαύλων	_	_
5.2	501	[7]	τοῖς	_	_
5.2	502	[4]	ἐπὶ	_	_
5.2	503	[1]	σμικρᾷ	_	_
5.2	504	[2]	προφάσει	_	_
5.2	505	[1]	νοσοῦσι	_	_
5.2	506	[44]	,	b	_
5.2	507	[7]	τὰς	_	_
5.2	508	[9]	δὲ	_	_
5.2	509	[12]	τῶν	_	_
5.2	510	[1]	ὀργιζομένων	_	_
5.2	511	[45]	,	b	_
5.2	512	[5]	ἢ	_	_
5.2	513	[1]	θυμουμένων	_	_
5.2	514	[46]	,	b	_
5.2	515	[6]	ἢ	_	_
5.2	516	[1]	ὅλως	_	_
5.2	517	[2]	ἐν	_	_
5.2	518	[1]	πάθει	_	_
5.2	519	[1]	τινὶ	_	_
5.2	520	[1]	καθεστώτων	_	_
5.2	521	[8]	τοῖς	_	_
5.2	522	[4]	ἤδη	_	_
5.2	523	[1]	νοσοῦσιν	_	_
5.2	524	[12]	.	b	_
5.2	525	[6]	ἀλλὰ	_	_
5.2	526	[9]	γὰρ	_	_
5.2	527	[1]	εὐλαβηθῆναί	_	_
5.2	528	[2]	μοι	_	_
5.2	529	[1]	δοκεῖ	_	_
5.2	530	[1]	διαφερόμενος	_	_
5.2	531	[3]	ἐν	_	_
5.2	532	[1]	ἅπασι	_	_
5.2	533	[1]	φωραθῆναι	_	_
5.2	534	[2]	Χρυσίππῳ	_	_
5.2	535	[13]	.	b	_
5.2	536	[1]	τίνα	_	_
5.2	537	[10]	γὰρ	_	_
5.2	538	[1]	ἄν	_	_
5.2	539	[1]	τις	_	_
5.2	540	[1]	ἄλλην	_	_
5.2	541	[1]	αἰτίαν	_	_
5.2	542	[1]	εἴποι	_	_
5.2	543	[8]	τοῦ	_	_
5.2	544	[12]	τὴν	_	_
5.2	545	[6]	νόσον	_	_
5.2	546	[6]	τῆς	_	_
5.2	547	[5]	ψυχῆς	_	_
5.2	548	[1]	ὁμοιοῦν	_	_
5.2	549	[1]	αὐτὸν	_	_
5.2	550	[7]	τῇ	_	_
5.2	551	[2]	καταστάσει	_	_
5.2	552	[13]	τῶν	_	_
5.2	553	[1]	θ	_	_
5.2	554	[11]	’	b	_
5.2	555	[1]	ὑγιαινόντων	_	_
5.2	556	[1]	σωμάτων	_	_
5.2	557	[47]	,	b	_
5.2	558	[14]	τῶν	_	_
5.2	559	[2]	τ	_	_
5.2	560	[12]	’	b	_
5.2	561	[5]	ἤδη	_	_
5.2	562	[1]	νοσούντων	_	_
5.2	563	[1]	;	b	_
5.2	564	[2]	οὐ	_	_
5.2	565	[11]	γὰρ	_	_
5.2	566	[1]	ἀμφοτέροις	_	_
5.2	567	[48]	,	b	_
5.2	568	[7]	ἀλλὰ	_	_
5.2	569	[1]	μόνοις	_	_
5.2	570	[9]	τοῖς	_	_
5.2	571	[2]	νοσοῦσι	_	_
5.2	572	[2]	δικαιότερον	_	_
5.2	573	[1]	ἦν	_	_
5.2	574	[1]	παραβεβλῆσθαι	_	_
5.2	575	[8]	τὰς	_	_
5.2	576	[1]	νοσούσας	_	_
5.2	577	[1]	ψυχάς	_	_
5.2	578	[5]	·	b	_
5.2	579	[1]	ἀδύνατον	_	_
5.2	580	[12]	γὰρ	_	_
5.2	581	[1]	ἓν	_	_
5.2	582	[1]	πρᾶγμα	_	_
5.2	583	[49]	,	b	_
5.2	584	[13]	τὴν	_	_
5.2	585	[7]	νόσον	_	_
5.2	586	[7]	τῆς	_	_
5.2	587	[6]	ψυχῆς	_	_
5.2	588	[50]	,	b	_
5.2	589	[1]	δυσὶν	_	_
5.2	590	[1]	ἐναντίοις	_	_
5.2	591	[1]	ὡμοιῶσθαι	_	_
5.2	592	[1]	πράγμασιν	_	_
5.2	593	[51]	,	b	_
5.2	594	[4]	ὑγιείᾳ	_	_
5.2	595	[6]	τε	_	_
5.2	596	[1]	ἅμα	_	_
5.2	597	[13]	καὶ	_	_
5.2	598	[3]	νόσῳ	_	_
5.2	599	[14]	.	b	_
5.2	600	[1]	εἰ	_	_
5.2	601	[13]	γὰρ	_	_
5.2	602	[2]	δὴ	_	_
5.2	603	[3]	τοῦτο	_	_
5.2	604	[52]	,	b	_
5.2	605	[14]	καὶ	_	_
5.2	606	[14]	τὴν	_	_
5.2	607	[2]	ὑγίειαν	_	_
5.2	608	[1]	ἀναγκαῖον	_	_
5.2	609	[1]	ἔσται	_	_
5.2	610	[8]	τῇ	_	_
5.2	611	[4]	νόσῳ	_	_
5.2	612	[1]	παραπλησίαν	_	_
5.2	613	[3]	ὑπάρχειν	_	_
5.2	614	[53]	,	b	_
5.2	615	[1]	εἴ	_	_
5.2	616	[2]	γε	_	_
5.2	617	[3]	δὴ	_	_
5.2	618	[15]	καὶ	_	_
5.2	619	[9]	τῇ	_	_
5.2	620	[8]	τῆς	_	_
5.2	621	[7]	ψυχῆς	_	_
5.2	622	[5]	νόσῳ	_	_
5.2	623	[1]	προσέοικεν	_	_
5.2	624	[1]	ἑκάτερον	_	_
5.2	625	[2]	αὐτῶν	_	_
5.2	626	[6]	·	b	_
5.2	627	[4]	τὰ	_	_
5.2	628	[14]	γὰρ	_	_
5.2	629	[3]	τῷ	_	_
5.2	630	[1]	αὐτῷ	_	_
5.2	631	[1]	παραπλήσια	_	_
5.2	632	[1]	πάντως	_	_
5.2	633	[1]	που	_	_
5.2	634	[16]	καὶ	_	_
5.2	635	[1]	ἀλλήλοις	_	_
5.2	636	[1]	ἐστὶ	_	_
5.2	637	[2]	παραπλήσια	_	_
5.2	638	[15]	.	b	_
5.2	639	[4]	Χρύσιππος	_	_
5.2	640	[3]	δ	_	_
5.2	641	[13]	’	b	_
5.2	642	[1]	ἀτοπώτερος	_	_
5.2	643	[1]	ἔτι	_	_
5.2	644	[54]	,	b	_
5.2	645	[1]	μηδ	_	_
5.2	646	[14]	’	b	_
5.2	647	[4]	ἐν	_	_
5.2	648	[3]	ταῖς	_	_
5.2	649	[1]	περιοδικαῖς	_	_
5.2	650	[1]	τισι	_	_
5.2	651	[1]	νόσοις	_	_
5.2	652	[1]	καθεστώσαις	_	_
5.2	653	[55]	,	b	_
5.2	654	[1]	οἱονεὶ	_	_
5.2	655	[1]	τριταίων	_	_
5.2	656	[7]	ἢ	_	_
5.2	657	[1]	τεταρταίων	_	_
5.2	658	[1]	πυρετῶν	_	_
5.2	659	[56]	,	b	_
5.2	660	[2]	ὡμοιῶσθαι	_	_
5.2	661	[1]	συγχωρῶν	_	_
5.2	662	[15]	τὴν	_	_
5.2	663	[8]	νόσον	_	_
5.2	664	[9]	τῆς	_	_
5.2	665	[8]	ψυχῆς	_	_
5.2	666	[16]	.	b	_
5.2	667	[1]	γράφει	_	_
5.2	668	[2]	γοῦν	_	_
5.2	669	[2]	ᾧδε	_	_
5.2	670	[7]	·	b	_
5.2	671	[1]	ὑπονοητέον	_	_
5.2	672	[1]	τοίνυν	_	_
5.2	673	[57]	,	b	_
5.2	674	[16]	τὴν	_	_
5.2	675	[9]	μὲν	_	_
5.2	676	[10]	τῆς	_	_
5.2	677	[9]	ψυχῆς	_	_
5.2	678	[9]	νόσον	_	_
5.2	679	[1]	ὁμοιοτάτην	_	_
5.2	680	[4]	εἶναι	_	_
5.2	681	[10]	τῇ	_	_
5.2	682	[9]	τοῦ	_	_
5.2	683	[5]	σώματος	_	_
5.2	684	[1]	πυρετώδει	_	_
5.2	685	[3]	καταστάσει	_	_
5.2	686	[58]	,	b	_
5.2	687	[3]	καθ	_	_
5.2	688	[15]	’	b	_
5.2	689	[2]	ἣν	_	_
5.2	690	[3]	οὐ	_	_
5.2	691	[1]	περιοδικῶς	_	_
5.2	692	[59]	,	b	_
5.2	693	[1]	ἀλλ	_	_
5.2	694	[16]	’	b	_
5.2	695	[1]	ἀτάκτως	_	_
5.2	696	[1]	πυρετοὶ	_	_
5.2	697	[17]	καὶ	_	_
5.2	698	[1]	φρίκαι	_	_
5.2	699	[1]	γίνονται	_	_
5.2	700	[60]	,	b	_
5.2	701	[18]	καὶ	_	_
5.2	702	[1]	ἄλλως	_	_
5.2	703	[1]	ἀπὸ	_	_
5.2	704	[11]	τῆς	_	_
5.2	705	[1]	διαθέσεως	_	_
5.2	706	[61]	,	b	_
5.2	707	[19]	καὶ	_	_
5.2	708	[1]	μικρῶν	_	_
5.2	709	[1]	ἐπιγινομένων	_	_
5.2	710	[1]	αἰτίων	_	_
5.2	711	[17]	.	b	_
5.2	712	[6]	οὐκ	_	_
5.2	713	[1]	οἶδα	_	_
5.2	714	[62]	,	b	_
5.2	715	[1]	τί	_	_
5.2	716	[1]	ποτε	_	_
5.2	717	[1]	δόξαν	_	_
5.2	718	[2]	αὐτῷ	_	_
5.2	719	[63]	,	b	_
5.2	720	[2]	τοὺς	_	_
5.2	721	[10]	μὲν	_	_
5.2	722	[1]	ἑτοίμως	_	_
5.2	723	[1]	ἔχοντας	_	_
5.2	724	[3]	πρὸς	_	_
5.2	725	[6]	τὸ	_	_
5.2	726	[1]	νοσῆσαι	_	_
5.2	727	[2]	νοσεῖν	_	_
5.2	728	[6]	ἤδη	_	_
5.2	729	[2]	φησὶ	_	_
5.2	730	[64]	,	b	_
5.2	731	[3]	τοὺς	_	_
5.2	732	[4]	δ	_	_
5.2	733	[17]	’	b	_
5.2	734	[7]	ἤδη	_	_
5.2	735	[1]	νοσοῦντας	_	_
5.2	736	[1]	οὐδ	_	_
5.2	737	[18]	’	b	_
5.2	738	[2]	ὅλως	_	_
5.2	739	[3]	νοσεῖν	_	_
5.2	740	[18]	.	b	_
5.2	741	[2]	οἱ	_	_
5.2	742	[15]	γὰρ	_	_
5.2	743	[5]	ἐν	_	_
5.2	744	[1]	τεταρταίαις	_	_
5.2	745	[20]	καὶ	_	_
5.2	746	[1]	τριταίαις	_	_
5.2	747	[1]	περιόδοις	_	_
5.2	748	[1]	ὄντες	_	_
5.2	749	[65]	,	b	_
5.2	750	[1]	ἐπειδὰν	_	_
5.2	751	[11]	μὲν	_	_
5.2	752	[1]	ῥιγῶσί	_	_
5.2	753	[7]	τε	_	_
5.2	754	[21]	καὶ	_	_
5.2	755	[1]	πυρέττωσιν	_	_
5.2	756	[66]	,	b	_
5.2	757	[6]	ἐν	_	_
5.2	758	[2]	πάθει	_	_
5.2	759	[1]	καθεστήκασι	_	_
5.2	760	[67]	,	b	_
5.2	761	[1]	κινουμένης	_	_
5.2	762	[5]	δ	_	_
5.2	763	[19]	’	b	_
5.2	764	[3]	αὐτῶν	_	_
5.2	765	[12]	τῆς	_	_
5.2	766	[1]	νοσώδους	_	_
5.2	767	[1]	κατασκευῆς	_	_
5.2	768	[68]	,	b	_
5.2	769	[2]	ἐπειδὰν	_	_
5.2	770	[1]	μηδὲν	_	_
5.2	771	[1]	τούτων	_	_
5.2	772	[1]	πάσχωσιν	_	_
5.2	773	[69]	,	b	_
5.2	774	[2]	ἀλλ	_	_
5.2	775	[20]	’	b	_
5.2	776	[7]	ἐν	_	_
5.2	777	[10]	τοῖς	_	_
5.2	778	[1]	καλουμένοις	_	_
5.2	779	[1]	διαλείμμασιν	_	_
5.2	780	[1]	ὦσιν	_	_
5.2	781	[70]	,	b	_
5.2	782	[2]	ἔξω	_	_
5.2	783	[15]	τῶν	_	_
5.2	784	[4]	παθῶν	_	_
5.2	785	[1]	εἰσι	_	_
5.2	786	[19]	.	b	_
5.2	787	[17]	τὴν	_	_
5.2	788	[2]	μέντοι	_	_
5.2	789	[2]	νοσώδη	_	_
5.2	790	[2]	κατάστασιν	_	_
5.2	791	[1]	εἰκάζοιτό	_	_
5.2	792	[2]	τις	_	_
5.2	793	[1]	ἂν	_	_
5.2	794	[71]	,	b	_
5.2	795	[1]	οἶμαι	_	_
5.2	796	[72]	,	b	_
5.2	797	[11]	τοῖς	_	_
5.2	798	[3]	ἤτοι	_	_
5.2	799	[1]	πενθοῦσιν	_	_
5.2	800	[73]	,	b	_
5.2	801	[8]	ἢ	_	_
5.2	802	[1]	ἐρῶσιν	_	_
5.2	803	[74]	,	b	_
5.2	804	[9]	ἢ	_	_
5.2	805	[1]	φθονοῦσιν	_	_
5.2	806	[75]	,	b	_
5.2	807	[2]	ἤ	_	_
5.2	808	[2]	τι	_	_
5.2	809	[2]	τοιοῦτον	_	_
5.2	810	[2]	ἕτερον	_	_
5.2	811	[1]	πάσχουσιν	_	_
5.2	812	[20]	.	b	_
5.2	813	[22]	καὶ	_	_
5.2	814	[16]	γὰρ	_	_
5.2	815	[1]	οὗτοι	_	_
5.2	816	[76]	,	b	_
5.2	817	[4]	καθ	_	_
5.2	818	[21]	’	b	_
5.2	819	[1]	ὃν	_	_
5.2	820	[12]	μὲν	_	_
5.2	821	[2]	ἂν	_	_
5.2	822	[1]	χρόνον	_	_
5.2	823	[10]	ἢ	_	_
5.2	824	[1]	ὑπνώττωσιν	_	_
5.2	825	[77]	,	b	_
5.2	826	[11]	ἢ	_	_
5.2	827	[4]	πρὸς	_	_
5.2	828	[1]	ἄλλῳ	_	_
5.2	829	[2]	τινὶ	_	_
5.2	830	[18]	τὴν	_	_
5.2	831	[1]	διάνοιαν	_	_
5.2	832	[1]	ἔχωσιν	_	_
5.2	833	[78]	,	b	_
5.2	834	[3]	ἔξω	_	_
5.2	835	[16]	τῶν	_	_
5.2	836	[5]	παθῶν	_	_
5.2	837	[2]	γίνονται	_	_
5.2	838	[79]	,	b	_
5.2	839	[1]	μετ	_	_
5.2	840	[22]	’	b	_
5.2	841	[1]	ὀλίγον	_	_
5.2	842	[10]	δὲ	_	_
5.2	843	[1]	ἀναμνησθέντες	_	_
5.2	844	[4]	αὐτῶν	_	_
5.2	845	[7]	εἰς	_	_
5.2	846	[2]	παραπλησίαν	_	_
5.2	847	[3]	τινὰ	_	_
5.2	848	[3]	κατάστασιν	_	_
5.2	849	[1]	ἀφικνοῦνται	_	_
5.2	850	[4]	ταῖς	_	_
5.2	851	[1]	καταβολαῖς	_	_
5.2	852	[17]	τῶν	_	_
5.2	853	[2]	πυρετῶν	_	_
5.2	854	[21]	.	b	_
5.2	855	[1]	ὅσοις	_	_
5.2	856	[3]	μέντοι	_	_
5.2	857	[1]	μήτε	_	_
5.2	858	[1]	πένθος	_	_
5.2	859	[1]	ἐνέστηκε	_	_
5.2	860	[80]	,	b	_
5.2	861	[1]	μήτ	_	_
5.2	862	[23]	’	b	_
5.2	863	[1]	ἐπιθυμία	_	_
5.2	864	[3]	τις	_	_
5.2	865	[1]	ὑπόγυιος	_	_
5.2	866	[81]	,	b	_
5.2	867	[12]	ἢ	_	_
5.2	868	[1]	θυμὸς	_	_
5.2	869	[82]	,	b	_
5.2	870	[2]	οὗτοι	_	_
5.2	871	[12]	τοῖς	_	_
5.2	872	[4]	ὑγιαίνουσι	_	_
5.2	873	[5]	τὰ	_	_
5.2	874	[1]	σώματα	_	_
5.2	875	[1]	παραπλησίως	_	_
5.2	876	[1]	ἔχουσιν	_	_
5.2	877	[22]	.	b	_
5.2	878	[1]	ἐπεὶ	_	_
5.2	879	[11]	δὲ	_	_
5.2	880	[23]	καὶ	_	_
5.2	881	[2]	τούτων	_	_
5.2	882	[5]	αὐτῶν	_	_
5.2	883	[1]	ἔνιοι	_	_
5.2	884	[2]	μέν	_	_
5.2	885	[1]	εἰσιν	_	_
5.2	886	[1]	εὐάλωτοι	_	_
5.2	887	[2]	νόσοις	_	_
5.2	888	[83]	,	b	_
5.2	889	[2]	ἔνιοι	_	_
5.2	890	[6]	δ	_	_
5.2	891	[24]	’	b	_
5.2	892	[1]	οὒ	_	_
5.2	893	[84]	,	b	_
5.2	894	[24]	καὶ	_	_
5.2	895	[18]	τῶν	_	_
5.2	896	[9]	τὰς	_	_
5.2	897	[4]	ψυχὰς	_	_
5.2	898	[2]	ὑγιαινόντων	_	_
5.2	899	[3]	οἱ	_	_
5.2	900	[13]	μὲν	_	_
5.2	901	[3]	τούτοις	_	_
5.2	902	[85]	,	b	_
5.2	903	[4]	οἱ	_	_
5.2	904	[7]	δ	_	_
5.2	905	[25]	’	b	_
5.2	906	[1]	ἐκείνοις	_	_
5.2	907	[4]	ὁμοίως	_	_
5.2	908	[1]	ἕξουσιν	_	_
5.2	909	[86]	,	b	_
5.2	910	[4]	οὐ	_	_
5.2	911	[1]	μὴν	_	_
5.2	912	[1]	λεχθήσονταί	_	_
5.2	913	[3]	γε	_	_
5.2	914	[4]	νοσεῖν	_	_
5.2	915	[10]	τὰς	_	_
5.2	916	[5]	ψυχὰς	_	_
5.2	917	[87]	,	b	_
5.2	918	[2]	εἴπερ	_	_
5.2	919	[2]	μηδ	_	_
5.2	920	[26]	’	b	_
5.2	921	[1]	ἐκεῖνοι	_	_
5.2	922	[6]	τὰ	_	_
5.2	923	[2]	σώματα	_	_
5.2	924	[23]	.	b	_
5.2	925	[8]	ἀλλὰ	_	_
5.2	926	[1]	νὴ	_	_
5.2	927	[1]	Δία	_	_
5.2	928	[1]	φήσει	_	_
5.2	929	[4]	τις	_	_
5.2	930	[1]	ἴσως	_	_
5.2	931	[19]	τῶν	_	_
5.2	932	[1]	Στωϊκῶν	_	_
5.2	933	[88]	,	b	_
5.2	934	[1]	ὥσπερ	_	_
5.2	935	[1]	οὖν	_	_
5.2	936	[25]	καὶ	_	_
5.2	937	[1]	λέγουσιν	_	_
5.2	938	[89]	,	b	_
5.2	939	[5]	οὐ	_	_
5.2	940	[19]	τὴν	_	_
5.2	941	[1]	αὐτὴν	_	_
5.2	942	[1]	ἀναλογίαν	_	_
5.2	943	[5]	εἶναι	_	_
5.2	944	[11]	τῇ	_	_
5.2	945	[1]	ψυχῇ	_	_
5.2	946	[5]	πρὸς	_	_
5.2	947	[7]	τὸ	_	_
5.2	948	[2]	σῶμα	_	_
5.2	949	[2]	κατά	_	_
5.2	950	[8]	τε	_	_
5.2	951	[7]	τὰ	_	_
5.2	952	[2]	πάθη	_	_
5.2	953	[26]	καὶ	_	_
5.2	954	[8]	τὰ	_	_
5.2	955	[1]	νοσήματα	_	_
5.2	956	[27]	καὶ	_	_
5.2	957	[20]	τὴν	_	_
5.2	958	[3]	ὑγίειαν	_	_
5.2	959	[24]	.	b	_
5.2	960	[2]	τί	_	_
5.2	961	[1]	ποτ	_	_
5.2	962	[27]	’	b	_
5.2	963	[2]	οὖν	_	_
5.2	964	[90]	,	b	_
5.2	965	[1]	ὦ	_	_
5.2	966	[1]	βέλτιστοι	_	_
5.2	967	[91]	,	b	_
5.2	968	[1]	φαίημεν	_	_
5.2	969	[3]	ἂν	_	_
5.2	970	[1]	ἡμεῖς	_	_
5.2	971	[6]	πρὸς	_	_
5.2	972	[1]	αὐτοὺς	_	_
5.2	973	[92]	,	b	_
5.2	974	[1]	εἰκάζετε	_	_
5.2	975	[13]	τοῖς	_	_
5.2	976	[2]	κατὰ	_	_
5.2	977	[8]	τὸ	_	_
5.2	978	[3]	σῶμα	_	_
5.2	979	[1]	πάθεσί	_	_
5.2	980	[9]	τε	_	_
5.2	981	[28]	καὶ	_	_
5.2	982	[1]	νοσήμασι	_	_
5.2	983	[9]	τὰ	_	_
5.2	984	[13]	τῆς	_	_
5.2	985	[10]	ψυχῆς	_	_
5.2	986	[3]	πάθη	_	_
5.2	987	[2]	;	b	_
5.2	988	[3]	τί	_	_
5.2	989	[12]	δὲ	_	_
5.2	990	[5]	Χρύσιππος	_	_
5.2	991	[8]	ἐν	_	_
5.2	992	[4]	τῷ	_	_
5.2	993	[1]	περὶ	_	_
5.2	994	[6]	παθῶν	_	_
5.2	995	[1]	ἠθικῷ	_	_
5.2	996	[2]	γράφει	_	_
5.2	997	[1]	ταυτί	_	_
5.2	998	[3]	;	b	_
5.2	999	[1]	οὔτε	_	_
5.2	1000	[17]	γὰρ	_	_
5.2	1001	[2]	περὶ	_	_
5.2	1002	[9]	τὸ	_	_
5.2	1003	[1]	νοσοῦν	_	_
5.2	1004	[1]	σῶμά	_	_
5.2	1005	[1]	ἐστί	_	_
5.2	1006	[5]	τις	_	_
5.2	1007	[1]	τέχνη	_	_
5.2	1008	[93]	,	b	_
5.2	1009	[3]	ἣν	_	_
5.2	1010	[1]	προσαγορεύομεν	_	_
5.2	1011	[1]	ἰατρικὴν	_	_
5.2	1012	[94]	,	b	_
5.2	1013	[2]	οὐχὶ	_	_
5.2	1014	[13]	δὲ	_	_
5.2	1015	[29]	καὶ	_	_
5.2	1016	[3]	περὶ	_	_
5.2	1017	[21]	τὴν	_	_
5.2	1018	[2]	νοσοῦσαν	_	_
5.2	1019	[2]	ψυχήν	_	_
5.2	1020	[2]	ἐστί	_	_
5.2	1021	[6]	τις	_	_
5.2	1022	[2]	τέχνη	_	_
5.2	1023	[95]	,	b	_
5.2	1024	[1]	οὔτ	_	_
5.2	1025	[28]	’	b	_
5.2	1026	[9]	ἐν	_	_
5.2	1027	[12]	τῇ	_	_
5.2	1028	[3]	κατὰ	_	_
5.2	1029	[1]	μέρος	_	_
5.2	1030	[1]	θεωρίᾳ	_	_
5.2	1031	[10]	τε	_	_
5.2	1032	[30]	καὶ	_	_
5.2	1033	[1]	θεραπείᾳ	_	_
5.2	1034	[1]	δεῖ	_	_
5.2	1035	[1]	λείπεσθαι	_	_
5.2	1036	[1]	ταύτην	_	_
5.2	1037	[2]	ἐκείνοις	_	_
5.2	1038	[25]	.	b	_
5.2	1039	[2]	διὸ	_	_
5.2	1040	[31]	καὶ	_	_
5.2	1041	[96]	,	b	_
5.2	1042	[1]	καθάπερ	_	_
5.2	1043	[5]	τῷ	_	_
5.2	1044	[4]	περὶ	_	_
5.2	1045	[10]	τὰ	_	_
5.2	1046	[3]	σώματα	_	_
5.2	1047	[1]	ἰατρῷ	_	_
5.2	1048	[1]	καθήκει	_	_
5.2	1049	[20]	τῶν	_	_
5.2	1050	[11]	τε	_	_
5.2	1051	[1]	συμβαινόντων	_	_
5.2	1052	[1]	αὐτοῖς	_	_
5.2	1053	[7]	παθῶν	_	_
5.2	1054	[1]	ἐντὸς	_	_
5.2	1055	[6]	εἶναι	_	_
5.2	1056	[97]	,	b	_
5.2	1057	[7]	ὡς	_	_
5.2	1058	[1]	εἰώθασι	_	_
5.2	1059	[4]	τοῦτο	_	_
5.2	1060	[2]	λέγειν	_	_
5.2	1061	[98]	,	b	_
5.2	1062	[32]	καὶ	_	_
5.2	1063	[14]	τῆς	_	_
5.2	1064	[1]	ἑκάστῳ	_	_
5.2	1065	[1]	οἰκείας	_	_
5.2	1066	[1]	θεραπείας	_	_
5.2	1067	[99]	,	b	_
5.2	1068	[2]	οὕτω	_	_
5.2	1069	[33]	καὶ	_	_
5.2	1070	[6]	τῷ	_	_
5.2	1071	[15]	τῆς	_	_
5.2	1072	[11]	ψυχῆς	_	_
5.2	1073	[2]	ἰατρῷ	_	_
5.2	1074	[1]	ἐπιβάλλει	_	_
5.2	1075	[1]	ἀμφοτέρων	_	_
5.2	1076	[3]	τούτων	_	_
5.2	1077	[2]	ἐντὸς	_	_
5.2	1078	[7]	εἶναι	_	_
5.2	1079	[100]	,	b	_
5.2	1080	[8]	ὡς	_	_
5.2	1081	[1]	ἔνι	_	_
5.2	1082	[1]	ἄριστα	_	_
5.2	1083	[26]	.	b	_
5.2	1084	[34]	καὶ	_	_
5.2	1085	[2]	ὅτι	_	_
5.2	1086	[1]	οὕτως	_	_
5.2	1087	[1]	ἔχει	_	_
5.2	1088	[101]	,	b	_
5.2	1089	[1]	μάθοι	_	_
5.2	1090	[2]	ἄν	_	_
5.2	1091	[7]	τις	_	_
5.2	1092	[16]	τῆς	_	_
5.2	1093	[7]	πρὸς	_	_
5.2	1094	[1]	ταῦτα	_	_
5.2	1095	[1]	ἀναλογίας	_	_
5.2	1096	[1]	παρατεθείσης	_	_
5.2	1097	[1]	ἀπ	_	_
5.2	1098	[29]	’	b	_
5.2	1099	[1]	ἀρχῆς	_	_
5.2	1100	[27]	.	b	_
5.2	1101	[7]	ἡ	_	_
5.2	1102	[18]	γὰρ	_	_
5.2	1103	[8]	πρὸς	_	_
5.2	1104	[2]	ταῦτα	_	_
5.2	1105	[1]	ἀντιπαρατείνουσα	_	_
5.2	1106	[1]	οἰκειότης	_	_
5.2	1107	[1]	παραστήσει	_	_
5.2	1108	[102]	,	b	_
5.2	1109	[9]	ὡς	_	_
5.2	1110	[1]	οἴομαι	_	_
5.2	1111	[103]	,	b	_
5.2	1112	[35]	καὶ	_	_
5.2	1113	[22]	τὴν	_	_
5.2	1114	[21]	τῶν	_	_
5.2	1115	[1]	θεραπειῶν	_	_
5.2	1116	[1]	ὁμοιότητα	_	_
5.2	1117	[104]	,	b	_
5.2	1118	[36]	καὶ	_	_
5.2	1119	[2]	ἔτι	_	_
5.2	1120	[23]	τὴν	_	_
5.2	1121	[2]	ἀμφοτέρων	_	_
5.2	1122	[22]	τῶν	_	_
5.2	1123	[1]	ἰατρειῶν	_	_
5.2	1124	[9]	πρὸς	_	_
5.2	1125	[1]	ἀλλήλας	_	_
5.2	1126	[2]	ἀναλογίαν	_	_
5.2	1127	[28]	.	b	_
5.2	1128	[3]	ὅτι	_	_
5.2	1129	[14]	μὲν	_	_
5.2	1130	[3]	οὖν	_	_
5.2	1131	[3]	ἀναλογίαν	_	_
5.2	1132	[1]	τινὲς	_	_
5.2	1133	[1]	βούλονται	_	_
5.2	1134	[8]	εἶναι	_	_
5.2	1135	[23]	τῶν	_	_
5.2	1136	[10]	ἐν	_	_
5.2	1137	[13]	τῇ	_	_
5.2	1138	[2]	ψυχῇ	_	_
5.2	1139	[14]	τοῖς	_	_
5.2	1140	[4]	κατὰ	_	_
5.2	1141	[10]	τὸ	_	_
5.2	1142	[4]	σῶμα	_	_
5.2	1143	[105]	,	b	_
5.2	1144	[1]	δῆλον	_	_
5.2	1145	[2]	οἶμαι	_	_
5.2	1146	[1]	γεγονέναι	_	_
5.2	1147	[106]	,	b	_
5.2	1148	[37]	καὶ	_	_
5.2	1149	[6]	οὐ	_	_
5.2	1150	[2]	μόνον	_	_
5.2	1151	[4]	γε	_	_
5.2	1152	[1]	διὰ	_	_
5.2	1153	[17]	τῆς	_	_
5.2	1154	[1]	προγεγραμμένης	_	_
5.2	1155	[1]	ῥήσεως	_	_
5.2	1156	[107]	,	b	_
5.2	1157	[9]	ἀλλὰ	_	_
5.2	1158	[38]	καὶ	_	_
5.2	1159	[1]	δι	_	_
5.2	1160	[30]	’	b	_
5.2	1161	[2]	ὧν	_	_
5.2	1162	[1]	ἐφεξῆς	_	_
5.2	1163	[3]	γράφει	_	_
5.2	1164	[1]	τόνδε	_	_
5.2	1165	[2]	τὸν	_	_
5.2	1166	[1]	τρόπον	_	_
5.2	1167	[1]	ἐχόντων	_	_
5.2	1168	[8]	·	b	_
5.2	1169	[2]	καθάπερ	_	_
5.2	1170	[19]	γὰρ	_	_
5.2	1171	[39]	καὶ	_	_
5.2	1172	[5]	ἐπὶ	_	_
5.2	1173	[10]	τοῦ	_	_
5.2	1174	[6]	σώματος	_	_
5.2	1175	[1]	θεωρεῖται	_	_
5.2	1176	[1]	ἰσχύς	_	_
5.2	1177	[12]	τε	_	_
5.2	1178	[40]	καὶ	_	_
5.2	1179	[1]	ἀσθένεια	_	_
5.2	1180	[108]	,	b	_
5.2	1181	[1]	εὐτονία	_	_
5.2	1182	[41]	καὶ	_	_
5.2	1183	[1]	ἀτονία	_	_
5.2	1184	[42]	καὶ	_	_
5.2	1185	[1]	τόνος	_	_
5.2	1186	[109]	,	b	_
5.2	1187	[10]	πρὸς	_	_
5.2	1188	[14]	δὲ	_	_
5.2	1189	[4]	τούτοις	_	_
5.2	1190	[1]	ὑγίειά	_	_
5.2	1191	[13]	τε	_	_
5.2	1192	[43]	καὶ	_	_
5.2	1193	[5]	νόσος	_	_
5.2	1194	[110]	,	b	_
5.2	1195	[1]	εὐεξία	_	_
5.2	1196	[14]	τε	_	_
5.2	1197	[44]	καὶ	_	_
5.2	1198	[1]	καχεξία	_	_
5.2	1199	[111]	,	b	_
5.2	1200	[45]	καὶ	_	_
5.2	1201	[1]	τἄλλα	_	_
5.2	1202	[1]	ὅσα	_	_
5.2	1203	[5]	τούτοις	_	_
5.2	1204	[1]	ἑξῆς	_	_
5.2	1205	[1]	καταλέγει	_	_
5.2	1206	[4]	πάθη	_	_
5.2	1207	[15]	τε	_	_
5.2	1208	[46]	καὶ	_	_
5.2	1209	[1]	ἀῤῥωστήματα	_	_
5.2	1210	[47]	καὶ	_	_
5.2	1211	[2]	νοσήματα	_	_
5.2	1212	[112]	,	b	_
5.2	1213	[5]	κατὰ	_	_
5.2	1214	[3]	τὸν	_	_
5.2	1215	[2]	αὐτὸν	_	_
5.2	1216	[113]	,	b	_
5.2	1217	[3]	φησὶ	_	_
5.2	1218	[114]	,	b	_
5.2	1219	[2]	τρόπον	_	_
5.2	1220	[1]	ἀνάλογόν	_	_
5.2	1221	[2]	τινα	_	_
5.2	1222	[1]	πᾶσι	_	_
5.2	1223	[6]	τούτοις	_	_
5.2	1224	[48]	καὶ	_	_
5.2	1225	[11]	ἐν	_	_
5.2	1226	[3]	ψυχῇ	_	_
5.2	1227	[1]	λογικῇ	_	_
5.2	1228	[1]	συνίσταταί	_	_
5.2	1229	[16]	τε	_	_
5.2	1230	[49]	καὶ	_	_
5.2	1231	[1]	ὀνομάζεται	_	_
5.2	1232	[29]	.	b	_
5.2	1233	[1]	εἶθ	_	_
5.2	1234	[31]	’	b	_
5.2	1235	[2]	ἑξῆς	_	_
5.2	1236	[1]	ἐπιφέρων	_	_
5.2	1237	[1]	φησὶν	_	_
5.2	1238	[115]	,	b	_
5.2	1239	[10]	ὡς	_	_
5.2	1240	[2]	οἴομαι	_	_
5.2	1241	[116]	,	b	_
5.2	1242	[2]	ἀπὸ	_	_
5.2	1243	[18]	τῆς	_	_
5.2	1244	[1]	τοιαύτης	_	_
5.2	1245	[2]	ἀναλογίας	_	_
5.2	1246	[17]	τε	_	_
5.2	1247	[50]	καὶ	_	_
5.2	1248	[1]	ὁμοιότητος	_	_
5.2	1249	[51]	καὶ	_	_
5.2	1250	[19]	τῆς	_	_
5.2	1251	[12]	ἐν	_	_
5.2	1252	[2]	αὐτοῖς	_	_
5.2	1253	[1]	συνωνυμίας	_	_
5.2	1254	[1]	γεγενημένης	_	_
5.2	1255	[9]	·	b	_
5.2	1256	[52]	καὶ	_	_
5.2	1257	[20]	γὰρ	_	_
5.2	1258	[53]	καὶ	_	_
5.2	1259	[6]	κατὰ	_	_
5.2	1260	[3]	ψυχήν	_	_
5.2	1261	[1]	τινας	_	_
5.2	1262	[1]	λέγομεν	_	_
5.2	1263	[1]	ἰσχύειν	_	_
5.2	1264	[54]	καὶ	_	_
5.2	1265	[1]	ἀσθενεῖν	_	_
5.2	1266	[117]	,	b	_
5.2	1267	[55]	καὶ	_	_
5.2	1268	[1]	εὐτόνους	_	_
5.2	1269	[56]	καὶ	_	_
5.2	1270	[1]	ἀτόνους	_	_
5.2	1271	[9]	εἶναι	_	_
5.2	1272	[118]	,	b	_
5.2	1273	[57]	καὶ	_	_
5.2	1274	[3]	ἔτι	_	_
5.2	1275	[5]	νοσεῖν	_	_
5.2	1276	[58]	καὶ	_	_
5.2	1277	[1]	ὑγιαίνειν	_	_
5.2	1278	[119]	,	b	_
5.2	1279	[3]	οὕτω	_	_
5.2	1280	[1]	πως	_	_
5.2	1281	[59]	καὶ	_	_
5.2	1282	[11]	τοῦ	_	_
5.2	1283	[1]	πάθους	_	_
5.2	1284	[60]	καὶ	_	_
5.2	1285	[12]	τοῦ	_	_
5.2	1286	[1]	κατ	_	_
5.2	1287	[32]	’	b	_
5.2	1288	[2]	αὐτὴν	_	_
5.2	1289	[1]	ἀῤῥωστήματος	_	_
5.2	1290	[1]	λεγομένου	_	_
5.2	1291	[120]	,	b	_
5.2	1292	[61]	καὶ	_	_
5.2	1293	[24]	τῶν	_	_
5.2	1294	[7]	τούτοις	_	_
5.2	1295	[1]	παραπλησίων	_	_
5.2	1296	[30]	.	b	_
5.2	1297	[1]	ἐναργῶς	_	_
5.2	1298	[21]	γὰρ	_	_
5.2	1299	[13]	ἐν	_	_
5.2	1300	[8]	τούτοις	_	_
5.2	1301	[4]	ὁ	_	_
5.2	1302	[6]	Χρύσιππος	_	_
5.2	1303	[4]	ἀναλογίαν	_	_
5.2	1304	[4]	τινὰ	_	_
5.2	1305	[1]	βούλεται	_	_
5.2	1306	[1]	σώζεσθαι	_	_
5.2	1307	[25]	τῶν	_	_
5.2	1308	[14]	ἐν	_	_
5.2	1309	[14]	τῇ	_	_
5.2	1310	[4]	ψυχῇ	_	_
5.2	1311	[15]	τοῖς	_	_
5.2	1312	[7]	κατὰ	_	_
5.2	1313	[11]	τὸ	_	_
5.2	1314	[5]	σῶμα	_	_
5.2	1315	[121]	,	b	_
5.2	1316	[62]	καὶ	_	_
5.2	1317	[8]	παθῶν	_	_
5.2	1318	[11]	πρὸς	_	_
5.2	1319	[5]	πάθη	_	_
5.2	1320	[122]	,	b	_
5.2	1321	[63]	καὶ	_	_
5.2	1322	[1]	ἀῤῥωστημάτων	_	_
5.2	1323	[12]	πρὸς	_	_
5.2	1324	[2]	ἀῤῥωστήματα	_	_
5.2	1325	[123]	,	b	_
5.2	1326	[64]	καὶ	_	_
5.2	1327	[1]	νοσημάτων	_	_
5.2	1328	[13]	πρὸς	_	_
5.2	1329	[3]	νοσήματα	_	_
5.2	1330	[124]	,	b	_
5.2	1331	[65]	καὶ	_	_
5.2	1332	[1]	ὑγιείας	_	_
5.2	1333	[14]	πρὸς	_	_
5.2	1334	[4]	ὑγίειαν	_	_
5.2	1335	[125]	,	b	_
5.2	1336	[66]	καὶ	_	_
5.2	1337	[2]	εὐεξίας	_	_
5.2	1338	[15]	πρὸς	_	_
5.2	1339	[1]	εὐεξίαν	_	_
5.2	1340	[126]	,	b	_
5.2	1341	[67]	καὶ	_	_
5.2	1342	[1]	ἰσχύος	_	_
5.2	1343	[16]	πρὸς	_	_
5.2	1344	[1]	ἰσχὺν	_	_
5.2	1345	[127]	,	b	_
5.2	1346	[68]	καὶ	_	_
5.2	1347	[1]	ἀσθενείας	_	_
5.2	1348	[17]	πρὸς	_	_
5.2	1349	[1]	ἀσθένειαν	_	_
5.2	1350	[128]	,	b	_
5.2	1351	[69]	καὶ	_	_
5.2	1352	[2]	ἁπλῶς	_	_
5.2	1353	[1]	εἰπεῖν	_	_
5.2	1354	[1]	ἁπάντων	_	_
5.2	1355	[26]	τῶν	_	_
5.2	1356	[1]	συνωνύμως	_	_
5.2	1357	[1]	λεγομένων	_	_
5.2	1358	[18]	πρὸς	_	_
5.2	1359	[1]	ἅπαντα	_	_
5.2	1360	[10]	·	b	_
5.2	1361	[70]	καὶ	_	_
5.2	1362	[22]	γὰρ	_	_
5.2	1363	[1]	τοὔνομα	_	_
5.2	1364	[129]	,	b	_
5.2	1365	[71]	καὶ	_	_
5.2	1366	[4]	τὸν	_	_
5.2	1367	[1]	λόγον	_	_
5.2	1368	[6]	αὐτῶν	_	_
5.2	1369	[10]	εἶναι	_	_
5.2	1370	[5]	τὸν	_	_
5.2	1371	[3]	αὐτὸν	_	_
5.2	1372	[130]	,	b	_
5.2	1373	[2]	εἴ	_	_
5.2	1374	[5]	γε	_	_
5.2	1375	[4]	δὴ	_	_
5.2	1376	[1]	συνώνυμά	_	_
5.2	1377	[3]	φησιν	_	_
5.2	1378	[4]	ὑπάρχειν	_	_
5.2	1379	[1]	αὐτά	_	_
5.2	1380	[31]	.	b	_
5.2	1381	[1]	ὥστε	_	_
5.2	1382	[131]	,	b	_
5.2	1383	[1]	ὅπως	_	_
5.2	1384	[3]	ἄν	_	_
5.2	1385	[8]	τις	_	_
5.2	1386	[1]	ὁρίζηται	_	_
5.2	1387	[1]	καθόλου	_	_
5.2	1388	[24]	τὴν	_	_
5.2	1389	[15]	ἐν	_	_
5.2	1390	[7]	τῷ	_	_
5.2	1391	[1]	σώματι	_	_
5.2	1392	[10]	νόσον	_	_
5.2	1393	[132]	,	b	_
5.2	1394	[2]	ἀναγκαῖον	_	_
5.2	1395	[11]	εἶναι	_	_
5.2	1396	[1]	τούτῳ	_	_
5.2	1397	[133]	,	b	_
5.2	1398	[72]	καὶ	_	_
5.2	1399	[25]	τὴν	_	_
5.2	1400	[16]	ἐν	_	_
5.2	1401	[5]	ψυχῇ	_	_
5.2	1402	[8]	κατὰ	_	_
5.2	1403	[6]	τὸν	_	_
5.2	1404	[4]	αὐτὸν	_	_
5.2	1405	[3]	τρόπον	_	_
5.2	1406	[1]	ὁρίζεσθαι	_	_
5.2	1407	[32]	.	b	_
5.2	1408	[4]	ὅτι	_	_
5.2	1409	[15]	μὲν	_	_
5.2	1410	[4]	οὖν	_	_
5.2	1411	[1]	πρόκειται	_	_
5.2	1412	[8]	τῷ	_	_
5.2	1413	[3]	Χρυσίππῳ	_	_
5.2	1414	[5]	ἀναλογίαν	_	_
5.2	1415	[1]	ἅπασαν	_	_
5.2	1416	[1]	ἐξηγεῖσθαί	_	_
5.2	1417	[18]	τε	_	_
5.2	1418	[73]	καὶ	_	_
5.2	1419	[1]	φυλάττειν	_	_
5.2	1420	[134]	,	b	_
5.2	1421	[1]	ἐκ	_	_
5.2	1422	[4]	τούτων	_	_
5.2	1423	[2]	δῆλον	_	_
5.2	1424	[33]	.	b	_
5.2	1425	[2]	εἰ	_	_
5.2	1426	[15]	δὲ	_	_
5.2	1427	[1]	ἐπιχειρήσας	_	_
5.2	1428	[1]	αὐτὸ	_	_
5.2	1429	[1]	ποιεῖν	_	_
5.2	1430	[7]	οὐ	_	_
5.2	1431	[1]	τυγχάνει	_	_
5.2	1432	[13]	τοῦ	_	_
5.2	1433	[1]	προτεθέντος	_	_
5.2	1434	[135]	,	b	_
5.2	1435	[7]	οὐκ	_	_
5.2	1436	[1]	ἀποστατέον	_	_
5.2	1437	[2]	ἐστὶ	_	_
5.2	1438	[20]	τῆς	_	_
5.2	1439	[2]	ὁμοιότητος	_	_
5.2	1440	[136]	,	b	_
5.2	1441	[10]	ἀλλὰ	_	_
5.2	1442	[15]	τῇ	_	_
5.2	1443	[1]	διδασκαλίᾳ	_	_
5.2	1444	[1]	μεμπτέον	_	_
5.2	1445	[137]	,	b	_
5.2	1446	[11]	ὡς	_	_
5.2	1447	[8]	οὐκ	_	_
5.2	1448	[1]	ἀληθεῖ	_	_
5.2	1449	[34]	.	b	_
5.2	1450	[5]	τοῦτο	_	_
5.2	1451	[8]	δ	_	_
5.2	1452	[33]	’	b	_
5.2	1453	[4]	οὐδὲν	_	_
5.2	1454	[2]	ἧττον	_	_
5.2	1455	[3]	αὐτῇ	_	_
5.2	1456	[74]	καὶ	_	_
5.2	1457	[9]	κατὰ	_	_
5.2	1458	[7]	τὸν	_	_
5.2	1459	[2]	ἐφεξῆς	_	_
5.2	1460	[1]	ὑπάρχει	_	_
5.2	1461	[2]	λόγον	_	_
5.2	1462	[2]	ἅπαντα	_	_
5.2	1463	[8]	τὸν	_	_
5.2	1464	[17]	ἐν	_	_
5.2	1465	[9]	τῷ	_	_
5.2	1466	[5]	περὶ	_	_
5.2	1467	[9]	παθῶν	_	_
5.2	1468	[2]	ἠθικῷ	_	_
5.2	1469	[35]	.	b	_
5.2	1470	[4]	γράφει	_	_
5.2	1471	[3]	γοῦν	_	_
5.2	1472	[3]	ᾧδε	_	_
5.2	1473	[11]	·	b	_
5.2	1474	[3]	διὸ	_	_
5.2	1475	[75]	καὶ	_	_
5.2	1476	[10]	κατὰ	_	_
5.2	1477	[4]	τρόπον	_	_
5.2	1478	[1]	προῆκται	_	_
5.2	1479	[1]	Ζήνωνι	_	_
5.2	1480	[1]	λόγος	_	_
5.2	1481	[36]	.	b	_
5.2	1482	[8]	ἡ	_	_
5.2	1483	[16]	δὲ	_	_
5.2	1484	[21]	τῆς	_	_
5.2	1485	[12]	ψυχῆς	_	_
5.2	1486	[6]	νόσος	_	_
5.2	1487	[1]	ὁμοιοτάτη	_	_
5.2	1488	[3]	ἐστὶ	_	_
5.2	1489	[16]	τῇ	_	_
5.2	1490	[14]	τοῦ	_	_
5.2	1491	[7]	σώματος	_	_
5.2	1492	[1]	ἀκαταστασίᾳ	_	_
5.2	1493	[37]	.	b	_
5.2	1494	[1]	λέγεται	_	_
5.2	1495	[17]	δὲ	_	_
5.2	1496	[12]	εἶναι	_	_
5.2	1497	[8]	σώματος	_	_
5.2	1498	[7]	νόσος	_	_
5.2	1499	[9]	ἡ	_	_
5.2	1500	[1]	ἀσυμμετρία	_	_
5.2	1501	[27]	τῶν	_	_
5.2	1502	[18]	ἐν	_	_
5.2	1503	[3]	αὐτῷ	_	_
5.2	1504	[1]	θερμοῦ	_	_
5.2	1505	[138]	,	b	_
5.2	1506	[76]	καὶ	_	_
5.2	1507	[1]	ψυχροῦ	_	_
5.2	1508	[139]	,	b	_
5.2	1509	[77]	καὶ	_	_
5.2	1510	[1]	ξηροῦ	_	_
5.2	1511	[140]	,	b	_
5.2	1512	[78]	καὶ	_	_
5.2	1513	[1]	ὑγροῦ	_	_
5.2	1514	[38]	.	b	_
5.2	1515	[79]	καὶ	_	_
5.2	1516	[2]	μετ	_	_
5.2	1517	[34]	’	b	_
5.2	1518	[1]	ὀλίγα	_	_
5.2	1519	[12]	·	b	_
5.2	1520	[10]	ἡ	_	_
5.2	1521	[9]	δ	_	_
5.2	1522	[35]	’	b	_
5.2	1523	[19]	ἐν	_	_
5.2	1524	[10]	τῷ	_	_
5.2	1525	[2]	σώματι	_	_
5.2	1526	[1]	ὑγίεια	_	_
5.2	1527	[1]	εὐκρασία	_	_
5.2	1528	[9]	τις	_	_
5.2	1529	[80]	καὶ	_	_
5.2	1530	[1]	συμμετρία	_	_
5.2	1531	[28]	τῶν	_	_
5.2	1532	[1]	διῃρημένων	_	_
5.2	1533	[39]	.	b	_
5.2	1534	[81]	καὶ	_	_
5.2	1535	[1]	πάλιν	_	_
5.2	1536	[3]	ἐφεξῆς	_	_
5.2	1537	[13]	·	b	_
5.2	1538	[3]	οἶμαι	_	_
5.2	1539	[23]	γὰρ	_	_
5.2	1540	[13]	εἶναι	_	_
5.2	1541	[2]	εὐεξίαν	_	_
5.2	1542	[9]	σώματος	_	_
5.2	1543	[26]	τὴν	_	_
5.2	1544	[1]	ἀρίστην	_	_
5.2	1545	[29]	τῶν	_	_
5.2	1546	[1]	ῥηθέντων	_	_
5.2	1547	[1]	εὐκρασίαν	_	_
5.2	1548	[40]	.	b	_
5.2	1549	[82]	καὶ	_	_
5.2	1550	[2]	πάλιν	_	_
5.2	1551	[4]	ἐφεξῆς	_	_
5.2	1552	[14]	·	b	_
5.2	1553	[2]	λέγεται	_	_
5.2	1554	[18]	δὲ	_	_
5.2	1555	[83]	καὶ	_	_
5.2	1556	[3]	ταῦτα	_	_
5.2	1557	[9]	οὐκ	_	_
5.2	1558	[1]	ἄπο	_	_
5.2	1559	[1]	τρόπου	_	_
5.2	1560	[6]	ἐπὶ	_	_
5.2	1561	[15]	τοῦ	_	_
5.2	1562	[10]	σώματος	_	_
5.2	1563	[141]	,	b	_
5.2	1564	[1]	διότι	_	_
5.2	1565	[11]	ἡ	_	_
5.2	1566	[20]	ἐν	_	_
5.2	1567	[1]	θερμοῖς	_	_
5.2	1568	[142]	,	b	_
5.2	1569	[84]	καὶ	_	_
5.2	1570	[1]	ψυχροῖς	_	_
5.2	1571	[143]	,	b	_
5.2	1572	[85]	καὶ	_	_
5.2	1573	[1]	ὑγροῖς	_	_
5.2	1574	[144]	,	b	_
5.2	1575	[86]	καὶ	_	_
5.2	1576	[1]	ξηροῖς	_	_
5.2	1577	[1]	γενομένη	_	_
5.2	1578	[2]	συμμετρία	_	_
5.2	1579	[13]	ἢ	_	_
5.2	1580	[2]	ἀσυμμετρία	_	_
5.2	1581	[1]	ἐστὶν	_	_
5.2	1582	[2]	ὑγίεια	_	_
5.2	1583	[14]	ἢ	_	_
5.2	1584	[8]	νόσος	_	_
5.2	1585	[145]	,	b	_
5.2	1586	[12]	ἡ	_	_
5.2	1587	[19]	δὲ	_	_
5.2	1588	[21]	ἐν	_	_
5.2	1589	[1]	νεύροις	_	_
5.2	1590	[3]	συμμετρία	_	_
5.2	1591	[15]	ἢ	_	_
5.2	1592	[3]	ἀσυμμετρία	_	_
5.2	1593	[1]	ἰσχὺς	_	_
5.2	1594	[16]	ἢ	_	_
5.2	1595	[2]	ἀσθένεια	_	_
5.2	1596	[146]	,	b	_
5.2	1597	[87]	καὶ	_	_
5.2	1598	[2]	εὐτονία	_	_
5.2	1599	[17]	ἢ	_	_
5.2	1600	[2]	ἀτονία	_	_
5.2	1601	[147]	,	b	_
5.2	1602	[13]	ἡ	_	_
5.2	1603	[10]	δ	_	_
5.2	1604	[36]	’	b	_
5.2	1605	[22]	ἐν	_	_
5.2	1606	[16]	τοῖς	_	_
5.2	1607	[1]	μέλεσι	_	_
5.2	1608	[4]	συμμετρία	_	_
5.2	1609	[18]	ἢ	_	_
5.2	1610	[4]	ἀσυμμετρία	_	_
5.2	1611	[1]	κάλλος	_	_
5.2	1612	[19]	ἢ	_	_
5.2	1613	[1]	αἶσχος	_	_
5.2	1614	[41]	.	b	_
5.2	1615	[11]	ἀλλὰ	_	_
5.2	1616	[4]	ταῦτα	_	_
5.2	1617	[16]	μὲν	_	_
5.2	1618	[148]	,	b	_
5.2	1619	[2]	ὦ	_	_
5.2	1620	[1]	γενναιότατε	_	_
5.2	1621	[1]	Χρύσιππε	_	_
5.2	1622	[149]	,	b	_
5.2	1623	[1]	καλῶς	_	_
5.2	1624	[3]	ἅπαντα	_	_
5.2	1625	[1]	διῆλθες	_	_
5.2	1626	[150]	,	b	_
5.2	1627	[1]	ἀπόδος	_	_
5.2	1628	[11]	δ	_	_
5.2	1629	[37]	’	b	_
5.2	1630	[1]	ἡμῖν	_	_
5.2	1631	[151]	,	b	_
5.2	1632	[12]	ὡς	_	_
5.2	1633	[1]	ἐπηγγείλω	_	_
5.2	1634	[152]	,	b	_
5.2	1635	[27]	τὴν	_	_
5.2	1636	[6]	ἀναλογίαν	_	_
5.2	1637	[30]	τῶν	_	_
5.2	1638	[23]	ἐν	_	_
5.2	1639	[17]	τῇ	_	_
5.2	1640	[6]	ψυχῇ	_	_
5.2	1641	[2]	συνωνύμως	_	_
5.2	1642	[3]	αὐτοῖς	_	_
5.2	1643	[1]	ὠνομασμένων	_	_
5.2	1644	[153]	,	b	_
5.2	1645	[1]	ἀρξάμενος	_	_
5.2	1646	[3]	ἀπὸ	_	_
5.2	1647	[22]	τῆς	_	_
5.2	1648	[2]	ὑγιείας	_	_
5.2	1649	[19]	τε	_	_
5.2	1650	[88]	καὶ	_	_
5.2	1651	[1]	νόσου	_	_
5.2	1652	[42]	.	b	_
5.2	1653	[2]	ὥσπερ	_	_
5.2	1654	[24]	γὰρ	_	_
5.2	1655	[3]	ὑγίεια	_	_
5.2	1656	[1]	σώματός	_	_
5.2	1657	[3]	ἐστιν	_	_
5.2	1658	[14]	ἡ	_	_
5.2	1659	[5]	συμμετρία	_	_
5.2	1660	[31]	τῶν	_	_
5.2	1661	[1]	ἁπλουστάτων	_	_
5.2	1662	[2]	αὐτοῦ	_	_
5.2	1663	[1]	μορίων	_	_
5.2	1664	[154]	,	b	_
5.2	1665	[1]	ἃ	_	_
5.2	1666	[5]	δὴ	_	_
5.2	1667	[89]	καὶ	_	_
5.2	1668	[1]	στοιχεῖα	_	_
5.2	1669	[2]	προσαγορεύομεν	_	_
5.2	1670	[155]	,	b	_
5.2	1671	[16]	τοῦ	_	_
5.2	1672	[2]	θερμοῦ	_	_
5.2	1673	[1]	λέγω	_	_
5.2	1674	[156]	,	b	_
5.2	1675	[90]	καὶ	_	_
5.2	1676	[2]	ψυχροῦ	_	_
5.2	1677	[157]	,	b	_
5.2	1678	[91]	καὶ	_	_
5.2	1679	[2]	ξηροῦ	_	_
5.2	1680	[158]	,	b	_
5.2	1681	[92]	καὶ	_	_
5.2	1682	[2]	ὑγροῦ	_	_
5.2	1683	[159]	,	b	_
5.2	1684	[11]	κατὰ	_	_
5.2	1685	[9]	τὸν	_	_
5.2	1686	[5]	αὐτὸν	_	_
5.2	1687	[5]	τρόπον	_	_
5.2	1688	[1]	εἴη	_	_
5.2	1689	[4]	ἂν	_	_
5.2	1690	[160]	,	b	_
5.2	1691	[4]	οἶμαι	_	_
5.2	1692	[161]	,	b	_
5.2	1693	[93]	καὶ	_	_
5.2	1694	[15]	ἡ	_	_
5.2	1695	[23]	τῆς	_	_
5.2	1696	[13]	ψυχῆς	_	_
5.2	1697	[4]	ὑγίεια	_	_
5.2	1698	[6]	συμμετρία	_	_
5.2	1699	[10]	τις	_	_
5.2	1700	[32]	τῶν	_	_
5.2	1701	[1]	ἁπλῶν	_	_
5.2	1702	[1]	αὐτῆς	_	_
5.2	1703	[2]	μορίων	_	_
5.2	1704	[15]	·	b	_
5.2	1705	[2]	ἃ	_	_
5.2	1706	[2]	τίνα	_	_
5.2	1707	[2]	ποτ	_	_
5.2	1708	[38]	’	b	_
5.2	1709	[4]	ἐστὶ	_	_
5.2	1710	[162]	,	b	_
5.2	1711	[94]	καὶ	_	_
5.2	1712	[1]	ὁπόσα	_	_
5.2	1713	[163]	,	b	_
5.2	1714	[95]	καὶ	_	_
5.2	1715	[2]	ὅπως	_	_
5.2	1716	[1]	ἔχοντα	_	_
5.2	1717	[19]	πρὸς	_	_
5.2	1718	[1]	ἄλληλα	_	_
5.2	1719	[164]	,	b	_
5.2	1720	[1]	διελθεῖν	_	_
5.2	1721	[3]	ἀναγκαῖον	_	_
5.2	1722	[2]	ἔσται	_	_
5.2	1723	[1]	σοι	_	_
5.2	1724	[165]	,	b	_
5.2	1725	[1]	μέλλοντί	_	_
5.2	1726	[6]	γε	_	_
5.2	1727	[2]	μηδὲν	_	_
5.2	1728	[1]	παραλείψειν	_	_
5.2	1729	[3]	ὧν	_	_
5.2	1730	[2]	ἐπηγγείλω	_	_
5.2	1731	[43]	.	b	_
5.2	1732	[96]	καὶ	_	_
5.2	1733	[6]	δὴ	_	_
5.2	1734	[97]	καὶ	_	_
5.2	1735	[16]	ἡ	_	_
5.2	1736	[9]	νόσος	_	_
5.2	1737	[17]	ἡ	_	_
5.2	1738	[24]	τῆς	_	_
5.2	1739	[14]	ψυχῆς	_	_
5.2	1740	[1]	ὡσαύτως	_	_
5.2	1741	[5]	ἀσυμμετρία	_	_
5.2	1742	[11]	τις	_	_
5.2	1743	[3]	ἔσται	_	_
5.2	1744	[98]	καὶ	_	_
5.2	1745	[1]	στάσις	_	_
5.2	1746	[20]	πρὸς	_	_
5.2	1747	[2]	ἄλληλα	_	_
5.2	1748	[33]	τῶν	_	_
5.2	1749	[7]	αὐτῶν	_	_
5.2	1750	[5]	τούτων	_	_
5.2	1751	[3]	μορίων	_	_
5.2	1752	[166]	,	b	_
5.2	1753	[4]	ὧν	_	_
5.2	1754	[18]	ἡ	_	_
5.2	1755	[7]	συμμετρία	_	_
5.2	1756	[25]	τῆς	_	_
5.2	1757	[15]	ψυχῆς	_	_
5.2	1758	[2]	ἦν	_	_
5.2	1759	[5]	ὑγίεια	_	_
5.2	1760	[44]	.	b	_
5.2	1761	[11]	τὰ	_	_
5.2	1762	[20]	δὲ	_	_
5.2	1763	[1]	μόρια	_	_
5.2	1764	[5]	ταῦτα	_	_
5.2	1765	[12]	κατὰ	_	_
5.2	1766	[10]	τὸν	_	_
5.2	1767	[1]	Πλάτωνα	_	_
5.2	1768	[12]	τὸ	_	_
5.2	1769	[1]	θυμοειδές	_	_
5.2	1770	[1]	ἐστι	_	_
5.2	1771	[167]	,	b	_
5.2	1772	[99]	καὶ	_	_
5.2	1773	[13]	τὸ	_	_
5.2	1774	[1]	λογιστικὸν	_	_
5.2	1775	[168]	,	b	_
5.2	1776	[4]	ἔτι	_	_
5.2	1777	[20]	τε	_	_
5.2	1778	[21]	πρὸς	_	_
5.2	1779	[9]	τούτοις	_	_
5.2	1780	[1]	τρίτον	_	_
5.2	1781	[14]	τὸ	_	_
5.2	1782	[1]	ἐπιθυμητικὸν	_	_
5.2	1783	[169]	,	b	_
5.2	1784	[2]	ὥστε	_	_
5.2	1785	[2]	σώζεσθαι	_	_
5.2	1786	[1]	τήν	_	_
5.2	1787	[21]	τε	_	_
5.2	1788	[26]	τῆς	_	_
5.2	1789	[3]	ὑγιείας	_	_
5.2	1790	[100]	καὶ	_	_
5.2	1791	[28]	τὴν	_	_
5.2	1792	[27]	τῆς	_	_
5.2	1793	[2]	νόσου	_	_
5.2	1794	[13]	κατὰ	_	_
5.2	1795	[1]	πᾶν	_	_
5.2	1796	[2]	ὁμοιότητα	_	_
5.2	1797	[28]	τῆς	_	_
5.2	1798	[16]	ψυχῆς	_	_
5.2	1799	[22]	πρὸς	_	_
5.2	1800	[15]	τὸ	_	_
5.2	1801	[6]	σῶμα	_	_
5.2	1802	[45]	.	b	_
5.2	1803	[1]	συμφωνοῦντα	_	_
5.2	1804	[17]	μὲν	_	_
5.2	1805	[25]	γὰρ	_	_
5.2	1806	[2]	ἀλλήλοις	_	_
5.2	1807	[12]	τὰ	_	_
5.2	1808	[1]	τρία	_	_
5.2	1809	[101]	καὶ	_	_
5.2	1810	[14]	κατὰ	_	_
5.2	1811	[3]	μηδὲν	_	_
5.2	1812	[1]	στασιάζοντα	_	_
5.2	1813	[29]	τὴν	_	_
5.2	1814	[5]	ὑγίειαν	_	_
5.2	1815	[29]	τῆς	_	_
5.2	1816	[17]	ψυχῆς	_	_
5.2	1817	[1]	ἀπεργάζεται	_	_
5.2	1818	[170]	,	b	_
5.2	1819	[1]	διαφωνήσαντα	_	_
5.2	1820	[21]	δὲ	_	_
5.2	1821	[102]	καὶ	_	_
5.2	1822	[1]	στασιάσαντα	_	_
5.2	1823	[30]	τὴν	_	_
5.2	1824	[11]	νόσον	_	_
5.2	1825	[46]	.	b	_
5.2	1826	[4]	ἔστι	_	_
5.2	1827	[26]	γὰρ	_	_
5.2	1828	[19]	ἡ	_	_
5.2	1829	[10]	νόσος	_	_
5.2	1830	[1]	ἀνωτέρω	_	_
5.2	1831	[103]	καὶ	_	_
5.2	1832	[2]	καθόλου	_	_
5.2	1833	[4]	μᾶλλον	_	_
5.2	1834	[47]	.	b	_
5.2	1835	[13]	ὡς	_	_
5.2	1836	[1]	μικρὸν	_	_
5.2	1837	[1]	ἔμπροσθεν	_	_
5.2	1838	[1]	εἴρηται	_	_
5.2	1839	[48]	.	b	_
5.2	1840	[1]	περιλάβωμεν	_	_
5.2	1841	[5]	οὖν	_	_
5.2	1842	[2]	αὐτῆς	_	_
5.2	1843	[31]	τὴν	_	_
5.2	1844	[1]	ἔννοιαν	_	_
5.2	1845	[16]	·	b	_
5.2	1846	[20]	ἡ	_	_
5.2	1847	[17]	τοῦ	_	_
5.2	1848	[1]	φύσει	_	_
5.2	1849	[1]	συγγενοῦς	_	_
5.2	1850	[1]	ἔκ	_	_
5.2	1851	[1]	τινος	_	_
5.2	1852	[1]	διαφθορᾶς	_	_
5.2	1853	[1]	διαφορά	_	_
5.2	1854	[17]	·	b	_
5.2	1855	[4]	οὕτω	_	_
5.2	1856	[27]	γὰρ	_	_
5.2	1857	[24]	ἐν	_	_
5.2	1858	[1]	Σοφιστῇ	_	_
5.2	1859	[1]	Πλάτων	_	_
5.2	1860	[1]	ὡρίσατο	_	_
5.2	1861	[49]	.	b	_
5.2	1862	[5]	ὅτι	_	_
5.2	1863	[12]	δ	_	_
5.2	1864	[39]	’	b	_
5.2	1865	[1]	ἀνωτάτω	_	_
5.2	1866	[3]	τ	_	_
5.2	1867	[40]	’	b	_
5.2	1868	[2]	ἐστὶν	_	_
5.2	1869	[21]	ἡ	_	_
5.2	1870	[1]	ἀπόδειξις	_	_
5.2	1871	[1]	ἥδε	_	_
5.2	1872	[171]	,	b	_
5.2	1873	[104]	καὶ	_	_
5.2	1874	[1]	πάσας	_	_
5.2	1875	[11]	τὰς	_	_
5.2	1876	[15]	κατὰ	_	_
5.2	1877	[2]	μέρος	_	_
5.2	1878	[1]	νόσους	_	_
5.2	1879	[1]	ἀκριβῶς	_	_
5.2	1880	[1]	περιλαμβάνει	_	_
5.2	1881	[172]	,	b	_
5.2	1882	[1]	τάς	_	_
5.2	1883	[22]	τε	_	_
5.2	1884	[30]	τῆς	_	_
5.2	1885	[18]	ψυχῆς	_	_
5.2	1886	[1]	ἡμῶν	_	_
5.2	1887	[173]	,	b	_
5.2	1888	[105]	καὶ	_	_
5.2	1889	[12]	τὰς	_	_
5.2	1890	[18]	τοῦ	_	_
5.2	1891	[11]	σώματος	_	_
5.2	1892	[174]	,	b	_
5.2	1893	[106]	καὶ	_	_
5.2	1894	[13]	τὰς	_	_
5.2	1895	[25]	ἐν	_	_
5.2	1896	[17]	τοῖς	_	_
5.2	1897	[1]	ἄλλοις	_	_
5.2	1898	[1]	ζώοις	_	_
5.2	1899	[23]	τε	_	_
5.2	1900	[107]	καὶ	_	_
5.2	1901	[1]	φυτοῖς	_	_
5.2	1902	[175]	,	b	_
5.2	1903	[8]	ἤδη	_	_
5.2	1904	[22]	δὲ	_	_
5.2	1905	[1]	κᾀν	_	_
5.2	1906	[5]	ταῖς	_	_
5.2	1907	[1]	πόλεσιν	_	_
5.2	1908	[1]	ὅλαις	_	_
5.2	1909	[176]	,	b	_
5.2	1910	[8]	οὐ	_	_
5.2	1911	[1]	χαλεπὸν	_	_
5.2	1912	[1]	καταμαθεῖν	_	_
5.2	1913	[50]	.	b	_
5.2	1914	[5]	οὕτω	_	_
5.2	1915	[28]	γὰρ	_	_
5.2	1916	[177]	,	b	_
5.2	1917	[5]	οἶμαι	_	_
5.2	1918	[178]	,	b	_
5.2	1919	[108]	καὶ	_	_
5.2	1920	[14]	τὰς	_	_
5.2	1921	[1]	στασιαζούσας	_	_
5.2	1922	[1]	πόλεις	_	_
5.2	1923	[1]	ἐμφυλίῳ	_	_
5.2	1924	[1]	πολέμῳ	_	_
5.2	1925	[6]	νοσεῖν	_	_
5.2	1926	[26]	ἐν	_	_
5.2	1927	[1]	ἑαυταῖς	_	_
5.2	1928	[2]	λέγομεν	_	_
5.2	1929	[179]	,	b	_
5.2	1930	[14]	ὡς	_	_
5.2	1931	[5]	ἂν	_	_
5.2	1932	[8]	εἰς	_	_
5.2	1933	[1]	μάχην	_	_
5.2	1934	[1]	ἀφιγμένων	_	_
5.2	1935	[34]	τῶν	_	_
5.2	1936	[27]	ἐν	_	_
5.2	1937	[1]	αὐταῖς	_	_
5.2	1938	[2]	φύσει	_	_
5.2	1939	[1]	συγγενῶν	_	_
5.2	1940	[51]	.	b	_
5.2	1941	[2]	αὕτη	_	_
5.2	1942	[18]	μὲν	_	_
5.2	1943	[22]	ἡ	_	_
5.2	1944	[1]	γενικωτάτη	_	_
5.2	1945	[3]	νόσου	_	_
5.2	1946	[1]	πάσης	_	_
5.2	1947	[1]	ἔννοια	_	_
5.2	1948	[52]	.	b	_
5.2	1949	[35]	τῶν	_	_
5.2	1950	[13]	δ	_	_
5.2	1951	[41]	’	b	_
5.2	1952	[2]	ἁπλουστάτων	_	_
5.2	1953	[4]	μορίων	_	_
5.2	1954	[23]	ἡ	_	_
5.2	1955	[23]	πρὸς	_	_
5.2	1956	[3]	ἄλληλα	_	_
5.2	1957	[2]	στάσις	_	_
5.2	1958	[3]	ἧττον	_	_
5.2	1959	[1]	ταύτης	_	_
5.2	1960	[5]	ἐστὶ	_	_
5.2	1961	[1]	γενικὴ	_	_
5.2	1962	[180]	,	b	_
5.2	1963	[109]	καὶ	_	_
5.2	1964	[2]	ταύτης	_	_
5.2	1965	[2]	ἔθ	_	_
5.2	1966	[42]	’	b	_
5.2	1967	[4]	ἧττον	_	_
5.2	1968	[181]	,	b	_
5.2	1969	[3]	ἐπειδὰν	_	_
5.2	1970	[1]	θερμῶν	_	_
5.2	1971	[182]	,	b	_
5.2	1972	[110]	καὶ	_	_
5.2	1973	[1]	ψυχρῶν	_	_
5.2	1974	[183]	,	b	_
5.2	1975	[111]	καὶ	_	_
5.2	1976	[1]	ξηρῶν	_	_
5.2	1977	[184]	,	b	_
5.2	1978	[112]	καὶ	_	_
5.2	1979	[1]	ὑγρῶν	_	_
5.2	1980	[1]	ἀμετρία	_	_
5.2	1981	[12]	τις	_	_
5.2	1982	[14]	εἶναι	_	_
5.2	1983	[1]	λέγηται	_	_
5.2	1984	[53]	.	b	_
5.2	1985	[12]	σώματος	_	_
5.2	1986	[29]	γὰρ	_	_
5.2	1987	[3]	αὕτη	_	_
5.2	1988	[7]	γε	_	_
5.2	1989	[1]	μόνου	_	_
5.2	1990	[113]	καὶ	_	_
5.2	1991	[1]	οὐδενὸς	_	_
5.2	1992	[36]	τῶν	_	_
5.2	1993	[1]	ἄλλων	_	_
5.2	1994	[6]	ἐστὶ	_	_
5.2	1995	[11]	νόσος	_	_
5.2	1996	[185]	,	b	_
5.2	1997	[3]	ὥσπερ	_	_
5.2	1998	[8]	γε	_	_
5.2	1999	[114]	καὶ	_	_
5.2	2000	[24]	ἡ	_	_
5.2	2001	[19]	τοῦ	_	_
5.2	2002	[1]	λογιστικοῦ	_	_
5.2	2003	[3]	στάσις	_	_
5.2	2004	[2]	οὐδενὸς	_	_
5.2	2005	[37]	τῶν	_	_
5.2	2006	[2]	ἄλλων	_	_
5.2	2007	[7]	ἐστὶ	_	_
5.2	2008	[1]	πλὴν	_	_
5.2	2009	[19]	ψυχῆς	_	_
5.2	2010	[12]	νόσος	_	_
5.2	2011	[54]	.	b	_
5.2	2012	[5]	ὁ	_	_
5.2	2013	[23]	δὲ	_	_
5.2	2014	[7]	Χρύσιππος	_	_
5.2	2015	[1]	ἁμαρτάνει	_	_
5.2	2016	[1]	διττὰ	_	_
5.2	2017	[16]	κατὰ	_	_
5.2	2018	[32]	τὴν	_	_
5.2	2019	[28]	ἐν	_	_
5.2	2020	[10]	τούτοις	_	_
5.2	2021	[1]	διδασκαλίαν	_	_
5.2	2022	[18]	·	b	_
5.2	2023	[1]	πρῶτον	_	_
5.2	2024	[19]	μὲν	_	_
5.2	2025	[186]	,	b	_
5.2	2026	[6]	ὅτι	_	_
5.2	2027	[1]	διαφέρεται	_	_
5.2	2028	[24]	πρὸς	_	_
5.2	2029	[1]	αὑτὸν	_	_
5.2	2030	[187]	,	b	_
5.2	2031	[29]	ἐν	_	_
5.2	2032	[20]	μὲν	_	_
5.2	2033	[11]	τῷ	_	_
5.2	2034	[6]	περὶ	_	_
5.2	2035	[10]	παθῶν	_	_
5.2	2036	[3]	ἠθικῷ	_	_
5.2	2037	[3]	συνωνύμως	_	_
5.2	2038	[1]	ὠνομάσθαι	_	_
5.2	2039	[1]	λέγων	_	_
5.2	2040	[33]	τὴν	_	_
5.2	2041	[30]	ἐν	_	_
5.2	2042	[18]	τῇ	_	_
5.2	2043	[7]	ψυχῇ	_	_
5.2	2044	[12]	νόσον	_	_
5.2	2045	[19]	τῇ	_	_
5.2	2046	[17]	κατὰ	_	_
5.2	2047	[16]	τὸ	_	_
5.2	2048	[7]	σῶμα	_	_
5.2	2049	[188]	,	b	_
5.2	2050	[2]	διὰ	_	_
5.2	2051	[24]	δὲ	_	_
5.2	2052	[20]	τοῦ	_	_
5.2	2053	[1]	πρώτου	_	_
5.2	2054	[38]	τῶν	_	_
5.2	2055	[1]	λογικῶν	_	_
5.2	2056	[1]	εἰκάζων	_	_
5.2	2057	[3]	αὐτὴν	_	_
5.2	2058	[1]	εὐλύτῳ	_	_
5.2	2059	[115]	καὶ	_	_
5.2	2060	[1]	εὐδιαφθάρτῳ	_	_
5.2	2061	[5]	ὑγιείᾳ	_	_
5.2	2062	[19]	·	b	_
5.2	2063	[1]	ἔπειθ	_	_
5.2	2064	[43]	’	b	_
5.2	2065	[7]	ὅτι	_	_
5.2	2066	[3]	μηδ	_	_
5.2	2067	[44]	’	b	_
5.2	2068	[189]	,	b	_
5.2	2069	[1]	ὅπερ	_	_
5.2	2070	[1]	ἀληθῶς	_	_
5.2	2071	[1]	ὑπέσχετο	_	_
5.2	2072	[18]	κατὰ	_	_
5.2	2073	[17]	τὸ	_	_
5.2	2074	[1]	θεραπευτικὸν	_	_
5.2	2075	[116]	καὶ	_	_
5.2	2076	[1]	ἠθικὸν	_	_
5.2	2077	[1]	ἐπιγραφόμενον	_	_
5.2	2078	[2]	βιβλίον	_	_
5.2	2079	[190]	,	b	_
5.2	2080	[1]	ἠδυνήθη	_	_
5.2	2081	[1]	δεῖξαι	_	_
5.2	2082	[55]	.	b	_
5.2	2083	[4]	τί	_	_
5.2	2084	[14]	δ	_	_
5.2	2085	[45]	’	b	_
5.2	2086	[8]	ἐστὶ	_	_
5.2	2087	[6]	τοῦτο	_	_
5.2	2088	[4]	;	b	_
5.2	2089	[39]	τῶν	_	_
5.2	2090	[1]	μερῶν	_	_
5.2	2091	[31]	τῆς	_	_
5.2	2092	[20]	ψυχῆς	_	_
5.2	2093	[25]	ἡ	_	_
5.2	2094	[25]	πρὸς	_	_
5.2	2095	[4]	ἄλληλα	_	_
5.2	2096	[8]	συμμετρία	_	_
5.2	2097	[191]	,	b	_
5.2	2098	[5]	καθ	_	_
5.2	2099	[46]	’	b	_
5.2	2100	[4]	ἣν	_	_
5.2	2101	[2]	ὑγιαίνειν	_	_
5.2	2102	[24]	τε	_	_
5.2	2103	[3]	λέγεται	_	_
5.2	2104	[117]	καὶ	_	_
5.2	2105	[7]	νοσεῖν	_	_
5.2	2106	[56]	.	b	_
5.2	2107	[1]	πάντα	_	_
5.2	2108	[30]	γὰρ	_	_
5.2	2109	[3]	αὐτῆς	_	_
5.2	2110	[1]	τά	_	_
5.2	2111	[25]	τε	_	_
5.2	2112	[6]	πάθη	_	_
5.2	2113	[118]	καὶ	_	_
5.2	2114	[13]	τὰ	_	_
5.2	2115	[4]	νοσήματα	_	_
5.2	2116	[6]	καθ	_	_
5.2	2117	[47]	’	b	_
5.2	2118	[2]	ἓν	_	_
5.2	2119	[1]	ὑποθέμενος	_	_
5.2	2120	[2]	γίγνεσθαι	_	_
5.2	2121	[20]	·	b	_
5.2	2122	[18]	τὸ	_	_
5.2	2123	[2]	λογιστικὸν	_	_
5.2	2124	[1]	εἰκότως	_	_
5.2	2125	[1]	ἀπορεῖ	_	_
5.2	2126	[1]	δεικνύναι	_	_
5.2	2127	[192]	,	b	_
5.2	2128	[1]	τίνων	_	_
5.2	2129	[3]	μέν	_	_
5.2	2130	[2]	ἐστι	_	_
5.2	2131	[5]	μορίων	_	_
5.2	2132	[26]	ἡ	_	_
5.2	2133	[32]	τῆς	_	_
5.2	2134	[21]	ψυχῆς	_	_
5.2	2135	[6]	ὑγίεια	_	_
5.2	2136	[9]	συμμετρία	_	_
5.2	2137	[57]	.	b	_
5.2	2138	[19]	κατὰ	_	_
5.2	2139	[25]	δὲ	_	_
5.2	2140	[11]	τὸν	_	_
5.2	2141	[6]	αὐτὸν	_	_
5.2	2142	[6]	τρόπον	_	_
5.2	2143	[31]	ἐν	_	_
5.2	2144	[1]	συμμετρίᾳ	_	_
5.2	2145	[2]	μερῶν	_	_
5.2	2146	[2]	ὑποθέμενος	_	_
5.2	2147	[3]	γίγνεσθαι	_	_
5.2	2148	[19]	τὸ	_	_
5.2	2149	[2]	κάλλος	_	_
5.2	2150	[193]	,	b	_
5.2	2151	[32]	ἐν	_	_
5.2	2152	[1]	ἀμετρίᾳ	_	_
5.2	2153	[2]	δέ	_	_
5.2	2154	[1]	τινι	_	_
5.2	2155	[20]	τὸ	_	_
5.2	2156	[2]	αἶσχος	_	_
5.2	2157	[194]	,	b	_
5.2	2158	[2]	εἰκότως	_	_
5.2	2159	[2]	ἀπορεῖ	_	_
5.2	2160	[2]	δεικνύναι	_	_
5.2	2161	[195]	,	b	_
5.2	2162	[1]	ποίων	_	_
5.2	2163	[21]	μὲν	_	_
5.2	2164	[33]	τῆς	_	_
5.2	2165	[22]	ψυχῆς	_	_
5.2	2166	[3]	μερῶν	_	_
5.2	2167	[27]	ἡ	_	_
5.2	2168	[10]	συμμετρία	_	_
5.2	2169	[3]	κάλλος	_	_
5.2	2170	[9]	ἐστὶ	_	_
5.2	2171	[196]	,	b	_
5.2	2172	[2]	ποίων	_	_
5.2	2173	[26]	δὲ	_	_
5.2	2174	[2]	ἀμετρία	_	_
5.2	2175	[3]	αἶσχος	_	_
5.2	2176	[58]	.	b	_
5.2	2177	[1]	καίτοι	_	_
5.2	2178	[5]	γράφει	_	_
5.2	2179	[1]	γ	_	_
5.2	2180	[48]	’	b	_
5.2	2181	[5]	ἐφεξῆς	_	_
5.2	2182	[5]	ὧν	_	_
5.2	2183	[2]	ὀλίγον	_	_
5.2	2184	[2]	ἔμπροσθεν	_	_
5.2	2185	[3]	αὐτοῦ	_	_
5.2	2186	[1]	παρεθέμην	_	_
5.2	2187	[1]	ῥήσεων	_	_
5.2	2188	[1]	ὡδί	_	_
5.2	2189	[21]	·	b	_
5.2	2190	[4]	διὸ	_	_
5.2	2191	[119]	καὶ	_	_
5.2	2192	[1]	καλὴ	_	_
5.2	2193	[20]	ἢ	_	_
5.2	2194	[1]	αἰσχρὰ	_	_
5.2	2195	[2]	ψυχὴ	_	_
5.2	2196	[2]	ἀνάλογον	_	_
5.2	2197	[1]	ῥηθήσεται	_	_
5.2	2198	[20]	κατὰ	_	_
5.2	2199	[1]	συμμετρίαν	_	_
5.2	2200	[1]	τέ	_	_
5.2	2201	[3]	τινα	_	_
5.2	2202	[120]	καὶ	_	_
5.2	2203	[1]	ἀσυμμετρίαν	_	_
5.2	2204	[1]	τοιῶνδέ	_	_
5.2	2205	[1]	τινων	_	_
5.2	2206	[4]	μερῶν	_	_
5.2	2207	[59]	.	b	_
5.2	2208	[8]	ὅτι	_	_
5.2	2209	[22]	μὲν	_	_
5.2	2210	[6]	οὖν	_	_
5.2	2211	[21]	κατὰ	_	_
5.2	2212	[2]	συμμετρίαν	_	_
5.2	2213	[2]	τέ	_	_
5.2	2214	[4]	τινα	_	_
5.2	2215	[121]	καὶ	_	_
5.2	2216	[2]	ἀσυμμετρίαν	_	_
5.2	2217	[2]	τοιῶνδέ	_	_
5.2	2218	[2]	τινων	_	_
5.2	2219	[5]	μερῶν	_	_
5.2	2220	[34]	τῆς	_	_
5.2	2221	[23]	ψυχῆς	_	_
5.2	2222	[21]	ἢ	_	_
5.2	2223	[1]	καλὴν	_	_
5.2	2224	[197]	,	b	_
5.2	2225	[22]	ἢ	_	_
5.2	2226	[1]	αἰσχρὰν	_	_
5.2	2227	[4]	αὐτὴν	_	_
5.2	2228	[15]	εἶναι	_	_
5.2	2229	[1]	λεκτέον	_	_
5.2	2230	[10]	ἐστὶ	_	_
5.2	2231	[198]	,	b	_
5.2	2232	[122]	καὶ	_	_
5.2	2233	[1]	ὑγιαίνουσαν	_	_
5.2	2234	[123]	καὶ	_	_
5.2	2235	[3]	νοσοῦσαν	_	_
5.2	2236	[199]	,	b	_
5.2	2237	[3]	ὀρθῶς	_	_
5.2	2238	[2]	εἴρηται	_	_
5.2	2239	[12]	τῷ	_	_
5.2	2240	[4]	Χρυσίππῳ	_	_
5.2	2241	[60]	.	b	_
5.2	2242	[3]	τίνα	_	_
5.2	2243	[15]	δ	_	_
5.2	2244	[49]	’	b	_
5.2	2245	[11]	ἐστὶ	_	_
5.2	2246	[6]	ταῦτα	_	_
5.2	2247	[14]	τὰ	_	_
5.2	2248	[35]	τῆς	_	_
5.2	2249	[24]	ψυχῆς	_	_
5.2	2250	[2]	μόρια	_	_
5.2	2251	[200]	,	b	_
5.2	2252	[1]	μὴ	_	_
5.2	2253	[1]	δυνάμενος	_	_
5.2	2254	[2]	εἰπεῖν	_	_
5.2	2255	[201]	,	b	_
5.2	2256	[15]	ὡς	_	_
5.2	2257	[6]	ἂν	_	_
5.2	2258	[33]	ἐν	_	_
5.2	2259	[1]	ἑνὶ	_	_
5.2	2260	[1]	μόνῳ	_	_
5.2	2261	[13]	τῷ	_	_
5.2	2262	[1]	λογιστικῷ	_	_
5.2	2263	[124]	καὶ	_	_
5.2	2264	[34]	τὴν	_	_
5.2	2265	[6]	ὑγίειαν	_	_
5.2	2266	[4]	αὐτῆς	_	_
5.2	2267	[202]	,	b	_
5.2	2268	[125]	καὶ	_	_
5.2	2269	[35]	τὴν	_	_
5.2	2270	[13]	νόσον	_	_
5.2	2271	[203]	,	b	_
5.2	2272	[126]	καὶ	_	_
5.2	2273	[21]	τὸ	_	_
5.2	2274	[4]	κάλλος	_	_
5.2	2275	[204]	,	b	_
5.2	2276	[127]	καὶ	_	_
5.2	2277	[22]	τὸ	_	_
5.2	2278	[4]	αἶσχος	_	_
5.2	2279	[1]	τιθέμενος	_	_
5.2	2280	[205]	,	b	_
5.2	2281	[1]	ἀναγκάζεται	_	_
5.2	2282	[1]	περιπλέκειν	_	_
5.2	2283	[26]	τε	_	_
5.2	2284	[12]	τὸν	_	_
5.2	2285	[3]	λόγον	_	_
5.2	2286	[128]	καὶ	_	_
5.2	2287	[40]	τῶν	_	_
5.2	2288	[1]	ἐνεργειῶν	_	_
5.2	2289	[5]	αὐτῆς	_	_
5.2	2290	[16]	ὡς	_	_
5.2	2291	[6]	μερῶν	_	_
5.2	2292	[1]	μνημονεύειν	_	_
5.2	2293	[61]	.	b	_
5.2	2294	[6]	ἐφεξῆς	_	_
5.2	2295	[4]	γοῦν	_	_
5.2	2296	[2]	οἷς	_	_
5.2	2297	[2]	παρεθέμην	_	_
5.2	2298	[1]	ὡδὶ	_	_
5.2	2299	[6]	γράφει	_	_
5.2	2300	[22]	·	b	_
5.2	2301	[5]	ἔστι	_	_
5.2	2302	[27]	δὲ	_	_
5.2	2303	[36]	τῆς	_	_
5.2	2304	[25]	ψυχῆς	_	_
5.2	2305	[1]	μέρη	_	_
5.2	2306	[206]	,	b	_
5.2	2307	[2]	δι	_	_
5.2	2308	[50]	’	b	_
5.2	2309	[6]	ὧν	_	_
5.2	2310	[6]	ὁ	_	_
5.2	2311	[34]	ἐν	_	_
5.2	2312	[4]	αὐτῇ	_	_
5.2	2313	[2]	λόγος	_	_
5.2	2314	[1]	συνέστηκε	_	_
5.2	2315	[207]	,	b	_
5.2	2316	[129]	καὶ	_	_
5.2	2317	[28]	ἡ	_	_
5.2	2318	[35]	ἐν	_	_
5.2	2319	[4]	αὐτῷ	_	_
5.2	2320	[1]	διάθεσις	_	_
5.2	2321	[62]	.	b	_
5.2	2322	[130]	καὶ	_	_
5.2	2323	[6]	ἔστι	_	_
5.2	2324	[2]	καλὴ	_	_
5.2	2325	[23]	ἢ	_	_
5.2	2326	[2]	αἰσχρὰ	_	_
5.2	2327	[3]	ψυχὴ	_	_
5.2	2328	[22]	κατὰ	_	_
5.2	2329	[23]	τὸ	_	_
5.2	2330	[1]	ἡγεμονικὸν	_	_
5.2	2331	[1]	μόριον	_	_
5.2	2332	[1]	ἔχον	_	_
5.2	2333	[2]	οὕτως	_	_
5.2	2334	[24]	ἢ	_	_
5.2	2335	[3]	οὕτως	_	_
5.2	2336	[23]	κατὰ	_	_
5.2	2337	[4]	τοὺς	_	_
5.2	2338	[1]	οἰκείους	_	_
5.2	2339	[1]	μερισμούς	_	_
5.2	2340	[63]	.	b	_
5.2	2341	[1]	ποίους	_	_
5.2	2342	[2]	οἰκείους	_	_
5.2	2343	[1]	μερισμοὺς	_	_
5.2	2344	[208]	,	b	_
5.2	2345	[3]	ὦ	_	_
5.2	2346	[2]	Χρύσιππε	_	_
5.2	2347	[209]	,	b	_
5.2	2348	[1]	προσγράψας	_	_
5.2	2349	[7]	ἐφεξῆς	_	_
5.2	2350	[1]	ἀπαλλάξεις	_	_
5.2	2351	[1]	ἡμᾶς	_	_
5.2	2352	[1]	πραγμάτων	_	_
5.2	2353	[5]	;	b	_
5.2	2354	[3]	ἀλλ	_	_
5.2	2355	[51]	’	b	_
5.2	2356	[2]	οὔτ	_	_
5.2	2357	[52]	’	b	_
5.2	2358	[1]	ἐνταῦθα	_	_
5.2	2359	[1]	προσέγραψας	_	_
5.2	2360	[210]	,	b	_
5.2	2361	[3]	οὔτ	_	_
5.2	2362	[53]	’	b	_
5.2	2363	[36]	ἐν	_	_
5.2	2364	[2]	ἄλλῳ	_	_
5.2	2365	[3]	τινὶ	_	_
5.2	2366	[41]	τῶν	_	_
5.2	2367	[1]	σεαυτοῦ	_	_
5.2	2368	[1]	βιβλίων	_	_
5.2	2369	[211]	,	b	_
5.2	2370	[4]	ἀλλ	_	_
5.2	2371	[54]	’	b	_
5.2	2372	[4]	ὥσπερ	_	_
5.2	2373	[10]	οὐκ	_	_
5.2	2374	[37]	ἐν	_	_
5.2	2375	[2]	τούτῳ	_	_
5.2	2376	[24]	τὸ	_	_
5.2	2377	[2]	πᾶν	_	_
5.2	2378	[1]	κῦρος	_	_
5.2	2379	[1]	ὑπάρχον	_	_
5.2	2380	[37]	τῆς	_	_
5.2	2381	[7]	περὶ	_	_
5.2	2382	[42]	τῶν	_	_
5.2	2383	[11]	παθῶν	_	_
5.2	2384	[1]	πραγματείας	_	_
5.2	2385	[212]	,	b	_
5.2	2386	[1]	ἀποχωρήσεις	_	_
5.2	2387	[27]	τε	_	_
5.2	2388	[1]	παραχρῆμα	_	_
5.2	2389	[38]	τῆς	_	_
5.2	2390	[1]	διδασκαλίας	_	_
5.2	2391	[4]	αὐτοῦ	_	_
5.2	2392	[213]	,	b	_
5.2	2393	[131]	καὶ	_	_
5.2	2394	[1]	μηκυνεῖς	_	_
5.2	2395	[13]	τὸν	_	_
5.2	2396	[4]	λόγον	_	_
5.2	2397	[38]	ἐν	_	_
5.2	2398	[18]	τοῖς	_	_
5.2	2399	[9]	οὐ	_	_
5.2	2400	[1]	προσήκουσι	_	_
5.2	2401	[214]	,	b	_
5.2	2402	[1]	δέον	_	_
5.2	2403	[1]	ἐπιμεῖναι	_	_
5.2	2404	[132]	καὶ	_	_
5.2	2405	[2]	δεῖξαι	_	_
5.2	2406	[215]	,	b	_
5.2	2407	[4]	τίνα	_	_
5.2	2408	[1]	ποτέ	_	_
5.2	2409	[3]	ἐστι	_	_
5.2	2410	[15]	τὰ	_	_
5.2	2411	[3]	μόρια	_	_
5.2	2412	[21]	τοῦ	_	_
5.2	2413	[2]	λογιστικοῦ	_	_
5.2	2414	[39]	τῆς	_	_
5.2	2415	[26]	ψυχῆς	_	_
5.2	2416	[64]	.	b	_
5.2	2417	[1]	ἐπειδὴ	_	_
5.2	2418	[2]	τοίνυν	_	_
5.2	2419	[1]	σὺ	_	_
5.2	2420	[1]	παρέδραμες	_	_
5.2	2421	[1]	εἴθ	_	_
5.2	2422	[55]	’	b	_
5.2	2423	[1]	ἑκὼν	_	_
5.2	2424	[4]	εἴτ	_	_
5.2	2425	[56]	’	b	_
5.2	2426	[1]	ἄκων	_	_
5.2	2427	[14]	τὸν	_	_
5.2	2428	[5]	λόγον	_	_
5.2	2429	[216]	,	b	_
5.2	2430	[3]	(	a	_
5.2	2431	[10]	οὐ	_	_
5.2	2432	[31]	γὰρ	_	_
5.2	2433	[1]	ἔχω	_	_
5.2	2434	[1]	συμβαλεῖν	_	_
5.2	2435	[217]	,	b	_
5.2	2436	[3]	)	b	_
5.2	2437	[1]	ἐγὼ	_	_
5.2	2438	[1]	πειράσομαι	_	_
5.2	2439	[19]	τοῖς	_	_
5.2	2440	[1]	σοῖς	_	_
5.2	2441	[1]	δόγμασιν	_	_
5.2	2442	[1]	ἑπόμενος	_	_
5.2	2443	[1]	ἐξευρεῖν	_	_
5.2	2444	[3]	τέ	_	_
5.2	2445	[1]	σου	_	_
5.2	2446	[25]	τὸ	_	_
5.2	2447	[1]	βούλημα	_	_
5.2	2448	[133]	καὶ	_	_
5.2	2449	[1]	διασκέψασθαι	_	_
5.2	2450	[8]	περὶ	_	_
5.2	2451	[40]	τῆς	_	_
5.2	2452	[1]	ἀληθείας	_	_
5.2	2453	[5]	αὐτοῦ	_	_
5.2	2454	[218]	,	b	_
5.2	2455	[36]	τὴν	_	_
5.2	2456	[2]	ἀρχὴν	_	_
5.2	2457	[4]	ἀπὸ	_	_
5.2	2458	[41]	τῆς	_	_
5.2	2459	[2]	προγεγραμμένης	_	_
5.2	2460	[2]	ῥήσεως	_	_
5.2	2461	[1]	ποιησάμενος	_	_
5.2	2462	[1]	ἐχούσης	_	_
5.2	2463	[4]	ᾧδε	_	_
5.2	2464	[65]	.	b	_
5.3	1	[1]	Ἔστι	_	_
5.3	2	[1]	δέ	_	_
5.3	3	[1]	γε	_	_
5.3	4	[1]	τῆς	_	_
5.3	5	[1]	ψυχῆς	_	_
5.3	6	[1]	μέρη	_	_
5.3	7	[1]	,	b	_
5.3	8	[1]	δι	_	_
5.3	9	[1]	’	b	_
5.3	10	[1]	ὧν	_	_
5.3	11	[1]	ὁ	_	_
5.3	12	[1]	ἐν	_	_
5.3	13	[1]	αὐτῇ	_	_
5.3	14	[1]	λόγος	_	_
5.3	15	[1]	συνέστηκεν	_	_
5.3	16	[1]	.	b	_
5.3	17	[1]	ἀναμιμνήσκων	_	_
5.3	18	[1]	ἴσως	_	_
5.3	19	[1]	ἡμᾶς	_	_
5.3	20	[1]	τῶν	_	_
5.3	21	[2]	ἐν	_	_
5.3	22	[1]	τοῖς	_	_
5.3	23	[1]	περὶ	_	_
5.3	24	[1]	τοῦ	_	_
5.3	25	[1]	λόγου	_	_
5.3	26	[1]	γεγραμμένων	_	_
5.3	27	[2]	ὧν	_	_
5.3	28	[1]	σὺ	_	_
5.3	29	[1]	διῆλθες	_	_
5.3	30	[2]	,	b	_
5.3	31	[1]	ὡς	_	_
5.3	32	[1]	ἔστιν	_	_
5.3	33	[1]	ἐννοιῶν	_	_
5.3	34	[1]	τέ	_	_
5.3	35	[1]	τινων	_	_
5.3	36	[1]	καὶ	_	_
5.3	37	[1]	προλήψεων	_	_
5.3	38	[1]	ἄθροισμα	_	_
5.3	39	[2]	.	b	_
5.3	40	[1]	ἀλλ	_	_
5.3	41	[2]	’	b	_
5.3	42	[1]	εἴπερ	_	_
5.3	43	[1]	ἑκάστην	_	_
5.3	44	[2]	τῶν	_	_
5.3	45	[2]	ἐννοιῶν	_	_
5.3	46	[2]	καὶ	_	_
5.3	47	[2]	προλήψεων	_	_
5.3	48	[1]	εἶναι	_	_
5.3	49	[1]	μόριον	_	_
5.3	50	[1]	νομίζεις	_	_
5.3	51	[2]	τῆς	_	_
5.3	52	[2]	ψυχῆς	_	_
5.3	53	[3]	,	b	_
5.3	54	[1]	ἁμαρτάνεις	_	_
5.3	55	[1]	διττά	_	_
5.3	56	[3]	.	b	_
5.3	57	[1]	πρῶτον	_	_
5.3	58	[1]	μὲν	_	_
5.3	59	[1]	γὰρ	_	_
5.3	60	[1]	οὐ	_	_
5.3	61	[3]	ψυχῆς	_	_
5.3	62	[1]	ἐχρῆν	_	_
5.3	63	[4]	,	b	_
5.3	64	[1]	ἀλλά	_	_
5.3	65	[2]	λόγου	_	_
5.3	66	[1]	ταῦτ	_	_
5.3	67	[3]	’	b	_
5.3	68	[2]	εἶναι	_	_
5.3	69	[1]	μόρια	_	_
5.3	70	[1]	φάσκειν	_	_
5.3	71	[5]	,	b	_
5.3	72	[1]	ὥσπερ	_	_
5.3	73	[1]	οὖν	_	_
5.3	74	[3]	καὶ	_	_
5.3	75	[1]	γράφεις	_	_
5.3	76	[3]	ἐν	_	_
5.3	77	[1]	τῇ	_	_
5.3	78	[2]	περὶ	_	_
5.3	79	[3]	λόγου	_	_
5.3	80	[1]	πραγματείᾳ	_	_
5.3	81	[4]	.	b	_
5.3	82	[2]	οὐ	_	_
5.3	83	[2]	γὰρ	_	_
5.3	84	[1]	δή	_	_
5.3	85	[1]	που	_	_
5.3	86	[1]	ταὐτόν	_	_
5.3	87	[1]	ἐστι	_	_
5.3	88	[1]	ψυχὴ	_	_
5.3	89	[4]	καὶ	_	_
5.3	90	[2]	λόγος	_	_
5.3	91	[1]	·	b	_
5.3	92	[1]	ἄλλως	_	_
5.3	93	[1]	τε	_	_
5.3	94	[5]	καὶ	_	_
5.3	95	[1]	διὰ	_	_
5.3	96	[3]	τῆς	_	_
5.3	97	[1]	προγεγραμμένης	_	_
5.3	98	[1]	ῥήσεως	_	_
5.3	99	[1]	ἐνεδείξω	_	_
5.3	100	[3]	τῶν	_	_
5.3	101	[4]	ἐν	_	_
5.3	102	[2]	τῇ	_	_
5.3	103	[1]	ψυχῇ	_	_
5.3	104	[1]	συνισταμένων	_	_
5.3	105	[6]	,	b	_
5.3	106	[2]	ὡς	_	_
5.3	107	[1]	ἕν	_	_
5.3	108	[1]	τι	_	_
5.3	109	[6]	καὶ	_	_
5.3	110	[2]	ὁ	_	_
5.3	111	[3]	λόγος	_	_
5.3	112	[1]	ἐστίν	_	_
5.3	113	[5]	.	b	_
5.3	114	[3]	οὐ	_	_
5.3	115	[1]	ταὐτὸν	_	_
5.3	116	[1]	δὲ	_	_
5.3	117	[1]	ψυχή	_	_
5.3	118	[2]	ἐστι	_	_
5.3	119	[7]	καὶ	_	_
5.3	120	[1]	τὸ	_	_
5.3	121	[5]	ἐν	_	_
5.3	122	[2]	αὐτῇ	_	_
5.3	123	[1]	συνιστάμενον	_	_
5.3	124	[6]	.	b	_
5.3	125	[1]	ἔπειτα	_	_
5.3	126	[1]	δ	_	_
5.3	127	[4]	’	b	_
5.3	128	[7]	,	b	_
5.3	129	[1]	εἰ	_	_
5.3	130	[8]	καὶ	_	_
5.3	131	[1]	τοῦτό	_	_
5.3	132	[1]	τις	_	_
5.3	133	[1]	ἐάσειεν	_	_
5.3	134	[1]	ἀνέλεγκτον	_	_
5.3	135	[8]	,	b	_
5.3	136	[2]	ἀλλά	_	_
5.3	137	[1]	τοι	_	_
5.3	138	[1]	τάς	_	_
5.3	139	[1]	γ	_	_
5.3	140	[5]	’	b	_
5.3	141	[1]	ἐννοίας	_	_
5.3	142	[9]	καὶ	_	_
5.3	143	[1]	προλήψεις	_	_
5.3	144	[4]	οὐ	_	_
5.3	145	[2]	μόρια	_	_
5.3	146	[4]	τῆς	_	_
5.3	147	[4]	ψυχῆς	_	_
5.3	148	[3]	εἶναι	_	_
5.3	149	[1]	λεκτέον	_	_
5.3	150	[9]	,	b	_
5.3	151	[2]	ἀλλ	_	_
5.3	152	[6]	’	b	_
5.3	153	[1]	ἐνεργείας	_	_
5.3	154	[1]	τινάς	_	_
5.3	155	[7]	.	b	_
5.3	156	[1]	οὐδὲν	_	_
5.3	157	[2]	δ	_	_
5.3	158	[7]	’	b	_
5.3	159	[1]	ἐκ	_	_
5.3	160	[4]	τῶν	_	_
5.3	161	[1]	οἰκείων	_	_
5.3	162	[1]	ἐνεργειῶν	_	_
5.3	163	[1]	σύγκειται	_	_
5.3	164	[10]	,	b	_
5.3	165	[1]	οὔτε	_	_
5.3	166	[2]	οὖν	_	_
5.3	167	[3]	ὁ	_	_
5.3	168	[1]	ὀφθαλμὸς	_	_
5.3	169	[11]	,	b	_
5.3	170	[2]	οὔτε	_	_
5.3	171	[2]	τὸ	_	_
5.3	172	[1]	οὖς	_	_
5.3	173	[12]	,	b	_
5.3	174	[3]	οὔτε	_	_
5.3	175	[1]	χεὶρ	_	_
5.3	176	[13]	,	b	_
5.3	177	[4]	οὔτε	_	_
5.3	178	[1]	σκέλος	_	_
5.3	179	[14]	,	b	_
5.3	180	[1]	οὔτ	_	_
5.3	181	[8]	’	b	_
5.3	182	[1]	ἄλλο	_	_
5.3	183	[5]	τῶν	_	_
5.3	184	[1]	πάντων	_	_
5.3	185	[1]	οὐδέν	_	_
5.3	186	[8]	.	b	_
5.3	187	[3]	ἀλλ	_	_
5.3	188	[9]	’	b	_
5.3	189	[1]	εἰσὶν	_	_
5.3	190	[1]	ἐνέργειαι	_	_
5.3	191	[2]	μὲν	_	_
5.3	192	[1]	ὀφθαλμοῦ	_	_
5.3	193	[1]	αἱ	_	_
5.3	194	[6]	τῶν	_	_
5.3	195	[1]	χρωμάτων	_	_
5.3	196	[1]	ἑκάστου	_	_
5.3	197	[1]	διαγνώσεις	_	_
5.3	198	[15]	,	b	_
5.3	199	[1]	λευκοῦ	_	_
5.3	200	[16]	,	b	_
5.3	201	[10]	καὶ	_	_
5.3	202	[1]	μέλανος	_	_
5.3	203	[17]	,	b	_
5.3	204	[11]	καὶ	_	_
5.3	205	[1]	ξανθοῦ	_	_
5.3	206	[18]	,	b	_
5.3	207	[12]	καὶ	_	_
5.3	208	[1]	φαιοῦ	_	_
5.3	209	[19]	,	b	_
5.3	210	[13]	καὶ	_	_
5.3	211	[7]	τῶν	_	_
5.3	212	[1]	ἄλλων	_	_
5.3	213	[1]	ἁπάντων	_	_
5.3	214	[20]	,	b	_
5.3	215	[2]	ὥσπερ	_	_
5.3	216	[2]	γε	_	_
5.3	217	[14]	καὶ	_	_
5.3	218	[1]	ὠτὸς	_	_
5.3	219	[1]	αὖ	_	_
5.3	220	[2]	αἱ	_	_
5.3	221	[8]	τῶν	_	_
5.3	222	[1]	φωνῶν	_	_
5.3	223	[21]	,	b	_
5.3	224	[1]	ὀξείας	_	_
5.3	225	[22]	,	b	_
5.3	226	[15]	καὶ	_	_
5.3	227	[1]	βαρείας	_	_
5.3	228	[23]	,	b	_
5.3	229	[16]	καὶ	_	_
5.3	230	[1]	μεγάλης	_	_
5.3	231	[24]	,	b	_
5.3	232	[17]	καὶ	_	_
5.3	233	[1]	μικρᾶς	_	_
5.3	234	[25]	,	b	_
5.3	235	[18]	καὶ	_	_
5.3	236	[1]	λείας	_	_
5.3	237	[26]	,	b	_
5.3	238	[19]	καὶ	_	_
5.3	239	[1]	τραχείας	_	_
5.3	240	[9]	.	b	_
5.3	241	[5]	οὐ	_	_
5.3	242	[1]	μὴν	_	_
5.3	243	[1]	τά	_	_
5.3	244	[3]	γε	_	_
5.3	245	[3]	μόρια	_	_
5.3	246	[2]	ταῦτ	_	_
5.3	247	[10]	’	b	_
5.3	248	[1]	ἐστὶν	_	_
5.3	249	[2]	οὔτ	_	_
5.3	250	[11]	’	b	_
5.3	251	[2]	ὠτὸς	_	_
5.3	252	[27]	,	b	_
5.3	253	[3]	οὔτ	_	_
5.3	254	[12]	’	b	_
5.3	255	[2]	ὀφθαλμοῦ	_	_
5.3	256	[10]	.	b	_
5.3	257	[4]	ἀλλ	_	_
5.3	258	[13]	’	b	_
5.3	259	[1]	οἶσθα	_	_
5.3	260	[1]	δήπου	_	_
5.3	261	[20]	καὶ	_	_
5.3	262	[2]	σὺ	_	_
5.3	263	[1]	σαφῶς	_	_
5.3	264	[28]	,	b	_
5.3	265	[3]	ὡς	_	_
5.3	266	[1]	κερατοειδής	_	_
5.3	267	[2]	τέ	_	_
5.3	268	[1]	τίς	_	_
5.3	269	[3]	ἐστι	_	_
5.3	270	[1]	χιτὼν	_	_
5.3	271	[29]	,	b	_
5.3	272	[21]	καὶ	_	_
5.3	273	[1]	ῥαγοειδὴς	_	_
5.3	274	[1]	ἕτερος	_	_
5.3	275	[30]	,	b	_
5.3	276	[22]	καὶ	_	_
5.3	277	[1]	ἔτι	_	_
5.3	278	[1]	κρυσταλλοειδές	_	_
5.3	279	[2]	τε	_	_
5.3	280	[23]	καὶ	_	_
5.3	281	[1]	ὑαλοειδὲς	_	_
5.3	282	[1]	ὑγρὸν	_	_
5.3	283	[31]	,	b	_
5.3	284	[1]	ἕτερά	_	_
5.3	285	[3]	τε	_	_
5.3	286	[1]	τοιαῦτα	_	_
5.3	287	[4]	μόρια	_	_
5.3	288	[9]	τῶν	_	_
5.3	289	[1]	ὀφθαλμῶν	_	_
5.3	290	[32]	,	b	_
5.3	291	[3]	ὥσπερ	_	_
5.3	292	[4]	γε	_	_
5.3	293	[24]	καὶ	_	_
5.3	294	[3]	ὠτὸς	_	_
5.3	295	[1]	ὀστᾶ	_	_
5.3	296	[33]	,	b	_
5.3	297	[25]	καὶ	_	_
5.3	298	[1]	χόνδροι	_	_
5.3	299	[34]	,	b	_
5.3	300	[26]	καὶ	_	_
5.3	301	[1]	νεῦρα	_	_
5.3	302	[35]	,	b	_
5.3	303	[27]	καὶ	_	_
5.3	304	[1]	ὑμένες	_	_
5.3	305	[36]	,	b	_
5.3	306	[1]	ὅσα	_	_
5.3	307	[4]	τε	_	_
5.3	308	[1]	ἄλλα	_	_
5.3	309	[2]	τοιαῦτα	_	_
5.3	310	[11]	.	b	_
5.3	311	[1]	μὴ	_	_
5.3	312	[1]	τοίνυν	_	_
5.3	313	[1]	μηδὲ	_	_
5.3	314	[1]	ἐπὶ	_	_
5.3	315	[5]	τῆς	_	_
5.3	316	[5]	ψυχῆς	_	_
5.3	317	[1]	σύγχει	_	_
5.3	318	[1]	τὰ	_	_
5.3	319	[5]	μόρια	_	_
5.3	320	[1]	ταῖς	_	_
5.3	321	[1]	ἐνεργείαις	_	_
5.3	322	[12]	.	b	_
5.3	323	[3]	αἱ	_	_
5.3	324	[3]	μὲν	_	_
5.3	325	[3]	γὰρ	_	_
5.3	326	[1]	ἔννοιαι	_	_
5.3	327	[28]	καὶ	_	_
5.3	328	[4]	αἱ	_	_
5.3	329	[2]	προλήψεις	_	_
5.3	330	[2]	ἐνέργειαι	_	_
5.3	331	[6]	τῆς	_	_
5.3	332	[6]	ψυχῆς	_	_
5.3	333	[37]	,	b	_
5.3	334	[4]	ὡς	_	_
5.3	335	[1]	αὐτὸς	_	_
5.3	336	[3]	σὺ	_	_
5.3	337	[2]	δι	_	_
5.3	338	[14]	’	b	_
5.3	339	[1]	ἑτέρων	_	_
5.3	340	[1]	ἐκδιδάσκεις	_	_
5.3	341	[38]	,	b	_
5.3	342	[1]	τό	_	_
5.3	343	[5]	τε	_	_
5.3	344	[1]	ἀκουστικὸν	_	_
5.3	345	[1]	πνεῦμα	_	_
5.3	346	[39]	,	b	_
5.3	347	[29]	καὶ	_	_
5.3	348	[3]	τὸ	_	_
5.3	349	[1]	ὀπτικὸν	_	_
5.3	350	[40]	,	b	_
5.3	351	[2]	ἔτι	_	_
5.3	352	[6]	τε	_	_
5.3	353	[1]	πρὸς	_	_
5.3	354	[1]	τούτοις	_	_
5.3	355	[1]	φωνητικόν	_	_
5.3	356	[7]	τε	_	_
5.3	357	[30]	καὶ	_	_
5.3	358	[1]	γεννητικὸν	_	_
5.3	359	[41]	,	b	_
5.3	360	[31]	καὶ	_	_
5.3	361	[1]	πρὸ	_	_
5.3	362	[2]	πάντων	_	_
5.3	363	[1]	αὐτῶν	_	_
5.3	364	[4]	τὸ	_	_
5.3	365	[1]	ἡγεμονικὸν	_	_
5.3	366	[42]	,	b	_
5.3	367	[6]	ἐν	_	_
5.3	368	[1]	ᾧ	_	_
5.3	369	[32]	καὶ	_	_
5.3	370	[1]	τὸν	_	_
5.3	371	[1]	λόγον	_	_
5.3	372	[1]	ἔφης	_	_
5.3	373	[1]	συνίστασθαι	_	_
5.3	374	[43]	,	b	_
5.3	375	[1]	καθ	_	_
5.3	376	[15]	’	b	_
5.3	377	[1]	ὃ	_	_
5.3	378	[1]	δὴ	_	_
5.3	379	[33]	καὶ	_	_
5.3	380	[1]	μάλιστα	_	_
5.3	381	[2]	μόριον	_	_
5.3	382	[7]	τῆς	_	_
5.3	383	[7]	ψυχῆς	_	_
5.3	384	[1]	αἶσχος	_	_
5.3	385	[34]	καὶ	_	_
5.3	386	[1]	κάλλος	_	_
5.3	387	[1]	ἐγγίνεσθαι	_	_
5.3	388	[1]	λέγεις	_	_
5.3	389	[3]	αὐτῇ	_	_
5.3	390	[13]	.	b	_
5.3	391	[1]	τοῦτ	_	_
5.3	392	[16]	’	b	_
5.3	393	[3]	οὖν	_	_
5.3	394	[5]	τὸ	_	_
5.3	395	[2]	πνεῦμα	_	_
5.3	396	[1]	δύο	_	_
5.3	397	[4]	μὲν	_	_
5.3	398	[1]	κέκτηται	_	_
5.3	399	[1]	μόριά	_	_
5.3	400	[8]	τε	_	_
5.3	401	[35]	καὶ	_	_
5.3	402	[1]	στοιχεῖα	_	_
5.3	403	[44]	,	b	_
5.3	404	[36]	καὶ	_	_
5.3	405	[1]	καταστάσεις	_	_
5.3	406	[45]	,	b	_
5.3	407	[3]	δι	_	_
5.3	408	[17]	’	b	_
5.3	409	[1]	ὅλων	_	_
5.3	410	[1]	ἀλλήλοις	_	_
5.3	411	[1]	κεκραμένα	_	_
5.3	412	[46]	,	b	_
5.3	413	[6]	τὸ	_	_
5.3	414	[1]	ψυχρὸν	_	_
5.3	415	[37]	καὶ	_	_
5.3	416	[1]	θερμόν	_	_
5.3	417	[14]	.	b	_
5.3	418	[2]	εἴπερ	_	_
5.3	419	[3]	δ	_	_
5.3	420	[18]	’	b	_
5.3	421	[1]	ἑτέροις	_	_
5.3	422	[1]	ὀνόμασι	_	_
5.3	423	[38]	καὶ	_	_
5.3	424	[1]	ἀπὸ	_	_
5.3	425	[10]	τῶν	_	_
5.3	426	[1]	οὐσιῶν	_	_
5.3	427	[1]	ἐθέλοι	_	_
5.3	428	[2]	τις	_	_
5.3	429	[1]	αὐτὰ	_	_
5.3	430	[1]	προσαγορεύειν	_	_
5.3	431	[47]	,	b	_
5.3	432	[1]	ἀέρα	_	_
5.3	433	[9]	τε	_	_
5.3	434	[39]	καὶ	_	_
5.3	435	[1]	πῦρ	_	_
5.3	436	[48]	,	b	_
5.3	437	[6]	οὐ	_	_
5.3	438	[2]	μὴν	_	_
5.3	439	[1]	ἀλλὰ	_	_
5.3	440	[40]	καὶ	_	_
5.3	441	[1]	ἰκμάδα	_	_
5.3	442	[1]	τινὰ	_	_
5.3	443	[1]	προσείληφεν	_	_
5.3	444	[2]	ἀπὸ	_	_
5.3	445	[11]	τῶν	_	_
5.3	446	[1]	σωμάτων	_	_
5.3	447	[49]	,	b	_
5.3	448	[7]	ἐν	_	_
5.3	449	[1]	οἷς	_	_
5.3	450	[1]	διαιτᾶται	_	_
5.3	451	[15]	.	b	_
5.3	452	[2]	ἀλλὰ	_	_
5.3	453	[1]	θαυμάζοιμ	_	_
5.3	454	[19]	’	b	_
5.3	455	[1]	ἂν	_	_
5.3	456	[50]	,	b	_
5.3	457	[2]	εἰ	_	_
5.3	458	[1]	τὴν	_	_
5.3	459	[1]	τούτων	_	_
5.3	460	[1]	συμμετρίαν	_	_
5.3	461	[1]	ὑγίειαν	_	_
5.3	462	[1]	ἢ	_	_
5.3	463	[2]	κάλλος	_	_
5.3	464	[4]	εἶναι	_	_
5.3	465	[1]	βουλήσῃ	_	_
5.3	466	[2]	τοῦ	_	_
5.3	467	[1]	ἡγεμονικοῦ	_	_
5.3	468	[16]	.	b	_
5.3	469	[3]	τοῦ	_	_
5.3	470	[5]	μὲν	_	_
5.3	471	[4]	γὰρ	_	_
5.3	472	[1]	σώματος	_	_
5.3	473	[1]	αὐτοῦ	_	_
5.3	474	[2]	τὴν	_	_
5.3	475	[2]	ὑγίειαν	_	_
5.3	476	[8]	ἐν	_	_
5.3	477	[2]	τούτοις	_	_
5.3	478	[1]	τίθεσθαι	_	_
5.3	479	[1]	προσῆκεν	_	_
5.3	480	[51]	,	b	_
5.3	481	[5]	ὡς	_	_
5.3	482	[2]	ἡγεμονικοῦ	_	_
5.3	483	[2]	δὲ	_	_
5.3	484	[8]	ψυχῆς	_	_
5.3	485	[1]	οὐκ	_	_
5.3	486	[1]	ἔτ	_	_
5.3	487	[20]	’	b	_
5.3	488	[9]	ἐν	_	_
5.3	489	[3]	τούτοις	_	_
5.3	490	[1]	οὐδὲ	_	_
5.3	491	[1]	κατ	_	_
5.3	492	[21]	’	b	_
5.3	493	[1]	αὐτὸν	_	_
5.3	494	[1]	σέ	_	_
5.3	495	[17]	.	b	_
5.3	496	[1]	διέφθαρται	_	_
5.3	497	[2]	τοίνυν	_	_
5.3	498	[1]	ἡμῖν	_	_
5.3	499	[1]	ὅλον	_	_
5.3	500	[7]	τὸ	_	_
5.3	501	[1]	παράδειγμα	_	_
5.3	502	[52]	,	b	_
5.3	503	[41]	καὶ	_	_
5.3	504	[1]	ἡ	_	_
5.3	505	[8]	τῆς	_	_
5.3	506	[1]	συνωνυμίας	_	_
5.3	507	[1]	ἐπαγγελία	_	_
5.3	508	[1]	παντάπασιν	_	_
5.3	509	[1]	οἴχεται	_	_
5.3	510	[53]	,	b	_
5.3	511	[2]	μὴ	_	_
5.3	512	[1]	δυνηθεῖσιν	_	_
5.3	513	[1]	ἐπιδεῖξαι	_	_
5.3	514	[2]	τὸν	_	_
5.3	515	[2]	αὐτὸν	_	_
5.3	516	[1]	τρόπον	_	_
5.3	517	[10]	ἐν	_	_
5.3	518	[1]	τῷ	_	_
5.3	519	[9]	τῆς	_	_
5.3	520	[9]	ψυχῆς	_	_
5.3	521	[1]	ἡγεμονικῷ	_	_
5.3	522	[1]	νόσον	_	_
5.3	523	[54]	,	b	_
5.3	524	[2]	ἢ	_	_
5.3	525	[3]	ὑγίειαν	_	_
5.3	526	[55]	,	b	_
5.3	527	[3]	ἢ	_	_
5.3	528	[3]	κάλλος	_	_
5.3	529	[56]	,	b	_
5.3	530	[4]	ἢ	_	_
5.3	531	[2]	αἶσχος	_	_
5.3	532	[1]	συνιστάμενα	_	_
5.3	533	[57]	,	b	_
5.3	534	[1]	καθάπερ	_	_
5.3	535	[11]	ἐν	_	_
5.3	536	[1]	ὅλῳ	_	_
5.3	537	[2]	τῷ	_	_
5.3	538	[1]	σώματι	_	_
5.3	539	[18]	.	b	_
5.3	540	[1]	καίτοι	_	_
5.3	541	[2]	τοῦτό	_	_
5.3	542	[2]	γ	_	_
5.3	543	[22]	’	b	_
5.3	544	[1]	ὑπέσχου	_	_
5.3	545	[1]	πρότερον	_	_
5.3	546	[1]	ὀρθῶς	_	_
5.3	547	[1]	γιγνώσκων	_	_
5.3	548	[42]	καὶ	_	_
5.3	549	[1]	φυλάττων	_	_
5.3	550	[3]	τὴν	_	_
5.3	551	[1]	ἔννοιαν	_	_
5.3	552	[2]	ἁπάντων	_	_
5.3	553	[12]	τῶν	_	_
5.3	554	[1]	εἰρημένων	_	_
5.3	555	[58]	,	b	_
5.3	556	[7]	οὐ	_	_
5.3	557	[3]	μὴν	_	_
5.3	558	[1]	ἀκολουθῆσαι	_	_
5.3	559	[1]	μέχρι	_	_
5.3	560	[1]	παντὸς	_	_
5.3	561	[1]	ἠδυνήθης	_	_
5.3	562	[59]	,	b	_
5.3	563	[1]	οὐδ	_	_
5.3	564	[23]	’	b	_
5.3	565	[1]	ἐξηγήσω	_	_
5.3	566	[4]	τὴν	_	_
5.3	567	[1]	ἀναλογίαν	_	_
5.3	568	[10]	τε	_	_
5.3	569	[43]	καὶ	_	_
5.3	570	[1]	ὁμοιότητα	_	_
5.3	571	[13]	τῶν	_	_
5.3	572	[1]	κατὰ	_	_
5.3	573	[5]	τὴν	_	_
5.3	574	[1]	ψυχὴν	_	_
5.3	575	[1]	ἐγγιγνομένων	_	_
5.3	576	[2]	τοῖς	_	_
5.3	577	[2]	κατὰ	_	_
5.3	578	[8]	τὸ	_	_
5.3	579	[1]	σῶμα	_	_
5.3	580	[19]	.	b	_
5.3	581	[1]	αὖθις	_	_
5.3	582	[4]	οὖν	_	_
5.3	583	[1]	ἀναλήψομαι	_	_
5.3	584	[3]	τὸν	_	_
5.3	585	[2]	λόγον	_	_
5.3	586	[60]	,	b	_
5.3	587	[1]	ἵνα	_	_
5.3	588	[2]	δή	_	_
5.3	589	[2]	τι	_	_
5.3	590	[1]	πέρας	_	_
5.3	591	[1]	ἱκανὸν	_	_
5.3	592	[1]	νῦν	_	_
5.3	593	[1]	ἀπολάβῃ	_	_
5.3	594	[20]	.	b	_
5.3	595	[10]	τῆς	_	_
5.3	596	[1]	νόσου	_	_
5.3	597	[6]	τὴν	_	_
5.3	598	[2]	ἔννοιαν	_	_
5.3	599	[12]	ἐν	_	_
5.3	600	[6]	μὲν	_	_
5.3	601	[3]	τῷ	_	_
5.3	602	[1]	πρώτῳ	_	_
5.3	603	[3]	περὶ	_	_
5.3	604	[1]	παθῶν	_	_
5.3	605	[1]	συνέχεεν	_	_
5.3	606	[4]	ὁ	_	_
5.3	607	[1]	Χρύσιππος	_	_
5.3	608	[61]	,	b	_
5.3	609	[1]	ἀνάλογον	_	_
5.3	610	[1]	ἔχειν	_	_
5.3	611	[1]	φάμενος	_	_
5.3	612	[7]	τὴν	_	_
5.3	613	[13]	ἐν	_	_
5.3	614	[3]	τῇ	_	_
5.3	615	[2]	ψυχῇ	_	_
5.3	616	[2]	νόσον	_	_
5.3	617	[4]	τῇ	_	_
5.3	618	[4]	τοῦ	_	_
5.3	619	[2]	σώματος	_	_
5.3	620	[1]	καταστάσει	_	_
5.3	621	[62]	,	b	_
5.3	622	[2]	καθ	_	_
5.3	623	[24]	’	b	_
5.3	624	[1]	ἣν	_	_
5.3	625	[1]	εὐεμπτώτως	_	_
5.3	626	[1]	εἰς	_	_
5.3	627	[1]	πυρετοὺς	_	_
5.3	628	[63]	,	b	_
5.3	629	[5]	ἢ	_	_
5.3	630	[1]	διαῤῥοίας	_	_
5.3	631	[64]	,	b	_
5.3	632	[1]	ἤ	_	_
5.3	633	[3]	τι	_	_
5.3	634	[1]	τοιοῦτον	_	_
5.3	635	[1]	ἔχει	_	_
5.3	636	[2]	·	b	_
5.3	637	[3]	κατὰ	_	_
5.3	638	[1]	μέντοι	_	_
5.3	639	[9]	τὸ	_	_
5.3	640	[1]	θεραπευτικὸν	_	_
5.3	641	[1]	ἐφυλάξατο	_	_
5.3	642	[7]	μὲν	_	_
5.3	643	[8]	τὴν	_	_
5.3	644	[3]	ἔννοιαν	_	_
5.3	645	[11]	τῆς	_	_
5.3	646	[2]	νόσου	_	_
5.3	647	[65]	,	b	_
5.3	648	[12]	τῆς	_	_
5.3	649	[2]	πρὸς	_	_
5.3	650	[1]	ἑαυτὸν	_	_
5.3	651	[2]	οὐδὲν	_	_
5.3	652	[1]	φροντίσας	_	_
5.3	653	[1]	ἐναντιολογίας	_	_
5.3	654	[66]	,	b	_
5.3	655	[1]	ἐξηγήσασθαι	_	_
5.3	656	[4]	δ	_	_
5.3	657	[25]	’	b	_
5.3	658	[67]	,	b	_
5.3	659	[6]	ὡς	_	_
5.3	660	[1]	ὑπέσχετο	_	_
5.3	661	[68]	,	b	_
5.3	662	[9]	τὴν	_	_
5.3	663	[14]	ἐν	_	_
5.3	664	[5]	τῇ	_	_
5.3	665	[3]	ψυχῇ	_	_
5.3	666	[3]	νόσον	_	_
5.3	667	[1]	ἅμα	_	_
5.3	668	[3]	τοῖς	_	_
5.3	669	[1]	ἄλλοις	_	_
5.3	670	[69]	,	b	_
5.3	671	[2]	οἷς	_	_
5.3	672	[2]	ἀνάλογον	_	_
5.3	673	[1]	ὑπάρχειν	_	_
5.3	674	[4]	αὐτῇ	_	_
5.3	675	[1]	φησι	_	_
5.3	676	[3]	πρὸς	_	_
5.3	677	[10]	τὸ	_	_
5.3	678	[2]	σῶμα	_	_
5.3	679	[70]	,	b	_
5.3	680	[2]	παντάπασιν	_	_
5.3	681	[1]	ἠδυνάτησε	_	_
5.3	682	[1]	μετὰ	_	_
5.3	683	[5]	τοῦ	_	_
5.3	684	[44]	καὶ	_	_
5.3	685	[1]	συγχεῖν	_	_
5.3	686	[2]	εἰς	_	_
5.3	687	[2]	ταὐτὸν	_	_
5.3	688	[1]	τήν	_	_
5.3	689	[1]	θ	_	_
5.3	690	[26]	’	b	_
5.3	691	[4]	ὑγίειαν	_	_
5.3	692	[13]	τῆς	_	_
5.3	693	[10]	ψυχῆς	_	_
5.3	694	[45]	καὶ	_	_
5.3	695	[11]	τὸ	_	_
5.3	696	[4]	κάλλος	_	_
5.3	697	[21]	.	b	_
5.3	698	[2]	ἐπὶ	_	_
5.3	699	[8]	μὲν	_	_
5.3	700	[5]	γὰρ	_	_
5.3	701	[6]	τοῦ	_	_
5.3	702	[3]	σώματος	_	_
5.3	703	[1]	ἀκριβῶς	_	_
5.3	704	[2]	αὐτὰ	_	_
5.3	705	[1]	διωρίσατο	_	_
5.3	706	[71]	,	b	_
5.3	707	[10]	τὴν	_	_
5.3	708	[9]	μὲν	_	_
5.3	709	[5]	ὑγίειαν	_	_
5.3	710	[14]	τῶν	_	_
5.3	711	[1]	στοιχείων	_	_
5.3	712	[15]	ἐν	_	_
5.3	713	[1]	συμμετρίᾳ	_	_
5.3	714	[1]	θέμενος	_	_
5.3	715	[72]	,	b	_
5.3	716	[12]	τὸ	_	_
5.3	717	[3]	δὲ	_	_
5.3	718	[5]	κάλλος	_	_
5.3	719	[16]	ἐν	_	_
5.3	720	[6]	τῇ	_	_
5.3	721	[15]	τῶν	_	_
5.3	722	[1]	μορίων	_	_
5.3	723	[22]	.	b	_
5.3	724	[1]	ἐδήλωσε	_	_
5.3	725	[6]	γὰρ	_	_
5.3	726	[2]	σαφῶς	_	_
5.3	727	[1]	τοῦτο	_	_
5.3	728	[2]	διὰ	_	_
5.3	729	[14]	τῆς	_	_
5.3	730	[2]	προγεγραμμένης	_	_
5.3	731	[1]	ὀλίγον	_	_
5.3	732	[1]	ἔμπροσθεν	_	_
5.3	733	[2]	ῥήσεως	_	_
5.3	734	[73]	,	b	_
5.3	735	[17]	ἐν	_	_
5.3	736	[1]	ᾗ	_	_
5.3	737	[11]	τὴν	_	_
5.3	738	[10]	μὲν	_	_
5.3	739	[6]	ὑγίειαν	_	_
5.3	740	[7]	τοῦ	_	_
5.3	741	[4]	σώματος	_	_
5.3	742	[18]	ἐν	_	_
5.3	743	[1]	θερμοῖς	_	_
5.3	744	[74]	,	b	_
5.3	745	[46]	καὶ	_	_
5.3	746	[1]	ψυχροῖς	_	_
5.3	747	[75]	,	b	_
5.3	748	[47]	καὶ	_	_
5.3	749	[1]	ξηροῖς	_	_
5.3	750	[76]	,	b	_
5.3	751	[48]	καὶ	_	_
5.3	752	[1]	ὑγροῖς	_	_
5.3	753	[2]	συμμετρίαν	_	_
5.3	754	[1]	εἶναί	_	_
5.3	755	[1]	φησιν	_	_
5.3	756	[77]	,	b	_
5.3	757	[1]	ἅπερ	_	_
5.3	758	[2]	δὴ	_	_
5.3	759	[2]	στοιχεῖα	_	_
5.3	760	[1]	δηλονότι	_	_
5.3	761	[16]	τῶν	_	_
5.3	762	[2]	σωμάτων	_	_
5.3	763	[2]	ἐστὶν	_	_
5.3	764	[78]	,	b	_
5.3	765	[13]	τὸ	_	_
5.3	766	[4]	δὲ	_	_
5.3	767	[6]	κάλλος	_	_
5.3	768	[2]	οὐκ	_	_
5.3	769	[19]	ἐν	_	_
5.3	770	[7]	τῇ	_	_
5.3	771	[17]	τῶν	_	_
5.3	772	[2]	στοιχείων	_	_
5.3	773	[79]	,	b	_
5.3	774	[5]	ἀλλ	_	_
5.3	775	[27]	’	b	_
5.3	776	[20]	ἐν	_	_
5.3	777	[8]	τῇ	_	_
5.3	778	[18]	τῶν	_	_
5.3	779	[2]	μορίων	_	_
5.3	780	[2]	συμμετρίᾳ	_	_
5.3	781	[2]	συνίστασθαι	_	_
5.3	782	[1]	νομίζει	_	_
5.3	783	[80]	,	b	_
5.3	784	[1]	δακτύλου	_	_
5.3	785	[4]	πρὸς	_	_
5.3	786	[1]	δάκτυλον	_	_
5.3	787	[2]	δηλονότι	_	_
5.3	788	[81]	,	b	_
5.3	789	[49]	καὶ	_	_
5.3	790	[1]	συμπάντων	_	_
5.3	791	[2]	αὐτῶν	_	_
5.3	792	[1]	πρός	_	_
5.3	793	[11]	τε	_	_
5.3	794	[1]	μετακάρπιον	_	_
5.3	795	[50]	καὶ	_	_
5.3	796	[1]	καρπὸν	_	_
5.3	797	[82]	,	b	_
5.3	798	[51]	καὶ	_	_
5.3	799	[2]	τούτων	_	_
5.3	800	[5]	πρὸς	_	_
5.3	801	[1]	πῆχυν	_	_
5.3	802	[83]	,	b	_
5.3	803	[52]	καὶ	_	_
5.3	804	[1]	πήχεως	_	_
5.3	805	[6]	πρὸς	_	_
5.3	806	[1]	βραχίονα	_	_
5.3	807	[84]	,	b	_
5.3	808	[53]	καὶ	_	_
5.3	809	[3]	πάντων	_	_
5.3	810	[7]	πρὸς	_	_
5.3	811	[1]	πάντα	_	_
5.3	812	[85]	,	b	_
5.3	813	[2]	καθάπερ	_	_
5.3	814	[21]	ἐν	_	_
5.3	815	[4]	τῷ	_	_
5.3	816	[1]	Πολυκλείτου	_	_
5.3	817	[1]	κανόνι	_	_
5.3	818	[1]	γέγραπται	_	_
5.3	819	[23]	.	b	_
5.3	820	[1]	πάσας	_	_
5.3	821	[7]	γὰρ	_	_
5.3	822	[1]	ἐκδιδάξας	_	_
5.3	823	[2]	ἡμᾶς	_	_
5.3	824	[22]	ἐν	_	_
5.3	825	[1]	ἐκείνῳ	_	_
5.3	826	[5]	τῷ	_	_
5.3	827	[1]	συγγράμματι	_	_
5.3	828	[1]	τὰς	_	_
5.3	829	[1]	συμμετρίας	_	_
5.3	830	[8]	τοῦ	_	_
5.3	831	[5]	σώματος	_	_
5.3	832	[5]	ὁ	_	_
5.3	833	[1]	Πολύκλειτος	_	_
5.3	834	[1]	ἔργῳ	_	_
5.3	835	[4]	τὸν	_	_
5.3	836	[3]	λόγον	_	_
5.3	837	[1]	ἐβεβαίωσε	_	_
5.3	838	[86]	,	b	_
5.3	839	[1]	δημιουργήσας	_	_
5.3	840	[1]	ἀνδριάντα	_	_
5.3	841	[4]	κατὰ	_	_
5.3	842	[2]	τὰ	_	_
5.3	843	[9]	τοῦ	_	_
5.3	844	[4]	λόγου	_	_
5.3	845	[1]	προστάγματα	_	_
5.3	846	[87]	,	b	_
5.3	847	[54]	καὶ	_	_
5.3	848	[1]	καλέσας	_	_
5.3	849	[3]	δὴ	_	_
5.3	850	[55]	καὶ	_	_
5.3	851	[3]	αὐτὸν	_	_
5.3	852	[5]	τὸν	_	_
5.3	853	[2]	ἀνδριάντα	_	_
5.3	854	[88]	,	b	_
5.3	855	[3]	καθάπερ	_	_
5.3	856	[56]	καὶ	_	_
5.3	857	[14]	τὸ	_	_
5.3	858	[1]	σύγγραμμα	_	_
5.3	859	[89]	,	b	_
5.3	860	[1]	κανόνα	_	_
5.3	861	[24]	.	b	_
5.3	862	[15]	τὸ	_	_
5.3	863	[11]	μὲν	_	_
5.3	864	[4]	δὴ	_	_
5.3	865	[7]	κάλλος	_	_
5.3	866	[10]	τοῦ	_	_
5.3	867	[6]	σώματος	_	_
5.3	868	[23]	ἐν	_	_
5.3	869	[9]	τῇ	_	_
5.3	870	[19]	τῶν	_	_
5.3	871	[3]	μορίων	_	_
5.3	872	[3]	συμμετρίᾳ	_	_
5.3	873	[5]	κατὰ	_	_
5.3	874	[1]	πάντας	_	_
5.3	875	[1]	ἰατροὺς	_	_
5.3	876	[57]	καὶ	_	_
5.3	877	[1]	φιλοσόφους	_	_
5.3	878	[3]	ἐστὶν	_	_
5.3	879	[90]	,	b	_
5.3	880	[2]	ἡ	_	_
5.3	881	[5]	δ	_	_
5.3	882	[28]	’	b	_
5.3	883	[1]	ὑγίεια	_	_
5.3	884	[20]	τῶν	_	_
5.3	885	[3]	στοιχείων	_	_
5.3	886	[2]	αὖ	_	_
5.3	887	[1]	πάλιν	_	_
5.3	888	[91]	,	b	_
5.3	889	[1]	ἅττα	_	_
5.3	890	[1]	ποτ	_	_
5.3	891	[29]	’	b	_
5.3	892	[2]	ἂν	_	_
5.3	893	[1]	ᾖ	_	_
5.3	894	[92]	,	b	_
5.3	895	[8]	πρὸς	_	_
5.3	896	[1]	ἄλληλά	_	_
5.3	897	[4]	ἐστι	_	_
5.3	898	[1]	συμμετρία	_	_
5.3	899	[25]	.	b	_
5.3	900	[1]	εἴτε	_	_
5.3	901	[8]	γὰρ	_	_
5.3	902	[1]	ἐξ	_	_
5.3	903	[1]	ὄγκων	_	_
5.3	904	[58]	καὶ	_	_
5.3	905	[1]	πόρων	_	_
5.3	906	[93]	,	b	_
5.3	907	[7]	ὡς	_	_
5.3	908	[1]	Ἀσκληπιάδης	_	_
5.3	909	[1]	ὑπέθετο	_	_
5.3	910	[94]	,	b	_
5.3	911	[3]	τὰ	_	_
5.3	912	[21]	τῶν	_	_
5.3	913	[1]	ζώων	_	_
5.3	914	[2]	σύγκειται	_	_
5.3	915	[1]	σώματα	_	_
5.3	916	[95]	,	b	_
5.3	917	[2]	συμμετρία	_	_
5.3	918	[3]	τούτων	_	_
5.3	919	[4]	ἐστὶν	_	_
5.3	920	[3]	ἡ	_	_
5.3	921	[2]	ὑγίεια	_	_
5.3	922	[3]	·	b	_
5.3	923	[1]	εἴτ	_	_
5.3	924	[30]	’	b	_
5.3	925	[2]	ἐξ	_	_
5.3	926	[1]	ἀτόμων	_	_
5.3	927	[96]	,	b	_
5.3	928	[8]	ὡς	_	_
5.3	929	[1]	Ἐπίκουρος	_	_
5.3	930	[97]	,	b	_
5.3	931	[2]	εἴτ	_	_
5.3	932	[31]	’	b	_
5.3	933	[3]	ἐξ	_	_
5.3	934	[1]	ὁμοιομερῶν	_	_
5.3	935	[98]	,	b	_
5.3	936	[9]	ὡς	_	_
5.3	937	[1]	Ἀναξαγόρας	_	_
5.3	938	[99]	,	b	_
5.3	939	[3]	εἴτ	_	_
5.3	940	[32]	’	b	_
5.3	941	[2]	ἐκ	_	_
5.3	942	[1]	θερμοῦ	_	_
5.3	943	[100]	,	b	_
5.3	944	[59]	καὶ	_	_
5.3	945	[1]	ψυχροῦ	_	_
5.3	946	[101]	,	b	_
5.3	947	[60]	καὶ	_	_
5.3	948	[1]	ξηροῦ	_	_
5.3	949	[102]	,	b	_
5.3	950	[61]	καὶ	_	_
5.3	951	[1]	ὑγροῦ	_	_
5.3	952	[103]	,	b	_
5.3	953	[4]	καθάπερ	_	_
5.3	954	[1]	ὅ	_	_
5.3	955	[12]	τε	_	_
5.3	956	[2]	Χρύσιππος	_	_
5.3	957	[1]	δοξάζει	_	_
5.3	958	[62]	καὶ	_	_
5.3	959	[1]	πάντες	_	_
5.3	960	[1]	οἱ	_	_
5.3	961	[1]	Στωϊκοὶ	_	_
5.3	962	[104]	,	b	_
5.3	963	[63]	καὶ	_	_
5.3	964	[2]	πρὸ	_	_
5.3	965	[3]	αὐτῶν	_	_
5.3	966	[1]	Ἀριστοτέλης	_	_
5.3	967	[105]	,	b	_
5.3	968	[64]	καὶ	_	_
5.3	969	[1]	Θεόφραστος	_	_
5.3	970	[106]	,	b	_
5.3	971	[65]	καὶ	_	_
5.3	972	[3]	πρὸ	_	_
5.3	973	[4]	τούτων	_	_
5.3	974	[3]	ἔτι	_	_
5.3	975	[1]	Πλάτων	_	_
5.3	976	[66]	καὶ	_	_
5.3	977	[1]	Ἱπποκράτης	_	_
5.3	978	[107]	,	b	_
5.3	979	[4]	ἡ	_	_
5.3	980	[22]	τῶν	_	_
5.3	981	[4]	στοιχείων	_	_
5.3	982	[6]	κατὰ	_	_
5.3	983	[2]	πάντα	_	_
5.3	984	[3]	συμμετρία	_	_
5.3	985	[12]	τὴν	_	_
5.3	986	[7]	ὑγίειαν	_	_
5.3	987	[1]	ἐργάζεται	_	_
5.3	988	[26]	.	b	_
5.3	989	[3]	εἰ	_	_
5.3	990	[3]	τοίνυν	_	_
5.3	991	[2]	ἐθέλοι	_	_
5.3	992	[3]	τις	_	_
5.3	993	[1]	ἅπασαν	_	_
5.3	994	[13]	τὴν	_	_
5.3	995	[2]	ἀναλογίαν	_	_
5.3	996	[4]	αὐτῶν	_	_
5.3	997	[7]	κατὰ	_	_
5.3	998	[16]	τὸ	_	_
5.3	999	[3]	σῶμα	_	_
5.3	1000	[4]	τοῖς	_	_
5.3	1001	[8]	κατὰ	_	_
5.3	1002	[14]	τὴν	_	_
5.3	1003	[2]	ψυχὴν	_	_
5.3	1004	[1]	διασώζειν	_	_
5.3	1005	[108]	,	b	_
5.3	1006	[10]	ὡς	_	_
5.3	1007	[2]	ὑπέσχετο	_	_
5.3	1008	[3]	Χρύσιππος	_	_
5.3	1009	[109]	,	b	_
5.3	1010	[2]	ἐπιδεῖξαι	_	_
5.3	1011	[1]	χρὴ	_	_
5.3	1012	[1]	τοῦτον	_	_
5.3	1013	[1]	ἔκ	_	_
5.3	1014	[2]	τινων	_	_
5.3	1015	[1]	ἁπλῶς	_	_
5.3	1016	[1]	ὡσανεὶ	_	_
5.3	1017	[5]	στοιχείων	_	_
5.3	1018	[1]	συγκειμένην	_	_
5.3	1019	[15]	τὴν	_	_
5.3	1020	[1]	ὅλην	_	_
5.3	1021	[3]	ψυχὴν	_	_
5.3	1022	[110]	,	b	_
5.3	1023	[2]	ἵνα	_	_
5.3	1024	[24]	ἐν	_	_
5.3	1025	[10]	τῇ	_	_
5.3	1026	[5]	τούτων	_	_
5.3	1027	[9]	πρὸς	_	_
5.3	1028	[1]	ἄλληλα	_	_
5.3	1029	[4]	συμμετρίᾳ	_	_
5.3	1030	[16]	τὴν	_	_
5.3	1031	[8]	ὑγίειαν	_	_
5.3	1032	[67]	καὶ	_	_
5.3	1033	[17]	τὴν	_	_
5.3	1034	[4]	νόσον	_	_
5.3	1035	[1]	αὐτῆς	_	_
5.3	1036	[1]	εὕρῃ	_	_
5.3	1037	[1]	γιγνομένην	_	_
5.3	1038	[111]	,	b	_
5.3	1039	[1]	ὅπερ	_	_
5.3	1040	[6]	ὁ	_	_
5.3	1041	[2]	Πλάτων	_	_
5.3	1042	[1]	ἐποίησε	_	_
5.3	1043	[27]	.	b	_
5.3	1044	[4]	Χρύσιππος	_	_
5.3	1045	[6]	δ	_	_
5.3	1046	[33]	’	b	_
5.3	1047	[5]	οὔτε	_	_
5.3	1048	[1]	ταύτην	_	_
5.3	1049	[1]	ἠδυνήθη	_	_
5.3	1050	[18]	τὴν	_	_
5.3	1051	[2]	ὁμοιότητα	_	_
5.3	1052	[1]	διδάξαι	_	_
5.3	1053	[112]	,	b	_
5.3	1054	[2]	καίτοι	_	_
5.3	1055	[1]	ὑποσχόμενος	_	_
5.3	1056	[113]	,	b	_
5.3	1057	[6]	οὔτε	_	_
5.3	1058	[19]	τὴν	_	_
5.3	1059	[11]	τοῦ	_	_
5.3	1060	[1]	κάλλους	_	_
5.3	1061	[15]	τῆς	_	_
5.3	1062	[11]	ψυχῆς	_	_
5.3	1063	[114]	,	b	_
5.3	1064	[3]	ἀλλὰ	_	_
5.3	1065	[3]	εἰς	_	_
5.3	1066	[3]	ταὐτὸν	_	_
5.3	1067	[2]	συνέχεεν	_	_
5.3	1068	[11]	τῇ	_	_
5.3	1069	[1]	ὑγιείᾳ	_	_
5.3	1070	[17]	τὸ	_	_
5.3	1071	[8]	κάλλος	_	_
5.3	1072	[28]	.	b	_
5.3	1073	[9]	κατὰ	_	_
5.3	1074	[9]	γὰρ	_	_
5.3	1075	[1]	τοὺς	_	_
5.3	1076	[1]	οἰκείους	_	_
5.3	1077	[12]	τοῦ	_	_
5.3	1078	[5]	λόγου	_	_
5.3	1079	[1]	μερισμοὺς	_	_
5.3	1080	[1]	καλὴν	_	_
5.3	1081	[6]	ἢ	_	_
5.3	1082	[1]	αἰσχρὰν	_	_
5.3	1083	[1]	ἔφησε	_	_
5.3	1084	[1]	γίγνεσθαι	_	_
5.3	1085	[1]	ψυχήν	_	_
5.3	1086	[29]	.	b	_
5.3	1087	[1]	ὑγιαίνουσα	_	_
5.3	1088	[7]	δ	_	_
5.3	1089	[34]	’	b	_
5.3	1090	[7]	ἢ	_	_
5.3	1091	[1]	νοσοῦσα	_	_
5.3	1092	[1]	πῶς	_	_
5.3	1093	[3]	ἂν	_	_
5.3	1094	[1]	γένοιτο	_	_
5.3	1095	[115]	,	b	_
5.3	1096	[1]	παρέλιπεν	_	_
5.3	1097	[116]	,	b	_
5.3	1098	[4]	εἰς	_	_
5.3	1099	[4]	ταὐτὸν	_	_
5.3	1100	[117]	,	b	_
5.3	1101	[1]	οἶμαι	_	_
5.3	1102	[118]	,	b	_
5.3	1103	[1]	συγχέων	_	_
5.3	1104	[1]	ἄμφω	_	_
5.3	1105	[119]	,	b	_
5.3	1106	[68]	καὶ	_	_
5.3	1107	[3]	μὴ	_	_
5.3	1108	[1]	δυνάμενος	_	_
5.3	1109	[2]	ἀκριβῶς	_	_
5.3	1110	[13]	τε	_	_
5.3	1111	[69]	καὶ	_	_
5.3	1112	[1]	ὡρισμένως	_	_
5.3	1113	[1]	ὑπὲρ	_	_
5.3	1114	[5]	αὐτῶν	_	_
5.3	1115	[1]	ἀποφήνασθαι	_	_
5.3	1116	[120]	,	b	_
5.3	1117	[5]	καθάπερ	_	_
5.3	1118	[7]	ὁ	_	_
5.3	1119	[3]	Πλάτων	_	_
5.3	1120	[1]	ἐποίησεν	_	_
5.3	1121	[25]	ἐν	_	_
5.3	1122	[2]	ἄλλοις	_	_
5.3	1123	[3]	τέ	_	_
5.3	1124	[1]	τισι	_	_
5.3	1125	[70]	καὶ	_	_
5.3	1126	[6]	τῷ	_	_
5.3	1127	[1]	Σοφιστῇ	_	_
5.3	1128	[121]	,	b	_
5.3	1129	[20]	τὴν	_	_
5.3	1130	[12]	μὲν	_	_
5.3	1131	[23]	τῶν	_	_
5.3	1132	[1]	μερῶν	_	_
5.3	1133	[16]	τῆς	_	_
5.3	1134	[12]	ψυχῆς	_	_
5.3	1135	[10]	πρὸς	_	_
5.3	1136	[2]	ἄλληλα	_	_
5.3	1137	[1]	στάσιν	_	_
5.3	1138	[1]	ἀποφηνάμενος	_	_
5.3	1139	[5]	εἶναι	_	_
5.3	1140	[5]	νόσον	_	_
5.3	1141	[13]	ψυχῆς	_	_
5.3	1142	[122]	,	b	_
5.3	1143	[2]	τὰς	_	_
5.3	1144	[5]	δὲ	_	_
5.3	1145	[1]	παραφόρους	_	_
5.3	1146	[14]	τε	_	_
5.3	1147	[71]	καὶ	_	_
5.3	1148	[1]	ἀμέτρους	_	_
5.3	1149	[1]	κινήσεις	_	_
5.3	1150	[2]	αὐτῆς	_	_
5.3	1151	[123]	,	b	_
5.3	1152	[1]	τουτέστι	_	_
5.3	1153	[3]	τὰς	_	_
5.3	1154	[2]	ἐνεργείας	_	_
5.3	1155	[4]	τὰς	_	_
5.3	1156	[3]	καθ	_	_
5.3	1157	[35]	’	b	_
5.3	1158	[1]	ὁρμὴν	_	_
5.3	1159	[124]	,	b	_
5.3	1160	[3]	αἶσχος	_	_
5.3	1161	[125]	,	b	_
5.3	1162	[4]	ὥσπερ	_	_
5.3	1163	[5]	γε	_	_
5.3	1164	[21]	τὴν	_	_
5.3	1165	[13]	μὲν	_	_
5.3	1166	[1]	συμφωνίαν	_	_
5.3	1167	[15]	τε	_	_
5.3	1168	[72]	καὶ	_	_
5.3	1169	[3]	συμμετρίαν	_	_
5.3	1170	[11]	πρὸς	_	_
5.3	1171	[3]	ἄλληλα	_	_
5.3	1172	[24]	τῶν	_	_
5.3	1173	[4]	μορίων	_	_
5.3	1174	[3]	αὐτῆς	_	_
5.3	1175	[9]	ὑγίειαν	_	_
5.3	1176	[126]	,	b	_
5.3	1177	[22]	τὴν	_	_
5.3	1178	[6]	δὲ	_	_
5.3	1179	[4]	συμμετρίαν	_	_
5.3	1180	[25]	τῶν	_	_
5.3	1181	[1]	κινήσεων	_	_
5.3	1182	[18]	τὸ	_	_
5.3	1183	[9]	κάλλος	_	_
5.3	1184	[30]	.	b	_
5.3	1185	[5]	ὥσπερ	_	_
5.3	1186	[10]	γὰρ	_	_
5.3	1187	[19]	τὸ	_	_
5.3	1188	[4]	σῶμα	_	_
5.3	1189	[20]	τὸ	_	_
5.3	1190	[1]	καλὸν	_	_
5.3	1191	[26]	ἐν	_	_
5.3	1192	[12]	τῇ	_	_
5.3	1193	[5]	συμμετρίᾳ	_	_
5.3	1194	[26]	τῶν	_	_
5.3	1195	[5]	μορίων	_	_
5.3	1196	[23]	τὴν	_	_
5.3	1197	[1]	γένεσιν	_	_
5.3	1198	[1]	ἴσχει	_	_
5.3	1199	[127]	,	b	_
5.3	1200	[10]	κατὰ	_	_
5.3	1201	[6]	τὸν	_	_
5.3	1202	[4]	αὐτὸν	_	_
5.3	1203	[2]	τρόπον	_	_
5.3	1204	[1]	ἐνέργεια΄	_	_
5.3	1205	[1]	καλὴ	_	_
5.3	1206	[3]	διὰ	_	_
5.3	1207	[24]	τὴν	_	_
5.3	1208	[27]	τῶν	_	_
5.3	1209	[11]	κατὰ	_	_
5.3	1210	[1]	μέρος	_	_
5.3	1211	[2]	κινήσεων	_	_
5.3	1212	[1]	γίγνεται	_	_
5.3	1213	[5]	συμμετρίαν	_	_
5.3	1214	[31]	.	b	_
5.3	1215	[1]	οὕτω	_	_
5.3	1216	[1]	γοῦν	_	_
5.3	1217	[73]	καὶ	_	_
5.3	1218	[1]	ὀρχεῖσθαι	_	_
5.3	1219	[128]	,	b	_
5.3	1220	[74]	καὶ	_	_
5.3	1221	[1]	παγκρατιάζειν	_	_
5.3	1222	[129]	,	b	_
5.3	1223	[75]	καὶ	_	_
5.3	1224	[1]	παλαίειν	_	_
5.3	1225	[130]	,	b	_
5.3	1226	[76]	καὶ	_	_
5.3	1227	[1]	βαδίζειν	_	_
5.3	1228	[1]	εὐσχημόνως	_	_
5.3	1229	[77]	καὶ	_	_
5.3	1230	[1]	καλῶς	_	_
5.3	1231	[1]	λέγονταί	_	_
5.3	1232	[1]	τινες	_	_
5.3	1233	[131]	,	b	_
5.3	1234	[1]	ἕτεροι	_	_
5.3	1235	[8]	δ	_	_
5.3	1236	[36]	’	b	_
5.3	1237	[1]	ἀσχημόνως	_	_
5.3	1238	[16]	τε	_	_
5.3	1239	[78]	καὶ	_	_
5.3	1240	[1]	αἰσχρῶς	_	_
5.3	1241	[32]	.	b	_
5.3	1242	[27]	ἐν	_	_
5.3	1243	[14]	μὲν	_	_
5.3	1244	[13]	τῇ	_	_
5.3	1245	[6]	συμμετρίᾳ	_	_
5.3	1246	[28]	τῶν	_	_
5.3	1247	[12]	κατὰ	_	_
5.3	1248	[2]	μέρος	_	_
5.3	1249	[3]	κινήσεων	_	_
5.3	1250	[21]	τὸ	_	_
5.3	1251	[10]	κάλλος	_	_
5.3	1252	[29]	τῶν	_	_
5.3	1253	[2]	ἐνεργειῶν	_	_
5.3	1254	[5]	ἐστι	_	_
5.3	1255	[1]	γνώριμον	_	_
5.3	1256	[132]	,	b	_
5.3	1257	[13]	κατὰ	_	_
5.3	1258	[7]	δὲ	_	_
5.3	1259	[5]	τὰς	_	_
5.3	1260	[1]	ἀμετρίας	_	_
5.3	1261	[22]	τὸ	_	_
5.3	1262	[4]	αἶσχος	_	_
5.3	1263	[33]	.	b	_
5.3	1264	[1]	ἔχουσι	_	_
5.3	1265	[8]	δὲ	_	_
5.3	1266	[79]	καὶ	_	_
5.3	1267	[5]	αἱ	_	_
5.3	1268	[13]	τοῦ	_	_
5.3	1269	[1]	Πλάτωνος	_	_
5.3	1270	[1]	ῥήσεις	_	_
5.3	1271	[3]	ἐκ	_	_
5.3	1272	[14]	τοῦ	_	_
5.3	1273	[1]	Σοφιστοῦ	_	_
5.3	1274	[1]	τόνδε	_	_
5.3	1275	[7]	τὸν	_	_
5.3	1276	[3]	τρόπον	_	_
5.3	1277	[4]	·	b	_
5.3	1278	[1]	ΞΕ	_	_
5.3	1279	[34]	.	b	_
5.3	1280	[2]	δύο	_	_
5.3	1281	[15]	μὲν	_	_
5.3	1282	[1]	εἴδη	_	_
5.3	1283	[1]	κακίας	_	_
5.3	1284	[4]	περὶ	_	_
5.3	1285	[4]	ψυχὴν	_	_
5.3	1286	[1]	ῥητέον	_	_
5.3	1287	[35]	.	b	_
5.3	1288	[1]	ΘΕ	_	_
5.3	1289	[36]	.	b	_
5.3	1290	[1]	ποῖα	_	_
5.3	1291	[1]	;	b	_
5.3	1292	[2]	ΞΕ	_	_
5.3	1293	[37]	.	b	_
5.3	1294	[23]	τὸ	_	_
5.3	1295	[16]	μὲν	_	_
5.3	1296	[1]	οἷον	_	_
5.3	1297	[6]	νόσον	_	_
5.3	1298	[28]	ἐν	_	_
5.3	1299	[2]	σώματι	_	_
5.3	1300	[133]	,	b	_
5.3	1301	[24]	τὸ	_	_
5.3	1302	[9]	δ	_	_
5.3	1303	[37]	’	b	_
5.3	1304	[2]	οἷον	_	_
5.3	1305	[5]	αἶσχος	_	_
5.3	1306	[1]	ἐγγιγνόμενον	_	_
5.3	1307	[38]	.	b	_
5.3	1308	[2]	ΘΕ	_	_
5.3	1309	[39]	.	b	_
5.3	1310	[3]	οὐκ	_	_
5.3	1311	[1]	ἔμαθον	_	_
5.3	1312	[40]	.	b	_
5.3	1313	[3]	ΞΕ	_	_
5.3	1314	[41]	.	b	_
5.3	1315	[7]	νόσον	_	_
5.3	1316	[2]	ἴσως	_	_
5.3	1317	[80]	καὶ	_	_
5.3	1318	[2]	στάσιν	_	_
5.3	1319	[8]	οὐ	_	_
5.3	1320	[5]	ταὐτὸν	_	_
5.3	1321	[1]	νενόμικας	_	_
5.3	1322	[42]	.	b	_
5.3	1323	[3]	ΘΕ	_	_
5.3	1324	[43]	.	b	_
5.3	1325	[2]	οὐδ	_	_
5.3	1326	[38]	’	b	_
5.3	1327	[3]	αὖ	_	_
5.3	1328	[12]	πρὸς	_	_
5.3	1329	[2]	τοῦτο	_	_
5.3	1330	[1]	ἔχω	_	_
5.3	1331	[1]	τί	_	_
5.3	1332	[1]	χρή	_	_
5.3	1333	[1]	με	_	_
5.3	1334	[1]	ἀποκρίνασθαι	_	_
5.3	1335	[44]	.	b	_
5.3	1336	[4]	ΞΕ	_	_
5.3	1337	[45]	.	b	_
5.3	1338	[1]	πότερον	_	_
5.3	1339	[2]	ἄλλο	_	_
5.3	1340	[4]	τι	_	_
5.3	1341	[3]	στάσιν	_	_
5.3	1342	[1]	ἡγούμενος	_	_
5.3	1343	[134]	,	b	_
5.3	1344	[8]	ἢ	_	_
5.3	1345	[25]	τὴν	_	_
5.3	1346	[15]	τοῦ	_	_
5.3	1347	[1]	φύσει	_	_
5.3	1348	[1]	συγγενοῦς	_	_
5.3	1349	[2]	ἔκ	_	_
5.3	1350	[1]	τινος	_	_
5.3	1351	[1]	διαφθορᾶς	_	_
5.3	1352	[1]	διαφοράν	_	_
5.3	1353	[2]	;	b	_
5.3	1354	[4]	ΘΕ	_	_
5.3	1355	[46]	.	b	_
5.3	1356	[2]	οὐδέν	_	_
5.3	1357	[47]	.	b	_
5.3	1358	[5]	ΞΕ	_	_
5.3	1359	[48]	.	b	_
5.3	1360	[6]	ἀλλ	_	_
5.3	1361	[39]	’	b	_
5.3	1362	[6]	αἶσχος	_	_
5.3	1363	[3]	ἄλλο	_	_
5.3	1364	[5]	τι	_	_
5.3	1365	[1]	πλὴν	_	_
5.3	1366	[25]	τὸ	_	_
5.3	1367	[17]	τῆς	_	_
5.3	1368	[2]	ἀμετρίας	_	_
5.3	1369	[1]	πανταχοῦ	_	_
5.3	1370	[1]	δυσειδὲς	_	_
5.3	1371	[30]	τῶν	_	_
5.3	1372	[1]	ἓν	_	_
5.3	1373	[1]	ὄντων	_	_
5.3	1374	[1]	γένος	_	_
5.3	1375	[3]	;	b	_
5.3	1376	[5]	ΘΕ	_	_
5.3	1377	[49]	.	b	_
5.3	1378	[1]	οὐδαμῶς	_	_
5.3	1379	[4]	ἄλλο	_	_
5.3	1380	[50]	.	b	_
5.3	1381	[1]	οὕτως	_	_
5.3	1382	[17]	μὲν	_	_
5.3	1383	[29]	ἐν	_	_
5.3	1384	[7]	τῷ	_	_
5.3	1385	[1]	καθόλου	_	_
5.3	1386	[5]	περὶ	_	_
5.3	1387	[3]	νόσου	_	_
5.3	1388	[17]	τε	_	_
5.3	1389	[81]	καὶ	_	_
5.3	1390	[1]	αἴσχους	_	_
5.3	1391	[135]	,	b	_
5.3	1392	[1]	ὁποῖόν	_	_
5.3	1393	[6]	τι	_	_
5.3	1394	[26]	τὴν	_	_
5.3	1395	[1]	φύσιν	_	_
5.3	1396	[1]	ἑκάτερον	_	_
5.3	1397	[6]	αὐτῶν	_	_
5.3	1398	[1]	ἐστιν	_	_
5.3	1399	[136]	,	b	_
5.3	1400	[1]	ἐδίδαξεν	_	_
5.3	1401	[3]	ἡμᾶς	_	_
5.3	1402	[8]	ὁ	_	_
5.3	1403	[4]	Πλάτων	_	_
5.3	1404	[51]	.	b	_
5.3	1405	[82]	καὶ	_	_
5.3	1406	[1]	ὅπως	_	_
5.3	1407	[1]	ἐγγίγνονται	_	_
5.3	1408	[2]	ταῖς	_	_
5.3	1409	[1]	ψυχαῖς	_	_
5.3	1410	[1]	ἐφεξῆς	_	_
5.3	1411	[1]	διδάσκων	_	_
5.3	1412	[137]	,	b	_
5.3	1413	[6]	περὶ	_	_
5.3	1414	[18]	μὲν	_	_
5.3	1415	[18]	τῆς	_	_
5.3	1416	[4]	νόσου	_	_
5.3	1417	[1]	ταῦτα	_	_
5.3	1418	[1]	γράφει	_	_
5.3	1419	[52]	.	b	_
5.3	1420	[6]	ΞΕ	_	_
5.3	1421	[53]	.	b	_
5.3	1422	[2]	τί	_	_
5.3	1423	[1]	δαί	_	_
5.3	1424	[4]	;	b	_
5.3	1425	[30]	ἐν	_	_
5.3	1426	[4]	ψυχῇ	_	_
5.3	1427	[1]	δόξας	_	_
5.3	1428	[1]	ἐπιθυμίαις	_	_
5.3	1429	[138]	,	b	_
5.3	1430	[83]	καὶ	_	_
5.3	1431	[1]	θυμὸν	_	_
5.3	1432	[1]	ἡδοναῖς	_	_
5.3	1433	[139]	,	b	_
5.3	1434	[84]	καὶ	_	_
5.3	1435	[4]	λόγον	_	_
5.3	1436	[1]	λύπαις	_	_
5.3	1437	[140]	,	b	_
5.3	1438	[85]	καὶ	_	_
5.3	1439	[3]	πάντα	_	_
5.3	1440	[2]	ἀλλήλοις	_	_
5.3	1441	[2]	ταῦτα	_	_
5.3	1442	[31]	τῶν	_	_
5.3	1443	[1]	φλαύρως	_	_
5.3	1444	[1]	ἐχόντων	_	_
5.3	1445	[4]	οὐκ	_	_
5.3	1446	[1]	ᾐσθήμεθα	_	_
5.3	1447	[1]	διαφερόμενα	_	_
5.3	1448	[5]	;	b	_
5.3	1449	[6]	ΘΕ	_	_
5.3	1450	[54]	.	b	_
5.3	1451	[86]	καὶ	_	_
5.3	1452	[1]	σφόδρα	_	_
5.3	1453	[6]	γε	_	_
5.3	1454	[55]	.	b	_
5.3	1455	[7]	ΞΕ	_	_
5.3	1456	[56]	.	b	_
5.3	1457	[1]	ξυγγενῆ	_	_
5.3	1458	[7]	γε	_	_
5.3	1459	[4]	μὴν	_	_
5.3	1460	[4]	ἐξ	_	_
5.3	1461	[1]	ἀνάγκης	_	_
5.3	1462	[1]	ξύμπαντα	_	_
5.3	1463	[1]	γέγονε	_	_
5.3	1464	[57]	.	b	_
5.3	1465	[7]	ΘΕ	_	_
5.3	1466	[58]	.	b	_
5.3	1467	[2]	πῶς	_	_
5.3	1468	[11]	γὰρ	_	_
5.3	1469	[1]	οὔ	_	_
5.3	1470	[6]	;	b	_
5.3	1471	[8]	ΞΕ	_	_
5.3	1472	[59]	.	b	_
5.3	1473	[4]	στάσιν	_	_
5.3	1474	[1]	ἄρα	_	_
5.3	1475	[87]	καὶ	_	_
5.3	1476	[8]	νόσον	_	_
5.3	1477	[19]	τῆς	_	_
5.3	1478	[14]	ψυχῆς	_	_
5.3	1479	[1]	πονηρίαν	_	_
5.3	1480	[1]	λέγοντες	_	_
5.3	1481	[2]	ὀρθῶς	_	_
5.3	1482	[1]	ἐροῦμεν	_	_
5.3	1483	[60]	.	b	_
5.3	1484	[8]	ΘΕ	_	_
5.3	1485	[61]	.	b	_
5.3	1486	[1]	ὀρθότατα	_	_
5.3	1487	[19]	μὲν	_	_
5.3	1488	[5]	οὖν	_	_
5.3	1489	[62]	.	b	_
5.3	1490	[1]	εἶτ	_	_
5.3	1491	[40]	’	b	_
5.3	1492	[2]	ἐφεξῆς	_	_
5.3	1493	[141]	,	b	_
5.3	1494	[2]	ὅπως	_	_
5.3	1495	[7]	αἶσχος	_	_
5.3	1496	[1]	ἐγγίνεται	_	_
5.3	1497	[2]	ψυχαῖς	_	_
5.3	1498	[142]	,	b	_
5.3	1499	[1]	διεξιών	_	_
5.3	1500	[2]	φησι	_	_
5.3	1501	[5]	·	b	_
5.3	1502	[9]	ΞΕ	_	_
5.3	1503	[63]	.	b	_
5.3	1504	[3]	τί	_	_
5.3	1505	[3]	δή	_	_
5.3	1506	[7]	;	b	_
5.3	1507	[2]	ὅσα	_	_
5.3	1508	[1]	κι	_	_
5.3	1509	[1]	νήσεως	_	_
5.3	1510	[1]	μετασχόντα	_	_
5.3	1511	[143]	,	b	_
5.3	1512	[88]	καὶ	_	_
5.3	1513	[1]	σκοπόν	_	_
5.3	1514	[1]	τινα	_	_
5.3	1515	[1]	θέμενα	_	_
5.3	1516	[144]	,	b	_
5.3	1517	[1]	πειρώμενα	_	_
5.3	1518	[1]	τούτου	_	_
5.3	1519	[1]	τυγχάνειν	_	_
5.3	1520	[145]	,	b	_
5.3	1521	[4]	καθ	_	_
5.3	1522	[41]	’	b	_
5.3	1523	[2]	ἑκάστην	_	_
5.3	1524	[2]	ὁρμὴν	_	_
5.3	1525	[1]	παράφορα	_	_
5.3	1526	[2]	αὐτοῦ	_	_
5.3	1527	[2]	γίγνεται	_	_
5.3	1528	[89]	καὶ	_	_
5.3	1529	[1]	ἀποτυγχάνει	_	_
5.3	1530	[146]	,	b	_
5.3	1531	[2]	πότερον	_	_
5.3	1532	[3]	αὐτὰ	_	_
5.3	1533	[1]	φήσομεν	_	_
5.3	1534	[1]	ὑπὸ	_	_
5.3	1535	[2]	συμμετρίας	_	_
5.3	1536	[20]	τῆς	_	_
5.3	1537	[13]	πρὸς	_	_
5.3	1538	[4]	ἄλληλα	_	_
5.3	1539	[147]	,	b	_
5.3	1540	[9]	ἢ	_	_
5.3	1541	[1]	τοὐναντίον	_	_
5.3	1542	[2]	ὑπὸ	_	_
5.3	1543	[3]	ἀμετρίας	_	_
5.3	1544	[4]	αὐτὰ	_	_
5.3	1545	[1]	πάσχειν	_	_
5.3	1546	[8]	;	b	_
5.3	1547	[9]	ΘΕ	_	_
5.3	1548	[64]	.	b	_
5.3	1549	[1]	δῆλον	_	_
5.3	1550	[11]	ὡς	_	_
5.3	1551	[3]	ὑπὸ	_	_
5.3	1552	[4]	ἀμετρίας	_	_
5.3	1553	[65]	.	b	_
5.3	1554	[10]	ΞΕ	_	_
5.3	1555	[66]	.	b	_
5.3	1556	[4]	ἀλλὰ	_	_
5.3	1557	[27]	τὴν	_	_
5.3	1558	[2]	ψυχήν	_	_
5.3	1559	[8]	γε	_	_
5.3	1560	[1]	ἴσμεν	_	_
5.3	1561	[1]	ἄκουσαν	_	_
5.3	1562	[1]	πᾶσαν	_	_
5.3	1563	[1]	πᾶν	_	_
5.3	1564	[1]	ἀγνοοῦσαν	_	_
5.3	1565	[67]	.	b	_
5.3	1566	[10]	ΘΕ	_	_
5.3	1567	[68]	.	b	_
5.3	1568	[2]	σφόδρα	_	_
5.3	1569	[9]	γε	_	_
5.3	1570	[69]	.	b	_
5.3	1571	[11]	ΞΕ	_	_
5.3	1572	[70]	.	b	_
5.3	1573	[2]	τό	_	_
5.3	1574	[10]	γε	_	_
5.3	1575	[5]	μὴν	_	_
5.3	1576	[1]	ἀγνοεῖν	_	_
5.3	1577	[2]	ἐστιν	_	_
5.3	1578	[1]	ἐπ	_	_
5.3	1579	[42]	’	b	_
5.3	1580	[1]	ἀλήθειαν	_	_
5.3	1581	[1]	ὁρμωμένης	_	_
5.3	1582	[15]	ψυχῆς	_	_
5.3	1583	[1]	παραφόρου	_	_
5.3	1584	[1]	ξυνέσεως	_	_
5.3	1585	[1]	γιγνομένης	_	_
5.3	1586	[3]	οὐδὲν	_	_
5.3	1587	[5]	ἄλλο	_	_
5.3	1588	[2]	πλὴν	_	_
5.3	1589	[1]	παραφροσύνη	_	_
5.3	1590	[71]	.	b	_
5.3	1591	[11]	ΘΕ	_	_
5.3	1592	[72]	.	b	_
5.3	1593	[1]	πάνυ	_	_
5.3	1594	[20]	μὲν	_	_
5.3	1595	[6]	οὖν	_	_
5.3	1596	[73]	.	b	_
5.3	1597	[12]	ΞΕ	_	_
5.3	1598	[74]	.	b	_
5.3	1599	[5]	ψυχὴν	_	_
5.3	1600	[1]	ἄρ	_	_
5.3	1601	[43]	’	b	_
5.3	1602	[1]	ἀνόητον	_	_
5.3	1603	[2]	αἰσχρὰν	_	_
5.3	1604	[90]	καὶ	_	_
5.3	1605	[1]	ἄμετρον	_	_
5.3	1606	[1]	θετέον	_	_
5.3	1607	[75]	.	b	_
5.3	1608	[2]	οὕτω	_	_
5.3	1609	[21]	μὲν	_	_
5.3	1610	[31]	ἐν	_	_
5.3	1611	[8]	τῷ	_	_
5.3	1612	[2]	Σοφιστῇ	_	_
5.3	1613	[5]	Πλάτων	_	_
5.3	1614	[1]	ἀπεφήνατο	_	_
5.3	1615	[148]	,	b	_
5.3	1616	[91]	καὶ	_	_
5.3	1617	[2]	καθόλου	_	_
5.3	1618	[92]	καὶ	_	_
5.3	1619	[14]	κατὰ	_	_
5.3	1620	[3]	μέρος	_	_
5.3	1621	[4]	ὑπὸ	_	_
5.3	1622	[1]	ὑγιείας	_	_
5.3	1623	[18]	τε	_	_
5.3	1624	[93]	καὶ	_	_
5.3	1625	[2]	κάλλους	_	_
5.3	1626	[149]	,	b	_
5.3	1627	[2]	αἴσχους	_	_
5.3	1628	[19]	τε	_	_
5.3	1629	[94]	καὶ	_	_
5.3	1630	[5]	νόσου	_	_
5.3	1631	[150]	,	b	_
5.3	1632	[3]	καθόλου	_	_
5.3	1633	[22]	μὲν	_	_
5.3	1634	[1]	ὑπογράψας	_	_
5.3	1635	[28]	τὴν	_	_
5.3	1636	[4]	ἔννοιαν	_	_
5.3	1637	[7]	αὐτῶν	_	_
5.3	1638	[151]	,	b	_
5.3	1639	[15]	κατὰ	_	_
5.3	1640	[4]	μέρος	_	_
5.3	1641	[9]	δὲ	_	_
5.3	1642	[152]	,	b	_
5.3	1643	[3]	ὅπως	_	_
5.3	1644	[1]	ἐγγίγνεται	_	_
5.3	1645	[3]	ταῖς	_	_
5.3	1646	[3]	ψυχαῖς	_	_
5.3	1647	[1]	διδάξας	_	_
5.3	1648	[76]	.	b	_
5.3	1649	[6]	τὰς	_	_
5.3	1650	[10]	δ	_	_
5.3	1651	[44]	’	b	_
5.3	1652	[1]	ἄλλας	_	_
5.3	1653	[3]	αὐτοῦ	_	_
5.3	1654	[2]	ῥήσεις	_	_
5.3	1655	[5]	οὐκ	_	_
5.3	1656	[1]	ὀλίγας	_	_
5.3	1657	[1]	οὔσας	_	_
5.3	1658	[32]	ἐν	_	_
5.3	1659	[1]	πολλοῖς	_	_
5.3	1660	[32]	τῶν	_	_
5.3	1661	[1]	συγγραμμάτων	_	_
5.3	1662	[153]	,	b	_
5.3	1663	[33]	ἐν	_	_
5.3	1664	[3]	οἷς	_	_
5.3	1665	[2]	ὑπὲρ	_	_
5.3	1666	[2]	ὑγιείας	_	_
5.3	1667	[20]	τε	_	_
5.3	1668	[95]	καὶ	_	_
5.3	1669	[3]	κάλλους	_	_
5.3	1670	[154]	,	b	_
5.3	1671	[3]	αἴσχους	_	_
5.3	1672	[21]	τε	_	_
5.3	1673	[96]	καὶ	_	_
5.3	1674	[6]	νόσου	_	_
5.3	1675	[1]	διῆλθεν	_	_
5.3	1676	[155]	,	b	_
5.3	1677	[2]	οὔ	_	_
5.3	1678	[1]	μοι	_	_
5.3	1679	[1]	δοκεῖ	_	_
5.3	1680	[2]	νῦν	_	_
5.3	1681	[6]	εἶναι	_	_
5.3	1682	[1]	παρατίθεσθαι	_	_
5.3	1683	[1]	καιρός	_	_
5.3	1684	[6]	·	b	_
5.3	1685	[7]	ἀλλ	_	_
5.3	1686	[45]	’	b	_
5.3	1687	[1]	ἐπειδὰν	_	_
5.3	1688	[3]	ὑπὲρ	_	_
5.3	1689	[3]	ὑγιείας	_	_
5.3	1690	[22]	τε	_	_
5.3	1691	[97]	καὶ	_	_
5.3	1692	[1]	νόσων	_	_
5.3	1693	[9]	ὁ	_	_
5.3	1694	[4]	λόγος	_	_
5.3	1695	[2]	ἡμῖν	_	_
5.3	1696	[1]	περαίνηται	_	_
5.3	1697	[156]	,	b	_
5.3	1698	[1]	δεικνύουσιν	_	_
5.3	1699	[1]	ὡσαύτως	_	_
5.3	1700	[1]	Ἱπποκράτην	_	_
5.3	1701	[98]	καὶ	_	_
5.3	1702	[8]	τὸν	_	_
5.3	1703	[1]	Πλάτωνα	_	_
5.3	1704	[1]	γιγνώσκειν	_	_
5.3	1705	[4]	ὑπὲρ	_	_
5.3	1706	[8]	αὐτῶν	_	_
5.3	1707	[157]	,	b	_
5.3	1708	[3]	ἐπὶ	_	_
5.3	1709	[1]	πλέον	_	_
5.3	1710	[34]	ἐν	_	_
5.3	1711	[1]	ἐκείνοις	_	_
5.3	1712	[33]	τῶν	_	_
5.3	1713	[1]	τοιούτων	_	_
5.3	1714	[1]	μνημονεύσω	_	_
5.3	1715	[1]	ῥήσεων	_	_
5.3	1716	[77]	.	b	_
5.4	1	[1]	Νυνὶ	_	_
5.4	2	[1]	δ	_	_
5.4	3	[1]	’	b	_
5.4	4	[1]	,	b	_
5.4	5	[1]	οὔτε	_	_
5.4	6	[1]	γὰρ	_	_
5.4	7	[1]	ἁπλῶς	_	_
5.4	8	[1]	περὶ	_	_
5.4	9	[1]	κάλλους	_	_
5.4	10	[2]	,	b	_
5.4	11	[1]	ἢ	_	_
5.4	12	[1]	ὑγιείας	_	_
5.4	13	[3]	,	b	_
5.4	14	[2]	ἢ	_	_
5.4	15	[1]	αἴσχους	_	_
5.4	16	[4]	,	b	_
5.4	17	[3]	ἢ	_	_
5.4	18	[1]	νοσημάτων	_	_
5.4	19	[1]	ὁ	_	_
5.4	20	[1]	λόγος	_	_
5.4	21	[5]	,	b	_
5.4	22	[2]	οὔτε	_	_
5.4	23	[2]	περὶ	_	_
5.4	24	[1]	μόνων	_	_
5.4	25	[1]	τῶν	_	_
5.4	26	[1]	τοῦ	_	_
5.4	27	[1]	σώματος	_	_
5.4	28	[6]	,	b	_
5.4	29	[1]	ἀλλὰ	_	_
5.4	30	[3]	περὶ	_	_
5.4	31	[2]	τῶν	_	_
5.4	32	[1]	παθῶν	_	_
5.4	33	[1]	τῆς	_	_
5.4	34	[1]	ψυχῆς	_	_
5.4	35	[1]	ἡμῖν	_	_
5.4	36	[1]	προὔκειτο	_	_
5.4	37	[7]	,	b	_
5.4	38	[1]	παραλείψω	_	_
5.4	39	[1]	μὲν	_	_
5.4	40	[1]	τἄλλα	_	_
5.4	41	[8]	,	b	_
5.4	42	[1]	τὸ	_	_
5.4	43	[1]	προκείμενον	_	_
5.4	44	[2]	δ	_	_
5.4	45	[2]	’	b	_
5.4	46	[1]	αὐτὸ	_	_
5.4	47	[1]	μόνον	_	_
5.4	48	[1]	ἀναλήψομαι	_	_
5.4	49	[1]	.	b	_
5.4	50	[1]	πρόκειται	_	_
5.4	51	[1]	δὲ	_	_
5.4	52	[1]	δεικνύειν	_	_
5.4	53	[9]	,	b	_
5.4	54	[1]	ὡς	_	_
5.4	55	[3]	οὔτε	_	_
5.4	56	[1]	καθ	_	_
5.4	57	[3]	’	b	_
5.4	58	[1]	ἓν	_	_
5.4	59	[1]	μόριον	_	_
5.4	60	[2]	τῆς	_	_
5.4	61	[2]	ψυχῆς	_	_
5.4	62	[10]	,	b	_
5.4	63	[4]	οὔτε	_	_
5.4	64	[1]	κατὰ	_	_
5.4	65	[1]	μίαν	_	_
5.4	66	[1]	αὐτῆς	_	_
5.4	67	[1]	δύναμιν	_	_
5.4	68	[1]	αἵ	_	_
5.4	69	[1]	τε	_	_
5.4	70	[1]	κρίσεις	_	_
5.4	71	[1]	γίγνονται	_	_
5.4	72	[1]	καὶ	_	_
5.4	73	[1]	τὰ	_	_
5.4	74	[1]	πάθη	_	_
5.4	75	[1]	συνίσταται	_	_
5.4	76	[11]	,	b	_
5.4	77	[1]	καθάπερ	_	_
5.4	78	[2]	ὁ	_	_
5.4	79	[1]	Χρύσιππος	_	_
5.4	80	[1]	ἔφασκεν	_	_
5.4	81	[12]	,	b	_
5.4	82	[2]	ἀλλὰ	_	_
5.4	83	[2]	καὶ	_	_
5.4	84	[1]	δυνάμεις	_	_
5.4	85	[1]	πλείους	_	_
5.4	86	[2]	αὐτῆς	_	_
5.4	87	[1]	εἰσιν	_	_
5.4	88	[1]	ἑτερογενεῖς	_	_
5.4	89	[13]	,	b	_
5.4	90	[3]	καὶ	_	_
5.4	91	[1]	μόρια	_	_
5.4	92	[1]	πλείω	_	_
5.4	93	[2]	.	b	_
5.4	94	[2]	τὸ	_	_
5.4	95	[2]	μὲν	_	_
5.4	96	[1]	δὴ	_	_
5.4	97	[1]	τὰς	_	_
5.4	98	[2]	δυνάμεις	_	_
5.4	99	[3]	τῆς	_	_
5.4	100	[3]	ψυχῆς	_	_
5.4	101	[1]	τρεῖς	_	_
5.4	102	[1]	εἶναι	_	_
5.4	103	[1]	τὸν	_	_
5.4	104	[1]	ἀριθμὸν	_	_
5.4	105	[14]	,	b	_
5.4	106	[1]	αἷς	_	_
5.4	107	[1]	ἐπιθυμοῦμέν	_	_
5.4	108	[2]	τε	_	_
5.4	109	[4]	καὶ	_	_
5.4	110	[1]	θυμούμεθα	_	_
5.4	111	[5]	καὶ	_	_
5.4	112	[1]	λογιζόμεθα	_	_
5.4	113	[15]	,	b	_
5.4	114	[6]	καὶ	_	_
5.4	115	[1]	Ποσειδώνιος	_	_
5.4	116	[1]	ὁμολογεῖ	_	_
5.4	117	[16]	,	b	_
5.4	118	[7]	καὶ	_	_
5.4	119	[1]	Ἀριστοτέλης	_	_
5.4	120	[1]	·	b	_
5.4	121	[3]	τὸ	_	_
5.4	122	[2]	δὲ	_	_
5.4	123	[8]	καὶ	_	_
5.4	124	[1]	τοῖς	_	_
5.4	125	[1]	τόποις	_	_
5.4	126	[1]	αὐτὰς	_	_
5.4	127	[1]	ἀλλήλων	_	_
5.4	128	[1]	κεχωρίσθαι	_	_
5.4	129	[17]	,	b	_
5.4	130	[9]	καὶ	_	_
5.4	131	[1]	τὴν	_	_
5.4	132	[1]	ψυχὴν	_	_
5.4	133	[1]	ἡμῶν	_	_
5.4	134	[1]	μὴ	_	_
5.4	135	[2]	μόνον	_	_
5.4	136	[1]	ἔχειν	_	_
5.4	137	[1]	ἐν	_	_
5.4	138	[1]	ἑαυτῇ	_	_
5.4	139	[3]	δυνάμεις	_	_
5.4	140	[1]	πολλὰς	_	_
5.4	141	[18]	,	b	_
5.4	142	[3]	ἀλλὰ	_	_
5.4	143	[10]	καὶ	_	_
5.4	144	[1]	σύνθετον	_	_
5.4	145	[1]	ἐκ	_	_
5.4	146	[1]	μορίων	_	_
5.4	147	[1]	ὑπάρχειν	_	_
5.4	148	[1]	ἑτερογενῶν	_	_
5.4	149	[3]	τε	_	_
5.4	150	[11]	καὶ	_	_
5.4	151	[1]	διαφερόντων	_	_
5.4	152	[1]	ταῖς	_	_
5.4	153	[1]	οὐσίαις	_	_
5.4	154	[19]	,	b	_
5.4	155	[1]	Ἱπποκράτους	_	_
5.4	156	[1]	ἐστὶ	_	_
5.4	157	[12]	καὶ	_	_
5.4	158	[1]	Πλάτωνος	_	_
5.4	159	[1]	δόγμα	_	_
5.4	160	[3]	.	b	_
5.4	161	[1]	καί	_	_
5.4	162	[1]	μοι	_	_
5.4	163	[1]	πολλὰ	_	_
5.4	164	[3]	μὲν	_	_
5.4	165	[1]	ἤδη	_	_
5.4	166	[4]	περὶ	_	_
5.4	167	[1]	νῆς	_	_
5.4	168	[1]	ἀληθείας	_	_
5.4	169	[1]	αὐτοῦ	_	_
5.4	170	[1]	διὰ	_	_
5.4	171	[3]	τῶν	_	_
5.4	172	[1]	ἔμπροσθεν	_	_
5.4	173	[1]	εἴρηται	_	_
5.4	174	[20]	,	b	_
5.4	175	[2]	πολλὰ	_	_
5.4	176	[3]	δ	_	_
5.4	177	[4]	’	b	_
5.4	178	[2]	ἐν	_	_
5.4	179	[2]	τοῖς	_	_
5.4	180	[1]	ἐφεξῆς	_	_
5.4	181	[1]	εἰρήσεται	_	_
5.4	182	[4]	.	b	_
5.4	183	[1]	νυνὶ	_	_
5.4	184	[4]	δ	_	_
5.4	185	[5]	’	b	_
5.4	186	[1]	ἐπὶ	_	_
5.4	187	[2]	τὸν	_	_
5.4	188	[1]	Χρύσιππον	_	_
5.4	189	[1]	αὖθις	_	_
5.4	190	[1]	ἐπάνειμι	_	_
5.4	191	[21]	,	b	_
5.4	192	[1]	μήτε	_	_
5.4	193	[2]	τὰς	_	_
5.4	194	[1]	εἰρημένας	_	_
5.4	195	[4]	δυνάμεις	_	_
5.4	196	[1]	ὁμολογοῦντα	_	_
5.4	197	[2]	κατὰ	_	_
5.4	198	[2]	τὴν	_	_
5.4	199	[2]	ψυχὴν	_	_
5.4	200	[2]	ἡμῶν	_	_
5.4	201	[2]	ὑπάρχειν	_	_
5.4	202	[22]	,	b	_
5.4	203	[4]	ἀλλὰ	_	_
5.4	204	[1]	πᾶσαν	_	_
5.4	205	[1]	ἐνέργειάν	_	_
5.4	206	[4]	τε	_	_
5.4	207	[13]	καὶ	_	_
5.4	208	[1]	πάθος	_	_
5.4	209	[3]	ἐν	_	_
5.4	210	[1]	τῷ	_	_
5.4	211	[1]	λογιστικῷ	_	_
5.4	212	[1]	μόνῳ	_	_
5.4	213	[1]	συνίστασθαι	_	_
5.4	214	[1]	φάσκοντα	_	_
5.4	215	[23]	,	b	_
5.4	216	[1]	μήθ	_	_
5.4	217	[6]	’	b	_
5.4	218	[1]	ὅπως	_	_
5.4	219	[1]	ἰᾶσθαι	_	_
5.4	220	[1]	χρὴ	_	_
5.4	221	[2]	τὰ	_	_
5.4	222	[2]	πάθη	_	_
5.4	223	[1]	γενόμενα	_	_
5.4	224	[24]	,	b	_
5.4	225	[2]	μήθ	_	_
5.4	226	[7]	’	b	_
5.4	227	[2]	ὅπως	_	_
5.4	228	[1]	κωλῦσαι	_	_
5.4	229	[1]	γενέσθαι	_	_
5.4	230	[1]	διδάσκοντα	_	_
5.4	231	[5]	.	b	_
5.4	232	[1]	διηνέχθη	_	_
5.4	233	[4]	μὲν	_	_
5.4	234	[1]	οὖν	_	_
5.4	235	[14]	καὶ	_	_
5.4	236	[5]	περὶ	_	_
5.4	237	[1]	τούτου	_	_
5.4	238	[1]	πρὸς	_	_
5.4	239	[1]	ἑαυτὸν	_	_
5.4	240	[25]	,	b	_
5.4	241	[1]	ὥσπερ	_	_
5.4	242	[15]	καὶ	_	_
5.4	243	[6]	περὶ	_	_
5.4	244	[1]	παμπόλλων	_	_
5.4	245	[1]	ἑτέρων	_	_
5.4	246	[26]	,	b	_
5.4	247	[4]	ἐν	_	_
5.4	248	[5]	μὲν	_	_
5.4	249	[2]	τῷ	_	_
5.4	250	[1]	προτέρῳ	_	_
5.4	251	[7]	περὶ	_	_
5.4	252	[4]	ψυχῆς	_	_
5.4	253	[1]	τιθέμενος	_	_
5.4	254	[27]	,	b	_
5.4	255	[2]	εἶναι	_	_
5.4	256	[1]	ταύτας	_	_
5.4	257	[5]	δυνάμεις	_	_
5.4	258	[4]	τῆς	_	_
5.4	259	[5]	ψυχῆς	_	_
5.4	260	[28]	,	b	_
5.4	261	[1]	ἃς	_	_
5.4	262	[5]	ἐν	_	_
5.4	263	[3]	τῷ	_	_
5.4	264	[1]	πρὸ	_	_
5.4	265	[2]	τούτου	_	_
5.4	266	[1]	γράμματι	_	_
5.4	267	[1]	παραθέμενος	_	_
5.4	268	[2]	αὐτοῦ	_	_
5.4	269	[3]	τὰς	_	_
5.4	270	[1]	ῥήσεις	_	_
5.4	271	[1]	ἐπέδειξα	_	_
5.4	272	[29]	,	b	_
5.4	273	[3]	κατὰ	_	_
5.4	274	[3]	δὲ	_	_
5.4	275	[3]	τὰ	_	_
5.4	276	[8]	περὶ	_	_
5.4	277	[4]	τῶν	_	_
5.4	278	[2]	παθῶν	_	_
5.4	279	[1]	βιβλία	_	_
5.4	280	[2]	κρίσεις	_	_
5.4	281	[1]	τινὰς	_	_
5.4	282	[3]	ὑπάρχειν	_	_
5.4	283	[4]	τὰ	_	_
5.4	284	[3]	πάθη	_	_
5.4	285	[2]	τοῦ	_	_
5.4	286	[1]	λογιστικοῦ	_	_
5.4	287	[5]	τῆς	_	_
5.4	288	[6]	ψυχῆς	_	_
5.4	289	[1]	ἀποφηνάμενος	_	_
5.4	290	[6]	.	b	_
5.4	291	[1]	ἀλλ	_	_
5.4	292	[8]	’	b	_
5.4	293	[1]	ἡμεῖς	_	_
5.4	294	[30]	,	b	_
5.4	295	[1]	ἃ	_	_
5.4	296	[6]	μὲν	_	_
5.4	297	[1]	ἀληθῶς	_	_
5.4	298	[1]	εἷπε	_	_
5.4	299	[31]	,	b	_
5.4	300	[1]	μαρτύρια	_	_
5.4	301	[5]	τῶν	_	_
5.4	302	[2]	Ἱπποκράτους	_	_
5.4	303	[5]	τε	_	_
5.4	304	[16]	καὶ	_	_
5.4	305	[2]	Πλάτωνος	_	_
5.4	306	[1]	δογμάτων	_	_
5.4	307	[1]	οὐ	_	_
5.4	308	[5]	τὰ	_	_
5.4	309	[1]	τυχόντα	_	_
5.4	310	[1]	νομίζομεν	_	_
5.4	311	[4]	ὑπάρχειν	_	_
5.4	312	[32]	,	b	_
5.4	313	[1]	εἰρημένα	_	_
5.4	314	[6]	τε	_	_
5.4	315	[2]	πρὸς	_	_
5.4	316	[1]	ἀνδρὸς	_	_
5.4	317	[2]	οὐ	_	_
5.4	318	[1]	συνετοῦ	_	_
5.4	319	[3]	μόνον	_	_
5.4	320	[33]	,	b	_
5.4	321	[5]	ἀλλὰ	_	_
5.4	322	[17]	καὶ	_	_
5.4	323	[1]	σπεύδοντος	_	_
5.4	324	[1]	ἅπαντι	_	_
5.4	325	[1]	τρόπῳ	_	_
5.4	326	[4]	τὸ	_	_
5.4	327	[1]	παλαιὸν	_	_
5.4	328	[2]	δόγμα	_	_
5.4	329	[1]	διαβάλλειν	_	_
5.4	330	[7]	.	b	_
5.4	331	[1]	ἡ	_	_
5.4	332	[2]	γὰρ	_	_
5.4	333	[9]	περὶ	_	_
5.4	334	[6]	τῶν	_	_
5.4	335	[1]	τοιούτων	_	_
5.4	336	[1]	μαρτυρία	_	_
5.4	337	[1]	καταναγκαζομένων	_	_
5.4	338	[1]	ὑπὸ	_	_
5.4	339	[6]	τῆς	_	_
5.4	340	[2]	ἀληθείας	_	_
5.4	341	[1]	εἴωθε	_	_
5.4	342	[1]	γίγνεσθαι	_	_
5.4	343	[8]	.	b	_
5.4	344	[1]	μεταβάντες	_	_
5.4	345	[4]	δὲ	_	_
5.4	346	[1]	πάλιν	_	_
5.4	347	[1]	ἐφ	_	_
5.4	348	[9]	’	b	_
5.4	349	[1]	ἕτερα	_	_
5.4	350	[7]	τῶν	_	_
5.4	351	[1]	ὑπ	_	_
5.4	352	[10]	’	b	_
5.4	353	[3]	αὐτοῦ	_	_
5.4	354	[1]	γεγραμμένων	_	_
5.4	355	[1]	εἰς	_	_
5.4	356	[5]	τὸ	_	_
5.4	357	[2]	προκείμενον	_	_
5.4	358	[1]	ἐπιδείξομεν	_	_
5.4	359	[34]	,	b	_
5.4	360	[3]	ὅπως	_	_
5.4	361	[18]	καὶ	_	_
5.4	362	[1]	τούτων	_	_
5.4	363	[1]	ἔνια	_	_
5.4	364	[7]	μὲν	_	_
5.4	365	[1]	οἷς	_	_
5.4	366	[1]	αὐτὸς	_	_
5.4	367	[1]	εἶπεν	_	_
5.4	368	[3]	οὐ	_	_
5.4	369	[1]	συμφωνεῖ	_	_
5.4	370	[35]	,	b	_
5.4	371	[2]	ἔνια	_	_
5.4	372	[5]	δ	_	_
5.4	373	[11]	’	b	_
5.4	374	[1]	αὖ	_	_
5.4	375	[3]	τοῖς	_	_
5.4	376	[1]	ἐναργέσι	_	_
5.4	377	[1]	μάχεται	_	_
5.4	378	[36]	,	b	_
5.4	379	[1]	τινὰ	_	_
5.4	380	[5]	δὲ	_	_
5.4	381	[1]	κατ	_	_
5.4	382	[12]	’	b	_
5.4	383	[1]	ἄμφω	_	_
5.4	384	[1]	πεπλημμέληται	_	_
5.4	385	[9]	.	b	_
5.4	386	[19]	καὶ	_	_
5.4	387	[1]	πρῶτόν	_	_
5.4	388	[1]	γε	_	_
5.4	389	[2]	πάλιν	_	_
5.4	390	[1]	ἀναλάβωμεν	_	_
5.4	391	[2]	εἰς	_	_
5.4	392	[1]	ὅπερ	_	_
5.4	393	[1]	ἐτελεύτησεν	_	_
5.4	394	[3]	ὁ	_	_
5.4	395	[1]	προγεγραμμένος	_	_
5.4	396	[2]	μοι	_	_
5.4	397	[2]	λόγος	_	_
5.4	398	[37]	,	b	_
5.4	399	[2]	ὡς	_	_
5.4	400	[1]	ὑγίεια	_	_
5.4	401	[20]	καὶ	_	_
5.4	402	[1]	νόσος	_	_
5.4	403	[38]	,	b	_
5.4	404	[1]	αἶσχός	_	_
5.4	405	[7]	τε	_	_
5.4	406	[21]	καὶ	_	_
5.4	407	[1]	κάλλος	_	_
5.4	408	[7]	ψυχῆς	_	_
5.4	409	[6]	ἐν	_	_
5.4	410	[4]	τοῖς	_	_
5.4	411	[1]	μέρεσι	_	_
5.4	412	[1]	γίγνεται	_	_
5.4	413	[3]	αὐτῆς	_	_
5.4	414	[39]	,	b	_
5.4	415	[22]	καὶ	_	_
5.4	416	[3]	ὡς	_	_
5.4	417	[6]	τὰ	_	_
5.4	418	[1]	μέρη	_	_
5.4	419	[1]	ταῦτα	_	_
5.4	420	[1]	ἔννοιαί	_	_
5.4	421	[8]	τε	_	_
5.4	422	[23]	καὶ	_	_
5.4	423	[1]	προλήψεις	_	_
5.4	424	[1]	εἰσὶ	_	_
5.4	425	[40]	,	b	_
5.4	426	[1]	συγχωρήσωμεν	_	_
5.4	427	[1]	αὐτῷ	_	_
5.4	428	[1]	τήν	_	_
5.4	429	[2]	γε	_	_
5.4	430	[1]	πρώτην	_	_
5.4	431	[10]	.	b	_
5.4	432	[1]	ὅτι	_	_
5.4	433	[8]	μὲν	_	_
5.4	434	[3]	γὰρ	_	_
5.4	435	[1]	ὅλως	_	_
5.4	436	[4]	οὐ	_	_
5.4	437	[2]	χρὴ	_	_
5.4	438	[4]	κατὰ	_	_
5.4	439	[4]	τὰς	_	_
5.4	440	[1]	ἐνεργείας	_	_
5.4	441	[1]	τίθεσθαι	_	_
5.4	442	[1]	νόσον	_	_
5.4	443	[4]	ἢ	_	_
5.4	444	[1]	ὑγίειαν	_	_
5.4	445	[41]	,	b	_
5.4	446	[2]	ἀλλ	_	_
5.4	447	[13]	’	b	_
5.4	448	[1]	αἶσχος	_	_
5.4	449	[5]	ἢ	_	_
5.4	450	[2]	κάλλος	_	_
5.4	451	[4]	μόνον	_	_
5.4	452	[42]	,	b	_
5.4	453	[1]	εἴρηταί	_	_
5.4	454	[3]	μοι	_	_
5.4	455	[1]	πρόσθεν	_	_
5.4	456	[2]	·	b	_
5.4	457	[2]	ὅτι	_	_
5.4	458	[6]	δ	_	_
5.4	459	[14]	’	b	_
5.4	460	[1]	οὐδ	_	_
5.4	461	[15]	’	b	_
5.4	462	[1]	εἴτις	_	_
5.4	463	[1]	οὕτω	_	_
5.4	464	[1]	συγχωρήσειε	_	_
5.4	465	[43]	,	b	_
5.4	466	[7]	τὰ	_	_
5.4	467	[1]	γοῦν	_	_
5.4	468	[1]	ἑξῆς	_	_
5.4	469	[1]	ὀρθῶς	_	_
5.4	470	[2]	εἴρηται	_	_
5.4	471	[44]	,	b	_
5.4	472	[1]	νῦν	_	_
5.4	473	[1]	ἐπιδεῖξαι	_	_
5.4	474	[1]	πειράσομαι	_	_
5.4	475	[11]	.	b	_
5.4	476	[1]	εἴπερ	_	_
5.4	477	[4]	γὰρ	_	_
5.4	478	[7]	ἐν	_	_
5.4	479	[4]	τῷ	_	_
5.4	480	[1]	μάχεσθαι	_	_
5.4	481	[1]	δύο	_	_
5.4	482	[3]	κρίσεις	_	_
5.4	483	[1]	ἀλλήλαις	_	_
5.4	484	[2]	ἡ	_	_
5.4	485	[8]	τῶν	_	_
5.4	486	[3]	παθῶν	_	_
5.4	487	[1]	ἐστι	_	_
5.4	488	[1]	γένεσις	_	_
5.4	489	[45]	,	b	_
5.4	490	[1]	ἀνάγκη	_	_
5.4	491	[9]	τῶν	_	_
5.4	492	[2]	δύο	_	_
5.4	493	[2]	τούτων	_	_
5.4	494	[1]	κρίσεων	_	_
5.4	495	[1]	ἤτοι	_	_
5.4	496	[3]	τὴν	_	_
5.4	497	[1]	ἑτέραν	_	_
5.4	498	[9]	μὲν	_	_
5.4	499	[5]	ὑπάρχειν	_	_
5.4	500	[1]	ἀληθῆ	_	_
5.4	501	[46]	,	b	_
5.4	502	[4]	τὴν	_	_
5.4	503	[2]	ἑτέραν	_	_
5.4	504	[6]	δὲ	_	_
5.4	505	[1]	ψευδῆ	_	_
5.4	506	[47]	,	b	_
5.4	507	[6]	ἢ	_	_
5.4	508	[1]	ἀμφοτέρας	_	_
5.4	509	[1]	ψευδεῖς	_	_
5.4	510	[48]	,	b	_
5.4	511	[1]	εἴ	_	_
5.4	512	[1]	τις	_	_
5.4	513	[24]	καὶ	_	_
5.4	514	[1]	τοῦτο	_	_
5.4	515	[1]	συγχωρήσειεν	_	_
5.4	516	[49]	,	b	_
5.4	517	[1]	ἔχει	_	_
5.4	518	[1]	γάρ	_	_
5.4	519	[1]	τινα	_	_
5.4	520	[1]	ζήτησιν	_	_
5.4	521	[1]	λογιστικήν	_	_
5.4	522	[12]	.	b	_
5.4	523	[1]	εἴτε	_	_
5.4	524	[7]	δὲ	_	_
5.4	525	[2]	ἀμφοτέρας	_	_
5.4	526	[2]	ψευδεῖς	_	_
5.4	527	[50]	,	b	_
5.4	528	[2]	εἴτε	_	_
5.4	529	[5]	τὴν	_	_
5.4	530	[3]	ἑτέραν	_	_
5.4	531	[1]	αὐτῶν	_	_
5.4	532	[2]	ἀληθῆ	_	_
5.4	533	[1]	φαίημεν	_	_
5.4	534	[6]	ὑπάρχειν	_	_
5.4	535	[51]	,	b	_
5.4	536	[1]	οὐδαμῶς	_	_
5.4	537	[3]	ἡ	_	_
5.4	538	[1]	μάχη	_	_
5.4	539	[10]	τῶν	_	_
5.4	540	[2]	κρίσεων	_	_
5.4	541	[1]	ἔσται	_	_
5.4	542	[6]	τὸ	_	_
5.4	543	[2]	πάθος	_	_
5.4	544	[13]	.	b	_
5.4	545	[3]	ἀλλ	_	_
5.4	546	[16]	’	b	_
5.4	547	[1]	εἰ	_	_
5.4	548	[10]	μὲν	_	_
5.4	549	[1]	ἰσάζοιέν	_	_
5.4	550	[1]	πως	_	_
5.4	551	[2]	ἀλλήλαις	_	_
5.4	552	[1]	αἱ	_	_
5.4	553	[4]	κρίσεις	_	_
5.4	554	[4]	ὡς	_	_
5.4	555	[3]	πρὸς	_	_
5.4	556	[1]	πίστιν	_	_
5.4	557	[52]	,	b	_
5.4	558	[1]	ἐπέχειν	_	_
5.4	559	[1]	ἀναγκαῖον	_	_
5.4	560	[1]	ἡμᾶς	_	_
5.4	561	[2]	ἔσται	_	_
5.4	562	[10]	περὶ	_	_
5.4	563	[7]	τῆς	_	_
5.4	564	[3]	τοῦ	_	_
5.4	565	[1]	πράγματος	_	_
5.4	566	[1]	ὑπάρξεως	_	_
5.4	567	[53]	,	b	_
5.4	568	[2]	εἰ	_	_
5.4	569	[7]	δ	_	_
5.4	570	[17]	’	b	_
5.4	571	[4]	ἡ	_	_
5.4	572	[1]	ἑτέρα	_	_
5.4	573	[1]	φαίνοιτο	_	_
5.4	574	[1]	μακρῷ	_	_
5.4	575	[1]	πιστοτέρα	_	_
5.4	576	[54]	,	b	_
5.4	577	[1]	συγκατατίθεσθαι	_	_
5.4	578	[11]	μὲν	_	_
5.4	579	[25]	καὶ	_	_
5.4	580	[1]	πράττειν	_	_
5.4	581	[1]	γέ	_	_
5.4	582	[1]	τι	_	_
5.4	583	[5]	κατὰ	_	_
5.4	584	[6]	τὴν	_	_
5.4	585	[1]	συγκατάθεσιν	_	_
5.4	586	[55]	,	b	_
5.4	587	[1]	οὐκ	_	_
5.4	588	[1]	ἀπερισκέπτως	_	_
5.4	589	[8]	δὲ	_	_
5.4	590	[56]	,	b	_
5.4	591	[2]	καθάπερ	_	_
5.4	592	[3]	εἰ	_	_
5.4	593	[2]	καί	_	_
5.4	594	[2]	τις	_	_
5.4	595	[7]	τὴν	_	_
5.4	596	[1]	ἡδονὴν	_	_
5.4	597	[1]	ἀγαθὸν	_	_
5.4	598	[1]	οἰόμενος	_	_
5.4	599	[7]	ὑπάρχειν	_	_
5.4	600	[1]	ἔχοι	_	_
5.4	601	[2]	τι	_	_
5.4	602	[1]	βραχὺ	_	_
5.4	603	[1]	περιέλκον	_	_
5.4	604	[3]	εἰς	_	_
5.4	605	[1]	τοὐναντίον	_	_
5.4	606	[57]	,	b	_
5.4	607	[7]	ἢ	_	_
5.4	608	[4]	εἰ	_	_
5.4	609	[5]	μόνον	_	_
5.4	610	[7]	τὸ	_	_
5.4	611	[1]	καλὸν	_	_
5.4	612	[2]	ἀγαθὸν	_	_
5.4	613	[1]	ὑπολαμβάνων	_	_
5.4	614	[1]	ὅμως	_	_
5.4	615	[1]	ἔτι	_	_
5.4	616	[26]	καὶ	_	_
5.4	617	[2]	αὐτὸς	_	_
5.4	618	[1]	ἀντισπῶσαν	_	_
5.4	619	[4]	ἑτέραν	_	_
5.4	620	[1]	ὑπόληψιν	_	_
5.4	621	[2]	ἔχοι	_	_
5.4	622	[4]	πρὸς	_	_
5.4	623	[8]	τὸ	_	_
5.4	624	[2]	μὴ	_	_
5.4	625	[1]	διατεταμένως	_	_
5.4	626	[1]	πιστεύειν	_	_
5.4	627	[58]	,	b	_
5.4	628	[8]	ἢ	_	_
5.4	629	[5]	εἰ	_	_
5.4	630	[59]	,	b	_
5.4	631	[3]	καθάπερ	_	_
5.4	632	[4]	ὁ	_	_
5.4	633	[1]	Πύῤῥων	_	_
5.4	634	[60]	,	b	_
5.4	635	[3]	ἀμφοτέρας	_	_
5.4	636	[1]	ὁμοτίμως	_	_
5.4	637	[2]	τιθέμενος	_	_
5.4	638	[1]	ἐπέχοι	_	_
5.4	639	[11]	περὶ	_	_
5.4	640	[8]	τῆς	_	_
5.4	641	[1]	ἀποφάσεώς	_	_
5.4	642	[9]	τε	_	_
5.4	643	[27]	καὶ	_	_
5.4	644	[1]	συγκαταθέσεως	_	_
5.4	645	[14]	.	b	_
5.4	646	[1]	ὲν	_	_
5.4	647	[1]	οὐδενὶ	_	_
5.4	648	[5]	γὰρ	_	_
5.4	649	[11]	τῶν	_	_
5.4	650	[2]	τοιούτων	_	_
5.4	651	[2]	συνίσταται	_	_
5.4	652	[9]	τὸ	_	_
5.4	653	[3]	πάθος	_	_
5.4	654	[61]	,	b	_
5.4	655	[2]	ὥσπερ	_	_
5.4	656	[28]	καὶ	_	_
5.4	657	[3]	αὐτὸς	_	_
5.4	658	[5]	ὁ	_	_
5.4	659	[2]	Χρύσιππος	_	_
5.4	660	[1]	ἐναργῶς	_	_
5.4	661	[1]	ἐδήλωσε	_	_
5.4	662	[1]	δι	_	_
5.4	663	[18]	’	b	_
5.4	664	[1]	ὧν	_	_
5.4	665	[8]	ἐν	_	_
5.4	666	[5]	τῷ	_	_
5.4	667	[2]	πρὸ	_	_
5.4	668	[3]	τούτου	_	_
5.4	669	[2]	γράμματι	_	_
5.4	670	[1]	παρεθέμην	_	_
5.4	671	[1]	ῥήσεων	_	_
5.4	672	[62]	,	b	_
5.4	673	[9]	ἐν	_	_
5.4	674	[2]	αἷς	_	_
5.4	675	[1]	φησιν	_	_
5.4	676	[63]	,	b	_
5.4	677	[1]	οὐχὶ	_	_
5.4	678	[1]	διημαρτημένος	_	_
5.4	679	[1]	φέρεται	_	_
5.4	680	[29]	καὶ	_	_
5.4	681	[1]	παριδών	_	_
5.4	682	[3]	τι	_	_
5.4	683	[6]	κατὰ	_	_
5.4	684	[3]	τὸν	_	_
5.4	685	[1]	λόγον	_	_
5.4	686	[64]	,	b	_
5.4	687	[1]	ὅσα	_	_
5.4	688	[1]	τ	_	_
5.4	689	[19]	’	b	_
5.4	690	[1]	ἄλλα	_	_
5.4	691	[1]	τοιαῦτα	_	_
5.4	692	[1]	προσέγραψε	_	_
5.4	693	[2]	συνίστασθαι	_	_
5.4	694	[10]	τὸ	_	_
5.4	695	[4]	πάθος	_	_
5.4	696	[65]	,	b	_
5.4	697	[4]	ἀλλ	_	_
5.4	698	[20]	’	b	_
5.4	699	[1]	ὅταν	_	_
5.4	700	[1]	ἀπειθὴς	_	_
5.4	701	[5]	ἡ	_	_
5.4	702	[1]	ὁρμὴ	_	_
5.4	703	[1]	γίγνηται	_	_
5.4	704	[6]	τῷ	_	_
5.4	705	[1]	λόγῳ	_	_
5.4	706	[66]	,	b	_
5.4	707	[1]	ὥστε	_	_
5.4	708	[1]	κᾀνταῦθα	_	_
5.4	709	[3]	πάλιν	_	_
5.4	710	[1]	ἐναντιολογίαν	_	_
5.4	711	[2]	τινὰ	_	_
5.4	712	[1]	εὑρίσκεσθαι	_	_
5.4	713	[4]	τοῦ	_	_
5.4	714	[1]	Χρυσίππου	_	_
5.4	715	[5]	πρὸς	_	_
5.4	716	[2]	ἑαυτὸν	_	_
5.4	717	[67]	,	b	_
5.4	718	[2]	εἴπερ	_	_
5.4	719	[1]	ἀποχωρίσας	_	_
5.4	720	[11]	τὸ	_	_
5.4	721	[5]	πάθος	_	_
5.4	722	[12]	τῶν	_	_
5.4	723	[1]	διημαρτημένων	_	_
5.4	724	[3]	κρίσεων	_	_
5.4	725	[2]	αὖθις	_	_
5.4	726	[10]	ἐν	_	_
5.4	727	[1]	τῇ	_	_
5.4	728	[13]	τῶν	_	_
5.4	729	[4]	κρίσεων	_	_
5.4	730	[6]	πρὸς	_	_
5.4	731	[1]	ἀλλήλας	_	_
5.4	732	[1]	ἐναντιολογίᾳ	_	_
5.4	733	[1]	τά	_	_
5.4	734	[10]	τε	_	_
5.4	735	[1]	νοσήματα	_	_
5.4	736	[9]	τῆς	_	_
5.4	737	[8]	ψυχῆς	_	_
5.4	738	[30]	καὶ	_	_
5.4	739	[8]	τὰ	_	_
5.4	740	[4]	πάθη	_	_
5.4	741	[3]	συνίστασθαι	_	_
5.4	742	[1]	λέγει	_	_
5.4	743	[15]	.	b	_
5.4	744	[3]	μὴ	_	_
5.4	745	[1]	τοίνυν	_	_
5.4	746	[1]	θαυμάζωμεν	_	_
5.4	747	[2]	ἔτι	_	_
5.4	748	[1]	μηδ	_	_
5.4	749	[21]	’	b	_
5.4	750	[3]	ὅτι	_	_
5.4	751	[5]	τὰς	_	_
5.4	752	[1]	θεραπείας	_	_
5.4	753	[14]	τῶν	_	_
5.4	754	[4]	παθῶν	_	_
5.4	755	[2]	ὀρθῶς	_	_
5.4	756	[12]	μὲν	_	_
5.4	757	[6]	ὁ	_	_
5.4	758	[1]	Πλάτων	_	_
5.4	759	[1]	ἔγραψεν	_	_
5.4	760	[68]	,	b	_
5.4	761	[5]	ὡς	_	_
5.4	762	[7]	ὁ	_	_
5.4	763	[2]	Ποσειδώνιος	_	_
5.4	764	[2]	αὐτῷ	_	_
5.4	765	[1]	μαρτυρεῖ	_	_
5.4	766	[69]	,	b	_
5.4	767	[1]	μοχθηρῶς	_	_
5.4	768	[8]	δ	_	_
5.4	769	[22]	’	b	_
5.4	770	[8]	ὁ	_	_
5.4	771	[3]	Χρύσιππος	_	_
5.4	772	[16]	.	b	_
5.4	773	[9]	ὁ	_	_
5.4	774	[6]	γὰρ	_	_
5.4	775	[2]	μήτε	_	_
5.4	776	[1]	πάσας	_	_
5.4	777	[6]	τὰς	_	_
5.4	778	[1]	αἰτίας	_	_
5.4	779	[15]	τῶν	_	_
5.4	780	[5]	παθῶν	_	_
5.4	781	[1]	ἀποφήνασθαι	_	_
5.4	782	[1]	τολμήσας	_	_
5.4	783	[70]	,	b	_
5.4	784	[5]	ἀλλ	_	_
5.4	785	[23]	’	b	_
5.4	786	[11]	ἐν	_	_
5.4	787	[2]	ταῖς	_	_
5.4	788	[1]	κυριωτάταις	_	_
5.4	789	[1]	ἀπορεῖν	_	_
5.4	790	[1]	ὁμολογήσας	_	_
5.4	791	[71]	,	b	_
5.4	792	[6]	ὡς	_	_
5.4	793	[12]	ἐν	_	_
5.4	794	[7]	τῷ	_	_
5.4	795	[3]	πρὸ	_	_
5.4	796	[4]	τούτου	_	_
5.4	797	[1]	δέδεικται	_	_
5.4	798	[3]	γράμματι	_	_
5.4	799	[72]	,	b	_
5.4	800	[1]	μήτ	_	_
5.4	801	[24]	’	b	_
5.4	802	[13]	ἐν	_	_
5.4	803	[3]	αἷς	_	_
5.4	804	[1]	ἐτόλμησεν	_	_
5.4	805	[1]	εἰπεῖν	_	_
5.4	806	[4]	τι	_	_
5.4	807	[1]	καλῶς	_	_
5.4	808	[2]	ἀποφηνάμενος	_	_
5.4	809	[73]	,	b	_
5.4	810	[1]	οὗτος	_	_
5.4	811	[2]	οὐκ	_	_
5.4	812	[1]	ἂν	_	_
5.4	813	[74]	,	b	_
5.4	814	[1]	οἶμαι	_	_
5.4	815	[75]	,	b	_
5.4	816	[1]	δύναιτο	_	_
5.4	817	[8]	τὴν	_	_
5.4	818	[1]	θεραπείαν	_	_
5.4	819	[2]	αὐτῶν	_	_
5.4	820	[1]	ποιήσασθαι	_	_
5.4	821	[7]	κατὰ	_	_
5.4	822	[1]	τρόπον	_	_
5.4	823	[17]	.	b	_
5.4	824	[6]	ἀλλ	_	_
5.4	825	[25]	’	b	_
5.4	826	[76]	,	b	_
5.4	827	[2]	ὅπερ	_	_
5.4	828	[1]	εἶπον	_	_
5.4	829	[2]	ἤδη	_	_
5.4	830	[31]	καὶ	_	_
5.4	831	[2]	πρόσθεν	_	_
5.4	832	[77]	,	b	_
5.4	833	[2]	εἴ	_	_
5.4	834	[3]	τις	_	_
5.4	835	[1]	ἐξελέγχοι	_	_
5.4	836	[9]	τὰ	_	_
5.4	837	[1]	τέσσαρα	_	_
5.4	838	[5]	τοῦ	_	_
5.4	839	[2]	Χρυσίππου	_	_
5.4	840	[2]	βιβλία	_	_
5.4	841	[78]	,	b	_
5.4	842	[1]	πολὺ	_	_
5.4	843	[1]	πλεόνων	_	_
5.4	844	[3]	αὐτῷ	_	_
5.4	845	[1]	δεήσει	_	_
5.4	846	[1]	συγγραμμάτων	_	_
5.4	847	[18]	.	b	_
5.5	1	[1]	Ὅσα	_	_
5.5	2	[1]	τοίνυν	_	_
5.5	3	[1]	ἀναγκαιότατα	_	_
5.5	4	[1]	πρὸς	_	_
5.5	5	[1]	τὴν	_	_
5.5	6	[1]	προκειμένην	_	_
5.5	7	[1]	ἡμῖν	_	_
5.5	8	[1]	πραγματείαν	_	_
5.5	9	[1]	ἐστὶ	_	_
5.5	10	[1]	,	b	_
5.5	11	[1]	ταῦτα	_	_
5.5	12	[1]	ἐπέλθωμεν	_	_
5.5	13	[1]	μόνα	_	_
5.5	14	[2]	,	b	_
5.5	15	[1]	καὶ	_	_
5.5	16	[1]	πρῶτόν	_	_
5.5	17	[1]	γε	_	_
5.5	18	[1]	αὐτῶν	_	_
5.5	19	[1]	προχειρισώμεθα	_	_
5.5	20	[1]	τὸ	_	_
5.5	21	[1]	περὶ	_	_
5.5	22	[1]	τῆς	_	_
5.5	23	[1]	τῶν	_	_
5.5	24	[1]	παίδων	_	_
5.5	25	[1]	διοικήσεως	_	_
5.5	26	[1]	.	b	_
5.5	27	[1]	οὔτε	_	_
5.5	28	[1]	γὰρ	_	_
5.5	29	[1]	ὑπὸ	_	_
5.5	30	[1]	λόγου	_	_
5.5	31	[1]	τὰς	_	_
5.5	32	[1]	ὁρμὰς	_	_
5.5	33	[2]	αὐτῶν	_	_
5.5	34	[1]	ἐπιτροπεύεσθαι	_	_
5.5	35	[1]	δυνατὸν	_	_
5.5	36	[1]	εἰπεῖν	_	_
5.5	37	[3]	,	b	_
5.5	38	[1]	(	a	_
5.5	39	[1]	οὐ	_	_
5.5	40	[2]	γὰρ	_	_
5.5	41	[1]	ἔχουσιν	_	_
5.5	42	[1]	ἤδη	_	_
5.5	43	[1]	τὸν	_	_
5.5	44	[1]	λόγον	_	_
5.5	45	[4]	,	b	_
5.5	46	[1]	)	b	_
5.5	47	[1]	οὔθ	_	_
5.5	48	[1]	’	b	_
5.5	49	[1]	ὡς	_	_
5.5	50	[2]	οὐ	_	_
5.5	51	[1]	θυμοῦταί	_	_
5.5	52	[1]	τε	_	_
5.5	53	[2]	καὶ	_	_
5.5	54	[1]	λυπεῖται	_	_
5.5	55	[5]	,	b	_
5.5	56	[3]	καὶ	_	_
5.5	57	[1]	ἥδεται	_	_
5.5	58	[6]	,	b	_
5.5	59	[4]	καὶ	_	_
5.5	60	[1]	γελᾷ	_	_
5.5	61	[7]	,	b	_
5.5	62	[5]	καὶ	_	_
5.5	63	[1]	κλαίει	_	_
5.5	64	[8]	,	b	_
5.5	65	[6]	καὶ	_	_
5.5	66	[1]	τοιαῦθ	_	_
5.5	67	[2]	’	b	_
5.5	68	[1]	ἕτερα	_	_
5.5	69	[1]	πάθη	_	_
5.5	70	[1]	πάσχει	_	_
5.5	71	[1]	μυρία	_	_
5.5	72	[2]	.	b	_
5.5	73	[1]	πολὺ	_	_
5.5	74	[3]	γὰρ	_	_
5.5	75	[1]	δὴ	_	_
5.5	76	[7]	καὶ	_	_
5.5	77	[1]	πλείω	_	_
5.5	78	[8]	καὶ	_	_
5.5	79	[1]	σφοδρότερα	_	_
5.5	80	[1]	τὰ	_	_
5.5	81	[2]	πάθη	_	_
5.5	82	[1]	τοῖς	_	_
5.5	83	[1]	παιδίοις	_	_
5.5	84	[1]	ἐστὶν	_	_
5.5	85	[1]	ἢ	_	_
5.5	86	[2]	τοῖς	_	_
5.5	87	[1]	τελείοις	_	_
5.5	88	[3]	.	b	_
5.5	89	[3]	οὐ	_	_
5.5	90	[1]	μὴν	_	_
5.5	91	[1]	ἀκολουθεῖ	_	_
5.5	92	[2]	γε	_	_
5.5	93	[2]	ταῦτα	_	_
5.5	94	[3]	τοῖς	_	_
5.5	95	[1]	Χρυσίππου	_	_
5.5	96	[1]	δόγμασιν	_	_
5.5	97	[9]	,	b	_
5.5	98	[1]	ὥσπερ	_	_
5.5	99	[2]	οὔτε	_	_
5.5	100	[2]	τὸ	_	_
5.5	101	[1]	μηδεμίαν	_	_
5.5	102	[1]	οἰκείωσιν	_	_
5.5	103	[1]	εἶναι	_	_
5.5	104	[1]	φύσει	_	_
5.5	105	[2]	πρὸς	_	_
5.5	106	[1]	ἡδονὴν	_	_
5.5	107	[2]	ἢ	_	_
5.5	108	[1]	ἀλλοτρίωσιν	_	_
5.5	109	[3]	πρὸς	_	_
5.5	110	[1]	πόνον	_	_
5.5	111	[4]	.	b	_
5.5	112	[1]	ᾄττει	_	_
5.5	113	[1]	μὲν	_	_
5.5	114	[4]	γὰρ	_	_
5.5	115	[1]	ἀδιδάκτως	_	_
5.5	116	[1]	ἅπαντα	_	_
5.5	117	[2]	τὰ	_	_
5.5	118	[1]	παιδία	_	_
5.5	119	[4]	πρὸς	_	_
5.5	120	[2]	τὰς	_	_
5.5	121	[1]	ἡδονὰς	_	_
5.5	122	[10]	,	b	_
5.5	123	[1]	ἀποστρέφεται	_	_
5.5	124	[1]	δὲ	_	_
5.5	125	[9]	καὶ	_	_
5.5	126	[1]	φεύγει	_	_
5.5	127	[1]	τοὺς	_	_
5.5	128	[1]	πόνους	_	_
5.5	129	[5]	.	b	_
5.5	130	[1]	ὁρῶμεν	_	_
5.5	131	[1]	δ	_	_
5.5	132	[3]	’	b	_
5.5	133	[1]	αὐτὰ	_	_
5.5	134	[10]	καὶ	_	_
5.5	135	[1]	θυμούμενα	_	_
5.5	136	[11]	,	b	_
5.5	137	[11]	καὶ	_	_
5.5	138	[1]	λακτίζοντα	_	_
5.5	139	[12]	,	b	_
5.5	140	[12]	καὶ	_	_
5.5	141	[1]	δάκνοντα	_	_
5.5	142	[13]	,	b	_
5.5	143	[13]	καὶ	_	_
5.5	144	[1]	νικᾷν	_	_
5.5	145	[1]	ἐθέλοντα	_	_
5.5	146	[14]	καὶ	_	_
5.5	147	[1]	κρατεῖν	_	_
5.5	148	[2]	τῶν	_	_
5.5	149	[1]	τοιούτων	_	_
5.5	150	[14]	,	b	_
5.5	151	[2]	ὥσπερ	_	_
5.5	152	[1]	ἔνια	_	_
5.5	153	[3]	τῶν	_	_
5.5	154	[1]	ζώων	_	_
5.5	155	[15]	,	b	_
5.5	156	[1]	οὐδενὸς	_	_
5.5	157	[1]	ἄθλου	_	_
5.5	158	[1]	προβαλλομένου	_	_
5.5	159	[1]	παρὰ	_	_
5.5	160	[3]	τὸ	_	_
5.5	161	[2]	νικᾷν	_	_
5.5	162	[1]	αὐτό	_	_
5.5	163	[6]	.	b	_
5.5	164	[1]	φαίνεται	_	_
5.5	165	[2]	δ	_	_
5.5	166	[4]	’	b	_
5.5	167	[1]	ἐναργῶς	_	_
5.5	168	[4]	τὸ	_	_
5.5	169	[1]	τοιοῦτον	_	_
5.5	170	[1]	ἐπ	_	_
5.5	171	[5]	’	b	_
5.5	172	[1]	ὀρτύγων	_	_
5.5	173	[16]	,	b	_
5.5	174	[15]	καὶ	_	_
5.5	175	[1]	ἀλεκτρυόνων	_	_
5.5	176	[17]	,	b	_
5.5	177	[16]	καὶ	_	_
5.5	178	[1]	περδίκων	_	_
5.5	179	[18]	,	b	_
5.5	180	[1]	ἰχνεύμονός	_	_
5.5	181	[2]	τε	_	_
5.5	182	[17]	καὶ	_	_
5.5	183	[1]	ἀσπίδος	_	_
5.5	184	[19]	,	b	_
5.5	185	[18]	καὶ	_	_
5.5	186	[1]	κροκοδείλου	_	_
5.5	187	[20]	,	b	_
5.5	188	[19]	καὶ	_	_
5.5	189	[1]	μυρίων	_	_
5.5	190	[1]	ἑτέρων	_	_
5.5	191	[7]	.	b	_
5.5	192	[1]	οὕτως	_	_
5.5	193	[1]	οὖν	_	_
5.5	194	[1]	οἰκειοῦσθαι	_	_
5.5	195	[20]	καὶ	_	_
5.5	196	[3]	τὰ	_	_
5.5	197	[2]	παιδία	_	_
5.5	198	[2]	φαίνεται	_	_
5.5	199	[21]	καὶ	_	_
5.5	200	[5]	πρὸς	_	_
5.5	201	[2]	ἡδονὴν	_	_
5.5	202	[21]	,	b	_
5.5	203	[22]	καὶ	_	_
5.5	204	[6]	πρὸς	_	_
5.5	205	[1]	νίκην	_	_
5.5	206	[22]	,	b	_
5.5	207	[3]	ὥσπερ	_	_
5.5	208	[1]	ὕστερόν	_	_
5.5	209	[1]	ποτε	_	_
5.5	210	[1]	δείκνυσιν	_	_
5.5	211	[23]	,	b	_
5.5	212	[1]	ἐπειδὰν	_	_
5.5	213	[1]	προβαίνῃ	_	_
5.5	214	[1]	κατὰ	_	_
5.5	215	[2]	τὴν	_	_
5.5	216	[1]	ἡλικίαν	_	_
5.5	217	[24]	,	b	_
5.5	218	[1]	ὅτι	_	_
5.5	219	[7]	πρὸς	_	_
5.5	220	[5]	τὸ	_	_
5.5	221	[1]	καλὸν	_	_
5.5	222	[1]	ἔχει	_	_
5.5	223	[1]	τινὰ	_	_
5.5	224	[1]	φυσικὴν	_	_
5.5	225	[2]	οἰκείωσιν	_	_
5.5	226	[8]	.	b	_
5.5	227	[1]	αἰδεῖται	_	_
5.5	228	[1]	γοῦν	_	_
5.5	229	[1]	ἁμαρτάνοντα	_	_
5.5	230	[25]	,	b	_
5.5	231	[1]	προϊούσης	_	_
5.5	232	[1]	αὐτοῖς	_	_
5.5	233	[2]	τῆς	_	_
5.5	234	[1]	ἡλικίας	_	_
5.5	235	[26]	,	b	_
5.5	236	[23]	καὶ	_	_
5.5	237	[1]	χαίρει	_	_
5.5	238	[4]	τοῖς	_	_
5.5	239	[1]	καλοῖς	_	_
5.5	240	[1]	ἔργοις	_	_
5.5	241	[27]	,	b	_
5.5	242	[24]	καὶ	_	_
5.5	243	[1]	δικαιοσύνης	_	_
5.5	244	[25]	καὶ	_	_
5.5	245	[4]	τῶν	_	_
5.5	246	[1]	ἄλλων	_	_
5.5	247	[1]	ἀρετῶν	_	_
5.5	248	[1]	ἀντιποιεῖται	_	_
5.5	249	[28]	,	b	_
5.5	250	[26]	καὶ	_	_
5.5	251	[1]	πράττει	_	_
5.5	252	[1]	πολλὰ	_	_
5.5	253	[2]	κατὰ	_	_
5.5	254	[3]	τὰς	_	_
5.5	255	[5]	τῶν	_	_
5.5	256	[2]	ἀρετῶν	_	_
5.5	257	[1]	τούτων	_	_
5.5	258	[1]	ἐννοίας	_	_
5.5	259	[29]	,	b	_
5.5	260	[1]	ἔμπροσθεν	_	_
5.5	261	[30]	,	b	_
5.5	262	[1]	ἡνίκα	_	_
5.5	263	[1]	ἦν	_	_
5.5	264	[1]	ἔτι	_	_
5.5	265	[1]	σμικρὰ	_	_
5.5	266	[31]	,	b	_
5.5	267	[3]	κατὰ	_	_
5.5	268	[1]	πάθος	_	_
5.5	269	[1]	ζῶντα	_	_
5.5	270	[32]	,	b	_
5.5	271	[27]	καὶ	_	_
5.5	272	[6]	τῶν	_	_
5.5	273	[1]	ἐκ	_	_
5.5	274	[1]	τοῦ	_	_
5.5	275	[2]	λόγου	_	_
5.5	276	[1]	προσταγμάτων	_	_
5.5	277	[1]	οὐδεμίαν	_	_
5.5	278	[1]	φροντίδα	_	_
5.5	279	[1]	ποιούμενα	_	_
5.5	280	[9]	.	b	_
5.5	281	[1]	τριῶν	_	_
5.5	282	[2]	οὖν	_	_
5.5	283	[2]	τούτων	_	_
5.5	284	[1]	ὑμῖν	_	_
5.5	285	[1]	οἰκειώσεων	_	_
5.5	286	[1]	ὑπαρχουσῶν	_	_
5.5	287	[2]	φύσει	_	_
5.5	288	[1]	καθ	_	_
5.5	289	[6]	’	b	_
5.5	290	[1]	ἕκαστον	_	_
5.5	291	[7]	τῶν	_	_
5.5	292	[1]	μορίων	_	_
5.5	293	[3]	τῆς	_	_
5.5	294	[1]	ψυχῆς	_	_
5.5	295	[1]	εἶδος	_	_
5.5	296	[33]	,	b	_
5.5	297	[8]	πρὸς	_	_
5.5	298	[2]	μὲν	_	_
5.5	299	[3]	τὴν	_	_
5.5	300	[3]	ἡδονὴν	_	_
5.5	301	[1]	διὰ	_	_
5.5	302	[6]	τὸ	_	_
5.5	303	[1]	ἐπιθυμητικὸν	_	_
5.5	304	[34]	,	b	_
5.5	305	[9]	πρὸς	_	_
5.5	306	[2]	δὲ	_	_
5.5	307	[4]	τὴν	_	_
5.5	308	[2]	νίκην	_	_
5.5	309	[2]	διὰ	_	_
5.5	310	[7]	τὸ	_	_
5.5	311	[1]	θυμοειδὲς	_	_
5.5	312	[35]	,	b	_
5.5	313	[10]	πρὸς	_	_
5.5	314	[3]	δὲ	_	_
5.5	315	[8]	τὸ	_	_
5.5	316	[2]	καλὸν	_	_
5.5	317	[3]	διὰ	_	_
5.5	318	[9]	τὸ	_	_
5.5	319	[1]	λογιστικὸν	_	_
5.5	320	[36]	,	b	_
5.5	321	[1]	Ἐπίκουρος	_	_
5.5	322	[3]	μὲν	_	_
5.5	323	[5]	τὴν	_	_
5.5	324	[2]	τοῦ	_	_
5.5	325	[1]	χειρίστου	_	_
5.5	326	[1]	μορίου	_	_
5.5	327	[4]	τῆς	_	_
5.5	328	[2]	ψυχῆς	_	_
5.5	329	[3]	οἰκείωσιν	_	_
5.5	330	[1]	ἐθεάσατο	_	_
5.5	331	[1]	μόνην	_	_
5.5	332	[37]	,	b	_
5.5	333	[1]	ὁ	_	_
5.5	334	[4]	δὲ	_	_
5.5	335	[1]	Χρύσιππος	_	_
5.5	336	[6]	τὴν	_	_
5.5	337	[3]	τοῦ	_	_
5.5	338	[1]	βελτίστου	_	_
5.5	339	[38]	,	b	_
5.5	340	[1]	φάμενος	_	_
5.5	341	[1]	ἡμᾶς	_	_
5.5	342	[2]	οἰκειοῦσθαι	_	_
5.5	343	[11]	πρὸς	_	_
5.5	344	[1]	μόνον	_	_
5.5	345	[10]	τὸ	_	_
5.5	346	[3]	καλὸν	_	_
5.5	347	[39]	,	b	_
5.5	348	[1]	ὅπερ	_	_
5.5	349	[2]	εἶναι	_	_
5.5	350	[1]	δηλονότι	_	_
5.5	351	[28]	καὶ	_	_
5.5	352	[1]	ἀγαθόν	_	_
5.5	353	[10]	.	b	_
5.5	354	[1]	ἁπάσας	_	_
5.5	355	[5]	δὲ	_	_
5.5	356	[4]	τὰς	_	_
5.5	357	[1]	τρεῖς	_	_
5.5	358	[1]	οἰκειώσεις	_	_
5.5	359	[1]	θεάσασθαι	_	_
5.5	360	[1]	μόνοις	_	_
5.5	361	[5]	τοῖς	_	_
5.5	362	[1]	παλαιοῖς	_	_
5.5	363	[1]	ὑπῆρξε	_	_
5.5	364	[1]	φιλοσόφοις	_	_
5.5	365	[11]	.	b	_
5.5	366	[1]	ἐάσας	_	_
5.5	367	[3]	οὖν	_	_
5.5	368	[5]	τὰς	_	_
5.5	369	[1]	δύο	_	_
5.5	370	[2]	ὁ	_	_
5.5	371	[2]	Χρύσιππος	_	_
5.5	372	[1]	εἰκότως	_	_
5.5	373	[1]	ἀπορεῖν	_	_
5.5	374	[1]	ἐρεῖ	_	_
5.5	375	[5]	τῆς	_	_
5.5	376	[4]	κατὰ	_	_
5.5	377	[7]	τὴν	_	_
5.5	378	[1]	κακίαν	_	_
5.5	379	[1]	γενέσεως	_	_
5.5	380	[40]	,	b	_
5.5	381	[1]	οὔτ	_	_
5.5	382	[7]	’	b	_
5.5	383	[1]	αἰτίαν	_	_
5.5	384	[1]	ἔχων	_	_
5.5	385	[2]	εἰπεῖν	_	_
5.5	386	[1]	αὐτῆς	_	_
5.5	387	[41]	,	b	_
5.5	388	[3]	οὔτε	_	_
5.5	389	[1]	τρόπους	_	_
5.5	390	[6]	τῆς	_	_
5.5	391	[1]	συστάσεως	_	_
5.5	392	[42]	,	b	_
5.5	393	[2]	οὔθ	_	_
5.5	394	[8]	’	b	_
5.5	395	[1]	ὅπως	_	_
5.5	396	[1]	ἁμαρτάνει	_	_
5.5	397	[4]	τὰ	_	_
5.5	398	[3]	παιδία	_	_
5.5	399	[1]	δυνάμενος	_	_
5.5	400	[1]	ἐξευρεῖν	_	_
5.5	401	[43]	,	b	_
5.5	402	[1]	ἅπερ	_	_
5.5	403	[1]	εὐλόγως	_	_
5.5	404	[44]	,	b	_
5.5	405	[1]	οἶμαι	_	_
5.5	406	[45]	,	b	_
5.5	407	[1]	πάντα	_	_
5.5	408	[29]	καὶ	_	_
5.5	409	[3]	ὁ	_	_
5.5	410	[1]	Ποσειδώνιος	_	_
5.5	411	[1]	αὐτοῦ	_	_
5.5	412	[1]	καταμέμφεται	_	_
5.5	413	[30]	καὶ	_	_
5.5	414	[1]	ἐλέγχει	_	_
5.5	415	[12]	.	b	_
5.5	416	[1]	εἰ	_	_
5.5	417	[5]	γὰρ	_	_
5.5	418	[2]	δὴ	_	_
5.5	419	[12]	πρὸς	_	_
5.5	420	[11]	τὸ	_	_
5.5	421	[4]	καλὸν	_	_
5.5	422	[1]	εὐθὺς	_	_
5.5	423	[1]	ἐξ	_	_
5.5	424	[1]	ἀρχῆς	_	_
5.5	425	[1]	ᾠκείωται	_	_
5.5	426	[5]	τὰ	_	_
5.5	427	[4]	παιδία	_	_
5.5	428	[46]	,	b	_
5.5	429	[8]	τὴν	_	_
5.5	430	[2]	κακίαν	_	_
5.5	431	[1]	οὐκ	_	_
5.5	432	[1]	ἔνδοθεν	_	_
5.5	433	[1]	οὐδ	_	_
5.5	434	[9]	’	b	_
5.5	435	[2]	ἐξ	_	_
5.5	436	[1]	ἑαυτῶν	_	_
5.5	437	[47]	,	b	_
5.5	438	[1]	ἀλλ	_	_
5.5	439	[10]	’	b	_
5.5	440	[1]	ἔξωθεν	_	_
5.5	441	[2]	μόνον	_	_
5.5	442	[1]	ἐχρῆν	_	_
5.5	443	[2]	αὐτοῖς	_	_
5.5	444	[1]	ἐγγίγνεσθαι	_	_
5.5	445	[13]	.	b	_
5.5	446	[1]	ἀλλὰ	_	_
5.5	447	[2]	μὴν	_	_
5.5	448	[1]	ὁρᾶταί	_	_
5.5	449	[3]	γε	_	_
5.5	450	[48]	,	b	_
5.5	451	[1]	κᾂν	_	_
5.5	452	[1]	χρηστοῖς	_	_
5.5	453	[1]	ἔθεσιν	_	_
5.5	454	[1]	ἐντρέφηται	_	_
5.5	455	[31]	καὶ	_	_
5.5	456	[1]	προσηκόντως	_	_
5.5	457	[1]	παιδεύηται	_	_
5.5	458	[49]	,	b	_
5.5	459	[1]	πάντως	_	_
5.5	460	[1]	ἐξαμαρτάνοντά	_	_
5.5	461	[1]	τι	_	_
5.5	462	[50]	,	b	_
5.5	463	[32]	καὶ	_	_
5.5	464	[1]	τοῦτ	_	_
5.5	465	[11]	’	b	_
5.5	466	[1]	αὐτὸ	_	_
5.5	467	[33]	καὶ	_	_
5.5	468	[4]	ὁ	_	_
5.5	469	[3]	Χρύσιππος	_	_
5.5	470	[1]	ὁμολογεῖ	_	_
5.5	471	[14]	.	b	_
5.5	472	[1]	καίτοι	_	_
5.5	473	[1]	γ	_	_
5.5	474	[12]	’	b	_
5.5	475	[1]	ἐνῆν	_	_
5.5	476	[1]	αὐτῷ	_	_
5.5	477	[1]	ὑπεριδόντι	_	_
5.5	478	[8]	τῶν	_	_
5.5	479	[2]	ἐναργῶς	_	_
5.5	480	[1]	φαινομένων	_	_
5.5	481	[2]	αὐτὸ	_	_
5.5	482	[3]	μόνον	_	_
5.5	483	[1]	ὁμολογῆσαι	_	_
5.5	484	[12]	τὸ	_	_
5.5	485	[1]	ταῖς	_	_
5.5	486	[1]	ἰδίαις	_	_
5.5	487	[1]	ὑποθέσεσιν	_	_
5.5	488	[1]	ἀκόλουθον	_	_
5.5	489	[51]	,	b	_
5.5	490	[2]	εἰ	_	_
5.5	491	[1]	καλῶς	_	_
5.5	492	[1]	ἀχθείη	_	_
5.5	493	[6]	τὰ	_	_
5.5	494	[5]	παιδία	_	_
5.5	495	[52]	,	b	_
5.5	496	[2]	πάντως	_	_
5.5	497	[2]	αὐτὰ	_	_
5.5	498	[1]	φάσκοντι	_	_
5.5	499	[1]	σοφοὺς	_	_
5.5	500	[1]	ἄνδρας	_	_
5.5	501	[1]	γενήσεσθαι	_	_
5.5	502	[4]	τοῦ	_	_
5.5	503	[1]	χρόνου	_	_
5.5	504	[1]	προϊόντος	_	_
5.5	505	[15]	.	b	_
5.5	506	[2]	ἀλλ	_	_
5.5	507	[13]	’	b	_
5.5	508	[2]	οὐκ	_	_
5.5	509	[1]	ἐτόλμησε	_	_
5.5	510	[1]	τοῦτό	_	_
5.5	511	[4]	γε	_	_
5.5	512	[1]	καταψεύσασθαι	_	_
5.5	513	[9]	τῶν	_	_
5.5	514	[2]	φαινομένων	_	_
5.5	515	[53]	,	b	_
5.5	516	[2]	ἀλλὰ	_	_
5.5	517	[2]	κᾂν	_	_
5.5	518	[2]	ὑπὸ	_	_
5.5	519	[1]	φιλοσόφῳ	_	_
5.5	520	[1]	τρέφηται	_	_
5.5	521	[1]	μόνῳ	_	_
5.5	522	[54]	,	b	_
5.5	523	[34]	καὶ	_	_
5.5	524	[1]	μηδὲν	_	_
5.5	525	[1]	μήτε	_	_
5.5	526	[1]	θεάσηται	_	_
5.5	527	[1]	μήτ	_	_
5.5	528	[14]	’	b	_
5.5	529	[1]	ἀκούσῃ	_	_
5.5	530	[1]	πώποτε	_	_
5.5	531	[1]	παράδειγμα	_	_
5.5	532	[1]	κακίας	_	_
5.5	533	[55]	,	b	_
5.5	534	[1]	ὅμως	_	_
5.5	535	[3]	οὐκ	_	_
5.5	536	[3]	ἐξ	_	_
5.5	537	[1]	ἀνάγκης	_	_
5.5	538	[3]	αὐτὰ	_	_
5.5	539	[1]	φιλοσοφήσειν	_	_
5.5	540	[1]	·	b	_
5.5	541	[1]	διττὴν	_	_
5.5	542	[6]	γὰρ	_	_
5.5	543	[3]	εἶναι	_	_
5.5	544	[7]	τῆς	_	_
5.5	545	[1]	διαστροφῆς	_	_
5.5	546	[9]	τὴν	_	_
5.5	547	[2]	αἰτίαν	_	_
5.5	548	[56]	,	b	_
5.5	549	[1]	ἑτέραν	_	_
5.5	550	[4]	μὲν	_	_
5.5	551	[2]	ἐκ	_	_
5.5	552	[1]	κατηχήσεως	_	_
5.5	553	[10]	τῶν	_	_
5.5	554	[1]	πολλῶν	_	_
5.5	555	[1]	ἀνθρώπων	_	_
5.5	556	[1]	ἐγγιγνομένην	_	_
5.5	557	[57]	,	b	_
5.5	558	[2]	ἑτέραν	_	_
5.5	559	[3]	δ	_	_
5.5	560	[15]	’	b	_
5.5	561	[4]	ἐξ	_	_
5.5	562	[2]	αὐτῆς	_	_
5.5	563	[11]	τῶν	_	_
5.5	564	[1]	πραγμάτων	_	_
5.5	565	[8]	τῆς	_	_
5.5	566	[1]	φύσεως	_	_
5.5	567	[16]	.	b	_
5.5	568	[1]	ἐγὼ	_	_
5.5	569	[6]	δὲ	_	_
5.5	570	[1]	ὑπὲρ	_	_
5.5	571	[1]	ἑκατέρας	_	_
5.5	572	[3]	αὐτῶν	_	_
5.5	573	[1]	ἀπορῶ	_	_
5.5	574	[58]	,	b	_
5.5	575	[35]	καὶ	_	_
5.5	576	[1]	πρώτης	_	_
5.5	577	[5]	γε	_	_
5.5	578	[9]	τῆς	_	_
5.5	579	[3]	ἐκ	_	_
5.5	580	[12]	τῶν	_	_
5.5	581	[1]	πέλας	_	_
5.5	582	[1]	γιγνομένης	_	_
5.5	583	[17]	.	b	_
5.5	584	[36]	καὶ	_	_
5.5	585	[7]	γὰρ	_	_
5.5	586	[4]	διὰ	_	_
5.5	587	[1]	τί	_	_
5.5	588	[1]	θεασάμενά	_	_
5.5	589	[3]	τε	_	_
5.5	590	[37]	καὶ	_	_
5.5	591	[1]	ἀκούσαντα	_	_
5.5	592	[2]	παράδειγμα	_	_
5.5	593	[2]	κακίας	_	_
5.5	594	[1]	οὐχὶ	_	_
5.5	595	[1]	μισεῖ	_	_
5.5	596	[1]	τοῦτο	_	_
5.5	597	[38]	καὶ	_	_
5.5	598	[2]	φεύγει	_	_
5.5	599	[1]	τῷ	_	_
5.5	600	[2]	μηδεμίαν	_	_
5.5	601	[4]	οἰκείωσιν	_	_
5.5	602	[1]	ἔχειν	_	_
5.5	603	[13]	πρὸς	_	_
5.5	604	[3]	αὐτὸ	_	_
5.5	605	[59]	,	b	_
5.5	606	[1]	θαυμάζειν	_	_
5.5	607	[1]	ἐπέρχεταί	_	_
5.5	608	[1]	μοι	_	_
5.5	609	[60]	,	b	_
5.5	610	[39]	καὶ	_	_
5.5	611	[2]	πολὺ	_	_
5.5	612	[3]	δὴ	_	_
5.5	613	[1]	μᾶλλον	_	_
5.5	614	[61]	,	b	_
5.5	615	[2]	ἐπειδὰν	_	_
5.5	616	[2]	μήτε	_	_
5.5	617	[1]	θεασάμενα	_	_
5.5	618	[2]	μήτ	_	_
5.5	619	[16]	’	b	_
5.5	620	[2]	ἀκούσαντα	_	_
5.5	621	[14]	πρὸς	_	_
5.5	622	[4]	αὐτῶν	_	_
5.5	623	[13]	τῶν	_	_
5.5	624	[2]	πραγμάτων	_	_
5.5	625	[1]	ἐξαπατηθῇ	_	_
5.5	626	[18]	.	b	_
5.5	627	[1]	τίς	_	_
5.5	628	[8]	γὰρ	_	_
5.5	629	[1]	ἀνάγκη	_	_
5.5	630	[62]	,	b	_
5.5	631	[2]	τοὺς	_	_
5.5	632	[1]	παῖδας	_	_
5.5	633	[3]	ὑπὸ	_	_
5.5	634	[5]	μὲν	_	_
5.5	635	[10]	τῆς	_	_
5.5	636	[1]	ἡδονῆς	_	_
5.5	637	[2]	ὡς	_	_
5.5	638	[1]	ἀγαθοῦ	_	_
5.5	639	[1]	δελεάζεσθαι	_	_
5.5	640	[63]	,	b	_
5.5	641	[3]	μηδεμίαν	_	_
5.5	642	[5]	οἰκείωσιν	_	_
5.5	643	[1]	ἔχοντας	_	_
5.5	644	[15]	πρὸς	_	_
5.5	645	[1]	αὐτὴν	_	_
5.5	646	[64]	,	b	_
5.5	647	[1]	ἀποστρέφεσθαι	_	_
5.5	648	[7]	δὲ	_	_
5.5	649	[40]	καὶ	_	_
5.5	650	[1]	φεύγειν	_	_
5.5	651	[2]	τὸν	_	_
5.5	652	[2]	πόνον	_	_
5.5	653	[65]	,	b	_
5.5	654	[1]	εἴπερ	_	_
5.5	655	[1]	μὴ	_	_
5.5	656	[41]	καὶ	_	_
5.5	657	[16]	πρὸς	_	_
5.5	658	[1]	τοῦτον	_	_
5.5	659	[1]	ἠλλοτρίωται	_	_
5.5	660	[3]	φύσει	_	_
5.5	661	[1]	;	b	_
5.5	662	[2]	τίς	_	_
5.5	663	[4]	δ	_	_
5.5	664	[17]	’	b	_
5.5	665	[2]	ἀνάγκη	_	_
5.5	666	[66]	,	b	_
5.5	667	[17]	πρὸς	_	_
5.5	668	[6]	μὲν	_	_
5.5	669	[3]	τοὺς	_	_
5.5	670	[1]	ἐπαίνους	_	_
5.5	671	[42]	καὶ	_	_
5.5	672	[6]	τὰς	_	_
5.5	673	[1]	τιμὰς	_	_
5.5	674	[1]	ἥδεσθαί	_	_
5.5	675	[4]	τε	_	_
5.5	676	[43]	καὶ	_	_
5.5	677	[1]	χαίρειν	_	_
5.5	678	[3]	αὐτοῖς	_	_
5.5	679	[67]	,	b	_
5.5	680	[1]	ἄχθεσθαι	_	_
5.5	681	[8]	δὲ	_	_
5.5	682	[44]	καὶ	_	_
5.5	683	[2]	φεύγειν	_	_
5.5	684	[1]	τούς	_	_
5.5	685	[5]	τε	_	_
5.5	686	[1]	ψόγους	_	_
5.5	687	[45]	καὶ	_	_
5.5	688	[7]	τὰς	_	_
5.5	689	[1]	ἀτιμίας	_	_
5.5	690	[68]	,	b	_
5.5	691	[2]	εἴπερ	_	_
5.5	692	[2]	μὴ	_	_
5.5	693	[46]	καὶ	_	_
5.5	694	[18]	πρὸς	_	_
5.5	695	[3]	ταῦτα	_	_
5.5	696	[4]	φύσει	_	_
5.5	697	[2]	τινὰ	_	_
5.5	698	[2]	ἔχουσιν	_	_
5.5	699	[1]	οἰκείωσίν	_	_
5.5	700	[6]	τε	_	_
5.5	701	[47]	καὶ	_	_
5.5	702	[2]	ἀλλοτρίωσιν	_	_
5.5	703	[2]	;	b	_
5.5	704	[3]	εἰ	_	_
5.5	705	[9]	γὰρ	_	_
5.5	706	[3]	μὴ	_	_
5.5	707	[2]	ταῖς	_	_
5.5	708	[1]	φωναῖς	_	_
5.5	709	[69]	,	b	_
5.5	710	[3]	ἀλλὰ	_	_
5.5	711	[1]	τῇ	_	_
5.5	712	[6]	γε	_	_
5.5	713	[1]	δυνάμει	_	_
5.5	714	[14]	τῶν	_	_
5.5	715	[1]	λεγομένων	_	_
5.5	716	[1]	ὁμολογεῖν	_	_
5.5	717	[1]	ἔοικεν	_	_
5.5	718	[5]	ὁ	_	_
5.5	719	[4]	Χρύσιππος	_	_
5.5	720	[70]	,	b	_
5.5	721	[3]	ὡς	_	_
5.5	722	[1]	ἔστιν	_	_
5.5	723	[1]	οἰκείωσίς	_	_
5.5	724	[1]	τέ	_	_
5.5	725	[1]	τις	_	_
5.5	726	[2]	ἡμῖν	_	_
5.5	727	[48]	καὶ	_	_
5.5	728	[1]	ἀλλοτρίωσις	_	_
5.5	729	[5]	φύσει	_	_
5.5	730	[19]	πρὸς	_	_
5.5	731	[2]	ἕκαστον	_	_
5.5	732	[15]	τῶν	_	_
5.5	733	[1]	εἰρημένων	_	_
5.5	734	[19]	.	b	_
5.5	735	[3]	ἐπειδὰν	_	_
5.5	736	[10]	γὰρ	_	_
5.5	737	[1]	λέγῃ	_	_
5.5	738	[71]	,	b	_
5.5	739	[8]	τὰς	_	_
5.5	740	[2]	περὶ	_	_
5.5	741	[1]	ἀγαθῶν	_	_
5.5	742	[49]	καὶ	_	_
5.5	743	[1]	κακῶν	_	_
5.5	744	[1]	ἐγγίνεσθαι	_	_
5.5	745	[6]	τοῖς	_	_
5.5	746	[1]	φαύλοις	_	_
5.5	747	[1]	διαστροφὰς	_	_
5.5	748	[1]	διά	_	_
5.5	749	[7]	τε	_	_
5.5	750	[10]	τὴν	_	_
5.5	751	[1]	πιθανότητα	_	_
5.5	752	[16]	τῶν	_	_
5.5	753	[1]	φαντασιῶν	_	_
5.5	754	[50]	καὶ	_	_
5.5	755	[11]	τὴν	_	_
5.5	756	[1]	κατήχησιν	_	_
5.5	757	[72]	,	b	_
5.5	758	[1]	ἐρωτητέον	_	_
5.5	759	[1]	αὐτὸν	_	_
5.5	760	[12]	τὴν	_	_
5.5	761	[3]	αἰτίαν	_	_
5.5	762	[73]	,	b	_
5.5	763	[1]	δι	_	_
5.5	764	[18]	’	b	_
5.5	765	[1]	ἣν	_	_
5.5	766	[1]	ἡδονὴ	_	_
5.5	767	[7]	μὲν	_	_
5.5	768	[4]	ὡς	_	_
5.5	769	[1]	ἀγαθὸν	_	_
5.5	770	[74]	,	b	_
5.5	771	[1]	ἀλγηδὼν	_	_
5.5	772	[5]	δ	_	_
5.5	773	[19]	’	b	_
5.5	774	[5]	ὡς	_	_
5.5	775	[1]	κακὸν	_	_
5.5	776	[1]	πιθανὴν	_	_
5.5	777	[1]	προβάλλουσι	_	_
5.5	778	[1]	φαντασίαν	_	_
5.5	779	[2]	·	b	_
5.5	780	[2]	οὕτως	_	_
5.5	781	[9]	δὲ	_	_
5.5	782	[51]	καὶ	_	_
5.5	783	[5]	διὰ	_	_
5.5	784	[2]	τί	_	_
5.5	785	[13]	τὴν	_	_
5.5	786	[8]	μὲν	_	_
5.5	787	[3]	νίκην	_	_
5.5	788	[14]	τὴν	_	_
5.5	789	[1]	ἐν	_	_
5.5	790	[1]	Ὀλυμπιάσιν	_	_
5.5	791	[52]	καὶ	_	_
5.5	792	[15]	τὴν	_	_
5.5	793	[17]	τῶν	_	_
5.5	794	[1]	ἀνδριάντων	_	_
5.5	795	[1]	ἀνάθεσιν	_	_
5.5	796	[1]	ἐπαινούμενά	_	_
5.5	797	[8]	τε	_	_
5.5	798	[53]	καὶ	_	_
5.5	799	[1]	μακαριζόμενα	_	_
5.5	800	[20]	πρὸς	_	_
5.5	801	[18]	τῶν	_	_
5.5	802	[2]	πολλῶν	_	_
5.5	803	[1]	ἀκούοντες	_	_
5.5	804	[6]	ὡς	_	_
5.5	805	[1]	ἀγαθὰ	_	_
5.5	806	[75]	,	b	_
5.5	807	[3]	περὶ	_	_
5.5	808	[10]	δὲ	_	_
5.5	809	[11]	τῆς	_	_
5.5	810	[1]	ἥττης	_	_
5.5	811	[9]	τε	_	_
5.5	812	[54]	καὶ	_	_
5.5	813	[12]	τῆς	_	_
5.5	814	[2]	ἀτιμίας	_	_
5.5	815	[7]	ὡς	_	_
5.5	816	[1]	κακὰ	_	_
5.5	817	[1]	ἑτοίμως	_	_
5.5	818	[1]	πειθόμεθα	_	_
5.5	819	[20]	.	b	_
5.5	820	[55]	καὶ	_	_
5.5	821	[11]	γὰρ	_	_
5.5	822	[56]	καὶ	_	_
5.5	823	[1]	ταῦθ	_	_
5.5	824	[20]	’	b	_
5.5	825	[6]	ὁ	_	_
5.5	826	[2]	Ποσειδώνιος	_	_
5.5	827	[1]	μέμφεται	_	_
5.5	828	[57]	καὶ	_	_
5.5	829	[1]	δεικνύναι	_	_
5.5	830	[1]	πειρᾶται	_	_
5.5	831	[1]	πασῶν	_	_
5.5	832	[19]	τῶν	_	_
5.5	833	[1]	ψευδῶν	_	_
5.5	834	[1]	ὑπολήψεων	_	_
5.5	835	[9]	τὰς	_	_
5.5	836	[1]	αἰτίας	_	_
5.5	837	[2]	ἐν	_	_
5.5	838	[9]	μὲν	_	_
5.5	839	[2]	τῷ	_	_
5.5	840	[1]	θεωρητικῷ	_	_
5.5	841	[6]	διὰ	_	_
5.5	842	[13]	τῆς	_	_
5.5	843	[1]	παθητικῆς	_	_
5.5	844	[1]	ὁλκῆς	_	_
5.5	845	[76]	,	b	_
5.5	846	[1]	προηγεῖσθαι	_	_
5.5	847	[6]	δ	_	_
5.5	848	[21]	’	b	_
5.5	849	[3]	αὐτῆς	_	_
5.5	850	[10]	τὰς	_	_
5.5	851	[1]	ψευδεῖς	_	_
5.5	852	[1]	|δόξας	_	_
5.5	853	[77]	,	b	_
5.5	854	[1]	ἀσθενήσαντος	_	_
5.5	855	[4]	περὶ	_	_
5.5	856	[16]	τὴν	_	_
5.5	857	[1]	κρίσιν	_	_
5.5	858	[5]	τοῦ	_	_
5.5	859	[1]	λογιστικοῦ	_	_
5.5	860	[3]	·	b	_
5.5	861	[1]	γεννᾶσθαι	_	_
5.5	862	[12]	γὰρ	_	_
5.5	863	[3]	τῷ	_	_
5.5	864	[1]	ζώῳ	_	_
5.5	865	[17]	τὴν	_	_
5.5	866	[1]	ὁρμὴν	_	_
5.5	867	[1]	ἐνίοτε	_	_
5.5	868	[10]	μὲν	_	_
5.5	869	[1]	ἐπὶ	_	_
5.5	870	[2]	τῇ	_	_
5.5	871	[6]	τοῦ	_	_
5.5	872	[2]	λογιστικοῦ	_	_
5.5	873	[1]	κρίσει	_	_
5.5	874	[78]	,	b	_
5.5	875	[1]	πολλάκις	_	_
5.5	876	[7]	δ	_	_
5.5	877	[22]	’	b	_
5.5	878	[2]	ἐπὶ	_	_
5.5	879	[3]	τῇ	_	_
5.5	880	[1]	κινήσει	_	_
5.5	881	[7]	τοῦ	_	_
5.5	882	[1]	παθητικοῦ	_	_
5.5	883	[21]	.	b	_
5.5	884	[1]	συνάπτει	_	_
5.5	885	[8]	δ	_	_
5.5	886	[23]	’	b	_
5.5	887	[2]	εἰκότως	_	_
5.5	888	[7]	τοῖς	_	_
5.5	889	[1]	λόγοις	_	_
5.5	890	[1]	ταύτοις	_	_
5.5	891	[7]	ὁ	_	_
5.5	892	[3]	Ποσειδώνιος	_	_
5.5	893	[7]	τὰ	_	_
5.5	894	[5]	κατὰ	_	_
5.5	895	[3]	τὸν	_	_
5.5	896	[1]	φυσιογνώμονα	_	_
5.5	897	[1]	φαινόμενα	_	_
5.5	898	[22]	.	b	_
5.5	899	[58]	καὶ	_	_
5.5	900	[13]	γὰρ	_	_
5.5	901	[20]	τῶν	_	_
5.5	902	[2]	ζώων	_	_
5.5	903	[59]	καὶ	_	_
5.5	904	[21]	τῶν	_	_
5.5	905	[2]	ἀνθρώπων	_	_
5.5	906	[79]	,	b	_
5.5	907	[1]	ὅσα	_	_
5.5	908	[11]	μὲν	_	_
5.5	909	[1]	εὐρύστερνά	_	_
5.5	910	[10]	τε	_	_
5.5	911	[60]	καὶ	_	_
5.5	912	[1]	θερμότερα	_	_
5.5	913	[80]	,	b	_
5.5	914	[1]	θυμικώτερα	_	_
5.5	915	[1]	πάνθ	_	_
5.5	916	[24]	’	b	_
5.5	917	[1]	ὑπάρχειν	_	_
5.5	918	[6]	φύσει	_	_
5.5	919	[81]	,	b	_
5.5	920	[2]	ὅσα	_	_
5.5	921	[11]	δὲ	_	_
5.5	922	[1]	πλατυΐσχιά	_	_
5.5	923	[11]	τε	_	_
5.5	924	[61]	καὶ	_	_
5.5	925	[1]	ψυχρότερα	_	_
5.5	926	[82]	,	b	_
5.5	927	[1]	δειλότερα	_	_
5.5	928	[23]	.	b	_
5.5	929	[62]	καὶ	_	_
5.5	930	[6]	κατὰ	_	_
5.5	931	[11]	τὰς	_	_
5.5	932	[1]	χώρας	_	_
5.5	933	[4]	οὐ	_	_
5.5	934	[1]	σμικρῷ	_	_
5.5	935	[1]	τινι	_	_
5.5	936	[1]	διενηνοχέναι	_	_
5.5	937	[8]	τοῖς	_	_
5.5	938	[1]	ἤθεσι	_	_
5.5	939	[4]	τοὺς	_	_
5.5	940	[1]	ἀνθρώπους	_	_
5.5	941	[1]	εἰς	_	_
5.5	942	[1]	δειλίαν	_	_
5.5	943	[63]	καὶ	_	_
5.5	944	[1]	τόλμαν	_	_
5.5	945	[83]	,	b	_
5.5	946	[3]	ἢ	_	_
5.5	947	[13]	τὸ	_	_
5.5	948	[1]	φιλήδονόν	_	_
5.5	949	[12]	τε	_	_
5.5	950	[64]	καὶ	_	_
5.5	951	[1]	φιλόπονον	_	_
5.5	952	[84]	,	b	_
5.5	953	[8]	ὡς	_	_
5.5	954	[22]	τῶν	_	_
5.5	955	[1]	παθητικῶν	_	_
5.5	956	[1]	κινήσεων	_	_
5.5	957	[14]	τῆς	_	_
5.5	958	[3]	ψυχῆς	_	_
5.5	959	[1]	ἑπομένων	_	_
5.5	960	[1]	ἀεὶ	_	_
5.5	961	[4]	τῇ	_	_
5.5	962	[1]	διαθέσει	_	_
5.5	963	[8]	τοῦ	_	_
5.5	964	[1]	σώματος	_	_
5.5	965	[85]	,	b	_
5.5	966	[2]	ἣν	_	_
5.5	967	[4]	ἐκ	_	_
5.5	968	[15]	τῆς	_	_
5.5	969	[7]	κατὰ	_	_
5.5	970	[14]	τὸ	_	_
5.5	971	[1]	περιέχον	_	_
5.5	972	[1]	κράσεως	_	_
5.5	973	[5]	οὐ	_	_
5.5	974	[1]	κατ	_	_
5.5	975	[25]	’	b	_
5.5	976	[1]	ὀλίγον	_	_
5.5	977	[1]	ἀλλοιοῦσθαι	_	_
5.5	978	[24]	.	b	_
5.5	979	[65]	καὶ	_	_
5.5	980	[14]	γὰρ	_	_
5.5	981	[4]	δὴ	_	_
5.5	982	[66]	καὶ	_	_
5.5	983	[15]	τὸ	_	_
5.5	984	[1]	αἷμα	_	_
5.5	985	[1]	διαφέρειν	_	_
5.5	986	[3]	ἐν	_	_
5.5	987	[9]	τοῖς	_	_
5.5	988	[1]	ζώοις	_	_
5.5	989	[1]	φησὶ	_	_
5.5	990	[1]	θερμότητι	_	_
5.5	991	[86]	,	b	_
5.5	992	[67]	καὶ	_	_
5.5	993	[1]	ψυχρότητι	_	_
5.5	994	[87]	,	b	_
5.5	995	[68]	καὶ	_	_
5.5	996	[1]	πάχει	_	_
5.5	997	[88]	,	b	_
5.5	998	[69]	καὶ	_	_
5.5	999	[1]	λεπτότητι	_	_
5.5	1000	[89]	,	b	_
5.5	1001	[70]	καὶ	_	_
5.5	1002	[1]	ἄλλαις	_	_
5.5	1003	[2]	φησὶ	_	_
5.5	1004	[1]	διαφοραῖς	_	_
5.5	1005	[4]	οὐκ	_	_
5.5	1006	[1]	ὀλίγαις	_	_
5.5	1007	[90]	,	b	_
5.5	1008	[2]	ὑπὲρ	_	_
5.5	1009	[1]	ὧν	_	_
5.5	1010	[1]	Ἀριστοτέλης	_	_
5.5	1011	[3]	ἐπὶ	_	_
5.5	1012	[1]	πλεῖστον	_	_
5.5	1013	[1]	διῆλθεν	_	_
5.5	1014	[25]	.	b	_
5.5	1015	[1]	ἡμεῖς	_	_
5.5	1016	[12]	δὲ	_	_
5.5	1017	[8]	κατὰ	_	_
5.5	1018	[1]	τινα	_	_
5.5	1019	[1]	οἰκεῖον	_	_
5.5	1020	[1]	καιρὸν	_	_
5.5	1021	[4]	ἐπὶ	_	_
5.5	1022	[1]	προήκοντι	_	_
5.5	1023	[4]	τῷ	_	_
5.5	1024	[1]	λόγῳ	_	_
5.5	1025	[1]	μνημονεύσομεν	_	_
5.5	1026	[5]	αὐτῶν	_	_
5.5	1027	[91]	,	b	_
5.5	1028	[2]	ἡνίκα	_	_
5.5	1029	[1]	ἂν	_	_
5.5	1030	[71]	καὶ	_	_
5.5	1031	[1]	αὐτὰς	_	_
5.5	1032	[12]	τὰς	_	_
5.5	1033	[1]	Ἱπποκράτους	_	_
5.5	1034	[13]	τε	_	_
5.5	1035	[72]	καὶ	_	_
5.5	1036	[1]	Πλάτωνος	_	_
5.5	1037	[1]	ῥήσεις	_	_
5.5	1038	[5]	περὶ	_	_
5.5	1039	[3]	τούτων	_	_
5.5	1040	[1]	παραγράφωμεν	_	_
5.5	1041	[26]	.	b	_
5.5	1042	[4]	ἐν	_	_
5.5	1043	[13]	δὲ	_	_
5.5	1044	[5]	τῷ	_	_
5.5	1045	[1]	παρόντι	_	_
5.5	1046	[21]	πρὸς	_	_
5.5	1047	[5]	τοὺς	_	_
5.5	1048	[6]	περὶ	_	_
5.5	1049	[4]	τὸν	_	_
5.5	1050	[1]	Χρύσιππον	_	_
5.5	1051	[8]	ὁ	_	_
5.5	1052	[1]	λόγος	_	_
5.5	1053	[1]	ἐνέστηκέ	_	_
5.5	1054	[2]	μοι	_	_
5.5	1055	[92]	,	b	_
5.5	1056	[3]	μήτ	_	_
5.5	1057	[26]	’	b	_
5.5	1058	[1]	ἄλλο	_	_
5.5	1059	[1]	γιγνώσκοντας	_	_
5.5	1060	[23]	τῶν	_	_
5.5	1061	[9]	κατὰ	_	_
5.5	1062	[8]	τὰ	_	_
5.5	1063	[3]	πάθη	_	_
5.5	1064	[93]	,	b	_
5.5	1065	[1]	μήθ	_	_
5.5	1066	[27]	’	b	_
5.5	1067	[9]	ὡς	_	_
5.5	1068	[1]	αἱ	_	_
5.5	1069	[9]	τοῦ	_	_
5.5	1070	[2]	σώματος	_	_
5.5	1071	[1]	κράσεις	_	_
5.5	1072	[1]	οἰκείας	_	_
5.5	1073	[1]	ἑαυταῖς	_	_
5.5	1074	[1]	ἐργάζονται	_	_
5.5	1075	[13]	τὰς	_	_
5.5	1076	[1]	παθητικὰς	_	_
5.5	1077	[1]	κινήσεις	_	_
5.5	1078	[4]	·	b	_
5.5	1079	[3]	οὕτως	_	_
5.5	1080	[15]	γὰρ	_	_
5.5	1081	[9]	ὁ	_	_
5.5	1082	[4]	Ποσειδώνιος	_	_
5.5	1083	[1]	ὀνομάζειν	_	_
5.5	1084	[1]	εἴωθεν	_	_
5.5	1085	[27]	.	b	_
5.5	1086	[2]	Ἀριστοτέλης	_	_
5.5	1087	[9]	δ	_	_
5.5	1088	[28]	’	b	_
5.5	1089	[1]	ἄντικρυς	_	_
5.5	1090	[2]	ἤδη	_	_
5.5	1091	[1]	καλεῖ	_	_
5.5	1092	[24]	τῶν	_	_
5.5	1093	[3]	ζώων	_	_
5.5	1094	[2]	ἁπάσας	_	_
5.5	1095	[14]	τὰς	_	_
5.5	1096	[1]	τοιαύτας	_	_
5.5	1097	[16]	τῆς	_	_
5.5	1098	[4]	ψυχῆς	_	_
5.5	1099	[1]	καταστάσεις	_	_
5.5	1100	[94]	,	b	_
5.5	1101	[1]	ἐξηγεῖταί	_	_
5.5	1102	[14]	τε	_	_
5.5	1103	[95]	,	b	_
5.5	1104	[2]	καθ	_	_
5.5	1105	[29]	’	b	_
5.5	1106	[1]	ὅντινα	_	_
5.5	1107	[1]	τρόπον	_	_
5.5	1108	[5]	ἐπὶ	_	_
5.5	1109	[3]	ταῖς	_	_
5.5	1110	[1]	διαφερούσαις	_	_
5.5	1111	[1]	κράσε	_	_
5.5	1112	[1]	σισυνίσταται	_	_
5.5	1113	[28]	.	b	_
5.5	1114	[1]	διόπερ	_	_
5.5	1115	[96]	,	b	_
5.5	1116	[2]	οἶμαι	_	_
5.5	1117	[97]	,	b	_
5.5	1118	[73]	καὶ	_	_
5.5	1119	[1]	ἡ	_	_
5.5	1120	[25]	τῶν	_	_
5.5	1121	[1]	παθῶν	_	_
5.5	1122	[17]	τῆς	_	_
5.5	1123	[5]	ψυχῆς	_	_
5.5	1124	[1]	ἴασις	_	_
5.5	1125	[2]	ἐπ	_	_
5.5	1126	[30]	’	b	_
5.5	1127	[1]	ἐνίων	_	_
5.5	1128	[12]	μὲν	_	_
5.5	1129	[1]	εὔκολός	_	_
5.5	1130	[15]	τε	_	_
5.5	1131	[74]	καὶ	_	_
5.5	1132	[1]	ῥᾳδία	_	_
5.5	1133	[98]	,	b	_
5.5	1134	[7]	διὰ	_	_
5.5	1135	[16]	τὸ	_	_
5.5	1136	[3]	μήτε	_	_
5.5	1137	[15]	τὰς	_	_
5.5	1138	[2]	παθητικὰς	_	_
5.5	1139	[2]	κινήσεις	_	_
5.5	1140	[4]	αὐτοῖς	_	_
5.5	1141	[1]	ἰσχυρὰς	_	_
5.5	1142	[2]	ὑπάρχειν	_	_
5.5	1143	[99]	,	b	_
5.5	1144	[4]	μήτε	_	_
5.5	1145	[17]	τὸ	_	_
5.5	1146	[2]	λογιστικὸν	_	_
5.5	1147	[1]	ἀσθενὲς	_	_
5.5	1148	[7]	φύσει	_	_
5.5	1149	[75]	καὶ	_	_
5.5	1150	[1]	ἀσύνετον	_	_
5.5	1151	[100]	,	b	_
5.5	1152	[4]	ἀλλὰ	_	_
5.5	1153	[2]	δι	_	_
5.5	1154	[31]	’	b	_
5.5	1155	[1]	ἀμαθίαν	_	_
5.5	1156	[76]	καὶ	_	_
5.5	1157	[1]	μοχθηροὺς	_	_
5.5	1158	[1]	ἐθισμοὺς	_	_
5.5	1159	[1]	ἐμπαθῶς	_	_
5.5	1160	[1]	ἀναγκάζεσθαι	_	_
5.5	1161	[1]	ζῇν	_	_
5.5	1162	[6]	τοὺς	_	_
5.5	1163	[1]	τοιούτους	_	_
5.5	1164	[2]	ἀνθρώπους	_	_
5.5	1165	[101]	,	b	_
5.5	1166	[1]	ἐνίοις	_	_
5.5	1167	[14]	δὲ	_	_
5.5	1168	[1]	χαλεπὴ	_	_
5.5	1169	[77]	καὶ	_	_
5.5	1170	[1]	δύσκολος	_	_
5.5	1171	[102]	,	b	_
5.5	1172	[1]	ὅταν	_	_
5.5	1173	[3]	κινήσεις	_	_
5.5	1174	[2]	αἱ	_	_
5.5	1175	[10]	κατὰ	_	_
5.5	1176	[2]	πάθος	_	_
5.5	1177	[103]	,	b	_
5.5	1178	[3]	αἱ	_	_
5.5	1179	[8]	διὰ	_	_
5.5	1180	[18]	τὴν	_	_
5.5	1181	[10]	τοῦ	_	_
5.5	1182	[3]	σώματος	_	_
5.5	1183	[1]	κατασκευὴν	_	_
5.5	1184	[1]	ἀναγκαίως	_	_
5.5	1185	[1]	γιγνόμεναι	_	_
5.5	1186	[104]	,	b	_
5.5	1187	[1]	μεγάλαι	_	_
5.5	1188	[1]	δή	_	_
5.5	1189	[1]	τινες	_	_
5.5	1190	[1]	οὖσαι	_	_
5.5	1191	[1]	τύχωσι	_	_
5.5	1192	[78]	καὶ	_	_
5.5	1193	[1]	σφοδραὶ	_	_
5.5	1194	[105]	,	b	_
5.5	1195	[1]	τό	_	_
5.5	1196	[16]	τε	_	_
5.5	1197	[3]	λογιστικὸν	_	_
5.5	1198	[2]	ἀσθενὲς	_	_
5.5	1199	[79]	καὶ	_	_
5.5	1200	[2]	ἀσύνετον	_	_
5.5	1201	[8]	φύσει	_	_
5.5	1202	[29]	.	b	_
5.5	1203	[1]	χρὴ	_	_
5.5	1204	[16]	γὰρ	_	_
5.5	1205	[80]	καὶ	_	_
5.5	1206	[2]	τοῦτο	_	_
5.5	1207	[13]	μὲν	_	_
5.5	1208	[1]	ἐπιστήμην	_	_
5.5	1209	[1]	λαβεῖν	_	_
5.5	1210	[26]	τῶν	_	_
5.5	1211	[1]	ἀληθῶν	_	_
5.5	1212	[106]	,	b	_
5.5	1213	[81]	καὶ	_	_
5.5	1214	[16]	τὰς	_	_
5.5	1215	[11]	κατὰ	_	_
5.5	1216	[3]	πάθος	_	_
5.5	1217	[15]	δὲ	_	_
5.5	1218	[4]	κινήσεις	_	_
5.5	1219	[1]	ἀμβλυνθῆναι	_	_
5.5	1220	[2]	χρηστοῖς	_	_
5.5	1221	[1]	ἐπιτηδεύμασιν	_	_
5.5	1222	[1]	ἐθισθεῖσαν	_	_
5.5	1223	[107]	,	b	_
5.5	1224	[1]	εἴ	_	_
5.5	1225	[2]	τις	_	_
5.5	1226	[1]	μέλλοι	_	_
5.5	1227	[1]	βελτίονα	_	_
5.5	1228	[18]	τὸ	_	_
5.5	1229	[1]	ἦθος	_	_
5.5	1230	[1]	ἀποδείξειν	_	_
5.5	1231	[5]	τὸν	_	_
5.5	1232	[1]	ἄνθρωπον	_	_
5.5	1233	[30]	.	b	_
5.5	1234	[1]	οὕτω	_	_
5.5	1235	[16]	δὲ	_	_
5.5	1236	[82]	καὶ	_	_
5.5	1237	[1]	πλάττειν	_	_
5.5	1238	[5]	ἐξ	_	_
5.5	1239	[2]	ἀρχῆς	_	_
5.5	1240	[2]	ἄνθρωπον	_	_
5.5	1241	[2]	χρὴ	_	_
5.5	1242	[22]	πρὸς	_	_
5.5	1243	[19]	τὸ	_	_
5.5	1244	[1]	βέλτιστον	_	_
5.5	1245	[108]	,	b	_
5.5	1246	[1]	ἁπάντων	_	_
5.5	1247	[14]	μὲν	_	_
5.5	1248	[1]	πρῶτον	_	_
5.5	1249	[6]	αὐτῶν	_	_
5.5	1250	[27]	τῶν	_	_
5.5	1251	[1]	σπερμάτων	_	_
5.5	1252	[1]	προνοουμένους	_	_
5.5	1253	[109]	,	b	_
5.5	1254	[1]	οἷς	_	_
5.5	1255	[1]	ἐφεξῆς	_	_
5.5	1256	[18]	τῆς	_	_
5.5	1257	[1]	διαίτης	_	_
5.5	1258	[110]	,	b	_
5.5	1259	[3]	ἣν	_	_
5.5	1260	[2]	ἡ	_	_
5.5	1261	[1]	κύουσα	_	_
5.5	1262	[1]	διαιτήσεται	_	_
5.5	1263	[111]	,	b	_
5.5	1264	[12]	κατὰ	_	_
5.5	1265	[17]	τε	_	_
5.5	1266	[17]	τὰς	_	_
5.5	1267	[1]	τροφὰς	_	_
5.5	1268	[83]	καὶ	_	_
5.5	1269	[9]	τὰ	_	_
5.5	1270	[1]	πόματα	_	_
5.5	1271	[112]	,	b	_
5.5	1272	[84]	καὶ	_	_
5.5	1273	[10]	τὰ	_	_
5.5	1274	[1]	γυμνάσια	_	_
5.5	1275	[85]	καὶ	_	_
5.5	1276	[18]	τὰς	_	_
5.5	1277	[1]	ἡσυχίας	_	_
5.5	1278	[113]	,	b	_
5.5	1279	[86]	καὶ	_	_
5.5	1280	[7]	τοὺς	_	_
5.5	1281	[1]	ὕπνους	_	_
5.5	1282	[87]	καὶ	_	_
5.5	1283	[19]	τὰς	_	_
5.5	1284	[1]	ἐγρηγόρσεις	_	_
5.5	1285	[114]	,	b	_
5.5	1286	[1]	ἐπιθυμίας	_	_
5.5	1287	[18]	τε	_	_
5.5	1288	[88]	καὶ	_	_
5.5	1289	[1]	θυμοὺς	_	_
5.5	1290	[115]	,	b	_
5.5	1291	[3]	ὅσα	_	_
5.5	1292	[1]	τ	_	_
5.5	1293	[32]	’	b	_
5.5	1294	[1]	ἄλλα	_	_
5.5	1295	[1]	τοιαῦτα	_	_
5.5	1296	[116]	,	b	_
5.5	1297	[7]	περὶ	_	_
5.5	1298	[2]	ὧν	_	_
5.5	1299	[2]	ἁπάντων	_	_
5.5	1300	[10]	ὁ	_	_
5.5	1301	[15]	μὲν	_	_
5.5	1302	[1]	Πλάτων	_	_
5.5	1303	[1]	ἀκριβέστατα	_	_
5.5	1304	[2]	διῆλθεν	_	_
5.5	1305	[117]	,	b	_
5.5	1306	[11]	ὁ	_	_
5.5	1307	[17]	δὲ	_	_
5.5	1308	[5]	Χρύσιππος	_	_
5.5	1309	[6]	οὐ	_	_
5.5	1310	[4]	μόνον	_	_
5.5	1311	[1]	αὐτὸς	_	_
5.5	1312	[1]	οὐδὲν	_	_
5.5	1313	[1]	ἱκνούμενον	_	_
5.5	1314	[1]	εἶπεν	_	_
5.5	1315	[118]	,	b	_
5.5	1316	[3]	ἀλλ	_	_
5.5	1317	[33]	’	b	_
5.5	1318	[1]	οὐδὲ	_	_
5.5	1319	[28]	τῶν	_	_
5.5	1320	[1]	ἀπ	_	_
5.5	1321	[34]	’	b	_
5.5	1322	[2]	αὐτοῦ	_	_
5.5	1323	[2]	τινι	_	_
5.5	1324	[1]	κατέλιπεν	_	_
5.5	1325	[1]	ἀφορμὴν	_	_
5.5	1326	[1]	εὑρέσεως	_	_
5.5	1327	[119]	,	b	_
5.5	1328	[1]	μοχθηρὰν	_	_
5.5	1329	[1]	ὑποβαλλόμενος	_	_
5.5	1330	[6]	τῷ	_	_
5.5	1331	[2]	λόγῳ	_	_
5.5	1332	[19]	τὴν	_	_
5.5	1333	[1]	κρηπῖδα	_	_
5.5	1334	[31]	.	b	_
5.5	1335	[1]	ταῦτά	_	_
5.5	1336	[1]	τοι	_	_
5.5	1337	[89]	καὶ	_	_
5.5	1338	[12]	ὁ	_	_
5.5	1339	[5]	Ποσειδώνιος	_	_
5.5	1340	[2]	αὐτῷ	_	_
5.5	1341	[2]	μέμφεται	_	_
5.5	1342	[1]	μετὰ	_	_
5.5	1343	[11]	τοῦ	_	_
5.5	1344	[90]	καὶ	_	_
5.5	1345	[2]	θαυμάζειν	_	_
5.5	1346	[120]	,	b	_
5.5	1347	[4]	ὅσα	_	_
5.5	1348	[2]	Πλάτων	_	_
5.5	1349	[2]	εἶπεν	_	_
5.5	1350	[3]	ὑπὲρ	_	_
5.5	1351	[19]	τῆς	_	_
5.5	1352	[29]	τῶν	_	_
5.5	1353	[2]	παίδων	_	_
5.5	1354	[2]	ἔτι	_	_
5.5	1355	[19]	τε	_	_
5.5	1356	[1]	κυουμένων	_	_
5.5	1357	[5]	ἐν	_	_
5.5	1358	[5]	τῇ	_	_
5.5	1359	[1]	μήτρᾳ	_	_
5.5	1360	[1]	διαπλάσεως	_	_
5.5	1361	[121]	,	b	_
5.5	1362	[1]	ἀποκυηθέντων	_	_
5.5	1363	[20]	τε	_	_
5.5	1364	[1]	τροφῆς	_	_
5.5	1365	[91]	καὶ	_	_
5.5	1366	[1]	παιδείας	_	_
5.5	1367	[122]	,	b	_
5.5	1368	[92]	καὶ	_	_
5.5	1369	[1]	γέγραφεν	_	_
5.5	1370	[1]	οἷον	_	_
5.5	1371	[1]	ἐπιτομήν	_	_
5.5	1372	[2]	τινα	_	_
5.5	1373	[13]	κατὰ	_	_
5.5	1374	[20]	τὸ	_	_
5.5	1375	[2]	πρῶτον	_	_
5.5	1376	[3]	αὐτοῦ	_	_
5.5	1377	[8]	περὶ	_	_
5.5	1378	[2]	παθῶν	_	_
5.5	1379	[1]	σύγγραμμα	_	_
5.5	1380	[30]	τῶν	_	_
5.5	1381	[4]	ὑπὸ	_	_
5.5	1382	[2]	Πλάτωνος	_	_
5.5	1383	[2]	εἰρημένων	_	_
5.5	1384	[123]	,	b	_
5.5	1385	[10]	ὡς	_	_
5.5	1386	[3]	χρὴ	_	_
5.5	1387	[1]	τρέφεσθαι	_	_
5.5	1388	[93]	καὶ	_	_
5.5	1389	[1]	παιδεύεσθαι	_	_
5.5	1390	[8]	τοὺς	_	_
5.5	1391	[2]	παῖδας	_	_
5.5	1392	[4]	ὑπὲρ	_	_
5.5	1393	[12]	τοῦ	_	_
5.5	1394	[21]	τὸ	_	_
5.5	1395	[1]	παθητικόν	_	_
5.5	1396	[21]	τε	_	_
5.5	1397	[94]	καὶ	_	_
5.5	1398	[1]	ἄλογον	_	_
5.5	1399	[20]	τῆς	_	_
5.5	1400	[6]	ψυχῆς	_	_
5.5	1401	[1]	σύμμετρον	_	_
5.5	1402	[1]	ἀποφαίνεσθαι	_	_
5.5	1403	[4]	ταῖς	_	_
5.5	1404	[1]	κινήσεσι	_	_
5.5	1405	[95]	καὶ	_	_
5.5	1406	[10]	τοῖς	_	_
5.5	1407	[13]	τοῦ	_	_
5.5	1408	[3]	λόγου	_	_
5.5	1409	[1]	προστάγμασιν	_	_
5.5	1410	[1]	εὐπειθές	_	_
5.5	1411	[32]	.	b	_
5.5	1412	[1]	αὕτη	_	_
5.5	1413	[17]	γὰρ	_	_
5.5	1414	[1]	ἀρίστη	_	_
5.5	1415	[3]	παίδων	_	_
5.5	1416	[2]	παιδείας	_	_
5.5	1417	[1]	παρασκευὴ	_	_
5.5	1418	[14]	τοῦ	_	_
5.5	1419	[2]	παθητικοῦ	_	_
5.5	1420	[21]	τῆς	_	_
5.5	1421	[7]	ψυχῆς	_	_
5.5	1422	[124]	,	b	_
5.5	1423	[11]	ὡς	_	_
5.5	1424	[2]	ἂν	_	_
5.5	1425	[1]	ἐπιτηδειοτάτη	_	_
5.5	1426	[1]	ᾖ	_	_
5.5	1427	[23]	πρὸς	_	_
5.5	1428	[20]	τὴν	_	_
5.5	1429	[1]	ἀρχὴν	_	_
5.5	1430	[15]	τοῦ	_	_
5.5	1431	[3]	λογιστικοῦ	_	_
5.5	1432	[33]	.	b	_
5.5	1433	[1]	μικρὸν	_	_
5.5	1434	[16]	μὲν	_	_
5.5	1435	[18]	γὰρ	_	_
5.5	1436	[11]	τὰ	_	_
5.5	1437	[1]	πρῶτα	_	_
5.5	1438	[96]	καὶ	_	_
5.5	1439	[3]	ἀσθενὲς	_	_
5.5	1440	[3]	ὑπάρχειν	_	_
5.5	1441	[3]	τοῦτο	_	_
5.5	1442	[125]	,	b	_
5.5	1443	[1]	μέγα	_	_
5.5	1444	[18]	δὲ	_	_
5.5	1445	[97]	καὶ	_	_
5.5	1446	[1]	ἰσχυρὸν	_	_
5.5	1447	[1]	ἀποτελεῖσθαι	_	_
5.5	1448	[9]	περὶ	_	_
5.5	1449	[21]	τὴν	_	_
5.5	1450	[1]	τεσσαρεσκαιδεκαετῆ	_	_
5.5	1451	[2]	ἡλικίαν	_	_
5.5	1452	[126]	,	b	_
5.5	1453	[3]	ἡνίκα	_	_
5.5	1454	[3]	ἤδη	_	_
5.5	1455	[2]	κρατεῖν	_	_
5.5	1456	[22]	τε	_	_
5.5	1457	[98]	καὶ	_	_
5.5	1458	[1]	ἄρχειν	_	_
5.5	1459	[3]	αὐτῷ	_	_
5.5	1460	[1]	προσήκει	_	_
5.5	1461	[1]	καθάπερ	_	_
5.5	1462	[1]	ἡνιόχῳ	_	_
5.5	1463	[1]	τινὶ	_	_
5.5	1464	[16]	τοῦ	_	_
5.5	1465	[1]	ζεύγους	_	_
5.5	1466	[31]	τῶν	_	_
5.5	1467	[1]	συμφύτων	_	_
5.5	1468	[1]	ἵππων	_	_
5.5	1469	[127]	,	b	_
5.5	1470	[2]	ἐπιθυμίας	_	_
5.5	1471	[23]	τε	_	_
5.5	1472	[99]	καὶ	_	_
5.5	1473	[1]	θυμοῦ	_	_
5.5	1474	[128]	,	b	_
5.5	1475	[4]	μήτ	_	_
5.5	1476	[35]	’	b	_
5.5	1477	[1]	ἰσχυρῶν	_	_
5.5	1478	[1]	ὑπαρχόντων	_	_
5.5	1479	[1]	ἄγαν	_	_
5.5	1480	[129]	,	b	_
5.5	1481	[5]	μήτ	_	_
5.5	1482	[36]	’	b	_
5.5	1483	[1]	ἀσθενῶν	_	_
5.5	1484	[130]	,	b	_
5.5	1485	[6]	μήτ	_	_
5.5	1486	[37]	’	b	_
5.5	1487	[1]	ὀκνηρῶν	_	_
5.5	1488	[131]	,	b	_
5.5	1489	[7]	μήτ	_	_
5.5	1490	[38]	’	b	_
5.5	1491	[1]	ἐκφόρων	_	_
5.5	1492	[132]	,	b	_
5.5	1493	[5]	μήτε	_	_
5.5	1494	[1]	δυσπειθῶν	_	_
5.5	1495	[1]	ὅλως	_	_
5.5	1496	[133]	,	b	_
5.5	1497	[4]	ἢ	_	_
5.5	1498	[1]	ἀκόσμων	_	_
5.5	1499	[134]	,	b	_
5.5	1500	[5]	ἢ	_	_
5.5	1501	[1]	ὑβριστῶν	_	_
5.5	1502	[135]	,	b	_
5.5	1503	[4]	ἀλλ	_	_
5.5	1504	[39]	’	b	_
5.5	1505	[2]	εἰς	_	_
5.5	1506	[1]	ἅπαν	_	_
5.5	1507	[1]	ἑτοίμων	_	_
5.5	1508	[1]	ἕπεσθαί	_	_
5.5	1509	[24]	τε	_	_
5.5	1510	[100]	καὶ	_	_
5.5	1511	[1]	πείθεσθαι	_	_
5.5	1512	[7]	τῷ	_	_
5.5	1513	[1]	λογισμῷ	_	_
5.5	1514	[136]	,	b	_
5.5	1515	[1]	τούτου	_	_
5.5	1516	[10]	δ	_	_
5.5	1517	[40]	’	b	_
5.5	1518	[4]	αὐτοῦ	_	_
5.5	1519	[22]	τὴν	_	_
5.5	1520	[1]	παιδείαν	_	_
5.5	1521	[25]	τε	_	_
5.5	1522	[101]	καὶ	_	_
5.5	1523	[23]	τὴν	_	_
5.5	1524	[1]	ἀρετὴν	_	_
5.5	1525	[2]	ἐπιστήμην	_	_
5.5	1526	[4]	εἶναι	_	_
5.5	1527	[22]	τῆς	_	_
5.5	1528	[32]	τῶν	_	_
5.5	1529	[1]	ὄντων	_	_
5.5	1530	[2]	φύσεως	_	_
5.5	1531	[137]	,	b	_
5.5	1532	[4]	ὥσπερ	_	_
5.5	1533	[17]	τοῦ	_	_
5.5	1534	[1]	ἡνιόχου	_	_
5.5	1535	[33]	τῶν	_	_
5.5	1536	[1]	ἡνιοχικῶν	_	_
5.5	1537	[1]	θεωρημάτων	_	_
5.5	1538	[34]	.	b	_
5.5	1539	[6]	ἐν	_	_
5.5	1540	[19]	γὰρ	_	_
5.5	1541	[5]	ταῖς	_	_
5.5	1542	[1]	ἀλόγοις	_	_
5.5	1543	[23]	τῆς	_	_
5.5	1544	[8]	ψυχῆς	_	_
5.5	1545	[1]	δυνάμεσιν	_	_
5.5	1546	[1]	ἐπιστήμας	_	_
5.5	1547	[5]	οὐκ	_	_
5.5	1548	[2]	ἐγγίνεσθαι	_	_
5.5	1549	[138]	,	b	_
5.5	1550	[2]	καθάπερ	_	_
5.5	1551	[2]	οὐδὲ	_	_
5.5	1552	[7]	ἐν	_	_
5.5	1553	[11]	τοῖς	_	_
5.5	1554	[1]	ἵπποις	_	_
5.5	1555	[139]	,	b	_
5.5	1556	[5]	ἀλλὰ	_	_
5.5	1557	[1]	τούτοις	_	_
5.5	1558	[17]	μὲν	_	_
5.5	1559	[24]	τὴν	_	_
5.5	1560	[1]	οἰκείαν	_	_
5.5	1561	[2]	ἀρετὴν	_	_
5.5	1562	[6]	ἐξ	_	_
5.5	1563	[1]	ἐθισμοῦ	_	_
5.5	1564	[1]	τινος	_	_
5.5	1565	[1]	ἀλόγου	_	_
5.5	1566	[1]	παραγίνεσθαι	_	_
5.5	1567	[140]	,	b	_
5.5	1568	[12]	τοῖς	_	_
5.5	1569	[11]	δ	_	_
5.5	1570	[41]	’	b	_
5.5	1571	[1]	ἡνιόχοις	_	_
5.5	1572	[5]	ἐκ	_	_
5.5	1573	[1]	διδασκαλίας	_	_
5.5	1574	[1]	λογικῆς	_	_
5.5	1575	[35]	.	b	_
5.5	1576	[1]	ἕπεται	_	_
5.5	1577	[12]	δ	_	_
5.5	1578	[42]	’	b	_
5.5	1579	[1]	αὖθις	_	_
5.5	1580	[1]	τοῖσδε	_	_
5.5	1581	[102]	καὶ	_	_
5.5	1582	[13]	ὁ	_	_
5.5	1583	[10]	περὶ	_	_
5.5	1584	[34]	τῶν	_	_
5.5	1585	[3]	ἀρετῶν	_	_
5.5	1586	[2]	λόγος	_	_
5.5	1587	[2]	αὐτὸς	_	_
5.5	1588	[2]	ἔχων	_	_
5.5	1589	[22]	τὸ	_	_
5.5	1590	[1]	σφάλμα	_	_
5.5	1591	[1]	διττὸν	_	_
5.5	1592	[141]	,	b	_
5.5	1593	[1]	εἴτ	_	_
5.5	1594	[43]	’	b	_
5.5	1595	[2]	ἐπιστήμας	_	_
5.5	1596	[3]	τις	_	_
5.5	1597	[3]	ἁπάσας	_	_
5.5	1598	[2]	αὐτὰς	_	_
5.5	1599	[142]	,	b	_
5.5	1600	[1]	εἴτε	_	_
5.5	1601	[1]	δυνάμεις	_	_
5.5	1602	[1]	ὑπολάβοι	_	_
5.5	1603	[36]	.	b	_
5.5	1604	[35]	τῶν	_	_
5.5	1605	[18]	μὲν	_	_
5.5	1606	[20]	γὰρ	_	_
5.5	1607	[1]	ἀλόγων	_	_
5.5	1608	[24]	τῆς	_	_
5.5	1609	[9]	ψυχῆς	_	_
5.5	1610	[1]	μερῶν	_	_
5.5	1611	[1]	ἀλόγους	_	_
5.5	1612	[3]	ἀνάγκη	_	_
5.5	1613	[103]	καὶ	_	_
5.5	1614	[20]	τὰς	_	_
5.5	1615	[1]	ἀρετὰς	_	_
5.5	1616	[5]	εἶναι	_	_
5.5	1617	[143]	,	b	_
5.5	1618	[18]	τοῦ	_	_
5.5	1619	[4]	λογιστικοῦ	_	_
5.5	1620	[19]	δὲ	_	_
5.5	1621	[1]	μόνου	_	_
5.5	1622	[1]	λογικήν	_	_
5.5	1623	[37]	.	b	_
5.5	1624	[1]	ὥστ	_	_
5.5	1625	[44]	’	b	_
5.5	1626	[2]	εὐλόγως	_	_
5.5	1627	[1]	ἐκείνων	_	_
5.5	1628	[19]	μὲν	_	_
5.5	1629	[4]	αἱ	_	_
5.5	1630	[1]	ἀρεταὶ	_	_
5.5	1631	[2]	δυνάμεις	_	_
5.5	1632	[1]	εἰσὶν	_	_
5.5	1633	[144]	,	b	_
5.5	1634	[1]	ἐπιστήμη	_	_
5.5	1635	[20]	δὲ	_	_
5.5	1636	[2]	μόνου	_	_
5.5	1637	[19]	τοῦ	_	_
5.5	1638	[5]	λογιστικοῦ	_	_
5.5	1639	[38]	.	b	_
5.5	1640	[6]	Χρύσιππος	_	_
5.5	1641	[21]	δὲ	_	_
5.5	1642	[1]	μεγάλα	_	_
5.5	1643	[1]	σφάλλεται	_	_
5.5	1644	[145]	,	b	_
5.5	1645	[1]	οὐχ	_	_
5.5	1646	[2]	ὅτι	_	_
5.5	1647	[4]	μηδεμίαν	_	_
5.5	1648	[3]	ἀρετὴν	_	_
5.5	1649	[1]	ἐποίησε	_	_
5.5	1650	[1]	δύναμιν	_	_
5.5	1651	[146]	,	b	_
5.5	1652	[2]	(	a	_
5.5	1653	[7]	οὐ	_	_
5.5	1654	[21]	γὰρ	_	_
5.5	1655	[2]	μέγα	_	_
5.5	1656	[23]	τὸ	_	_
5.5	1657	[2]	τοιοῦτον	_	_
5.5	1658	[2]	σφάλμα	_	_
5.5	1659	[2]	ἐστὶν	_	_
5.5	1660	[147]	,	b	_
5.5	1661	[3]	οὐδὲ	_	_
5.5	1662	[1]	διαφερόμεθα	_	_
5.5	1663	[24]	πρὸς	_	_
5.5	1664	[4]	αὐτὸ	_	_
5.5	1665	[148]	,	b	_
5.5	1666	[2]	)	b	_
5.5	1667	[5]	ἀλλ	_	_
5.5	1668	[45]	’	b	_
5.5	1669	[3]	ὅτι	_	_
5.5	1670	[1]	πολλὰς	_	_
5.5	1671	[3]	ἐπιστήμας	_	_
5.5	1672	[26]	τε	_	_
5.5	1673	[104]	καὶ	_	_
5.5	1674	[2]	ἀρετὰς	_	_
5.5	1675	[6]	εἶναι	_	_
5.5	1676	[1]	φήσας	_	_
5.5	1677	[1]	μίαν	_	_
5.5	1678	[1]	ἔφησεν	_	_
5.5	1679	[7]	εἶναι	_	_
5.5	1680	[2]	δύναμιν	_	_
5.5	1681	[25]	τῆς	_	_
5.5	1682	[10]	ψυχῆς	_	_
5.5	1683	[39]	.	b	_
5.5	1684	[8]	οὐ	_	_
5.5	1685	[22]	γὰρ	_	_
5.5	1686	[1]	ἐνδέχεται	_	_
5.5	1687	[1]	μιᾶς	_	_
5.5	1688	[1]	δυνάμεως	_	_
5.5	1689	[3]	ἀρετὰς	_	_
5.5	1690	[8]	εἶναι	_	_
5.5	1691	[2]	πολλὰς	_	_
5.5	1692	[149]	,	b	_
5.5	1693	[2]	εἴ	_	_
5.5	1694	[7]	γε	_	_
5.5	1695	[1]	μηδὲ	_	_
5.5	1696	[1]	τελειοτάτας	_	_
5.5	1697	[3]	πολλὰς	_	_
5.5	1698	[1]	ἑνὸς	_	_
5.5	1699	[1]	πράγματος	_	_
5.5	1700	[40]	.	b	_
5.5	1701	[1]	μία	_	_
5.5	1702	[23]	γὰρ	_	_
5.5	1703	[1]	ἑκάστου	_	_
5.5	1704	[36]	τῶν	_	_
5.5	1705	[2]	ὄντων	_	_
5.5	1706	[3]	ἡ	_	_
5.5	1707	[1]	τελειότης	_	_
5.5	1708	[150]	,	b	_
5.5	1709	[4]	ἡ	_	_
5.5	1710	[13]	δ	_	_
5.5	1711	[46]	’	b	_
5.5	1712	[1]	ἀρετὴ	_	_
5.5	1713	[2]	τελειότης	_	_
5.5	1714	[2]	ἐστὶ	_	_
5.5	1715	[26]	τῆς	_	_
5.5	1716	[2]	ἑκάστου	_	_
5.5	1717	[3]	φύσεως	_	_
5.5	1718	[151]	,	b	_
5.5	1719	[12]	ὡς	_	_
5.5	1720	[3]	αὐτὸς	_	_
5.5	1721	[2]	ὁμολογεῖ	_	_
5.5	1722	[41]	.	b	_
5.5	1723	[1]	κάλλιον	_	_
5.5	1724	[4]	οὖν	_	_
5.5	1725	[1]	Ἀρίστων	_	_
5.5	1726	[14]	ὁ	_	_
5.5	1727	[1]	Χῖος	_	_
5.5	1728	[152]	,	b	_
5.5	1729	[4]	οὔτε	_	_
5.5	1730	[4]	πολλὰς	_	_
5.5	1731	[9]	εἶναι	_	_
5.5	1732	[21]	τὰς	_	_
5.5	1733	[4]	ἀρετὰς	_	_
5.5	1734	[27]	τῆς	_	_
5.5	1735	[11]	ψυχῆς	_	_
5.5	1736	[1]	ἀποφηνάμενος	_	_
5.5	1737	[153]	,	b	_
5.5	1738	[6]	ἀλλὰ	_	_
5.5	1739	[2]	μίαν	_	_
5.5	1740	[154]	,	b	_
5.5	1741	[4]	ἣν	_	_
5.5	1742	[3]	ἐπιστήμην	_	_
5.5	1743	[2]	ἀγαθῶν	_	_
5.5	1744	[27]	τε	_	_
5.5	1745	[105]	καὶ	_	_
5.5	1746	[2]	κακῶν	_	_
5.5	1747	[1]	εἶναί	_	_
5.5	1748	[1]	φησιν	_	_
5.5	1749	[155]	,	b	_
5.5	1750	[5]	οὔτε	_	_
5.5	1751	[11]	περὶ	_	_
5.5	1752	[37]	τῶν	_	_
5.5	1753	[3]	παθῶν	_	_
5.5	1754	[1]	ἐναντία	_	_
5.5	1755	[6]	ταῖς	_	_
5.5	1756	[2]	ἰδίαις	_	_
5.5	1757	[1]	ὑποθέσεσι	_	_
5.5	1758	[1]	γράψας	_	_
5.5	1759	[156]	,	b	_
5.5	1760	[5]	ὥσπερ	_	_
5.5	1761	[15]	ὁ	_	_
5.5	1762	[7]	Χρύσιππος	_	_
5.5	1763	[42]	.	b	_
5.6	1	[1]	Ἀλλὰ	_	_
5.6	2	[1]	περὶ	_	_
5.6	3	[1]	μὲν	_	_
5.6	4	[1]	τῶν	_	_
5.6	5	[1]	ἀρετῶν	_	_
5.6	6	[1]	ἐν	_	_
5.6	7	[1]	τοῖς	_	_
5.6	8	[1]	ἑξῆς	_	_
5.6	9	[1]	ἐροῦμεν	_	_
5.6	10	[1]	,	b	_
5.6	11	[1]	ἐπειδὴ	_	_
5.6	12	[1]	καὶ	_	_
5.6	13	[2]	περὶ	_	_
5.6	14	[1]	τούτων	_	_
5.6	15	[1]	ὁ	_	_
5.6	16	[1]	Χρύσιππος	_	_
5.6	17	[1]	ἐπηρεάζει	_	_
5.6	18	[1]	τὸν	_	_
5.6	19	[1]	Πλάτωνα	_	_
5.6	20	[1]	.	b	_
5.6	21	[1]	νυνὶ	_	_
5.6	22	[1]	γὰρ	_	_
5.6	23	[1]	ἐξ	_	_
5.6	24	[1]	ἀκολουθίας	_	_
5.6	25	[1]	τινὸς	_	_
5.6	26	[1]	αὐτῶν	_	_
5.6	27	[1]	ἐμνημόνευσα	_	_
5.6	28	[2]	,	b	_
5.6	29	[1]	τῷ	_	_
5.6	30	[3]	περὶ	_	_
5.6	31	[2]	τῶν	_	_
5.6	32	[1]	παθῶν	_	_
5.6	33	[1]	δόγματι	_	_
5.6	34	[2]	καὶ	_	_
5.6	35	[1]	τοῦ	_	_
5.6	36	[4]	περὶ	_	_
5.6	37	[3]	τῶν	_	_
5.6	38	[2]	ἀρετῶν	_	_
5.6	39	[2]	ἐξ	_	_
5.6	40	[1]	ἀνάγκης	_	_
5.6	41	[1]	ἑπομένου	_	_
5.6	42	[3]	,	b	_
5.6	43	[1]	ὥσπερ	_	_
5.6	44	[3]	καὶ	_	_
5.6	45	[2]	ὁ	_	_
5.6	46	[1]	Ποσειδώνιός	_	_
5.6	47	[1]	φησιν	_	_
5.6	48	[4]	,	b	_
5.6	49	[1]	ᾧδέ	_	_
5.6	50	[1]	πως	_	_
5.6	51	[1]	γράφων	_	_
5.6	52	[1]	αὐτοῖς	_	_
5.6	53	[1]	ὀνόμασι	_	_
5.6	54	[1]	κατὰ	_	_
5.6	55	[1]	τὸ	_	_
5.6	56	[1]	πρῶτον	_	_
5.6	57	[5]	περὶ	_	_
5.6	58	[2]	παθῶν	_	_
5.6	59	[1]	οὐ	_	_
5.6	60	[1]	μετὰ	_	_
5.6	61	[1]	πολλὰ	_	_
5.6	62	[1]	τῆς	_	_
5.6	63	[1]	ἀρχῆς	_	_
5.6	64	[2]	τοῦ	_	_
5.6	65	[1]	βιβλίου	_	_
5.6	66	[1]	·	b	_
5.6	67	[1]	νομίζω	_	_
5.6	68	[2]	γὰρ	_	_
5.6	69	[4]	καὶ	_	_
5.6	70	[1]	τὴν	_	_
5.6	71	[6]	περὶ	_	_
5.6	72	[1]	ἀγαθῶν	_	_
5.6	73	[5]	καὶ	_	_
5.6	74	[1]	κακῶν	_	_
5.6	75	[5]	,	b	_
5.6	76	[6]	καὶ	_	_
5.6	77	[2]	τὴν	_	_
5.6	78	[7]	περὶ	_	_
5.6	79	[1]	τελῶν	_	_
5.6	80	[6]	,	b	_
5.6	81	[7]	καὶ	_	_
5.6	82	[3]	τὴν	_	_
5.6	83	[8]	περὶ	_	_
5.6	84	[3]	ἀρετῶν	_	_
5.6	85	[1]	ἐκ	_	_
5.6	86	[2]	τῆς	_	_
5.6	87	[9]	περὶ	_	_
5.6	88	[3]	παθῶν	_	_
5.6	89	[1]	ὀρθῶς	_	_
5.6	90	[1]	διασκέψεως	_	_
5.6	91	[1]	ἠρτῆσθαι	_	_
5.6	92	[2]	.	b	_
5.6	93	[1]	ὅτι	_	_
5.6	94	[2]	μὲν	_	_
5.6	95	[1]	οὖν	_	_
5.6	96	[4]	τὴν	_	_
5.6	97	[10]	περὶ	_	_
5.6	98	[4]	τῶν	_	_
5.6	99	[4]	ἀρετῶν	_	_
5.6	100	[2]	ὀρθῶς	_	_
5.6	101	[1]	δόξαν	_	_
5.6	102	[1]	ἐζεῦχθαι	_	_
5.6	103	[1]	συμβέβηκε	_	_
5.6	104	[1]	τῇ	_	_
5.6	105	[11]	περὶ	_	_
5.6	106	[5]	τῶν	_	_
5.6	107	[4]	παθῶν	_	_
5.6	108	[7]	,	b	_
5.6	109	[1]	αὐτάρκως	_	_
5.6	110	[1]	ἐνδεδεῖχθαί	_	_
5.6	111	[1]	μοι	_	_
5.6	112	[1]	δοκῶ	_	_
5.6	113	[2]	·	b	_
5.6	114	[2]	ὅτι	_	_
5.6	115	[1]	δὲ	_	_
5.6	116	[8]	καὶ	_	_
5.6	117	[5]	τὴν	_	_
5.6	118	[12]	περὶ	_	_
5.6	119	[2]	ἀγαθῶν	_	_
5.6	120	[1]	τε	_	_
5.6	121	[9]	καὶ	_	_
5.6	122	[3]	τοῦ	_	_
5.6	123	[1]	τέλους	_	_
5.6	124	[8]	,	b	_
5.6	125	[1]	ἀρκεῖ	_	_
5.6	126	[2]	μοι	_	_
5.6	127	[1]	τὰ	_	_
5.6	128	[1]	Ποσειδωνίου	_	_
5.6	129	[1]	παραγράψαι	_	_
5.6	130	[1]	τόνδε	_	_
5.6	131	[2]	τὸν	_	_
5.6	132	[1]	τρόπον	_	_
5.6	133	[1]	ἔχοντα	_	_
5.6	134	[3]	.	b	_
5.6	135	[2]	τὸ	_	_
5.6	136	[1]	δὴ	_	_
5.6	137	[6]	τῶν	_	_
5.6	138	[5]	παθῶν	_	_
5.6	139	[1]	αἴτιον	_	_
5.6	140	[9]	,	b	_
5.6	141	[1]	τουτέστι	_	_
5.6	142	[3]	τῆς	_	_
5.6	143	[2]	τε	_	_
5.6	144	[1]	ἀνομολογίας	_	_
5.6	145	[10]	καὶ	_	_
5.6	146	[4]	τοῦ	_	_
5.6	147	[1]	κακοδαίμονος	_	_
5.6	148	[1]	βίου	_	_
5.6	149	[10]	,	b	_
5.6	150	[3]	τὸ	_	_
5.6	151	[1]	μὴ	_	_
5.6	152	[2]	κατὰ	_	_
5.6	153	[1]	πᾶν	_	_
5.6	154	[1]	ἕπεσθαι	_	_
5.6	155	[2]	τῷ	_	_
5.6	156	[2]	ἐν	_	_
5.6	157	[1]	αὑτῷ	_	_
5.6	158	[1]	δαίμονι	_	_
5.6	159	[1]	συγγενεῖ	_	_
5.6	160	[3]	τε	_	_
5.6	161	[1]	ὄντι	_	_
5.6	162	[11]	καὶ	_	_
5.6	163	[6]	τὴν	_	_
5.6	164	[1]	ὁμοίαν	_	_
5.6	165	[1]	φύσιν	_	_
5.6	166	[1]	ἔχοντι	_	_
5.6	167	[3]	τῷ	_	_
5.6	168	[3]	τὸν	_	_
5.6	169	[1]	ὅλον	_	_
5.6	170	[1]	κόσμον	_	_
5.6	171	[1]	διοικοῦντι	_	_
5.6	172	[11]	,	b	_
5.6	173	[4]	τῷ	_	_
5.6	174	[2]	δὲ	_	_
5.6	175	[1]	χείρονι	_	_
5.6	176	[12]	καὶ	_	_
5.6	177	[1]	ζωώδει	_	_
5.6	178	[1]	ποτὲ	_	_
5.6	179	[1]	συνεκκλίνοντας	_	_
5.6	180	[1]	φέρεσθαι	_	_
5.6	181	[4]	.	b	_
5.6	182	[1]	οἱ	_	_
5.6	183	[3]	δὲ	_	_
5.6	184	[1]	τοῦτο	_	_
5.6	185	[1]	παριδόντες	_	_
5.6	186	[1]	οὔτε	_	_
5.6	187	[3]	ἐν	_	_
5.6	188	[1]	τούτοις	_	_
5.6	189	[1]	βελτιοῦσι	_	_
5.6	190	[7]	τὴν	_	_
5.6	191	[1]	αἰτίαν	_	_
5.6	192	[7]	τῶν	_	_
5.6	193	[6]	παθῶν	_	_
5.6	194	[12]	,	b	_
5.6	195	[1]	οὔτ	_	_
5.6	196	[1]	’	b	_
5.6	197	[4]	ἐν	_	_
5.6	198	[2]	τοῖς	_	_
5.6	199	[13]	περὶ	_	_
5.6	200	[4]	τῆς	_	_
5.6	201	[1]	εὐδαιμονίας	_	_
5.6	202	[13]	καὶ	_	_
5.6	203	[1]	ὁμολογίας	_	_
5.6	204	[1]	ὀρθοδοξοῦσιν	_	_
5.6	205	[5]	.	b	_
5.6	206	[2]	οὐ	_	_
5.6	207	[3]	γὰρ	_	_
5.6	208	[1]	βλέπουσιν	_	_
5.6	209	[13]	,	b	_
5.6	210	[3]	ὅτι	_	_
5.6	211	[1]	πρῶτόν	_	_
5.6	212	[1]	ἐστιν	_	_
5.6	213	[5]	ἐν	_	_
5.6	214	[1]	αὐτῇ	_	_
5.6	215	[4]	τὸ	_	_
5.6	216	[3]	κατὰ	_	_
5.6	217	[1]	μηδὲν	_	_
5.6	218	[1]	ἄγεσθαι	_	_
5.6	219	[1]	ὑπὸ	_	_
5.6	220	[5]	τοῦ	_	_
5.6	221	[1]	ἀλόγου	_	_
5.6	222	[4]	τε	_	_
5.6	223	[14]	καὶ	_	_
5.6	224	[2]	κακοδαίμονος	_	_
5.6	225	[15]	καὶ	_	_
5.6	226	[1]	ἀθέου	_	_
5.6	227	[5]	τῆς	_	_
5.6	228	[1]	ψυχῆς	_	_
5.6	229	[6]	.	b	_
5.6	230	[6]	ἐν	_	_
5.6	231	[2]	τούτοις	_	_
5.6	232	[1]	φανερῶς	_	_
5.6	233	[3]	ὁ	_	_
5.6	234	[1]	Ποσειδώνιος	_	_
5.6	235	[1]	ἐδίδαξε	_	_
5.6	236	[14]	,	b	_
5.6	237	[1]	πηλίκον	_	_
5.6	238	[1]	ἁμαρτάνουσιν	_	_
5.6	239	[2]	οἱ	_	_
5.6	240	[14]	περὶ	_	_
5.6	241	[4]	τὸν	_	_
5.6	242	[1]	Χρύσιππον	_	_
5.6	243	[15]	,	b	_
5.6	244	[3]	οὐ	_	_
5.6	245	[1]	μόνον	_	_
5.6	246	[7]	ἐν	_	_
5.6	247	[3]	τοῖς	_	_
5.6	248	[15]	περὶ	_	_
5.6	249	[8]	τῶν	_	_
5.6	250	[7]	παθῶν	_	_
5.6	251	[1]	λογισμοῖς	_	_
5.6	252	[16]	,	b	_
5.6	253	[1]	ἀλλὰ	_	_
5.6	254	[16]	καὶ	_	_
5.6	255	[16]	περὶ	_	_
5.6	256	[6]	τοῦ	_	_
5.6	257	[2]	τέλους	_	_
5.6	258	[7]	.	b	_
5.6	259	[4]	οὐ	_	_
5.6	260	[4]	γὰρ	_	_
5.6	261	[17]	,	b	_
5.6	262	[1]	ὡς	_	_
5.6	263	[1]	ἐκεῖνοι	_	_
5.6	264	[1]	λέγουσιν	_	_
5.6	265	[18]	,	b	_
5.6	266	[1]	ἀλλ	_	_
5.6	267	[2]	’	b	_
5.6	268	[2]	ὡς	_	_
5.6	269	[4]	ὁ	_	_
5.6	270	[1]	Πλάτων	_	_
5.6	271	[2]	ἐδίδαξε	_	_
5.6	272	[19]	,	b	_
5.6	273	[5]	τὸ	_	_
5.6	274	[2]	τῇ	_	_
5.6	275	[1]	φύσει	_	_
5.6	276	[1]	ζῆν	_	_
5.6	277	[1]	ὁμολογουμένως	_	_
5.6	278	[1]	ἐστίν	_	_
5.6	279	[8]	.	b	_
5.6	280	[1]	ὄντος	_	_
5.6	281	[5]	γὰρ	_	_
5.6	282	[8]	ἐν	_	_
5.6	283	[1]	ἡμῖν	_	_
5.6	284	[7]	τοῦ	_	_
5.6	285	[3]	μὲν	_	_
5.6	286	[1]	βελτίονος	_	_
5.6	287	[6]	τῆς	_	_
5.6	288	[2]	ψυχῆς	_	_
5.6	289	[1]	μέρους	_	_
5.6	290	[20]	,	b	_
5.6	291	[8]	τοῦ	_	_
5.6	292	[4]	δὲ	_	_
5.6	293	[1]	χείρους	_	_
5.6	294	[21]	,	b	_
5.6	295	[5]	ὁ	_	_
5.6	296	[4]	μὲν	_	_
5.6	297	[5]	τῷ	_	_
5.6	298	[1]	βελτίονι	_	_
5.6	299	[1]	συνεπόμενος	_	_
5.6	300	[2]	ὁμολογουμένως	_	_
5.6	301	[1]	ἂν	_	_
5.6	302	[1]	λέγοιτο	_	_
5.6	303	[3]	τῇ	_	_
5.6	304	[2]	φύσει	_	_
5.6	305	[1]	ζῇν	_	_
5.6	306	[22]	,	b	_
5.6	307	[6]	ὁ	_	_
5.6	308	[5]	δὲ	_	_
5.6	309	[6]	τῷ	_	_
5.6	310	[2]	χείρονι	_	_
5.6	311	[1]	μᾶλλον	_	_
5.6	312	[1]	ἑπόμενος	_	_
5.6	313	[1]	ἀνομολογουμένως	_	_
5.6	314	[3]	·	b	_
5.6	315	[1]	ἔστι	_	_
5.6	316	[1]	δ	_	_
5.6	317	[3]	’	b	_
5.6	318	[1]	οὗτος	_	_
5.6	319	[5]	μὲν	_	_
5.6	320	[7]	ὁ	_	_
5.6	321	[4]	κατὰ	_	_
5.6	322	[1]	πάθος	_	_
5.6	323	[1]	ζῶν	_	_
5.6	324	[23]	,	b	_
5.6	325	[1]	ἐκεῖνος	_	_
5.6	326	[6]	δὲ	_	_
5.6	327	[8]	ὁ	_	_
5.6	328	[5]	κατὰ	_	_
5.6	329	[1]	λόγον	_	_
5.6	330	[9]	.	b	_
5.6	331	[1]	οὐκ	_	_
5.6	332	[1]	ἀρκεσθεὶς	_	_
5.6	333	[7]	δὲ	_	_
5.6	334	[1]	τούτοῖς	_	_
5.6	335	[9]	ὁ	_	_
5.6	336	[2]	Ποσειδώνιος	_	_
5.6	337	[1]	ἐναργέστερόν	_	_
5.6	338	[5]	τε	_	_
5.6	339	[17]	καὶ	_	_
5.6	340	[1]	σφοδρότερον	_	_
5.6	341	[1]	καθάπτεται	_	_
5.6	342	[9]	τῶν	_	_
5.6	343	[17]	περὶ	_	_
5.6	344	[5]	τὸν	_	_
5.6	345	[2]	Χρύσιππον	_	_
5.6	346	[24]	,	b	_
5.6	347	[3]	ὡς	_	_
5.6	348	[2]	οὐκ	_	_
5.6	349	[3]	ὀρθῶς	_	_
5.6	350	[1]	ἐξηγουμένων	_	_
5.6	351	[6]	τὸ	_	_
5.6	352	[1]	τέλος	_	_
5.6	353	[10]	.	b	_
5.6	354	[1]	ἔχει	_	_
5.6	355	[8]	δὲ	_	_
5.6	356	[1]	ἡ	_	_
5.6	357	[1]	ῥῆσις	_	_
5.6	358	[1]	ᾧδε	_	_
5.6	359	[4]	·	b	_
5.6	360	[1]	ἃ	_	_
5.6	361	[2]	δὴ	_	_
5.6	362	[1]	παρέντες	_	_
5.6	363	[1]	ἔνιοι	_	_
5.6	364	[7]	τὸ	_	_
5.6	365	[3]	ὁμολογουμένως	_	_
5.6	366	[2]	ζῇν	_	_
5.6	367	[1]	συστέλλουσιν	_	_
5.6	368	[1]	εἰς	_	_
5.6	369	[8]	τὸ	_	_
5.6	370	[2]	πᾶν	_	_
5.6	371	[9]	τὸ	_	_
5.6	372	[1]	ἐνδεχόμενον	_	_
5.6	373	[1]	ποιεῖν	_	_
5.6	374	[1]	ἕνεκα	_	_
5.6	375	[10]	τῶν	_	_
5.6	376	[1]	πρώτων	_	_
5.6	377	[6]	κατὰ	_	_
5.6	378	[2]	φύσιν	_	_
5.6	379	[25]	,	b	_
5.6	380	[1]	ὅμοιον	_	_
5.6	381	[1]	αὐτὸ	_	_
5.6	382	[1]	ποιοῦντες	_	_
5.6	383	[7]	τῷ	_	_
5.6	384	[1]	σκοπὸν	_	_
5.6	385	[1]	ἐκτίθεσθαι	_	_
5.6	386	[8]	τὴν	_	_
5.6	387	[1]	ἡδονὴν	_	_
5.6	388	[26]	,	b	_
5.6	389	[1]	ἢ	_	_
5.6	390	[9]	τὴν	_	_
5.6	391	[1]	ἀοχλησίαν	_	_
5.6	392	[27]	,	b	_
5.6	393	[2]	ἢ	_	_
5.6	394	[1]	ἄλλο	_	_
5.6	395	[1]	τι	_	_
5.6	396	[1]	τοιοῦτον	_	_
5.6	397	[11]	.	b	_
5.6	398	[2]	ἔστι	_	_
5.6	399	[9]	δὲ	_	_
5.6	400	[1]	μάχην	_	_
5.6	401	[1]	ἐμφαῖνον	_	_
5.6	402	[1]	κατ	_	_
5.6	403	[4]	’	b	_
5.6	404	[1]	αὐτὴν	_	_
5.6	405	[10]	τὴν	_	_
5.6	406	[1]	ἐκφορὰν	_	_
5.6	407	[28]	,	b	_
5.6	408	[1]	καλὸν	_	_
5.6	409	[10]	δὲ	_	_
5.6	410	[18]	καὶ	_	_
5.6	411	[1]	εὐδαιμονικὸν	_	_
5.6	412	[1]	οὐδέν	_	_
5.6	413	[12]	.	b	_
5.6	414	[1]	παρέπεται	_	_
5.6	415	[6]	γὰρ	_	_
5.6	416	[7]	κατὰ	_	_
5.6	417	[10]	τὸ	_	_
5.6	418	[1]	ἀναγκαῖον	_	_
5.6	419	[8]	τῷ	_	_
5.6	420	[1]	τέλει	_	_
5.6	421	[29]	,	b	_
5.6	422	[2]	τέλος	_	_
5.6	423	[11]	δὲ	_	_
5.6	424	[3]	οὐκ	_	_
5.6	425	[1]	ἔστιν	_	_
5.6	426	[30]	,	b	_
5.6	427	[2]	ἀλλὰ	_	_
5.6	428	[19]	καὶ	_	_
5.6	429	[1]	τούτου	_	_
5.6	430	[1]	διαληφθέντος	_	_
5.6	431	[4]	ὀρθῶς	_	_
5.6	432	[31]	,	b	_
5.6	433	[1]	ἔξεστι	_	_
5.6	434	[6]	μὲν	_	_
5.6	435	[1]	αὐτῷ	_	_
5.6	436	[1]	χρῆσθαι	_	_
5.6	437	[1]	πρὸς	_	_
5.6	438	[11]	τὸ	_	_
5.6	439	[1]	διακόπτειν	_	_
5.6	440	[1]	τὰς	_	_
5.6	441	[1]	ἀπορίας	_	_
5.6	442	[32]	,	b	_
5.6	443	[1]	ἃς	_	_
5.6	444	[3]	οἱ	_	_
5.6	445	[1]	σοφισταὶ	_	_
5.6	446	[1]	προτείνουσι	_	_
5.6	447	[33]	,	b	_
5.6	448	[2]	μὴ	_	_
5.6	449	[1]	μέντοι	_	_
5.6	450	[1]	γε	_	_
5.6	451	[12]	τὸ	_	_
5.6	452	[2]	κατ	_	_
5.6	453	[5]	’	b	_
5.6	454	[1]	ἐμπειρίαν	_	_
5.6	455	[11]	τῶν	_	_
5.6	456	[8]	κατὰ	_	_
5.6	457	[11]	τὴν	_	_
5.6	458	[1]	ὅλην	_	_
5.6	459	[3]	φύσιν	_	_
5.6	460	[1]	συμβαινόντων	_	_
5.6	461	[3]	ζῇν	_	_
5.6	462	[34]	,	b	_
5.6	463	[1]	ὅπερ	_	_
5.6	464	[1]	ἰσοδυναμεῖ	_	_
5.6	465	[9]	τῷ	_	_
5.6	466	[4]	ὁμολογουμένως	_	_
5.6	467	[1]	εἰπεῖν	_	_
5.6	468	[4]	ζῇν	_	_
5.6	469	[35]	,	b	_
5.6	470	[1]	ἡνίκα	_	_
5.6	471	[3]	μὴ	_	_
5.6	472	[2]	τοῦτο	_	_
5.6	473	[1]	μικροπρεπῶς	_	_
5.6	474	[1]	συντείνειν	_	_
5.6	475	[1]	εἴς	_	_
5.6	476	[2]	τι	_	_
5.6	477	[12]	τῶν	_	_
5.6	478	[1]	διαφόρων	_	_
5.6	479	[1]	τυγχάνει	_	_
5.6	480	[13]	.	b	_
5.6	481	[1]	ἤρκει	_	_
5.6	482	[7]	μὲν	_	_
5.6	483	[2]	οὖν	_	_
5.6	484	[1]	ἴσως	_	_
5.6	485	[20]	καὶ	_	_
5.6	486	[3]	τοῦτο	_	_
5.6	487	[2]	πρὸς	_	_
5.6	488	[1]	ἔνδειξιν	_	_
5.6	489	[7]	τῆς	_	_
5.6	490	[1]	ἀτοπίας	_	_
5.6	491	[1]	ὧν	_	_
5.6	492	[10]	ὁ	_	_
5.6	493	[2]	Χρύσιππος	_	_
5.6	494	[1]	εἴρηκε	_	_
5.6	495	[18]	περὶ	_	_
5.6	496	[9]	τοῦ	_	_
5.6	497	[3]	τέλους	_	_
5.6	498	[1]	ἐξηγούμενος	_	_
5.6	499	[36]	,	b	_
5.6	500	[1]	ὅπως	_	_
5.6	501	[2]	ἂν	_	_
5.6	502	[1]	τις	_	_
5.6	503	[1]	τυγχάνοι	_	_
5.6	504	[10]	τοῦ	_	_
5.6	505	[5]	ὁμολογουμένως	_	_
5.6	506	[4]	τῇ	_	_
5.6	507	[3]	φύσει	_	_
5.6	508	[5]	ζῇν	_	_
5.6	509	[14]	.	b	_
5.6	510	[1]	ἄμεινον	_	_
5.6	511	[1]	μὴν	_	_
5.6	512	[1]	ἡγοῦμαι	_	_
5.6	513	[21]	καὶ	_	_
5.6	514	[2]	τὰ	_	_
5.6	515	[3]	τούτοις	_	_
5.6	516	[2]	ἑξῆς	_	_
5.6	517	[2]	ὑπὸ	_	_
5.6	518	[11]	τοῦ	_	_
5.6	519	[2]	Ποσειδωνίου	_	_
5.6	520	[1]	γεγραμμένα	_	_
5.6	521	[1]	παραθέσθαι	_	_
5.6	522	[2]	τόνδε	_	_
5.6	523	[6]	τὸν	_	_
5.6	524	[2]	τρόπον	_	_
5.6	525	[2]	ἔχοντα	_	_
5.6	526	[15]	.	b	_
5.6	527	[1]	ταύτην	_	_
5.6	528	[6]	τε	_	_
5.6	529	[3]	δὴ	_	_
5.6	530	[12]	τὴν	_	_
5.6	531	[1]	ἀτοπίαν	_	_
5.6	532	[1]	διέλυσεν	_	_
5.6	533	[2]	ἡ	_	_
5.6	534	[1]	αἰτία	_	_
5.6	535	[13]	τῶν	_	_
5.6	536	[8]	παθῶν	_	_
5.6	537	[1]	ὁραθεῖσα	_	_
5.6	538	[37]	,	b	_
5.6	539	[22]	καὶ	_	_
5.6	540	[2]	τὰς	_	_
5.6	541	[1]	ἀρχὰς	_	_
5.6	542	[1]	ἔδειξε	_	_
5.6	543	[8]	τῆς	_	_
5.6	544	[9]	ἐν	_	_
5.6	545	[4]	τοῖς	_	_
5.6	546	[1]	ὀρεκτοῖς	_	_
5.6	547	[23]	καὶ	_	_
5.6	548	[1]	φευκτοῖς	_	_
5.6	549	[1]	διαστροφῆς	_	_
5.6	550	[38]	,	b	_
5.6	551	[24]	καὶ	_	_
5.6	552	[1]	τοὺς	_	_
5.6	553	[1]	τρόπους	_	_
5.6	554	[9]	τῆς	_	_
5.6	555	[1]	ἀσκήσεως	_	_
5.6	556	[1]	διεῖλε	_	_
5.6	557	[16]	.	b	_
5.6	558	[25]	καὶ	_	_
5.6	559	[3]	τὰ	_	_
5.6	560	[1]	διαπορούμενα	_	_
5.6	561	[19]	περὶ	_	_
5.6	562	[10]	τῆς	_	_
5.6	563	[2]	ἐκ	_	_
5.6	564	[1]	πάθους	_	_
5.6	565	[1]	ὁρμῆς	_	_
5.6	566	[1]	ἐξέφῃνεν	_	_
5.6	567	[17]	.	b	_
5.6	568	[5]	οὐ	_	_
5.6	569	[1]	σμικρά	_	_
5.6	570	[2]	γε	_	_
5.6	571	[1]	οὐδὲ	_	_
5.6	572	[4]	τὰ	_	_
5.6	573	[1]	τυχόντα	_	_
5.6	574	[1]	φησὶν	_	_
5.6	575	[1]	ἡμᾶς	_	_
5.6	576	[1]	ἀπολαύσειν	_	_
5.6	577	[1]	ἀγαθὰ	_	_
5.6	578	[39]	,	b	_
5.6	579	[11]	τῆς	_	_
5.6	580	[1]	αἰτίας	_	_
5.6	581	[14]	τῶν	_	_
5.6	582	[9]	παθῶν	_	_
5.6	583	[1]	εὑρεθείσης	_	_
5.6	584	[18]	.	b	_
5.6	585	[2]	εἰς	_	_
5.6	586	[7]	γὰρ	_	_
5.6	587	[13]	τὸ	_	_
5.6	588	[1]	μαθεῖν	_	_
5.6	589	[1]	ἀκριβῶς	_	_
5.6	590	[40]	,	b	_
5.6	591	[1]	οἷόν	_	_
5.6	592	[3]	τι	_	_
5.6	593	[14]	τὸ	_	_
5.6	594	[6]	ὁμολογουμένως	_	_
5.6	595	[5]	τῇ	_	_
5.6	596	[4]	φύσει	_	_
5.6	597	[6]	ζῇν	_	_
5.6	598	[2]	ἐστιν	_	_
5.6	599	[41]	,	b	_
5.6	600	[3]	ἐκ	_	_
5.6	601	[12]	τῆς	_	_
5.6	602	[15]	τῶν	_	_
5.6	603	[10]	παθῶν	_	_
5.6	604	[2]	αἰτίας	_	_
5.6	605	[2]	εὑρεθείσης	_	_
5.6	606	[1]	ὠφελήθημεν	_	_
5.6	607	[19]	.	b	_
5.6	608	[11]	ὁ	_	_
5.6	609	[8]	μὲν	_	_
5.6	610	[8]	γὰρ	_	_
5.6	611	[9]	κατὰ	_	_
5.6	612	[2]	πάθος	_	_
5.6	613	[1]	οὐχ	_	_
5.6	614	[7]	ὁμολογουμένως	_	_
5.6	615	[1]	ζῇ	_	_
5.6	616	[6]	τῇ	_	_
5.6	617	[5]	φύσει	_	_
5.6	618	[42]	,	b	_
5.6	619	[12]	ὁ	_	_
5.6	620	[12]	δὲ	_	_
5.6	621	[4]	μὴ	_	_
5.6	622	[10]	κατὰ	_	_
5.6	623	[3]	πάθος	_	_
5.6	624	[8]	ὁμολογουμένως	_	_
5.6	625	[2]	ζῇ	_	_
5.6	626	[7]	τῇ	_	_
5.6	627	[6]	φύσει	_	_
5.6	628	[20]	.	b	_
5.6	629	[1]	ἕπεται	_	_
5.6	630	[9]	γὰρ	_	_
5.6	631	[13]	ὁ	_	_
5.6	632	[9]	μὲν	_	_
5.6	633	[10]	τῷ	_	_
5.6	634	[1]	ἀλόγῳ	_	_
5.6	635	[26]	καὶ	_	_
5.6	636	[1]	ἐμπλήκτῳ	_	_
5.6	637	[13]	τῆς	_	_
5.6	638	[3]	ψυχῆς	_	_
5.6	639	[43]	,	b	_
5.6	640	[14]	ὁ	_	_
5.6	641	[13]	δὲ	_	_
5.6	642	[11]	τῷ	_	_
5.6	643	[1]	λογικῷ	_	_
5.6	644	[7]	τε	_	_
5.6	645	[27]	καὶ	_	_
5.6	646	[12]	τῷ	_	_
5.6	647	[1]	θείῳ	_	_
5.6	648	[21]	.	b	_
5.6	649	[28]	καὶ	_	_
5.6	650	[3]	τὰς	_	_
5.6	651	[2]	ἀρχὰς	_	_
5.6	652	[14]	δὲ	_	_
5.6	653	[14]	τῆς	_	_
5.6	654	[10]	ἐν	_	_
5.6	655	[5]	τοῖς	_	_
5.6	656	[1]	αἱρετοῖς	_	_
5.6	657	[8]	τε	_	_
5.6	658	[29]	καὶ	_	_
5.6	659	[2]	φευκτοῖς	_	_
5.6	660	[2]	διαστροφῆς	_	_
5.6	661	[1]	ἐδίδαξεν	_	_
5.6	662	[3]	ἡ	_	_
5.6	663	[2]	αἰτία	_	_
5.6	664	[16]	τῶν	_	_
5.6	665	[11]	παθῶν	_	_
5.6	666	[1]	εὑρεθεῖσα	_	_
5.6	667	[22]	.	b	_
5.6	668	[5]	τὰ	_	_
5.6	669	[10]	γὰρ	_	_
5.6	670	[1]	οἰκεῖα	_	_
5.6	671	[1]	ταῖς	_	_
5.6	672	[1]	ἀλόγοις	_	_
5.6	673	[1]	δυνάμεσι	_	_
5.6	674	[15]	τῆς	_	_
5.6	675	[4]	ψυχῆς	_	_
5.6	676	[1]	ἐξαπατώμενοί	_	_
5.6	677	[1]	τινες	_	_
5.6	678	[4]	ὡς	_	_
5.6	679	[1]	ἁπλῶς	_	_
5.6	680	[2]	οἰκεῖα	_	_
5.6	681	[1]	δοξάζουσιν	_	_
5.6	682	[44]	,	b	_
5.6	683	[4]	οὐκ	_	_
5.6	684	[1]	εἰδότες	_	_
5.6	685	[45]	,	b	_
5.6	686	[5]	ὡς	_	_
5.6	687	[15]	τὸ	_	_
5.6	688	[10]	μὲν	_	_
5.6	689	[1]	ἥδεσθαί	_	_
5.6	690	[9]	τε	_	_
5.6	691	[30]	καὶ	_	_
5.6	692	[16]	τὸ	_	_
5.6	693	[1]	κρατεῖν	_	_
5.6	694	[17]	τῶν	_	_
5.6	695	[1]	πέλας	_	_
5.6	696	[12]	τοῦ	_	_
5.6	697	[1]	ζωώδους	_	_
5.6	698	[16]	τῆς	_	_
5.6	699	[5]	ψυχῆς	_	_
5.6	700	[3]	ἐστιν	_	_
5.6	701	[1]	ὀρεκτὰ	_	_
5.6	702	[46]	,	b	_
5.6	703	[1]	σοφία	_	_
5.6	704	[15]	δὲ	_	_
5.6	705	[31]	καὶ	_	_
5.6	706	[3]	πᾶν	_	_
5.6	707	[1]	ὅσον	_	_
5.6	708	[1]	ἀγαθόν	_	_
5.6	709	[10]	τε	_	_
5.6	710	[32]	καὶ	_	_
5.6	711	[2]	καλὸν	_	_
5.6	712	[1]	ἅμα	_	_
5.6	713	[13]	τοῦ	_	_
5.6	714	[1]	λογικοῦ	_	_
5.6	715	[11]	τε	_	_
5.6	716	[33]	καὶ	_	_
5.6	717	[1]	θείου	_	_
5.6	718	[23]	.	b	_
5.6	719	[34]	καὶ	_	_
5.6	720	[2]	τοὺς	_	_
5.6	721	[2]	τρόπους	_	_
5.6	722	[16]	δὲ	_	_
5.6	723	[47]	,	b	_
5.6	724	[1]	φησὶ	_	_
5.6	725	[48]	,	b	_
5.6	726	[17]	τῆς	_	_
5.6	727	[2]	ἀσκήσεως	_	_
5.6	728	[4]	ἡ	_	_
5.6	729	[18]	τῶν	_	_
5.6	730	[12]	παθῶν	_	_
5.6	731	[3]	αἰτία	_	_
5.6	732	[1]	γνωρισθεῖσα	_	_
5.6	733	[1]	διωρίσατο	_	_
5.6	734	[24]	.	b	_
5.6	735	[3]	τοὺς	_	_
5.6	736	[11]	μὲν	_	_
5.6	737	[11]	γὰρ	_	_
5.6	738	[11]	ἐν	_	_
5.6	739	[1]	τοιοῖσδε	_	_
5.6	740	[1]	ῥυθμοῖς	_	_
5.6	741	[2]	ἅμα	_	_
5.6	742	[35]	καὶ	_	_
5.6	743	[1]	ἁρμονίαις	_	_
5.6	744	[36]	καὶ	_	_
5.6	745	[1]	ἐπιτηδεύμασι	_	_
5.6	746	[49]	,	b	_
5.6	747	[4]	τοὺς	_	_
5.6	748	[17]	δὲ	_	_
5.6	749	[12]	ἐν	_	_
5.6	750	[2]	τοιοῖσδε	_	_
5.6	751	[1]	διαιτᾶσθαι	_	_
5.6	752	[1]	κελεύσομεν	_	_
5.6	753	[50]	,	b	_
5.6	754	[2]	ὥσπερ	_	_
5.6	755	[15]	ὁ	_	_
5.6	756	[2]	Πλάτων	_	_
5.6	757	[2]	ἡμᾶς	_	_
5.6	758	[3]	ἐδίδαξε	_	_
5.6	759	[51]	,	b	_
5.6	760	[5]	τοὺς	_	_
5.6	761	[12]	μὲν	_	_
5.6	762	[1]	ἀμβλεῖς	_	_
5.6	763	[37]	καὶ	_	_
5.6	764	[1]	νωθροὺς	_	_
5.6	765	[38]	καὶ	_	_
5.6	766	[1]	ἀθύμους	_	_
5.6	767	[1]	ἔν	_	_
5.6	768	[12]	τε	_	_
5.6	769	[6]	τοῖς	_	_
5.6	770	[1]	ὀρθίοις	_	_
5.6	771	[2]	ῥυθμοῖς	_	_
5.6	772	[39]	καὶ	_	_
5.6	773	[2]	ταῖς	_	_
5.6	774	[1]	κινούσαις	_	_
5.6	775	[1]	ἰσχυρῶς	_	_
5.6	776	[13]	τὴν	_	_
5.6	777	[1]	ψυχὴν	_	_
5.6	778	[2]	ἁρμονίαις	_	_
5.6	779	[40]	καὶ	_	_
5.6	780	[7]	τοῖς	_	_
5.6	781	[1]	τοιούτοις	_	_
5.6	782	[2]	ἐπιτηδεύμασι	_	_
5.6	783	[1]	τρέφοντες	_	_
5.6	784	[52]	,	b	_
5.6	785	[6]	τοὺς	_	_
5.6	786	[18]	δὲ	_	_
5.6	787	[1]	θυμικωτέρους	_	_
5.6	788	[41]	καὶ	_	_
5.6	789	[1]	μανικώτερον	_	_
5.6	790	[1]	ᾄττοντας	_	_
5.6	791	[13]	ἐν	_	_
5.6	792	[3]	ταῖς	_	_
5.6	793	[1]	ἐναντίαις	_	_
5.6	794	[25]	.	b	_
5.6	795	[1]	ἐπεὶ	_	_
5.6	796	[1]	διὰ	_	_
5.6	797	[1]	τί	_	_
5.6	798	[3]	πρὸς	_	_
5.6	799	[1]	θεῶν	_	_
5.6	800	[1]	(	a	_
5.6	801	[1]	ἐρωτήσω	_	_
5.6	802	[12]	γὰρ	_	_
5.6	803	[1]	ἔτι	_	_
5.6	804	[4]	τοῦτο	_	_
5.6	805	[7]	τοὺς	_	_
5.6	806	[1]	ἀπὸ	_	_
5.6	807	[14]	τοῦ	_	_
5.6	808	[1]	Χρυσίππου	_	_
5.6	809	[1]	)	b	_
5.6	810	[1]	Δάμων	_	_
5.6	811	[16]	ὁ	_	_
5.6	812	[1]	μουσικὸς	_	_
5.6	813	[1]	αὐλητρίδι	_	_
5.6	814	[1]	παραγενόμενος	_	_
5.6	815	[1]	αὐλούσῃ	_	_
5.6	816	[17]	τὸ	_	_
5.6	817	[1]	Φρύγιον	_	_
5.6	818	[1]	νεανίαις	_	_
5.6	819	[1]	τισὶν	_	_
5.6	820	[1]	οἰνωμένοις	_	_
5.6	821	[42]	καὶ	_	_
5.6	822	[1]	μανικὰ	_	_
5.6	823	[1]	ἄττα	_	_
5.6	824	[1]	διαπραττομένοις	_	_
5.6	825	[1]	ἐκέλευσεν	_	_
5.6	826	[1]	αὐλῆσαι	_	_
5.6	827	[18]	τὸ	_	_
5.6	828	[1]	Δώριον	_	_
5.6	829	[53]	,	b	_
5.6	830	[4]	οἱ	_	_
5.6	831	[2]	δ	_	_
5.6	832	[6]	’	b	_
5.6	833	[1]	εὐθὺς	_	_
5.6	834	[1]	ἐπαύσαντο	_	_
5.6	835	[18]	τῆς	_	_
5.6	836	[1]	ἐμπλήκτου	_	_
5.6	837	[1]	φορᾶς	_	_
5.6	838	[1]	;	b	_
5.6	839	[6]	οὐ	_	_
5.6	840	[13]	γὰρ	_	_
5.6	841	[1]	δήπου	_	_
5.6	842	[4]	τὰς	_	_
5.6	843	[1]	δόξας	_	_
5.6	844	[15]	τοῦ	_	_
5.6	845	[1]	λογιστικοῦ	_	_
5.6	846	[1]	μεταδιδάσκονται	_	_
5.6	847	[4]	πρὸς	_	_
5.6	848	[19]	τῶν	_	_
5.6	849	[1]	αὐλημάτων	_	_
5.6	850	[54]	,	b	_
5.6	851	[3]	ἀλλὰ	_	_
5.6	852	[19]	τὸ	_	_
5.6	853	[1]	παθητικὸν	_	_
5.6	854	[19]	τῆς	_	_
5.6	855	[6]	ψυχῆς	_	_
5.6	856	[1]	ἄλογον	_	_
5.6	857	[1]	ὑπάρχον	_	_
5.6	858	[55]	,	b	_
5.6	859	[1]	ἐπεγείρονταί	_	_
5.6	860	[13]	τε	_	_
5.6	861	[43]	καὶ	_	_
5.6	862	[1]	πραΰνονται	_	_
5.6	863	[2]	διὰ	_	_
5.6	864	[1]	κινήσεων	_	_
5.6	865	[1]	ἀλόγων	_	_
5.6	866	[26]	.	b	_
5.6	867	[13]	τῷ	_	_
5.6	868	[13]	μὲν	_	_
5.6	869	[14]	γὰρ	_	_
5.6	870	[2]	ἀλόγῳ	_	_
5.6	871	[3]	διὰ	_	_
5.6	872	[20]	τῶν	_	_
5.6	873	[2]	ἀλόγων	_	_
5.6	874	[1]	ἥ	_	_
5.6	875	[14]	τε	_	_
5.6	876	[1]	ὠφέλεια	_	_
5.6	877	[44]	καὶ	_	_
5.6	878	[5]	ἡ	_	_
5.6	879	[1]	βλάβη	_	_
5.6	880	[56]	,	b	_
5.6	881	[14]	τῷ	_	_
5.6	882	[2]	λογικῷ	_	_
5.6	883	[19]	δὲ	_	_
5.6	884	[1]	δι	_	_
5.6	885	[7]	’	b	_
5.6	886	[1]	ἐπιστήμης	_	_
5.6	887	[15]	τε	_	_
5.6	888	[45]	καὶ	_	_
5.6	889	[1]	εὐμαθίας	_	_
5.6	890	[27]	.	b	_
5.6	891	[46]	καὶ	_	_
5.6	892	[1]	ταῦτ	_	_
5.6	893	[8]	’	b	_
5.6	894	[3]	οὖν	_	_
5.6	895	[14]	ἐν	_	_
5.6	896	[20]	τῆς	_	_
5.6	897	[21]	τῶν	_	_
5.6	898	[13]	παθῶν	_	_
5.6	899	[3]	αἰτίας	_	_
5.6	900	[1]	γνωσθείσης	_	_
5.6	901	[1]	ὠφελεῖσθαί	_	_
5.6	902	[2]	φησιν	_	_
5.6	903	[3]	ἡμᾶς	_	_
5.6	904	[17]	ὁ	_	_
5.6	905	[3]	Ποσειδώνιος	_	_
5.6	906	[57]	,	b	_
5.6	907	[47]	καὶ	_	_
5.6	908	[1]	προσέτι	_	_
5.6	909	[6]	τὰ	_	_
5.6	910	[2]	διαπορούμενα	_	_
5.6	911	[20]	περὶ	_	_
5.6	912	[21]	τῆς	_	_
5.6	913	[4]	ἐκ	_	_
5.6	914	[2]	πάθους	_	_
5.6	915	[2]	ὁρμῆς	_	_
5.6	916	[1]	ἐξέφηνεν	_	_
5.6	917	[28]	.	b	_
5.6	918	[1]	εἶτ	_	_
5.6	919	[9]	’	b	_
5.6	920	[1]	αὐτὸς	_	_
5.6	921	[58]	,	b	_
5.6	922	[1]	ἅττα	_	_
5.6	923	[1]	ποτ	_	_
5.6	924	[10]	’	b	_
5.6	925	[1]	αὐτά	_	_
5.6	926	[4]	ἐστιν	_	_
5.6	927	[59]	,	b	_
5.6	928	[1]	ἐπιφέρων	_	_
5.6	929	[1]	ἐξηγεῖται	_	_
5.6	930	[3]	τόνδε	_	_
5.6	931	[7]	τὸν	_	_
5.6	932	[3]	τρόπον	_	_
5.6	933	[29]	.	b	_
5.6	934	[1]	οἶμαι	_	_
5.6	935	[15]	γὰρ	_	_
5.6	936	[60]	,	b	_
5.6	937	[4]	ὅτι	_	_
5.6	938	[1]	πάλαι	_	_
5.6	939	[1]	βλέπετε	_	_
5.6	940	[61]	,	b	_
5.6	941	[1]	πῶς	_	_
5.6	942	[4]	διὰ	_	_
5.6	943	[1]	λόγου	_	_
5.6	944	[14]	μὲν	_	_
5.6	945	[1]	πεισθέντες	_	_
5.6	946	[1]	κακὸν	_	_
5.6	947	[1]	ἑαυτοῖς	_	_
5.6	948	[1]	παρεῖναι	_	_
5.6	949	[3]	ἢ	_	_
5.6	950	[1]	ἐπιφέρεσθαι	_	_
5.6	951	[2]	οὔτε	_	_
5.6	952	[1]	φοβοῦνται	_	_
5.6	953	[3]	οὔτε	_	_
5.6	954	[1]	λυποῦνται	_	_
5.6	955	[62]	,	b	_
5.6	956	[1]	φαντασίας	_	_
5.6	957	[3]	δ	_	_
5.6	958	[11]	’	b	_
5.6	959	[1]	ἐκείνων	_	_
5.6	960	[2]	αὐτῶν	_	_
5.6	961	[1]	λαμβάνονται	_	_
5.6	962	[30]	.	b	_
5.6	963	[2]	πῶς	_	_
5.6	964	[16]	γὰρ	_	_
5.6	965	[1]	ἄν	_	_
5.6	966	[2]	τις	_	_
5.6	967	[1]	λόγῳ	_	_
5.6	968	[1]	κινήσειε	_	_
5.6	969	[20]	τὸ	_	_
5.6	970	[2]	ἄλογον	_	_
5.6	971	[63]	,	b	_
5.6	972	[1]	ἐὰν	_	_
5.6	973	[1]	μή	_	_
5.6	974	[1]	τινα	_	_
5.6	975	[1]	ἀναζωγράφησιν	_	_
5.6	976	[1]	προσβάληται	_	_
5.6	977	[1]	αἰσθητῇ	_	_
5.6	978	[1]	παραπλησίαν	_	_
5.6	979	[2]	;	b	_
5.6	980	[1]	οὕτως	_	_
5.6	981	[4]	οὖν	_	_
5.6	982	[5]	ἐκ	_	_
5.6	983	[1]	διηγήσεώς	_	_
5.6	984	[2]	τινες	_	_
5.6	985	[3]	εἰς	_	_
5.6	986	[1]	ἐπιθυμίαν	_	_
5.6	987	[1]	ἐκπίπτουσιν	_	_
5.6	988	[64]	,	b	_
5.6	989	[48]	καὶ	_	_
5.6	990	[1]	ἐναργῶς	_	_
5.6	991	[1]	ἐγκελευσαμένου	_	_
5.6	992	[1]	του	_	_
5.6	993	[1]	φεύγειν	_	_
5.6	994	[8]	τὸν	_	_
5.6	995	[1]	ἐπιφερόμενον	_	_
5.6	996	[1]	λέοντα	_	_
5.6	997	[65]	,	b	_
5.6	998	[5]	οὐκ	_	_
5.6	999	[1]	ἰδόντες	_	_
5.6	1000	[2]	φοβοῦνται	_	_
5.6	1001	[31]	.	b	_
5.6	1002	[1]	ταῦτά	_	_
5.6	1003	[16]	τε	_	_
5.6	1004	[5]	οὖν	_	_
5.6	1005	[1]	εἴρηται	_	_
5.6	1006	[1]	καλῶς	_	_
5.6	1007	[15]	τῷ	_	_
5.6	1008	[1]	Ποσειδωνίῳ	_	_
5.6	1009	[49]	καὶ	_	_
5.6	1010	[7]	τὰ	_	_
5.6	1011	[2]	τούτων	_	_
5.6	1012	[1]	ἐφεξῆς	_	_
5.6	1013	[2]	ἔτι	_	_
5.6	1014	[66]	,	b	_
5.6	1015	[1]	συμπάσας	_	_
5.6	1016	[5]	τὰς	_	_
5.6	1017	[4]	αἰτίας	_	_
5.6	1018	[1]	ἐξηγουμένῳ	_	_
5.6	1019	[22]	τῶν	_	_
5.6	1020	[1]	ἀπορηθέντων	_	_
5.6	1021	[3]	ὑπὸ	_	_
5.6	1022	[16]	τοῦ	_	_
5.6	1023	[2]	Χρυσίππου	_	_
5.6	1024	[67]	,	b	_
5.6	1025	[21]	περὶ	_	_
5.6	1026	[2]	ὧν	_	_
5.6	1027	[11]	κατὰ	_	_
5.6	1028	[21]	τὸ	_	_
5.6	1029	[1]	πρὸ	_	_
5.6	1030	[2]	τούτου	_	_
5.6	1031	[1]	γράμμα	_	_
5.6	1032	[1]	διῆλθον	_	_
5.6	1033	[1]	ἐπὶ	_	_
5.6	1034	[22]	τῆς	_	_
5.6	1035	[1]	τελευτῆς	_	_
5.6	1036	[68]	,	b	_
5.6	1037	[1]	ὅθεν	_	_
5.6	1038	[3]	μοι	_	_
5.6	1039	[2]	δοκῶ	_	_
5.6	1040	[50]	καὶ	_	_
5.6	1041	[1]	νῦν	_	_
5.6	1042	[1]	ἐνταῦθα	_	_
5.6	1043	[1]	καταπαῦσαι	_	_
5.6	1044	[9]	τὸν	_	_
5.6	1045	[2]	λόγον	_	_
5.6	1046	[69]	,	b	_
5.6	1047	[1]	μίαν	_	_
5.6	1048	[3]	ἔτι	_	_
5.6	1049	[14]	τὴν	_	_
5.6	1050	[2]	ἐφεξῆς	_	_
5.6	1051	[1]	αὐτοῦ	_	_
5.6	1052	[1]	παραγράψας	_	_
5.6	1053	[1]	ῥῆσιν	_	_
5.6	1054	[1]	ἔχουσαν	_	_
5.6	1055	[2]	ᾧδε	_	_
5.6	1056	[32]	.	b	_
5.6	1057	[51]	καὶ	_	_
5.6	1058	[2]	μὴν	_	_
5.6	1059	[5]	οἱ	_	_
5.6	1060	[1]	προκόπτοντες	_	_
5.6	1061	[1]	μεγάλα	_	_
5.6	1062	[1]	κακὰ	_	_
5.6	1063	[1]	δοκοῦντες	_	_
5.6	1064	[2]	ἑαυτοῖς	_	_
5.6	1065	[7]	οὐ	_	_
5.6	1066	[2]	λυποῦνται	_	_
5.6	1067	[5]	·	b	_
5.6	1068	[1]	φέρονται	_	_
5.6	1069	[17]	γὰρ	_	_
5.6	1070	[8]	οὐ	_	_
5.6	1071	[12]	κατὰ	_	_
5.6	1072	[22]	τὸ	_	_
5.6	1073	[3]	ἄλογον	_	_
5.6	1074	[23]	τῆς	_	_
5.6	1075	[7]	ψυχῆς	_	_
5.6	1076	[2]	οὕτως	_	_
5.6	1077	[4]	ἀλλὰ	_	_
5.6	1078	[13]	κατὰ	_	_
5.6	1079	[23]	τὸ	_	_
5.6	1080	[1]	λογικόν	_	_
5.6	1081	[33]	.	b	_
5.6	1082	[2]	εἶτ	_	_
5.6	1083	[12]	’	b	_
5.6	1084	[3]	ἐφεξῆς	_	_
5.6	1085	[2]	οὗτος	_	_
5.6	1086	[70]	,	b	_
5.6	1087	[5]	διὰ	_	_
5.6	1088	[2]	τί	_	_
5.6	1089	[8]	τὰ	_	_
5.6	1090	[1]	χρονίζοντα	_	_
5.6	1091	[23]	τῶν	_	_
5.6	1092	[14]	παθῶν	_	_
5.6	1093	[1]	ἡσυχέστερά	_	_
5.6	1094	[17]	τε	_	_
5.6	1095	[52]	καὶ	_	_
5.6	1096	[1]	ἀσθενέστερα	_	_
5.6	1097	[1]	γίγνεται	_	_
5.6	1098	[71]	,	b	_
5.6	1099	[15]	τὴν	_	_
5.6	1100	[2]	αἰτίαν	_	_
5.6	1101	[1]	ἀποδίδωσιν	_	_
5.6	1102	[72]	,	b	_
5.6	1103	[1]	ὑπὲρ	_	_
5.6	1104	[1]	ἧς	_	_
5.6	1105	[18]	ὁ	_	_
5.6	1106	[3]	Χρύσιππος	_	_
5.6	1107	[15]	ἐν	_	_
5.6	1108	[16]	τῷ	_	_
5.6	1109	[1]	δευτέρῳ	_	_
5.6	1110	[22]	περὶ	_	_
5.6	1111	[15]	παθῶν	_	_
5.6	1112	[1]	ἀπορεῖν	_	_
5.6	1113	[1]	ὡμολόγησεν	_	_
5.6	1114	[34]	.	b	_
5.6	1115	[2]	εἴρηται	_	_
5.6	1116	[20]	δὲ	_	_
5.6	1117	[23]	περὶ	_	_
5.6	1118	[1]	αὐτῆς	_	_
5.6	1119	[1]	ὑφ	_	_
5.6	1120	[13]	’	b	_
5.6	1121	[1]	ἡμῶν	_	_
5.6	1122	[2]	ἐπὶ	_	_
5.6	1123	[8]	τῇ	_	_
5.6	1124	[1]	τελευτῇ	_	_
5.6	1125	[17]	τοῦ	_	_
5.6	1126	[1]	τετάρτου	_	_
5.6	1127	[73]	,	b	_
5.6	1128	[53]	καὶ	_	_
5.6	1129	[2]	νῦν	_	_
5.6	1130	[1]	εἰρήσεται	_	_
5.6	1131	[6]	διὰ	_	_
5.6	1132	[1]	βραχέων	_	_
5.6	1133	[1]	οἷον	_	_
5.6	1134	[1]	ἐπιτομή	_	_
5.6	1135	[3]	τις	_	_
5.6	1136	[24]	τῆς	_	_
5.6	1137	[3]	Ποσειδωνίου	_	_
5.6	1138	[1]	ῥήσεως	_	_
5.6	1139	[1]	μακρᾶς	_	_
5.6	1140	[1]	ὑπαρχούσης	_	_
5.6	1141	[35]	.	b	_
5.6	1142	[24]	τὸ	_	_
5.6	1143	[1]	τοίνυν	_	_
5.6	1144	[2]	παθητικὸν	_	_
5.6	1145	[25]	τῆς	_	_
5.6	1146	[8]	ψυχῆς	_	_
5.6	1147	[16]	ἐν	_	_
5.6	1148	[17]	τῷ	_	_
5.6	1149	[1]	χρόνῳ	_	_
5.6	1150	[5]	τοῦτο	_	_
5.6	1151	[15]	μὲν	_	_
5.6	1152	[1]	ἐμπίπλαται	_	_
5.6	1153	[24]	τῶν	_	_
5.6	1154	[1]	οἰκείων	_	_
5.6	1155	[1]	ἐπιθυμιῶν	_	_
5.6	1156	[74]	,	b	_
5.6	1157	[6]	τοῦτο	_	_
5.6	1158	[21]	δὲ	_	_
5.6	1159	[1]	κάμνει	_	_
5.6	1160	[4]	ταῖς	_	_
5.6	1161	[1]	πολυχρονίαις	_	_
5.6	1162	[1]	κινήσεσιν	_	_
5.6	1163	[75]	,	b	_
5.6	1164	[1]	ὥστε	_	_
5.6	1165	[7]	διὰ	_	_
5.6	1166	[1]	ἄμφω	_	_
5.6	1167	[1]	καθησυχάσαντος	_	_
5.6	1168	[2]	αὐτοῦ	_	_
5.6	1169	[54]	καὶ	_	_
5.6	1170	[1]	μέτρια	_	_
5.6	1171	[1]	κινουμένου	_	_
5.6	1172	[2]	κρατεῖν	_	_
5.6	1173	[19]	ὁ	_	_
5.6	1174	[1]	λογισμὸς	_	_
5.6	1175	[1]	ἤδη	_	_
5.6	1176	[1]	δύναται	_	_
5.6	1177	[76]	,	b	_
5.6	1178	[3]	ὥσπερ	_	_
5.6	1179	[55]	καὶ	_	_
5.6	1180	[1]	ἵππου	_	_
5.6	1181	[2]	τινὸς	_	_
5.6	1182	[1]	ἐκφόρου	_	_
5.6	1183	[10]	τὸν	_	_
5.6	1184	[1]	ἐπιβάτην	_	_
5.6	1185	[1]	ἐξενεγκόντος	_	_
5.6	1186	[1]	βιαίως	_	_
5.6	1187	[77]	,	b	_
5.6	1188	[1]	εἶτα	_	_
5.6	1189	[1]	κάμνοντός	_	_
5.6	1190	[18]	τε	_	_
5.6	1191	[3]	ἅμα	_	_
5.6	1192	[18]	τῷ	_	_
5.6	1193	[1]	δρόμῳ	_	_
5.6	1194	[56]	καὶ	_	_
5.6	1195	[2]	προσέτι	_	_
5.6	1196	[57]	καὶ	_	_
5.6	1197	[1]	ἐμπλησθέντος	_	_
5.6	1198	[3]	ὧν	_	_
5.6	1199	[1]	ἐπεθύμησεν	_	_
5.6	1200	[78]	,	b	_
5.6	1201	[1]	αὖθις	_	_
5.6	1202	[20]	ὁ	_	_
5.6	1203	[1]	ἡνίοχος	_	_
5.6	1204	[1]	ἐγκρατὴς	_	_
5.6	1205	[1]	κατασταίη	_	_
5.6	1206	[36]	.	b	_
5.6	1207	[1]	φαίνεται	_	_
5.6	1208	[18]	γὰρ	_	_
5.6	1209	[7]	τοῦτο	_	_
5.6	1210	[1]	πολλάκις	_	_
5.6	1211	[1]	γιγνόμενον	_	_
5.6	1212	[79]	,	b	_
5.6	1213	[58]	καὶ	_	_
5.6	1214	[1]	οἵ	_	_
5.6	1215	[3]	γε	_	_
5.6	1216	[1]	παιδεύοντες	_	_
5.6	1217	[9]	τὰ	_	_
5.6	1218	[1]	νέα	_	_
5.6	1219	[25]	τῶν	_	_
5.6	1220	[1]	ζώων	_	_
5.6	1221	[80]	,	b	_
5.6	1222	[1]	ἐπιτρέψαντες	_	_
5.6	1223	[2]	αὐτοῖς	_	_
5.6	1224	[1]	κάμνειν	_	_
5.6	1225	[19]	τε	_	_
5.6	1226	[4]	ἅμα	_	_
5.6	1227	[59]	καὶ	_	_
5.6	1228	[1]	ἐμπλησθῆναι	_	_
5.6	1229	[14]	κατὰ	_	_
5.6	1230	[6]	τὰς	_	_
5.6	1231	[1]	ἐκφόρους	_	_
5.6	1232	[1]	κινήσεις	_	_
5.6	1233	[81]	,	b	_
5.6	1234	[1]	ὕστερον	_	_
5.6	1235	[1]	ἐπιτίθενται	_	_
5.6	1236	[37]	.	b	_
5.6	1237	[1]	περί	_	_
5.6	1238	[20]	τε	_	_
5.6	1239	[6]	οὖν	_	_
5.6	1240	[26]	τῶν	_	_
5.6	1241	[1]	τοιούτων	_	_
5.6	1242	[1]	ἠπόρησεν	_	_
5.6	1243	[21]	ὁ	_	_
5.6	1244	[4]	Χρύσιππος	_	_
5.6	1245	[82]	,	b	_
5.6	1246	[6]	ὡς	_	_
5.6	1247	[3]	ἂν	_	_
5.6	1248	[9]	οὐ	_	_
5.6	1249	[1]	δυνάμενος	_	_
5.6	1250	[4]	εἰς	_	_
5.6	1251	[25]	τὸ	_	_
5.6	1252	[3]	παθητικὸν	_	_
5.6	1253	[26]	τῆς	_	_
5.6	1254	[9]	ψυχῆς	_	_
5.6	1255	[1]	ἀναφέρεσθαι	_	_
5.6	1256	[3]	αὐτῶν	_	_
5.6	1257	[7]	τὰς	_	_
5.6	1258	[5]	αἰτίας	_	_
5.6	1259	[83]	,	b	_
5.6	1260	[60]	καὶ	_	_
5.6	1261	[3]	προσέτι	_	_
5.6	1262	[84]	,	b	_
5.6	1263	[61]	καὶ	_	_
5.6	1264	[19]	γὰρ	_	_
5.6	1265	[62]	καὶ	_	_
5.6	1266	[8]	τοῦτο	_	_
5.6	1267	[1]	δείκνυσιν	_	_
5.6	1268	[17]	ἐν	_	_
5.6	1269	[8]	τοῖς	_	_
5.6	1270	[3]	ἑξῆς	_	_
5.6	1271	[22]	ὁ	_	_
5.6	1272	[4]	Ποσειδώνιος	_	_
5.6	1273	[85]	,	b	_
5.6	1274	[10]	οὐ	_	_
5.6	1275	[9]	τοῖς	_	_
5.6	1276	[1]	φαινομένοις	_	_
5.6	1277	[1]	μόνοις	_	_
5.6	1278	[86]	,	b	_
5.6	1279	[5]	ἀλλὰ	_	_
5.6	1280	[63]	καὶ	_	_
5.6	1281	[1]	Ζήνωνι	_	_
5.6	1282	[64]	καὶ	_	_
5.6	1283	[1]	Κλεάνθει	_	_
5.6	1284	[1]	διαφέρεται	_	_
5.6	1285	[38]	.	b	_
5.6	1286	[16]	τὴν	_	_
5.6	1287	[16]	μὲν	_	_
5.6	1288	[18]	τοῦ	_	_
5.6	1289	[1]	Κλεάνθους	_	_
5.6	1290	[1]	γνώμην	_	_
5.6	1291	[2]	ὑπὲρ	_	_
5.6	1292	[19]	τοῦ	_	_
5.6	1293	[1]	παθητικοῦ	_	_
5.6	1294	[27]	τῆς	_	_
5.6	1295	[10]	ψυχῆς	_	_
5.6	1296	[6]	ἐκ	_	_
5.6	1297	[1]	τῶνδε	_	_
5.6	1298	[1]	φαίνεσθαί	_	_
5.6	1299	[1]	φησι	_	_
5.6	1300	[27]	τῶν	_	_
5.6	1301	[1]	ἐπῶν	_	_
5.6	1302	[39]	.	b	_
5.6	1303	[1]	ΛΟΓ	_	_
5.6	1304	[40]	.	b	_
5.6	1305	[1]	Τί	_	_
5.6	1306	[2]	ποτ	_	_
5.6	1307	[14]	’	b	_
5.6	1308	[1]	ἔσθ	_	_
5.6	1309	[15]	’	b	_
5.6	1310	[1]	ὅ	_	_
5.6	1311	[4]	τι	_	_
5.6	1312	[1]	βούλει	_	_
5.6	1313	[87]	,	b	_
5.6	1314	[1]	θυμέ	_	_
5.6	1315	[3]	;	b	_
5.6	1316	[1]	τοῦτό	_	_
5.6	1317	[4]	μοι	_	_
5.6	1318	[1]	φράσον	_	_
5.6	1319	[88]	,	b	_
5.6	1320	[1]	Θ	_	_
5.6	1321	[41]	.	b	_
5.6	1322	[1]	Ἔχω	_	_
5.6	1323	[89]	,	b	_
5.6	1324	[1]	λογισμὲ	_	_
5.6	1325	[90]	,	b	_
5.6	1326	[4]	πᾶν	_	_
5.6	1327	[1]	ὃ	_	_
5.6	1328	[1]	βούλομαι	_	_
5.6	1329	[2]	ποιεῖν	_	_
5.6	1330	[42]	.	b	_
5.6	1331	[2]	ΛΟΓ	_	_
5.6	1332	[43]	.	b	_
5.6	1333	[1]	Βασιλικόν	_	_
5.6	1334	[4]	γε	_	_
5.6	1335	[1]	πλὴν	_	_
5.6	1336	[1]	ὅμως	_	_
5.6	1337	[1]	εἰπὸν	_	_
5.6	1338	[1]	πάλιν	_	_
5.6	1339	[44]	.	b	_
5.6	1340	[2]	Θ	_	_
5.6	1341	[45]	.	b	_
5.6	1342	[1]	Ὅσ	_	_
5.6	1343	[16]	’	b	_
5.6	1344	[4]	ἂν	_	_
5.6	1345	[1]	ἐπιθυμῶ	_	_
5.6	1346	[91]	,	b	_
5.6	1347	[1]	ταῦθ	_	_
5.6	1348	[17]	’	b	_
5.6	1349	[2]	ὅπως	_	_
5.6	1350	[1]	γενήσεται	_	_
5.6	1351	[46]	.	b	_
5.6	1352	[1]	ταυτὶ	_	_
5.6	1353	[10]	τὰ	_	_
5.6	1354	[1]	ἀμοιβαῖα	_	_
5.6	1355	[2]	Κλεάνθους	_	_
5.6	1356	[2]	φησὶν	_	_
5.6	1357	[1]	εἶναι	_	_
5.6	1358	[5]	Ποσειδώνιος	_	_
5.6	1359	[92]	,	b	_
5.6	1360	[2]	ἐναργῶς	_	_
5.6	1361	[1]	ἐνδεικνύμενος	_	_
5.6	1362	[17]	τὴν	_	_
5.6	1363	[24]	περὶ	_	_
5.6	1364	[20]	τοῦ	_	_
5.6	1365	[2]	παθητικοῦ	_	_
5.6	1366	[28]	τῆς	_	_
5.6	1367	[11]	ψυχῆς	_	_
5.6	1368	[2]	γνώμην	_	_
5.6	1369	[3]	αὐτοῦ	_	_
5.6	1370	[93]	,	b	_
5.6	1371	[1]	εἴ	_	_
5.6	1372	[5]	γε	_	_
5.6	1373	[4]	δὴ	_	_
5.6	1374	[1]	πεποίηκε	_	_
5.6	1375	[11]	τὸν	_	_
5.6	1376	[1]	λογισμὸν	_	_
5.6	1377	[19]	τῷ	_	_
5.6	1378	[1]	θυμῷ	_	_
5.6	1379	[1]	διαλεγόμενον	_	_
5.6	1380	[7]	ὡς	_	_
5.6	1381	[1]	ἕτερον	_	_
5.6	1382	[1]	ἑτέρῳ	_	_
5.6	1383	[47]	.	b	_
5.6	1384	[23]	ὁ	_	_
5.6	1385	[22]	δὲ	_	_
5.6	1386	[5]	Χρύσιππος	_	_
5.6	1387	[1]	οὔθ	_	_
5.6	1388	[18]	’	b	_
5.6	1389	[2]	ἕτερον	_	_
5.6	1390	[48]	.	b	_
5.6	1391	[2]	εἶναι	_	_
5.6	1392	[1]	νομίζει	_	_
5.6	1393	[26]	τὸ	_	_
5.6	1394	[4]	παθητικὸν	_	_
5.6	1395	[29]	τῆς	_	_
5.6	1396	[12]	ψυχῆς	_	_
5.6	1397	[21]	τοῦ	_	_
5.6	1398	[2]	λογιστικοῦ	_	_
5.6	1399	[94]	,	b	_
5.6	1400	[65]	καὶ	_	_
5.6	1401	[28]	τῶν	_	_
5.6	1402	[3]	ἀλόγων	_	_
5.6	1403	[2]	ζώων	_	_
5.6	1404	[1]	ἀφαιρεῖται	_	_
5.6	1405	[11]	τὰ	_	_
5.6	1406	[1]	πάθη	_	_
5.6	1407	[2]	φανερῶς	_	_
5.6	1408	[1]	ἐπιθυμίᾳ	_	_
5.6	1409	[21]	τε	_	_
5.6	1410	[66]	καὶ	_	_
5.6	1411	[2]	θυμῷ	_	_
5.6	1412	[1]	διοικουμένων	_	_
5.6	1413	[95]	,	b	_
5.6	1414	[8]	ὡς	_	_
5.6	1415	[67]	καὶ	_	_
5.6	1416	[6]	Ποσειδώνιος	_	_
5.6	1417	[3]	ὑπὲρ	_	_
5.6	1418	[4]	αὐτῶν	_	_
5.6	1419	[49]	.	b	_
5.6	1420	[1]	ἐπιπλέον	_	_
5.6	1421	[1]	διεξέρχεται	_	_
5.6	1422	[50]	.	b	_
5.6	1423	[1]	ὅσα	_	_
5.6	1424	[17]	μὲν	_	_
5.6	1425	[7]	οὖν	_	_
5.6	1426	[29]	τῶν	_	_
5.6	1427	[3]	ζώων	_	_
5.6	1428	[1]	δυσκίνητ	_	_
5.6	1429	[19]	’	b	_
5.6	1430	[1]	ἐστὶ	_	_
5.6	1431	[68]	καὶ	_	_
5.6	1432	[1]	προσπεφυκότα	_	_
5.6	1433	[1]	δίκην	_	_
5.6	1434	[1]	φυτῶν	_	_
5.6	1435	[1]	πέτραις	_	_
5.6	1436	[1]	ἤ	_	_
5.6	1437	[1]	τισιν	_	_
5.6	1438	[1]	ἑτέροις	_	_
5.6	1439	[2]	τοιούτοις	_	_
5.6	1440	[96]	,	b	_
5.6	1441	[2]	ἐπιθυμίᾳ	_	_
5.6	1442	[1]	μόνῃ	_	_
5.6	1443	[1]	διοικεῖσθαι	_	_
5.6	1444	[1]	λέγει	_	_
5.6	1445	[1]	αὐτὰ	_	_
5.6	1446	[97]	,	b	_
5.6	1447	[12]	τὰ	_	_
5.6	1448	[4]	δ	_	_
5.6	1449	[20]	’	b	_
5.6	1450	[1]	ἄλλα	_	_
5.6	1451	[13]	τὰ	_	_
5.6	1452	[1]	ἄλογα	_	_
5.6	1453	[1]	σύμπαντα	_	_
5.6	1454	[5]	ταῖς	_	_
5.6	1455	[1]	δυνάμεσιν	_	_
5.6	1456	[1]	ἀμφοτέραις	_	_
5.6	1457	[2]	χρῆσθαι	_	_
5.6	1458	[98]	,	b	_
5.6	1459	[9]	τῇ	_	_
5.6	1460	[1]	τ	_	_
5.6	1461	[21]	’	b	_
5.6	1462	[1]	ἐπιθυμητικῇ	_	_
5.6	1463	[69]	καὶ	_	_
5.6	1464	[10]	τῇ	_	_
5.6	1465	[1]	θυμοειδεῖ	_	_
5.6	1466	[99]	,	b	_
5.6	1467	[12]	τὸν	_	_
5.6	1468	[1]	ἄνθρωπον	_	_
5.6	1469	[23]	δὲ	_	_
5.6	1470	[2]	μόνον	_	_
5.6	1471	[6]	ταῖς	_	_
5.6	1472	[1]	τρισὶ	_	_
5.6	1473	[100]	,	b	_
5.6	1474	[1]	προσειληφέναι	_	_
5.6	1475	[20]	γὰρ	_	_
5.6	1476	[70]	καὶ	_	_
5.6	1477	[18]	τὴν	_	_
5.6	1478	[1]	λογιστικὴν	_	_
5.6	1479	[1]	ἀρχήν	_	_
5.6	1480	[51]	.	b	_
5.6	1481	[2]	ταῦτά	_	_
5.6	1482	[22]	τε	_	_
5.6	1483	[8]	οὖν	_	_
5.6	1484	[5]	ὀρθῶς	_	_
5.6	1485	[3]	εἴρηται	_	_
5.6	1486	[20]	τῷ	_	_
5.6	1487	[2]	Ποσειδωνίῳ	_	_
5.6	1488	[71]	καὶ	_	_
5.6	1489	[2]	ἄλλα	_	_
5.6	1490	[1]	πάμπολλα	_	_
5.6	1491	[1]	καθ	_	_
5.6	1492	[22]	’	b	_
5.6	1493	[2]	ὅλην	_	_
5.6	1494	[19]	τὴν	_	_
5.6	1495	[25]	περὶ	_	_
5.6	1496	[30]	τῶν	_	_
5.6	1497	[16]	παθῶν	_	_
5.6	1498	[1]	πραγματείαν	_	_
5.6	1499	[52]	.	b	_
5.6	1500	[4]	ὥσπερ	_	_
5.6	1501	[9]	οὖν	_	_
5.6	1502	[24]	ὁ	_	_
5.6	1503	[6]	Χρύσιππος	_	_
5.6	1504	[1]	ἐσφαλμένος	_	_
5.6	1505	[18]	ἐν	_	_
5.6	1506	[3]	αὐτοῖς	_	_
5.6	1507	[101]	,	b	_
5.6	1508	[9]	ὡς	_	_
5.6	1509	[2]	ἄν	_	_
5.6	1510	[4]	τις	_	_
5.6	1511	[1]	εἴποι	_	_
5.6	1512	[102]	,	b	_
5.6	1513	[10]	τοῖς	_	_
5.6	1514	[1]	στοιχείοις	_	_
5.6	1515	[30]	τῆς	_	_
5.6	1516	[26]	περὶ	_	_
5.6	1517	[31]	τῶν	_	_
5.6	1518	[17]	παθῶν	_	_
5.6	1519	[1]	θεωρίας	_	_
5.6	1520	[3]	ἐξ	_	_
5.6	1521	[2]	ἀνάγκης	_	_
5.6	1522	[2]	πάμπολλα	_	_
5.6	1523	[1]	κακῶς	_	_
5.6	1524	[1]	εἶπεν	_	_
5.6	1525	[103]	,	b	_
5.6	1526	[3]	οὕτως	_	_
5.6	1527	[1]	ἀνάγκη	_	_
5.6	1528	[13]	τὸν	_	_
5.6	1529	[1]	ἀληθέσι	_	_
5.6	1530	[7]	ταῖς	_	_
5.6	1531	[1]	ἀρχαῖς	_	_
5.6	1532	[1]	χρησάμενον	_	_
5.6	1533	[104]	,	b	_
5.6	1534	[1]	εἰ	_	_
5.6	1535	[18]	μὲν	_	_
5.6	1536	[2]	ἀκριβῶς	_	_
5.6	1537	[1]	φυλάξειε	_	_
5.6	1538	[27]	τὸ	_	_
5.6	1539	[5]	πρὸς	_	_
5.6	1540	[1]	αὐτὰς	_	_
5.6	1541	[1]	ἀκόλουθον	_	_
5.6	1542	[105]	,	b	_
5.6	1543	[1]	ἅπαν	_	_
5.6	1544	[2]	εἰπεῖν	_	_
5.6	1545	[6]	ὀρθῶς	_	_
5.6	1546	[106]	,	b	_
5.6	1547	[2]	εἰ	_	_
5.6	1548	[5]	δ	_	_
5.6	1549	[23]	’	b	_
5.6	1550	[6]	οὐκ	_	_
5.6	1551	[3]	ἀκριβῶς	_	_
5.6	1552	[107]	,	b	_
5.6	1553	[6]	ἀλλὰ	_	_
5.6	1554	[1]	τά	_	_
5.6	1555	[6]	γε	_	_
5.6	1556	[1]	πλεῖστα	_	_
5.6	1557	[1]	κατορθῶσαι	_	_
5.6	1558	[53]	.	b	_
5.6	1559	[3]	δοκῶ	_	_
5.6	1560	[5]	μοι	_	_
5.6	1561	[1]	καταπαύσειν	_	_
5.6	1562	[2]	ἤδη	_	_
5.6	1563	[14]	τὸν	_	_
5.6	1564	[1]	ἐνεστῶτα	_	_
5.6	1565	[3]	λόγον	_	_
5.6	1566	[19]	ἐν	_	_
5.6	1567	[1]	τῷδε	_	_
5.6	1568	[54]	.	b	_
5.6	1569	[28]	τὸ	_	_
5.6	1570	[21]	γὰρ	_	_
5.6	1571	[1]	ἐπισκέπτεσθαι	_	_
5.6	1572	[3]	νῦν	_	_
5.6	1573	[108]	,	b	_
5.6	1574	[1]	ὁποίας	_	_
5.6	1575	[3]	τινὸς	_	_
5.6	1576	[1]	ἔχεται	_	_
5.6	1577	[1]	γνώμης	_	_
5.6	1578	[25]	ὁ	_	_
5.6	1579	[1]	Ζήνων	_	_
5.6	1580	[109]	,	b	_
5.6	1581	[11]	οὐ	_	_
5.6	1582	[15]	κατὰ	_	_
5.6	1583	[15]	τὸν	_	_
5.6	1584	[4]	ἐξ	_	_
5.6	1585	[2]	ἀρχῆς	_	_
5.6	1586	[3]	ἄν	_	_
5.6	1587	[6]	μοι	_	_
5.6	1588	[1]	προστεθέντα	_	_
5.6	1589	[1]	γίγνοιτο	_	_
5.6	1590	[1]	σκοπόν	_	_
5.6	1591	[55]	.	b	_
5.6	1592	[2]	ἕνεκα	_	_
5.6	1593	[22]	γὰρ	_	_
5.6	1594	[22]	τοῦ	_	_
5.6	1595	[5]	μὴ	_	_
5.6	1596	[1]	μακρολογεῖν	_	_
5.6	1597	[1]	ἀποχωρήσειν	_	_
5.6	1598	[1]	ἔφην	_	_
5.6	1599	[32]	τῶν	_	_
5.6	1600	[1]	ἄλλων	_	_
5.6	1601	[1]	Στωϊκῶν	_	_
5.6	1602	[110]	,	b	_
5.6	1603	[1]	ἐξετάζειν	_	_
5.6	1604	[24]	δὲ	_	_
5.6	1605	[1]	μόνα	_	_
5.6	1606	[14]	τὰ	_	_
5.6	1607	[3]	Χρυσίππου	_	_
5.6	1608	[56]	.	b	_
5.6	1609	[72]	καὶ	_	_
5.6	1610	[23]	γὰρ	_	_
5.6	1611	[2]	οὐδὲ	_	_
5.6	1612	[3]	τί	_	_
5.6	1613	[1]	ποτε	_	_
5.6	1614	[1]	ἕκαστος	_	_
5.6	1615	[1]	ἐγίγνωσκε	_	_
5.6	1616	[33]	τῶν	_	_
5.6	1617	[1]	φιλοσόφων	_	_
5.6	1618	[4]	ὑπὲρ	_	_
5.6	1619	[13]	ψυχῆς	_	_
5.6	1620	[111]	,	b	_
5.6	1621	[1]	ὑπεσχόμην	_	_
5.6	1622	[20]	ἐν	_	_
5.6	1623	[1]	τῇδε	_	_
5.6	1624	[11]	τῇ	_	_
5.6	1625	[1]	πραγματείᾳ	_	_
5.6	1626	[1]	διελθεῖν	_	_
5.6	1627	[112]	,	b	_
5.6	1628	[2]	ἀλλ	_	_
5.6	1629	[24]	’	b	_
5.6	1630	[3]	ὅπως	_	_
5.6	1631	[1]	ἀληθείας	_	_
5.6	1632	[2]	ἔχει	_	_
5.6	1633	[15]	τὰ	_	_
5.6	1634	[1]	Πλάτωνός	_	_
5.6	1635	[23]	τε	_	_
5.6	1636	[73]	καὶ	_	_
5.6	1637	[1]	Ἱπποκράτους	_	_
5.6	1638	[1]	δόγματα	_	_
5.6	1639	[1]	διασκέψασθαι	_	_
5.6	1640	[57]	.	b	_
5.6	1641	[2]	ὥστε	_	_
5.6	1642	[74]	καὶ	_	_
5.6	1643	[16]	τὰ	_	_
5.6	1644	[6]	πρὸς	_	_
5.6	1645	[16]	τὸν	_	_
5.6	1646	[3]	Χρύσιππον	_	_
5.6	1647	[1]	ἀντειρημένα	_	_
5.6	1648	[7]	μοι	_	_
5.6	1649	[1]	παρὰ	_	_
5.6	1650	[29]	τὸ	_	_
5.6	1651	[1]	προκείμενον	_	_
5.6	1652	[1]	ἐγένετο	_	_
5.6	1653	[113]	,	b	_
5.6	1654	[75]	καὶ	_	_
5.6	1655	[2]	Ζήνων	_	_
5.6	1656	[114]	,	b	_
5.6	1657	[3]	εἰ	_	_
5.6	1658	[19]	μὲν	_	_
5.6	1659	[17]	τὰ	_	_
5.6	1660	[2]	αὐτὰ	_	_
5.6	1661	[1]	βούλοιτο	_	_
5.6	1662	[1]	Χρυσίππῳ	_	_
5.6	1663	[115]	,	b	_
5.6	1664	[11]	τοῖς	_	_
5.6	1665	[4]	αὐτοῖς	_	_
5.6	1666	[1]	ἐγκλήμασιν	_	_
5.6	1667	[1]	ὑπεύθυνος	_	_
5.6	1668	[1]	καταστήσεται	_	_
5.6	1669	[116]	,	b	_
5.6	1670	[4]	εἰ	_	_
5.6	1671	[25]	δὲ	_	_
5.6	1672	[8]	ταῖς	_	_
5.6	1673	[23]	τοῦ	_	_
5.6	1674	[1]	Πλάτωνος	_	_
5.6	1675	[2]	ἀρχαῖς	_	_
5.6	1676	[1]	ἕποιτο	_	_
5.6	1677	[2]	Κλεάνθει	_	_
5.6	1678	[24]	τε	_	_
5.6	1679	[76]	καὶ	_	_
5.6	1680	[3]	Ποσειδωνίῳ	_	_
5.6	1681	[1]	παραπλησίως	_	_
5.6	1682	[117]	,	b	_
5.6	1683	[31]	τῆς	_	_
5.6	1684	[1]	ἡμετέρας	_	_
5.6	1685	[5]	ἂν	_	_
5.6	1686	[1]	οὕτω	_	_
5.6	1687	[1]	μετέχοι	_	_
5.6	1688	[1]	φιλοσοφίας	_	_
5.6	1689	[118]	,	b	_
5.6	1690	[5]	εἰ	_	_
5.6	1691	[6]	δ	_	_
5.6	1692	[25]	’	b	_
5.6	1693	[119]	,	b	_
5.6	1694	[2]	ὅπερ	_	_
5.6	1695	[1]	ἐγὼ	_	_
5.6	1696	[1]	πείθομαι	_	_
5.6	1697	[120]	,	b	_
5.6	1698	[1]	κρίσεσιν	_	_
5.6	1699	[1]	ἐπιγίγνεσθαι	_	_
5.6	1700	[18]	τὰ	_	_
5.6	1701	[2]	πάθη	_	_
5.6	1702	[2]	νομίζει	_	_
5.6	1703	[121]	,	b	_
5.6	1704	[1]	μέσος	_	_
5.6	1705	[6]	ἂν	_	_
5.6	1706	[1]	εἴη	_	_
5.6	1707	[32]	τῆς	_	_
5.6	1708	[25]	τε	_	_
5.6	1709	[1]	χειρίστης	_	_
5.6	1710	[5]	ὑπὲρ	_	_
5.6	1711	[5]	αὐτῶν	_	_
5.6	1712	[1]	αἱρέσεως	_	_
5.6	1713	[33]	τῆς	_	_
5.6	1714	[4]	Χρυσίππου	_	_
5.6	1715	[77]	καὶ	_	_
5.6	1716	[34]	τῆς	_	_
5.6	1717	[1]	ἀρίστης	_	_
5.6	1718	[122]	,	b	_
5.6	1719	[1]	ἣν	_	_
5.6	1720	[1]	Ἱπποκράτης	_	_
5.6	1721	[26]	τε	_	_
5.6	1722	[78]	καὶ	_	_
5.6	1723	[3]	Πλάτων	_	_
5.6	1724	[1]	ἁπάντων	_	_
5.6	1725	[1]	πρῶτοι	_	_
5.6	1726	[1]	μετεχειρίσαντο	_	_
5.6	1727	[58]	.	b	_
5.6	1728	[7]	Ποσειδώνιος	_	_
5.6	1729	[26]	δὲ	_	_
5.6	1730	[79]	καὶ	_	_
5.6	1731	[1]	Πυθαγόραν	_	_
5.6	1732	[3]	φησὶν	_	_
5.6	1733	[123]	,	b	_
5.6	1734	[4]	αὐτοῦ	_	_
5.6	1735	[20]	μὲν	_	_
5.6	1736	[24]	τοῦ	_	_
5.6	1737	[1]	Πυθαγόρου	_	_
5.6	1738	[1]	συγγράμματος	_	_
5.6	1739	[1]	οὐδενὸς	_	_
5.6	1740	[5]	εἰς	_	_
5.6	1741	[4]	ἡμᾶς	_	_
5.6	1742	[1]	διασωζομένου	_	_
5.6	1743	[124]	,	b	_
5.6	1744	[1]	τεκμαιρόμενος	_	_
5.6	1745	[7]	δ	_	_
5.6	1746	[26]	’	b	_
5.6	1747	[5]	ἐξ	_	_
5.6	1748	[4]	ὧν	_	_
5.6	1749	[2]	ἔνιοι	_	_
5.6	1750	[34]	τῶν	_	_
5.6	1751	[1]	μαθητῶν	_	_
5.6	1752	[5]	αὐτοῦ	_	_
5.6	1753	[1]	γεγράφασιν	_	_
5.6	1754	[59]	.	b	_
5.6	1755	[3]	ἀλλ	_	_
5.6	1756	[27]	’	b	_
5.6	1757	[125]	,	b	_
5.6	1758	[3]	ὅπερ	_	_
5.6	1759	[1]	εἶπον	_	_
5.6	1760	[1]	ὀλίγον	_	_
5.6	1761	[1]	ἔμπροσθεν	_	_
5.6	1762	[126]	,	b	_
5.6	1763	[2]	οὐχ	_	_
5.6	1764	[1]	ἱστορίαν	_	_
5.6	1765	[1]	δογμάτων	_	_
5.6	1766	[1]	παλαιῶν	_	_
5.6	1767	[26]	ὁ	_	_
5.6	1768	[1]	λόγος	_	_
5.6	1769	[1]	διδάξειν	_	_
5.6	1770	[1]	ἐπηγγείλατο	_	_
5.6	1771	[127]	,	b	_
5.6	1772	[2]	μόνα	_	_
5.6	1773	[27]	δὲ	_	_
5.6	1774	[19]	τὰ	_	_
5.6	1775	[7]	πρὸς	_	_
5.6	1776	[2]	Ἱπποκράτους	_	_
5.6	1777	[80]	καὶ	_	_
5.6	1778	[2]	Πλάτωνος	_	_
5.6	1779	[1]	εἰρημένα	_	_
5.6	1780	[1]	διασκέψεσθαι	_	_
5.6	1781	[60]	.	b	_
5.6	1782	[1]	καί	_	_
5.6	1783	[8]	μοι	_	_
5.6	1784	[9]	τοῦτο	_	_
5.6	1785	[128]	,	b	_
5.6	1786	[2]	καθ	_	_
5.6	1787	[28]	’	b	_
5.6	1788	[2]	ὅσον	_	_
5.6	1789	[2]	οἷόν	_	_
5.6	1790	[2]	τ	_	_
5.6	1791	[29]	’	b	_
5.6	1792	[1]	ἦν	_	_
5.6	1793	[129]	,	b	_
5.6	1794	[1]	περαίνεται	_	_
5.6	1795	[8]	διὰ	_	_
5.6	1796	[1]	βραχυτάτων	_	_
5.6	1797	[61]	.	b	_
5.6	1798	[12]	οὐ	_	_
5.6	1799	[24]	γὰρ	_	_
5.6	1800	[130]	,	b	_
5.6	1801	[5]	ὅτι	_	_
5.6	1802	[1]	πολύβιβλος	_	_
5.6	1803	[6]	ἡ	_	_
5.6	1804	[1]	πραγματεία	_	_
5.6	1805	[131]	,	b	_
5.6	1806	[1]	χρὴ	_	_
5.6	1807	[1]	σκο	_	_
5.6	1808	[1]	πεῖν	_	_
5.6	1809	[132]	,	b	_
5.6	1810	[7]	ἀλλὰ	_	_
5.6	1811	[10]	τοῦτο	_	_
5.6	1812	[21]	μὲν	_	_
5.6	1813	[6]	εἰς	_	_
5.6	1814	[30]	τὸ	_	_
5.6	1815	[1]	πλῆθός	_	_
5.6	1816	[27]	τε	_	_
5.6	1817	[81]	καὶ	_	_
5.6	1818	[31]	τὸ	_	_
5.6	1819	[1]	μέγεθος	_	_
5.6	1820	[5]	ὧν	_	_
5.6	1821	[7]	ἂν	_	_
5.6	1822	[1]	ἐπισκεπτώμεθα	_	_
5.6	1823	[2]	δογμάτων	_	_
5.6	1824	[1]	ἀναφέρειν	_	_
5.6	1825	[133]	,	b	_
5.6	1826	[2]	ἐξετάζειν	_	_
5.6	1827	[28]	τε	_	_
5.6	1828	[82]	καὶ	_	_
5.6	1829	[1]	σκοπεῖν	_	_
5.6	1830	[134]	,	b	_
5.6	1831	[6]	εἰ	_	_
5.6	1832	[27]	περὶ	_	_
5.6	1833	[35]	τῶν	_	_
5.6	1834	[6]	αὐτῶν	_	_
5.6	1835	[1]	ἐνεχώρει	_	_
5.6	1836	[1]	βραχύτερον	_	_
5.6	1837	[3]	εἰπεῖν	_	_
5.6	1838	[1]	ἄνευ	_	_
5.6	1839	[25]	τοῦ	_	_
5.6	1840	[1]	παραλιπεῖν	_	_
5.6	1841	[5]	τι	_	_
5.6	1842	[36]	τῶν	_	_
5.6	1843	[1]	ἀναγκαίων	_	_
5.6	1844	[135]	,	b	_
5.6	1845	[10]	ὡς	_	_
5.6	1846	[2]	τοῦτό	_	_
5.6	1847	[7]	γε	_	_
5.6	1848	[83]	καὶ	_	_
5.6	1849	[6]	ἐξ	_	_
5.6	1850	[7]	αὐτῶν	_	_
5.6	1851	[6]	ὧν	_	_
5.6	1852	[1]	ἔγραψε	_	_
5.6	1853	[7]	Χρύσιππος	_	_
5.6	1854	[28]	περὶ	_	_
5.6	1855	[18]	παθῶν	_	_
5.6	1856	[1]	ἔνεστι	_	_
5.6	1857	[1]	καταμαθεῖν	_	_
5.6	1858	[62]	.	b	_
5.6	1859	[1]	τεττάρων	_	_
5.6	1860	[25]	γὰρ	_	_
5.6	1861	[1]	βιβλίων	_	_
5.6	1862	[2]	οὕτω	_	_
5.6	1863	[1]	μεγάλων	_	_
5.6	1864	[2]	αὐτῷ	_	_
5.6	1865	[1]	γεγραμμένων	_	_
5.6	1866	[136]	,	b	_
5.6	1867	[1]	ὥσθ	_	_
5.6	1868	[30]	’	b	_
5.6	1869	[1]	ἕκαστον	_	_
5.6	1870	[3]	εἶναι	_	_
5.6	1871	[1]	διπλάσιον	_	_
5.6	1872	[37]	τῶν	_	_
5.6	1873	[1]	ἡμετέρων	_	_
5.6	1874	[137]	,	b	_
5.6	1875	[2]	ὅμως	_	_
5.6	1876	[1]	ἡμεῖς	_	_
5.6	1877	[1]	οὐδ	_	_
5.6	1878	[31]	’	b	_
5.6	1879	[21]	ἐν	_	_
5.6	1880	[1]	ὅλοις	_	_
5.6	1881	[1]	δύο	_	_
5.6	1882	[20]	τὴν	_	_
5.6	1883	[29]	περὶ	_	_
5.6	1884	[38]	τῶν	_	_
5.6	1885	[19]	παθῶν	_	_
5.6	1886	[3]	αὐτῷ	_	_
5.6	1887	[3]	γνώμην	_	_
5.6	1888	[1]	ἐξητάκαμεν	_	_
5.6	1889	[2]	εὐθὺς	_	_
5.6	1890	[84]	καὶ	_	_
5.6	1891	[39]	τῶν	_	_
5.6	1892	[21]	τῷ	_	_
5.6	1893	[4]	Ποσειδωνίῳ	_	_
5.6	1894	[1]	γραφέντων	_	_
5.6	1895	[7]	εἰς	_	_
5.6	1896	[21]	τὴν	_	_
5.6	1897	[2]	αὐτὴν	_	_
5.6	1898	[2]	πραγματείαν	_	_
5.6	1899	[1]	ἐπιμνησθέντες	_	_
5.6	1900	[63]	.	b	_
5.6	1901	[7]	ἡ	_	_
5.6	1902	[22]	μὲν	_	_
5.6	1903	[5]	δὴ	_	_
5.6	1904	[8]	πρὸς	_	_
5.6	1905	[4]	Χρύσιππον	_	_
5.6	1906	[1]	ἀντιλογία	_	_
5.6	1907	[3]	τέλος	_	_
5.6	1908	[1]	ἐχέτω	_	_
5.6	1909	[64]	.	b	_
5.6	1910	[2]	νομίζω	_	_
5.6	1911	[26]	γὰρ	_	_
5.6	1912	[138]	,	b	_
5.6	1913	[7]	εἰ	_	_
5.6	1914	[1]	μέν	_	_
5.6	1915	[5]	τις	_	_
5.6	1916	[1]	προσέσχε	_	_
5.6	1917	[17]	τὸν	_	_
5.6	1918	[1]	νοῦν	_	_
5.6	1919	[12]	τοῖς	_	_
5.6	1920	[1]	εἰρημένοις	_	_
5.6	1921	[139]	,	b	_
5.6	1922	[7]	οὐκ	_	_
5.6	1923	[8]	ἂν	_	_
5.6	1924	[1]	χαλεπῶς	_	_
5.6	1925	[1]	αὐτὸν	_	_
5.6	1926	[1]	ἐξευρεῖν	_	_
5.6	1927	[140]	,	b	_
5.6	1928	[2]	ὅσα	_	_
5.6	1929	[16]	κατὰ	_	_
5.6	1930	[1]	μέρος	_	_
5.6	1931	[22]	ἐν	_	_
5.6	1932	[1]	ὅλῃ	_	_
5.6	1933	[12]	τῇ	_	_
5.6	1934	[2]	πραγματείᾳ	_	_
5.6	1935	[1]	διημάρτηται	_	_
5.6	1936	[141]	,	b	_
5.6	1937	[8]	εἰ	_	_
5.6	1938	[1]	δέ	_	_
5.6	1939	[6]	τις	_	_
5.6	1940	[13]	οὐ	_	_
5.6	1941	[2]	προσέσχε	_	_
5.6	1942	[4]	τούτοις	_	_
5.6	1943	[142]	,	b	_
5.6	1944	[2]	οὐδ	_	_
5.6	1945	[32]	’	b	_
5.6	1946	[9]	ἂν	_	_
5.6	1947	[4]	ἔτι	_	_
5.6	1948	[1]	πλείω	_	_
5.6	1949	[1]	γράφηται	_	_
5.6	1950	[1]	προσέξει	_	_
5.6	1951	[65]	.	b	_
5.7	1	[1]	Μεταβήσομαι	_	_
5.7	2	[1]	δ	_	_
5.7	3	[1]	’	b	_
5.7	4	[1]	ἤδη	_	_
5.7	5	[1]	πρὸς	_	_
5.7	6	[1]	τὴν	_	_
5.7	7	[1]	ὑπὸ	_	_
5.7	8	[1]	Πλάτωνος	_	_
5.7	9	[1]	εἰρημένην	_	_
5.7	10	[1]	ἐπίδειξιν	_	_
5.7	11	[1]	ἐν	_	_
5.7	12	[1]	τῷ	_	_
5.7	13	[1]	τετάρτῳ	_	_
5.7	14	[1]	τῆς	_	_
5.7	15	[1]	Πολιτείας	_	_
5.7	16	[1]	ὑπὲρ	_	_
5.7	17	[1]	τοῦ	_	_
5.7	18	[1]	τρία	_	_
5.7	19	[2]	τῆς	_	_
5.7	20	[1]	ψυχῆς	_	_
5.7	21	[1]	εἶναι	_	_
5.7	22	[1]	μόρια	_	_
5.7	23	[1]	τὰ	_	_
5.7	24	[1]	καθ	_	_
5.7	25	[2]	’	b	_
5.7	26	[1]	ὁρμὴν	_	_
5.7	27	[1]	ἡμᾶς	_	_
5.7	28	[1]	κινοῦντα	_	_
5.7	29	[1]	.	b	_
5.7	30	[1]	γινώσκειν	_	_
5.7	31	[1]	δὲ	_	_
5.7	32	[1]	χρὴ	_	_
5.7	33	[1]	κᾀνταῦθα	_	_
5.7	34	[1]	τὸ	_	_
5.7	35	[1]	μὲν	_	_
5.7	36	[1]	,	b	_
5.7	37	[1]	ὅτι	_	_
5.7	38	[2]	μόρια	_	_
5.7	39	[1]	διαφέροντ	_	_
5.7	40	[3]	’	b	_
5.7	41	[1]	ἀλλήλων	_	_
5.7	42	[1]	ἐστὶν	_	_
5.7	43	[2]	,	b	_
5.7	44	[1]	οὐκ	_	_
5.7	45	[1]	ἀναγκαστικῶς	_	_
5.7	46	[1]	ἀποδεικνύμενον	_	_
5.7	47	[1]	·	b	_
5.7	48	[1]	οὐδὲν	_	_
5.7	49	[1]	γὰρ	_	_
5.7	50	[1]	μᾶλλον	_	_
5.7	51	[1]	τρεῖς	_	_
5.7	52	[2]	εἶναι	_	_
5.7	53	[1]	δυνάμεις	_	_
5.7	54	[1]	ἢ	_	_
5.7	55	[2]	τρία	_	_
5.7	56	[3]	μόρια	_	_
5.7	57	[1]	δείκνυσιν	_	_
5.7	58	[1]	ὁ	_	_
5.7	59	[1]	λόγος	_	_
5.7	60	[2]	·	b	_
5.7	61	[2]	ὅτι	_	_
5.7	62	[1]	μέν	_	_
5.7	63	[1]	γε	_	_
5.7	64	[3]	τρία	_	_
5.7	65	[1]	μόνα	_	_
5.7	66	[1]	σύμπαντ	_	_
5.7	67	[4]	’	b	_
5.7	68	[2]	ἐστὶν	_	_
5.7	69	[3]	,	b	_
5.7	70	[1]	εἴτε	_	_
5.7	71	[4]	μόρια	_	_
5.7	72	[2]	ψυχῆς	_	_
5.7	73	[4]	,	b	_
5.7	74	[2]	εἴτε	_	_
5.7	75	[2]	δυνάμεις	_	_
5.7	76	[5]	,	b	_
5.7	77	[1]	ὑφ	_	_
5.7	78	[5]	’	b	_
5.7	79	[1]	ὧν	_	_
5.7	80	[2]	ὁ	_	_
5.7	81	[1]	βίος	_	_
5.7	82	[1]	ἡμῶν	_	_
5.7	83	[1]	διοικεῖται	_	_
5.7	84	[6]	,	b	_
5.7	85	[1]	βιαστικῶς	_	_
5.7	86	[1]	τε	_	_
5.7	87	[1]	καὶ	_	_
5.7	88	[1]	ἀναντιῤῥήτως	_	_
5.7	89	[1]	ἀποδείκνυται	_	_
5.7	90	[2]	.	b	_
5.7	91	[1]	ὥστε	_	_
5.7	92	[2]	καὶ	_	_
5.7	93	[1]	ἐκ	_	_
5.7	94	[1]	τῶν	_	_
5.7	95	[1]	νῦν	_	_
5.7	96	[1]	λεχθησομένων	_	_
5.7	97	[1]	ἡ	_	_
5.7	98	[2]	μὲν	_	_
5.7	99	[2]	τοῦ	_	_
5.7	100	[1]	Χρυσίππου	_	_
5.7	101	[1]	διαβληθήσεται	_	_
5.7	102	[1]	δόξα	_	_
5.7	103	[7]	,	b	_
5.7	104	[1]	κατασκευασθήσεται	_	_
5.7	105	[2]	δὲ	_	_
5.7	106	[2]	τὸ	_	_
5.7	107	[1]	κοινὸν	_	_
5.7	108	[1]	Ἀριστοτέλους	_	_
5.7	109	[3]	καὶ	_	_
5.7	110	[2]	Πλάτωνος	_	_
5.7	111	[4]	καὶ	_	_
5.7	112	[1]	Ποσειδωνίου	_	_
5.7	113	[1]	δόγμα	_	_
5.7	114	[8]	,	b	_
5.7	115	[3]	τὸ	_	_
5.7	116	[2]	καθ	_	_
5.7	117	[6]	’	b	_
5.7	118	[1]	ἑτέραν	_	_
5.7	119	[3]	μὲν	_	_
5.7	120	[2]	ἡμᾶς	_	_
5.7	121	[1]	δύναμιν	_	_
5.7	122	[1]	λογίζεσθαι	_	_
5.7	123	[9]	,	b	_
5.7	124	[3]	καθ	_	_
5.7	125	[7]	’	b	_
5.7	126	[2]	ἑτέραν	_	_
5.7	127	[3]	δὲ	_	_
5.7	128	[1]	θυμοῦσθαι	_	_
5.7	129	[10]	,	b	_
5.7	130	[1]	κατ	_	_
5.7	131	[8]	’	b	_
5.7	132	[1]	ἄλλην	_	_
5.7	133	[2]	δ	_	_
5.7	134	[9]	’	b	_
5.7	135	[1]	ἐπιθυμεῖν	_	_
5.7	136	[3]	.	b	_
5.7	137	[3]	ὅτι	_	_
5.7	138	[1]	μέντοι	_	_
5.7	139	[5]	καὶ	_	_
5.7	140	[1]	ταῖς	_	_
5.7	141	[1]	οὐσίαις	_	_
5.7	142	[2]	ἀλλήλων	_	_
5.7	143	[1]	ταῦτα	_	_
5.7	144	[1]	διαφέρει	_	_
5.7	145	[11]	,	b	_
5.7	146	[6]	καὶ	_	_
5.7	147	[1]	πολὺ	_	_
5.7	148	[2]	μᾶλλον	_	_
5.7	149	[4]	ὅτι	_	_
5.7	150	[1]	κατὰ	_	_
5.7	151	[1]	διαφέροντας	_	_
5.7	152	[1]	ἵδρυται	_	_
5.7	153	[1]	τόπους	_	_
5.7	154	[12]	,	b	_
5.7	155	[2]	ἐκ	_	_
5.7	156	[4]	μὲν	_	_
5.7	157	[2]	τῶν	_	_
5.7	158	[2]	νῦν	_	_
5.7	159	[2]	λεχθησομένων	_	_
5.7	160	[1]	ἐπιστημονικὴν	_	_
5.7	161	[1]	ἀπόδειξιν	_	_
5.7	162	[2]	οὐκ	_	_
5.7	163	[1]	ἔνεστι	_	_
5.7	164	[1]	λαβεῖν	_	_
5.7	165	[13]	,	b	_
5.7	166	[2]	ἐν	_	_
5.7	167	[4]	δὲ	_	_
5.7	168	[2]	τῷ	_	_
5.7	169	[1]	μετὰ	_	_
5.7	170	[1]	ταῦθ	_	_
5.7	171	[10]	’	b	_
5.7	172	[1]	ὑπομνήματι	_	_
5.7	173	[1]	γραφησομένῳ	_	_
5.7	174	[1]	μοι	_	_
5.7	175	[14]	,	b	_
5.7	176	[3]	τῆς	_	_
5.7	177	[1]	ὅλης	_	_
5.7	178	[1]	πραγματείας	_	_
5.7	179	[1]	ἕκτῳ	_	_
5.7	180	[1]	γενήσεσθαι	_	_
5.7	181	[1]	μέλλοντι	_	_
5.7	182	[15]	,	b	_
5.7	183	[1]	δι	_	_
5.7	184	[11]	’	b	_
5.7	185	[1]	ἐναργῶν	_	_
5.7	186	[1]	λημμάτων	_	_
5.7	187	[1]	ἀποδειχθήσεται	_	_
5.7	188	[2]	κατὰ	_	_
5.7	189	[1]	τὰς	_	_
5.7	190	[1]	Ἱπποκράτους	_	_
5.7	191	[2]	τε	_	_
5.7	192	[7]	καὶ	_	_
5.7	193	[3]	Πλάτωνος	_	_
5.7	194	[1]	μεθόδους	_	_
5.7	195	[4]	.	b	_
5.7	196	[1]	ἰστέον	_	_
5.7	197	[3]	δ	_	_
5.7	198	[12]	’	b	_
5.7	199	[16]	,	b	_
5.7	200	[5]	ὅτι	_	_
5.7	201	[8]	καὶ	_	_
5.7	202	[3]	ὁ	_	_
5.7	203	[1]	Πλάτων	_	_
5.7	204	[1]	αὐτὸς	_	_
5.7	205	[1]	ἐπίσταται	_	_
5.7	206	[2]	τὴν	_	_
5.7	207	[2]	δύναμιν	_	_
5.7	208	[3]	τῶν	_	_
5.7	209	[3]	λεχθησομένων	_	_
5.7	210	[1]	ἀποδείξεων	_	_
5.7	211	[5]	.	b	_
5.7	212	[1]	ἄρχεσθαι	_	_
5.7	213	[1]	γοῦν	_	_
5.7	214	[1]	αὐτῶν	_	_
5.7	215	[1]	μέλλων	_	_
5.7	216	[1]	τάδε	_	_
5.7	217	[1]	προὔγραψε	_	_
5.7	218	[6]	.	b	_
5.7	219	[9]	καὶ	_	_
5.7	220	[1]	εὖ	_	_
5.7	221	[1]	ἴσθι	_	_
5.7	222	[17]	,	b	_
5.7	223	[1]	ὦ	_	_
5.7	224	[1]	Γλαύκων	_	_
5.7	225	[18]	,	b	_
5.7	226	[1]	ὡς	_	_
5.7	227	[2]	ἡ	_	_
5.7	228	[1]	ἐμὴ	_	_
5.7	229	[2]	δόξα	_	_
5.7	230	[19]	,	b	_
5.7	231	[1]	ἀκριβῶς	_	_
5.7	232	[5]	μὲν	_	_
5.7	233	[1]	τοῦτο	_	_
5.7	234	[3]	ἐκ	_	_
5.7	235	[1]	τοιούτων	_	_
5.7	236	[1]	μεθόδων	_	_
5.7	237	[20]	,	b	_
5.7	238	[1]	οἵαις	_	_
5.7	239	[1]	δὴ	_	_
5.7	240	[3]	νῦν	_	_
5.7	241	[3]	ἐν	_	_
5.7	242	[1]	τοῖς	_	_
5.7	243	[1]	λόγοις	_	_
5.7	244	[1]	χρώμεθα	_	_
5.7	245	[21]	,	b	_
5.7	246	[1]	οὐ	_	_
5.7	247	[1]	μή	_	_
5.7	248	[1]	ποτε	_	_
5.7	249	[1]	λάβωμεν	_	_
5.7	250	[7]	.	b	_
5.7	251	[1]	ἄλλη	_	_
5.7	252	[2]	γὰρ	_	_
5.7	253	[1]	μακροτέρα	_	_
5.7	254	[10]	καὶ	_	_
5.7	255	[1]	πλείων	_	_
5.7	256	[1]	ὁδός	_	_
5.7	257	[1]	ἐστι	_	_
5.7	258	[22]	,	b	_
5.7	259	[2]	δι	_	_
5.7	260	[13]	’	b	_
5.7	261	[1]	ἧς	_	_
5.7	262	[2]	ἀποδείκνυται	_	_
5.7	263	[23]	,	b	_
5.7	264	[4]	τρία	_	_
5.7	265	[4]	τῆς	_	_
5.7	266	[3]	ψυχῆς	_	_
5.7	267	[2]	ἡμῶν	_	_
5.7	268	[3]	εἶναι	_	_
5.7	269	[2]	τὰ	_	_
5.7	270	[1]	μέρη	_	_
5.7	271	[24]	,	b	_
5.7	272	[2]	οὐ	_	_
5.7	273	[1]	μόνον	_	_
5.7	274	[2]	τοῖς	_	_
5.7	275	[1]	τόποις	_	_
5.7	276	[3]	τοῦ	_	_
5.7	277	[1]	σώματος	_	_
5.7	278	[25]	,	b	_
5.7	279	[1]	ἀλλὰ	_	_
5.7	280	[11]	καὶ	_	_
5.7	281	[2]	ταῖς	_	_
5.7	282	[2]	οὐσίαις	_	_
5.7	283	[26]	,	b	_
5.7	284	[12]	καὶ	_	_
5.7	285	[3]	ταῖς	_	_
5.7	286	[1]	δυνάμεσι	_	_
5.7	287	[27]	,	b	_
5.7	288	[13]	καὶ	_	_
5.7	289	[4]	ταῖς	_	_
5.7	290	[1]	ἐνεργείαις	_	_
5.7	291	[1]	διαφέροντα	_	_
5.7	292	[28]	,	b	_
5.7	293	[2]	ὡς	_	_
5.7	294	[3]	κατὰ	_	_
5.7	295	[1]	τὸν	_	_
5.7	296	[1]	ἑξῆς	_	_
5.7	297	[1]	λόγον	_	_
5.7	298	[1]	ἐπιδείξω	_	_
5.7	299	[29]	,	b	_
5.7	300	[4]	καθ	_	_
5.7	301	[14]	’	b	_
5.7	302	[1]	ὃν	_	_
5.7	303	[14]	καὶ	_	_
5.7	304	[3]	τὴν	_	_
5.7	305	[1]	μέθοδον	_	_
5.7	306	[1]	αὐτὴν	_	_
5.7	307	[30]	,	b	_
5.7	308	[1]	ἣν	_	_
5.7	309	[1]	ἐνταῦθ	_	_
5.7	310	[15]	’	b	_
5.7	311	[1]	αἰνίττεται	_	_
5.7	312	[31]	,	b	_
5.7	313	[1]	μέλλω	_	_
5.7	314	[1]	διεξέρχεσθαι	_	_
5.7	315	[8]	.	b	_
5.7	316	[1]	διὰ	_	_
5.7	317	[1]	τί	_	_
5.7	318	[5]	δὲ	_	_
5.7	319	[32]	,	b	_
5.7	320	[1]	καίτοι	_	_
5.7	321	[1]	μὴ	_	_
5.7	322	[1]	θαῤῥῶν	_	_
5.7	323	[1]	ᾗ	_	_
5.7	324	[1]	μέλλει	_	_
5.7	325	[1]	λέγειν	_	_
5.7	326	[1]	ἀποδείξει	_	_
5.7	327	[33]	,	b	_
5.7	328	[1]	ὅμως	_	_
5.7	329	[1]	χρῆται	_	_
5.7	330	[34]	,	b	_
5.7	331	[1]	πρόδηλον	_	_
5.7	332	[1]	ὑπάρχειν	_	_
5.7	333	[1]	οἶμαι	_	_
5.7	334	[3]	τῷ	_	_
5.7	335	[2]	γε	_	_
5.7	336	[1]	προσεσχηκότι	_	_
5.7	337	[2]	τὸν	_	_
5.7	338	[1]	νοῦν	_	_
5.7	339	[9]	.	b	_
5.7	340	[1]	οἷς	_	_
5.7	341	[6]	δὲ	_	_
5.7	342	[1]	ἀρτίως	_	_
5.7	343	[1]	ἐλέγομεν	_	_
5.7	344	[35]	,	b	_
5.7	345	[3]	ὡς	_	_
5.7	346	[6]	ὅτι	_	_
5.7	347	[6]	μὲν	_	_
5.7	348	[2]	τρεῖς	_	_
5.7	349	[1]	εἰσι	_	_
5.7	350	[3]	δυνάμεις	_	_
5.7	351	[1]	διοικοῦσαι	_	_
5.7	352	[3]	τὸν	_	_
5.7	353	[1]	βίον	_	_
5.7	354	[3]	ἡμῶν	_	_
5.7	355	[36]	,	b	_
5.7	356	[1]	ἐναργῶς	_	_
5.7	357	[3]	ἀποδείκνυται	_	_
5.7	358	[37]	,	b	_
5.7	359	[2]	μὴ	_	_
5.7	360	[2]	μέντοι	_	_
5.7	361	[4]	τὸ	_	_
5.7	362	[38]	,	b	_
5.7	363	[7]	ὅτι	_	_
5.7	364	[1]	διαφέρουσι	_	_
5.7	365	[5]	ταῖς	_	_
5.7	366	[3]	οὐσίαις	_	_
5.7	367	[10]	.	b	_
5.7	368	[2]	πρὸς	_	_
5.7	369	[7]	δὲ	_	_
5.7	370	[4]	τὴν	_	_
5.7	371	[1]	προκειμένην	_	_
5.7	372	[2]	αὐτῶν	_	_
5.7	373	[1]	πραγματείαν	_	_
5.7	374	[4]	ἐν	_	_
5.7	375	[1]	τῇ	_	_
5.7	376	[1]	Πολιτείᾳ	_	_
5.7	377	[39]	,	b	_
5.7	378	[5]	τὴν	_	_
5.7	379	[1]	περὶ	_	_
5.7	380	[1]	δικαιοσύνης	_	_
5.7	381	[3]	τε	_	_
5.7	382	[15]	καὶ	_	_
5.7	383	[4]	τῶν	_	_
5.7	384	[1]	ἄλλων	_	_
5.7	385	[1]	ἀρετῶν	_	_
5.7	386	[40]	,	b	_
5.7	387	[1]	(	a	_
5.7	388	[2]	ὑπὲρ	_	_
5.7	389	[1]	ἁπασῶν	_	_
5.7	390	[3]	γὰρ	_	_
5.7	391	[5]	ἐν	_	_
5.7	392	[3]	τοῖς	_	_
5.7	393	[2]	ἑξῆς	_	_
5.7	394	[1]	ποιεῖται	_	_
5.7	395	[4]	τὸν	_	_
5.7	396	[2]	λόγον	_	_
5.7	397	[41]	,	b	_
5.7	398	[1]	)	b	_
5.7	399	[1]	ἤρκει	_	_
5.7	400	[5]	τὸ	_	_
5.7	401	[1]	δειχθῆναι	_	_
5.7	402	[42]	,	b	_
5.7	403	[3]	τρεῖς	_	_
5.7	404	[4]	εἶναι	_	_
5.7	405	[4]	δυνάμεις	_	_
5.7	406	[1]	ἑτερογενεῖς	_	_
5.7	407	[11]	.	b	_
5.7	408	[1]	οὕτω	_	_
5.7	409	[2]	γοῦν	_	_
5.7	410	[16]	καὶ	_	_
5.7	411	[4]	ὁ	_	_
5.7	412	[1]	Ποσειδώνιος	_	_
5.7	413	[1]	ὑπολαβὼν	_	_
5.7	414	[1]	ἀπεχώρησέ	_	_
5.7	415	[4]	τε	_	_
5.7	416	[4]	τοῦ	_	_
5.7	417	[2]	Χρυσίππου	_	_
5.7	418	[17]	καὶ	_	_
5.7	419	[3]	μᾶλλον	_	_
5.7	420	[1]	ἠκολούθησεν	_	_
5.7	421	[1]	Ἀριστοτέλει	_	_
5.7	422	[18]	καὶ	_	_
5.7	423	[1]	Πλάτωνι	_	_
5.7	424	[12]	.	b	_
5.7	425	[1]	προσέθηκα	_	_
5.7	426	[8]	δὲ	_	_
5.7	427	[4]	τῷ	_	_
5.7	428	[1]	λόγῳ	_	_
5.7	429	[6]	τὸ	_	_
5.7	430	[4]	μᾶλλον	_	_
5.7	431	[43]	,	b	_
5.7	432	[1]	ἐπειδὴ	_	_
5.7	433	[4]	κατὰ	_	_
5.7	434	[1]	μέρος	_	_
5.7	435	[1]	εὑρίσκονταί	_	_
5.7	436	[1]	τινα	_	_
5.7	437	[1]	διαφωνοῦντες	_	_
5.7	438	[1]	οἱ	_	_
5.7	439	[4]	τρεῖς	_	_
5.7	440	[1]	ἄνδρες	_	_
5.7	441	[3]	ὑπὲρ	_	_
5.7	442	[5]	τῆς	_	_
5.7	443	[5]	τῶν	_	_
5.7	444	[2]	ἀρετῶν	_	_
5.7	445	[1]	διαφορᾶς	_	_
5.7	446	[44]	,	b	_
5.7	447	[5]	κατὰ	_	_
5.7	448	[9]	δὲ	_	_
5.7	449	[7]	τὸ	_	_
5.7	450	[1]	συμπέρασμα	_	_
5.7	451	[1]	ὁμολογοῦσιν	_	_
5.7	452	[1]	ἀλλήλοις	_	_
5.7	453	[13]	.	b	_
5.7	454	[2]	ἐπιδείξω	_	_
5.7	455	[10]	δὲ	_	_
5.7	456	[19]	καὶ	_	_
5.7	457	[1]	αὐτὸ	_	_
5.7	458	[2]	τοῦτο	_	_
5.7	459	[1]	σαφῶς	_	_
5.7	460	[45]	,	b	_
5.7	461	[1]	ἡνίκ	_	_
5.7	462	[16]	’	b	_
5.7	463	[1]	ἂν	_	_
5.7	464	[6]	ἐν	_	_
5.7	465	[4]	τοῖς	_	_
5.7	466	[1]	ἔπειτα	_	_
5.7	467	[5]	τὸν	_	_
5.7	468	[4]	ὑπὲρ	_	_
5.7	469	[6]	τῶν	_	_
5.7	470	[3]	ἀρετῶν	_	_
5.7	471	[1]	διεξέρχωμαι	_	_
5.7	472	[3]	λόγον	_	_
5.7	473	[14]	.	b	_
5.7	474	[7]	ἐν	_	_
5.7	475	[11]	δὲ	_	_
5.7	476	[5]	τῷ	_	_
5.7	477	[1]	παρόντι	_	_
5.7	478	[7]	τῶν	_	_
5.7	479	[8]	ἐν	_	_
5.7	480	[6]	τῷ	_	_
5.7	481	[2]	τετάρτῳ	_	_
5.7	482	[6]	τῆς	_	_
5.7	483	[2]	Πολιτείας	_	_
5.7	484	[2]	ὑπὸ	_	_
5.7	485	[5]	τοῦ	_	_
5.7	486	[4]	Πλάτωνος	_	_
5.7	487	[1]	εἰρημένων	_	_
5.7	488	[2]	ἀποδείξεων	_	_
5.7	489	[2]	ἤδη	_	_
5.7	490	[1]	μνημονεύσω	_	_
5.7	491	[46]	,	b	_
5.7	492	[1]	προγράψας	_	_
5.7	493	[6]	τὴν	_	_
5.7	494	[1]	ῥῆσιν	_	_
5.7	495	[47]	,	b	_
5.7	496	[1]	ἀφ	_	_
5.7	497	[17]	’	b	_
5.7	498	[2]	ἧς	_	_
5.7	499	[1]	ἄρχεται	_	_
5.7	500	[6]	τοῦ	_	_
5.7	501	[1]	λόγου	_	_
5.7	502	[3]	·	b	_
5.7	503	[1]	ἔχει	_	_
5.7	504	[12]	δὲ	_	_
5.7	505	[1]	ᾧδε	_	_
5.7	506	[15]	.	b	_
5.7	507	[1]	Ταὐτὸν	_	_
5.7	508	[1]	δῆλον	_	_
5.7	509	[8]	ὅτι	_	_
5.7	510	[1]	τἀναντία	_	_
5.7	511	[1]	ποιεῖν	_	_
5.7	512	[2]	ἢ	_	_
5.7	513	[1]	πάσχειν	_	_
5.7	514	[6]	κατὰ	_	_
5.7	515	[1]	ταὐτόν	_	_
5.7	516	[5]	τε	_	_
5.7	517	[20]	καὶ	_	_
5.7	518	[3]	πρὸς	_	_
5.7	519	[1]	ταὐτὸν	_	_
5.7	520	[3]	οὐκ	_	_
5.7	521	[1]	ἐθελήσει	_	_
5.7	522	[1]	ἅμα	_	_
5.7	523	[16]	.	b	_
5.7	524	[1]	εἶθ	_	_
5.7	525	[18]	’	b	_
5.7	526	[3]	ἑξῆς	_	_
5.7	527	[1]	πιστωσάμενός	_	_
5.7	528	[6]	τε	_	_
5.7	529	[3]	τοῦτο	_	_
5.7	530	[21]	καὶ	_	_
5.7	531	[2]	περὶ	_	_
5.7	532	[8]	τῶν	_	_
5.7	533	[1]	δοκούντων	_	_
5.7	534	[1]	μάχεσθαι	_	_
5.7	535	[1]	διελθὼν	_	_
5.7	536	[1]	ἐπιφέρει	_	_
5.7	537	[4]	·	b	_
5.7	538	[1]	Ἆρ	_	_
5.7	539	[19]	’	b	_
5.7	540	[1]	οὖν	_	_
5.7	541	[48]	,	b	_
5.7	542	[1]	ἦν	_	_
5.7	543	[4]	δ	_	_
5.7	544	[20]	’	b	_
5.7	545	[1]	ἐγὼ	_	_
5.7	546	[49]	,	b	_
5.7	547	[8]	τὸ	_	_
5.7	548	[1]	ἐπινεύειν	_	_
5.7	549	[7]	τῷ	_	_
5.7	550	[1]	ἀνανεύειν	_	_
5.7	551	[50]	,	b	_
5.7	552	[22]	καὶ	_	_
5.7	553	[9]	τὸ	_	_
5.7	554	[1]	ἐφίεσθαί	_	_
5.7	555	[1]	τινος	_	_
5.7	556	[2]	λαβεῖν	_	_
5.7	557	[8]	τῷ	_	_
5.7	558	[1]	ἀπαρνεῖσθαι	_	_
5.7	559	[51]	,	b	_
5.7	560	[23]	καὶ	_	_
5.7	561	[10]	τὸ	_	_
5.7	562	[1]	προσάγεσθαι	_	_
5.7	563	[9]	τῷ	_	_
5.7	564	[1]	ἀπωθεῖσθαι	_	_
5.7	565	[52]	,	b	_
5.7	566	[1]	πάντα	_	_
5.7	567	[3]	τὰ	_	_
5.7	568	[1]	τοιαῦτα	_	_
5.7	569	[9]	τῶν	_	_
5.7	570	[1]	ἐναντίων	_	_
5.7	571	[2]	ἀλλήλοις	_	_
5.7	572	[1]	θείης	_	_
5.7	573	[53]	,	b	_
5.7	574	[3]	εἴτε	_	_
5.7	575	[1]	ποιημάτων	_	_
5.7	576	[54]	,	b	_
5.7	577	[4]	εἴτε	_	_
5.7	578	[1]	παθημάτων	_	_
5.7	579	[1]	;	b	_
5.7	580	[2]	οὐδὲν	_	_
5.7	581	[4]	γὰρ	_	_
5.7	582	[1]	ταύτῃ	_	_
5.7	583	[1]	διοίσει	_	_
5.7	584	[17]	.	b	_
5.7	585	[1]	ἀλλ	_	_
5.7	586	[21]	’	b	_
5.7	587	[55]	,	b	_
5.7	588	[1]	ἦ	_	_
5.7	589	[5]	δ	_	_
5.7	590	[22]	’	b	_
5.7	591	[1]	ὃς	_	_
5.7	592	[56]	,	b	_
5.7	593	[10]	τῶν	_	_
5.7	594	[2]	ἐναντίων	_	_
5.7	595	[18]	.	b	_
5.7	596	[2]	τί	_	_
5.7	597	[2]	οὖν	_	_
5.7	598	[57]	,	b	_
5.7	599	[2]	ἦν	_	_
5.7	600	[6]	δ	_	_
5.7	601	[23]	’	b	_
5.7	602	[2]	ἐγὼ	_	_
5.7	603	[58]	,	b	_
5.7	604	[1]	διψῇν	_	_
5.7	605	[24]	καὶ	_	_
5.7	606	[1]	πεινῇν	_	_
5.7	607	[59]	,	b	_
5.7	608	[25]	καὶ	_	_
5.7	609	[1]	ὅλως	_	_
5.7	610	[2]	τὰς	_	_
5.7	611	[1]	ἐπιθυμίας	_	_
5.7	612	[60]	,	b	_
5.7	613	[26]	καὶ	_	_
5.7	614	[1]	αὖ	_	_
5.7	615	[11]	τὸ	_	_
5.7	616	[1]	ἐθέλειν	_	_
5.7	617	[61]	,	b	_
5.7	618	[27]	καὶ	_	_
5.7	619	[12]	τὸ	_	_
5.7	620	[1]	βούλεσθαι	_	_
5.7	621	[62]	,	b	_
5.7	622	[3]	οὐ	_	_
5.7	623	[2]	ταῦτα	_	_
5.7	624	[2]	πάντα	_	_
5.7	625	[1]	εἰς	_	_
5.7	626	[1]	ἐκεῖνά	_	_
5.7	627	[1]	ποι	_	_
5.7	628	[2]	ἂν	_	_
5.7	629	[2]	θείης	_	_
5.7	630	[4]	τὰ	_	_
5.7	631	[1]	εἴδη	_	_
5.7	632	[5]	τὰ	_	_
5.7	633	[4]	νῦν	_	_
5.7	634	[1]	λεχθέντα	_	_
5.7	635	[2]	;	b	_
5.7	636	[1]	οἷον	_	_
5.7	637	[1]	ἀεὶ	_	_
5.7	638	[7]	τὴν	_	_
5.7	639	[7]	τοῦ	_	_
5.7	640	[1]	ἐπιθυμοῦντος	_	_
5.7	641	[1]	ψυχὴν	_	_
5.7	642	[1]	οὐχὶ	_	_
5.7	643	[1]	ἤτοι	_	_
5.7	644	[1]	ἐφίεσθαι	_	_
5.7	645	[1]	φήσεις	_	_
5.7	646	[1]	ἐκείνου	_	_
5.7	647	[63]	,	b	_
5.7	648	[1]	οὗ	_	_
5.7	649	[3]	ἂν	_	_
5.7	650	[1]	ἐπιθυμῇ	_	_
5.7	651	[64]	,	b	_
5.7	652	[3]	ἢ	_	_
5.7	653	[2]	προσάγεσθαι	_	_
5.7	654	[4]	τοῦτο	_	_
5.7	655	[65]	,	b	_
5.7	656	[1]	ὃ	_	_
5.7	657	[4]	ἂν	_	_
5.7	658	[1]	βούληταί	_	_
5.7	659	[2]	οἱ	_	_
5.7	660	[1]	γενέσθαι	_	_
5.7	661	[3]	;	b	_
5.7	662	[4]	ἢ	_	_
5.7	663	[2]	αὖ	_	_
5.7	664	[4]	οὐ	_	_
5.7	665	[66]	,	b	_
5.7	666	[5]	καθ	_	_
5.7	667	[24]	’	b	_
5.7	668	[1]	ὅσον	_	_
5.7	669	[1]	ἐθέλει	_	_
5.7	670	[3]	τί	_	_
5.7	671	[3]	οἱ	_	_
5.7	672	[1]	πορισθῆναι	_	_
5.7	673	[67]	,	b	_
5.7	674	[2]	ἐπινεύειν	_	_
5.7	675	[5]	τοῦτο	_	_
5.7	676	[4]	πρὸς	_	_
5.7	677	[2]	αὐτὴν	_	_
5.7	678	[68]	,	b	_
5.7	679	[1]	ὥσπερ	_	_
5.7	680	[1]	τινὸς	_	_
5.7	681	[1]	ἐρῶντος	_	_
5.7	682	[1]	ἐπορεγομένου	_	_
5.7	683	[1]	αὐτοῦ	_	_
5.7	684	[7]	τῆς	_	_
5.7	685	[1]	γενέσεως	_	_
5.7	686	[4]	;	b	_
5.7	687	[1]	ἔγωγε	_	_
5.7	688	[19]	.	b	_
5.7	689	[4]	τί	_	_
5.7	690	[1]	δέ	_	_
5.7	691	[5]	;	b	_
5.7	692	[13]	τὸ	_	_
5.7	693	[1]	ἀβουλεῖν	_	_
5.7	694	[69]	,	b	_
5.7	695	[28]	καὶ	_	_
5.7	696	[3]	μὴ	_	_
5.7	697	[2]	ἐθέλειν	_	_
5.7	698	[70]	,	b	_
5.7	699	[1]	μηδ	_	_
5.7	700	[25]	’	b	_
5.7	701	[2]	ἐπιθυμεῖν	_	_
5.7	702	[4]	οὐκ	_	_
5.7	703	[2]	εἰς	_	_
5.7	704	[14]	τὸ	_	_
5.7	705	[1]	ἀπωθεῖν	_	_
5.7	706	[29]	καὶ	_	_
5.7	707	[1]	ἀπελαύνειν	_	_
5.7	708	[1]	ἀπ	_	_
5.7	709	[26]	’	b	_
5.7	710	[1]	αὐτῆς	_	_
5.7	711	[30]	καὶ	_	_
5.7	712	[3]	εἰς	_	_
5.7	713	[1]	ἅπαντα	_	_
5.7	714	[2]	τἀναντία	_	_
5.7	715	[1]	ἐκείνοις	_	_
5.7	716	[1]	θήσομεν	_	_
5.7	717	[6]	;	b	_
5.7	718	[1]	πῶς	_	_
5.7	719	[5]	γὰρ	_	_
5.7	720	[1]	οὔ	_	_
5.7	721	[7]	;	b	_
5.7	722	[9]	ἐν	_	_
5.7	723	[2]	ταύτῃ	_	_
5.7	724	[2]	τῇ	_	_
5.7	725	[1]	ῥήσει	_	_
5.7	726	[31]	καὶ	_	_
5.7	727	[6]	ταῖς	_	_
5.7	728	[4]	ἑξῆς	_	_
5.7	729	[1]	ἁπάσαις	_	_
5.7	730	[2]	δείκνυσιν	_	_
5.7	731	[1]	ἕτερον	_	_
5.7	732	[5]	εἶναι	_	_
5.7	733	[2]	μέρος	_	_
5.7	734	[8]	τῆς	_	_
5.7	735	[4]	ψυχῆς	_	_
5.7	736	[15]	τὸ	_	_
5.7	737	[1]	ἐπιθυμοῦν	_	_
5.7	738	[8]	τοῦ	_	_
5.7	739	[1]	λογιζομένου	_	_
5.7	740	[71]	,	b	_
5.7	741	[2]	πῶς	_	_
5.7	742	[32]	καὶ	_	_
5.7	743	[1]	τίνα	_	_
5.7	744	[1]	τρόπον	_	_
5.7	745	[10]	ἐν	_	_
5.7	746	[7]	μὲν	_	_
5.7	747	[10]	τῷ	_	_
5.7	748	[2]	πεινῇν	_	_
5.7	749	[1]	ἐφιέμεθα	_	_
5.7	750	[1]	πληρωθῆναι	_	_
5.7	751	[1]	σιτίων	_	_
5.7	752	[72]	,	b	_
5.7	753	[11]	ἐν	_	_
5.7	754	[13]	δὲ	_	_
5.7	755	[11]	τῷ	_	_
5.7	756	[2]	διψῇν	_	_
5.7	757	[1]	πόματος	_	_
5.7	758	[20]	.	b	_
5.7	759	[2]	ἀλλὰ	_	_
5.7	760	[1]	παῖδες	_	_
5.7	761	[8]	μὲν	_	_
5.7	762	[1]	ὄντες	_	_
5.7	763	[1]	ὁμοίως	_	_
5.7	764	[5]	τοῖς	_	_
5.7	765	[1]	ἀλόγοις	_	_
5.7	766	[1]	ζώοις	_	_
5.7	767	[1]	ἑτοίμως	_	_
5.7	768	[1]	ἐπὶ	_	_
5.7	769	[16]	τὸ	_	_
5.7	770	[2]	πληρωθῆναι	_	_
5.7	771	[1]	ἐχόμεθα	_	_
5.7	772	[73]	,	b	_
5.7	773	[1]	μήτ	_	_
5.7	774	[27]	’	b	_
5.7	775	[1]	εἰ	_	_
5.7	776	[1]	συνοίσει	_	_
5.7	777	[6]	τοῦτο	_	_
5.7	778	[74]	,	b	_
5.7	779	[2]	μήτ	_	_
5.7	780	[28]	’	b	_
5.7	781	[2]	εἰ	_	_
5.7	782	[1]	βλάψει	_	_
5.7	783	[1]	σκοπούμενοι	_	_
5.7	784	[75]	,	b	_
5.7	785	[7]	κατὰ	_	_
5.7	786	[14]	δὲ	_	_
5.7	787	[8]	τὴν	_	_
5.7	788	[1]	ἡλικίαν	_	_
5.7	789	[33]	καὶ	_	_
5.7	790	[6]	τὸν	_	_
5.7	791	[1]	λογισμὸν	_	_
5.7	792	[1]	γενόμενοι	_	_
5.7	793	[76]	,	b	_
5.7	794	[1]	πολλάκις	_	_
5.7	795	[9]	μὲν	_	_
5.7	796	[1]	οὐδ	_	_
5.7	797	[29]	’	b	_
5.7	798	[2]	ὅλως	_	_
5.7	799	[1]	πίνομεν	_	_
5.7	800	[77]	,	b	_
5.7	801	[1]	ἐπειδὰν	_	_
5.7	802	[1]	πεισθῶμεν	_	_
5.7	803	[1]	ἀπὸ	_	_
5.7	804	[9]	τοῦ	_	_
5.7	805	[2]	πόματος	_	_
5.7	806	[1]	βλάβην	_	_
5.7	807	[1]	ἔσεσθαι	_	_
5.7	808	[78]	,	b	_
5.7	809	[2]	πολλάκις	_	_
5.7	810	[15]	δὲ	_	_
5.7	811	[1]	ὀλιγώτερον	_	_
5.7	812	[79]	,	b	_
5.7	813	[5]	ἢ	_	_
5.7	814	[2]	ὅσον	_	_
5.7	815	[1]	ἐπιθυμοῦμεν	_	_
5.7	816	[80]	,	b	_
5.7	817	[3]	εἰ	_	_
5.7	818	[2]	κᾀνταῦθα	_	_
5.7	819	[1]	μέλλοι	_	_
5.7	820	[1]	βλάψειν	_	_
5.7	821	[17]	τὸ	_	_
5.7	822	[1]	πλέον	_	_
5.7	823	[81]	,	b	_
5.7	824	[1]	ἐνίοτε	_	_
5.7	825	[7]	δ	_	_
5.7	826	[30]	’	b	_
5.7	827	[1]	ὕδωρ	_	_
5.7	828	[2]	πίνομεν	_	_
5.7	829	[82]	,	b	_
5.7	830	[1]	οἶνον	_	_
5.7	831	[1]	ἐπιθυμοῦντες	_	_
5.7	832	[1]	πιεῖν	_	_
5.7	833	[83]	,	b	_
5.7	834	[6]	ἢ	_	_
5.7	835	[1]	σφοδρῶς	_	_
5.7	836	[1]	ὀρεγόμενοι	_	_
5.7	837	[1]	ψυχροῦ	_	_
5.7	838	[1]	θερμὸν	_	_
5.7	839	[1]	προσφερόμεθα	_	_
5.7	840	[21]	.	b	_
5.7	841	[4]	οἱ	_	_
5.7	842	[2]	δέ	_	_
5.7	843	[3]	γε	_	_
5.7	844	[1]	ἀλόγιστοι	_	_
5.7	845	[11]	τῶν	_	_
5.7	846	[1]	ἀνθρώπων	_	_
5.7	847	[1]	ὡσαύτως	_	_
5.7	848	[6]	τοῖς	_	_
5.7	849	[1]	βρέφεσι	_	_
5.7	850	[34]	καὶ	_	_
5.7	851	[1]	θηρίοις	_	_
5.7	852	[1]	οὔτε	_	_
5.7	853	[7]	τὸν	_	_
5.7	854	[1]	καιρὸν	_	_
5.7	855	[1]	ἀναμένουσιν	_	_
5.7	856	[84]	,	b	_
5.7	857	[2]	οὔτε	_	_
5.7	858	[1]	ποσότητα	_	_
5.7	859	[35]	καὶ	_	_
5.7	860	[1]	ποιότητα	_	_
5.7	861	[10]	τοῦ	_	_
5.7	862	[2]	σώματος	_	_
5.7	863	[1]	ἐπισκέπτονται	_	_
5.7	864	[22]	.	b	_
5.7	865	[18]	τὸ	_	_
5.7	866	[10]	μὲν	_	_
5.7	867	[2]	δὴ	_	_
5.7	868	[4]	μὴ	_	_
5.7	869	[1]	χρῆσθαι	_	_
5.7	870	[1]	λογισμῷ	_	_
5.7	871	[1]	μήτε	_	_
5.7	872	[6]	τὰ	_	_
5.7	873	[1]	θηρία	_	_
5.7	874	[2]	μήτε	_	_
5.7	875	[7]	τὰ	_	_
5.7	876	[1]	βρέφη	_	_
5.7	877	[85]	,	b	_
5.7	878	[36]	καὶ	_	_
5.7	879	[5]	πρὸς	_	_
5.7	880	[1]	τοὺς	_	_
5.7	881	[3]	περὶ	_	_
5.7	882	[8]	τὸν	_	_
5.7	883	[1]	Χρύσιππον	_	_
5.7	884	[1]	ὡμολόγηται	_	_
5.7	885	[5]	·	b	_
5.7	886	[19]	τὸ	_	_
5.7	887	[16]	δὲ	_	_
5.7	888	[3]	ὑπὸ	_	_
5.7	889	[1]	δυνάμεώς	_	_
5.7	890	[2]	τινος	_	_
5.7	891	[1]	ἑτέρας	_	_
5.7	892	[1]	παρὰ	_	_
5.7	893	[9]	τὸν	_	_
5.7	894	[2]	λογισμὸν	_	_
5.7	895	[2]	ἐπὶ	_	_
5.7	896	[9]	τὴν	_	_
5.7	897	[1]	ἀπόλαυσιν	_	_
5.7	898	[2]	ὧν	_	_
5.7	899	[1]	ἐπιθυμοῦσιν	_	_
5.7	900	[1]	ἔρχεσθαι	_	_
5.7	901	[1]	ποτὲ	_	_
5.7	902	[11]	μὲν	_	_
5.7	903	[2]	ὁμολογοῦσιν	_	_
5.7	904	[86]	,	b	_
5.7	905	[1]	ἔστιν	_	_
5.7	906	[1]	ὅτε	_	_
5.7	907	[8]	δ	_	_
5.7	908	[31]	’	b	_
5.7	909	[1]	ἀρνοῦνται	_	_
5.7	910	[87]	,	b	_
5.7	911	[1]	περιπλέκοντες	_	_
5.7	912	[1]	ἄνω	_	_
5.7	913	[37]	καὶ	_	_
5.7	914	[1]	κάτω	_	_
5.7	915	[2]	τοὺς	_	_
5.7	916	[1]	λόγους	_	_
5.7	917	[88]	,	b	_
5.7	918	[1]	ἐνὸν	_	_
5.7	919	[4]	ὡς	_	_
5.7	920	[1]	ἄνδρας	_	_
5.7	921	[1]	ἐραστὰς	_	_
5.7	922	[1]	ἀληθείας	_	_
5.7	923	[4]	ἐκ	_	_
5.7	924	[1]	προχείρου	_	_
5.7	925	[1]	συλλογίζεσθαι	_	_
5.7	926	[89]	,	b	_
5.7	927	[1]	δύναμίν	_	_
5.7	928	[2]	τινα	_	_
5.7	929	[2]	ὑπάρχειν	_	_
5.7	930	[1]	ἄλογον	_	_
5.7	931	[90]	,	b	_
5.7	932	[3]	ἐπὶ	_	_
5.7	933	[10]	τὴν	_	_
5.7	934	[11]	τοῦ	_	_
5.7	935	[3]	σώματος	_	_
5.7	936	[2]	ἀπόλαυσιν	_	_
5.7	937	[1]	ἄγουσαν	_	_
5.7	938	[5]	οὐ	_	_
5.7	939	[8]	τὰ	_	_
5.7	940	[1]	βοσκήματα	_	_
5.7	941	[2]	μόνα	_	_
5.7	942	[38]	καὶ	_	_
5.7	943	[3]	τοὺς	_	_
5.7	944	[1]	παῖδας	_	_
5.7	945	[91]	,	b	_
5.7	946	[3]	ἀλλὰ	_	_
5.7	947	[39]	καὶ	_	_
5.7	948	[4]	τοὺς	_	_
5.7	949	[1]	βοσκήμασιν	_	_
5.7	950	[1]	ὁμοίους	_	_
5.7	951	[1]	ἀνθρώπους	_	_
5.7	952	[23]	.	b	_
5.7	953	[4]	εἰς	_	_
5.7	954	[12]	μὲν	_	_
5.7	955	[3]	οὖν	_	_
5.7	956	[11]	τὴν	_	_
5.7	957	[1]	τοιαύτην	_	_
5.7	958	[2]	ἀπόδειξιν	_	_
5.7	959	[5]	ὁ	_	_
5.7	960	[2]	λόγος	_	_
5.7	961	[3]	ἡμᾶς	_	_
5.7	962	[1]	ἤγαγεν	_	_
5.7	963	[1]	προτέραν	_	_
5.7	964	[6]	ὁ	_	_
5.7	965	[1]	ἐξ	_	_
5.7	966	[1]	ἀκολουθίας	_	_
5.7	967	[2]	τινὸς	_	_
5.7	968	[92]	,	b	_
5.7	969	[6]	οὐ	_	_
5.7	970	[1]	σμικρὰ	_	_
5.7	971	[1]	συντελοῦσαν	_	_
5.7	972	[2]	οὐδ	_	_
5.7	973	[32]	’	b	_
5.7	974	[3]	αὐτὴν	_	_
5.7	975	[7]	ταῖς	_	_
5.7	976	[4]	ὑπὸ	_	_
5.7	977	[12]	τοῦ	_	_
5.7	978	[5]	Πλάτωνος	_	_
5.7	979	[1]	λεγομέναις	_	_
5.7	980	[24]	.	b	_
5.7	981	[4]	ἐπὶ	_	_
5.7	982	[17]	δὲ	_	_
5.7	983	[5]	τοὺς	_	_
5.7	984	[3]	ἤδη	_	_
5.7	985	[1]	τελείους	_	_
5.7	986	[2]	ἄνδρας	_	_
5.7	987	[7]	οὐ	_	_
5.7	988	[8]	κατὰ	_	_
5.7	989	[12]	τὴν	_	_
5.7	990	[2]	ἡλικίαν	_	_
5.7	991	[2]	μόνον	_	_
5.7	992	[93]	,	b	_
5.7	993	[4]	ἀλλὰ	_	_
5.7	994	[40]	καὶ	_	_
5.7	995	[9]	κατὰ	_	_
5.7	996	[10]	τὸν	_	_
5.7	997	[3]	λογισμὸν	_	_
5.7	998	[1]	ἀφικόμενοι	_	_
5.7	999	[12]	τῷ	_	_
5.7	1000	[2]	λόγῳ	_	_
5.7	1001	[1]	θεασώμεθα	_	_
5.7	1002	[4]	ἤδη	_	_
5.7	1003	[13]	τὴν	_	_
5.7	1004	[12]	ἐν	_	_
5.7	1005	[1]	αὐτοῖς	_	_
5.7	1006	[1]	μάχην	_	_
5.7	1007	[9]	τῆς	_	_
5.7	1008	[1]	λογιστικῆς	_	_
5.7	1009	[1]	δυνάμεως	_	_
5.7	1010	[6]	πρὸς	_	_
5.7	1011	[14]	τὴν	_	_
5.7	1012	[1]	ἐπιθυμητικὴν	_	_
5.7	1013	[1]	ἔν	_	_
5.7	1014	[7]	τε	_	_
5.7	1015	[1]	νόσοις	_	_
5.7	1016	[41]	καὶ	_	_
5.7	1017	[1]	ἄλλαις	_	_
5.7	1018	[1]	πολλαῖς	_	_
5.7	1019	[1]	περιστάσεσιν	_	_
5.7	1020	[94]	,	b	_
5.7	1021	[13]	ἐν	_	_
5.7	1022	[1]	αἷς	_	_
5.7	1023	[1]	οὔπω	_	_
5.7	1024	[1]	δοκεῖ	_	_
5.7	1025	[1]	καιρὸς	_	_
5.7	1026	[6]	εἶναι	_	_
5.7	1027	[1]	προσφέρεσθαι	_	_
5.7	1028	[1]	πόμα	_	_
5.7	1029	[11]	τὸν	_	_
5.7	1030	[1]	διψῶντα	_	_
5.7	1031	[95]	,	b	_
5.7	1032	[42]	καὶ	_	_
5.7	1033	[1]	σιτία	_	_
5.7	1034	[12]	τὸν	_	_
5.7	1035	[1]	πεινῶντα	_	_
5.7	1036	[96]	,	b	_
5.7	1037	[43]	καὶ	_	_
5.7	1038	[1]	θάλπεσθαι	_	_
5.7	1039	[13]	τὸν	_	_
5.7	1040	[1]	ῥιγοῦντα	_	_
5.7	1041	[97]	,	b	_
5.7	1042	[44]	καὶ	_	_
5.7	1043	[1]	ψύχεσθαι	_	_
5.7	1044	[14]	τὸν	_	_
5.7	1045	[1]	θαλπόμενον	_	_
5.7	1046	[98]	,	b	_
5.7	1047	[1]	ἀφροδισίοις	_	_
5.7	1048	[8]	τε	_	_
5.7	1049	[2]	χρῆσθαι	_	_
5.7	1050	[15]	τὸν	_	_
5.7	1051	[5]	ἐπὶ	_	_
5.7	1052	[1]	ταῦτ	_	_
5.7	1053	[33]	’	b	_
5.7	1054	[1]	ὀργῶντα	_	_
5.7	1055	[25]	.	b	_
5.7	1056	[3]	ἡ	_	_
5.7	1057	[13]	μὲν	_	_
5.7	1058	[6]	γὰρ	_	_
5.7	1059	[1]	ἄλογος	_	_
5.7	1060	[14]	ἐν	_	_
5.7	1061	[1]	ἡμῖν	_	_
5.7	1062	[1]	δύναμις	_	_
5.7	1063	[1]	ἐφ	_	_
5.7	1064	[34]	’	b	_
5.7	1065	[1]	ἕκαστον	_	_
5.7	1066	[12]	τῶν	_	_
5.7	1067	[1]	ἐπιθυμουμένων	_	_
5.7	1068	[1]	ἕλκει	_	_
5.7	1069	[16]	τὸν	_	_
5.7	1070	[1]	δεόμενον	_	_
5.7	1071	[99]	,	b	_
5.7	1072	[7]	ὁ	_	_
5.7	1073	[18]	δὲ	_	_
5.7	1074	[1]	λογισμὸς	_	_
5.7	1075	[1]	ἀντισπᾷ	_	_
5.7	1076	[45]	καὶ	_	_
5.7	1077	[1]	κατέχει	_	_
5.7	1078	[15]	τὴν	_	_
5.7	1079	[5]	οὐκ	_	_
5.7	1080	[15]	ἐν	_	_
5.7	1081	[1]	καιρῷ	_	_
5.7	1082	[1]	φοράν	_	_
5.7	1083	[26]	.	b	_
5.7	1084	[46]	καὶ	_	_
5.7	1085	[1]	μάχη	_	_
5.7	1086	[4]	γε	_	_
5.7	1087	[1]	πολλά	_	_
5.7	1088	[1]	κις	_	_
5.7	1089	[1]	ἑκατέρων	_	_
5.7	1090	[1]	ἰσχυρὰ	_	_
5.7	1091	[1]	γίγνεται	_	_
5.7	1092	[7]	πρὸς	_	_
5.7	1093	[1]	ἄλληλα	_	_
5.7	1094	[100]	,	b	_
5.7	1095	[1]	φανερῶς	_	_
5.7	1096	[1]	ἐνδεικνυμένη	_	_
5.7	1097	[101]	,	b	_
5.7	1098	[1]	διττὴν	_	_
5.7	1099	[7]	εἶναι	_	_
5.7	1100	[1]	φύσιν	_	_
5.7	1101	[16]	ἐν	_	_
5.7	1102	[2]	ἡμῖν	_	_
5.7	1103	[13]	τῶν	_	_
5.7	1104	[1]	στασιαζουσῶν	_	_
5.7	1105	[1]	ἀλλήλαις	_	_
5.7	1106	[1]	δυνάμεων	_	_
5.7	1107	[27]	.	b	_
5.7	1108	[1]	εἴπερ	_	_
5.7	1109	[7]	γὰρ	_	_
5.7	1110	[3]	ἦν	_	_
5.7	1111	[1]	μία	_	_
5.7	1112	[1]	μόνη	_	_
5.7	1113	[102]	,	b	_
5.7	1114	[1]	καθάπερ	_	_
5.7	1115	[17]	ἐν	_	_
5.7	1116	[7]	τοῖς	_	_
5.7	1117	[1]	παισὶν	_	_
5.7	1118	[103]	,	b	_
5.7	1119	[3]	οὐδὲν	_	_
5.7	1120	[5]	ἂν	_	_
5.7	1121	[1]	ἐκώλυεν	_	_
5.7	1122	[1]	ἀκαίρως	_	_
5.7	1123	[4]	ἡμᾶς	_	_
5.7	1124	[1]	ἀπολαύειν	_	_
5.7	1125	[14]	τῶν	_	_
5.7	1126	[2]	ἐπιθυμουμένων	_	_
5.7	1127	[104]	,	b	_
5.7	1128	[2]	ὥσπερ	_	_
5.7	1129	[5]	γε	_	_
5.7	1130	[47]	καὶ	_	_
5.7	1131	[4]	εἰ	_	_
5.7	1132	[1]	μόνος	_	_
5.7	1133	[8]	ὁ	_	_
5.7	1134	[2]	λογισμὸς	_	_
5.7	1135	[4]	ἦν	_	_
5.7	1136	[105]	,	b	_
5.7	1137	[8]	πρὸς	_	_
5.7	1138	[4]	οὐδὲν	_	_
5.7	1139	[1]	ἀνθέλκειν	_	_
5.7	1140	[9]	τε	_	_
5.7	1141	[48]	καὶ	_	_
5.7	1142	[1]	στασιάζειν	_	_
5.7	1143	[1]	εἰθισμένος	_	_
5.7	1144	[106]	,	b	_
5.7	1145	[5]	οὐδὲν	_	_
5.7	1146	[6]	ἂν	_	_
5.7	1147	[5]	ἦν	_	_
5.7	1148	[1]	πρᾶγμα	_	_
5.7	1149	[2]	διψῶντα	_	_
5.7	1150	[5]	μὴ	_	_
5.7	1151	[1]	πίνειν	_	_
5.7	1152	[107]	,	b	_
5.7	1153	[7]	ἢ	_	_
5.7	1154	[2]	πεινῶντα	_	_
5.7	1155	[6]	μὴ	_	_
5.7	1156	[1]	ἐσθίειν	_	_
5.7	1157	[108]	,	b	_
5.7	1158	[3]	οὐδ	_	_
5.7	1159	[35]	’	b	_
5.7	1160	[1]	ἐγκρατὴς	_	_
5.7	1161	[1]	οὐδὲ	_	_
5.7	1162	[1]	σώφρων	_	_
5.7	1163	[7]	ἂν	_	_
5.7	1164	[9]	ὁ	_	_
5.7	1165	[7]	μὴ	_	_
5.7	1166	[1]	πίνων	_	_
5.7	1167	[1]	ὠνομάζετο	_	_
5.7	1168	[109]	,	b	_
5.7	1169	[2]	καθάπερ	_	_
5.7	1170	[4]	οὐδ	_	_
5.7	1171	[36]	’	b	_
5.7	1172	[10]	ὁ	_	_
5.7	1173	[8]	μὴ	_	_
5.7	1174	[1]	βαδίζων	_	_
5.7	1175	[110]	,	b	_
5.7	1176	[5]	εἰ	_	_
5.7	1177	[9]	μὴ	_	_
5.7	1178	[1]	βούλοιτο	_	_
5.7	1179	[28]	.	b	_
5.7	1180	[1]	νυνὶ	_	_
5.7	1181	[9]	δ	_	_
5.7	1182	[37]	’	b	_
5.7	1183	[111]	,	b	_
5.7	1184	[1]	ἐπεὶ	_	_
5.7	1185	[1]	διτταί	_	_
5.7	1186	[1]	τινές	_	_
5.7	1187	[1]	εἰσιν	_	_
5.7	1188	[1]	αἱ	_	_
5.7	1189	[17]	τὸν	_	_
5.7	1190	[1]	ἄνθρωπον	_	_
5.7	1191	[1]	ἐπισπώμεναι	_	_
5.7	1192	[5]	δυνάμεις	_	_
5.7	1193	[112]	,	b	_
5.7	1194	[1]	ἔστι	_	_
5.7	1195	[19]	δὲ	_	_
5.7	1196	[2]	ἄλογος	_	_
5.7	1197	[4]	ἡ	_	_
5.7	1198	[13]	τοῦ	_	_
5.7	1199	[3]	πόματος	_	_
5.7	1200	[1]	ἐπιθυμοῦσα	_	_
5.7	1201	[113]	,	b	_
5.7	1202	[5]	ἡ	_	_
5.7	1203	[20]	δὲ	_	_
5.7	1204	[1]	κατέχουσα	_	_
5.7	1205	[1]	ταύτην	_	_
5.7	1206	[1]	λογικὴ	_	_
5.7	1207	[114]	,	b	_
5.7	1208	[1]	ἀφροσύνης	_	_
5.7	1209	[18]	ἐν	_	_
5.7	1210	[13]	τῷ	_	_
5.7	1211	[1]	τοιούτῳ	_	_
5.7	1212	[49]	καὶ	_	_
5.7	1213	[1]	ἐγκρατείας	_	_
5.7	1214	[1]	γένεσις	_	_
5.7	1215	[29]	.	b	_
5.7	1216	[5]	ἀλλὰ	_	_
5.7	1217	[7]	τοῦτο	_	_
5.7	1218	[14]	μὲν	_	_
5.7	1219	[3]	ἡμῖν	_	_
5.7	1220	[8]	οὐ	_	_
5.7	1221	[1]	σμικρὸν	_	_
5.7	1222	[19]	ἐν	_	_
5.7	1223	[1]	παρέργῳ	_	_
5.7	1224	[1]	δειχθὲν	_	_
5.7	1225	[5]	εἰς	_	_
5.7	1226	[18]	τὸν	_	_
5.7	1227	[4]	περὶ	_	_
5.7	1228	[15]	τῶν	_	_
5.7	1229	[4]	ἀρετῶν	_	_
5.7	1230	[4]	λόγον	_	_
5.7	1231	[1]	μνημονευέσθω	_	_
5.7	1232	[115]	,	b	_
5.7	1233	[3]	μήτ	_	_
5.7	1234	[38]	’	b	_
5.7	1235	[1]	ἐγκράτειαν	_	_
5.7	1236	[1]	εἶναί	_	_
5.7	1237	[1]	τι	_	_
5.7	1238	[116]	,	b	_
5.7	1239	[3]	μήτε	_	_
5.7	1240	[1]	σωφροσύνην	_	_
5.7	1241	[117]	,	b	_
5.7	1242	[1]	ἀναιρεθείσης	_	_
5.7	1243	[14]	τῷ	_	_
5.7	1244	[3]	λόγῳ	_	_
5.7	1245	[10]	τῆς	_	_
5.7	1246	[1]	ἐπιθυμητικῆς	_	_
5.7	1247	[2]	δυνάμεως	_	_
5.7	1248	[30]	.	b	_
5.7	1249	[6]	ἐπὶ	_	_
5.7	1250	[21]	δὲ	_	_
5.7	1251	[20]	τὸ	_	_
5.7	1252	[1]	προκείμενον	_	_
5.7	1253	[1]	αὖθις	_	_
5.7	1254	[1]	ἐπάνειμι	_	_
5.7	1255	[118]	,	b	_
5.7	1256	[5]	ὡς	_	_
5.7	1257	[6]	ἡ	_	_
5.7	1258	[14]	τοῦ	_	_
5.7	1259	[1]	διψῶντος	_	_
5.7	1260	[15]	μὲν	_	_
5.7	1261	[119]	,	b	_
5.7	1262	[10]	μὴ	_	_
5.7	1263	[1]	βουλομένου	_	_
5.7	1264	[22]	δὲ	_	_
5.7	1265	[2]	πίνειν	_	_
5.7	1266	[1]	ψυχὴ	_	_
5.7	1267	[10]	κατὰ	_	_
5.7	1268	[2]	μέν	_	_
5.7	1269	[3]	τινα	_	_
5.7	1270	[16]	τῶν	_	_
5.7	1271	[1]	ἑαυτῆς	_	_
5.7	1272	[2]	δυνάμεων	_	_
5.7	1273	[8]	ἢ	_	_
5.7	1274	[1]	μερῶν	_	_
5.7	1275	[1]	ἐφίεται	_	_
5.7	1276	[1]	ποτοῦ	_	_
5.7	1277	[120]	,	b	_
5.7	1278	[6]	καθ	_	_
5.7	1279	[39]	’	b	_
5.7	1280	[2]	ἕτερον	_	_
5.7	1281	[3]	δέ	_	_
5.7	1282	[2]	τι	_	_
5.7	1283	[1]	φεύγει	_	_
5.7	1284	[50]	καὶ	_	_
5.7	1285	[1]	ἀποτρέπεται	_	_
5.7	1286	[31]	.	b	_
5.7	1287	[1]	ἑνὶ	_	_
5.7	1288	[8]	γὰρ	_	_
5.7	1289	[51]	καὶ	_	_
5.7	1290	[1]	ταὐτῷ	_	_
5.7	1291	[1]	προσίεσθαί	_	_
5.7	1292	[3]	τι	_	_
5.7	1293	[52]	καὶ	_	_
5.7	1294	[1]	φεύγειν	_	_
5.7	1295	[6]	οὐκ	_	_
5.7	1296	[1]	ἐνδέχεται	_	_
5.7	1297	[32]	.	b	_
5.7	1298	[5]	εἴτε	_	_
5.7	1299	[23]	δὲ	_	_
5.7	1300	[1]	προσίεσθαι	_	_
5.7	1301	[53]	καὶ	_	_
5.7	1302	[2]	φεύγειν	_	_
5.7	1303	[1]	λέγεις	_	_
5.7	1304	[33]	.	b	_
5.7	1305	[6]	εἴτε	_	_
5.7	1306	[1]	διώκειν	_	_
5.7	1307	[121]	,	b	_
5.7	1308	[1]	εἴτ	_	_
5.7	1309	[40]	’	b	_
5.7	1310	[2]	ἐφίεσθαι	_	_
5.7	1311	[122]	,	b	_
5.7	1312	[2]	διαφέρει	_	_
5.7	1313	[6]	οὐδὲν	_	_
5.7	1314	[123]	,	b	_
5.7	1315	[3]	ὥσπερ	_	_
5.7	1316	[2]	οὐδὲ	_	_
5.7	1317	[6]	εἰ	_	_
5.7	1318	[2]	βούλεσθαι	_	_
5.7	1319	[124]	,	b	_
5.7	1320	[9]	ἢ	_	_
5.7	1321	[1]	ὀρέγεσθαι	_	_
5.7	1322	[125]	,	b	_
5.7	1323	[10]	ἢ	_	_
5.7	1324	[1]	ἀντιποιεῖσθαι	_	_
5.7	1325	[126]	,	b	_
5.7	1326	[11]	ἢ	_	_
5.7	1327	[1]	ἀσπάζεσθαι	_	_
5.7	1328	[127]	,	b	_
5.7	1329	[12]	ἢ	_	_
5.7	1330	[3]	ἐπιθυμεῖν	_	_
5.7	1331	[128]	,	b	_
5.7	1332	[7]	ἡ	_	_
5.7	1333	[9]	γὰρ	_	_
5.7	1334	[17]	τῶν	_	_
5.7	1335	[2]	τοιούτων	_	_
5.7	1336	[1]	ὀνομάτων	_	_
5.7	1337	[1]	διαίρεσις	_	_
5.7	1338	[7]	οὐδὲν	_	_
5.7	1339	[6]	εἰς	_	_
5.7	1340	[16]	τὴν	_	_
5.7	1341	[1]	παροῦσαν	_	_
5.7	1342	[1]	σκέψιν	_	_
5.7	1343	[1]	ὀνίνησιν	_	_
5.7	1344	[129]	,	b	_
5.7	1345	[2]	ἀλλ	_	_
5.7	1346	[41]	’	b	_
5.7	1347	[2]	αὐτὸ	_	_
5.7	1348	[1]	τοὐναντίον	_	_
5.7	1349	[1]	ἄκαιρός	_	_
5.7	1350	[1]	τ	_	_
5.7	1351	[42]	’	b	_
5.7	1352	[1]	ἐστὶ	_	_
5.7	1353	[54]	καὶ	_	_
5.7	1354	[17]	τὴν	_	_
5.7	1355	[5]	περὶ	_	_
5.7	1356	[18]	τῶν	_	_
5.7	1357	[1]	πραγμάτων	_	_
5.7	1358	[1]	ζήτησιν	_	_
5.7	1359	[7]	εἰς	_	_
5.7	1360	[18]	τὴν	_	_
5.7	1361	[6]	περὶ	_	_
5.7	1362	[19]	τῶν	_	_
5.7	1363	[2]	ὀνομάτων	_	_
5.7	1364	[1]	ἀμφισβήτησιν	_	_
5.7	1365	[1]	ἀπάγει	_	_
5.7	1366	[34]	.	b	_
5.7	1367	[1]	διὸ	_	_
5.7	1368	[55]	καὶ	_	_
5.7	1369	[1]	τεχνάζονταί	_	_
5.7	1370	[1]	τινες	_	_
5.7	1371	[1]	ἐξεπίτηδες	_	_
5.7	1372	[5]	ὑπὲρ	_	_
5.7	1373	[15]	τοῦ	_	_
5.7	1374	[1]	μηδὲν	_	_
5.7	1375	[1]	περανθῆναι	_	_
5.7	1376	[9]	πρὸς	_	_
5.7	1377	[2]	ἕκαστον	_	_
5.7	1378	[20]	τῶν	_	_
5.7	1379	[3]	ὀνομάτων	_	_
5.7	1380	[1]	ἐνίστασθαι	_	_
5.7	1381	[130]	,	b	_
5.7	1382	[7]	εἰ	_	_
5.7	1383	[16]	μὲν	_	_
5.7	1384	[2]	ὀρέγεσθαι	_	_
5.7	1385	[4]	πόματος	_	_
5.7	1386	[1]	εἴποις	_	_
5.7	1387	[19]	τὸν	_	_
5.7	1388	[3]	διψῶντα	_	_
5.7	1389	[131]	,	b	_
5.7	1390	[11]	μὴ	_	_
5.7	1391	[1]	συγχωροῦντες	_	_
5.7	1392	[3]	ὀρέγεσθαι	_	_
5.7	1393	[2]	λέγειν	_	_
5.7	1394	[132]	,	b	_
5.7	1395	[1]	αἴτιον	_	_
5.7	1396	[1]	γάρ	_	_
5.7	1397	[4]	τι	_	_
5.7	1398	[19]	τὴν	_	_
5.7	1399	[1]	ὄρεξιν	_	_
5.7	1400	[8]	εἶναι	_	_
5.7	1401	[56]	καὶ	_	_
5.7	1402	[1]	μόνου	_	_
5.7	1403	[16]	τοῦ	_	_
5.7	1404	[1]	σοφοῦ	_	_
5.7	1405	[133]	,	b	_
5.7	1406	[3]	ὑπάρχειν	_	_
5.7	1407	[3]	γοῦν	_	_
5.7	1408	[4]	αὐτὴν	_	_
5.7	1409	[2]	ὁρμὴν	_	_
5.7	1410	[1]	λογιστικὴν	_	_
5.7	1411	[1]	ἐπί	_	_
5.7	1412	[5]	τι	_	_
5.7	1413	[3]	ὅσον	_	_
5.7	1414	[2]	χρὴ	_	_
5.7	1415	[1]	ἥδοντος	_	_
5.7	1416	[134]	,	b	_
5.7	1417	[8]	ἂν	_	_
5.7	1418	[24]	δὲ	_	_
5.7	1419	[4]	ἐπιθυμεῖν	_	_
5.7	1420	[135]	,	b	_
5.7	1421	[3]	οὐδὲ	_	_
5.7	1422	[1]	οὕτως	_	_
5.7	1423	[1]	ὀνομάζειν	_	_
5.7	1424	[2]	συγχωροῦντες	_	_
5.7	1425	[6]	·	b	_
5.7	1426	[21]	τὸ	_	_
5.7	1427	[17]	μὲν	_	_
5.7	1428	[10]	γὰρ	_	_
5.7	1429	[3]	διψῇν	_	_
5.7	1430	[7]	οὐκ	_	_
5.7	1431	[20]	ἐν	_	_
5.7	1432	[8]	τοῖς	_	_
5.7	1433	[1]	φαύλοις	_	_
5.7	1434	[3]	μόνον	_	_
5.7	1435	[136]	,	b	_
5.7	1436	[6]	ἀλλὰ	_	_
5.7	1437	[57]	καὶ	_	_
5.7	1438	[9]	τοῖς	_	_
5.7	1439	[1]	ἀστείοις	_	_
5.7	1440	[1]	γίγνεσθαι	_	_
5.7	1441	[137]	,	b	_
5.7	1442	[20]	τὴν	_	_
5.7	1443	[10]	δ	_	_
5.7	1444	[43]	’	b	_
5.7	1445	[1]	ἐπιθυμίαν	_	_
5.7	1446	[1]	αὐτήν	_	_
5.7	1447	[10]	τε	_	_
5.7	1448	[1]	φαύλην	_	_
5.7	1449	[9]	εἶναι	_	_
5.7	1450	[58]	καὶ	_	_
5.7	1451	[1]	μόνοις	_	_
5.7	1452	[10]	τοῖς	_	_
5.7	1453	[2]	φαύλοις	_	_
5.7	1454	[1]	ἐγγίνεσθαι	_	_
5.7	1455	[138]	,	b	_
5.7	1456	[10]	εἶναι	_	_
5.7	1457	[11]	γὰρ	_	_
5.7	1458	[2]	ὄρεξιν	_	_
5.7	1459	[1]	ἀθρόως	_	_
5.7	1460	[1]	ῥεπτικὴν	_	_
5.7	1461	[10]	πρὸς	_	_
5.7	1462	[22]	τὸ	_	_
5.7	1463	[1]	τυγχάνειν	_	_
5.7	1464	[35]	.	b	_
5.7	1465	[8]	εἰ	_	_
5.7	1466	[25]	δὲ	_	_
5.7	1467	[12]	μὴ	_	_
5.7	1468	[1]	μακρὸν	_	_
5.7	1469	[2]	οὕτως	_	_
5.7	1470	[2]	αὐτῆς	_	_
5.7	1471	[1]	ὁρισμὸν	_	_
5.7	1472	[1]	ποιήσειεν	_	_
5.7	1473	[139]	,	b	_
5.7	1474	[3]	ἀλλ	_	_
5.7	1475	[44]	’	b	_
5.7	1476	[1]	ὄρεξίν	_	_
5.7	1477	[11]	τε	_	_
5.7	1478	[2]	ἄλογον	_	_
5.7	1479	[4]	ὑπάρχειν	_	_
5.7	1480	[1]	εἰπὼν	_	_
5.7	1481	[140]	,	b	_
5.7	1482	[1]	ἐπιτιμήσει	_	_
5.7	1483	[1]	μάλα	_	_
5.7	1484	[1]	σεμνῶς	_	_
5.7	1485	[1]	ἀνδρὶ	_	_
5.7	1486	[141]	,	b	_
5.7	1487	[3]	πολλάκις	_	_
5.7	1488	[8]	οὐκ	_	_
5.7	1489	[21]	ἐν	_	_
5.7	1490	[3]	τῇ	_	_
5.7	1491	[21]	τῶν	_	_
5.7	1492	[2]	πραγμάτων	_	_
5.7	1493	[1]	ἐπιστήμῃ	_	_
5.7	1494	[4]	μόνον	_	_
5.7	1495	[142]	,	b	_
5.7	1496	[7]	ἀλλὰ	_	_
5.7	1497	[1]	κᾀν	_	_
5.7	1498	[4]	τῇ	_	_
5.7	1499	[22]	τῶν	_	_
5.7	1500	[4]	ὀνομάτων	_	_
5.7	1501	[1]	χρήσει	_	_
5.7	1502	[1]	μυρίων	_	_
5.7	1503	[1]	διαφέροντι	_	_
5.7	1504	[36]	.	b	_
5.7	1505	[1]	τοιοῦτοι	_	_
5.7	1506	[11]	δ	_	_
5.7	1507	[45]	’	b	_
5.7	1508	[1]	ἀμέλει	_	_
5.7	1509	[59]	καὶ	_	_
5.7	1510	[23]	τῶν	_	_
5.7	1511	[1]	παλαιῶν	_	_
5.7	1512	[1]	ἦσαν	_	_
5.7	1513	[9]	οὐκ	_	_
5.7	1514	[1]	ὀλίγοι	_	_
5.7	1515	[143]	,	b	_
5.7	1516	[3]	καθάπερ	_	_
5.7	1517	[60]	καὶ	_	_
5.7	1518	[2]	αὐτὸς	_	_
5.7	1519	[11]	ὁ	_	_
5.7	1520	[2]	Πλάτων	_	_
5.7	1521	[1]	φησὶν	_	_
5.7	1522	[144]	,	b	_
5.7	1523	[1]	ὀνόμασι	_	_
5.7	1524	[1]	χρώμενοι	_	_
5.7	1525	[1]	καινῶς	_	_
5.7	1526	[1]	μετωνομασμένοις	_	_
5.7	1527	[37]	.	b	_
5.7	1528	[3]	δι	_	_
5.7	1529	[46]	’	b	_
5.7	1530	[1]	οὕς	_	_
5.7	1531	[2]	μοι	_	_
5.7	1532	[2]	δοκεῖ	_	_
5.7	1533	[61]	καὶ	_	_
5.7	1534	[5]	νῦν	_	_
5.7	1535	[1]	οὐχ	_	_
5.7	1536	[1]	ἓν	_	_
5.7	1537	[1]	ἁπλῶς	_	_
5.7	1538	[1]	γράψαι	_	_
5.7	1539	[11]	κατὰ	_	_
5.7	1540	[20]	τὸν	_	_
5.7	1541	[2]	προκείμενον	_	_
5.7	1542	[5]	λόγον	_	_
5.7	1543	[1]	ὄνομα	_	_
5.7	1544	[145]	,	b	_
5.7	1545	[1]	χρήσασθαι	_	_
5.7	1546	[26]	δὲ	_	_
5.7	1547	[2]	ἐξεπίτηδες	_	_
5.7	1548	[1]	ἅπασιν	_	_
5.7	1549	[146]	,	b	_
5.7	1550	[2]	οἷς	_	_
5.7	1551	[1]	ἐγχωρεῖ	_	_
5.7	1552	[2]	ταὐτὸν	_	_
5.7	1553	[1]	δηλῶσαι	_	_
5.7	1554	[2]	πρᾶγμα	_	_
5.7	1555	[38]	.	b	_
5.7	1556	[15]	τῷ	_	_
5.7	1557	[12]	τε	_	_
5.7	1558	[12]	γὰρ	_	_
5.7	1559	[4]	ὀρέγεσθαι	_	_
5.7	1560	[147]	,	b	_
5.7	1561	[62]	καὶ	_	_
5.7	1562	[16]	τῷ	_	_
5.7	1563	[5]	ἐπιθυμεῖν	_	_
5.7	1564	[148]	,	b	_
5.7	1565	[63]	καὶ	_	_
5.7	1566	[17]	τῷ	_	_
5.7	1567	[3]	ἐφίεσθαι	_	_
5.7	1568	[149]	,	b	_
5.7	1569	[64]	καὶ	_	_
5.7	1570	[18]	τῷ	_	_
5.7	1571	[1]	νεύειν	_	_
5.7	1572	[150]	,	b	_
5.7	1573	[1]	ἐπορέγεσθαί	_	_
5.7	1574	[13]	τε	_	_
5.7	1575	[65]	καὶ	_	_
5.7	1576	[1]	θέλειν	_	_
5.7	1577	[151]	,	b	_
5.7	1578	[66]	καὶ	_	_
5.7	1579	[3]	βούλεσθαι	_	_
5.7	1580	[152]	,	b	_
5.7	1581	[67]	καὶ	_	_
5.7	1582	[3]	προσάγεσθαι	_	_
5.7	1583	[153]	,	b	_
5.7	1584	[68]	καὶ	_	_
5.7	1585	[3]	μέντοι	_	_
5.7	1586	[69]	καὶ	_	_
5.7	1587	[11]	τοῖς	_	_
5.7	1588	[1]	ἐναντίοις	_	_
5.7	1589	[3]	αὐτῶν	_	_
5.7	1590	[7]	ἐπὶ	_	_
5.7	1591	[17]	τοῦ	_	_
5.7	1592	[1]	ἑνὸς	_	_
5.7	1593	[1]	πράγματος	_	_
5.7	1594	[1]	φαίνεται	_	_
5.7	1595	[1]	χρώμενος	_	_
5.7	1596	[154]	,	b	_
5.7	1597	[19]	τῷ	_	_
5.7	1598	[2]	ἀβουλεῖν	_	_
5.7	1599	[70]	καὶ	_	_
5.7	1600	[13]	μὴ	_	_
5.7	1601	[3]	ἐθέλειν	_	_
5.7	1602	[39]	.	b	_
5.7	1603	[1]	ἐνδείξασθαι	_	_
5.7	1604	[13]	γὰρ	_	_
5.7	1605	[1]	αὐτῷ	_	_
5.7	1606	[1]	πρόκειται	_	_
5.7	1607	[71]	καὶ	_	_
5.7	1608	[2]	δηλῶσαι	_	_
5.7	1609	[2]	σαφῶς	_	_
5.7	1610	[155]	,	b	_
5.7	1611	[2]	ὃ	_	_
5.7	1612	[1]	βούλεται	_	_
5.7	1613	[156]	,	b	_
5.7	1614	[7]	περὶ	_	_
5.7	1615	[21]	τὴν	_	_
5.7	1616	[3]	ἀπόδειξιν	_	_
5.7	1617	[1]	ἐσπουδακότι	_	_
5.7	1618	[157]	,	b	_
5.7	1619	[72]	καὶ	_	_
5.7	1620	[1]	δουλεύοντι	_	_
5.7	1621	[2]	διὰ	_	_
5.7	1622	[11]	τῆς	_	_
5.7	1623	[1]	λέξεως	_	_
5.7	1624	[5]	τῇ	_	_
5.7	1625	[1]	μηνύσει	_	_
5.7	1626	[18]	τοῦ	_	_
5.7	1627	[2]	πράγματος	_	_
5.7	1628	[158]	,	b	_
5.7	1629	[9]	οὐ	_	_
5.7	1630	[1]	τερθρευομένῳ	_	_
5.7	1631	[8]	περὶ	_	_
5.7	1632	[3]	τὰς	_	_
5.7	1633	[1]	συλλαβάς	_	_
5.7	1634	[40]	.	b	_
5.7	1635	[5]	ἐκ	_	_
5.7	1636	[18]	μὲν	_	_
5.7	1637	[3]	δὴ	_	_
5.7	1638	[24]	τῶν	_	_
5.7	1639	[1]	προειρημένων	_	_
5.7	1640	[3]	ἕτερον	_	_
5.7	1641	[1]	ἐπέδειξε	_	_
5.7	1642	[23]	τὸ	_	_
5.7	1643	[2]	ἐπιθυμοῦν	_	_
5.7	1644	[19]	τοῦ	_	_
5.7	1645	[2]	λογιζομένου	_	_
5.7	1646	[41]	.	b	_
5.7	1647	[1]	παραγράφειν	_	_
5.7	1648	[14]	γὰρ	_	_
5.7	1649	[1]	ἁπάσας	_	_
5.7	1650	[2]	αὐτοῦ	_	_
5.7	1651	[4]	τὰς	_	_
5.7	1652	[1]	ῥήσεις	_	_
5.7	1653	[2]	μακρὸν	_	_
5.7	1654	[1]	ἔδοξέ	_	_
5.7	1655	[3]	μοι	_	_
5.7	1656	[159]	,	b	_
5.7	1657	[1]	δυναμένῳ	_	_
5.7	1658	[6]	γε	_	_
5.7	1659	[1]	παντὶ	_	_
5.7	1660	[20]	τῷ	_	_
5.7	1661	[1]	βουλομένῳ	_	_
5.7	1662	[24]	τὸ	_	_
5.7	1663	[1]	ἐφεξῆς	_	_
5.7	1664	[1]	ἅπαν	_	_
5.7	1665	[1]	ἀναγνῶναι	_	_
5.7	1666	[20]	τοῦ	_	_
5.7	1667	[1]	βιβλίου	_	_
5.7	1668	[1]	χωρίον	_	_
5.7	1669	[42]	.	b	_
5.7	1670	[9]	εἰ	_	_
5.7	1671	[27]	δὲ	_	_
5.7	1672	[73]	καὶ	_	_
5.7	1673	[22]	τὴν	_	_
5.7	1674	[8]	ἐπὶ	_	_
5.7	1675	[12]	τῆς	_	_
5.7	1676	[1]	τελευτῆς	_	_
5.7	1677	[1]	ὁμοῦ	_	_
5.7	1678	[21]	τοῦ	_	_
5.7	1679	[2]	λόγου	_	_
5.7	1680	[1]	δέοι	_	_
5.7	1681	[1]	παραγράψαι	_	_
5.7	1682	[2]	ῥῆσιν	_	_
5.7	1683	[160]	,	b	_
5.7	1684	[6]	ὡς	_	_
5.7	1685	[1]	ἔμοιγε	_	_
5.7	1686	[3]	δοκεῖ	_	_
5.7	1687	[1]	χάριν	_	_
5.7	1688	[22]	τοῦ	_	_
5.7	1689	[1]	σαφεστέραν	_	_
5.7	1690	[2]	γενέσθαι	_	_
5.7	1691	[23]	τὴν	_	_
5.7	1692	[9]	ἐπὶ	_	_
5.7	1693	[25]	τὸ	_	_
5.7	1694	[1]	δεύτερον	_	_
5.7	1695	[1]	κεφάλαιον	_	_
5.7	1696	[1]	μετάβασιν	_	_
5.7	1697	[161]	,	b	_
5.7	1698	[4]	οὐδὲ	_	_
5.7	1699	[2]	ταύτην	_	_
5.7	1700	[1]	παρήσω	_	_
5.7	1701	[7]	·	b	_
5.7	1702	[2]	ἔχει	_	_
5.7	1703	[28]	δὲ	_	_
5.7	1704	[2]	ᾧδε	_	_
5.7	1705	[43]	.	b	_
5.7	1706	[1]	Ἆρα	_	_
5.7	1707	[23]	τοῦ	_	_
5.7	1708	[2]	διψῶντος	_	_
5.7	1709	[8]	ἡ	_	_
5.7	1710	[2]	ψυχὴ	_	_
5.7	1711	[162]	,	b	_
5.7	1712	[1]	καθόσον	_	_
5.7	1713	[1]	διψῇ	_	_
5.7	1714	[163]	,	b	_
5.7	1715	[10]	οὐκ	_	_
5.7	1716	[1]	ἄλλό	_	_
5.7	1717	[6]	τι	_	_
5.7	1718	[2]	βούλεται	_	_
5.7	1719	[13]	ἢ	_	_
5.7	1720	[2]	πιεῖν	_	_
5.7	1721	[164]	,	b	_
5.7	1722	[74]	καὶ	_	_
5.7	1723	[1]	τούτου	_	_
5.7	1724	[1]	ὀρέγεται	_	_
5.7	1725	[165]	,	b	_
5.7	1726	[75]	καὶ	_	_
5.7	1727	[10]	ἐπὶ	_	_
5.7	1728	[8]	τοῦτο	_	_
5.7	1729	[1]	ὁρμᾷ	_	_
5.7	1730	[8]	;	b	_
5.7	1731	[2]	δῆλον	_	_
5.7	1732	[1]	δή	_	_
5.7	1733	[44]	.	b	_
5.7	1734	[1]	οὐκοῦν	_	_
5.7	1735	[166]	,	b	_
5.7	1736	[1]	εἴ	_	_
5.7	1737	[1]	ποτέ	_	_
5.7	1738	[7]	τι	_	_
5.7	1739	[5]	αὐτὴν	_	_
5.7	1740	[1]	ἀνθέλκει	_	_
5.7	1741	[1]	διψῶσαν	_	_
5.7	1742	[167]	,	b	_
5.7	1743	[4]	ἕτερον	_	_
5.7	1744	[1]	ἄν	_	_
5.7	1745	[8]	τι	_	_
5.7	1746	[22]	ἐν	_	_
5.7	1747	[1]	αὐτῇ	_	_
5.7	1748	[1]	εἴη	_	_
5.7	1749	[3]	αὐτοῦ	_	_
5.7	1750	[24]	τοῦ	_	_
5.7	1751	[3]	διψῶντος	_	_
5.7	1752	[76]	καὶ	_	_
5.7	1753	[1]	ἄγοντος	_	_
5.7	1754	[4]	ὥσπερ	_	_
5.7	1755	[1]	θηρίον	_	_
5.7	1756	[11]	ἐπὶ	_	_
5.7	1757	[26]	τὸ	_	_
5.7	1758	[3]	πιεῖν	_	_
5.7	1759	[8]	·	b	_
5.7	1760	[10]	οὐ	_	_
5.7	1761	[15]	γὰρ	_	_
5.7	1762	[4]	δὴ	_	_
5.7	1763	[168]	,	b	_
5.7	1764	[1]	φαμὲν	_	_
5.7	1765	[169]	,	b	_
5.7	1766	[21]	τῷ	_	_
5.7	1767	[7]	γε	_	_
5.7	1768	[2]	αὐτῷ	_	_
5.7	1769	[170]	,	b	_
5.7	1770	[27]	τὸ	_	_
5.7	1771	[3]	αὐτὸ	_	_
5.7	1772	[171]	,	b	_
5.7	1773	[22]	τῷ	_	_
5.7	1774	[1]	ἑαυτοῦ	_	_
5.7	1775	[172]	,	b	_
5.7	1776	[9]	περὶ	_	_
5.7	1777	[28]	τὸ	_	_
5.7	1778	[4]	αὐτὸ	_	_
5.7	1779	[173]	,	b	_
5.7	1780	[2]	ἅμα	_	_
5.7	1781	[3]	τἀναντία	_	_
5.7	1782	[1]	πράττοι	_	_
5.7	1783	[45]	.	b	_
5.7	1784	[11]	οὐ	_	_
5.7	1785	[16]	γὰρ	_	_
5.7	1786	[4]	οὖν	_	_
5.7	1787	[46]	.	b	_
5.7	1788	[5]	ὥσπερ	_	_
5.7	1789	[8]	γε	_	_
5.7	1790	[174]	,	b	_
5.7	1791	[2]	οἶμαι	_	_
5.7	1792	[175]	,	b	_
5.7	1793	[25]	τοῦ	_	_
5.7	1794	[1]	τοξότου	_	_
5.7	1795	[12]	οὐ	_	_
5.7	1796	[1]	καλῶς	_	_
5.7	1797	[3]	ἔχει	_	_
5.7	1798	[3]	λέγειν	_	_
5.7	1799	[176]	,	b	_
5.7	1800	[9]	ὅτι	_	_
5.7	1801	[4]	αὐτοῦ	_	_
5.7	1802	[3]	ἅμα	_	_
5.7	1803	[2]	αἱ	_	_
5.7	1804	[1]	χεῖρες	_	_
5.7	1805	[29]	τὸ	_	_
5.7	1806	[1]	τόξον	_	_
5.7	1807	[1]	ἀπωθοῦνταί	_	_
5.7	1808	[14]	τε	_	_
5.7	1809	[77]	καὶ	_	_
5.7	1810	[1]	προσέλκονται	_	_
5.7	1811	[177]	,	b	_
5.7	1812	[4]	ἀλλ	_	_
5.7	1813	[47]	’	b	_
5.7	1814	[10]	ὅτι	_	_
5.7	1815	[19]	μὲν	_	_
5.7	1816	[2]	ἄλλη	_	_
5.7	1817	[20]	μὲν	_	_
5.7	1818	[9]	ἡ	_	_
5.7	1819	[1]	ἀπωθοῦσα	_	_
5.7	1820	[1]	χεὶρ	_	_
5.7	1821	[178]	,	b	_
5.7	1822	[1]	ἑτέρα	_	_
5.7	1823	[12]	δ	_	_
5.7	1824	[48]	’	b	_
5.7	1825	[10]	ἡ	_	_
5.7	1826	[1]	προσαγομένη	_	_
5.7	1827	[47]	.	b	_
5.7	1828	[1]	παντάπασι	_	_
5.7	1829	[21]	μὲν	_	_
5.7	1830	[5]	οὖν	_	_
5.7	1831	[179]	,	b	_
5.7	1832	[1]	ἔφη	_	_
5.7	1833	[48]	.	b	_
5.7	1834	[1]	πότερον	_	_
5.7	1835	[5]	δὴ	_	_
5.7	1836	[1]	φῶμέν	_	_
5.7	1837	[1]	τινας	_	_
5.7	1838	[2]	ἔστιν	_	_
5.7	1839	[2]	ὅτε	_	_
5.7	1840	[1]	διψῶντας	_	_
5.7	1841	[11]	οὐκ	_	_
5.7	1842	[4]	ἐθέλειν	_	_
5.7	1843	[4]	πιεῖν	_	_
5.7	1844	[9]	;	b	_
5.7	1845	[78]	καὶ	_	_
5.7	1846	[2]	μάλα	_	_
5.7	1847	[1]	γ	_	_
5.7	1848	[49]	’	b	_
5.7	1849	[180]	,	b	_
5.7	1850	[2]	ἔφη	_	_
5.7	1851	[181]	,	b	_
5.7	1852	[1]	πολλοὺς	_	_
5.7	1853	[79]	καὶ	_	_
5.7	1854	[4]	πολλάκις	_	_
5.7	1855	[49]	.	b	_
5.7	1856	[5]	τί	_	_
5.7	1857	[6]	οὖν	_	_
5.7	1858	[182]	,	b	_
5.7	1859	[1]	ἔφην	_	_
5.7	1860	[3]	ἐγὼ	_	_
5.7	1861	[183]	,	b	_
5.7	1862	[1]	φαίη	_	_
5.7	1863	[1]	τις	_	_
5.7	1864	[9]	ἂν	_	_
5.7	1865	[1]	τούτων	_	_
5.7	1866	[1]	πέρι	_	_
5.7	1867	[10]	;	b	_
5.7	1868	[12]	οὐκ	_	_
5.7	1869	[1]	ἐνεῖναι	_	_
5.7	1870	[22]	μὲν	_	_
5.7	1871	[23]	ἐν	_	_
5.7	1872	[6]	τῇ	_	_
5.7	1873	[1]	ψυχῇ	_	_
5.7	1874	[4]	αὐτῶν	_	_
5.7	1875	[30]	τὸ	_	_
5.7	1876	[1]	κελεῦον	_	_
5.7	1877	[184]	,	b	_
5.7	1878	[2]	ἐνεῖναι	_	_
5.7	1879	[29]	δὲ	_	_
5.7	1880	[31]	τὸ	_	_
5.7	1881	[1]	κωλῦον	_	_
5.7	1882	[5]	πιεῖν	_	_
5.7	1883	[185]	,	b	_
5.7	1884	[1]	ἄλλο	_	_
5.7	1885	[1]	ὂν	_	_
5.7	1886	[80]	καὶ	_	_
5.7	1887	[1]	κρατοῦν	_	_
5.7	1888	[26]	τοῦ	_	_
5.7	1889	[1]	κελεύοντος	_	_
5.7	1890	[11]	;	b	_
5.7	1891	[1]	ἔμοιγ	_	_
5.7	1892	[50]	’	b	_
5.7	1893	[186]	,	b	_
5.7	1894	[3]	ἔφη	_	_
5.7	1895	[187]	,	b	_
5.7	1896	[4]	δοκεῖ	_	_
5.7	1897	[50]	.	b	_
5.7	1898	[1]	ἆρ	_	_
5.7	1899	[51]	’	b	_
5.7	1900	[7]	οὖν	_	_
5.7	1901	[13]	οὐ	_	_
5.7	1902	[32]	τὸ	_	_
5.7	1903	[23]	μὲν	_	_
5.7	1904	[2]	κωλῦον	_	_
5.7	1905	[9]	τὰ	_	_
5.7	1906	[2]	τοιαῦτα	_	_
5.7	1907	[1]	ἐγγίγνεται	_	_
5.7	1908	[188]	,	b	_
5.7	1909	[1]	ὅταν	_	_
5.7	1910	[1]	ἐγγένηται	_	_
5.7	1911	[189]	,	b	_
5.7	1912	[6]	ἐκ	_	_
5.7	1913	[27]	τοῦ	_	_
5.7	1914	[1]	λογισμοῦ	_	_
5.7	1915	[190]	,	b	_
5.7	1916	[10]	τὰ	_	_
5.7	1917	[30]	δὲ	_	_
5.7	1918	[1]	ἄγοντα	_	_
5.7	1919	[81]	καὶ	_	_
5.7	1920	[1]	ἕλκοντα	_	_
5.7	1921	[3]	διὰ	_	_
5.7	1922	[2]	παθημάτων	_	_
5.7	1923	[15]	τε	_	_
5.7	1924	[82]	καὶ	_	_
5.7	1925	[1]	νοσημάτων	_	_
5.7	1926	[1]	παραγίγνεται	_	_
5.7	1927	[12]	;	b	_
5.7	1928	[2]	φαίνεται	_	_
5.7	1929	[51]	.	b	_
5.7	1930	[14]	οὐ	_	_
5.7	1931	[6]	δὴ	_	_
5.7	1932	[1]	ἀλόγως	_	_
5.7	1933	[191]	,	b	_
5.7	1934	[6]	ἦν	_	_
5.7	1935	[13]	δ	_	_
5.7	1936	[52]	’	b	_
5.7	1937	[4]	ἐγὼ	_	_
5.7	1938	[192]	,	b	_
5.7	1939	[1]	ἀξιώσομεν	_	_
5.7	1940	[1]	αὐτὰ	_	_
5.7	1941	[1]	διττά	_	_
5.7	1942	[16]	τε	_	_
5.7	1943	[83]	καὶ	_	_
5.7	1944	[1]	ἕτερα	_	_
5.7	1945	[3]	ἀλλήλων	_	_
5.7	1946	[11]	εἶναι	_	_
5.7	1947	[193]	,	b	_
5.7	1948	[33]	τὸ	_	_
5.7	1949	[24]	μὲν	_	_
5.7	1950	[194]	,	b	_
5.7	1951	[1]	ᾧ	_	_
5.7	1952	[1]	λογίζεται	_	_
5.7	1953	[195]	,	b	_
5.7	1954	[1]	λογιστικὸν	_	_
5.7	1955	[1]	προσαγορεύοντες	_	_
5.7	1956	[13]	τῆς	_	_
5.7	1957	[5]	ψυχῆς	_	_
5.7	1958	[196]	,	b	_
5.7	1959	[34]	τὸ	_	_
5.7	1960	[14]	δ	_	_
5.7	1961	[53]	’	b	_
5.7	1962	[197]	,	b	_
5.7	1963	[2]	ᾧ	_	_
5.7	1964	[1]	ἐρᾷ	_	_
5.7	1965	[17]	τε	_	_
5.7	1966	[84]	καὶ	_	_
5.7	1967	[1]	πεινῇ	_	_
5.7	1968	[85]	καὶ	_	_
5.7	1969	[2]	διψῇ	_	_
5.7	1970	[86]	καὶ	_	_
5.7	1971	[10]	περὶ	_	_
5.7	1972	[5]	τὰς	_	_
5.7	1973	[1]	ἄλλας	_	_
5.7	1974	[2]	ἐπιθυμίας	_	_
5.7	1975	[1]	ἐπτόηται	_	_
5.7	1976	[198]	,	b	_
5.7	1977	[1]	ἀλόγιστόν	_	_
5.7	1978	[18]	τε	_	_
5.7	1979	[87]	καὶ	_	_
5.7	1980	[1]	ἐπιθυμητικὸν	_	_
5.7	1981	[199]	,	b	_
5.7	1982	[1]	πληρώσεών	_	_
5.7	1983	[1]	τινων	_	_
5.7	1984	[88]	καὶ	_	_
5.7	1985	[1]	ἡδονῶν	_	_
5.7	1986	[1]	ἑταῖρον	_	_
5.7	1987	[52]	.	b	_
5.7	1988	[4]	διὰ	_	_
5.7	1989	[2]	τούτων	_	_
5.7	1990	[1]	ἔδειξεν	_	_
5.7	1991	[200]	,	b	_
5.7	1992	[5]	ἕτερον	_	_
5.7	1993	[1]	εἶδος	_	_
5.7	1994	[12]	εἶναι	_	_
5.7	1995	[6]	ψυχῆς	_	_
5.7	1996	[35]	τὸ	_	_
5.7	1997	[2]	λογιστικὸν	_	_
5.7	1998	[28]	τοῦ	_	_
5.7	1999	[1]	ἐπιθυμητικοῦ	_	_
5.7	2000	[53]	.	b	_
5.7	2001	[5]	ἀλλ	_	_
5.7	2002	[54]	’	b	_
5.7	2003	[201]	,	b	_
5.7	2004	[7]	ὡς	_	_
5.7	2005	[1]	εἶπον	_	_
5.7	2006	[89]	καὶ	_	_
5.7	2007	[1]	πρόσθεν	_	_
5.7	2008	[202]	,	b	_
5.7	2009	[2]	οὔπω	_	_
5.7	2010	[4]	μοι	_	_
5.7	2011	[2]	πρόκειται	_	_
5.7	2012	[1]	δεικνύειν	_	_
5.7	2013	[203]	,	b	_
5.7	2014	[8]	ὡς	_	_
5.7	2015	[2]	ἕτερα	_	_
5.7	2016	[23]	τῷ	_	_
5.7	2017	[1]	εἴδει	_	_
5.7	2018	[1]	ταυτὶ	_	_
5.7	2019	[11]	τὰ	_	_
5.7	2020	[1]	δύο	_	_
5.7	2021	[2]	μέρη	_	_
5.7	2022	[14]	τῆς	_	_
5.7	2023	[7]	ψυχῆς	_	_
5.7	2024	[1]	ἐστιν	_	_
5.7	2025	[204]	,	b	_
5.7	2026	[6]	ἀλλ	_	_
5.7	2027	[55]	’	b	_
5.7	2028	[1]	εἴς	_	_
5.7	2029	[9]	γε	_	_
5.7	2030	[36]	τὸ	_	_
5.7	2031	[3]	προκείμενον	_	_
5.7	2032	[1]	ἀπόχρη	_	_
5.7	2033	[37]	τὸ	_	_
5.7	2034	[1]	περαινόμενον	_	_
5.7	2035	[1]	ἀναμφισβητήτως	_	_
5.7	2036	[205]	,	b	_
5.7	2037	[11]	ὅτι	_	_
5.7	2038	[14]	μὴ	_	_
5.7	2039	[15]	τῆς	_	_
5.7	2040	[3]	αὐτῆς	_	_
5.7	2041	[2]	ἐστι	_	_
5.7	2042	[3]	δυνάμεως	_	_
5.7	2043	[1]	τό	_	_
5.7	2044	[19]	τε	_	_
5.7	2045	[2]	λογίζεσθαι	_	_
5.7	2046	[90]	καὶ	_	_
5.7	2047	[38]	τὸ	_	_
5.7	2048	[2]	σιτίων	_	_
5.7	2049	[14]	ἢ	_	_
5.7	2050	[1]	ποτῶν	_	_
5.7	2051	[15]	ἢ	_	_
5.7	2052	[1]	ἀφροδισίων	_	_
5.7	2053	[6]	ἐπιθυμεῖν	_	_
5.7	2054	[206]	,	b	_
5.7	2055	[1]	ὅπερ	_	_
5.7	2056	[13]	οὐκ	_	_
5.7	2057	[1]	οἶδ	_	_
5.7	2058	[56]	’	b	_
5.7	2059	[1]	ὅπως	_	_
5.7	2060	[12]	ὁ	_	_
5.7	2061	[1]	Χρύσιππος	_	_
5.7	2062	[4]	ἅμα	_	_
5.7	2063	[1]	πολλοῖς	_	_
5.7	2064	[1]	Στωϊκοῖς	_	_
5.7	2065	[1]	ἠγνόησεν	_	_
5.7	2066	[54]	.	b	_
5.7	2067	[8]	ἀλλὰ	_	_
5.7	2068	[39]	τὸ	_	_
5.7	2069	[25]	μὲν	_	_
5.7	2070	[1]	ἀγνοῆσαί	_	_
5.7	2071	[9]	τι	_	_
5.7	2072	[1]	συγγνωστὸν	_	_
5.7	2073	[207]	,	b	_
5.7	2074	[9]	ὡς	_	_
5.7	2075	[91]	καὶ	_	_
5.7	2076	[2]	πρόσθεν	_	_
5.7	2077	[1]	ἔλεγον	_	_
5.7	2078	[208]	,	b	_
5.7	2079	[15]	οὐ	_	_
5.7	2080	[2]	συγγνωστὸν	_	_
5.7	2081	[31]	δὲ	_	_
5.7	2082	[40]	τὸ	_	_
5.7	2083	[1]	πλημμελῶς	_	_
5.7	2084	[3]	οὕτως	_	_
5.7	2085	[1]	μεταχειρίσασθαι	_	_
5.7	2086	[21]	τὸν	_	_
5.7	2087	[6]	λόγον	_	_
5.7	2088	[209]	,	b	_
5.7	2089	[2]	ὥστε	_	_
5.7	2090	[25]	τῶν	_	_
5.7	2091	[26]	μὲν	_	_
5.7	2092	[12]	τοῖς	_	_
5.7	2093	[1]	κωμικοῖς	_	_
5.7	2094	[16]	ἢ	_	_
5.7	2095	[1]	τραγικοῖς	_	_
5.7	2096	[1]	ποιηταῖς	_	_
5.7	2097	[2]	εἰρημένων	_	_
5.7	2098	[1]	μνημονεύειν	_	_
5.7	2099	[8]	εἰς	_	_
5.7	2100	[1]	τηλικούτου	_	_
5.7	2101	[1]	δόγματος	_	_
5.7	2102	[4]	ἀπόδειξιν	_	_
5.7	2103	[210]	,	b	_
5.7	2104	[2]	ἀνθρώπων	_	_
5.7	2105	[5]	οὐδ	_	_
5.7	2106	[57]	’	b	_
5.7	2107	[1]	ἐπιχειρούντων	_	_
5.7	2108	[1]	ἀποδεικνύειν	_	_
5.7	2109	[8]	οὐδὲν	_	_
5.7	2110	[211]	,	b	_
5.7	2111	[9]	ἀλλὰ	_	_
5.7	2112	[5]	μόνον	_	_
5.7	2113	[212]	,	b	_
5.7	2114	[1]	οἷα	_	_
5.7	2115	[10]	ἂν	_	_
5.7	2116	[2]	αὐτοῖς	_	_
5.7	2117	[1]	δόξῃ	_	_
5.7	2118	[1]	πρέπειν	_	_
5.7	2119	[24]	τῷ	_	_
5.7	2120	[1]	λέγοντι	_	_
5.7	2121	[1]	προσώπῳ	_	_
5.7	2122	[12]	κατὰ	_	_
5.7	2123	[41]	τὸ	_	_
5.7	2124	[1]	δρᾶμα	_	_
5.7	2125	[213]	,	b	_
5.7	2126	[1]	κοσμούντων	_	_
5.7	2127	[5]	διὰ	_	_
5.7	2128	[16]	τῆς	_	_
5.7	2129	[1]	ἑρμηνείας	_	_
5.7	2130	[214]	,	b	_
5.7	2131	[26]	τῶν	_	_
5.7	2132	[15]	δ	_	_
5.7	2133	[58]	’	b	_
5.7	2134	[5]	ὑπὸ	_	_
5.7	2135	[6]	Πλάτωνος	_	_
5.7	2136	[3]	εἰρημένων	_	_
5.7	2137	[9]	εἰς	_	_
5.7	2138	[24]	τὴν	_	_
5.7	2139	[5]	ἀπόδειξιν	_	_
5.7	2140	[5]	αὐτοῦ	_	_
5.7	2141	[4]	μήτε	_	_
5.7	2142	[1]	μνημονεῦσαι	_	_
5.7	2143	[4]	μήτ	_	_
5.7	2144	[59]	’	b	_
5.7	2145	[1]	ἀντειπεῖν	_	_
5.7	2146	[1]	ἐπιχειρῆσαι	_	_
5.7	2147	[215]	,	b	_
5.7	2148	[7]	ἀλλ	_	_
5.7	2149	[60]	’	b	_
5.7	2150	[2]	ἐξ	_	_
5.7	2151	[1]	ἑτοίμου	_	_
5.7	2152	[20]	τε	_	_
5.7	2153	[92]	καὶ	_	_
5.7	2154	[2]	προχείρου	_	_
5.7	2155	[1]	λαμβάνειν	_	_
5.7	2156	[216]	,	b	_
5.7	2157	[10]	ὡς	_	_
5.7	2158	[217]	,	b	_
5.7	2159	[1]	ἔνθ	_	_
5.7	2160	[61]	’	b	_
5.7	2161	[11]	ἂν	_	_
5.7	2162	[1]	ᾖ	_	_
5.7	2163	[12]	τὰ	_	_
5.7	2164	[1]	πάθη	_	_
5.7	2165	[17]	τῆς	_	_
5.7	2166	[8]	ψυχῆς	_	_
5.7	2167	[218]	,	b	_
5.7	2168	[2]	ἐνταῦθ	_	_
5.7	2169	[62]	’	b	_
5.7	2170	[2]	ἐστὶ	_	_
5.7	2171	[93]	καὶ	_	_
5.7	2172	[42]	τὸ	_	_
5.7	2173	[1]	λογιζόμενον	_	_
5.7	2174	[55]	.	b	_
5.7	2175	[2]	Χρύσιππος	_	_
5.7	2176	[27]	μὲν	_	_
5.7	2177	[8]	οὖν	_	_
5.7	2178	[2]	ἀεὶ	_	_
5.7	2179	[1]	τοιοῦτος	_	_
5.7	2180	[56]	.	b	_
5.7	2181	[13]	ὁ	_	_
5.7	2182	[32]	δὲ	_	_
5.7	2183	[3]	Πλάτων	_	_
5.7	2184	[219]	,	b	_
5.7	2185	[2]	ἐπειδὴ	_	_
5.7	2186	[1]	διώρισται	_	_
5.7	2187	[24]	ἐν	_	_
5.7	2188	[7]	τῇ	_	_
5.7	2189	[1]	προγεγραμμένῃ	_	_
5.7	2190	[2]	ῥήσει	_	_
5.7	2191	[43]	τὸ	_	_
5.7	2192	[2]	ἐπιθυμητικὸν	_	_
5.7	2193	[29]	τοῦ	_	_
5.7	2194	[1]	λογιστικοῦ	_	_
5.7	2195	[220]	,	b	_
5.7	2196	[2]	μετὰ	_	_
5.7	2197	[3]	ταῦτα	_	_
5.7	2198	[1]	πειρᾶται	_	_
5.7	2199	[94]	καὶ	_	_
5.7	2200	[44]	τὸ	_	_
5.7	2201	[1]	θυμοειδὲς	_	_
5.7	2202	[5]	αὐτῶν	_	_
5.7	2203	[1]	διορίζειν	_	_
5.7	2204	[57]	.	b	_
5.7	2205	[4]	ἔχει	_	_
5.7	2206	[16]	δ	_	_
5.7	2207	[63]	’	b	_
5.7	2208	[11]	ἡ	_	_
5.7	2209	[1]	ἀρχὴ	_	_
5.7	2210	[18]	τῆς	_	_
5.7	2211	[1]	ῥήσεως	_	_
5.7	2212	[3]	ᾧδε	_	_
5.7	2213	[58]	.	b	_
5.7	2214	[4]	ταῦτα	_	_
5.7	2215	[28]	μὲν	_	_
5.7	2216	[1]	τοίνυν	_	_
5.7	2217	[221]	,	b	_
5.7	2218	[7]	ἦν	_	_
5.7	2219	[17]	δ	_	_
5.7	2220	[64]	’	b	_
5.7	2221	[5]	ἐγὼ	_	_
5.7	2222	[222]	,	b	_
5.7	2223	[2]	δύο	_	_
5.7	2224	[5]	μοι	_	_
5.7	2225	[1]	ὡρίσθω	_	_
5.7	2226	[2]	εἴδη	_	_
5.7	2227	[25]	ἐν	_	_
5.7	2228	[2]	ψυχῇ	_	_
5.7	2229	[1]	ἐνόντα	_	_
5.7	2230	[59]	.	b	_
5.7	2231	[6]	αὐτοῦ	_	_
5.7	2232	[33]	δὲ	_	_
5.7	2233	[30]	τοῦ	_	_
5.7	2234	[1]	θυμοῦ	_	_
5.7	2235	[95]	καὶ	_	_
5.7	2236	[3]	ᾧ	_	_
5.7	2237	[1]	θυμούμεθα	_	_
5.7	2238	[2]	πότερον	_	_
5.7	2239	[1]	τρίτον	_	_
5.7	2240	[223]	,	b	_
5.7	2241	[17]	ἢ	_	_
5.7	2242	[3]	τούτων	_	_
5.7	2243	[1]	ποτέρῳ	_	_
5.7	2244	[2]	εἴη	_	_
5.7	2245	[12]	ἂν	_	_
5.7	2246	[1]	ὁμοφυές	_	_
5.7	2247	[13]	;	b	_
5.7	2248	[1]	ἴσως	_	_
5.7	2249	[224]	,	b	_
5.7	2250	[4]	ἔφη	_	_
5.7	2251	[225]	,	b	_
5.7	2252	[25]	τῷ	_	_
5.7	2253	[1]	ἑτέρῳ	_	_
5.7	2254	[26]	τῷ	_	_
5.7	2255	[1]	ἐπιθυμητικῷ	_	_
5.7	2256	[60]	.	b	_
5.7	2257	[8]	ἀλλ	_	_
5.7	2258	[65]	’	b	_
5.7	2259	[226]	,	b	_
5.7	2260	[8]	ἦν	_	_
5.7	2261	[18]	δ	_	_
5.7	2262	[66]	’	b	_
5.7	2263	[6]	ἐγὼ	_	_
5.7	2264	[227]	,	b	_
5.7	2265	[2]	ποτὲ	_	_
5.7	2266	[1]	ἀκούσας	_	_
5.7	2267	[10]	τι	_	_
5.7	2268	[228]	,	b	_
5.7	2269	[1]	πιστεύω	_	_
5.7	2270	[9]	τοῦτο	_	_
5.7	2271	[229]	,	b	_
5.7	2272	[11]	ὡς	_	_
5.7	2273	[1]	|ἄρα	_	_
5.7	2274	[1]	Λεόντιος	_	_
5.7	2275	[14]	ὁ	_	_
5.7	2276	[1]	Ἀγλαΐωνος	_	_
5.7	2277	[230]	,	b	_
5.7	2278	[1]	ἀνιὼν	_	_
5.7	2279	[7]	ἐκ	_	_
5.7	2280	[1]	Πειραιέως	_	_
5.7	2281	[6]	ὑπὸ	_	_
5.7	2282	[45]	τὸ	_	_
5.7	2283	[1]	βόρειον	_	_
5.7	2284	[1]	τεῖχος	_	_
5.7	2285	[231]	,	b	_
5.7	2286	[1]	ἐκτὸς	_	_
5.7	2287	[1]	αἰσθόμενος	_	_
5.7	2288	[1]	νεκροὺς	_	_
5.7	2289	[2]	παρὰ	_	_
5.7	2290	[27]	τῷ	_	_
5.7	2291	[1]	δημίῳ	_	_
5.7	2292	[1]	κειμένους	_	_
5.7	2293	[232]	,	b	_
5.7	2294	[5]	ἅμα	_	_
5.7	2295	[29]	μὲν	_	_
5.7	2296	[1]	ἰδεῖν	_	_
5.7	2297	[1]	ἐπιθυμοῖ	_	_
5.7	2298	[233]	,	b	_
5.7	2299	[6]	ἅμα	_	_
5.7	2300	[34]	δὲ	_	_
5.7	2301	[1]	δυσχεραίνοι	_	_
5.7	2302	[96]	καὶ	_	_
5.7	2303	[1]	ἀποτρέποι	_	_
5.7	2304	[1]	ἑαυτὸν	_	_
5.7	2305	[234]	,	b	_
5.7	2306	[97]	καὶ	_	_
5.7	2307	[1]	τέως	_	_
5.7	2308	[1]	μάν	_	_
5.7	2309	[1]	μάχοιτό	_	_
5.7	2310	[21]	τε	_	_
5.7	2311	[98]	καὶ	_	_
5.7	2312	[1]	παρακαλύπτοιτο	_	_
5.7	2313	[235]	,	b	_
5.7	2314	[1]	κρατούμενος	_	_
5.7	2315	[19]	δ	_	_
5.7	2316	[67]	’	b	_
5.7	2317	[9]	οὖν	_	_
5.7	2318	[7]	ὑπὸ	_	_
5.7	2319	[19]	τῆς	_	_
5.7	2320	[3]	ἐπιθυμίας	_	_
5.7	2321	[236]	,	b	_
5.7	2322	[1]	διελκύσας	_	_
5.7	2323	[6]	τοὺς	_	_
5.7	2324	[1]	ὀφθαλμοὺς	_	_
5.7	2325	[237]	,	b	_
5.7	2326	[1]	προσδραμὼν	_	_
5.7	2327	[11]	πρὸς	_	_
5.7	2328	[7]	τοὺς	_	_
5.7	2329	[2]	νεκροὺς	_	_
5.7	2330	[238]	,	b	_
5.7	2331	[1]	ἰδοὺ	_	_
5.7	2332	[1]	ὑμῖν	_	_
5.7	2333	[239]	,	b	_
5.7	2334	[5]	ἔφη	_	_
5.7	2335	[240]	,	b	_
5.7	2336	[2]	ὦ	_	_
5.7	2337	[1]	κακοδαίμονες	_	_
5.7	2338	[241]	,	b	_
5.7	2339	[1]	ἐμπλήσθητε	_	_
5.7	2340	[31]	τοῦ	_	_
5.7	2341	[1]	κακοῦ	_	_
5.7	2342	[1]	θεάματος	_	_
5.7	2343	[61]	.	b	_
5.7	2344	[1]	ἤκουσα	_	_
5.7	2345	[242]	,	b	_
5.7	2346	[6]	ἔφη	_	_
5.7	2347	[243]	,	b	_
5.7	2348	[99]	καὶ	_	_
5.7	2349	[1]	αὐτός	_	_
5.7	2350	[62]	.	b	_
5.7	2351	[1]	οὗτος	_	_
5.7	2352	[4]	μέντοι	_	_
5.7	2353	[244]	,	b	_
5.7	2354	[2]	ἔφην	_	_
5.7	2355	[245]	,	b	_
5.7	2356	[15]	ὁ	_	_
5.7	2357	[3]	λόγος	_	_
5.7	2358	[1]	σημαίνει	_	_
5.7	2359	[25]	τὴν	_	_
5.7	2360	[1]	ὀργὴν	_	_
5.7	2361	[1]	χαλεπαίνειν	_	_
5.7	2362	[100]	καὶ	_	_
5.7	2363	[1]	πολεμεῖν	_	_
5.7	2364	[2]	ἐνίοτε	_	_
5.7	2365	[8]	ταῖς	_	_
5.7	2366	[1]	ἐπιθυμίαις	_	_
5.7	2367	[246]	,	b	_
5.7	2368	[12]	ὡς	_	_
5.7	2369	[2]	ἄλλο	_	_
5.7	2370	[2]	ὂν	_	_
5.7	2371	[1]	ἄλλῳ	_	_
5.7	2372	[63]	.	b	_
5.7	2373	[2]	σημαίνει	_	_
5.7	2374	[17]	γὰρ	_	_
5.7	2375	[247]	,	b	_
5.7	2376	[7]	ἔφη	_	_
5.7	2377	[64]	.	b	_
5.7	2378	[1]	πάλιν	_	_
5.7	2379	[2]	κᾀν	_	_
5.7	2380	[1]	τούτοις	_	_
5.7	2381	[16]	ὁ	_	_
5.7	2382	[4]	Πλάτων	_	_
5.7	2383	[1]	ἐπιδείκνυσιν	_	_
5.7	2384	[248]	,	b	_
5.7	2385	[13]	ὡς	_	_
5.7	2386	[1]	ἕτερόν	_	_
5.7	2387	[3]	ἐστι	_	_
5.7	2388	[46]	τὸ	_	_
5.7	2389	[3]	ἐπιθυμητικὸν	_	_
5.7	2390	[32]	τοῦ	_	_
5.7	2391	[1]	ὀργιζομένου	_	_
5.7	2392	[249]	,	b	_
5.7	2393	[1]	προσχρώμενος	_	_
5.7	2394	[1]	δηλονότι	_	_
5.7	2395	[28]	τῷ	_	_
5.7	2396	[2]	κατ	_	_
5.7	2397	[68]	’	b	_
5.7	2398	[1]	ἀρχὰς	_	_
5.7	2399	[1]	ὑποκειμένῳ	_	_
5.7	2400	[1]	ἀξιώματι	_	_
5.7	2401	[250]	,	b	_
5.7	2402	[14]	ὡς	_	_
5.7	2403	[14]	οὐκ	_	_
5.7	2404	[2]	ἐνδέχεται	_	_
5.7	2405	[47]	τὸ	_	_
5.7	2406	[2]	ἀκριβῶς	_	_
5.7	2407	[2]	ἓν	_	_
5.7	2408	[101]	καὶ	_	_
5.7	2409	[1]	ἁπλοῦν	_	_
5.7	2410	[102]	καὶ	_	_
5.7	2411	[1]	ἀσύνθετον	_	_
5.7	2412	[1]	ὀρέγεσθαί	_	_
5.7	2413	[3]	τινος	_	_
5.7	2414	[103]	καὶ	_	_
5.7	2415	[1]	ἀποτρέπεσθαι	_	_
5.7	2416	[251]	,	b	_
5.7	2417	[104]	καὶ	_	_
5.7	2418	[1]	χαίρειν	_	_
5.7	2419	[29]	τῷ	_	_
5.7	2420	[3]	αὐτῷ	_	_
5.7	2421	[105]	καὶ	_	_
5.7	2422	[1]	δυσχεραίνειν	_	_
5.7	2423	[252]	,	b	_
5.7	2424	[9]	ἀλλ	_	_
5.7	2425	[69]	’	b	_
5.7	2426	[1]	ἀναγκαῖον	_	_
5.7	2427	[253]	,	b	_
5.7	2428	[6]	ἕτερον	_	_
5.7	2429	[30]	μὲν	_	_
5.7	2430	[48]	τὸ	_	_
5.7	2431	[3]	ἐπιθυμοῦν	_	_
5.7	2432	[1]	θεάσασθαι	_	_
5.7	2433	[8]	τοὺς	_	_
5.7	2434	[3]	νεκροὺς	_	_
5.7	2435	[254]	,	b	_
5.7	2436	[7]	ἕτερον	_	_
5.7	2437	[35]	δὲ	_	_
5.7	2438	[49]	τὸ	_	_
5.7	2439	[3]	κωλῦον	_	_
5.7	2440	[2]	θεάσασθαι	_	_
5.7	2441	[255]	,	b	_
5.7	2442	[106]	καὶ	_	_
5.7	2443	[15]	ὡς	_	_
5.7	2444	[30]	τῷ	_	_
5.7	2445	[31]	μὲν	_	_
5.7	2446	[1]	ἐπιθυμοῦντι	_	_
5.7	2447	[1]	πάντως	_	_
5.7	2448	[1]	πού	_	_
5.7	2449	[2]	τις	_	_
5.7	2450	[1]	ἡδονὴ	_	_
5.7	2451	[13]	κατὰ	_	_
5.7	2452	[26]	τὴν	_	_
5.7	2453	[1]	θέαν	_	_
5.7	2454	[1]	ἤμελλεν	_	_
5.7	2455	[2]	ἔσεσθαι	_	_
5.7	2456	[256]	,	b	_
5.7	2457	[31]	τῷ	_	_
5.7	2458	[36]	δὲ	_	_
5.7	2459	[1]	κωλύοντι	_	_
5.7	2460	[1]	δυσχέρειά	_	_
5.7	2461	[22]	τε	_	_
5.7	2462	[107]	καὶ	_	_
5.7	2463	[1]	ἀνία	_	_
5.7	2464	[65]	.	b	_
5.7	2465	[50]	τὸ	_	_
5.7	2466	[18]	γὰρ	_	_
5.7	2467	[1]	ὀργίζεσθαι	_	_
5.7	2468	[32]	τῷ	_	_
5.7	2469	[2]	ἐπιθυμοῦντι	_	_
5.7	2470	[108]	καὶ	_	_
5.7	2471	[2]	δυσχεραίνειν	_	_
5.7	2472	[7]	αὐτοῦ	_	_
5.7	2473	[9]	ταῖς	_	_
5.7	2474	[1]	ὁρμαῖς	_	_
5.7	2475	[257]	,	b	_
5.7	2476	[109]	καὶ	_	_
5.7	2477	[1]	κωλύειν	_	_
5.7	2478	[258]	,	b	_
5.7	2479	[5]	ἐθέλειν	_	_
5.7	2480	[23]	τε	_	_
5.7	2481	[10]	ταῖς	_	_
5.7	2482	[2]	ἐπιθυμίαις	_	_
5.7	2483	[1]	ἐπιτιμᾷν	_	_
5.7	2484	[24]	τε	_	_
5.7	2485	[110]	καὶ	_	_
5.7	2486	[1]	μέμφεσθαι	_	_
5.7	2487	[259]	,	b	_
5.7	2488	[111]	καὶ	_	_
5.7	2489	[1]	πάνθ	_	_
5.7	2490	[70]	’	b	_
5.7	2491	[1]	ὅσα	_	_
5.7	2492	[3]	τοιαῦτα	_	_
5.7	2493	[260]	,	b	_
5.7	2494	[1]	μέρους	_	_
5.7	2495	[1]	ἑτέρου	_	_
5.7	2496	[20]	τῆς	_	_
5.7	2497	[9]	ψυχῆς	_	_
5.7	2498	[1]	ἔργον	_	_
5.7	2499	[3]	ἐστὶν	_	_
5.7	2500	[261]	,	b	_
5.7	2501	[15]	οὐκ	_	_
5.7	2502	[8]	αὐτοῦ	_	_
5.7	2503	[33]	τοῦ	_	_
5.7	2504	[2]	ἐπιθυμοῦντος	_	_
5.7	2505	[9]	·	b	_
5.7	2506	[10]	εἰ	_	_
5.7	2507	[37]	δὲ	_	_
5.7	2508	[112]	καὶ	_	_
5.7	2509	[15]	μὴ	_	_
5.7	2510	[2]	μέρους	_	_
5.7	2511	[262]	,	b	_
5.7	2512	[10]	ἀλλὰ	_	_
5.7	2513	[2]	δυνάμεώς	_	_
5.7	2514	[10]	γε	_	_
5.7	2515	[2]	πάντως	_	_
5.7	2516	[2]	ἑτέρας	_	_
5.7	2517	[66]	.	b	_
5.7	2518	[1]	εἴρηται	_	_
5.7	2519	[19]	γὰρ	_	_
5.7	2520	[5]	ἤδη	_	_
5.7	2521	[11]	γε	_	_
5.7	2522	[10]	τοῦτο	_	_
5.7	2523	[5]	πολλάκις	_	_
5.7	2524	[263]	,	b	_
5.7	2525	[16]	ὡς	_	_
5.7	2526	[1]	οὐδέποτε	_	_
5.7	2527	[14]	κατὰ	_	_
5.7	2528	[1]	τόδε	_	_
5.7	2529	[51]	τὸ	_	_
5.7	2530	[1]	βιβλίον	_	_
5.7	2531	[1]	ἀγωνιζόμεθα	_	_
5.7	2532	[12]	πρὸς	_	_
5.7	2533	[1]	Ἀριστοτέλην	_	_
5.7	2534	[113]	καὶ	_	_
5.7	2535	[1]	Ποσειδώνιον	_	_
5.7	2536	[264]	,	b	_
5.7	2537	[1]	ὁμολογοῦντας	_	_
5.7	2538	[32]	μὲν	_	_
5.7	2539	[1]	ἑτέροις	_	_
5.7	2540	[4]	ἀλλήλων	_	_
5.7	2541	[1]	λογίζεσθαί	_	_
5.7	2542	[25]	τε	_	_
5.7	2543	[114]	καὶ	_	_
5.7	2544	[2]	θυμοῦσθαι	_	_
5.7	2545	[115]	καὶ	_	_
5.7	2546	[7]	ἐπιθυμεῖν	_	_
5.7	2547	[5]	ἡμᾶς	_	_
5.7	2548	[265]	,	b	_
5.7	2549	[16]	οὐ	_	_
5.7	2550	[1]	μὴν	_	_
5.7	2551	[1]	εἴδεσί	_	_
5.7	2552	[12]	γε	_	_
5.7	2553	[18]	ἢ	_	_
5.7	2554	[1]	μορίοις	_	_
5.7	2555	[10]	ψυχῆς	_	_
5.7	2556	[266]	,	b	_
5.7	2557	[11]	ἀλλὰ	_	_
5.7	2558	[1]	δυνάμεσιν	_	_
5.7	2559	[67]	.	b	_
5.7	2560	[26]	ἐν	_	_
5.7	2561	[20]	γὰρ	_	_
5.7	2562	[13]	τοῖς	_	_
5.7	2563	[2]	ἐφεξῆς	_	_
5.7	2564	[2]	λόγοις	_	_
5.7	2565	[1]	ἐπιδείξομεν	_	_
5.7	2566	[267]	,	b	_
5.7	2567	[12]	ὅτι	_	_
5.7	2568	[16]	μὴ	_	_
5.7	2569	[2]	δυνάμεσι	_	_
5.7	2570	[6]	μόνον	_	_
5.7	2571	[268]	,	b	_
5.7	2572	[12]	ἀλλὰ	_	_
5.7	2573	[116]	καὶ	_	_
5.7	2574	[1]	μέρεσι	_	_
5.7	2575	[21]	τῆς	_	_
5.7	2576	[11]	ψυχῆς	_	_
5.7	2577	[2]	ἑτέροις	_	_
5.7	2578	[5]	ἀλλήλων	_	_
5.7	2579	[3]	κατ	_	_
5.7	2580	[71]	’	b	_
5.7	2581	[2]	εἶδος	_	_
5.7	2582	[68]	.	b	_
5.7	2583	[27]	ἐν	_	_
5.7	2584	[38]	δὲ	_	_
5.7	2585	[1]	τῷδε	_	_
5.7	2586	[33]	τῷ	_	_
5.7	2587	[6]	νῦν	_	_
5.7	2588	[1]	ἐνεστῶτι	_	_
5.7	2589	[1]	τοῦτ	_	_
5.7	2590	[72]	’	b	_
5.7	2591	[1]	ἀρκεῖ	_	_
5.7	2592	[7]	μόνον	_	_
5.7	2593	[1]	ἀποδεῖξαι	_	_
5.7	2594	[13]	πρὸς	_	_
5.7	2595	[1]	ἔνδειξιν	_	_
5.7	2596	[22]	τῆς	_	_
5.7	2597	[3]	Χρυσίππου	_	_
5.7	2598	[11]	περὶ	_	_
5.7	2599	[13]	τὰ	_	_
5.7	2600	[4]	τοιαῦτα	_	_
5.7	2601	[1]	ῥᾳθυμίας	_	_
5.7	2602	[269]	,	b	_
5.7	2603	[17]	ὡς	_	_
5.7	2604	[3]	αὐτὸς	_	_
5.7	2605	[270]	,	b	_
5.7	2606	[1]	ἰσχυρῶν	_	_
5.7	2607	[1]	λόγων	_	_
5.7	2608	[8]	ὑπὸ	_	_
5.7	2609	[7]	Πλάτωνος	_	_
5.7	2610	[1]	ἠρωτημένων	_	_
5.7	2611	[10]	εἰς	_	_
5.7	2612	[6]	ἀπόδειξιν	_	_
5.7	2613	[34]	τοῦ	_	_
5.7	2614	[7]	νῦν	_	_
5.7	2615	[4]	ἡμῖν	_	_
5.7	2616	[1]	ζητουμένου	_	_
5.7	2617	[2]	δόγματος	_	_
5.7	2618	[271]	,	b	_
5.7	2619	[1]	οὔτ	_	_
5.7	2620	[73]	’	b	_
5.7	2621	[1]	ἐμνήσθη	_	_
5.7	2622	[3]	τινὸς	_	_
5.7	2623	[6]	αὐτῶν	_	_
5.7	2624	[272]	,	b	_
5.7	2625	[2]	οὔτ	_	_
5.7	2626	[74]	’	b	_
5.7	2627	[2]	ἀντειπεῖν	_	_
5.7	2628	[1]	ἐπεχείρησεν	_	_
5.7	2629	[273]	,	b	_
5.7	2630	[2]	καίτοι	_	_
5.7	2631	[1]	πληρώσας	_	_
5.7	2632	[2]	λόγων	_	_
5.7	2633	[1]	μακρῶν	_	_
5.7	2634	[117]	καὶ	_	_
5.7	2635	[1]	ποιητικῶν	_	_
5.7	2636	[1]	ἐπῶν	_	_
5.7	2637	[1]	ὅλον	_	_
5.7	2638	[52]	τὸ	_	_
5.7	2639	[1]	πρῶτον	_	_
5.7	2640	[2]	βιβλίον	_	_
5.7	2641	[12]	περὶ	_	_
5.7	2642	[12]	ψυχῆς	_	_
5.7	2643	[274]	,	b	_
5.7	2644	[28]	ἐν	_	_
5.7	2645	[4]	ᾧ	_	_
5.7	2646	[13]	περὶ	_	_
5.7	2647	[1]	ἡγεμονικοῦ	_	_
5.7	2648	[1]	διεξῆλθεν	_	_
5.7	2649	[69]	.	b	_
5.7	2650	[17]	οὐ	_	_
5.7	2651	[8]	μόνον	_	_
5.7	2652	[39]	δὲ	_	_
5.7	2653	[15]	κατὰ	_	_
5.7	2654	[11]	τοῦτο	_	_
5.7	2655	[1]	τελέως	_	_
5.7	2656	[1]	ἐσιώπησε	_	_
5.7	2657	[9]	τοὺς	_	_
5.7	2658	[35]	τοῦ	_	_
5.7	2659	[8]	Πλάτωνος	_	_
5.7	2660	[2]	λόγους	_	_
5.7	2661	[275]	,	b	_
5.7	2662	[13]	ἀλλὰ	_	_
5.7	2663	[118]	καὶ	_	_
5.7	2664	[16]	κατὰ	_	_
5.7	2665	[14]	τὰ	_	_
5.7	2666	[14]	περὶ	_	_
5.7	2667	[1]	παθῶν	_	_
5.7	2668	[1]	συγγράμματα	_	_
5.7	2669	[276]	,	b	_
5.7	2670	[1]	τά	_	_
5.7	2671	[26]	τε	_	_
5.7	2672	[5]	τρία	_	_
5.7	2673	[15]	τὰ	_	_
5.7	2674	[1]	λογικὰ	_	_
5.7	2675	[119]	καὶ	_	_
5.7	2676	[16]	τὰ	_	_
5.7	2677	[1]	χωρὶς	_	_
5.7	2678	[1]	αἰτιῶν	_	_
5.7	2679	[1]	ἰδίᾳ	_	_
5.7	2680	[1]	γεγραμμένα	_	_
5.7	2681	[1]	ὑπ	_	_
5.7	2682	[75]	’	b	_
5.7	2683	[9]	αὐτοῦ	_	_
5.7	2684	[277]	,	b	_
5.7	2685	[53]	τὸ	_	_
5.7	2686	[1]	θεραπευτικόν	_	_
5.7	2687	[27]	τε	_	_
5.7	2688	[120]	καὶ	_	_
5.7	2689	[1]	ἠθικὸν	_	_
5.7	2690	[1]	ἐπιγραφόμενον	_	_
5.7	2691	[70]	.	b	_
5.7	2692	[12]	ἐπὶ	_	_
5.7	2693	[6]	τὰς	_	_
5.7	2694	[1]	ὑπολοίπους	_	_
5.7	2695	[10]	οὖν	_	_
5.7	2696	[36]	τοῦ	_	_
5.7	2697	[9]	Πλάτωνος	_	_
5.7	2698	[2]	ῥήσεις	_	_
5.7	2699	[1]	ἴωμεν	_	_
5.7	2700	[1]	ἐχούσας	_	_
5.7	2701	[4]	ᾧδε	_	_
5.7	2702	[71]	.	b	_
5.7	2703	[2]	οὐκοῦν	_	_
5.7	2704	[121]	καὶ	_	_
5.7	2705	[1]	ἄλλοθι	_	_
5.7	2706	[278]	,	b	_
5.7	2707	[3]	ἔφην	_	_
5.7	2708	[279]	,	b	_
5.7	2709	[6]	πολλάκις	_	_
5.7	2710	[1]	αἰσθανόμεθα	_	_
5.7	2711	[280]	,	b	_
5.7	2712	[2]	ὅταν	_	_
5.7	2713	[1]	βιάζωνταί	_	_
5.7	2714	[4]	τινα	_	_
5.7	2715	[3]	παρὰ	_	_
5.7	2716	[22]	τὸν	_	_
5.7	2717	[4]	λογισμὸν	_	_
5.7	2718	[1]	ἐπιθυμίαι	_	_
5.7	2719	[281]	,	b	_
5.7	2720	[1]	λοιδοροῦντά	_	_
5.7	2721	[28]	τε	_	_
5.7	2722	[1]	αὐτὸν	_	_
5.7	2723	[122]	καὶ	_	_
5.7	2724	[1]	θυμούμενον	_	_
5.7	2725	[34]	τῷ	_	_
5.7	2726	[1]	βιαζομένῳ	_	_
5.7	2727	[29]	ἐν	_	_
5.7	2728	[1]	ἑαυτῷ	_	_
5.7	2729	[282]	,	b	_
5.7	2730	[123]	καὶ	_	_
5.7	2731	[6]	ὥσπερ	_	_
5.7	2732	[1]	δυοῖν	_	_
5.7	2733	[1]	στασιαζόντοιν	_	_
5.7	2734	[1]	ξύμμαχον	_	_
5.7	2735	[35]	τῷ	_	_
5.7	2736	[4]	λόγῳ	_	_
5.7	2737	[1]	γιγνόμενον	_	_
5.7	2738	[23]	τὸν	_	_
5.7	2739	[1]	θυμὸν	_	_
5.7	2740	[37]	τοῦ	_	_
5.7	2741	[1]	τοιούτου	_	_
5.7	2742	[283]	,	b	_
5.7	2743	[11]	ταῖς	_	_
5.7	2744	[20]	δ	_	_
5.7	2745	[76]	’	b	_
5.7	2746	[3]	ἐπιθυμίαις	_	_
5.7	2747	[2]	αὐτὸν	_	_
5.7	2748	[1]	κοινωνήσαντα	_	_
5.7	2749	[1]	αἱροῦντος	_	_
5.7	2750	[3]	λόγου	_	_
5.7	2751	[2]	μηδὲν	_	_
5.7	2752	[1]	ἀντιπράττειν	_	_
5.7	2753	[72]	.	b	_
5.7	2754	[3]	οἶμαι	_	_
5.7	2755	[4]	δέ	_	_
5.7	2756	[1]	σε	_	_
5.7	2757	[16]	οὐκ	_	_
5.7	2758	[13]	ἂν	_	_
5.7	2759	[1]	φάναι	_	_
5.7	2760	[1]	γενομένου	_	_
5.7	2761	[1]	ποτ	_	_
5.7	2762	[77]	’	b	_
5.7	2763	[30]	ἐν	_	_
5.7	2764	[1]	σεαυτῷ	_	_
5.7	2765	[2]	τοιούτου	_	_
5.7	2766	[1]	αἰσθέσθαι	_	_
5.7	2767	[284]	,	b	_
5.7	2768	[4]	οἶμαι	_	_
5.7	2769	[21]	δ	_	_
5.7	2770	[78]	’	b	_
5.7	2771	[6]	οὐδ	_	_
5.7	2772	[79]	’	b	_
5.7	2773	[31]	ἐν	_	_
5.7	2774	[2]	ἄλλῳ	_	_
5.7	2775	[73]	.	b	_
5.7	2776	[18]	οὐ	_	_
5.7	2777	[1]	μὰ	_	_
5.7	2778	[24]	τὸν	_	_
5.7	2779	[1]	Δία	_	_
5.7	2780	[285]	,	b	_
5.7	2781	[8]	ἔφη	_	_
5.7	2782	[74]	.	b	_
5.7	2783	[17]	κατὰ	_	_
5.7	2784	[33]	μὲν	_	_
5.7	2785	[11]	οὖν	_	_
5.7	2786	[27]	τὴν	_	_
5.7	2787	[2]	προτέραν	_	_
5.7	2788	[3]	ῥῆσιν	_	_
5.7	2789	[17]	ὁ	_	_
5.7	2790	[5]	Πλάτων	_	_
5.7	2791	[286]	,	b	_
5.7	2792	[32]	ἐν	_	_
5.7	2793	[2]	ᾗ	_	_
5.7	2794	[38]	τοῦ	_	_
5.7	2795	[1]	ποθοῦντος	_	_
5.7	2796	[3]	θεάσασθαι	_	_
5.7	2797	[10]	τοὺς	_	_
5.7	2798	[4]	νεκροὺς	_	_
5.7	2799	[1]	ἐμνημόνευσεν	_	_
5.7	2800	[287]	,	b	_
5.7	2801	[2]	ἐναργῶς	_	_
5.7	2802	[34]	μὲν	_	_
5.7	2803	[1]	ἀπέδειξεν	_	_
5.7	2804	[288]	,	b	_
5.7	2805	[8]	ἕτερον	_	_
5.7	2806	[5]	ὑπάρχειν	_	_
5.7	2807	[54]	τὸ	_	_
5.7	2808	[2]	θυμούμενον	_	_
5.7	2809	[39]	τοῦ	_	_
5.7	2810	[3]	ἐπιθυμοῦντος	_	_
5.7	2811	[289]	,	b	_
5.7	2812	[19]	οὐ	_	_
5.7	2813	[2]	μὴν	_	_
5.7	2814	[290]	,	b	_
5.7	2815	[13]	ὅτι	_	_
5.7	2816	[55]	τὸ	_	_
5.7	2817	[2]	λογιζόμενον	_	_
5.7	2818	[9]	ἕτερον	_	_
5.7	2819	[1]	ἀμφοῖν	_	_
5.7	2820	[2]	ἐστιν	_	_
5.7	2821	[291]	,	b	_
5.7	2822	[3]	ἐναργῶς	_	_
5.7	2823	[1]	εἶπεν	_	_
5.7	2824	[292]	,	b	_
5.7	2825	[10]	ἀλλ	_	_
5.7	2826	[80]	’	b	_
5.7	2827	[1]	ἐνεδείξατο	_	_
5.7	2828	[124]	καὶ	_	_
5.7	2829	[4]	κατ	_	_
5.7	2830	[81]	’	b	_
5.7	2831	[1]	ἐκεῖνον	_	_
5.7	2832	[3]	μέν	_	_
5.7	2833	[1]	πως	_	_
5.7	2834	[25]	τὸν	_	_
5.7	2835	[7]	λόγον	_	_
5.7	2836	[293]	,	b	_
5.7	2837	[1]	ἐνταῦθα	_	_
5.7	2838	[22]	δ	_	_
5.7	2839	[82]	’	b	_
5.7	2840	[1]	ἱκανῶς	_	_
5.7	2841	[1]	ἐπεξέρχεται	_	_
5.7	2842	[75]	.	b	_
5.7	2843	[3]	ὅταν	_	_
5.7	2844	[2]	γάρ	_	_
5.7	2845	[5]	τινα	_	_
5.7	2846	[1]	βιάζηταί	_	_
5.7	2847	[3]	τις	_	_
5.7	2848	[1]	ἐπιθυμία	_	_
5.7	2849	[4]	παρὰ	_	_
5.7	2850	[26]	τὸν	_	_
5.7	2851	[5]	λογισμὸν	_	_
5.7	2852	[294]	,	b	_
5.7	2853	[7]	ὥσπερ	_	_
5.7	2854	[27]	τὸν	_	_
5.7	2855	[1]	ἔμπροσθεν	_	_
5.7	2856	[1]	εἰρημένον	_	_
5.7	2857	[1]	Λεόντιον	_	_
5.7	2858	[295]	,	b	_
5.7	2859	[18]	ὁ	_	_
5.7	2860	[1]	θυμὸς	_	_
5.7	2861	[2]	ἐνταῦθα	_	_
5.7	2862	[1]	κινεῖται	_	_
5.7	2863	[1]	συμμαχῶν	_	_
5.7	2864	[36]	τῷ	_	_
5.7	2865	[2]	λογισμῷ	_	_
5.7	2866	[296]	,	b	_
5.7	2867	[125]	καὶ	_	_
5.7	2868	[7]	πολλάκις	_	_
5.7	2869	[35]	μὲν	_	_
5.7	2870	[1]	ἐκράτησεν	_	_
5.7	2871	[7]	ἅμα	_	_
5.7	2872	[37]	τῷ	_	_
5.7	2873	[3]	λογισμῷ	_	_
5.7	2874	[23]	τῆς	_	_
5.7	2875	[1]	ἀμέτρου	_	_
5.7	2876	[1]	κινήσεως	_	_
5.7	2877	[40]	τοῦ	_	_
5.7	2878	[1]	ἀκολάστου	_	_
5.7	2879	[24]	τῆς	_	_
5.7	2880	[13]	ψυχῆς	_	_
5.7	2881	[1]	εἴδους	_	_
5.7	2882	[297]	,	b	_
5.7	2883	[126]	καὶ	_	_
5.7	2884	[1]	κατέσχε	_	_
5.7	2885	[29]	τε	_	_
5.7	2886	[127]	καὶ	_	_
5.7	2887	[1]	διεκώλυσεν	_	_
5.7	2888	[5]	αὐτὸ	_	_
5.7	2889	[298]	,	b	_
5.7	2890	[128]	καὶ	_	_
5.7	2891	[25]	τῆς	_	_
5.7	2892	[1]	ὁρμῆς	_	_
5.7	2893	[1]	ἐπέσχεν	_	_
5.7	2894	[299]	,	b	_
5.7	2895	[8]	ὥσπερ	_	_
5.7	2896	[12]	οὖν	_	_
5.7	2897	[129]	καὶ	_	_
5.7	2898	[19]	ὁ	_	_
5.7	2899	[2]	Λεόντιος	_	_
5.7	2900	[1]	ἐδυνήθη	_	_
5.7	2901	[1]	λοιδορηθεὶς	_	_
5.7	2902	[2]	ἑαυτῷ	_	_
5.7	2903	[26]	τῆς	_	_
5.7	2904	[15]	περὶ	_	_
5.7	2905	[56]	τὸ	_	_
5.7	2906	[4]	θεάσασθαι	_	_
5.7	2907	[11]	τοὺς	_	_
5.7	2908	[5]	νεκροὺς	_	_
5.7	2909	[1]	ἀκρασίας	_	_
5.7	2910	[1]	προελθεῖν	_	_
5.7	2911	[17]	μὴ	_	_
5.7	2912	[1]	θεασάμενος	_	_
5.7	2913	[1]	αὐτοὺς	_	_
5.7	2914	[300]	,	b	_
5.7	2915	[3]	ἐνίοτε	_	_
5.7	2916	[23]	δ	_	_
5.7	2917	[83]	’	b	_
5.7	2918	[301]	,	b	_
5.7	2919	[1]	ἀμφοτέρων	_	_
5.7	2920	[27]	τῶν	_	_
5.7	2921	[2]	μερῶν	_	_
5.7	2922	[27]	τῆς	_	_
5.7	2923	[14]	ψυχῆς	_	_
5.7	2924	[1]	ἀγχόντων	_	_
5.7	2925	[30]	τε	_	_
5.7	2926	[130]	καὶ	_	_
5.7	2927	[1]	λοιδορουμένων	_	_
5.7	2928	[302]	,	b	_
5.7	2929	[1]	ἀντιπραττόντων	_	_
5.7	2930	[31]	τε	_	_
5.7	2931	[131]	καὶ	_	_
5.7	2932	[1]	ἀνθελκόντων	_	_
5.7	2933	[303]	,	b	_
5.7	2934	[1]	ἐκράτησε	_	_
5.7	2935	[57]	τὸ	_	_
5.7	2936	[4]	ἐπιθυμητικὸν	_	_
5.7	2937	[304]	,	b	_
5.7	2938	[9]	ὥσπερ	_	_
5.7	2939	[1]	ἐπ	_	_
5.7	2940	[84]	’	b	_
5.7	2941	[10]	αὐτοῦ	_	_
5.7	2942	[1]	τοῦδε	_	_
5.7	2943	[41]	τοῦ	_	_
5.7	2944	[1]	θεασαμένου	_	_
5.7	2945	[12]	τοὺς	_	_
5.7	2946	[6]	νεκροὺς	_	_
5.7	2947	[20]	ὁ	_	_
5.7	2948	[6]	Πλάτων	_	_
5.7	2949	[1]	διηγεῖται	_	_
5.7	2950	[3]	γενέσθαι	_	_
5.7	2951	[305]	,	b	_
5.7	2952	[1]	συνενδεικνύμενος	_	_
5.7	2953	[33]	ἐν	_	_
5.7	2954	[38]	τῷ	_	_
5.7	2955	[5]	λόγῳ	_	_
5.7	2956	[2]	πολλά	_	_
5.7	2957	[76]	.	b	_
5.7	2958	[132]	καὶ	_	_
5.7	2959	[21]	γὰρ	_	_
5.7	2960	[306]	,	b	_
5.7	2961	[14]	ὅτι	_	_
5.7	2962	[58]	τὸ	_	_
5.7	2963	[1]	θυμαινόμενον	_	_
5.7	2964	[2]	ἕτερόν	_	_
5.7	2965	[4]	ἐστι	_	_
5.7	2966	[42]	τοῦ	_	_
5.7	2967	[4]	ἐπιθυμοῦντος	_	_
5.7	2968	[307]	,	b	_
5.7	2969	[133]	καὶ	_	_
5.7	2970	[15]	ὅτι	_	_
5.7	2971	[59]	τὸ	_	_
5.7	2972	[3]	λογιζόμενον	_	_
5.7	2973	[2]	ἀμφοῖν	_	_
5.7	2974	[3]	ἄλλο	_	_
5.7	2975	[308]	,	b	_
5.7	2976	[134]	καὶ	_	_
5.7	2977	[18]	ὡς	_	_
5.7	2978	[60]	τὸ	_	_
5.7	2979	[2]	θυμαινόμενον	_	_
5.7	2980	[2]	οὐδέποτε	_	_
5.7	2981	[1]	συμμαχεῖ	_	_
5.7	2982	[39]	τῷ	_	_
5.7	2983	[2]	ἐπιθυμητικῷ	_	_
5.7	2984	[309]	,	b	_
5.7	2985	[4]	δι	_	_
5.7	2986	[85]	’	b	_
5.7	2987	[2]	ἑνὸς	_	_
5.7	2988	[2]	ἐνεδείξατο	_	_
5.7	2989	[2]	τοῦδε	_	_
5.7	2990	[43]	τοῦ	_	_
5.7	2991	[1]	προειρημένου	_	_
5.7	2992	[1]	παραδείγματος	_	_
5.7	2993	[77]	.	b	_
5.7	2994	[1]	οὐδεὶς	_	_
5.7	2995	[22]	γὰρ	_	_
5.7	2996	[1]	ἐπετίμησεν	_	_
5.7	2997	[3]	ἑαυτῷ	_	_
5.7	2998	[2]	ποτε	_	_
5.7	2999	[135]	καὶ	_	_
5.7	3000	[1]	ὠργίσθη	_	_
5.7	3001	[310]	,	b	_
5.7	3002	[1]	διότι	_	_
5.7	3003	[28]	τῶν	_	_
5.7	3004	[2]	ἀκαίρως	_	_
5.7	3005	[1]	ἐπιθυμιῶν	_	_
5.7	3006	[1]	ἀφίστασθαι	_	_
5.7	3007	[1]	προαιρεῖται	_	_
5.7	3008	[78]	.	b	_
5.7	3009	[2]	εἴπερ	_	_
5.7	3010	[4]	τις	_	_
5.7	3011	[23]	γὰρ	_	_
5.7	3012	[34]	ἐν	_	_
5.7	3013	[1]	νόσῳ	_	_
5.7	3014	[29]	τῶν	_	_
5.7	3015	[1]	ἀμέτρως	_	_
5.7	3016	[1]	συγκαιομένων	_	_
5.7	3017	[1]	ὀρεγόμενος	_	_
5.7	3018	[2]	πόμα	_	_
5.7	3019	[61]	τὸ	_	_
5.7	3020	[1]	ψυχρὸν	_	_
5.7	3021	[3]	ὁρμὴν	_	_
5.7	3022	[1]	πλεονάζουσαν	_	_
5.7	3023	[311]	,	b	_
5.7	3024	[1]	ἐντεῦθεν	_	_
5.7	3025	[16]	περὶ	_	_
5.7	3026	[5]	πόματος	_	_
5.7	3027	[2]	ψυχροῦ	_	_
5.7	3028	[1]	λογισάμενος	_	_
5.7	3029	[312]	,	b	_
5.7	3030	[1]	ὄλεθρον	_	_
5.7	3031	[1]	οἴσειν	_	_
5.7	3032	[4]	αὐτῷ	_	_
5.7	3033	[62]	τὸ	_	_
5.7	3034	[3]	πόμα	_	_
5.7	3035	[313]	,	b	_
5.7	3036	[1]	ἐσχάτην	_	_
5.7	3037	[1]	εἶτ	_	_
5.7	3038	[86]	’	b	_
5.7	3039	[1]	ἐπισχὼν	_	_
5.7	3040	[28]	τὴν	_	_
5.7	3041	[4]	ὁρμὴν	_	_
5.7	3042	[314]	,	b	_
5.7	3043	[136]	καὶ	_	_
5.7	3044	[18]	κατὰ	_	_
5.7	3045	[7]	τὰς	_	_
5.7	3046	[1]	ψυχὰς	_	_
5.7	3047	[1]	ἃς	_	_
5.7	3048	[2]	ἐπετίμησεν	_	_
5.7	3049	[5]	αὐτῷ	_	_
5.7	3050	[137]	καὶ	_	_
5.7	3051	[2]	ὠργίσθη	_	_
5.7	3052	[315]	,	b	_
5.7	3053	[2]	διότι	_	_
5.7	3054	[2]	καλῶς	_	_
5.7	3055	[1]	ἐλογίσατο	_	_
5.7	3056	[14]	;	b	_
5.7	3057	[2]	οὐδεὶς	_	_
5.7	3058	[316]	,	b	_
5.7	3059	[19]	ὡς	_	_
5.7	3060	[5]	οἶμαι	_	_
5.7	3061	[317]	,	b	_
5.7	3062	[30]	τῶν	_	_
5.7	3063	[1]	πάντων	_	_
5.7	3064	[79]	.	b	_
5.7	3065	[11]	ἀλλ	_	_
5.7	3066	[87]	’	b	_
5.7	3067	[1]	ἔνθα	_	_
5.7	3068	[36]	μὲν	_	_
5.7	3069	[14]	ἂν	_	_
5.7	3070	[1]	ἑκὼν	_	_
5.7	3071	[21]	ὁ	_	_
5.7	3072	[3]	λογισμὸς	_	_
5.7	3073	[1]	ἕπηται	_	_
5.7	3074	[40]	τῷ	_	_
5.7	3075	[3]	ἐπιθυμητικῷ	_	_
5.7	3076	[318]	,	b	_
5.7	3077	[1]	συνέπεται	_	_
5.7	3078	[138]	καὶ	_	_
5.7	3079	[63]	τὸ	_	_
5.7	3080	[2]	θυμοειδὲς	_	_
5.7	3081	[41]	τῷ	_	_
5.7	3082	[4]	λογισμῷ	_	_
5.7	3083	[10]	·	b	_
5.7	3084	[1]	τούτῳ	_	_
5.7	3085	[24]	γὰρ	_	_
5.7	3086	[1]	ὑπηρετεῖν	_	_
5.7	3087	[139]	καὶ	_	_
5.7	3088	[1]	συμπράττειν	_	_
5.7	3089	[10]	ὥσπερ	_	_
5.7	3090	[5]	τις	_	_
5.7	3091	[1]	κύων	_	_
5.7	3092	[1]	κυνηγέτῃ	_	_
5.7	3093	[19]	κατὰ	_	_
5.7	3094	[44]	τοῦ	_	_
5.7	3095	[1]	τρίτου	_	_
5.7	3096	[28]	τῆς	_	_
5.7	3097	[15]	ψυχῆς	_	_
5.7	3098	[2]	εἴδους	_	_
5.7	3099	[9]	ὑπὸ	_	_
5.7	3100	[29]	τῆς	_	_
5.7	3101	[1]	φύσεως	_	_
5.7	3102	[1]	ἐδόθη	_	_
5.7	3103	[11]	·	b	_
5.7	3104	[2]	ἔνθα	_	_
5.7	3105	[40]	δὲ	_	_
5.7	3106	[1]	ἐναντιοῦται	_	_
5.7	3107	[140]	καὶ	_	_
5.7	3108	[1]	στασιάζει	_	_
5.7	3109	[141]	καὶ	_	_
5.7	3110	[1]	μάχεται	_	_
5.7	3111	[319]	,	b	_
5.7	3112	[3]	μετὰ	_	_
5.7	3113	[45]	τοῦ	_	_
5.7	3114	[2]	λογισμοῦ	_	_
5.7	3115	[2]	γίγνεται	_	_
5.7	3116	[320]	,	b	_
5.7	3117	[142]	καὶ	_	_
5.7	3118	[2]	τούτῳ	_	_
5.7	3119	[2]	συμμαχεῖ	_	_
5.7	3120	[80]	.	b	_
5.7	3121	[16]	ὅτι	_	_
5.7	3122	[41]	δὲ	_	_
5.7	3123	[42]	τῷ	_	_
5.7	3124	[1]	λογιστικῷ	_	_
5.7	3125	[64]	τὸ	_	_
5.7	3126	[3]	θυμοειδὲς	_	_
5.7	3127	[3]	ἀεὶ	_	_
5.7	3128	[20]	κατὰ	_	_
5.7	3129	[46]	τοῦ	_	_
5.7	3130	[2]	ἐπιθυμητικοῦ	_	_
5.7	3131	[3]	συμμαχεῖ	_	_
5.7	3132	[321]	,	b	_
5.7	3133	[143]	καὶ	_	_
5.7	3134	[6]	διὰ	_	_
5.7	3135	[30]	τῆς	_	_
5.7	3136	[1]	ἐπιφερομένης	_	_
5.7	3137	[2]	ῥήσεως	_	_
5.7	3138	[3]	δῆλον	_	_
5.7	3139	[2]	ποιεῖται	_	_
5.7	3140	[1]	γράφων	_	_
5.7	3141	[5]	ᾧδε	_	_
5.7	3142	[81]	.	b	_
5.7	3143	[6]	τί	_	_
5.7	3144	[5]	δέ	_	_
5.7	3145	[15]	;	b	_
5.7	3146	[9]	ἦν	_	_
5.7	3147	[24]	δ	_	_
5.7	3148	[88]	’	b	_
5.7	3149	[7]	ἐγὼ	_	_
5.7	3150	[322]	,	b	_
5.7	3151	[4]	ὅταν	_	_
5.7	3152	[6]	τις	_	_
5.7	3153	[1]	οἴηται	_	_
5.7	3154	[1]	ἀδικεῖν	_	_
5.7	3155	[323]	,	b	_
5.7	3156	[2]	οὐχ	_	_
5.7	3157	[324]	,	b	_
5.7	3158	[1]	ὅσῳ	_	_
5.7	3159	[15]	ἂν	_	_
5.7	3160	[1]	γενναιότερος	_	_
5.7	3161	[2]	ᾖ	_	_
5.7	3162	[325]	,	b	_
5.7	3163	[1]	τοσούτῳ	_	_
5.7	3164	[1]	ἧττον	_	_
5.7	3165	[1]	δύναται	_	_
5.7	3166	[2]	ὀργίζεσθαι	_	_
5.7	3167	[326]	,	b	_
5.7	3168	[144]	καὶ	_	_
5.7	3169	[1]	πεινῶν	_	_
5.7	3170	[145]	καὶ	_	_
5.7	3171	[1]	ῥιγῶν	_	_
5.7	3172	[327]	,	b	_
5.7	3173	[146]	καὶ	_	_
5.7	3174	[4]	ἄλλο	_	_
5.7	3175	[1]	ὁτιοῦν	_	_
5.7	3176	[31]	τῶν	_	_
5.7	3177	[3]	τοιούτων	_	_
5.7	3178	[1]	πάσχων	_	_
5.7	3179	[2]	ὑπ	_	_
5.7	3180	[89]	’	b	_
5.7	3181	[2]	ἐκείνου	_	_
5.7	3182	[328]	,	b	_
5.7	3183	[2]	ὃν	_	_
5.7	3184	[16]	ἂν	_	_
5.7	3185	[2]	οἴηται	_	_
5.7	3186	[1]	δικαίως	_	_
5.7	3187	[5]	ταῦτα	_	_
5.7	3188	[1]	δρᾷν	_	_
5.7	3189	[16]	;	b	_
5.7	3190	[147]	καὶ	_	_
5.7	3191	[3]	ὃ	_	_
5.7	3192	[1]	λέγω	_	_
5.7	3193	[329]	,	b	_
5.7	3194	[17]	οὐκ	_	_
5.7	3195	[2]	ἐθέλει	_	_
5.7	3196	[14]	πρὸς	_	_
5.7	3197	[1]	τοῦτον	_	_
5.7	3198	[11]	αὐτοῦ	_	_
5.7	3199	[1]	ἐγείρεσθαι	_	_
5.7	3200	[22]	ὁ	_	_
5.7	3201	[1]	θυμός	_	_
5.7	3202	[17]	;	b	_
5.7	3203	[1]	ἀληθῆ	_	_
5.7	3204	[330]	,	b	_
5.7	3205	[9]	ἔφη	_	_
5.7	3206	[82]	.	b	_
5.7	3207	[7]	τί	_	_
5.7	3208	[6]	δέ	_	_
5.7	3209	[18]	;	b	_
5.7	3210	[5]	ὅταν	_	_
5.7	3211	[1]	ἀδικεῖσθαί	_	_
5.7	3212	[7]	τις	_	_
5.7	3213	[1]	ἡγῆται	_	_
5.7	3214	[331]	,	b	_
5.7	3215	[18]	οὐκ	_	_
5.7	3216	[35]	ἐν	_	_
5.7	3217	[3]	τούτῳ	_	_
5.7	3218	[1]	ζεῖ	_	_
5.7	3219	[32]	τε	_	_
5.7	3220	[148]	καὶ	_	_
5.7	3221	[1]	χαλεπαίνει	_	_
5.7	3222	[149]	καὶ	_	_
5.7	3223	[4]	συμμαχεῖ	_	_
5.7	3224	[43]	τῷ	_	_
5.7	3225	[1]	δοκοῦντι	_	_
5.7	3226	[1]	δικαίῳ	_	_
5.7	3227	[19]	;	b	_
5.7	3228	[150]	καὶ	_	_
5.7	3229	[7]	διὰ	_	_
5.7	3230	[65]	τὸ	_	_
5.7	3231	[3]	πεινῇν	_	_
5.7	3232	[332]	,	b	_
5.7	3233	[151]	καὶ	_	_
5.7	3234	[8]	διὰ	_	_
5.7	3235	[66]	τὸ	_	_
5.7	3236	[1]	ῥιγοῦν	_	_
5.7	3237	[333]	,	b	_
5.7	3238	[152]	καὶ	_	_
5.7	3239	[3]	πάντα	_	_
5.7	3240	[17]	τὰ	_	_
5.7	3241	[5]	τοιαῦτα	_	_
5.7	3242	[2]	πάσχειν	_	_
5.7	3243	[334]	,	b	_
5.7	3244	[153]	καὶ	_	_
5.7	3245	[1]	ὑπομένων	_	_
5.7	3246	[1]	νικᾷ	_	_
5.7	3247	[154]	καὶ	_	_
5.7	3248	[20]	οὐ	_	_
5.7	3249	[1]	λήγει	_	_
5.7	3250	[32]	τῶν	_	_
5.7	3251	[1]	γενναίων	_	_
5.7	3252	[335]	,	b	_
5.7	3253	[1]	πρὶν	_	_
5.7	3254	[17]	ἂν	_	_
5.7	3255	[19]	ἢ	_	_
5.7	3256	[1]	διαπράξηται	_	_
5.7	3257	[336]	,	b	_
5.7	3258	[20]	ἢ	_	_
5.7	3259	[1]	τελευτήσῃ	_	_
5.7	3260	[337]	,	b	_
5.7	3261	[21]	ἢ	_	_
5.7	3262	[11]	ὥσπερ	_	_
5.7	3263	[2]	κύων	_	_
5.7	3264	[10]	ὑπὸ	_	_
5.7	3265	[1]	νομέως	_	_
5.7	3266	[338]	,	b	_
5.7	3267	[11]	ὑπὸ	_	_
5.7	3268	[47]	τοῦ	_	_
5.7	3269	[4]	λόγου	_	_
5.7	3270	[48]	τοῦ	_	_
5.7	3271	[1]	παῤ	_	_
5.7	3272	[6]	αὐτῷ	_	_
5.7	3273	[1]	ἀνακλιθεὶς	_	_
5.7	3274	[1]	πραϋνθῇ	_	_
5.7	3275	[20]	;	b	_
5.7	3276	[36]	ἐν	_	_
5.7	3277	[3]	ταύτῃ	_	_
5.7	3278	[8]	τῇ	_	_
5.7	3279	[3]	ῥήσει	_	_
5.7	3280	[2]	πάλιν	_	_
5.7	3281	[23]	ὁ	_	_
5.7	3282	[7]	Πλάτων	_	_
5.7	3283	[2]	ἐμνημόνευσεν	_	_
5.7	3284	[2]	δυοῖν	_	_
5.7	3285	[3]	ἀνθρώπων	_	_
5.7	3286	[339]	,	b	_
5.7	3287	[3]	ἀμφοῖν	_	_
5.7	3288	[37]	μὲν	_	_
5.7	3289	[1]	ταὐτὰ	_	_
5.7	3290	[1]	πασχόντων	_	_
5.7	3291	[1]	ὑπό	_	_
5.7	3292	[4]	τινος	_	_
5.7	3293	[1]	ἄρχοντός	_	_
5.7	3294	[33]	τε	_	_
5.7	3295	[155]	καὶ	_	_
5.7	3296	[1]	κρατοῦντος	_	_
5.7	3297	[340]	,	b	_
5.7	3298	[20]	ὡς	_	_
5.7	3299	[156]	καὶ	_	_
5.7	3300	[4]	πεινῇν	_	_
5.7	3301	[341]	,	b	_
5.7	3302	[157]	καὶ	_	_
5.7	3303	[4]	διψῇν	_	_
5.7	3304	[342]	,	b	_
5.7	3305	[158]	καὶ	_	_
5.7	3306	[2]	ῥιγοῦν	_	_
5.7	3307	[343]	,	b	_
5.7	3308	[14]	ἀλλὰ	_	_
5.7	3309	[49]	τοῦ	_	_
5.7	3310	[38]	μὲν	_	_
5.7	3311	[2]	ἑτέρου	_	_
5.7	3312	[2]	δικαίως	_	_
5.7	3313	[1]	πεπεισμένου	_	_
5.7	3314	[3]	πάσχειν	_	_
5.7	3315	[2]	αὐτὰ	_	_
5.7	3316	[344]	,	b	_
5.7	3317	[50]	τοῦ	_	_
5.7	3318	[42]	δὲ	_	_
5.7	3319	[3]	ἑτέρου	_	_
5.7	3320	[1]	ἀδίκως	_	_
5.7	3321	[83]	.	b	_
5.7	3322	[1]	εἶτά	_	_
5.7	3323	[1]	φησιν	_	_
5.7	3324	[345]	,	b	_
5.7	3325	[21]	ὡς	_	_
5.7	3326	[24]	ὁ	_	_
5.7	3327	[39]	μὲν	_	_
5.7	3328	[1]	ἕτερος	_	_
5.7	3329	[346]	,	b	_
5.7	3330	[1]	ὅστις	_	_
5.7	3331	[1]	οἴεται	_	_
5.7	3332	[3]	δικαίως	_	_
5.7	3333	[4]	πάσχειν	_	_
5.7	3334	[6]	ταῦτα	_	_
5.7	3335	[9]	διὰ	_	_
5.7	3336	[67]	τὸ	_	_
5.7	3337	[1]	πρότερον	_	_
5.7	3338	[4]	αὐτὸς	_	_
5.7	3339	[2]	ἀδικεῖν	_	_
5.7	3340	[11]	τι	_	_
5.7	3341	[347]	,	b	_
5.7	3342	[1]	φέρει	_	_
5.7	3343	[1]	πρᾴως	_	_
5.7	3344	[3]	αὐτὰ	_	_
5.7	3345	[159]	καὶ	_	_
5.7	3346	[19]	οὐκ	_	_
5.7	3347	[1]	ὀργίζεται	_	_
5.7	3348	[44]	τῷ	_	_
5.7	3349	[4]	δικαίως	_	_
5.7	3350	[1]	κολάζοντι	_	_
5.7	3351	[348]	,	b	_
5.7	3352	[160]	καὶ	_	_
5.7	3353	[2]	τοσούτῳ	_	_
5.7	3354	[13]	γε	_	_
5.7	3355	[5]	μᾶλλον	_	_
5.7	3356	[349]	,	b	_
5.7	3357	[1]	φησὶ	_	_
5.7	3358	[350]	,	b	_
5.7	3359	[1]	ὅσω	_	_
5.7	3360	[1]	περ	_	_
5.7	3361	[18]	ἂν	_	_
5.7	3362	[3]	ᾖ	_	_
5.7	3363	[2]	γενναιότερος	_	_
5.7	3364	[84]	.	b	_
5.7	3365	[1]	εἴρηκε	_	_
5.7	3366	[43]	δὲ	_	_
5.7	3367	[12]	τοῦτο	_	_
5.7	3368	[17]	περὶ	_	_
5.7	3369	[12]	αὐτοῦ	_	_
5.7	3370	[51]	τοῦ	_	_
5.7	3371	[1]	κολαζομένου	_	_
5.7	3372	[85]	.	b	_
5.7	3373	[2]	οὗτος	_	_
5.7	3374	[25]	γὰρ	_	_
5.7	3375	[351]	,	b	_
5.7	3376	[2]	ὅσῳ	_	_
5.7	3377	[2]	περ	_	_
5.7	3378	[19]	ἂν	_	_
5.7	3379	[1]	εὐγενέστερος	_	_
5.7	3380	[1]	ὑπάρχῃ	_	_
5.7	3381	[1]	φύσει	_	_
5.7	3382	[352]	,	b	_
5.7	3383	[3]	τοσούτῳ	_	_
5.7	3384	[6]	μᾶλλον	_	_
5.7	3385	[1]	ὑπομένει	_	_
5.7	3386	[1]	γενναίως	_	_
5.7	3387	[8]	τὰς	_	_
5.7	3388	[1]	κολάσεις	_	_
5.7	3389	[86]	.	b	_
5.7	3390	[25]	ὁ	_	_
5.7	3391	[25]	δ	_	_
5.7	3392	[90]	’	b	_
5.7	3393	[2]	ἕτερος	_	_
5.7	3394	[353]	,	b	_
5.7	3395	[2]	ὅστις	_	_
5.7	3396	[20]	ἂν	_	_
5.7	3397	[1]	ἀδικεῖσθαι	_	_
5.7	3398	[1]	νομίζῃ	_	_
5.7	3399	[354]	,	b	_
5.7	3400	[1]	θυμοῦται	_	_
5.7	3401	[161]	καὶ	_	_
5.7	3402	[2]	χαλεπαίνει	_	_
5.7	3403	[355]	,	b	_
5.7	3404	[162]	καὶ	_	_
5.7	3405	[5]	συμμαχεῖ	_	_
5.7	3406	[45]	τῷ	_	_
5.7	3407	[2]	δοκοῦντι	_	_
5.7	3408	[1]	δίκαια	_	_
5.7	3409	[87]	.	b	_
5.7	3410	[2]	ταῦθ	_	_
5.7	3411	[91]	’	b	_
5.7	3412	[1]	ὁσημέραι	_	_
5.7	3413	[1]	γενόμενα	_	_
5.7	3414	[1]	κᾀπὶ	_	_
5.7	3415	[33]	τῶν	_	_
5.7	3416	[1]	οἰκετῶν	_	_
5.7	3417	[2]	ἔστι	_	_
5.7	3418	[5]	θεάσασθαι	_	_
5.7	3419	[88]	.	b	_
5.7	3420	[1]	ὅσοι	_	_
5.7	3421	[40]	μὲν	_	_
5.7	3422	[26]	γὰρ	_	_
5.7	3423	[21]	ἂν	_	_
5.7	3424	[7]	αὐτῶν	_	_
5.7	3425	[22]	ἢ	_	_
5.7	3426	[1]	κλέπτοντες	_	_
5.7	3427	[1]	ἤ	_	_
5.7	3428	[12]	τι	_	_
5.7	3429	[1]	τοιοῦτον	_	_
5.7	3430	[10]	ἕτερον	_	_
5.7	3431	[1]	δρῶντες	_	_
5.7	3432	[1]	ἁλῶσι	_	_
5.7	3433	[356]	,	b	_
5.7	3434	[163]	καὶ	_	_
5.7	3435	[1]	μαστιγούμενοι	_	_
5.7	3436	[357]	,	b	_
5.7	3437	[164]	καὶ	_	_
5.7	3438	[1]	λιμαγχονούμενοι	_	_
5.7	3439	[358]	,	b	_
5.7	3440	[165]	καὶ	_	_
5.7	3441	[1]	ἀτιμαζόμενοι	_	_
5.7	3442	[15]	πρὸς	_	_
5.7	3443	[34]	τῶν	_	_
5.7	3444	[1]	δεσποτῶν	_	_
5.7	3445	[20]	οὐκ	_	_
5.7	3446	[1]	ὀργίζονται	_	_
5.7	3447	[12]	·	b	_
5.7	3448	[2]	ὅσοι	_	_
5.7	3449	[26]	δ	_	_
5.7	3450	[92]	’	b	_
5.7	3451	[22]	ἂν	_	_
5.7	3452	[1]	οἰηθῶσιν	_	_
5.7	3453	[2]	ἀδίκως	_	_
5.7	3454	[13]	τι	_	_
5.7	3455	[4]	τούτων	_	_
5.7	3456	[23]	ἢ	_	_
5.7	3457	[5]	πάσχειν	_	_
5.7	3458	[359]	,	b	_
5.7	3459	[24]	ἢ	_	_
5.7	3460	[1]	πεπονθέναι	_	_
5.7	3461	[360]	,	b	_
5.7	3462	[4]	ἀεὶ	_	_
5.7	3463	[5]	τούτων	_	_
5.7	3464	[1]	ἔνδον	_	_
5.7	3465	[26]	ὁ	_	_
5.7	3466	[2]	θυμὸς	_	_
5.7	3467	[1]	ἀγριούμενός	_	_
5.7	3468	[5]	ἐστι	_	_
5.7	3469	[166]	καὶ	_	_
5.7	3470	[1]	ποθῶν	_	_
5.7	3471	[1]	ἀντιτιμωρήσασθαι	_	_
5.7	3472	[28]	τὸν	_	_
5.7	3473	[1]	ἀδικοῦντα	_	_
5.7	3474	[89]	.	b	_
5.7	3475	[1]	δηλοῦται	_	_
5.7	3476	[27]	δ	_	_
5.7	3477	[93]	’	b	_
5.7	3478	[3]	ἐξ	_	_
5.7	3479	[2]	ἀμφοτέρων	_	_
5.7	3480	[35]	τῶν	_	_
5.7	3481	[1]	παραδειγμάτων	_	_
5.7	3482	[361]	,	b	_
5.7	3483	[22]	ὡς	_	_
5.7	3484	[68]	τὸ	_	_
5.7	3485	[4]	θυμοειδὲς	_	_
5.7	3486	[12]	ὑπὸ	_	_
5.7	3487	[31]	τῆς	_	_
5.7	3488	[2]	φύσεως	_	_
5.7	3489	[5]	ἡμῖν	_	_
5.7	3490	[2]	ἐδόθη	_	_
5.7	3491	[1]	σύμμαχον	_	_
5.7	3492	[46]	τῷ	_	_
5.7	3493	[2]	λογιστικῷ	_	_
5.7	3494	[90]	.	b	_
5.7	3495	[4]	τούτῳ	_	_
5.7	3496	[4]	γοῦν	_	_
5.7	3497	[7]	δὴ	_	_
5.7	3498	[3]	φαίνεται	_	_
5.7	3499	[1]	συμμαχοῦν	_	_
5.7	3500	[362]	,	b	_
5.7	3501	[6]	ὅταν	_	_
5.7	3502	[2]	ὑπό	_	_
5.7	3503	[5]	τινος	_	_
5.7	3504	[25]	ἢ	_	_
5.7	3505	[1]	ἔνδοθεν	_	_
5.7	3506	[26]	ἢ	_	_
5.7	3507	[1]	ἔξωθεν	_	_
5.7	3508	[2]	ἀδικεῖσθαί	_	_
5.7	3509	[34]	τε	_	_
5.7	3510	[167]	καὶ	_	_
5.7	3511	[1]	βιάζεσθαι	_	_
5.7	3512	[1]	δοξάζῃ	_	_
5.7	3513	[91]	.	b	_
5.7	3514	[69]	τὸ	_	_
5.7	3515	[41]	μὲν	_	_
5.7	3516	[13]	οὖν	_	_
5.7	3517	[1]	δοξάζειν	_	_
5.7	3518	[2]	ἀδικεῖσθαι	_	_
5.7	3519	[52]	τοῦ	_	_
5.7	3520	[2]	λογιστικοῦ	_	_
5.7	3521	[363]	,	b	_
5.7	3522	[70]	τὸ	_	_
5.7	3523	[28]	δ	_	_
5.7	3524	[94]	’	b	_
5.7	3525	[1]	ἐπαμύνειν	_	_
5.7	3526	[7]	αὐτῷ	_	_
5.7	3527	[21]	κατὰ	_	_
5.7	3528	[53]	τοῦ	_	_
5.7	3529	[1]	βιαζομένου	_	_
5.7	3530	[54]	τοῦ	_	_
5.7	3531	[1]	θυμοειδοῦς	_	_
5.7	3532	[1]	ἴδιον	_	_
5.7	3533	[92]	.	b	_
5.7	3534	[2]	ἐπειδὰν	_	_
5.7	3535	[42]	μὲν	_	_
5.7	3536	[14]	οὖν	_	_
5.7	3537	[2]	ἀμέτρως	_	_
5.7	3538	[2]	ἐπί	_	_
5.7	3539	[14]	τι	_	_
5.7	3540	[1]	φερόμενον	_	_
5.7	3541	[71]	τὸ	_	_
5.7	3542	[32]	τῆς	_	_
5.7	3543	[16]	ψυχῆς	_	_
5.7	3544	[5]	ἐπιθυμητικὸν	_	_
5.7	3545	[1]	ἄκοντα	_	_
5.7	3546	[29]	τὸν	_	_
5.7	3547	[6]	λογισμὸν	_	_
5.7	3548	[1]	ἕλκῃ	_	_
5.7	3549	[1]	βιαίως	_	_
5.7	3550	[364]	,	b	_
5.7	3551	[5]	κατ	_	_
5.7	3552	[95]	’	b	_
5.7	3553	[3]	ἐκείνου	_	_
5.7	3554	[2]	σύμμαχον	_	_
5.7	3555	[47]	τῷ	_	_
5.7	3556	[3]	λογιστικῷ	_	_
5.7	3557	[72]	τὸ	_	_
5.7	3558	[5]	θυμοειδὲς	_	_
5.7	3559	[3]	γίγνεται	_	_
5.7	3560	[13]	·	b	_
5.7	3561	[7]	ὅταν	_	_
5.7	3562	[44]	δὲ	_	_
5.7	3563	[2]	ἔξωθεν	_	_
5.7	3564	[4]	ᾖ	_	_
5.7	3565	[8]	τις	_	_
5.7	3566	[1]	ἀδικῶν	_	_
5.7	3567	[2]	ἐκεῖνον	_	_
5.7	3568	[365]	,	b	_
5.7	3569	[1]	ἀντιτιμωρεῖσθαι	_	_
5.7	3570	[1]	σπεύδει	_	_
5.7	3571	[93]	.	b	_
5.7	3572	[3]	ἐπειδὰν	_	_
5.7	3573	[29]	δ	_	_
5.7	3574	[96]	’	b	_
5.7	3575	[13]	ὑπὸ	_	_
5.7	3576	[1]	μηδενὸς	_	_
5.7	3577	[3]	ἀδικεῖσθαι	_	_
5.7	3578	[2]	δοξάζῃ	_	_
5.7	3579	[73]	τὸ	_	_
5.7	3580	[3]	λογιστικὸν	_	_
5.7	3581	[366]	,	b	_
5.7	3582	[7]	οὐδ	_	_
5.7	3583	[97]	’	b	_
5.7	3584	[27]	ὁ	_	_
5.7	3585	[3]	θυμὸς	_	_
5.7	3586	[1]	ἀναζεῖ	_	_
5.7	3587	[1]	τηνικαῦτα	_	_
5.7	3588	[367]	,	b	_
5.7	3589	[1]	κᾂν	_	_
5.7	3590	[17]	ὅτι	_	_
5.7	3591	[1]	μάλιστα	_	_
5.7	3592	[1]	κολάζηται	_	_
5.7	3593	[74]	τὸ	_	_
5.7	3594	[1]	σῶμα	_	_
5.7	3595	[5]	δικαίως	_	_
5.7	3596	[3]	ὑπό	_	_
5.7	3597	[6]	τινος	_	_
5.7	3598	[368]	,	b	_
5.7	3599	[27]	ἢ	_	_
5.7	3600	[3]	ῥιγοῦν	_	_
5.7	3601	[369]	,	b	_
5.7	3602	[28]	ἢ	_	_
5.7	3603	[5]	πεινῇν	_	_
5.7	3604	[370]	,	b	_
5.7	3605	[29]	ἢ	_	_
5.7	3606	[5]	διψῇν	_	_
5.7	3607	[1]	ἀναγκαζόμενον	_	_
5.7	3608	[94]	.	b	_
5.7	3609	[5]	ᾧ	_	_
5.7	3610	[4]	δῆλον	_	_
5.7	3611	[371]	,	b	_
5.7	3612	[23]	ὡς	_	_
5.7	3613	[12]	ταῖς	_	_
5.7	3614	[1]	δόξαις	_	_
5.7	3615	[1]	ἕπεται	_	_
5.7	3616	[55]	τοῦ	_	_
5.7	3617	[3]	λογιστικοῦ	_	_
5.7	3618	[22]	κατὰ	_	_
5.7	3619	[2]	φύσιν	_	_
5.7	3620	[1]	ἔχον	_	_
5.7	3621	[75]	τὸ	_	_
5.7	3622	[1]	θυμοειδές	_	_
5.7	3623	[95]	.	b	_
5.7	3624	[3]	ἐνδέχεται	_	_
5.7	3625	[3]	γάρ	_	_
5.7	3626	[3]	ποτε	_	_
5.7	3627	[168]	καὶ	_	_
5.7	3628	[13]	τοῦτο	_	_
5.7	3629	[1]	μοχθηρῶς	_	_
5.7	3630	[1]	διακείμενον	_	_
5.7	3631	[1]	ἀπειθῶς	_	_
5.7	3632	[1]	κινεῖσθαι	_	_
5.7	3633	[48]	τῷ	_	_
5.7	3634	[5]	λογισμῷ	_	_
5.7	3635	[96]	.	b	_
5.7	3636	[1]	μετ	_	_
5.7	3637	[98]	’	b	_
5.7	3638	[1]	ὀλίγα	_	_
5.7	3639	[5]	γοῦν	_	_
5.7	3640	[169]	καὶ	_	_
5.7	3641	[5]	αὐτὸς	_	_
5.7	3642	[28]	ὁ	_	_
5.7	3643	[8]	Πλάτων	_	_
5.7	3644	[1]	ἐνδεικνύμενος	_	_
5.7	3645	[1]	τοῦτό	_	_
5.7	3646	[2]	φησιν	_	_
5.7	3647	[97]	.	b	_
5.7	3648	[11]	εἰ	_	_
5.7	3649	[372]	,	b	_
5.7	3650	[4]	καθάπερ	_	_
5.7	3651	[37]	ἐν	_	_
5.7	3652	[9]	τῇ	_	_
5.7	3653	[1]	πόλει	_	_
5.7	3654	[1]	συνεῖχεν	_	_
5.7	3655	[6]	αὐτὴν	_	_
5.7	3656	[6]	τρία	_	_
5.7	3657	[1]	ὄντα	_	_
5.7	3658	[1]	γένη	_	_
5.7	3659	[373]	,	b	_
5.7	3660	[1]	χρηματιστικὸν	_	_
5.7	3661	[374]	,	b	_
5.7	3662	[1]	ἐπικουρητικὸν	_	_
5.7	3663	[375]	,	b	_
5.7	3664	[1]	βουλευτικὸν	_	_
5.7	3665	[376]	,	b	_
5.7	3666	[2]	οὕτω	_	_
5.7	3667	[170]	καὶ	_	_
5.7	3668	[38]	ἐν	_	_
5.7	3669	[3]	ψυχῇ	_	_
5.7	3670	[14]	τοῦτο	_	_
5.7	3671	[2]	τρίτον	_	_
5.7	3672	[3]	ἐστὶ	_	_
5.7	3673	[76]	τὸ	_	_
5.7	3674	[6]	θυμοειδὲς	_	_
5.7	3675	[377]	,	b	_
5.7	3676	[1]	ἐπίκουρον	_	_
5.7	3677	[3]	ὂν	_	_
5.7	3678	[49]	τῷ	_	_
5.7	3679	[4]	λογιστικῷ	_	_
5.7	3680	[2]	φύσει	_	_
5.7	3681	[378]	,	b	_
5.7	3682	[1]	ἐὰν	_	_
5.7	3683	[18]	μὴ	_	_
5.7	3684	[14]	ὑπὸ	_	_
5.7	3685	[1]	κακῆς	_	_
5.7	3686	[1]	τροφῆς	_	_
5.7	3687	[1]	διαφθαρῇ	_	_
5.7	3688	[98]	.	b	_
5.7	3689	[1]	τίνες	_	_
5.7	3690	[43]	μὲν	_	_
5.7	3691	[15]	οὖν	_	_
5.7	3692	[2]	εἰσιν	_	_
5.7	3693	[3]	αἱ	_	_
5.7	3694	[1]	διαφοραὶ	_	_
5.7	3695	[56]	τοῦ	_	_
5.7	3696	[2]	θυμοειδοῦς	_	_
5.7	3697	[379]	,	b	_
5.7	3698	[21]	οὐκ	_	_
5.7	3699	[39]	ἐν	_	_
5.7	3700	[2]	καιρῷ	_	_
5.7	3701	[8]	νῦν	_	_
5.7	3702	[4]	λέγειν	_	_
5.7	3703	[99]	.	b	_
5.7	3704	[40]	ἐν	_	_
5.7	3705	[27]	γὰρ	_	_
5.7	3706	[50]	τῷ	_	_
5.7	3707	[4]	μετὰ	_	_
5.7	3708	[2]	τοῦτον	_	_
5.7	3709	[6]	λόγῳ	_	_
5.7	3710	[1]	περί	_	_
5.7	3711	[35]	τε	_	_
5.7	3712	[36]	τῶν	_	_
5.7	3713	[2]	παθῶν	_	_
5.7	3714	[33]	τῆς	_	_
5.7	3715	[17]	ψυχῆς	_	_
5.7	3716	[380]	,	b	_
5.7	3717	[24]	ὡς	_	_
5.7	3718	[1]	ἐδόκει	_	_
5.7	3719	[2]	Πλάτωνι	_	_
5.7	3720	[381]	,	b	_
5.7	3721	[171]	καὶ	_	_
5.7	3722	[18]	περὶ	_	_
5.7	3723	[2]	νοσημάτων	_	_
5.7	3724	[172]	καὶ	_	_
5.7	3725	[1]	ἁμαρτημάτων	_	_
5.7	3726	[6]	κατ	_	_
5.7	3727	[99]	’	b	_
5.7	3728	[7]	αὐτὴν	_	_
5.7	3729	[2]	ἁπασῶν	_	_
5.7	3730	[382]	,	b	_
5.7	3731	[34]	τῆς	_	_
5.7	3732	[1]	κακίας	_	_
5.7	3733	[2]	ὅπως	_	_
5.7	3734	[1]	γίγνεταί	_	_
5.7	3735	[36]	τε	_	_
5.7	3736	[173]	καὶ	_	_
5.7	3737	[1]	θεραπεύεται	_	_
5.7	3738	[5]	μετὰ	_	_
5.7	3739	[77]	τὸ	_	_
5.7	3740	[4]	γενέσθαι	_	_
5.7	3741	[383]	,	b	_
5.7	3742	[1]	διελθεῖν	_	_
5.7	3743	[1]	ἔγνωκα	_	_
5.7	3744	[384]	,	b	_
5.7	3745	[174]	καὶ	_	_
5.7	3746	[8]	δὴ	_	_
5.7	3747	[175]	καὶ	_	_
5.7	3748	[19]	περὶ	_	_
5.7	3749	[1]	κάλλους	_	_
5.7	3750	[37]	τε	_	_
5.7	3751	[176]	καὶ	_	_
5.7	3752	[1]	ὑγιείας	_	_
5.7	3753	[4]	αὐτῆς	_	_
5.7	3754	[3]	ἁπασῶν	_	_
5.7	3755	[38]	τε	_	_
5.7	3756	[37]	τῶν	_	_
5.7	3757	[5]	ἀρετῶν	_	_
5.7	3758	[14]	·	b	_
5.7	3759	[21]	οὐ	_	_
5.7	3760	[2]	σμικρὰ	_	_
5.7	3761	[28]	γὰρ	_	_
5.7	3762	[8]	οὐδ	_	_
5.7	3763	[100]	’	b	_
5.7	3764	[41]	ἐν	_	_
5.7	3765	[2]	τούτοις	_	_
5.7	3766	[29]	ὁ	_	_
5.7	3767	[3]	Χρύσιππος	_	_
5.7	3768	[1]	σφάλλεται	_	_
5.7	3769	[100]	.	b	_
5.7	3770	[2]	νυνὶ	_	_
5.7	3771	[45]	δὲ	_	_
5.7	3772	[1]	ἔτι	_	_
5.7	3773	[1]	μίαν	_	_
5.7	3774	[4]	ῥῆσιν	_	_
5.7	3775	[1]	ὑπογράψαι	_	_
5.7	3776	[1]	βούλομαι	_	_
5.7	3777	[57]	τοῦ	_	_
5.7	3778	[10]	Πλάτωνος	_	_
5.7	3779	[385]	,	b	_
5.7	3780	[42]	ἐν	_	_
5.7	3781	[3]	ᾗ	_	_
5.7	3782	[3]	δείκνυσιν	_	_
5.7	3783	[386]	,	b	_
5.7	3784	[11]	ἕτερον	_	_
5.7	3785	[6]	ὑπάρχειν	_	_
5.7	3786	[78]	τὸ	_	_
5.7	3787	[7]	θυμοειδὲς	_	_
5.7	3788	[58]	τοῦ	_	_
5.7	3789	[4]	λογιστικοῦ	_	_
5.7	3790	[101]	.	b	_
5.7	3791	[1]	γέγραπται	_	_
5.7	3792	[30]	δ	_	_
5.7	3793	[101]	’	b	_
5.7	3794	[3]	ἐφεξῆς	_	_
5.7	3795	[38]	τῶν	_	_
5.7	3796	[2]	προειρημένων	_	_
5.7	3797	[43]	ἐν	_	_
5.7	3798	[51]	τῷ	_	_
5.7	3799	[3]	τετάρτῳ	_	_
5.7	3800	[35]	τῆς	_	_
5.7	3801	[3]	Πολιτείας	_	_
5.7	3802	[1]	τόνδε	_	_
5.7	3803	[30]	τὸν	_	_
5.7	3804	[2]	τρόπον	_	_
5.7	3805	[102]	.	b	_
5.7	3806	[177]	καὶ	_	_
5.7	3807	[29]	γὰρ	_	_
5.7	3808	[44]	ἐν	_	_
5.7	3809	[14]	τοῖς	_	_
5.7	3810	[1]	παιδίοις	_	_
5.7	3811	[2]	τοῦτό	_	_
5.7	3812	[2]	γ	_	_
5.7	3813	[102]	’	b	_
5.7	3814	[2]	ἄν	_	_
5.7	3815	[9]	τις	_	_
5.7	3816	[1]	ἴδοι	_	_
5.7	3817	[387]	,	b	_
5.7	3818	[18]	ὅτι	_	_
5.7	3819	[2]	θυμοῦ	_	_
5.7	3820	[44]	μὲν	_	_
5.7	3821	[388]	,	b	_
5.7	3822	[1]	εὐθὺς	_	_
5.7	3823	[2]	γενόμενα	_	_
5.7	3824	[389]	,	b	_
5.7	3825	[1]	μεστά	_	_
5.7	3826	[6]	ἐστι	_	_
5.7	3827	[15]	·	b	_
5.7	3828	[3]	λογισμοῦ	_	_
5.7	3829	[31]	δ	_	_
5.7	3830	[103]	’	b	_
5.7	3831	[1]	ἔνιοι	_	_
5.7	3832	[45]	μὲν	_	_
5.7	3833	[2]	ἔμοιγε	_	_
5.7	3834	[1]	δοκοῦσιν	_	_
5.7	3835	[3]	οὐδέποτε	_	_
5.7	3836	[1]	μεταλαμβάνειν	_	_
5.7	3837	[390]	,	b	_
5.7	3838	[5]	οἱ	_	_
5.7	3839	[46]	δὲ	_	_
5.7	3840	[1]	πολλοὶ	_	_
5.7	3841	[1]	ὀψέ	_	_
5.7	3842	[4]	ποτε	_	_
5.7	3843	[103]	.	b	_
5.7	3844	[1]	ναὶ	_	_
5.7	3845	[2]	μὰ	_	_
5.7	3846	[1]	Δί	_	_
5.7	3847	[104]	’	b	_
5.7	3848	[391]	,	b	_
5.7	3849	[10]	ἦν	_	_
5.7	3850	[32]	δ	_	_
5.7	3851	[105]	’	b	_
5.7	3852	[8]	ἐγὼ	_	_
5.7	3853	[392]	,	b	_
5.7	3854	[3]	καλῶς	_	_
5.7	3855	[14]	γε	_	_
5.7	3856	[1]	εἶπες	_	_
5.7	3857	[104]	.	b	_
5.7	3858	[2]	ἔτι	_	_
5.7	3859	[33]	δ	_	_
5.7	3860	[106]	’	b	_
5.7	3861	[45]	ἐν	_	_
5.7	3862	[15]	τοῖς	_	_
5.7	3863	[2]	θηρίοις	_	_
5.7	3864	[3]	ἄν	_	_
5.7	3865	[10]	τις	_	_
5.7	3866	[2]	ἴδοι	_	_
5.7	3867	[393]	,	b	_
5.7	3868	[4]	ὃ	_	_
5.7	3869	[2]	λέγεις	_	_
5.7	3870	[394]	,	b	_
5.7	3871	[19]	ὅτι	_	_
5.7	3872	[4]	οὕτως	_	_
5.7	3873	[5]	ἔχει	_	_
5.7	3874	[105]	.	b	_
5.7	3875	[16]	πρὸς	_	_
5.7	3876	[47]	δὲ	_	_
5.7	3877	[3]	τούτοις	_	_
5.7	3878	[178]	καὶ	_	_
5.7	3879	[5]	ὃ	_	_
5.7	3880	[2]	ἄνω	_	_
5.7	3881	[1]	που	_	_
5.7	3882	[1]	ἐκεῖ	_	_
5.7	3883	[1]	εἴπομεν	_	_
5.7	3884	[395]	,	b	_
5.7	3885	[79]	τὸ	_	_
5.7	3886	[59]	τοῦ	_	_
5.7	3887	[1]	Ὁμήρου	_	_
5.7	3888	[1]	μαρτυρήσει	_	_
5.7	3889	[396]	,	b	_
5.7	3890	[2]	τό	_	_
5.7	3891	[397]	,	b	_
5.7	3892	[1]	Στῆθος	_	_
5.7	3893	[48]	δὲ	_	_
5.7	3894	[1]	πλήξας	_	_
5.7	3895	[1]	κραδίην	_	_
5.7	3896	[1]	ἠνίπαπε	_	_
5.7	3897	[1]	μύθῳ	_	_
5.7	3898	[106]	.	b	_
5.7	3899	[3]	ἐνταῦθα	_	_
5.7	3900	[30]	γὰρ	_	_
5.7	3901	[9]	δὴ	_	_
5.7	3902	[3]	σαφῶς	_	_
5.7	3903	[25]	ὡς	_	_
5.7	3904	[12]	ἕτερον	_	_
5.7	3905	[2]	ἑτέρῳ	_	_
5.7	3906	[1]	ἐπιπλῆττον	_	_
5.7	3907	[1]	πεποίηκεν	_	_
5.7	3908	[1]	Ὅμηρος	_	_
5.7	3909	[398]	,	b	_
5.7	3910	[80]	τὸ	_	_
5.7	3911	[1]	ἀναλογισάμενον	_	_
5.7	3912	[20]	περὶ	_	_
5.7	3913	[1]	βελτίονός	_	_
5.7	3914	[39]	τε	_	_
5.7	3915	[179]	καὶ	_	_
5.7	3916	[1]	χείρονος	_	_
5.7	3917	[52]	τῷ	_	_
5.7	3918	[1]	ἀλογίστως	_	_
5.7	3919	[1]	θυμουμένῳ	_	_
5.7	3920	[107]	.	b	_
5.7	3921	[46]	ἐν	_	_
5.7	3922	[4]	τούτοις	_	_
5.7	3923	[4]	ἐναργῶς	_	_
5.7	3924	[30]	ὁ	_	_
5.7	3925	[9]	Πλάτων	_	_
5.7	3926	[2]	ἐπιδείκνυσιν	_	_
5.7	3927	[13]	ἕτερον	_	_
5.7	3928	[1]	ὑπάρχον	_	_
5.7	3929	[81]	τὸ	_	_
5.7	3930	[3]	θυμούμενον	_	_
5.7	3931	[60]	τοῦ	_	_
5.7	3932	[3]	λογιζομένου	_	_
5.7	3933	[108]	.	b	_
5.7	3934	[6]	οἱ	_	_
5.7	3935	[6]	γοῦν	_	_
5.7	3936	[2]	παῖδες	_	_
5.7	3937	[399]	,	b	_
5.7	3938	[12]	ὥσπερ	_	_
5.7	3939	[180]	καὶ	_	_
5.7	3940	[18]	τὰ	_	_
5.7	3941	[2]	θηρία	_	_
5.7	3942	[400]	,	b	_
5.7	3943	[3]	θυμοῦ	_	_
5.7	3944	[46]	μὲν	_	_
5.7	3945	[1]	πλήρεις	_	_
5.7	3946	[1]	εἰσὶ	_	_
5.7	3947	[401]	,	b	_
5.7	3948	[4]	λογισμοῦ	_	_
5.7	3949	[49]	δὲ	_	_
5.7	3950	[1]	ἥκιστα	_	_
5.7	3951	[1]	μετέχουσιν	_	_
5.7	3952	[109]	.	b	_
5.7	3953	[13]	ἐπὶ	_	_
5.7	3954	[47]	μὲν	_	_
5.7	3955	[16]	οὖν	_	_
5.7	3956	[39]	τῶν	_	_
5.7	3957	[1]	θηρίων	_	_
5.7	3958	[1]	ἐτόλμησαν	_	_
5.7	3959	[2]	ἔνιοι	_	_
5.7	3960	[5]	λέγειν	_	_
5.7	3961	[402]	,	b	_
5.7	3962	[3]	οὔτε	_	_
5.7	3963	[2]	θυμὸν	_	_
5.7	3964	[403]	,	b	_
5.7	3965	[3]	οὔτ	_	_
5.7	3966	[107]	’	b	_
5.7	3967	[2]	ἐπιθυμίαν	_	_
5.7	3968	[1]	ἐνυπάρχειν	_	_
5.7	3969	[8]	αὐτῶν	_	_
5.7	3970	[13]	ταῖς	_	_
5.7	3971	[1]	ψυχαῖς	_	_
5.7	3972	[404]	,	b	_
5.7	3973	[14]	ἐπὶ	_	_
5.7	3974	[50]	δὲ	_	_
5.7	3975	[40]	τῶν	_	_
5.7	3976	[1]	παίδων	_	_
5.7	3977	[22]	οὐκ	_	_
5.7	3978	[2]	οἶδ	_	_
5.7	3979	[108]	’	b	_
5.7	3980	[1]	ὅ	_	_
5.7	3981	[15]	τι	_	_
5.7	3982	[1]	φήσουσιν	_	_
5.7	3983	[110]	.	b	_
5.7	3984	[22]	οὐ	_	_
5.7	3985	[31]	γὰρ	_	_
5.7	3986	[2]	δή	_	_
5.7	3987	[15]	γε	_	_
5.7	3988	[181]	καὶ	_	_
5.7	3989	[19]	τὰ	_	_
5.7	3990	[6]	τούτων	_	_
5.7	3991	[2]	πάθη	_	_
5.7	3992	[10]	διὰ	_	_
5.7	3993	[1]	συλλογισμοῦ	_	_
5.7	3994	[3]	χρὴ	_	_
5.7	3995	[1]	μαθεῖν	_	_
5.7	3996	[405]	,	b	_
5.7	3997	[12]	ἀλλ	_	_
5.7	3998	[109]	’	b	_
5.7	3999	[1]	ἀναμνησθῆναι	_	_
5.7	4000	[9]	μόνον	_	_
5.7	4001	[1]	αὔταρκες	_	_
5.7	4002	[406]	,	b	_
5.7	4003	[26]	ὡς	_	_
5.7	4004	[23]	οὐκ	_	_
5.7	4005	[1]	ἄλλως	_	_
5.7	4006	[48]	μὲν	_	_
5.7	4007	[9]	νῦν	_	_
5.7	4008	[407]	,	b	_
5.7	4009	[2]	ἄλλως	_	_
5.7	4010	[51]	δὲ	_	_
5.7	4011	[3]	παῖδες	_	_
5.7	4012	[2]	ὄντες	_	_
5.7	4013	[2]	θυμούμεθα	_	_
5.7	4014	[111]	.	b	_
5.7	4015	[182]	καὶ	_	_
5.7	4016	[32]	γὰρ	_	_
5.7	4017	[2]	δύναμις	_	_
5.7	4018	[12]	ἡ	_	_
5.7	4019	[1]	αὐτὴ	_	_
5.7	4020	[408]	,	b	_
5.7	4021	[183]	καὶ	_	_
5.7	4022	[31]	ὁ	_	_
5.7	4023	[1]	τρόπος	_	_
5.7	4024	[36]	τῆς	_	_
5.7	4025	[61]	τοῦ	_	_
5.7	4026	[1]	πάθους	_	_
5.7	4027	[2]	γενέσεως	_	_
5.7	4028	[1]	ὅμοιος	_	_
5.7	4029	[112]	.	b	_
5.7	4030	[3]	ἓν	_	_
5.7	4031	[52]	δὲ	_	_
5.7	4032	[10]	μόνον	_	_
5.7	4033	[1]	ἐξαίρετον	_	_
5.7	4034	[1]	ὑπάρχει	_	_
5.7	4035	[16]	τοῖς	_	_
5.7	4036	[1]	τελείοις	_	_
5.7	4037	[1]	ἀνδράσιν	_	_
5.7	4038	[409]	,	b	_
5.7	4039	[8]	ὅταν	_	_
5.7	4040	[16]	γε	_	_
5.7	4041	[19]	μὴ	_	_
5.7	4042	[23]	κατὰ	_	_
5.7	4043	[1]	πάθος	_	_
5.7	4044	[1]	ὦσιν	_	_
5.7	4045	[410]	,	b	_
5.7	4046	[15]	ἀλλὰ	_	_
5.7	4047	[4]	λογισμὸς	_	_
5.7	4048	[9]	αὐτῶν	_	_
5.7	4049	[1]	ἐξηγῆται	_	_
5.7	4050	[62]	τοῦ	_	_
5.7	4051	[1]	βίου	_	_
5.7	4052	[411]	,	b	_
5.7	4053	[1]	κατέχουσιν	_	_
5.7	4054	[47]	ἐν	_	_
5.7	4055	[2]	πολλαῖς	_	_
5.7	4056	[1]	πράξεσι	_	_
5.7	4057	[31]	τὸν	_	_
5.7	4058	[3]	θυμὸν	_	_
5.7	4059	[412]	,	b	_
5.7	4060	[13]	ὥσπερ	_	_
5.7	4061	[11]	τις	_	_
5.7	4062	[1]	νομεὺς	_	_
5.7	4063	[1]	κύνα	_	_
5.7	4064	[1]	γενναῖον	_	_
5.7	4065	[1]	ἀγριώτερον	_	_
5.7	4066	[1]	ἐκφερόμενον	_	_
5.7	4067	[15]	ἐπὶ	_	_
5.7	4068	[13]	τοὺς	_	_
5.7	4069	[1]	πέλας	_	_
5.7	4070	[113]	.	b	_
5.7	4071	[48]	ἐν	_	_
5.7	4072	[53]	δὲ	_	_
5.7	4073	[17]	τοῖς	_	_
5.7	4074	[2]	παισὶν	_	_
5.7	4075	[9]	οὐδὲν	_	_
5.7	4076	[4]	γίγνεται	_	_
5.7	4077	[2]	τοιοῦτον	_	_
5.7	4078	[413]	,	b	_
5.7	4079	[14]	ὥσπερ	_	_
5.7	4080	[5]	οὐδὲ	_	_
5.7	4081	[49]	ἐν	_	_
5.7	4082	[18]	τοῖς	_	_
5.7	4083	[3]	θηρίοις	_	_
5.7	4084	[414]	,	b	_
5.7	4085	[20]	ὅτι	_	_
5.7	4086	[19]	τοῖς	_	_
5.7	4087	[49]	μὲν	_	_
5.7	4088	[1]	οὐδέπω	_	_
5.7	4089	[415]	,	b	_
5.7	4090	[20]	τοῖς	_	_
5.7	4091	[54]	δὲ	_	_
5.7	4092	[4]	οὐδέποτε	_	_
5.7	4093	[5]	λογισμὸς	_	_
5.7	4094	[1]	ἄρχει	_	_
5.7	4095	[41]	τῶν	_	_
5.7	4096	[1]	ὁρμῶν	_	_
5.7	4097	[114]	.	b	_
5.7	4098	[7]	ταῦτα	_	_
5.7	4099	[50]	μὲν	_	_
5.7	4100	[17]	οὖν	_	_
5.7	4101	[1]	ὀρθῶς	_	_
5.7	4102	[2]	εἴρηται	_	_
5.7	4103	[53]	τῷ	_	_
5.7	4104	[3]	Πλάτωνι	_	_
5.7	4105	[416]	,	b	_
5.7	4106	[184]	καὶ	_	_
5.7	4107	[1]	προσέτι	_	_
5.7	4108	[82]	τὸ	_	_
5.7	4109	[24]	κατὰ	_	_
5.7	4110	[29]	τὴν	_	_
5.7	4111	[1]	τελευτὴν	_	_
5.7	4112	[37]	τῆς	_	_
5.7	4113	[3]	ῥήσεως	_	_
5.7	4114	[1]	γεγραμμένον	_	_
5.7	4115	[417]	,	b	_
5.7	4116	[3]	ἔνθα	_	_
5.7	4117	[32]	τὸν	_	_
5.7	4118	[1]	Ὅμηρον	_	_
5.7	4119	[1]	ἐπάγεται	_	_
5.7	4120	[1]	μάρτυρα	_	_
5.7	4121	[2]	ταυτὶ	_	_
5.7	4122	[1]	λέγοντα	_	_
5.7	4123	[16]	·	b	_
5.7	4124	[2]	Στῆθος	_	_
5.7	4125	[55]	δὲ	_	_
5.7	4126	[2]	πλήξας	_	_
5.7	4127	[2]	κραδίην	_	_
5.7	4128	[2]	ἠνίπαπε	_	_
5.7	4129	[2]	μύθῳ	_	_
5.7	4130	[115]	.	b	_
5.7	4131	[4]	ἐνταῦθα	_	_
5.7	4132	[4]	γάρ	_	_
5.7	4133	[3]	φησιν	_	_
5.7	4134	[418]	,	b	_
5.7	4135	[27]	ὡς	_	_
5.7	4136	[14]	ἕτερον	_	_
5.7	4137	[3]	ἑτέρῳ	_	_
5.7	4138	[2]	πεποίηκεν	_	_
5.7	4139	[2]	ἐπιπλῆττον	_	_
5.7	4140	[419]	,	b	_
5.7	4141	[83]	τὸ	_	_
5.7	4142	[2]	ἀναλογισάμενον	_	_
5.7	4143	[21]	περὶ	_	_
5.7	4144	[63]	τοῦ	_	_
5.7	4145	[2]	βελτίονός	_	_
5.7	4146	[40]	τε	_	_
5.7	4147	[185]	καὶ	_	_
5.7	4148	[2]	χείρονος	_	_
5.7	4149	[54]	τῷ	_	_
5.7	4150	[1]	ἀλογίστῳ	_	_
5.7	4151	[2]	θυμουμένῳ	_	_
5.7	4152	[116]	.	b	_
5.7	4153	[1]	ἠβουλόμην	_	_
5.7	4154	[34]	δ	_	_
5.7	4155	[110]	’	b	_
5.7	4156	[23]	ἂν	_	_
5.7	4157	[186]	καὶ	_	_
5.7	4158	[33]	τὸν	_	_
5.7	4159	[2]	Χρύσιππον	_	_
5.7	4160	[1]	ἀνεγνωκέναι	_	_
5.7	4161	[41]	τε	_	_
5.7	4162	[30]	τὴν	_	_
5.7	4163	[5]	ῥῆσιν	_	_
5.7	4164	[13]	αὐτοῦ	_	_
5.7	4165	[420]	,	b	_
5.7	4166	[1]	προσεσχηκέναι	_	_
5.7	4167	[42]	τε	_	_
5.7	4168	[34]	τὸν	_	_
5.7	4169	[2]	νοῦν	_	_
5.7	4170	[2]	αὐτῇ	_	_
5.7	4171	[117]	.	b	_
5.7	4172	[3]	πάντως	_	_
5.7	4173	[33]	γὰρ	_	_
5.7	4174	[4]	ἄν	_	_
5.7	4175	[16]	τι	_	_
5.7	4176	[187]	καὶ	_	_
5.7	4177	[6]	αὐτὸς	_	_
5.7	4178	[1]	ὤνητο	_	_
5.7	4179	[1]	μαθὼν	_	_
5.7	4180	[421]	,	b	_
5.7	4181	[1]	ὁπηνίκα	_	_
5.7	4182	[43]	τε	_	_
5.7	4183	[1]	προσήκει	_	_
5.7	4184	[1]	καλεῖν	_	_
5.7	4185	[2]	Ὅμηρον	_	_
5.7	4186	[2]	μάρτυρα	_	_
5.7	4187	[188]	καὶ	_	_
5.7	4188	[22]	περὶ	_	_
5.7	4189	[1]	τίνων	_	_
5.7	4190	[3]	πραγμάτων	_	_
5.7	4191	[118]	.	b	_
5.7	4192	[4]	οὔτε	_	_
5.7	4193	[34]	γὰρ	_	_
5.7	4194	[50]	ἐν	_	_
5.7	4195	[1]	ἀρχῇ	_	_
5.7	4196	[42]	τῶν	_	_
5.7	4197	[3]	λόγων	_	_
5.7	4198	[422]	,	b	_
5.7	4199	[13]	ἀλλ	_	_
5.7	4200	[111]	’	b	_
5.7	4201	[4]	ἐπειδὰν	_	_
5.7	4202	[2]	ἱκανῶς	_	_
5.7	4203	[1]	ἀποδείξῃ	_	_
5.7	4204	[12]	τις	_	_
5.7	4205	[84]	τὸ	_	_
5.7	4206	[4]	προκείμενον	_	_
5.7	4207	[423]	,	b	_
5.7	4208	[1]	ἀνεπίφθονον	_	_
5.7	4209	[6]	ἤδη	_	_
5.7	4210	[189]	καὶ	_	_
5.7	4211	[14]	τοὺς	_	_
5.7	4212	[1]	πρεσβυτέρους	_	_
5.7	4213	[1]	ἐπικαλεῖσθαι	_	_
5.7	4214	[1]	μαρτυρήσοντας	_	_
5.7	4215	[424]	,	b	_
5.7	4216	[5]	οὔτε	_	_
5.7	4217	[23]	περὶ	_	_
5.7	4218	[4]	πραγμάτων	_	_
5.7	4219	[1]	ἀδήλων	_	_
5.7	4220	[1]	παντάπασιν	_	_
5.7	4221	[425]	,	b	_
5.7	4222	[14]	ἀλλ	_	_
5.7	4223	[112]	’	b	_
5.7	4224	[2]	ἤτοι	_	_
5.7	4225	[24]	περὶ	_	_
5.7	4226	[1]	φαινομένων	_	_
5.7	4227	[5]	ἐναργῶς	_	_
5.7	4228	[426]	,	b	_
5.7	4229	[30]	ἢ	_	_
5.7	4230	[1]	παρακειμένην	_	_
5.7	4231	[1]	αἰσθήσει	_	_
5.7	4232	[31]	τὴν	_	_
5.7	4233	[2]	ἔνδειξιν	_	_
5.7	4234	[1]	ἐχόντων	_	_
5.7	4235	[427]	,	b	_
5.7	4236	[1]	οἷά	_	_
5.7	4237	[1]	πέρ	_	_
5.7	4238	[7]	ἐστι	_	_
5.7	4239	[20]	τὰ	_	_
5.7	4240	[3]	πάθη	_	_
5.7	4241	[38]	τῆς	_	_
5.7	4242	[18]	ψυχῆς	_	_
5.7	4243	[428]	,	b	_
5.7	4244	[23]	οὐ	_	_
5.7	4245	[2]	μακρῶν	_	_
5.7	4246	[4]	λόγων	_	_
5.7	4247	[9]	οὐδ	_	_
5.7	4248	[113]	’	b	_
5.7	4249	[3]	ἀποδείξεων	_	_
5.7	4250	[1]	ἀκριβεστέρων	_	_
5.7	4251	[1]	δεόμενα	_	_
5.7	4252	[429]	,	b	_
5.7	4253	[1]	μόνης	_	_
5.7	4254	[56]	δὲ	_	_
5.7	4255	[1]	ἀναμνήσεως	_	_
5.7	4256	[3]	ὧν	_	_
5.7	4257	[1]	ἑκάστοτε	_	_
5.7	4258	[1]	πάσχομεν	_	_
5.7	4259	[430]	,	b	_
5.7	4260	[28]	ὡς	_	_
5.7	4261	[190]	καὶ	_	_
5.7	4262	[2]	Ποσειδώνιος	_	_
5.7	4263	[2]	εἶπεν	_	_
5.7	4264	[119]	.	b	_
5.7	4265	[21]	ὅτι	_	_
5.7	4266	[51]	μὲν	_	_
5.7	4267	[35]	γὰρ	_	_
5.7	4268	[51]	ἐν	_	_
5.7	4269	[1]	ἐγκεφάλῳ	_	_
5.7	4270	[85]	τὸ	_	_
5.7	4271	[1]	λογιζόμενόν	_	_
5.7	4272	[3]	ἐστιν	_	_
5.7	4273	[431]	,	b	_
5.7	4274	[31]	ἢ	_	_
5.7	4275	[52]	ἐν	_	_
5.7	4276	[1]	καρδίᾳ	_	_
5.7	4277	[86]	τὸ	_	_
5.7	4278	[4]	θυμούμενον	_	_
5.7	4279	[432]	,	b	_
5.7	4280	[24]	οὐ	_	_
5.7	4281	[1]	μεγάλην	_	_
5.7	4282	[1]	μοῖραν	_	_
5.7	4283	[17]	πρὸς	_	_
5.7	4284	[1]	πίστιν	_	_
5.7	4285	[8]	ἐκ	_	_
5.7	4286	[43]	τῶν	_	_
5.7	4287	[1]	μαρτύρων	_	_
5.7	4288	[433]	,	b	_
5.7	4289	[15]	ἀλλ	_	_
5.7	4290	[114]	’	b	_
5.7	4291	[2]	ἀποδείξει	_	_
5.7	4292	[4]	χρὴ	_	_
5.7	4293	[87]	τὸ	_	_
5.7	4294	[1]	πᾶν	_	_
5.7	4295	[1]	ἐπιτρέπειν	_	_
5.7	4296	[5]	ἐνταῦθα	_	_
5.7	4297	[120]	.	b	_
5.7	4298	[88]	τὸ	_	_
5.7	4299	[57]	δὲ	_	_
5.7	4300	[2]	πρότερον	_	_
5.7	4301	[13]	εἶναι	_	_
5.7	4302	[64]	τοῦ	_	_
5.7	4303	[1]	θυμουμένου	_	_
5.7	4304	[89]	τὸ	_	_
5.7	4305	[4]	λογιζόμενον	_	_
5.7	4306	[434]	,	b	_
5.7	4307	[4]	οὔτ	_	_
5.7	4308	[115]	’	b	_
5.7	4309	[1]	ἀποδείξεως	_	_
5.7	4310	[1]	δεῖται	_	_
5.7	4311	[1]	μακρᾶς	_	_
5.7	4312	[435]	,	b	_
5.7	4313	[6]	οὔτε	_	_
5.7	4314	[1]	σοφῶν	_	_
5.7	4315	[44]	τῶν	_	_
5.7	4316	[1]	μαρτυρησόντων	_	_
5.7	4317	[436]	,	b	_
5.7	4318	[16]	ἀλλ	_	_
5.7	4319	[116]	’	b	_
5.7	4320	[2]	ἀρκεῖ	_	_
5.7	4321	[52]	μὲν	_	_
5.7	4322	[191]	καὶ	_	_
5.7	4323	[2]	Ὅμηρος	_	_
5.7	4324	[16]	ἐπὶ	_	_
5.7	4325	[21]	τοῖς	_	_
5.7	4326	[2]	ἀρτίως	_	_
5.7	4327	[1]	ῥηθεῖσι	_	_
5.7	4328	[1]	μαρτυρῶν	_	_
5.7	4329	[437]	,	b	_
5.7	4330	[3]	ἀρκεῖ	_	_
5.7	4331	[58]	δὲ	_	_
5.7	4332	[192]	καὶ	_	_
5.7	4333	[1]	Θουκυδίδης	_	_
5.7	4334	[1]	λέγων	_	_
5.7	4335	[17]	·	b	_
5.7	4336	[193]	καὶ	_	_
5.7	4337	[7]	οἱ	_	_
5.7	4338	[6]	λογισμῷ	_	_
5.7	4339	[1]	ἐλάχιστα	_	_
5.7	4340	[2]	χρώμενοι	_	_
5.7	4341	[1]	θυμῷ	_	_
5.7	4342	[1]	πλεῖστα	_	_
5.7	4343	[11]	εἰς	_	_
5.7	4344	[2]	ἔργον	_	_
5.7	4345	[1]	καθίστανται	_	_
5.7	4346	[438]	,	b	_
5.7	4347	[4]	ἀρκεῖ	_	_
5.7	4348	[59]	δὲ	_	_
5.7	4349	[194]	καὶ	_	_
5.7	4350	[1]	Δημοσθένης	_	_
5.7	4351	[1]	εἰπών	_	_
5.7	4352	[18]	·	b	_
5.7	4353	[16]	ἀλλὰ	_	_
5.7	4354	[3]	μὴν	_	_
5.7	4355	[439]	,	b	_
5.7	4356	[5]	ἄν	_	_
5.7	4357	[13]	τις	_	_
5.7	4358	[1]	ἄφνω	_	_
5.7	4359	[35]	τὸν	_	_
5.7	4360	[7]	λογισμὸν	_	_
5.7	4361	[1]	φθάσας	_	_
5.7	4362	[1]	ἐξαχθῇ	_	_
5.7	4363	[440]	,	b	_
5.7	4364	[1]	πράξεις	_	_
5.7	4365	[1]	ὑβριστικὰς	_	_
5.7	4366	[1]	ποιήσει	_	_
5.7	4367	[121]	.	b	_
5.7	4368	[5]	δι	_	_
5.7	4369	[117]	’	b	_
5.7	4370	[2]	ὀργὴν	_	_
5.7	4371	[35]	δ	_	_
5.7	4372	[118]	’	b	_
5.7	4373	[32]	ὁ	_	_
5.7	4374	[10]	Πλάτων	_	_
5.7	4375	[1]	ἔφησε	_	_
5.7	4376	[1]	πεποιηκέναι	_	_
5.7	4377	[441]	,	b	_
5.7	4378	[18]	πρὸς	_	_
5.7	4379	[5]	τούτοις	_	_
5.7	4380	[8]	οἱ	_	_
5.7	4381	[1]	λοιποὶ	_	_
5.7	4382	[1]	πάντες	_	_
5.7	4383	[442]	,	b	_
5.7	4384	[195]	καὶ	_	_
5.7	4385	[1]	ῥήτορες	_	_
5.7	4386	[443]	,	b	_
5.7	4387	[196]	καὶ	_	_
5.7	4388	[1]	ποιηταὶ	_	_
5.7	4389	[444]	,	b	_
5.7	4390	[197]	καὶ	_	_
5.7	4391	[1]	μυθολόγοι	_	_
5.7	4392	[19]	·	b	_
5.7	4393	[11]	διὰ	_	_
5.7	4394	[36]	γὰρ	_	_
5.7	4395	[32]	τὴν	_	_
5.7	4396	[1]	ἐνάργειαν	_	_
5.7	4397	[65]	τοῦ	_	_
5.7	4398	[3]	πράγματος	_	_
5.7	4399	[1]	οὐδείς	_	_
5.7	4400	[4]	ἐστιν	_	_
5.7	4401	[445]	,	b	_
5.7	4402	[2]	ὃς	_	_
5.7	4403	[3]	οὐχ	_	_
5.7	4404	[3]	οὕτω	_	_
5.7	4405	[1]	γιγνώσκει	_	_
5.7	4406	[122]	.	b	_
5.7	4407	[1]	προσεκτέον	_	_
5.7	4408	[18]	οὖν	_	_
5.7	4409	[8]	ἐστι	_	_
5.7	4410	[10]	τῇ	_	_
5.7	4411	[2]	προγεγραμμένῃ	_	_
5.7	4412	[66]	τοῦ	_	_
5.7	4413	[11]	Πλάτωνος	_	_
5.7	4414	[4]	ῥήσει	_	_
5.7	4415	[446]	,	b	_
5.7	4416	[45]	τῶν	_	_
5.7	4417	[44]	τε	_	_
5.7	4418	[2]	ἄλλων	_	_
5.7	4419	[1]	ἕνεκα	_	_
5.7	4420	[198]	καὶ	_	_
5.7	4421	[3]	ὅπως	_	_
5.7	4422	[1]	ἀσφαλῶς	_	_
5.7	4423	[25]	οὐ	_	_
5.7	4424	[25]	περὶ	_	_
5.7	4425	[53]	μὲν	_	_
5.7	4426	[67]	τοῦ	_	_
5.7	4427	[25]	κατὰ	_	_
5.7	4428	[36]	τὸν	_	_
5.7	4429	[1]	ἐγκέφαλον	_	_
5.7	4430	[14]	εἶναι	_	_
5.7	4431	[90]	τὸ	_	_
5.7	4432	[5]	λογιζόμενον	_	_
5.7	4433	[447]	,	b	_
5.7	4434	[53]	ἐν	_	_
5.7	4435	[2]	καρδίᾳ	_	_
5.7	4436	[60]	δὲ	_	_
5.7	4437	[91]	τὸ	_	_
5.7	4438	[5]	θυμούμενον	_	_
5.7	4439	[448]	,	b	_
5.7	4440	[1]	ἐπεκαλέσατο	_	_
5.7	4441	[1]	μαρτυρήσοντα	_	_
5.7	4442	[37]	τὸν	_	_
5.7	4443	[3]	Ὅμηρον	_	_
5.7	4444	[449]	,	b	_
5.7	4445	[17]	ἀλλὰ	_	_
5.7	4446	[26]	περὶ	_	_
5.7	4447	[2]	μόνου	_	_
5.7	4448	[68]	τοῦ	_	_
5.7	4449	[1]	διαφέρειν	_	_
5.7	4450	[92]	τὸ	_	_
5.7	4451	[6]	θυμούμενον	_	_
5.7	4452	[39]	τῆς	_	_
5.7	4453	[19]	ψυχῆς	_	_
5.7	4454	[69]	τοῦ	_	_
5.7	4455	[4]	λογιζομένου	_	_
5.7	4456	[123]	.	b	_
5.7	4457	[15]	τοῦτο	_	_
5.7	4458	[54]	μὲν	_	_
5.7	4459	[37]	γὰρ	_	_
5.7	4460	[1]	ἅπαντες	_	_
5.7	4461	[1]	ἄνθρωποι	_	_
5.7	4462	[1]	γιγνώσκουσι	_	_
5.7	4463	[6]	δι	_	_
5.7	4464	[119]	’	b	_
5.7	4465	[2]	ἐνάργειαν	_	_
5.7	4466	[450]	,	b	_
5.7	4467	[1]	ἐκεῖνο	_	_
5.7	4468	[36]	δ	_	_
5.7	4469	[120]	’	b	_
5.7	4470	[24]	οὐκ	_	_
5.7	4471	[1]	ἔθ	_	_
5.7	4472	[121]	’	b	_
5.7	4473	[2]	ὁμοίως	_	_
5.7	4474	[2]	ἅπαντες	_	_
5.7	4475	[451]	,	b	_
5.7	4476	[17]	ἀλλ	_	_
5.7	4477	[122]	’	b	_
5.7	4478	[2]	ἀποδείξεως	_	_
5.7	4479	[6]	αὐτὸ	_	_
5.7	4480	[1]	δεῖ	_	_
5.7	4481	[124]	.	b	_
5.7	4482	[1]	διό	_	_
5.7	4483	[6]	μοι	_	_
5.7	4484	[1]	δοκῶ	_	_
5.7	4485	[1]	κᾀγὼ	_	_
5.7	4486	[1]	καταπαύειν	_	_
5.7	4487	[55]	μὲν	_	_
5.7	4488	[7]	ἤδη	_	_
5.7	4489	[38]	τὸν	_	_
5.7	4490	[1]	ἐνεστῶτα	_	_
5.7	4491	[8]	λόγον	_	_
5.7	4492	[452]	,	b	_
5.7	4493	[54]	ἐν	_	_
5.7	4494	[61]	δὲ	_	_
5.7	4495	[55]	τῷ	_	_
5.7	4496	[2]	μετ	_	_
5.7	4497	[123]	’	b	_
5.7	4498	[3]	αὐτὸν	_	_
5.7	4499	[17]	ἐπὶ	_	_
5.7	4500	[33]	τὴν	_	_
5.7	4501	[7]	ἀπόδειξιν	_	_
5.7	4502	[1]	τρέπεσθαι	_	_
5.7	4503	[70]	τοῦ	_	_
5.7	4504	[199]	καὶ	_	_
5.7	4505	[22]	τοῖς	_	_
5.7	4506	[2]	τόποις	_	_
5.7	4507	[1]	διωρίσθαι	_	_
5.7	4508	[21]	τὰ	_	_
5.7	4509	[7]	τρία	_	_
5.7	4510	[5]	μόρια	_	_
5.7	4511	[40]	τῆς	_	_
5.7	4512	[20]	ψυχῆς	_	_
5.7	4513	[125]	.	b	_
6.1	1	[1]	ΓΑΛΗΝΟΥ	_	_
6.1	2	[1]	ΠΕΡΙ	_	_
6.1	3	[1]	ΤΩΝ	_	_
6.1	4	[1]	ΚΑΘ	_	_
6.1	5	[1]	’	b	_
6.1	6	[1]	ΙΠΠΟΚΡΑΤΗΝ	_	_
6.1	7	[1]	ΚΑΙ	_	_
6.1	8	[1]	ΠΛΑΤΩΝΑ	_	_
6.1	9	[1]	ΔΟΓΜΑΤΩΝ	_	_
6.1	10	[1]	ΒΙΒΛΙΟΝ	_	_
6.1	11	[1]	ΕΚΤΟΝ	_	_
6.1	12	[1]	.	b	_
6.1	13	[1]	Προὔκειτο	_	_
6.1	14	[1]	μὲν	_	_
6.1	15	[1]	ἐξ	_	_
6.1	16	[1]	ἀρχῆς	_	_
6.1	17	[1]	ἐπισκέψασθαι	_	_
6.1	18	[1]	περὶ	_	_
6.1	19	[1]	τῶν	_	_
6.1	20	[1]	διοικουσῶν	_	_
6.1	21	[1]	ἡμᾶς	_	_
6.1	22	[1]	·	b	_
6.1	23	[1]	δυνάμεων	_	_
6.1	24	[1]	,	b	_
6.1	25	[1]	εἴτ	_	_
6.1	26	[2]	’	b	_
6.1	27	[1]	ἐκ	_	_
6.1	28	[1]	τῆς	_	_
6.1	29	[1]	καρδίας	_	_
6.1	30	[1]	μόνης	_	_
6.1	31	[1]	ὁρμῶνται	_	_
6.1	32	[1]	σύμπασαι	_	_
6.1	33	[2]	,	b	_
6.1	34	[1]	καθάπερ	_	_
6.1	35	[1]	Ἀριστοτέλης	_	_
6.1	36	[1]	τε	_	_
6.1	37	[1]	καὶ	_	_
6.1	38	[1]	Θεόφραστος	_	_
6.1	39	[1]	ὑπελάμβανον	_	_
6.1	40	[3]	,	b	_
6.1	41	[1]	εἴτε	_	_
6.1	42	[1]	τρεῖς	_	_
6.1	43	[1]	ἀρχὰς	_	_
6.1	44	[1]	αὐτῶν	_	_
6.1	45	[1]	τίθεσθαι	_	_
6.1	46	[1]	βέλτιον	_	_
6.1	47	[4]	,	b	_
6.1	48	[1]	ὡς	_	_
6.1	49	[1]	Ἱπποκράτης	_	_
6.1	50	[2]	τε	_	_
6.1	51	[2]	καὶ	_	_
6.1	52	[1]	Πλάτων	_	_
6.1	53	[1]	ἐδόξαζον	_	_
6.1	54	[2]	.	b	_
6.1	55	[1]	ἐπεὶ	_	_
6.1	56	[1]	δὲ	_	_
6.1	57	[1]	Χρύσιππος	_	_
6.1	58	[1]	οὐ	_	_
6.1	59	[2]	περὶ	_	_
6.1	60	[2]	τῶν	_	_
6.1	61	[1]	ἀρχῶν	_	_
6.1	62	[1]	μόνον	_	_
6.1	63	[1]	ἠμφισβήτησε	_	_
6.1	64	[1]	πρὸς	_	_
6.1	65	[1]	τοὺς	_	_
6.1	66	[1]	παλαιοὺς	_	_
6.1	67	[5]	,	b	_
6.1	68	[1]	ἀλλὰ	_	_
6.1	69	[3]	καὶ	_	_
6.1	70	[3]	περὶ	_	_
6.1	71	[3]	τῶν	_	_
6.1	72	[2]	δυνάμεων	_	_
6.1	73	[2]	αὐτῶν	_	_
6.1	74	[6]	,	b	_
6.1	75	[1]	οὔτε	_	_
6.1	76	[1]	τὴν	_	_
6.1	77	[1]	θυμοειδῆ	_	_
6.1	78	[1]	συγχωρήσας	_	_
6.1	79	[1]	ὑπάρχειν	_	_
6.1	80	[7]	,	b	_
6.1	81	[2]	οὔτε	_	_
6.1	82	[2]	τὴν	_	_
6.1	83	[1]	ἐπιθυμητικὴν	_	_
6.1	84	[8]	,	b	_
6.1	85	[1]	ἔδοξε	_	_
6.1	86	[1]	χρῆναι	_	_
6.1	87	[3]	τὴν	_	_
6.1	88	[1]	τούτου	_	_
6.1	89	[1]	προτέραν	_	_
6.1	90	[1]	δόξαν	_	_
6.1	91	[1]	ἐπισκεψαμένους	_	_
6.1	92	[1]	οὕτως	_	_
6.1	93	[1]	ἐπανέρχεσθαι	_	_
6.1	94	[1]	πάλιν	_	_
6.1	95	[1]	ἐπὶ	_	_
6.1	96	[1]	τὸ	_	_
6.1	97	[1]	προκείμενον	_	_
6.1	98	[2]	ἐξ	_	_
6.1	99	[2]	ἀρχῆς	_	_
6.1	100	[9]	,	b	_
6.1	101	[2]	ὡς	_	_
6.1	102	[1]	ἐγκέφαλός	_	_
6.1	103	[3]	τε	_	_
6.1	104	[4]	καὶ	_	_
6.1	105	[1]	καρδία	_	_
6.1	106	[5]	καὶ	_	_
6.1	107	[1]	ἧπαρ	_	_
6.1	108	[1]	ἀρχαὶ	_	_
6.1	109	[4]	τῶν	_	_
6.1	110	[2]	διοικουσῶν	_	_
6.1	111	[2]	ἡμᾶς	_	_
6.1	112	[1]	δυνάμεών	_	_
6.1	113	[1]	εἰσιν	_	_
6.1	114	[3]	.	b	_
6.1	115	[1]	ἀφῖκται	_	_
6.1	116	[1]	οὖν	_	_
6.1	117	[1]	ὁ	_	_
6.1	118	[1]	λόγος	_	_
6.1	119	[1]	ἤδη	_	_
6.1	120	[2]	πρὸς	_	_
6.1	121	[1]	τοῦτο	_	_
6.1	122	[10]	,	b	_
6.1	123	[6]	καὶ	_	_
6.1	124	[1]	ἀρχὴν	_	_
6.1	125	[1]	ἕξει	_	_
6.1	126	[4]	τὴν	_	_
6.1	127	[5]	τῶν	_	_
6.1	128	[1]	ὀνομάτων	_	_
6.1	129	[1]	ἐξήγησιν	_	_
6.1	130	[11]	,	b	_
6.1	131	[1]	οἷς	_	_
6.1	132	[1]	ἔμπροσθέν	_	_
6.1	133	[4]	τε	_	_
6.1	134	[2]	ἤδη	_	_
6.1	135	[1]	κεχρήμεθα	_	_
6.1	136	[12]	,	b	_
6.1	137	[1]	κᾀν	_	_
6.1	138	[1]	τῷ	_	_
6.1	139	[1]	μεταξὺ	_	_
6.1	140	[1]	τούτῳ	_	_
6.1	141	[1]	λόγῳ	_	_
6.1	142	[1]	πολλάκις	_	_
6.1	143	[1]	χρησόμεθα	_	_
6.1	144	[4]	.	b	_
6.1	145	[3]	πρὸς	_	_
6.1	146	[1]	γὰρ	_	_
6.1	147	[2]	τὸ	_	_
6.1	148	[1]	μηδενὸς	_	_
6.1	149	[6]	τῶν	_	_
6.1	150	[1]	εἰρημένων	_	_
6.1	151	[1]	παρακούειν	_	_
6.1	152	[13]	,	b	_
6.1	153	[1]	ἀλλ	_	_
6.1	154	[3]	’	b	_
6.1	155	[1]	ἐν	_	_
6.1	156	[1]	ἅπασι	_	_
6.1	157	[3]	τὸ	_	_
6.1	158	[1]	διωρισμένον	_	_
6.1	159	[5]	τε	_	_
6.1	160	[1]	ἅμα	_	_
6.1	161	[7]	καὶ	_	_
6.1	162	[1]	σαφὲς	_	_
6.1	163	[1]	ἕτοιμον	_	_
6.1	164	[2]	ὑπάρχειν	_	_
6.1	165	[14]	,	b	_
6.1	166	[1]	ἀναγκαιότατόν	_	_
6.1	167	[1]	ἐστιν	_	_
6.1	168	[1]	ἕκαστον	_	_
6.1	169	[7]	τῶν	_	_
6.1	170	[2]	ὀνομάτων	_	_
6.1	171	[1]	ἐφ	_	_
6.1	172	[4]	’	b	_
6.1	173	[1]	ὅτου	_	_
6.1	174	[1]	λέγεται	_	_
6.1	175	[1]	πράγματος	_	_
6.1	176	[1]	ἀκριβῶς	_	_
6.1	177	[1]	ἀφωρίσθαι	_	_
6.1	178	[5]	.	b	_
6.1	179	[8]	καὶ	_	_
6.1	180	[1]	γάρ	_	_
6.1	181	[1]	τοι	_	_
6.1	182	[9]	καὶ	_	_
6.1	183	[1]	λύεσθαί	_	_
6.1	184	[1]	τινα	_	_
6.1	185	[8]	τῶν	_	_
6.1	186	[1]	ἔμπροσθεν	_	_
6.1	187	[1]	ἀναβληθέντων	_	_
6.1	188	[1]	ζητημάτων	_	_
6.1	189	[2]	ἐκ	_	_
6.1	190	[2]	τούτου	_	_
6.1	191	[1]	τοῦ	_	_
6.1	192	[1]	τρόπου	_	_
6.1	193	[1]	συμβέβηκεν	_	_
6.1	194	[15]	,	b	_
6.1	195	[1]	ὥσπερ	_	_
6.1	196	[16]	,	b	_
6.1	197	[1]	οἶμαι	_	_
6.1	198	[17]	,	b	_
6.1	199	[10]	καὶ	_	_
6.1	200	[1]	τόδε	_	_
6.1	201	[18]	,	b	_
6.1	202	[1]	πότερον	_	_
6.1	203	[1]	ἐνερ	_	_
6.1	204	[1]	γείας	_	_
6.1	205	[1]	ἢ	_	_
6.1	206	[1]	πάθη	_	_
6.1	207	[1]	προσαγορευτέον	_	_
6.1	208	[1]	ἐστὶ	_	_
6.1	209	[5]	τὴν	_	_
6.1	210	[1]	ἐπιθυμίαν	_	_
6.1	211	[19]	,	b	_
6.1	212	[11]	καὶ	_	_
6.1	213	[1]	τὸν	_	_
6.1	214	[1]	θυμὸν	_	_
6.1	215	[20]	,	b	_
6.1	216	[1]	ὅσα	_	_
6.1	217	[1]	τ	_	_
6.1	218	[5]	’	b	_
6.1	219	[1]	ἄλλα	_	_
6.1	220	[1]	τοιαῦτα	_	_
6.1	221	[6]	.	b	_
6.1	222	[1]	ἡ	_	_
6.1	223	[2]	μὲν	_	_
6.1	224	[2]	οὖν	_	_
6.1	225	[1]	ἐνέργεια	_	_
6.1	226	[1]	κίνησίς	_	_
6.1	227	[2]	ἐστιν	_	_
6.1	228	[1]	δραστικὴ	_	_
6.1	229	[21]	,	b	_
6.1	230	[1]	(	a	_
6.1	231	[1]	δραστικὴν	_	_
6.1	232	[1]	δ	_	_
6.1	233	[6]	’	b	_
6.1	234	[1]	ὀνομάζω	_	_
6.1	235	[6]	τὴν	_	_
6.1	236	[3]	ἐξ	_	_
6.1	237	[1]	ἑαυτοῦ	_	_
6.1	238	[22]	,	b	_
6.1	239	[1]	)	b	_
6.1	240	[4]	τὸ	_	_
6.1	241	[2]	δὲ	_	_
6.1	242	[1]	πάθος	_	_
6.1	243	[2]	ἐν	_	_
6.1	244	[1]	ἑτέρῳ	_	_
6.1	245	[2]	κίνησίς	_	_
6.1	246	[3]	ἐστιν	_	_
6.1	247	[4]	ἐξ	_	_
6.1	248	[1]	ἑτέρου	_	_
6.1	249	[7]	.	b	_
6.1	250	[1]	ὥστε	_	_
6.1	251	[1]	ἀναγκαῖον	_	_
6.1	252	[3]	μὲν	_	_
6.1	253	[2]	πολλάκις	_	_
6.1	254	[1]	εἰς	_	_
6.1	255	[1]	ἓν	_	_
6.1	256	[1]	ὑποκείμενον	_	_
6.1	257	[2]	τῷ	_	_
6.1	258	[1]	πάθει	_	_
6.1	259	[7]	τὴν	_	_
6.1	260	[1]	ἐνέργειαν	_	_
6.1	261	[1]	συνέρχεσθαι	_	_
6.1	262	[23]	,	b	_
6.1	263	[12]	καὶ	_	_
6.1	264	[1]	κατὰ	_	_
6.1	265	[2]	τοῦτο	_	_
6.1	266	[1]	διαφέρειν	_	_
6.1	267	[1]	μηδὲν	_	_
6.1	268	[24]	,	b	_
6.1	269	[3]	τῷ	_	_
6.1	270	[2]	λόγῳ	_	_
6.1	271	[1]	μέντοι	_	_
6.1	272	[2]	διαφέρειν	_	_
6.1	273	[8]	.	b	_
6.1	274	[2]	ἡ	_	_
6.1	275	[2]	γὰρ	_	_
6.1	276	[1]	ὑπὸ	_	_
6.1	277	[2]	τοῦ	_	_
6.1	278	[1]	τέμνοντος	_	_
6.1	279	[3]	ἐν	_	_
6.1	280	[4]	τῷ	_	_
6.1	281	[1]	τεμνομένῳ	_	_
6.1	282	[1]	διαίρεσις	_	_
6.1	283	[25]	,	b	_
6.1	284	[2]	ἓν	_	_
6.1	285	[13]	καὶ	_	_
6.1	286	[1]	ταὐτὸν	_	_
6.1	287	[1]	ὑπάρχουσα	_	_
6.1	288	[1]	πρᾶγμα	_	_
6.1	289	[26]	,	b	_
6.1	290	[3]	τοῦ	_	_
6.1	291	[4]	μὲν	_	_
6.1	292	[2]	τέμνοντος	_	_
6.1	293	[2]	ἐνέργεια	_	_
6.1	294	[27]	,	b	_
6.1	295	[4]	τοῦ	_	_
6.1	296	[3]	δὲ	_	_
6.1	297	[1]	τεμνομένου	_	_
6.1	298	[2]	πάθος	_	_
6.1	299	[1]	ἐστίν	_	_
6.1	300	[9]	.	b	_
6.1	301	[2]	οὕτως	_	_
6.1	302	[3]	οὖν	_	_
6.1	303	[14]	καὶ	_	_
6.1	304	[2]	ὁ	_	_
6.1	305	[1]	θυμὸς	_	_
6.1	306	[3]	ἐνέργεια	_	_
6.1	307	[1]	μέν	_	_
6.1	308	[1]	ἐστι	_	_
6.1	309	[5]	τοῦ	_	_
6.1	310	[1]	θυμοειδοῦς	_	_
6.1	311	[28]	,	b	_
6.1	312	[1]	πάθημα	_	_
6.1	313	[4]	δὲ	_	_
6.1	314	[9]	τῶν	_	_
6.1	315	[1]	λοιπῶν	_	_
6.1	316	[2]	τῆς	_	_
6.1	317	[1]	ψυχῆς	_	_
6.1	318	[1]	δύο	_	_
6.1	319	[1]	μερῶν	_	_
6.1	320	[29]	,	b	_
6.1	321	[15]	καὶ	_	_
6.1	322	[1]	προσέτι	_	_
6.1	323	[6]	τοῦ	_	_
6.1	324	[1]	σώματος	_	_
6.1	325	[1]	ἡμῶν	_	_
6.1	326	[1]	παντὸς	_	_
6.1	327	[30]	,	b	_
6.1	328	[1]	ὅταν	_	_
6.1	329	[2]	ὑπὸ	_	_
6.1	330	[7]	τοῦ	_	_
6.1	331	[1]	θυμοῦ	_	_
6.1	332	[1]	βιαίως	_	_
6.1	333	[1]	ἄγηται	_	_
6.1	334	[4]	πρὸς	_	_
6.1	335	[1]	τὰς	_	_
6.1	336	[1]	πράξεις	_	_
6.1	337	[10]	.	b	_
6.1	338	[3]	ἓν	_	_
6.1	339	[5]	μὲν	_	_
6.1	340	[1]	δὴ	_	_
6.1	341	[3]	τοῦτο	_	_
6.1	342	[5]	τὸ	_	_
6.1	343	[1]	σημαινόμενον	_	_
6.1	344	[1]	ἑκατέρων	_	_
6.1	345	[10]	τῶν	_	_
6.1	346	[3]	ὀνομάτων	_	_
6.1	347	[31]	,	b	_
6.1	348	[1]	ἕτερον	_	_
6.1	349	[5]	δὲ	_	_
6.1	350	[32]	,	b	_
6.1	351	[8]	τὴν	_	_
6.1	352	[6]	μὲν	_	_
6.1	353	[2]	ἐνέργειαν	_	_
6.1	354	[2]	κατὰ	_	_
6.1	355	[1]	φύσιν	_	_
6.1	356	[1]	τινὰ	_	_
6.1	357	[1]	κίνησιν	_	_
6.1	358	[2]	ἡμῶν	_	_
6.1	359	[1]	νοούντων	_	_
6.1	360	[33]	,	b	_
6.1	361	[6]	τὸ	_	_
6.1	362	[6]	δὲ	_	_
6.1	363	[3]	πάθος	_	_
6.1	364	[1]	παρὰ	_	_
6.1	365	[2]	φύσιν	_	_
6.1	366	[11]	.	b	_
6.1	367	[1]	πολλαχοῦ	_	_
6.1	368	[7]	δὲ	_	_
6.1	369	[8]	τοῦ	_	_
6.1	370	[3]	κατὰ	_	_
6.1	371	[3]	φύσιν	_	_
6.1	372	[1]	λεγομένου	_	_
6.1	373	[34]	,	b	_
6.1	374	[1]	τοῦτ	_	_
6.1	375	[7]	’	b	_
6.1	376	[1]	ἀκούειν	_	_
6.1	377	[1]	χρὴ	_	_
6.1	378	[1]	νῦν	_	_
6.1	379	[35]	,	b	_
6.1	380	[1]	ὃ	_	_
6.1	381	[4]	κατὰ	_	_
6.1	382	[1]	πρῶτον	_	_
6.1	383	[1]	λόγον	_	_
6.1	384	[3]	ὑπὸ	_	_
6.1	385	[3]	τῆς	_	_
6.1	386	[1]	φύσεως	_	_
6.1	387	[1]	γίγνεται	_	_
6.1	388	[12]	.	b	_
6.1	389	[5]	κατὰ	_	_
6.1	390	[2]	πρῶτον	_	_
6.1	391	[8]	δὲ	_	_
6.1	392	[2]	λόγον	_	_
6.1	393	[1]	ἐκεῖνα	_	_
6.1	394	[1]	γίγνεσθαί	_	_
6.1	395	[1]	φαμεν	_	_
6.1	396	[4]	ὑπὸ	_	_
6.1	397	[4]	τῆς	_	_
6.1	398	[2]	φύσεως	_	_
6.1	399	[36]	,	b	_
6.1	400	[1]	ὧν	_	_
6.1	401	[2]	ὥσπερ	_	_
6.1	402	[1]	σκοπῶν	_	_
6.1	403	[1]	ἀντιποιεῖται	_	_
6.1	404	[37]	,	b	_
6.1	405	[16]	καὶ	_	_
6.1	406	[1]	μὴ	_	_
6.1	407	[1]	δι	_	_
6.1	408	[8]	’	b	_
6.1	409	[1]	ἀκολουθίαν	_	_
6.1	410	[2]	τινὰ	_	_
6.1	411	[1]	ἑτέροις	_	_
6.1	412	[5]	ἐξ	_	_
6.1	413	[1]	ἀνάγκης	_	_
6.1	414	[1]	ἕπεται	_	_
6.1	415	[13]	.	b	_
6.1	416	[3]	ἡ	_	_
6.1	417	[1]	τοιαύτη	_	_
6.1	418	[1]	κίνησις	_	_
6.1	419	[6]	κατὰ	_	_
6.1	420	[4]	φύσιν	_	_
6.1	421	[38]	,	b	_
6.1	422	[2]	εἴτ	_	_
6.1	423	[9]	’	b	_
6.1	424	[6]	ἐξ	_	_
6.1	425	[1]	αὑτοῦ	_	_
6.1	426	[1]	κινοῖτο	_	_
6.1	427	[7]	τὸ	_	_
6.1	428	[1]	κινούμενον	_	_
6.1	429	[39]	,	b	_
6.1	430	[1]	εἴθ	_	_
6.1	431	[10]	’	b	_
6.1	432	[1]	ὑφ	_	_
6.1	433	[11]	’	b	_
6.1	434	[2]	ἑτέρου	_	_
6.1	435	[14]	.	b	_
6.1	436	[3]	ἤδη	_	_
6.1	437	[7]	μὲν	_	_
6.1	438	[4]	οὖν	_	_
6.1	439	[2]	οἶμαι	_	_
6.1	440	[2]	σαφὲς	_	_
6.1	441	[1]	εἶναι	_	_
6.1	442	[8]	τὸ	_	_
6.1	443	[1]	λεγόμενον	_	_
6.1	444	[40]	,	b	_
6.1	445	[2]	ἀλλ	_	_
6.1	446	[12]	’	b	_
6.1	447	[1]	οὐδὲν	_	_
6.1	448	[1]	χεῖρον	_	_
6.1	449	[2]	ἐπὶ	_	_
6.1	450	[1]	παραδειγμάτων	_	_
6.1	451	[1]	αὐτὸ	_	_
6.1	452	[1]	σαφέστερον	_	_
6.1	453	[1]	ἀπεργάσασθαι	_	_
6.1	454	[15]	.	b	_
6.1	455	[4]	ἡ	_	_
6.1	456	[5]	τῆς	_	_
6.1	457	[2]	καρδίας	_	_
6.1	458	[2]	κίνησις	_	_
6.1	459	[41]	,	b	_
6.1	460	[5]	ἡ	_	_
6.1	461	[8]	μὲν	_	_
6.1	462	[7]	κατὰ	_	_
6.1	463	[2]	τοὺς	_	_
6.1	464	[1]	σφυγμοὺς	_	_
6.1	465	[1]	ἐνέργειά	_	_
6.1	466	[4]	ἐστιν	_	_
6.1	467	[42]	,	b	_
6.1	468	[6]	ἡ	_	_
6.1	469	[9]	δὲ	_	_
6.1	470	[8]	κατὰ	_	_
6.1	471	[3]	τοὺς	_	_
6.1	472	[1]	παλμοὺς	_	_
6.1	473	[4]	πάθος	_	_
6.1	474	[16]	.	b	_
6.1	475	[7]	ἐξ	_	_
6.1	476	[1]	αὐτῆς	_	_
6.1	477	[9]	μὲν	_	_
6.1	478	[2]	γάρ	_	_
6.1	479	[2]	ἐστι	_	_
6.1	480	[17]	καὶ	_	_
6.1	481	[7]	ἡ	_	_
6.1	482	[9]	κατὰ	_	_
6.1	483	[4]	τοὺς	_	_
6.1	484	[2]	παλμοὺς	_	_
6.1	485	[43]	,	b	_
6.1	486	[3]	ἀλλ	_	_
6.1	487	[13]	’	b	_
6.1	488	[2]	οὐ	_	_
6.1	489	[10]	κατὰ	_	_
6.1	490	[5]	φύσιν	_	_
6.1	491	[2]	·	b	_
6.1	492	[8]	ἐξ	_	_
6.1	493	[2]	αὐτῆς	_	_
6.1	494	[10]	δὲ	_	_
6.1	495	[18]	καὶ	_	_
6.1	496	[8]	ἡ	_	_
6.1	497	[11]	τῶν	_	_
6.1	498	[1]	σφυγμῶν	_	_
6.1	499	[44]	,	b	_
6.1	500	[2]	ἀλλὰ	_	_
6.1	501	[11]	κατὰ	_	_
6.1	502	[6]	φύσιν	_	_
6.1	503	[17]	.	b	_
6.1	504	[1]	δεῖ	_	_
6.1	505	[11]	δὲ	_	_
6.1	506	[9]	τοῦ	_	_
6.1	507	[1]	σφυγμὸς	_	_
6.1	508	[1]	ὀνόματος	_	_
6.1	509	[2]	ἀκούειν	_	_
6.1	510	[3]	οὕτως	_	_
6.1	511	[2]	νῦν	_	_
6.1	512	[45]	,	b	_
6.1	513	[3]	ὡς	_	_
6.1	514	[1]	Πραξαγόρας	_	_
6.1	515	[19]	καὶ	_	_
6.1	516	[1]	Ἡρόφιλος	_	_
6.1	517	[1]	ἅπαντές	_	_
6.1	518	[6]	τε	_	_
6.1	519	[1]	σχεδὸν	_	_
6.1	520	[1]	οἱ	_	_
6.1	521	[1]	μετ	_	_
6.1	522	[14]	’	b	_
6.1	523	[1]	αὐτοὺς	_	_
6.1	524	[1]	ἐχρήσαντο	_	_
6.1	525	[1]	μέχρι	_	_
6.1	526	[20]	καὶ	_	_
6.1	527	[3]	ἡμῶν	_	_
6.1	528	[46]	,	b	_
6.1	529	[4]	ὡς	_	_
6.1	530	[1]	ἥ	_	_
6.1	531	[1]	γε	_	_
6.1	532	[1]	παλαιοτέρα	_	_
6.1	533	[1]	χρῆσις	_	_
6.1	534	[47]	,	b	_
6.1	535	[1]	ἣ	_	_
6.1	536	[2]	κᾀν	_	_
6.1	537	[1]	τοῖς	_	_
6.1	538	[1]	Ἐρασιστράτου	_	_
6.1	539	[7]	τε	_	_
6.1	540	[21]	καὶ	_	_
6.1	541	[1]	Ἱπποκράτους	_	_
6.1	542	[1]	εὑρίσκεται	_	_
6.1	543	[1]	γράμμασιν	_	_
6.1	544	[48]	,	b	_
6.1	545	[1]	ἑτέρα	_	_
6.1	546	[1]	τίς	_	_
6.1	547	[3]	ἐστι	_	_
6.1	548	[49]	,	b	_
6.1	549	[22]	καὶ	_	_
6.1	550	[1]	λεχθήσεται	_	_
6.1	551	[4]	περὶ	_	_
6.1	552	[3]	αὐτῆς	_	_
6.1	553	[4]	ἐν	_	_
6.1	554	[2]	τοῖς	_	_
6.1	555	[1]	μετὰ	_	_
6.1	556	[1]	ταῦτα	_	_
6.1	557	[18]	.	b	_
6.1	558	[9]	τὴν	_	_
6.1	559	[2]	μέντοι	_	_
6.1	560	[6]	τῆς	_	_
6.1	561	[3]	καρδίας	_	_
6.1	562	[1]	ἰδίαν	_	_
6.1	563	[2]	κίνησιν	_	_
6.1	564	[1]	ὀνομαζόντων	_	_
6.1	565	[4]	ἡμῶν	_	_
6.1	566	[1]	σφυγμὸν	_	_
6.1	567	[50]	,	b	_
6.1	568	[3]	ὁ	_	_
6.1	569	[1]	παλμὸς	_	_
6.1	570	[10]	μὲν	_	_
6.1	571	[5]	πάθος	_	_
6.1	572	[2]	εἶναι	_	_
6.1	573	[2]	λεχθήσεται	_	_
6.1	574	[1]	κατά	_	_
6.1	575	[2]	γε	_	_
6.1	576	[9]	τὸ	_	_
6.1	577	[1]	δεύτερον	_	_
6.1	578	[7]	τῆς	_	_
6.1	579	[6]	πάθος	_	_
6.1	580	[1]	φωνῆς	_	_
6.1	581	[2]	σημαινόμενον	_	_
6.1	582	[51]	,	b	_
6.1	583	[4]	ὁ	_	_
6.1	584	[2]	σφυγμὸς	_	_
6.1	585	[2]	δ	_	_
6.1	586	[15]	’	b	_
6.1	587	[3]	οὐ	_	_
6.1	588	[1]	πᾶς	_	_
6.1	589	[4]	ἐνέργεια	_	_
6.1	590	[19]	.	b	_
6.1	591	[2]	τὸν	_	_
6.1	592	[3]	γὰρ	_	_
6.1	593	[1]	μείζονα	_	_
6.1	594	[10]	τοῦ	_	_
6.1	595	[12]	κατὰ	_	_
6.1	596	[7]	φύσιν	_	_
6.1	597	[52]	,	b	_
6.1	598	[2]	ἢ	_	_
6.1	599	[1]	μικρότερον	_	_
6.1	600	[53]	,	b	_
6.1	601	[3]	ἢ	_	_
6.1	602	[1]	ὠκύτερον	_	_
6.1	603	[54]	,	b	_
6.1	604	[4]	ἢ	_	_
6.1	605	[1]	βραδύτερον	_	_
6.1	606	[55]	,	b	_
6.1	607	[5]	ἢ	_	_
6.1	608	[1]	πυκνότερον	_	_
6.1	609	[56]	,	b	_
6.1	610	[6]	ἢ	_	_
6.1	611	[1]	ἀραιότερον	_	_
6.1	612	[57]	,	b	_
6.1	613	[1]	ἤ	_	_
6.1	614	[1]	πως	_	_
6.1	615	[1]	ἄλλως	_	_
6.1	616	[1]	ἐξιστάμενον	_	_
6.1	617	[1]	οὐκ	_	_
6.1	618	[1]	ἄν	_	_
6.1	619	[1]	τις	_	_
6.1	620	[3]	ἐνέργειαν	_	_
6.1	621	[1]	εἴποι	_	_
6.1	622	[13]	κατὰ	_	_
6.1	623	[10]	τὸ	_	_
6.1	624	[2]	δεύτερον	_	_
6.1	625	[8]	τῆς	_	_
6.1	626	[1]	ἐνεργείας	_	_
6.1	627	[3]	σημαινόμενον	_	_
6.1	628	[20]	.	b	_
6.1	629	[9]	ἐξ	_	_
6.1	630	[1]	ἑαυτῆς	_	_
6.1	631	[11]	μὲν	_	_
6.1	632	[4]	γὰρ	_	_
6.1	633	[5]	ἐν	_	_
6.1	634	[3]	τοῖς	_	_
6.1	635	[1]	τοιούτοις	_	_
6.1	636	[1]	σφυγμοῖς	_	_
6.1	637	[9]	ἡ	_	_
6.1	638	[2]	καρδία	_	_
6.1	639	[1]	κινεῖται	_	_
6.1	640	[58]	,	b	_
6.1	641	[14]	κατὰ	_	_
6.1	642	[8]	φύσιν	_	_
6.1	643	[3]	δ	_	_
6.1	644	[16]	’	b	_
6.1	645	[4]	οὐ	_	_
6.1	646	[2]	κινεῖται	_	_
6.1	647	[3]	·	b	_
6.1	648	[1]	ὥστ	_	_
6.1	649	[17]	’	b	_
6.1	650	[59]	,	b	_
6.1	651	[1]	εἰ	_	_
6.1	652	[4]	οὕτως	_	_
6.1	653	[1]	ἔτυχεν	_	_
6.1	654	[60]	,	b	_
6.1	655	[2]	οὐδὲν	_	_
6.1	656	[3]	εἶναι	_	_
6.1	657	[1]	θαυμαστὸν	_	_
6.1	658	[4]	ἓν	_	_
6.1	659	[2]	πρᾶγμα	_	_
6.1	660	[23]	καὶ	_	_
6.1	661	[7]	πάθος	_	_
6.1	662	[1]	ὀνομάζεσθαι	_	_
6.1	663	[24]	καὶ	_	_
6.1	664	[4]	ἐνέργειαν	_	_
6.1	665	[61]	,	b	_
6.1	666	[3]	ὥσπερ	_	_
6.1	667	[3]	τὸν	_	_
6.1	668	[2]	μικρότερον	_	_
6.1	669	[11]	τοῦ	_	_
6.1	670	[15]	κατὰ	_	_
6.1	671	[9]	φύσιν	_	_
6.1	672	[2]	σφυγμὸν	_	_
6.1	673	[62]	,	b	_
6.1	674	[5]	οὐ	_	_
6.1	675	[1]	μὴν	_	_
6.1	676	[2]	κατά	_	_
6.1	677	[3]	γε	_	_
6.1	678	[2]	ταὐτὸν	_	_
6.1	679	[4]	σημαινόμενον	_	_
6.1	680	[63]	,	b	_
6.1	681	[3]	ἀλλὰ	_	_
6.1	682	[16]	κατὰ	_	_
6.1	683	[12]	μὲν	_	_
6.1	684	[11]	τὸ	_	_
6.1	685	[1]	πρότερον	_	_
6.1	686	[1]	ῥηθὲν	_	_
6.1	687	[5]	ἐνέργειαν	_	_
6.1	688	[64]	,	b	_
6.1	689	[2]	(	a	_
6.1	690	[1]	ἔστι	_	_
6.1	691	[13]	μὲν	_	_
6.1	692	[5]	γὰρ	_	_
6.1	693	[25]	καὶ	_	_
6.1	694	[10]	ἡ	_	_
6.1	695	[17]	κατὰ	_	_
6.1	696	[1]	τοῦτον	_	_
6.1	697	[4]	τὸν	_	_
6.1	698	[3]	σφυγμὸν	_	_
6.1	699	[3]	κίνησις	_	_
6.1	700	[2]	δραστικὴ	_	_
6.1	701	[2]	)	b	_
6.1	702	[18]	κατὰ	_	_
6.1	703	[12]	δὲ	_	_
6.1	704	[12]	τὸ	_	_
6.1	705	[3]	δεύτερον	_	_
6.1	706	[2]	οὐκ	_	_
6.1	707	[6]	ἐνέργειαν	_	_
6.1	708	[65]	,	b	_
6.1	709	[4]	ἀλλὰ	_	_
6.1	710	[8]	πάθος	_	_
6.1	711	[66]	,	b	_
6.1	712	[1]	ὅτι	_	_
6.1	713	[2]	μὴ	_	_
6.1	714	[19]	κατὰ	_	_
6.1	715	[10]	φύσιν	_	_
6.1	716	[1]	ἐστὶν	_	_
6.1	717	[11]	ἡ	_	_
6.1	718	[4]	κίνησις	_	_
6.1	719	[21]	.	b	_
6.1	720	[5]	οὕτως	_	_
6.1	721	[5]	οὖν	_	_
6.1	722	[1]	ἔχει	_	_
6.1	723	[1]	κᾀπὶ	_	_
6.1	724	[12]	τοῦ	_	_
6.1	725	[2]	θυμοῦ	_	_
6.1	726	[26]	καὶ	_	_
6.1	727	[12]	τῶν	_	_
6.1	728	[1]	ἄλλων	_	_
6.1	729	[1]	παθῶν	_	_
6.1	730	[22]	.	b	_
6.1	731	[1]	ἅπαντα	_	_
6.1	732	[6]	γὰρ	_	_
6.1	733	[1]	ἐνέργειαί	_	_
6.1	734	[1]	τινές	_	_
6.1	735	[1]	εἰσι	_	_
6.1	736	[13]	τοῦ	_	_
6.1	737	[1]	παθητικοῦ	_	_
6.1	738	[9]	τῆς	_	_
6.1	739	[2]	ψυχῆς	_	_
6.1	740	[3]	κατά	_	_
6.1	741	[4]	γε	_	_
6.1	742	[13]	τὸ	_	_
6.1	743	[3]	πρῶτον	_	_
6.1	744	[10]	τῆς	_	_
6.1	745	[2]	ἐνεργείας	_	_
6.1	746	[5]	σημαινόμενον	_	_
6.1	747	[67]	,	b	_
6.1	748	[1]	καθ	_	_
6.1	749	[18]	’	b	_
6.1	750	[1]	ὅσον	_	_
6.1	751	[4]	δ	_	_
6.1	752	[19]	’	b	_
6.1	753	[1]	ἔκφοροί	_	_
6.1	754	[8]	τε	_	_
6.1	755	[27]	καὶ	_	_
6.1	756	[1]	ἄμετροι	_	_
6.1	757	[1]	κινήσεις	_	_
6.1	758	[1]	εἰσὶ	_	_
6.1	759	[68]	,	b	_
6.1	760	[28]	καὶ	_	_
6.1	761	[6]	οὐ	_	_
6.1	762	[20]	κατὰ	_	_
6.1	763	[11]	φύσιν	_	_
6.1	764	[69]	,	b	_
6.1	765	[3]	οὐκ	_	_
6.1	766	[1]	ἐνέργειαι	_	_
6.1	767	[1]	λέγοιντ	_	_
6.1	768	[20]	’	b	_
6.1	769	[1]	ἂν	_	_
6.1	770	[3]	ὑπάρχειν	_	_
6.1	771	[70]	,	b	_
6.1	772	[5]	ἀλλὰ	_	_
6.1	773	[2]	πάθη	_	_
6.1	774	[21]	κατὰ	_	_
6.1	775	[14]	τὸ	_	_
6.1	776	[4]	δεύτερον	_	_
6.1	777	[6]	σημαινόμενον	_	_
6.1	778	[23]	.	b	_
6.1	779	[1]	οἷον	_	_
6.1	780	[3]	γάρ	_	_
6.1	781	[1]	τι	_	_
6.1	782	[22]	κατὰ	_	_
6.1	783	[10]	τὴν	_	_
6.1	784	[13]	τῶν	_	_
6.1	785	[1]	ἀρτηριῶν	_	_
6.1	786	[3]	κίνησιν	_	_
6.1	787	[5]	ὁ	_	_
6.1	788	[1]	μέγας	_	_
6.1	789	[1]	σφυγμός	_	_
6.1	790	[4]	ἐστι	_	_
6.1	791	[71]	,	b	_
6.1	792	[1]	τοιοῦτος	_	_
6.1	793	[23]	κατὰ	_	_
6.1	794	[11]	τὴν	_	_
6.1	795	[14]	τοῦ	_	_
6.1	796	[2]	θυμοειδοῦς	_	_
6.1	797	[6]	ὁ	_	_
6.1	798	[2]	θυμὸς	_	_
6.1	799	[72]	,	b	_
6.1	800	[2]	οἷον	_	_
6.1	801	[5]	δ	_	_
6.1	802	[21]	’	b	_
6.1	803	[1]	αὖ	_	_
6.1	804	[2]	πάλιν	_	_
6.1	805	[7]	ὁ	_	_
6.1	806	[1]	μικρὸς	_	_
6.1	807	[3]	σφυγμὸς	_	_
6.1	808	[73]	,	b	_
6.1	809	[1]	τοιοῦτον	_	_
6.1	810	[12]	ἡ	_	_
6.1	811	[1]	ἀθυμία	_	_
6.1	812	[24]	.	b	_
6.1	813	[1]	αὕτη	_	_
6.1	814	[14]	μὲν	_	_
6.1	815	[7]	γὰρ	_	_
6.1	816	[1]	ἐλλιπής	_	_
6.1	817	[5]	ἐστι	_	_
6.1	818	[5]	κίνησις	_	_
6.1	819	[15]	τοῦ	_	_
6.1	820	[3]	θυμοειδοῦς	_	_
6.1	821	[74]	,	b	_
6.1	822	[1]	ὑπερβάλλουσα	_	_
6.1	823	[13]	δὲ	_	_
6.1	824	[29]	καὶ	_	_
6.1	825	[1]	πλεονάζουσα	_	_
6.1	826	[16]	τοῦ	_	_
6.1	827	[1]	προσήκοντος	_	_
6.1	828	[13]	ἡ	_	_
6.1	829	[24]	κατὰ	_	_
6.1	830	[5]	τοὺς	_	_
6.1	831	[1]	θυμούς	_	_
6.1	832	[25]	.	b	_
6.1	833	[1]	ταύτῃ	_	_
6.1	834	[1]	γοῦν	_	_
6.1	835	[2]	ἐνέργειαί	_	_
6.1	836	[9]	τε	_	_
6.1	837	[2]	ἅμα	_	_
6.1	838	[30]	καὶ	_	_
6.1	839	[3]	πάθη	_	_
6.1	840	[1]	λεχθήσονται	_	_
6.1	841	[2]	καθ	_	_
6.1	842	[22]	’	b	_
6.1	843	[1]	ἕτερόν	_	_
6.1	844	[10]	τε	_	_
6.1	845	[31]	καὶ	_	_
6.1	846	[2]	ἕτερον	_	_
6.1	847	[7]	σημαινόμενον	_	_
6.1	848	[2]	ἥ	_	_
6.1	849	[11]	τε	_	_
6.1	850	[1]	ὀργὴ	_	_
6.1	851	[32]	καὶ	_	_
6.1	852	[14]	ἡ	_	_
6.1	853	[1]	λύπη	_	_
6.1	854	[75]	,	b	_
6.1	855	[33]	καὶ	_	_
6.1	856	[8]	ὁ	_	_
6.1	857	[1]	φόβος	_	_
6.1	858	[76]	,	b	_
6.1	859	[34]	καὶ	_	_
6.1	860	[15]	ἡ	_	_
6.1	861	[1]	ἐπιθυμία	_	_
6.1	862	[77]	,	b	_
6.1	863	[35]	καὶ	_	_
6.1	864	[9]	ὁ	_	_
6.1	865	[3]	θυμὸς	_	_
6.1	866	[78]	,	b	_
6.1	867	[2]	ὅσα	_	_
6.1	868	[12]	τε	_	_
6.1	869	[2]	ἄλλα	_	_
6.1	870	[2]	τοιαῦτα	_	_
6.1	871	[79]	,	b	_
6.1	872	[36]	καὶ	_	_
6.1	873	[2]	προσέτι	_	_
6.1	874	[3]	καθ	_	_
6.1	875	[23]	’	b	_
6.1	876	[2]	ὅσον	_	_
6.1	877	[1]	ὅλον	_	_
6.1	878	[15]	τὸ	_	_
6.1	879	[1]	σῶμα	_	_
6.1	880	[2]	μετὰ	_	_
6.1	881	[11]	τῆς	_	_
6.1	882	[3]	ψυχῆς	_	_
6.1	883	[1]	ἀπάγεται	_	_
6.1	884	[5]	πρὸς	_	_
6.1	885	[3]	αὐτῶν	_	_
6.1	886	[80]	,	b	_
6.1	887	[16]	ἡ	_	_
6.1	888	[6]	κίνησις	_	_
6.1	889	[17]	τοῦ	_	_
6.1	890	[1]	ζώου	_	_
6.1	891	[9]	πάθος	_	_
6.1	892	[1]	ἔσται	_	_
6.1	893	[1]	κατ	_	_
6.1	894	[24]	’	b	_
6.1	895	[1]	ἄμφω	_	_
6.1	896	[1]	τὰ	_	_
6.1	897	[1]	σημαινόμενα	_	_
6.1	898	[26]	.	b	_
6.1	899	[3]	πολλάκις	_	_
6.1	900	[15]	μὲν	_	_
6.1	901	[8]	γὰρ	_	_
6.1	902	[2]	ἕπεται	_	_
6.1	903	[5]	τῷ	_	_
6.1	904	[1]	θυμοειδεῖ	_	_
6.1	905	[2]	τὰ	_	_
6.1	906	[1]	λοιπὰ	_	_
6.1	907	[2]	δύο	_	_
6.1	908	[81]	,	b	_
6.1	909	[4]	πολλάκις	_	_
6.1	910	[14]	δὲ	_	_
6.1	911	[6]	τῷ	_	_
6.1	912	[1]	ἐπιθυμητικῷ	_	_
6.1	913	[82]	,	b	_
6.1	914	[2]	καθάπερ	_	_
6.1	915	[1]	ἑλκόμενά	_	_
6.1	916	[13]	τε	_	_
6.1	917	[37]	καὶ	_	_
6.1	918	[1]	συρόμενα	_	_
6.1	919	[1]	παραπλήσιον	_	_
6.1	920	[1]	τρόπον	_	_
6.1	921	[83]	,	b	_
6.1	922	[1]	ὡσεὶ	_	_
6.1	923	[38]	καὶ	_	_
6.1	924	[1]	ξυνωρίδες	_	_
6.1	925	[1]	ἵππων	_	_
6.1	926	[84]	,	b	_
6.1	927	[10]	ὁ	_	_
6.1	928	[16]	μὲν	_	_
6.1	929	[1]	ἕτερος	_	_
6.1	930	[1]	ἰσχυρότερον	_	_
6.1	931	[1]	ᾄξας	_	_
6.1	932	[1]	ἐπισύρει	_	_
6.1	933	[5]	τὸν	_	_
6.1	934	[3]	ἕτερον	_	_
6.1	935	[1]	ἅμ	_	_
6.1	936	[25]	’	b	_
6.1	937	[1]	ἑαυτῷ	_	_
6.1	938	[3]	μετὰ	_	_
6.1	939	[18]	τοῦ	_	_
6.1	940	[1]	σύμπαντος	_	_
6.1	941	[1]	ἅρματός	_	_
6.1	942	[14]	τε	_	_
6.1	943	[39]	καὶ	_	_
6.1	944	[1]	ἡνιόχου	_	_
6.1	945	[85]	,	b	_
6.1	946	[11]	ὁ	_	_
6.1	947	[6]	δ	_	_
6.1	948	[26]	’	b	_
6.1	949	[2]	ἕτερος	_	_
6.1	950	[1]	ὑπ	_	_
6.1	951	[27]	’	b	_
6.1	952	[1]	ἀσθενείας	_	_
6.1	953	[3]	ἕπεται	_	_
6.1	954	[1]	κατεπτηχὼς	_	_
6.1	955	[86]	,	b	_
6.1	956	[1]	αὐτὸς	_	_
6.1	957	[7]	δ	_	_
6.1	958	[28]	’	b	_
6.1	959	[12]	ὁ	_	_
6.1	960	[1]	ἡνίοχος	_	_
6.1	961	[1]	ἀποφέρεται	_	_
6.1	962	[1]	βίᾳ	_	_
6.1	963	[27]	.	b	_
6.1	964	[1]	τηνικαῦτα	_	_
6.1	965	[9]	γὰρ	_	_
6.1	966	[17]	ἡ	_	_
6.1	967	[17]	μὲν	_	_
6.1	968	[25]	κατὰ	_	_
6.1	969	[6]	τὸν	_	_
6.1	970	[1]	ἔκφορον	_	_
6.1	971	[1]	ἵππον	_	_
6.1	972	[7]	κίνησις	_	_
6.1	973	[2]	ἐνέργειά	_	_
6.1	974	[15]	τε	_	_
6.1	975	[40]	καὶ	_	_
6.1	976	[10]	πάθος	_	_
6.1	977	[1]	αὐτοῦ	_	_
6.1	978	[3]	λεχθήσεται	_	_
6.1	979	[87]	,	b	_
6.1	980	[26]	κατὰ	_	_
6.1	981	[18]	μὲν	_	_
6.1	982	[16]	τὸ	_	_
6.1	983	[2]	πρότερον	_	_
6.1	984	[8]	σημαινόμενον	_	_
6.1	985	[5]	ἐνέργεια	_	_
6.1	986	[88]	,	b	_
6.1	987	[3]	(	a	_
6.1	988	[8]	κίνησις	_	_
6.1	989	[4]	γάρ	_	_
6.1	990	[5]	ἐστιν	_	_
6.1	991	[10]	ἐξ	_	_
6.1	992	[2]	ἑαυτοῦ	_	_
6.1	993	[89]	,	b	_
6.1	994	[3]	)	b	_
6.1	995	[27]	κατὰ	_	_
6.1	996	[15]	δὲ	_	_
6.1	997	[17]	τὸ	_	_
6.1	998	[5]	δεύτερον	_	_
6.1	999	[4]	οὐκ	_	_
6.1	1000	[6]	ἐνέργεια	_	_
6.1	1001	[90]	,	b	_
6.1	1002	[2]	παρὰ	_	_
6.1	1003	[12]	φύσιν	_	_
6.1	1004	[1]	γ	_	_
6.1	1005	[29]	’	b	_
6.1	1006	[1]	οὖσα	_	_
6.1	1007	[9]	κίνησις	_	_
6.1	1008	[1]	αὐτῷ	_	_
6.1	1009	[91]	,	b	_
6.1	1010	[4]	ἀλλ	_	_
6.1	1011	[30]	’	b	_
6.1	1012	[4]	ἤδη	_	_
6.1	1013	[11]	πάθος	_	_
6.1	1014	[28]	.	b	_
6.1	1015	[18]	ἡ	_	_
6.1	1016	[3]	μέντοι	_	_
6.1	1017	[19]	τοῦ	_	_
6.1	1018	[2]	ἡνιόχου	_	_
6.1	1019	[10]	κίνησις	_	_
6.1	1020	[1]	οὐδὲ	_	_
6.1	1021	[4]	καθ	_	_
6.1	1022	[31]	’	b	_
6.1	1023	[4]	ἕτερον	_	_
6.1	1024	[14]	τῶν	_	_
6.1	1025	[1]	σημαινομένων	_	_
6.1	1026	[3]	ἐνέργειά	_	_
6.1	1027	[6]	ἐστιν	_	_
6.1	1028	[92]	,	b	_
6.1	1029	[6]	ἀλλὰ	_	_
6.1	1030	[28]	κατὰ	_	_
6.1	1031	[2]	ἄμφω	_	_
6.1	1032	[12]	πάθος	_	_
6.1	1033	[93]	,	b	_
6.1	1034	[1]	εἴ	_	_
6.1	1035	[5]	γε	_	_
6.1	1036	[1]	μήτ	_	_
6.1	1037	[32]	’	b	_
6.1	1038	[11]	ἐξ	_	_
6.1	1039	[3]	ἑαυτοῦ	_	_
6.1	1040	[94]	,	b	_
6.1	1041	[1]	μήτε	_	_
6.1	1042	[29]	κατὰ	_	_
6.1	1043	[13]	φύσιν	_	_
6.1	1044	[19]	ἡ	_	_
6.1	1045	[11]	κίνησις	_	_
6.1	1046	[2]	αὐτῷ	_	_
6.1	1047	[29]	.	b	_
6.1	1048	[1]	πολλαὶ	_	_
6.1	1049	[10]	γὰρ	_	_
6.1	1050	[15]	τῶν	_	_
6.1	1051	[1]	κινήσεων	_	_
6.1	1052	[95]	,	b	_
6.1	1053	[2]	εἰ	_	_
6.1	1054	[41]	καὶ	_	_
6.1	1055	[3]	μὴ	_	_
6.1	1056	[1]	δραστικαί	_	_
6.1	1057	[2]	τινές	_	_
6.1	1058	[2]	εἰσι	_	_
6.1	1059	[96]	,	b	_
6.1	1060	[2]	μήτ	_	_
6.1	1061	[33]	’	b	_
6.1	1062	[12]	ἐξ	_	_
6.1	1063	[1]	ἑαυτῶν	_	_
6.1	1064	[97]	,	b	_
6.1	1065	[7]	ἀλλὰ	_	_
6.1	1066	[7]	τῷ	_	_
6.1	1067	[6]	γε	_	_
6.1	1068	[30]	κατὰ	_	_
6.1	1069	[14]	φύσιν	_	_
6.1	1070	[4]	ὑπάρχειν	_	_
6.1	1071	[2]	ἐνέργειαι	_	_
6.1	1072	[1]	λέγονται	_	_
6.1	1073	[98]	,	b	_
6.1	1074	[3]	καθάπερ	_	_
6.1	1075	[42]	καὶ	_	_
6.1	1076	[20]	ἡ	_	_
6.1	1077	[20]	τοῦ	_	_
6.1	1078	[1]	σκέλους	_	_
6.1	1079	[99]	,	b	_
6.1	1080	[7]	ἢ	_	_
6.1	1081	[1]	ὅλης	_	_
6.1	1082	[12]	τῆς	_	_
6.1	1083	[1]	χειρός	_	_
6.1	1084	[30]	.	b	_
6.1	1085	[13]	ἐξ	_	_
6.1	1086	[1]	ἑτέρων	_	_
6.1	1087	[11]	γὰρ	_	_
6.1	1088	[2]	ἔχει	_	_
6.1	1089	[2]	ταῦτα	_	_
6.1	1090	[12]	τὴν	_	_
6.1	1091	[2]	ἀρχὴν	_	_
6.1	1092	[13]	τῆς	_	_
6.1	1093	[1]	κινήσεως	_	_
6.1	1094	[100]	,	b	_
6.1	1095	[5]	οὐκ	_	_
6.1	1096	[14]	ἐξ	_	_
6.1	1097	[2]	ἑαυτῶν	_	_
6.1	1098	[101]	,	b	_
6.1	1099	[4]	ὥσπερ	_	_
6.1	1100	[21]	ἡ	_	_
6.1	1101	[3]	καρδία	_	_
6.1	1102	[102]	,	b	_
6.1	1103	[5]	ἀλλ	_	_
6.1	1104	[34]	’	b	_
6.1	1105	[1]	ὅμως	_	_
6.1	1106	[43]	καὶ	_	_
6.1	1107	[22]	ἡ	_	_
6.1	1108	[1]	βάδισις	_	_
6.1	1109	[7]	ἐνέργεια	_	_
6.1	1110	[1]	σκελῶν	_	_
6.1	1111	[6]	ἐστι	_	_
6.1	1112	[103]	,	b	_
6.1	1113	[44]	καὶ	_	_
6.1	1114	[2]	λέγεται	_	_
6.1	1115	[31]	κατὰ	_	_
6.1	1116	[18]	τὸ	_	_
6.1	1117	[6]	δεύτερον	_	_
6.1	1118	[9]	σημαινόμενον	_	_
6.1	1119	[104]	,	b	_
6.1	1120	[3]	εἰ	_	_
6.1	1121	[1]	καί	_	_
6.1	1122	[1]	τινες	_	_
6.1	1123	[2]	ὑπ	_	_
6.1	1124	[35]	’	b	_
6.1	1125	[1]	ἀγυμνασίας	_	_
6.1	1126	[14]	τῆς	_	_
6.1	1127	[5]	περὶ	_	_
6.1	1128	[3]	τὰ	_	_
6.1	1129	[2]	σημαινόμενα	_	_
6.1	1130	[13]	τὴν	_	_
6.1	1131	[1]	βάδισιν	_	_
6.1	1132	[7]	οὐ	_	_
6.1	1133	[2]	σκελῶν	_	_
6.1	1134	[7]	ἐνέργειαν	_	_
6.1	1135	[105]	,	b	_
6.1	1136	[8]	ἀλλὰ	_	_
6.1	1137	[1]	διὰ	_	_
6.1	1138	[3]	σκελῶν	_	_
6.1	1139	[1]	εἶναί	_	_
6.1	1140	[1]	φασιν	_	_
6.1	1141	[106]	,	b	_
6.1	1142	[1]	ἀληθὲς	_	_
6.1	1143	[2]	μέν	_	_
6.1	1144	[2]	τι	_	_
6.1	1145	[1]	λέγοντες	_	_
6.1	1146	[107]	,	b	_
6.1	1147	[4]	(	a	_
6.1	1148	[3]	ἐπὶ	_	_
6.1	1149	[12]	γὰρ	_	_
6.1	1150	[19]	τὸ	_	_
6.1	1151	[1]	πρότερόν	_	_
6.1	1152	[16]	τε	_	_
6.1	1153	[45]	καὶ	_	_
6.1	1154	[1]	κυριώτερον	_	_
6.1	1155	[1]	ἔρχονται	_	_
6.1	1156	[10]	σημαινόμενον	_	_
6.1	1157	[108]	,	b	_
6.1	1158	[4]	)	b	_
6.1	1159	[2]	ὅτι	_	_
6.1	1160	[4]	μέντοι	_	_
6.1	1161	[2]	μόνον	_	_
6.1	1162	[6]	οὕτως	_	_
6.1	1163	[1]	λέγειν	_	_
6.1	1164	[1]	ἀξιοῦσιν	_	_
6.1	1165	[109]	,	b	_
6.1	1166	[46]	καὶ	_	_
6.1	1167	[4]	μὴ	_	_
6.1	1168	[1]	συγχωροῦσι	_	_
6.1	1169	[47]	καὶ	_	_
6.1	1170	[32]	κατὰ	_	_
6.1	1171	[1]	θάτερον	_	_
6.1	1172	[1]	ἑρμηνεύειν	_	_
6.1	1173	[110]	,	b	_
6.1	1174	[6]	οὐκ	_	_
6.1	1175	[1]	ὀρθῶς	_	_
6.1	1176	[1]	ποιοῦσιν	_	_
6.1	1177	[31]	.	b	_
6.1	1178	[7]	οὕτως	_	_
6.1	1179	[6]	οὖν	_	_
6.1	1180	[48]	καὶ	_	_
6.1	1181	[13]	ὁ	_	_
6.1	1182	[4]	θυμὸς	_	_
6.1	1183	[49]	καὶ	_	_
6.1	1184	[23]	ἡ	_	_
6.1	1185	[2]	ἐπιθυμία	_	_
6.1	1186	[50]	καὶ	_	_
6.1	1187	[13]	πάθος	_	_
6.1	1188	[51]	καὶ	_	_
6.1	1189	[8]	ἐνέργεια	_	_
6.1	1190	[2]	λεχθήσονται	_	_
6.1	1191	[32]	.	b	_
6.1	1192	[16]	τῶν	_	_
6.1	1193	[13]	γὰρ	_	_
6.1	1194	[15]	τῆς	_	_
6.1	1195	[4]	ψυχῆς	_	_
6.1	1196	[1]	συμφύτων	_	_
6.1	1197	[3]	δυνάμεων	_	_
6.1	1198	[2]	κινήσεις	_	_
6.1	1199	[1]	τινὲς	_	_
6.1	1200	[1]	ἄμετροί	_	_
6.1	1201	[17]	τε	_	_
6.1	1202	[52]	καὶ	_	_
6.1	1203	[8]	οὐ	_	_
6.1	1204	[33]	κατὰ	_	_
6.1	1205	[15]	φύσιν	_	_
6.1	1206	[1]	οὖσαι	_	_
6.1	1207	[111]	,	b	_
6.1	1208	[1]	διότι	_	_
6.1	1209	[19]	μὲν	_	_
6.1	1210	[15]	ἐξ	_	_
6.1	1211	[3]	ἑαυτῶν	_	_
6.1	1212	[1]	ἐκεῖναι	_	_
6.1	1213	[1]	κινοῦνται	_	_
6.1	1214	[112]	,	b	_
6.1	1215	[2]	διὰ	_	_
6.1	1216	[2]	τοῦτ	_	_
6.1	1217	[36]	’	b	_
6.1	1218	[3]	ἐνέργειαι	_	_
6.1	1219	[17]	τῶν	_	_
6.1	1220	[2]	δυνάμεών	_	_
6.1	1221	[2]	εἰσιν	_	_
6.1	1222	[113]	,	b	_
6.1	1223	[2]	διότι	_	_
6.1	1224	[8]	δ	_	_
6.1	1225	[37]	’	b	_
6.1	1226	[1]	ἀμέτρως	_	_
6.1	1227	[114]	,	b	_
6.1	1228	[3]	διὰ	_	_
6.1	1229	[4]	τοῦτο	_	_
6.1	1230	[4]	πάθη	_	_
6.1	1231	[33]	.	b	_
6.1	1232	[53]	καὶ	_	_
6.1	1233	[16]	τῆς	_	_
6.1	1234	[2]	ὅλης	_	_
6.1	1235	[20]	μὲν	_	_
6.1	1236	[5]	ψυχῆς	_	_
6.1	1237	[115]	,	b	_
6.1	1238	[54]	καὶ	_	_
6.1	1239	[4]	αὐτῶν	_	_
6.1	1240	[16]	δὲ	_	_
6.1	1241	[18]	τῶν	_	_
6.1	1242	[1]	κινουμένων	_	_
6.1	1243	[4]	δυνάμεων	_	_
6.1	1244	[1]	ἀμφοτέρων	_	_
6.1	1245	[1]	αἱ	_	_
6.1	1246	[3]	κινήσεις	_	_
6.1	1247	[5]	αὐτῶν	_	_
6.1	1248	[3]	παρὰ	_	_
6.1	1249	[16]	φύσιν	_	_
6.1	1250	[1]	εἰσίν	_	_
6.1	1251	[4]	·	b	_
6.1	1252	[1]	ταῖς	_	_
6.1	1253	[21]	μὲν	_	_
6.1	1254	[1]	ἀλόγοις	_	_
6.1	1255	[1]	δυνάμεσιν	_	_
6.1	1256	[4]	διὰ	_	_
6.1	1257	[14]	τὴν	_	_
6.1	1258	[1]	ἀμετρίαν	_	_
6.1	1259	[116]	,	b	_
6.1	1260	[1]	τῇ	_	_
6.1	1261	[9]	δ	_	_
6.1	1262	[38]	’	b	_
6.1	1263	[1]	ὅλῃ	_	_
6.1	1264	[1]	ψυχῇ	_	_
6.1	1265	[117]	,	b	_
6.1	1266	[3]	διότι	_	_
6.1	1267	[4]	παρὰ	_	_
6.1	1268	[17]	φύσιν	_	_
6.1	1269	[118]	,	b	_
6.1	1270	[2]	ἐπεὶ	_	_
6.1	1271	[1]	οὐχ	_	_
6.1	1272	[5]	ὑπὸ	_	_
6.1	1273	[19]	τῶν	_	_
6.1	1274	[21]	τοῦ	_	_
6.1	1275	[2]	παθητικοῦ	_	_
6.1	1276	[2]	κινήσεων	_	_
6.1	1277	[119]	,	b	_
6.1	1278	[6]	ἀλλ	_	_
6.1	1279	[39]	’	b	_
6.1	1280	[6]	ὑπὸ	_	_
6.1	1281	[20]	τῶν	_	_
6.1	1282	[22]	τοῦ	_	_
6.1	1283	[1]	λογιστικοῦ	_	_
6.1	1284	[1]	κρίσεων	_	_
6.1	1285	[1]	ἐπιτροπεύεσθαί	_	_
6.1	1286	[18]	τε	_	_
6.1	1287	[55]	καὶ	_	_
6.1	1288	[1]	διοικεῖσθαί	_	_
6.1	1289	[2]	φαμεν	_	_
6.1	1290	[7]	τὸν	_	_
6.1	1291	[1]	βίον	_	_
6.1	1292	[5]	ἡμῶν	_	_
6.1	1293	[34]	.	b	_
6.1	1294	[2]	ὅταν	_	_
6.1	1295	[7]	οὖν	_	_
6.1	1296	[1]	ἔμπαλιν	_	_
6.1	1297	[1]	διοικώμεθα	_	_
6.1	1298	[120]	,	b	_
6.1	1299	[5]	παρὰ	_	_
6.1	1300	[18]	φύσιν	_	_
6.1	1301	[19]	τε	_	_
6.1	1302	[1]	δηλονότι	_	_
6.1	1303	[56]	καὶ	_	_
6.1	1304	[5]	διὰ	_	_
6.1	1305	[5]	τοῦτο	_	_
6.1	1306	[57]	καὶ	_	_
6.1	1307	[34]	κατὰ	_	_
6.1	1308	[14]	πάθος	_	_
6.1	1309	[14]	ὁ	_	_
6.1	1310	[2]	τοιοῦτος	_	_
6.1	1311	[1]	βίος	_	_
6.1	1312	[1]	ἐπιτελεῖται	_	_
6.1	1313	[35]	.	b	_
6.1	1314	[6]	διὰ	_	_
6.1	1315	[1]	ταύτας	_	_
6.1	1316	[22]	μὲν	_	_
6.1	1317	[5]	ἤδη	_	_
6.1	1318	[2]	τὰς	_	_
6.1	1319	[1]	αἰτίας	_	_
6.1	1320	[121]	,	b	_
6.1	1321	[2]	ἄν	_	_
6.1	1322	[2]	τ	_	_
6.1	1323	[40]	’	b	_
6.1	1324	[1]	ἐνέργειάν	_	_
6.1	1325	[2]	τις	_	_
6.1	1326	[122]	,	b	_
6.1	1327	[3]	ἄν	_	_
6.1	1328	[20]	τε	_	_
6.1	1329	[15]	πάθος	_	_
6.1	1330	[1]	εἴπῃ	_	_
6.1	1331	[8]	τὸν	_	_
6.1	1332	[2]	θυμὸν	_	_
6.1	1333	[123]	,	b	_
6.1	1334	[8]	ἢ	_	_
6.1	1335	[15]	τὴν	_	_
6.1	1336	[2]	ἐπιθυμίαν	_	_
6.1	1337	[124]	,	b	_
6.1	1338	[2]	ἤ	_	_
6.1	1339	[3]	τι	_	_
6.1	1340	[21]	τῶν	_	_
6.1	1341	[2]	ἄλλων	_	_
6.1	1342	[22]	τῶν	_	_
6.1	1343	[35]	κατὰ	_	_
6.1	1344	[3]	ταῦτα	_	_
6.1	1345	[2]	παθῶν	_	_
6.1	1346	[125]	,	b	_
6.1	1347	[9]	οὐ	_	_
6.1	1348	[2]	χρὴ	_	_
6.1	1349	[1]	μέμφεσθαι	_	_
6.1	1350	[2]	τούτῳ	_	_
6.1	1351	[126]	,	b	_
6.1	1352	[1]	πρὶν	_	_
6.1	1353	[1]	ἐρέσθαι	_	_
6.1	1354	[4]	τὰ	_	_
6.1	1355	[3]	σημαινόμενα	_	_
6.1	1356	[3]	ἐκ	_	_
6.1	1357	[17]	τῆς	_	_
6.1	1358	[2]	φωνῆς	_	_
6.1	1359	[127]	,	b	_
6.1	1360	[2]	ἐφ	_	_
6.1	1361	[41]	’	b	_
6.1	1362	[1]	ὅ	_	_
6.1	1363	[4]	τι	_	_
6.1	1364	[1]	φέρων	_	_
6.1	1365	[8]	οὕτως	_	_
6.1	1366	[1]	ὠνόμασεν	_	_
6.1	1367	[36]	.	b	_
6.1	1368	[2]	εὑρίσκεται	_	_
6.1	1369	[17]	δὲ	_	_
6.1	1370	[58]	καὶ	_	_
6.1	1371	[2]	Πλάτων	_	_
6.1	1372	[2]	αὐτὸς	_	_
6.1	1373	[1]	ἐνίοτε	_	_
6.1	1374	[23]	μὲν	_	_
6.1	1375	[3]	ἐνεργείας	_	_
6.1	1376	[128]	,	b	_
6.1	1377	[2]	ἐνίοτε	_	_
6.1	1378	[18]	δὲ	_	_
6.1	1379	[5]	πάθη	_	_
6.1	1380	[1]	προσαγορεύων	_	_
6.1	1381	[1]	τό	_	_
6.1	1382	[21]	τε	_	_
6.1	1383	[1]	διψῇν	_	_
6.1	1384	[59]	καὶ	_	_
6.1	1385	[20]	τὸ	_	_
6.1	1386	[1]	πεινῇν	_	_
6.1	1387	[60]	καὶ	_	_
6.1	1388	[1]	ὅλως	_	_
6.1	1389	[3]	τὰς	_	_
6.1	1390	[1]	ἐπιθυμίας	_	_
6.1	1391	[61]	καὶ	_	_
6.1	1392	[6]	τοὺς	_	_
6.1	1393	[2]	θυμούς	_	_
6.1	1394	[37]	.	b	_
6.1	1395	[62]	καὶ	_	_
6.1	1396	[24]	μὲν	_	_
6.1	1397	[2]	δὴ	_	_
6.1	1398	[63]	καὶ	_	_
6.1	1399	[5]	ὡς	_	_
6.1	1400	[3]	οὐδὲν	_	_
6.1	1401	[1]	διαφέρει	_	_
6.1	1402	[1]	πρός	_	_
6.1	1403	[7]	γε	_	_
6.1	1404	[5]	τὰ	_	_
6.1	1405	[1]	παρόντα	_	_
6.1	1406	[21]	τὸ	_	_
6.1	1407	[9]	οὕτως	_	_
6.1	1408	[9]	ἢ	_	_
6.1	1409	[1]	ἐκείνως	_	_
6.1	1410	[1]	ὀνομάζειν	_	_
6.1	1411	[129]	,	b	_
6.1	1412	[6]	ἐν	_	_
6.1	1413	[8]	τῷ	_	_
6.1	1414	[1]	τετάρτῳ	_	_
6.1	1415	[18]	τῆς	_	_
6.1	1416	[1]	Πολιτείας	_	_
6.1	1417	[1]	ᾧδε	_	_
6.1	1418	[1]	γράφει	_	_
6.1	1419	[38]	.	b	_
6.1	1420	[1]	ἆρ	_	_
6.1	1421	[42]	’	b	_
6.1	1422	[8]	οὖν	_	_
6.1	1423	[130]	,	b	_
6.1	1424	[1]	ἦν	_	_
6.1	1425	[10]	δ	_	_
6.1	1426	[43]	’	b	_
6.1	1427	[1]	ἐγὼ	_	_
6.1	1428	[131]	,	b	_
6.1	1429	[22]	τὸ	_	_
6.1	1430	[1]	ἐπινεύειν	_	_
6.1	1431	[132]	,	b	_
6.1	1432	[23]	τὸ	_	_
6.1	1433	[1]	ἀνανεύειν	_	_
6.1	1434	[133]	,	b	_
6.1	1435	[64]	καὶ	_	_
6.1	1436	[24]	τὸ	_	_
6.1	1437	[1]	ἐφίεσθαί	_	_
6.1	1438	[1]	τινος	_	_
6.1	1439	[1]	λαβεῖν	_	_
6.1	1440	[134]	,	b	_
6.1	1441	[25]	τὸ	_	_
6.1	1442	[1]	ἀπαρνεῖσθαι	_	_
6.1	1443	[135]	,	b	_
6.1	1444	[65]	καὶ	_	_
6.1	1445	[26]	τὸ	_	_
6.1	1446	[1]	προσάγεσθαι	_	_
6.1	1447	[136]	,	b	_
6.1	1448	[27]	τὸ	_	_
6.1	1449	[1]	ἀπωθεῖσθαι	_	_
6.1	1450	[137]	,	b	_
6.1	1451	[1]	πάντα	_	_
6.1	1452	[6]	τὰ	_	_
6.1	1453	[3]	τοιαῦτα	_	_
6.1	1454	[23]	τῶν	_	_
6.1	1455	[1]	ἐναντίων	_	_
6.1	1456	[1]	ἀλλήλοις	_	_
6.1	1457	[1]	θείης	_	_
6.1	1458	[138]	,	b	_
6.1	1459	[2]	εἴτε	_	_
6.1	1460	[1]	ποιημάτων	_	_
6.1	1461	[139]	,	b	_
6.1	1462	[3]	εἴτε	_	_
6.1	1463	[1]	παθημάτων	_	_
6.1	1464	[1]	;	b	_
6.1	1465	[7]	διὰ	_	_
6.1	1466	[2]	παραδειγμάτων	_	_
6.1	1467	[11]	δ	_	_
6.1	1468	[44]	’	b	_
6.1	1469	[1]	ἐναργέστερον	_	_
6.1	1470	[6]	τοῦτο	_	_
6.1	1471	[1]	διδάξαι	_	_
6.1	1472	[1]	προελόμενος	_	_
6.1	1473	[140]	,	b	_
6.1	1474	[1]	ἐπιφέρων	_	_
6.1	1475	[1]	φησί	_	_
6.1	1476	[5]	·	b	_
6.1	1477	[1]	τί	_	_
6.1	1478	[9]	οὖν	_	_
6.1	1479	[2]	;	b	_
6.1	1480	[2]	ἦν	_	_
6.1	1481	[12]	δ	_	_
6.1	1482	[45]	’	b	_
6.1	1483	[2]	ἐγὼ	_	_
6.1	1484	[141]	,	b	_
6.1	1485	[2]	διψῇν	_	_
6.1	1486	[142]	,	b	_
6.1	1487	[66]	καὶ	_	_
6.1	1488	[2]	πεινῇν	_	_
6.1	1489	[143]	,	b	_
6.1	1490	[67]	καὶ	_	_
6.1	1491	[2]	ὅλως	_	_
6.1	1492	[4]	τὰς	_	_
6.1	1493	[2]	ἐπιθυμίας	_	_
6.1	1494	[144]	,	b	_
6.1	1495	[68]	καὶ	_	_
6.1	1496	[2]	αὖ	_	_
6.1	1497	[28]	τὸ	_	_
6.1	1498	[1]	ἐθέλειν	_	_
6.1	1499	[145]	,	b	_
6.1	1500	[69]	καὶ	_	_
6.1	1501	[29]	τὸ	_	_
6.1	1502	[1]	βούλεσθαι	_	_
6.1	1503	[146]	,	b	_
6.1	1504	[10]	οὐ	_	_
6.1	1505	[2]	πάντα	_	_
6.1	1506	[4]	ταῦτα	_	_
6.1	1507	[2]	εἰς	_	_
6.1	1508	[1]	ἐκεῖνά	_	_
6.1	1509	[1]	ποι	_	_
6.1	1510	[2]	ἂν	_	_
6.1	1511	[2]	θείης	_	_
6.1	1512	[7]	τὰ	_	_
6.1	1513	[1]	εἴδη	_	_
6.1	1514	[8]	τὰ	_	_
6.1	1515	[3]	νῦν	_	_
6.1	1516	[3]	δὴ	_	_
6.1	1517	[1]	λεχθέντα	_	_
6.1	1518	[3]	;	b	_
6.1	1519	[3]	οἷον	_	_
6.1	1520	[1]	ἀεὶ	_	_
6.1	1521	[16]	τὴν	_	_
6.1	1522	[23]	τοῦ	_	_
6.1	1523	[1]	ἐπιθυμοῦντος	_	_
6.1	1524	[1]	ψυχὴν	_	_
6.1	1525	[1]	οὐχὶ	_	_
6.1	1526	[1]	ἤτοι	_	_
6.1	1527	[1]	ἐφίεσθαι	_	_
6.1	1528	[1]	φήσεις	_	_
6.1	1529	[1]	ἐκείνου	_	_
6.1	1530	[147]	,	b	_
6.1	1531	[1]	οὗ	_	_
6.1	1532	[3]	ἂν	_	_
6.1	1533	[1]	ἐπιθυμῇ	_	_
6.1	1534	[148]	,	b	_
6.1	1535	[10]	ἢ	_	_
6.1	1536	[2]	προσάγεσθαι	_	_
6.1	1537	[7]	τοῦτο	_	_
6.1	1538	[149]	,	b	_
6.1	1539	[2]	ὃ	_	_
6.1	1540	[4]	ἂν	_	_
6.1	1541	[1]	βούληταί	_	_
6.1	1542	[2]	οἱ	_	_
6.1	1543	[1]	γενέσθαι	_	_
6.1	1544	[4]	;	b	_
6.1	1545	[11]	ἢ	_	_
6.1	1546	[3]	αὖ	_	_
6.1	1547	[150]	,	b	_
6.1	1548	[1]	καθόσον	_	_
6.1	1549	[1]	ἐθέλει	_	_
6.1	1550	[2]	τί	_	_
6.1	1551	[3]	οἱ	_	_
6.1	1552	[1]	πορισθῆναι	_	_
6.1	1553	[151]	,	b	_
6.1	1554	[2]	ἐπινεύειν	_	_
6.1	1555	[8]	τοῦτο	_	_
6.1	1556	[6]	πρὸς	_	_
6.1	1557	[1]	αὑτὴν	_	_
6.1	1558	[152]	,	b	_
6.1	1559	[5]	ὥσπερ	_	_
6.1	1560	[1]	τινὸς	_	_
6.1	1561	[1]	ἐρῶντος	_	_
6.1	1562	[1]	ἐπορεγομένην	_	_
6.1	1563	[2]	αὐτοῦ	_	_
6.1	1564	[19]	τῆς	_	_
6.1	1565	[1]	γενέσεως	_	_
6.1	1566	[5]	;	b	_
6.1	1567	[1]	ἔγωγε	_	_
6.1	1568	[39]	.	b	_
6.1	1569	[3]	τί	_	_
6.1	1570	[1]	δέ	_	_
6.1	1571	[6]	;	b	_
6.1	1572	[30]	τὸ	_	_
6.1	1573	[1]	ἀβουλεῖν	_	_
6.1	1574	[153]	,	b	_
6.1	1575	[70]	καὶ	_	_
6.1	1576	[5]	μὴ	_	_
6.1	1577	[2]	ἐθέλειν	_	_
6.1	1578	[154]	,	b	_
6.1	1579	[1]	μηδ	_	_
6.1	1580	[46]	’	b	_
6.1	1581	[1]	ἐπιθυμεῖν	_	_
6.1	1582	[155]	,	b	_
6.1	1583	[7]	οὐκ	_	_
6.1	1584	[3]	εἰς	_	_
6.1	1585	[31]	τὸ	_	_
6.1	1586	[1]	ἀπωθεῖν	_	_
6.1	1587	[71]	καὶ	_	_
6.1	1588	[1]	ἀπελαύνειν	_	_
6.1	1589	[1]	ἀπ	_	_
6.1	1590	[47]	’	b	_
6.1	1591	[4]	αὐτῆς	_	_
6.1	1592	[156]	,	b	_
6.1	1593	[72]	καὶ	_	_
6.1	1594	[4]	εἰς	_	_
6.1	1595	[2]	ἅπαντα	_	_
6.1	1596	[1]	τἀναντία	_	_
6.1	1597	[1]	ἐκείνοις	_	_
6.1	1598	[1]	θήσομεν	_	_
6.1	1599	[7]	;	b	_
6.1	1600	[1]	αὗται	_	_
6.1	1601	[25]	μὲν	_	_
6.1	1602	[2]	αἱ	_	_
6.1	1603	[24]	τοῦ	_	_
6.1	1604	[1]	Πλάτωνος	_	_
6.1	1605	[1]	ῥήσεις	_	_
6.1	1606	[157]	,	b	_
6.1	1607	[11]	οὐ	_	_
6.1	1608	[3]	μόνον	_	_
6.1	1609	[1]	ὅπερ	_	_
6.1	1610	[1]	ἐλέγομεν	_	_
6.1	1611	[1]	ἐπιδεικνύουσαι	_	_
6.1	1612	[1]	σαφῶς	_	_
6.1	1613	[158]	,	b	_
6.1	1614	[6]	ὡς	_	_
6.1	1615	[32]	τὸ	_	_
6.1	1616	[3]	πεινῇν	_	_
6.1	1617	[159]	,	b	_
6.1	1618	[73]	καὶ	_	_
6.1	1619	[33]	τὸ	_	_
6.1	1620	[3]	διψῇν	_	_
6.1	1621	[160]	,	b	_
6.1	1622	[74]	καὶ	_	_
6.1	1623	[3]	ὅλως	_	_
6.1	1624	[34]	τὸ	_	_
6.1	1625	[2]	ἐπιθυμεῖν	_	_
6.1	1626	[2]	τινος	_	_
6.1	1627	[161]	,	b	_
6.1	1628	[12]	ἢ	_	_
6.1	1629	[2]	ἐφίεσθαί	_	_
6.1	1630	[22]	τε	_	_
6.1	1631	[75]	καὶ	_	_
6.1	1632	[1]	φεύγειν	_	_
6.1	1633	[162]	,	b	_
6.1	1634	[4]	εἴτε	_	_
6.1	1635	[1]	ποιήματά	_	_
6.1	1636	[3]	τις	_	_
6.1	1637	[163]	,	b	_
6.1	1638	[5]	εἴτε	_	_
6.1	1639	[1]	παθήματα	_	_
6.1	1640	[164]	,	b	_
6.1	1641	[1]	τοὐτέστιν	_	_
6.1	1642	[6]	εἴτε	_	_
6.1	1643	[4]	ἐνεργείας	_	_
6.1	1644	[165]	,	b	_
6.1	1645	[7]	εἴτε	_	_
6.1	1646	[6]	πάθη	_	_
6.1	1647	[1]	προσαγορεύσειεν	_	_
6.1	1648	[166]	,	b	_
6.1	1649	[4]	οὐδὲν	_	_
6.1	1650	[2]	διαφέρει	_	_
6.1	1651	[167]	,	b	_
6.1	1652	[9]	ἀλλὰ	_	_
6.1	1653	[76]	καὶ	_	_
6.1	1654	[6]	περὶ	_	_
6.1	1655	[24]	τῶν	_	_
6.1	1656	[2]	μερῶν	_	_
6.1	1657	[20]	τῆς	_	_
6.1	1658	[6]	ψυχῆς	_	_
6.1	1659	[1]	διδάσκουσαι	_	_
6.1	1660	[40]	.	b	_
6.2	1	[1]	Διὸ	_	_
6.2	2	[1]	καὶ	_	_
6.2	3	[1]	καλῶς	_	_
6.2	4	[1]	ἂν	_	_
6.2	5	[1]	ἔχοι	_	_
6.2	6	[1]	μὴ	_	_
6.2	7	[1]	παραδραμεῖν	_	_
6.2	8	[1]	αὐτὰς	_	_
6.2	9	[1]	,	b	_
6.2	10	[1]	ἀλλ	_	_
6.2	11	[1]	’	b	_
6.2	12	[1]	ὅλον	_	_
6.2	13	[1]	ἀναλαβεῖν	_	_
6.2	14	[1]	τὸν	_	_
6.2	15	[1]	λόγον	_	_
6.2	16	[2]	,	b	_
6.2	17	[1]	ὃν	_	_
6.2	18	[1]	ἐν	_	_
6.2	19	[1]	τῷ	_	_
6.2	20	[1]	τετάρτῳ	_	_
6.2	21	[1]	τῆς	_	_
6.2	22	[1]	Πολιτείας	_	_
6.2	23	[1]	διῆλθεν	_	_
6.2	24	[3]	,	b	_
6.2	25	[1]	ὑπὲρ	_	_
6.2	26	[1]	τοῦ	_	_
6.2	27	[1]	τρία	_	_
6.2	28	[1]	τὰ	_	_
6.2	29	[2]	τῆς	_	_
6.2	30	[1]	ψυχῆς	_	_
6.2	31	[1]	ἡμῶν	_	_
6.2	32	[1]	ὑπάρχειν	_	_
6.2	33	[1]	εἴδη	_	_
6.2	34	[1]	.	b	_
6.2	35	[1]	προσέχειν	_	_
6.2	36	[1]	δὲ	_	_
6.2	37	[1]	χρὴ	_	_
6.2	38	[1]	κᾀνταῦθα	_	_
6.2	39	[2]	τῷ	_	_
6.2	40	[1]	λεγομένῳ	_	_
6.2	41	[2]	τὸν	_	_
6.2	42	[1]	νοῦν	_	_
6.2	43	[1]	ἀπ	_	_
6.2	44	[2]	’	b	_
6.2	45	[1]	αὐτῶν	_	_
6.2	46	[1]	ἀρξαμένους	_	_
6.2	47	[1]	αὖθις	_	_
6.2	48	[1]	τῶν	_	_
6.2	49	[1]	ὀνομάτων	_	_
6.2	50	[4]	,	b	_
6.2	51	[2]	καὶ	_	_
6.2	52	[2]	μὴ	_	_
6.2	53	[1]	νομίζειν	_	_
6.2	54	[5]	,	b	_
6.2	55	[1]	ἐπιλανθάνεσθαι	_	_
6.2	56	[3]	τὸν	_	_
6.2	57	[1]	Πλάτωνα	_	_
6.2	58	[2]	τῶν	_	_
6.2	59	[1]	ὑφ	_	_
6.2	60	[3]	’	b	_
6.2	61	[1]	ἑαυτοῦ	_	_
6.2	62	[1]	λεγομένων	_	_
6.2	63	[6]	,	b	_
6.2	64	[1]	ἐπειδὰν	_	_
6.2	65	[2]	εἴδη	_	_
6.2	66	[2]	τρία	_	_
6.2	67	[1]	τὴν	_	_
6.2	68	[1]	ψυχὴν	_	_
6.2	69	[2]	ἡμῶν	_	_
6.2	70	[1]	ἔχειν	_	_
6.2	71	[1]	εἰπὼν	_	_
6.2	72	[2]	αὖθις	_	_
6.2	73	[1]	εἰς	_	_
6.2	74	[3]	τρία	_	_
6.2	75	[1]	μέρη	_	_
6.2	76	[1]	διαιρεῖσθαι	_	_
6.2	77	[1]	φάσκῃ	_	_
6.2	78	[2]	.	b	_
6.2	79	[3]	καὶ	_	_
6.2	80	[1]	γὰρ	_	_
6.2	81	[3]	εἴδη	_	_
6.2	82	[4]	καὶ	_	_
6.2	83	[2]	μέρη	_	_
6.2	84	[2]	ψυχῆς	_	_
6.2	85	[1]	ὀρθῶς	_	_
6.2	86	[1]	ἄν	_	_
6.2	87	[1]	τις	_	_
6.2	88	[1]	ὀνομάζοι	_	_
6.2	89	[1]	τὸ	_	_
6.2	90	[1]	λογιστικὸν	_	_
6.2	91	[7]	,	b	_
6.2	92	[5]	καὶ	_	_
6.2	93	[2]	τὸ	_	_
6.2	94	[1]	θυμοειδὲς	_	_
6.2	95	[8]	,	b	_
6.2	96	[6]	καὶ	_	_
6.2	97	[3]	τὸ	_	_
6.2	98	[1]	ἐπιθυμητικὸν	_	_
6.2	99	[9]	,	b	_
6.2	100	[1]	ὥσπερ	_	_
6.2	101	[1]	εἰ	_	_
6.2	102	[7]	καὶ	_	_
6.2	103	[1]	σώματος	_	_
6.2	104	[4]	εἴδη	_	_
6.2	105	[2]	τις	_	_
6.2	106	[2]	εἰπὼν	_	_
6.2	107	[1]	εἴη	_	_
6.2	108	[1]	φλέβα	_	_
6.2	109	[10]	,	b	_
6.2	110	[8]	καὶ	_	_
6.2	111	[1]	ἀρτηρίαν	_	_
6.2	112	[11]	,	b	_
6.2	113	[9]	καὶ	_	_
6.2	114	[1]	νεῦρον	_	_
6.2	115	[12]	,	b	_
6.2	116	[1]	ὀστοῦν	_	_
6.2	117	[1]	τε	_	_
6.2	118	[10]	καὶ	_	_
6.2	119	[1]	χόνδρον	_	_
6.2	120	[13]	,	b	_
6.2	121	[11]	καὶ	_	_
6.2	122	[1]	σάρκα	_	_
6.2	123	[14]	,	b	_
6.2	124	[12]	καὶ	_	_
6.2	125	[1]	τἄλλ	_	_
6.2	126	[4]	’	b	_
6.2	127	[1]	ὅσα	_	_
6.2	128	[1]	τοιαῦτα	_	_
6.2	129	[15]	,	b	_
6.2	130	[1]	μετὰ	_	_
6.2	131	[1]	ταῦθ	_	_
6.2	132	[5]	’	b	_
6.2	133	[1]	ὡς	_	_
6.2	134	[1]	περὶ	_	_
6.2	135	[1]	μερῶν	_	_
6.2	136	[2]	αὐτῶν	_	_
6.2	137	[1]	διαλέγοιτο	_	_
6.2	138	[3]	.	b	_
6.2	139	[13]	καὶ	_	_
6.2	140	[2]	γὰρ	_	_
6.2	141	[14]	καὶ	_	_
6.2	142	[3]	μέρη	_	_
6.2	143	[2]	τοῦ	_	_
6.2	144	[2]	σώματος	_	_
6.2	145	[3]	ἡμῶν	_	_
6.2	146	[1]	ἀληθῶς	_	_
6.2	147	[2]	ἄν	_	_
6.2	148	[3]	τις	_	_
6.2	149	[1]	εἶναι	_	_
6.2	150	[1]	λέγοι	_	_
6.2	151	[2]	τὰ	_	_
6.2	152	[2]	τοιαῦτα	_	_
6.2	153	[16]	,	b	_
6.2	154	[1]	(	a	_
6.2	155	[1]	συμπληροῦται	_	_
6.2	156	[3]	γὰρ	_	_
6.2	157	[4]	τὸ	_	_
6.2	158	[2]	ὅλον	_	_
6.2	159	[1]	ἐξ	_	_
6.2	160	[3]	αὐτῶν	_	_
6.2	161	[17]	,	b	_
6.2	162	[1]	)	b	_
6.2	163	[15]	καὶ	_	_
6.2	164	[1]	μέντοι	_	_
6.2	165	[16]	καὶ	_	_
6.2	166	[5]	εἴδη	_	_
6.2	167	[3]	τοῦ	_	_
6.2	168	[3]	σώματος	_	_
6.2	169	[1]	οὐδὲν	_	_
6.2	170	[1]	ἧττον	_	_
6.2	171	[18]	,	b	_
6.2	172	[2]	ἐν	_	_
6.2	173	[1]	μόνοις	_	_
6.2	174	[4]	γὰρ	_	_
6.2	175	[1]	τοῖς	_	_
6.2	176	[1]	ὁμοιομερέσι	_	_
6.2	177	[5]	τὸ	_	_
6.2	178	[1]	διαφέρειν	_	_
6.2	179	[1]	εἶδος	_	_
6.2	180	[1]	οὐκ	_	_
6.2	181	[1]	ἔστιν	_	_
6.2	182	[19]	,	b	_
6.2	183	[1]	ἢ	_	_
6.2	184	[6]	τὸ	_	_
6.2	185	[3]	τῆς	_	_
6.2	186	[1]	σαρκὸς	_	_
6.2	187	[1]	μέρος	_	_
6.2	188	[20]	,	b	_
6.2	189	[2]	ἢ	_	_
6.2	190	[7]	τὸ	_	_
6.2	191	[4]	τῆς	_	_
6.2	192	[1]	φλεβὸς	_	_
6.2	193	[21]	,	b	_
6.2	194	[3]	ἢ	_	_
6.2	195	[8]	τὸ	_	_
6.2	196	[5]	τῆς	_	_
6.2	197	[1]	πιμελῆς	_	_
6.2	198	[4]	.	b	_
6.2	199	[1]	οὐδὲ	_	_
6.2	200	[1]	ἀληθὲς	_	_
6.2	201	[1]	εἰπεῖν	_	_
6.2	202	[1]	ἐπὶ	_	_
6.2	203	[3]	τῶν	_	_
6.2	204	[1]	τοιούτων	_	_
6.2	205	[22]	,	b	_
6.2	206	[2]	ὡς	_	_
6.2	207	[1]	ἐκ	_	_
6.2	208	[1]	τοσῶνδέ	_	_
6.2	209	[1]	τινων	_	_
6.2	210	[1]	εἰδῶν	_	_
6.2	211	[1]	σύγκειται	_	_
6.2	212	[9]	τὸ	_	_
6.2	213	[3]	ὅλον	_	_
6.2	214	[5]	.	b	_
6.2	215	[3]	ἐν	_	_
6.2	216	[2]	δὲ	_	_
6.2	217	[2]	τοῖς	_	_
6.2	218	[1]	ἀνομοιομερέσιν	_	_
6.2	219	[1]	ἡ	_	_
6.2	220	[4]	τῶν	_	_
6.2	221	[2]	εἰδῶν	_	_
6.2	222	[1]	διαφορὰ	_	_
6.2	223	[4]	τὸν	_	_
6.2	224	[1]	ἀριθμὸν	_	_
6.2	225	[1]	ὁρίζει	_	_
6.2	226	[3]	τοῖς	_	_
6.2	227	[1]	μορίοις	_	_
6.2	228	[6]	.	b	_
6.2	229	[1]	τοιοῦτον	_	_
6.2	230	[1]	δέ	_	_
6.2	231	[1]	τι	_	_
6.2	232	[1]	χρῆμα	_	_
6.2	233	[17]	καὶ	_	_
6.2	234	[4]	ἡμῶν	_	_
6.2	235	[2]	τὴν	_	_
6.2	236	[2]	ψυχὴν	_	_
6.2	237	[1]	ὁ	_	_
6.2	238	[1]	Πλάτων	_	_
6.2	239	[1]	εἶναί	_	_
6.2	240	[1]	φησιν	_	_
6.2	241	[23]	,	b	_
6.2	242	[2]	ἐκ	_	_
6.2	243	[1]	τριῶν	_	_
6.2	244	[2]	μερῶν	_	_
6.2	245	[1]	συγκειμένην	_	_
6.2	246	[7]	.	b	_
6.2	247	[1]	εἰκάζει	_	_
6.2	248	[1]	δ	_	_
6.2	249	[6]	’	b	_
6.2	250	[1]	οὕτω	_	_
6.2	251	[10]	τὸ	_	_
6.2	252	[1]	μὲν	_	_
6.2	253	[2]	ἐπιθυμητικὸν	_	_
6.2	254	[1]	θηρίῳ	_	_
6.2	255	[1]	ποικίλῳ	_	_
6.2	256	[2]	τε	_	_
6.2	257	[18]	καὶ	_	_
6.2	258	[1]	πολυκεφάλῳ	_	_
6.2	259	[11]	τὸ	_	_
6.2	260	[3]	δὲ	_	_
6.2	261	[2]	θυμοειδὲς	_	_
6.2	262	[1]	λέοντι	_	_
6.2	263	[24]	,	b	_
6.2	264	[12]	τὸ	_	_
6.2	265	[4]	δὲ	_	_
6.2	266	[2]	λογιστικὸν	_	_
6.2	267	[1]	ἀνθρώπῳ	_	_
6.2	268	[8]	.	b	_
6.2	269	[1]	αὕτη	_	_
6.2	270	[5]	γὰρ	_	_
6.2	271	[2]	ἡ	_	_
6.2	272	[1]	εἰκὼν	_	_
6.2	273	[1]	οἰκειοτέρα	_	_
6.2	274	[6]	τῆς	_	_
6.2	275	[1]	κατὰ	_	_
6.2	276	[5]	τὸν	_	_
6.2	277	[1]	Φαῖδρον	_	_
6.2	278	[25]	,	b	_
6.2	279	[4]	ἐν	_	_
6.2	280	[1]	ᾗ	_	_
6.2	281	[5]	τῶν	_	_
6.2	282	[3]	εἰδῶν	_	_
6.2	283	[1]	ἱππομόρφω	_	_
6.2	284	[1]	μέν	_	_
6.2	285	[1]	τινε	_	_
6.2	286	[1]	δύο	_	_
6.2	287	[1]	φησὶν	_	_
6.2	288	[2]	ὑπάρχειν	_	_
6.2	289	[26]	,	b	_
6.2	290	[1]	ἡνίοχον	_	_
6.2	291	[5]	δὲ	_	_
6.2	292	[1]	τρίτον	_	_
6.2	293	[9]	.	b	_
6.2	294	[1]	ἀλλὰ	_	_
6.2	295	[19]	καὶ	_	_
6.2	296	[5]	ἐν	_	_
6.2	297	[3]	τῷ	_	_
6.2	298	[7]	τῆς	_	_
6.2	299	[2]	Πολιτείας	_	_
6.2	300	[1]	ἐννάτῳ	_	_
6.2	301	[8]	τῆς	_	_
6.2	302	[1]	προτέρας	_	_
6.2	303	[1]	εἰκόνος	_	_
6.2	304	[1]	ἐμνημόνευσεν	_	_
6.2	305	[27]	,	b	_
6.2	306	[3]	ὡς	_	_
6.2	307	[1]	σαφέστερον	_	_
6.2	308	[1]	ἐνδεικνυμένης	_	_
6.2	309	[28]	,	b	_
6.2	310	[1]	ὁποῖον	_	_
6.2	311	[1]	ἕκαστόν	_	_
6.2	312	[1]	ἐστι	_	_
6.2	313	[6]	τῶν	_	_
6.2	314	[4]	εἰδῶν	_	_
6.2	315	[9]	τῆς	_	_
6.2	316	[3]	ψυχῆς	_	_
6.2	317	[10]	.	b	_
6.2	318	[2]	ὁ	_	_
6.2	319	[2]	μὲν	_	_
6.2	320	[1]	οὖν	_	_
6.2	321	[2]	Πλάτων	_	_
6.2	322	[29]	,	b	_
6.2	323	[20]	καὶ	_	_
6.2	324	[4]	τοῖς	_	_
6.2	325	[1]	τόποις	_	_
6.2	326	[4]	τοῦ	_	_
6.2	327	[4]	σώματος	_	_
6.2	328	[1]	κεχωρίσθαι	_	_
6.2	329	[1]	νομίζων	_	_
6.2	330	[1]	αὐτὰ	_	_
6.2	331	[30]	,	b	_
6.2	332	[21]	καὶ	_	_
6.2	333	[1]	ταῖς	_	_
6.2	334	[1]	οὐσίαις	_	_
6.2	335	[1]	πάμπολυ	_	_
6.2	336	[1]	διαλλάττειν	_	_
6.2	337	[31]	,	b	_
6.2	338	[1]	εὐλόγως	_	_
6.2	339	[6]	εἴδη	_	_
6.2	340	[3]	τε	_	_
6.2	341	[22]	καὶ	_	_
6.2	342	[4]	μέρη	_	_
6.2	343	[1]	προσαγορεύει	_	_
6.2	344	[11]	.	b	_
6.2	345	[3]	ὁ	_	_
6.2	346	[2]	δ	_	_
6.2	347	[7]	’	b	_
6.2	348	[1]	Ἀριστοτέλης	_	_
6.2	349	[4]	τε	_	_
6.2	350	[23]	καὶ	_	_
6.2	351	[4]	ὁ	_	_
6.2	352	[1]	Ποσειδώνιος	_	_
6.2	353	[7]	εἴδη	_	_
6.2	354	[3]	μὲν	_	_
6.2	355	[4]	ἢ	_	_
6.2	356	[5]	μέρη	_	_
6.2	357	[4]	ψυχῆς	_	_
6.2	358	[2]	οὐκ	_	_
6.2	359	[1]	ὀνομάζουσιν	_	_
6.2	360	[32]	,	b	_
6.2	361	[1]	δυνάμεις	_	_
6.2	362	[3]	δ	_	_
6.2	363	[8]	’	b	_
6.2	364	[2]	εἶναί	_	_
6.2	365	[1]	φασι	_	_
6.2	366	[1]	μιᾶς	_	_
6.2	367	[1]	οὐσίας	_	_
6.2	368	[3]	ἐκ	_	_
6.2	369	[10]	τῆς	_	_
6.2	370	[1]	καρδίας	_	_
6.2	371	[1]	ὁρμωμένης	_	_
6.2	372	[12]	.	b	_
6.2	373	[5]	ὁ	_	_
6.2	374	[6]	δὲ	_	_
6.2	375	[1]	Χρύσιππος	_	_
6.2	376	[33]	,	b	_
6.2	377	[2]	ὥσπερ	_	_
6.2	378	[2]	εἰς	_	_
6.2	379	[1]	μίαν	_	_
6.2	380	[1]	οὐσίαν	_	_
6.2	381	[34]	,	b	_
6.2	382	[2]	οὕτω	_	_
6.2	383	[24]	καὶ	_	_
6.2	384	[3]	εἰς	_	_
6.2	385	[1]	δύναμιν	_	_
6.2	386	[2]	μίαν	_	_
6.2	387	[1]	ἄγει	_	_
6.2	388	[25]	καὶ	_	_
6.2	389	[6]	τὸν	_	_
6.2	390	[1]	θυμὸν	_	_
6.2	391	[35]	,	b	_
6.2	392	[26]	καὶ	_	_
6.2	393	[3]	τὴν	_	_
6.2	394	[1]	ἐπιθυμίαν	_	_
6.2	395	[13]	.	b	_
6.2	396	[2]	ἀλλ	_	_
6.2	397	[9]	’	b	_
6.2	398	[1]	ὅτι	_	_
6.2	399	[4]	μὲν	_	_
6.2	400	[3]	οὐκ	_	_
6.2	401	[1]	ὀλίγον	_	_
6.2	402	[1]	ἁμαρτάνει	_	_
6.2	403	[11]	τῆς	_	_
6.2	404	[1]	ἀληθείας	_	_
6.2	405	[6]	ὁ	_	_
6.2	406	[1]	ἀνὴρ	_	_
6.2	407	[1]	οὗτος	_	_
6.2	408	[36]	,	b	_
6.2	409	[1]	αὐτάρκως	_	_
6.2	410	[1]	ἡμῖν	_	_
6.2	411	[1]	ἐπιδέδεικται	_	_
6.2	412	[14]	.	b	_
6.2	413	[2]	ὅτι	_	_
6.2	414	[7]	δὲ	_	_
6.2	415	[1]	οἱ	_	_
6.2	416	[2]	περὶ	_	_
6.2	417	[7]	τὸν	_	_
6.2	418	[1]	Ἀριστοτέλην	_	_
6.2	419	[1]	σφάλλονται	_	_
6.2	420	[37]	,	b	_
6.2	421	[2]	μιᾶς	_	_
6.2	422	[2]	οὐσίας	_	_
6.2	423	[1]	τὰς	_	_
6.2	424	[1]	τρεῖς	_	_
6.2	425	[2]	δυνάμεις	_	_
6.2	426	[2]	εἶναι	_	_
6.2	427	[1]	νομίζοντες	_	_
6.2	428	[38]	,	b	_
6.2	429	[1]	ἔν	_	_
6.2	430	[5]	τε	_	_
6.2	431	[5]	τοῖς	_	_
6.2	432	[1]	ἔμπροσθεν	_	_
6.2	433	[1]	ἱκανῶς	_	_
6.2	434	[2]	ἐπιδέδεικται	_	_
6.2	435	[39]	,	b	_
6.2	436	[27]	καὶ	_	_
6.2	437	[2]	οὐδὲν	_	_
6.2	438	[2]	ἧττον	_	_
6.2	439	[7]	ὁ	_	_
6.2	440	[2]	μετὰ	_	_
6.2	441	[1]	τοῦτον	_	_
6.2	442	[1]	λόγος	_	_
6.2	443	[1]	ἀποδείξει	_	_
6.2	444	[15]	.	b	_
6.2	445	[1]	πρότερον	_	_
6.2	446	[4]	δ	_	_
6.2	447	[10]	’	b	_
6.2	448	[40]	,	b	_
6.2	449	[3]	ὅτι	_	_
6.2	450	[3]	Πλάτων	_	_
6.2	451	[1]	αὐτὸς	_	_
6.2	452	[8]	εἴδη	_	_
6.2	453	[6]	τε	_	_
6.2	454	[28]	καὶ	_	_
6.2	455	[6]	μέρη	_	_
6.2	456	[5]	ψυχῆς	_	_
6.2	457	[1]	ὀνομάζει	_	_
6.2	458	[1]	τό	_	_
6.2	459	[7]	τε	_	_
6.2	460	[3]	λογιστικὸν	_	_
6.2	461	[41]	,	b	_
6.2	462	[29]	καὶ	_	_
6.2	463	[13]	τὸ	_	_
6.2	464	[1]	θυμικὸν	_	_
6.2	465	[42]	,	b	_
6.2	466	[30]	καὶ	_	_
6.2	467	[14]	τὸ	_	_
6.2	468	[3]	ἐπιθυμητικὸν	_	_
6.2	469	[43]	,	b	_
6.2	470	[2]	ἐξ	_	_
6.2	471	[4]	αὐτῶν	_	_
6.2	472	[7]	τῶν	_	_
6.2	473	[1]	ῥήσεων	_	_
6.2	474	[1]	αὐτοῦ	_	_
6.2	475	[1]	πιστωσόμεθα	_	_
6.2	476	[16]	.	b	_
6.2	477	[6]	ἐν	_	_
6.2	478	[5]	μὲν	_	_
6.2	479	[2]	οὖν	_	_
6.2	480	[4]	τῷ	_	_
6.2	481	[1]	Τιμαίῳ	_	_
6.2	482	[3]	περὶ	_	_
6.2	483	[12]	τῆς	_	_
6.2	484	[1]	ἐπιθυμητικῆς	_	_
6.2	485	[6]	ψυχῆς	_	_
6.2	486	[44]	,	b	_
6.2	487	[1]	ἧς	_	_
6.2	488	[31]	καὶ	_	_
6.2	489	[3]	τὰ	_	_
6.2	490	[1]	φυτὰ	_	_
6.2	491	[1]	μετέχει	_	_
6.2	492	[1]	φύσει	_	_
6.2	493	[45]	,	b	_
6.2	494	[1]	διαλεγόμενος	_	_
6.2	495	[1]	ᾧδέ	_	_
6.2	496	[1]	πως	_	_
6.2	497	[1]	γράφει	_	_
6.2	498	[17]	.	b	_
6.2	499	[2]	μετέχει	_	_
6.2	500	[1]	γε	_	_
6.2	501	[1]	μὴν	_	_
6.2	502	[1]	τοῦτο	_	_
6.2	503	[46]	,	b	_
6.2	504	[1]	ὃ	_	_
6.2	505	[1]	νῦν	_	_
6.2	506	[1]	λέγομεν	_	_
6.2	507	[47]	,	b	_
6.2	508	[5]	τοῦ	_	_
6.2	509	[1]	τρίτου	_	_
6.2	510	[13]	τῆς	_	_
6.2	511	[7]	ψυχῆς	_	_
6.2	512	[1]	εἴδους	_	_
6.2	513	[48]	,	b	_
6.2	514	[2]	ὃ	_	_
6.2	515	[1]	μεταξὺ	_	_
6.2	516	[1]	φρενῶν	_	_
6.2	517	[1]	ὀμφαλοῦ	_	_
6.2	518	[8]	τε	_	_
6.2	519	[1]	ἵδρυται	_	_
6.2	520	[18]	.	b	_
6.2	521	[3]	αὖθις	_	_
6.2	522	[5]	δ	_	_
6.2	523	[11]	’	b	_
6.2	524	[7]	ἐν	_	_
6.2	525	[1]	τῷδε	_	_
6.2	526	[5]	τῷ	_	_
6.2	527	[1]	βιβλίῳ	_	_
6.2	528	[4]	περὶ	_	_
6.2	529	[14]	τῆς	_	_
6.2	530	[1]	λογιστικῆς	_	_
6.2	531	[8]	ψυχῆς	_	_
6.2	532	[2]	διαλεγόμενος	_	_
6.2	533	[2]	ᾧδέ	_	_
6.2	534	[1]	πώς	_	_
6.2	535	[1]	φησι	_	_
6.2	536	[19]	.	b	_
6.2	537	[15]	τὸ	_	_
6.2	538	[8]	δὲ	_	_
6.2	539	[1]	δὴ	_	_
6.2	540	[5]	περὶ	_	_
6.2	541	[6]	τοῦ	_	_
6.2	542	[1]	κυριωτάτου	_	_
6.2	543	[1]	παρ	_	_
6.2	544	[12]	’	b	_
6.2	545	[2]	ἡμῖν	_	_
6.2	546	[9]	ψυχῆς	_	_
6.2	547	[2]	εἴδους	_	_
6.2	548	[1]	διανοεῖσθαι	_	_
6.2	549	[1]	δεῖ	_	_
6.2	550	[1]	τῇδε	_	_
6.2	551	[49]	,	b	_
6.2	552	[4]	ὡς	_	_
6.2	553	[1]	ἄρα	_	_
6.2	554	[1]	αὐτὸ	_	_
6.2	555	[1]	δαίμονα	_	_
6.2	556	[8]	ὁ	_	_
6.2	557	[1]	θεὸς	_	_
6.2	558	[1]	ἑκάστῳ	_	_
6.2	559	[1]	δέδωκε	_	_
6.2	560	[50]	,	b	_
6.2	561	[3]	ὃ	_	_
6.2	562	[1]	δή	_	_
6.2	563	[1]	φαμεν	_	_
6.2	564	[1]	οἰκεῖν	_	_
6.2	565	[6]	μὲν	_	_
6.2	566	[5]	ἡμῶν	_	_
6.2	567	[1]	ἐπ	_	_
6.2	568	[13]	’	b	_
6.2	569	[1]	ἄκρῳ	_	_
6.2	570	[6]	τῷ	_	_
6.2	571	[1]	σώματι	_	_
6.2	572	[51]	,	b	_
6.2	573	[1]	πρὸς	_	_
6.2	574	[9]	δὲ	_	_
6.2	575	[4]	τὴν	_	_
6.2	576	[8]	ἐν	_	_
6.2	577	[1]	οὐρανῷ	_	_
6.2	578	[1]	συγγένειαν	_	_
6.2	579	[1]	ἀπὸ	_	_
6.2	580	[1]	γῆς	_	_
6.2	581	[1]	ἡμᾶς	_	_
6.2	582	[1]	αἴρειν	_	_
6.2	583	[20]	.	b	_
6.2	584	[1]	συμαμφότερα	_	_
6.2	585	[6]	δ	_	_
6.2	586	[14]	’	b	_
6.2	587	[1]	αὖ	_	_
6.2	588	[1]	πάλιν	_	_
6.2	589	[9]	ἐν	_	_
6.2	590	[1]	ταὐτῷ	_	_
6.2	591	[2]	βιβλίῳ	_	_
6.2	592	[16]	τὸ	_	_
6.2	593	[4]	ἐπιθυμητικὸν	_	_
6.2	594	[32]	καὶ	_	_
6.2	595	[17]	τὸ	_	_
6.2	596	[3]	θυμοειδὲς	_	_
6.2	597	[2]	τῇδε	_	_
6.2	598	[1]	τῇ	_	_
6.2	599	[1]	ῥήσει	_	_
6.2	600	[10]	ψυχῆς	_	_
6.2	601	[2]	εἶδος	_	_
6.2	602	[1]	ὠνόμασεν	_	_
6.2	603	[21]	.	b	_
6.2	604	[1]	ἄλλο	_	_
6.2	605	[2]	τι	_	_
6.2	606	[3]	εἶδος	_	_
6.2	607	[10]	ἐν	_	_
6.2	608	[1]	αὐτῷ	_	_
6.2	609	[11]	ψυχῆς	_	_
6.2	610	[1]	προσῳκοδόμουν	_	_
6.2	611	[18]	τὸ	_	_
6.2	612	[1]	δεινὰ	_	_
6.2	613	[33]	καὶ	_	_
6.2	614	[1]	ἀναγκαῖα	_	_
6.2	615	[11]	ἐν	_	_
6.2	616	[1]	ἑαυτῷ	_	_
6.2	617	[1]	παθήματα	_	_
6.2	618	[1]	ἔχον	_	_
6.2	619	[22]	.	b	_
6.2	620	[1]	ὁμοῦ	_	_
6.2	621	[7]	δ	_	_
6.2	622	[15]	’	b	_
6.2	623	[1]	αἶ	_	_
6.2	624	[2]	πάλιν	_	_
6.2	625	[4]	τὰ	_	_
6.2	626	[4]	τρία	_	_
6.2	627	[7]	μέρη	_	_
6.2	628	[15]	τῆς	_	_
6.2	629	[12]	ψυχῆς	_	_
6.2	630	[6]	ἡμῶν	_	_
6.2	631	[9]	εἴδη	_	_
6.2	632	[2]	προσαγορεύει	_	_
6.2	633	[16]	τῆς	_	_
6.2	634	[13]	ψυχῆς	_	_
6.2	635	[12]	ἐν	_	_
6.2	636	[2]	ταὐτῷ	_	_
6.2	637	[3]	βιβλίῳ	_	_
6.2	638	[52]	,	b	_
6.2	639	[7]	τῷ	_	_
6.2	640	[2]	Τιμαίῳ	_	_
6.2	641	[53]	,	b	_
6.2	642	[2]	κατὰ	_	_
6.2	643	[1]	τήνδε	_	_
6.2	644	[5]	τὴν	_	_
6.2	645	[1]	διήγησιν	_	_
6.2	646	[23]	.	b	_
6.2	647	[1]	ἔστι	_	_
6.2	648	[6]	γὰρ	_	_
6.2	649	[54]	,	b	_
6.2	650	[1]	καθάπερ	_	_
6.2	651	[1]	εἴπομεν	_	_
6.2	652	[1]	πολλάκις	_	_
6.2	653	[55]	,	b	_
6.2	654	[4]	ὅτι	_	_
6.2	655	[5]	τρία	_	_
6.2	656	[17]	τῆς	_	_
6.2	657	[14]	ψυχῆς	_	_
6.2	658	[13]	ἐν	_	_
6.2	659	[3]	ἡμῖν	_	_
6.2	660	[10]	εἴδη	_	_
6.2	661	[1]	κατῴκισται	_	_
6.2	662	[24]	.	b	_
6.2	663	[1]	ὡσαύτως	_	_
6.2	664	[8]	δ	_	_
6.2	665	[16]	’	b	_
6.2	666	[1]	κᾀν	_	_
6.2	667	[2]	τῇ	_	_
6.2	668	[1]	Πολιτείᾳ	_	_
6.2	669	[3]	κατὰ	_	_
6.2	670	[7]	μὲν	_	_
6.2	671	[19]	τὸ	_	_
6.2	672	[1]	τέταρτον	_	_
6.2	673	[2]	ὑπὲρ	_	_
6.2	674	[7]	τοῦ	_	_
6.2	675	[1]	θυμοειδοῦς	_	_
6.2	676	[1]	προειρηκὼς	_	_
6.2	677	[56]	,	b	_
6.2	678	[5]	ὡς	_	_
6.2	679	[1]	ἕτερόν	_	_
6.2	680	[2]	ἐστι	_	_
6.2	681	[8]	τοῦ	_	_
6.2	682	[1]	ἐπιθυμητικοῦ	_	_
6.2	683	[57]	,	b	_
6.2	684	[1]	κᾄπειθ	_	_
6.2	685	[17]	’	b	_
6.2	686	[1]	ἐφεξῆς	_	_
6.2	687	[1]	ζητῶν	_	_
6.2	688	[58]	,	b	_
6.2	689	[2]	εἰ	_	_
6.2	690	[34]	καὶ	_	_
6.2	691	[9]	τοῦ	_	_
6.2	692	[1]	λογιστικοῦ	_	_
6.2	693	[1]	διαφέρει	_	_
6.2	694	[59]	,	b	_
6.2	695	[1]	φησίν	_	_
6.2	696	[1]	·	b	_
6.2	697	[1]	ἆρ	_	_
6.2	698	[18]	’	b	_
6.2	699	[3]	οὖν	_	_
6.2	700	[1]	ἕτερον	_	_
6.2	701	[1]	ὂν	_	_
6.2	702	[35]	καὶ	_	_
6.2	703	[1]	τούτου	_	_
6.2	704	[60]	,	b	_
6.2	705	[5]	ἢ	_	_
6.2	706	[2]	λογιστικοῦ	_	_
6.2	707	[3]	τι	_	_
6.2	708	[4]	εἶδος	_	_
6.2	709	[61]	,	b	_
6.2	710	[1]	ὥστε	_	_
6.2	711	[3]	μὴ	_	_
6.2	712	[6]	τρία	_	_
6.2	713	[62]	,	b	_
6.2	714	[2]	ἀλλὰ	_	_
6.2	715	[2]	δύο	_	_
6.2	716	[11]	εἴδη	_	_
6.2	717	[3]	εἶναι	_	_
6.2	718	[14]	ἐν	_	_
6.2	719	[3]	τῇ	_	_
6.2	720	[1]	ψυχῇ	_	_
6.2	721	[63]	,	b	_
6.2	722	[1]	λογιστικόν	_	_
6.2	723	[9]	τε	_	_
6.2	724	[36]	καὶ	_	_
6.2	725	[1]	ἐπιθυμητικόν	_	_
6.2	726	[1]	;	b	_
6.2	727	[3]	οὕτω	_	_
6.2	728	[10]	δὲ	_	_
6.2	729	[37]	καὶ	_	_
6.2	730	[4]	κατὰ	_	_
6.2	731	[20]	τὸ	_	_
6.2	732	[1]	ἔννατον	_	_
6.2	733	[1]	ἔγραψεν	_	_
6.2	734	[2]	ἔν	_	_
6.2	735	[2]	γε	_	_
6.2	736	[3]	τῇδε	_	_
6.2	737	[4]	τῇ	_	_
6.2	738	[2]	ῥήσει	_	_
6.2	739	[25]	.	b	_
6.2	740	[3]	ἀλλ	_	_
6.2	741	[19]	’	b	_
6.2	742	[1]	ἡσυχάσας	_	_
6.2	743	[8]	μὲν	_	_
6.2	744	[1]	τὼ	_	_
6.2	745	[1]	δύω	_	_
6.2	746	[12]	εἴδη	_	_
6.2	747	[64]	,	b	_
6.2	748	[21]	τὸ	_	_
6.2	749	[2]	τρίτον	_	_
6.2	750	[2]	δέ	_	_
6.2	751	[4]	τις	_	_
6.2	752	[1]	κινήσας	_	_
6.2	753	[65]	,	b	_
6.2	754	[15]	ἐν	_	_
6.2	755	[1]	ᾧ	_	_
6.2	756	[22]	τὸ	_	_
6.2	757	[1]	φρονεῖν	_	_
6.2	758	[1]	ἐγγίγνεται	_	_
6.2	759	[26]	.	b	_
6.2	760	[38]	καὶ	_	_
6.2	761	[1]	προσέτι	_	_
6.2	762	[4]	τῇδε	_	_
6.2	763	[27]	.	b	_
6.2	764	[5]	ὅτι	_	_
6.2	765	[2]	δὴ	_	_
6.2	766	[4]	οὖν	_	_
6.2	767	[1]	εἶπον	_	_
6.2	768	[66]	,	b	_
6.2	769	[1]	ἀμφισβητοῦνται	_	_
6.2	770	[1]	ἑκάστου	_	_
6.2	771	[3]	εἴδους	_	_
6.2	772	[1]	αἱ	_	_
6.2	773	[1]	ἡδοναὶ	_	_
6.2	774	[67]	,	b	_
6.2	775	[39]	καὶ	_	_
6.2	776	[2]	αὐτὸς	_	_
6.2	777	[9]	ὁ	_	_
6.2	778	[1]	βίος	_	_
6.2	779	[68]	,	b	_
6.2	780	[4]	μὴ	_	_
6.2	781	[6]	ὅτι	_	_
6.2	782	[2]	πρὸς	_	_
6.2	783	[23]	τὸ	_	_
6.2	784	[1]	κάλλιον	_	_
6.2	785	[40]	καὶ	_	_
6.2	786	[1]	αἴσχιον	_	_
6.2	787	[1]	ζῇν	_	_
6.2	788	[69]	,	b	_
6.2	789	[1]	μηδὲ	_	_
6.2	790	[24]	τὸ	_	_
6.2	791	[1]	χεῖρον	_	_
6.2	792	[41]	καὶ	_	_
6.2	793	[1]	ἄμεινον	_	_
6.2	794	[70]	,	b	_
6.2	795	[3]	ἀλλὰ	_	_
6.2	796	[3]	πρὸς	_	_
6.2	797	[2]	αὐτὸ	_	_
6.2	798	[25]	τὸ	_	_
6.2	799	[1]	ἥδιον	_	_
6.2	800	[42]	καὶ	_	_
6.2	801	[1]	ἀλυπότερον	_	_
6.2	802	[28]	.	b	_
6.2	803	[1]	πῶς	_	_
6.2	804	[2]	ἂν	_	_
6.2	805	[1]	ἤδη	_	_
6.2	806	[2]	μέν	_	_
6.2	807	[5]	τις	_	_
6.2	808	[5]	αὐτῶν	_	_
6.2	809	[1]	ἀληθέστατα	_	_
6.2	810	[2]	λέγοι	_	_
6.2	811	[2]	;	b	_
6.2	812	[1]	τί	_	_
6.2	813	[3]	ἂν	_	_
6.2	814	[1]	ἔτι	_	_
6.2	815	[1]	δέοιμεν	_	_
6.2	816	[1]	ἑτέρας	_	_
6.2	817	[1]	παραγράφειν	_	_
6.2	818	[1]	ῥήσεις	_	_
6.2	819	[3]	;	b	_
6.2	820	[1]	ἱκαναὶ	_	_
6.2	821	[7]	γὰρ	_	_
6.2	822	[43]	καὶ	_	_
6.2	823	[1]	αἵδε	_	_
6.2	824	[1]	δηλῶσαι	_	_
6.2	825	[6]	τὴν	_	_
6.2	826	[1]	γνώμην	_	_
6.2	827	[1]	τἀνδρὸς	_	_
6.2	828	[71]	,	b	_
6.2	829	[6]	ὡς	_	_
6.2	830	[13]	εἴδη	_	_
6.2	831	[1]	ψυχῶν	_	_
6.2	832	[4]	εἶναι	_	_
6.2	833	[1]	βούλεται	_	_
6.2	834	[5]	τὰ	_	_
6.2	835	[7]	τρία	_	_
6.2	836	[1]	ταυτὶ	_	_
6.2	837	[72]	,	b	_
6.2	838	[4]	λογιστικὸν	_	_
6.2	839	[73]	,	b	_
6.2	840	[5]	ἐπιθυμητικὸν	_	_
6.2	841	[44]	καὶ	_	_
6.2	842	[1]	θυμοειδές	_	_
6.2	843	[29]	.	b	_
6.2	844	[1]	ἀμέλει	_	_
6.2	845	[1]	μόνας	_	_
6.2	846	[2]	αὐτὰς	_	_
6.2	847	[3]	εἶναί	_	_
6.2	848	[2]	φησι	_	_
6.2	849	[1]	χωρὶς	_	_
6.2	850	[1]	ἀλλήλων	_	_
6.2	851	[74]	,	b	_
6.2	852	[16]	ἐν	_	_
6.2	853	[9]	μὲν	_	_
6.2	854	[6]	τοῖς	_	_
6.2	855	[1]	φυτοῖς	_	_
6.2	856	[7]	τὴν	_	_
6.2	857	[1]	ἐπιθυμητικὴν	_	_
6.2	858	[75]	,	b	_
6.2	859	[17]	ἐν	_	_
6.2	860	[11]	δὲ	_	_
6.2	861	[7]	τοῖς	_	_
6.2	862	[1]	θεοῖς	_	_
6.2	863	[8]	τὴν	_	_
6.2	864	[1]	λογιστικήν	_	_
6.2	865	[30]	.	b	_
6.2	866	[9]	τὴν	_	_
6.2	867	[2]	μέντοι	_	_
6.2	868	[1]	θυμοειδῆ	_	_
6.2	869	[1]	διὰ	_	_
6.2	870	[2]	τί	_	_
6.2	871	[1]	μόνην	_	_
6.2	872	[1]	οὐχ	_	_
6.2	873	[1]	οἷόν	_	_
6.2	874	[10]	τε	_	_
6.2	875	[1]	κατ	_	_
6.2	876	[20]	’	b	_
6.2	877	[3]	οὐδὲν	_	_
6.2	878	[8]	τῶν	_	_
6.2	879	[1]	σωμάτων	_	_
6.2	880	[5]	εἶναι	_	_
6.2	881	[76]	,	b	_
6.2	882	[1]	προϊὼν	_	_
6.2	883	[10]	ὁ	_	_
6.2	884	[2]	λόγος	_	_
6.2	885	[2]	ἀποδείξει	_	_
6.2	886	[77]	,	b	_
6.2	887	[1]	παραθεμένων	_	_
6.2	888	[7]	ἡμῶν	_	_
6.2	889	[10]	τὴν	_	_
6.2	890	[4]	ἐκ	_	_
6.2	891	[10]	τοῦ	_	_
6.2	892	[1]	Τιμαίου	_	_
6.2	893	[1]	ῥῆσιν	_	_
6.2	894	[78]	,	b	_
6.2	895	[1]	ἔνθα	_	_
6.2	896	[11]	τὴν	_	_
6.2	897	[1]	χρείαν	_	_
6.2	898	[18]	τῆς	_	_
6.2	899	[1]	γενέσεως	_	_
6.2	900	[1]	αὐτῆς	_	_
6.2	901	[1]	διδάσκων	_	_
6.2	902	[1]	ἕνεκα	_	_
6.2	903	[19]	τῆς	_	_
6.2	904	[2]	ἐπιθυμητικῆς	_	_
6.2	905	[1]	γεγονέναι	_	_
6.2	906	[1]	φησὶ	_	_
6.2	907	[1]	βοηθὸν	_	_
6.2	908	[5]	τῇ	_	_
6.2	909	[1]	λογικῇ	_	_
6.2	910	[2]	ψυχῇ	_	_
6.2	911	[79]	,	b	_
6.2	912	[2]	καθάπερ	_	_
6.2	913	[1]	τινὰ	_	_
6.2	914	[1]	κύνα	_	_
6.2	915	[5]	κατὰ	_	_
6.2	916	[11]	τοῦ	_	_
6.2	917	[1]	πολυκεφάλου	_	_
6.2	918	[11]	τε	_	_
6.2	919	[45]	καὶ	_	_
6.2	920	[1]	ἀγρίου	_	_
6.2	921	[1]	θρέμματος	_	_
6.2	922	[80]	,	b	_
6.2	923	[20]	τῆς	_	_
6.2	924	[1]	ἐπιθυμίας	_	_
6.2	925	[31]	.	b	_
6.2	926	[1]	εἰκότως	_	_
6.2	927	[5]	οὖν	_	_
6.2	928	[14]	εἴδη	_	_
6.2	929	[15]	ψυχῆς	_	_
6.2	930	[2]	αὐτὰ	_	_
6.2	931	[3]	προσαγορεύει	_	_
6.2	932	[1]	κατά	_	_
6.2	933	[12]	τε	_	_
6.2	934	[2]	τὰς	_	_
6.2	935	[1]	προγεγραμμένας	_	_
6.2	936	[2]	ῥήσεις	_	_
6.2	937	[46]	καὶ	_	_
6.2	938	[2]	προσέτι	_	_
6.2	939	[1]	πολλὰς	_	_
6.2	940	[2]	ἑτέρας	_	_
6.2	941	[81]	,	b	_
6.2	942	[1]	ὧν	_	_
6.2	943	[4]	οὐκ	_	_
6.2	944	[1]	ἀνάγκη	_	_
6.2	945	[1]	μνημονεύειν	_	_
6.2	946	[82]	,	b	_
6.2	947	[1]	ἐναργῶς	_	_
6.2	948	[2]	ἤδη	_	_
6.2	949	[2]	διὰ	_	_
6.2	950	[1]	τούτων	_	_
6.2	951	[21]	τῆς	_	_
6.2	952	[1]	γνώμης	_	_
6.2	953	[2]	τἀνδρὸς	_	_
6.2	954	[1]	ἐγνωσμένης	_	_
6.2	955	[32]	.	b	_
6.2	956	[3]	εἰ	_	_
6.2	957	[12]	δὲ	_	_
6.2	958	[47]	καὶ	_	_
6.2	959	[8]	μέρη	_	_
6.2	960	[16]	ψυχῆς	_	_
6.2	961	[1]	ἕκαστον	_	_
6.2	962	[6]	αὐτῶν	_	_
6.2	963	[2]	ὀνομάζει	_	_
6.2	964	[83]	,	b	_
6.2	965	[1]	θαυμαστὸν	_	_
6.2	966	[1]	οὐδέν	_	_
6.2	967	[33]	.	b	_
6.2	968	[1]	πρῶτον	_	_
6.2	969	[10]	μὲν	_	_
6.2	970	[8]	γὰρ	_	_
6.2	971	[3]	αὐτὸς	_	_
6.2	972	[2]	ἡμᾶς	_	_
6.2	973	[1]	ἐδίδαξεν	_	_
6.2	974	[84]	,	b	_
6.2	975	[7]	ὡς	_	_
6.2	976	[85]	,	b	_
6.2	977	[1]	ὅ	_	_
6.2	978	[4]	τι	_	_
6.2	979	[1]	περ	_	_
6.2	980	[4]	ἂν	_	_
6.2	981	[5]	εἶδος	_	_
6.2	982	[1]	ᾖ	_	_
6.2	983	[86]	,	b	_
6.2	984	[2]	τοῦτο	_	_
6.2	985	[48]	καὶ	_	_
6.2	986	[2]	μέρος	_	_
6.2	987	[1]	ὀνομάζειν	_	_
6.2	988	[1]	ἐγχωρεῖ	_	_
6.2	989	[87]	,	b	_
6.2	990	[5]	μὴ	_	_
6.2	991	[3]	μέντοι	_	_
6.2	992	[2]	τό	_	_
6.2	993	[3]	γε	_	_
6.2	994	[3]	μέρος	_	_
6.2	995	[1]	ἅπαν	_	_
6.2	996	[1]	εὐθὺς	_	_
6.2	997	[49]	καὶ	_	_
6.2	998	[6]	εἶδος	_	_
6.2	999	[6]	εἶναι	_	_
6.2	1000	[2]	·	b	_
6.2	1001	[1]	δεύτερον	_	_
6.2	1002	[13]	δὲ	_	_
6.2	1003	[88]	,	b	_
6.2	1004	[7]	ὅτι	_	_
6.2	1005	[1]	μηδ	_	_
6.2	1006	[21]	’	b	_
6.2	1007	[2]	ἐγχωρεῖ	_	_
6.2	1008	[1]	λέγειν	_	_
6.2	1009	[1]	μηδὲν	_	_
6.2	1010	[1]	σύνθετον	_	_
6.2	1011	[1]	ὁμοιομερὲς	_	_
6.2	1012	[89]	,	b	_
6.2	1013	[2]	ἑαυτῷ	_	_
6.2	1014	[4]	γε	_	_
6.2	1015	[1]	συνεχὲς	_	_
6.2	1016	[4]	ὅλον	_	_
6.2	1017	[1]	ὑπάρχον	_	_
6.2	1018	[34]	.	b	_
6.2	1019	[3]	ἐξ	_	_
6.2	1020	[1]	ὡρισμένων	_	_
6.2	1021	[9]	γὰρ	_	_
6.2	1022	[8]	τὸν	_	_
6.2	1023	[2]	ἀριθμὸν	_	_
6.2	1024	[2]	σύγκειται	_	_
6.2	1025	[1]	μορίων	_	_
6.2	1026	[3]	·	b	_
6.2	1027	[1]	οὐδενὸς	_	_
6.2	1028	[10]	γὰρ	_	_
6.2	1029	[1]	ὁμοιομεροῦς	_	_
6.2	1030	[1]	ἀριθμῷ	_	_
6.2	1031	[1]	περιλαβεῖν	_	_
6.2	1032	[3]	ἐγχωρεῖ	_	_
6.2	1033	[26]	τὸ	_	_
6.2	1034	[1]	πλῆθος	_	_
6.2	1035	[9]	τῶν	_	_
6.2	1036	[2]	μορίων	_	_
6.2	1037	[35]	.	b	_
6.2	1038	[8]	ὅτι	_	_
6.2	1039	[11]	μὲν	_	_
6.2	1040	[6]	οὖν	_	_
6.2	1041	[2]	εὐλόγως	_	_
6.2	1042	[11]	ὁ	_	_
6.2	1043	[4]	Πλάτων	_	_
6.2	1044	[15]	εἴδη	_	_
6.2	1045	[13]	τε	_	_
6.2	1046	[50]	καὶ	_	_
6.2	1047	[9]	μέρη	_	_
6.2	1048	[22]	τῆς	_	_
6.2	1049	[17]	ψυχῆς	_	_
6.2	1050	[3]	ὀνομάζει	_	_
6.2	1051	[1]	ταῦτα	_	_
6.2	1052	[90]	,	b	_
6.2	1053	[1]	μακροτέρων	_	_
6.2	1054	[1]	οὐ	_	_
6.2	1055	[1]	δέομαι	_	_
6.2	1056	[1]	λόγων	_	_
6.2	1057	[36]	.	b	_
6.3	1	[1]	Ὅτι	_	_
6.3	2	[1]	δὲ	_	_
6.3	3	[1]	τὸ	_	_
6.3	4	[1]	μὲν	_	_
6.3	5	[1]	ἐν	_	_
6.3	6	[1]	τῇ	_	_
6.3	7	[1]	κεφαλῇ	_	_
6.3	8	[1]	καθίδρυται	_	_
6.3	9	[1]	,	b	_
6.3	10	[2]	τὸ	_	_
6.3	11	[1]	δ	_	_
6.3	12	[1]	’	b	_
6.3	13	[2]	ἐν	_	_
6.3	14	[2]	τῇ	_	_
6.3	15	[1]	καρδίᾳ	_	_
6.3	16	[2]	,	b	_
6.3	17	[3]	τὸ	_	_
6.3	18	[2]	δ	_	_
6.3	19	[2]	’	b	_
6.3	20	[3]	ἐν	_	_
6.3	21	[1]	τῷ	_	_
6.3	22	[1]	ἥπατι	_	_
6.3	23	[3]	,	b	_
6.3	24	[1]	τοῦτο	_	_
6.3	25	[1]	ἐξ	_	_
6.3	26	[1]	ἀρχῆς	_	_
6.3	27	[1]	προὔκειτο	_	_
6.3	28	[4]	,	b	_
6.3	29	[1]	καὶ	_	_
6.3	30	[1]	δέδεικται	_	_
6.3	31	[1]	διὰ	_	_
6.3	32	[1]	τῶν	_	_
6.3	33	[1]	ἔμπροσθεν	_	_
6.3	34	[1]	ὑπὲρ	_	_
6.3	35	[2]	τῶν	_	_
6.3	36	[1]	δύο	_	_
6.3	37	[1]	μερῶν	_	_
6.3	38	[1]	.	b	_
6.3	39	[1]	ὑπόλοιπον	_	_
6.3	40	[2]	δὲ	_	_
6.3	41	[1]	ἔτι	_	_
6.3	42	[4]	τὸ	_	_
6.3	43	[1]	ἐπιθυμητικὸν	_	_
6.3	44	[1]	ἰδίας	_	_
6.3	45	[1]	ἀποδείξεως	_	_
6.3	46	[1]	δεόμενον	_	_
6.3	47	[5]	,	b	_
6.3	48	[1]	ἣν	_	_
6.3	49	[4]	ἐν	_	_
6.3	50	[1]	τῷδε	_	_
6.3	51	[1]	διέξιμεν	_	_
6.3	52	[6]	,	b	_
6.3	53	[1]	ἐκεῖνο	_	_
6.3	54	[1]	πρότερον	_	_
6.3	55	[5]	ἐν	_	_
6.3	56	[1]	ἀρχῇ	_	_
6.3	57	[1]	τοῦ	_	_
6.3	58	[1]	λόγου	_	_
6.3	59	[1]	προειπόντες	_	_
6.3	60	[7]	,	b	_
6.3	61	[1]	ὡς	_	_
6.3	62	[1]	οὐκ	_	_
6.3	63	[2]	ἐξ	_	_
6.3	64	[1]	ὁμοίως	_	_
6.3	65	[1]	ἐναργῶν	_	_
6.3	66	[8]	,	b	_
6.3	67	[1]	οὐδ	_	_
6.3	68	[3]	’	b	_
6.3	69	[3]	ἐξ	_	_
6.3	70	[1]	αὐτῆς	_	_
6.3	71	[1]	ἄντικρυς	_	_
6.3	72	[2]	τοῦ	_	_
6.3	73	[1]	ζητουμένου	_	_
6.3	74	[1]	τῆς	_	_
6.3	75	[1]	φύσεως	_	_
6.3	76	[1]	ἡ	_	_
6.3	77	[1]	ἀπόδειξις	_	_
6.3	78	[1]	ἔσοιτο	_	_
6.3	79	[9]	,	b	_
6.3	80	[1]	καθάπερ	_	_
6.3	81	[1]	ἐπὶ	_	_
6.3	82	[3]	τῶν	_	_
6.3	83	[2]	ἔμπροσθεν	_	_
6.3	84	[10]	,	b	_
6.3	85	[1]	ἀλλ	_	_
6.3	86	[4]	’	b	_
6.3	87	[1]	ἐκ	_	_
6.3	88	[4]	τῶν	_	_
6.3	89	[1]	τούτῳ	_	_
6.3	90	[1]	συμβεβηκότων	_	_
6.3	91	[1]	ἰδίᾳ	_	_
6.3	92	[2]	.	b	_
6.3	93	[5]	τῶν	_	_
6.3	94	[2]	μὲν	_	_
6.3	95	[1]	γὰρ	_	_
6.3	96	[1]	νεύρων	_	_
6.3	97	[1]	βρόχῳ	_	_
6.3	98	[1]	διαλαμβανομένων	_	_
6.3	99	[1]	ἢ	_	_
6.3	100	[1]	τεμνομένων	_	_
6.3	101	[11]	,	b	_
6.3	102	[1]	ἐφαίνετο	_	_
6.3	103	[1]	τὰ	_	_
6.3	104	[3]	μὲν	_	_
6.3	105	[1]	ἐγκεφάλῳ	_	_
6.3	106	[1]	συνεχῆ	_	_
6.3	107	[1]	μόρια	_	_
6.3	108	[1]	διασώζοντα	_	_
6.3	109	[1]	τὰς	_	_
6.3	110	[1]	ἀρχαίας	_	_
6.3	111	[1]	δυνάμεις	_	_
6.3	112	[12]	,	b	_
6.3	113	[2]	τὰ	_	_
6.3	114	[3]	δ	_	_
6.3	115	[5]	’	b	_
6.3	116	[1]	ἐπέκεινα	_	_
6.3	117	[3]	τοῦ	_	_
6.3	118	[1]	βρόχου	_	_
6.3	119	[1]	παραχρῆμα	_	_
6.3	120	[2]	καὶ	_	_
6.3	121	[1]	τὴν	_	_
6.3	122	[1]	αἴσθησιν	_	_
6.3	123	[1]	ἀπολλύντα	_	_
6.3	124	[3]	καὶ	_	_
6.3	125	[2]	τὴν	_	_
6.3	126	[1]	κίνησιν	_	_
6.3	127	[3]	.	b	_
6.3	128	[1]	οὕτω	_	_
6.3	129	[3]	δὲ	_	_
6.3	130	[4]	καὶ	_	_
6.3	131	[6]	τῶν	_	_
6.3	132	[1]	ἀρτηριῶν	_	_
6.3	133	[1]	αἱ	_	_
6.3	134	[4]	μὲν	_	_
6.3	135	[3]	τῇ	_	_
6.3	136	[2]	καρδίᾳ	_	_
6.3	137	[1]	συνεχεῖς	_	_
6.3	138	[2]	τὰς	_	_
6.3	139	[2]	ἀρχαίας	_	_
6.3	140	[1]	ἐνεργείας	_	_
6.3	141	[1]	ἐργάζονται	_	_
6.3	142	[13]	,	b	_
6.3	143	[2]	αἱ	_	_
6.3	144	[4]	δ	_	_
6.3	145	[6]	’	b	_
6.3	146	[1]	ὑπὸ	_	_
6.3	147	[4]	τοῦ	_	_
6.3	148	[2]	βρόχου	_	_
6.3	149	[1]	διειργόμεναι	_	_
6.3	150	[1]	τελέως	_	_
6.3	151	[1]	ἄσφυκτοι	_	_
6.3	152	[1]	γιγνόμεναι	_	_
6.3	153	[4]	.	b	_
6.3	154	[5]	καὶ	_	_
6.3	155	[1]	μέντοι	_	_
6.3	156	[6]	καὶ	_	_
6.3	157	[3]	τὰ	_	_
6.3	158	[1]	παθήματα	_	_
6.3	159	[2]	τῆς	_	_
6.3	160	[1]	ψυχῆς	_	_
6.3	161	[14]	,	b	_
6.3	162	[1]	ὅσα	_	_
6.3	163	[1]	κατὰ	_	_
6.3	164	[1]	τοὺς	_	_
6.3	165	[1]	θυμούς	_	_
6.3	166	[1]	τε	_	_
6.3	167	[7]	καὶ	_	_
6.3	168	[2]	τοὺς	_	_
6.3	169	[1]	φόβους	_	_
6.3	170	[1]	συμπίπτει	_	_
6.3	171	[15]	,	b	_
6.3	172	[1]	προφανῶς	_	_
6.3	173	[1]	ἐξιστάντα	_	_
6.3	174	[3]	τὴν	_	_
6.3	175	[1]	καρδίαν	_	_
6.3	176	[2]	ἐφαίνετο	_	_
6.3	177	[3]	τῆς	_	_
6.3	178	[2]	κατὰ	_	_
6.3	179	[1]	φύσιν	_	_
6.3	180	[2]	ἐνεργείας	_	_
6.3	181	[5]	.	b	_
6.3	182	[1]	ἐμνημονεύσαμεν	_	_
6.3	183	[4]	δὲ	_	_
6.3	184	[8]	καὶ	_	_
6.3	185	[2]	ὅσα	_	_
6.3	186	[1]	θλιβόμενος	_	_
6.3	187	[1]	ὁ	_	_
6.3	188	[1]	ἐγκέφαλος	_	_
6.3	189	[2]	ἢ	_	_
6.3	190	[1]	τιτρωσκόμενος	_	_
6.3	191	[1]	εἰς	_	_
6.3	192	[3]	τὰς	_	_
6.3	193	[1]	κοιλίας	_	_
6.3	194	[1]	ἅπαν	_	_
6.3	195	[1]	βλάπτει	_	_
6.3	196	[5]	τὸ	_	_
6.3	197	[1]	σῶμα	_	_
6.3	198	[16]	,	b	_
6.3	199	[9]	καὶ	_	_
6.3	200	[2]	ὡς	_	_
6.3	201	[10]	καὶ	_	_
6.3	202	[1]	ταῦτ	_	_
6.3	203	[7]	’	b	_
6.3	204	[1]	ἐναργῶς	_	_
6.3	205	[1]	ἐνδείκνυται	_	_
6.3	206	[1]	κινήσεώς	_	_
6.3	207	[2]	τε	_	_
6.3	208	[11]	καὶ	_	_
6.3	209	[1]	αἰσθήσεως	_	_
6.3	210	[1]	ἀρχὴν	_	_
6.3	211	[1]	ὑπάρχειν	_	_
6.3	212	[1]	αὐτόν	_	_
6.3	213	[6]	.	b	_
6.3	214	[2]	ἐπὶ	_	_
6.3	215	[5]	δὲ	_	_
6.3	216	[5]	τοῦ	_	_
6.3	217	[1]	ἥπατος	_	_
6.3	218	[1]	οὐδὲν	_	_
6.3	219	[1]	τοιοῦτον	_	_
6.3	220	[1]	ἔχομεν	_	_
6.3	221	[1]	ἐπιδεικνύειν	_	_
6.3	222	[17]	,	b	_
6.3	223	[1]	οὔτ	_	_
6.3	224	[8]	’	b	_
6.3	225	[1]	εἰ	_	_
6.3	226	[1]	γυμνώσαντες	_	_
6.3	227	[1]	αὐτὸ	_	_
6.3	228	[1]	θλίβομεν	_	_
6.3	229	[18]	,	b	_
6.3	230	[2]	οὔτ	_	_
6.3	231	[9]	’	b	_
6.3	232	[2]	εἰ	_	_
6.3	233	[2]	βρόχῳ	_	_
6.3	234	[4]	τὰς	_	_
6.3	235	[1]	φλέβας	_	_
6.3	236	[1]	διαλαμβάνομεν	_	_
6.3	237	[7]	.	b	_
6.3	238	[1]	οὔτε	_	_
6.3	239	[2]	γὰρ	_	_
6.3	240	[1]	ἐναργοῦς	_	_
6.3	241	[1]	ἐστι	_	_
6.3	242	[1]	κινήσεως	_	_
6.3	243	[2]	ἡ	_	_
6.3	244	[1]	ἀρχὴ	_	_
6.3	245	[19]	,	b	_
6.3	246	[2]	καθάπερ	_	_
6.3	247	[3]	ἡ	_	_
6.3	248	[5]	μὲν	_	_
6.3	249	[1]	καρδία	_	_
6.3	250	[4]	τῆς	_	_
6.3	251	[1]	σφυγμικῆς	_	_
6.3	252	[20]	,	b	_
6.3	253	[2]	ὁ	_	_
6.3	254	[5]	δ	_	_
6.3	255	[10]	’	b	_
6.3	256	[2]	ἐγκέφαλος	_	_
6.3	257	[5]	τῆς	_	_
6.3	258	[1]	αἰσθητικῆς	_	_
6.3	259	[3]	τε	_	_
6.3	260	[12]	καὶ	_	_
6.3	261	[1]	προαιρετικῆς	_	_
6.3	262	[21]	,	b	_
6.3	263	[3]	οὔτ	_	_
6.3	264	[11]	’	b	_
6.3	265	[1]	ὀξείας	_	_
6.3	266	[1]	βλάβης	_	_
6.3	267	[1]	αἴτιον	_	_
6.3	268	[22]	,	b	_
6.3	269	[3]	ὡς	_	_
6.3	270	[1]	ἐκείνων	_	_
6.3	271	[1]	ἑκάτερον	_	_
6.3	272	[23]	,	b	_
6.3	273	[2]	ἀλλ	_	_
6.3	274	[12]	’	b	_
6.3	275	[6]	ἐν	_	_
6.3	276	[2]	τῷ	_	_
6.3	277	[1]	χρόνῳ	_	_
6.3	278	[1]	βλάπτεται	_	_
6.3	279	[6]	τὸ	_	_
6.3	280	[1]	ζῶον	_	_
6.3	281	[2]	εἰς	_	_
6.3	282	[1]	ἀτροφίαν	_	_
6.3	283	[4]	τε	_	_
6.3	284	[13]	καὶ	_	_
6.3	285	[1]	ἄχροιαν	_	_
6.3	286	[24]	,	b	_
6.3	287	[2]	ἥπατος	_	_
6.3	288	[1]	ἀτονήσαντος	_	_
6.3	289	[8]	.	b	_
6.3	290	[1]	ὡσαύτως	_	_
6.3	291	[6]	δὲ	_	_
6.3	292	[14]	καὶ	_	_
6.3	293	[7]	τὸ	_	_
6.3	294	[1]	μέρος	_	_
6.3	295	[25]	,	b	_
6.3	296	[3]	εἰς	_	_
6.3	297	[1]	ὅπερ	_	_
6.3	298	[1]	ἂν	_	_
6.3	299	[1]	ἐμβάλλουσαν	_	_
6.3	300	[1]	φλέβα	_	_
6.3	301	[3]	βρόχῳ	_	_
6.3	302	[1]	διαλάβῃς	_	_
6.3	303	[26]	,	b	_
6.3	304	[3]	ἢ	_	_
6.3	305	[15]	καὶ	_	_
6.3	306	[1]	παντάπασιν	_	_
6.3	307	[1]	ἐκκόψῃς	_	_
6.3	308	[27]	,	b	_
6.3	309	[1]	ἀτροφώτερόν	_	_
6.3	310	[5]	τε	_	_
6.3	311	[16]	καὶ	_	_
6.3	312	[1]	ἀχρούστερον	_	_
6.3	313	[7]	ἐν	_	_
6.3	314	[1]	πλέονι	_	_
6.3	315	[2]	χρόνῳ	_	_
6.3	316	[1]	φαίνεται	_	_
6.3	317	[1]	γιγνόμενον	_	_
6.3	318	[28]	,	b	_
6.3	319	[1]	οὐ	_	_
6.3	320	[1]	μὴν	_	_
6.3	321	[1]	ἔν	_	_
6.3	322	[1]	γε	_	_
6.3	323	[3]	τῷ	_	_
6.3	324	[1]	παραυτίκα	_	_
6.3	325	[1]	βλαπτόμενον	_	_
6.3	326	[2]	οὐδὲν	_	_
6.3	327	[29]	,	b	_
6.3	328	[1]	ὅ	_	_
6.3	329	[1]	τι	_	_
6.3	330	[1]	ἄξιον	_	_
6.3	331	[2]	λόγου	_	_
6.3	332	[9]	.	b	_
6.3	333	[1]	τοιαύτης	_	_
6.3	334	[3]	γὰρ	_	_
6.3	335	[1]	δυνάμεως	_	_
6.3	336	[2]	ἀρχὴ	_	_
6.3	337	[8]	τὸ	_	_
6.3	338	[1]	ἧπαρ	_	_
6.3	339	[30]	,	b	_
6.3	340	[1]	οἵα	_	_
6.3	341	[17]	καὶ	_	_
6.3	342	[1]	τοῖς	_	_
6.3	343	[1]	φυτοῖς	_	_
6.3	344	[1]	ὑπάρχει	_	_
6.3	345	[10]	.	b	_
6.3	346	[1]	καλείσθω	_	_
6.3	347	[4]	γὰρ	_	_
6.3	348	[2]	ἔν	_	_
6.3	349	[2]	γε	_	_
6.3	350	[4]	τῷ	_	_
6.3	351	[1]	παρόντι	_	_
6.3	352	[1]	δύναμις	_	_
6.3	353	[31]	,	b	_
6.3	354	[1]	ὕστερον	_	_
6.3	355	[1]	ἐπιδειξόντων	_	_
6.3	356	[1]	ἡμῶν	_	_
6.3	357	[1]	ἀκριβέστερον	_	_
6.3	358	[32]	,	b	_
6.3	359	[4]	ὡς	_	_
6.3	360	[1]	πολλῶν	_	_
6.3	361	[2]	ἐστι	_	_
6.3	362	[1]	δυνάμεων	_	_
6.3	363	[3]	ἀρχὴ	_	_
6.3	364	[9]	τὸ	_	_
6.3	365	[2]	ἧπαρ	_	_
6.3	366	[33]	,	b	_
6.3	367	[18]	καὶ	_	_
6.3	368	[1]	κάλλιον	_	_
6.3	369	[1]	οὐσίαν	_	_
6.3	370	[2]	ψυχῆς	_	_
6.3	371	[1]	ὀνομάζειν	_	_
6.3	372	[34]	,	b	_
6.3	373	[2]	οὐ	_	_
6.3	374	[1]	δύναμιν	_	_
6.3	375	[35]	,	b	_
6.3	376	[8]	ἐν	_	_
6.3	377	[1]	ἑκάστῳ	_	_
6.3	378	[7]	τῶν	_	_
6.3	379	[1]	τριῶν	_	_
6.3	380	[1]	σπλάγχνων	_	_
6.3	381	[1]	περιεχομένην	_	_
6.3	382	[36]	,	b	_
6.3	383	[9]	ἐν	_	_
6.3	384	[2]	ἐγκεφάλῳ	_	_
6.3	385	[6]	μὲν	_	_
6.3	386	[1]	λογιστικὴν	_	_
6.3	387	[37]	,	b	_
6.3	388	[10]	ἐν	_	_
6.3	389	[3]	καρδίᾳ	_	_
6.3	390	[7]	δὲ	_	_
6.3	391	[1]	θυμοειδῆ	_	_
6.3	392	[38]	,	b	_
6.3	393	[3]	κατὰ	_	_
6.3	394	[8]	δὲ	_	_
6.3	395	[10]	τὸ	_	_
6.3	396	[3]	ἧπαρ	_	_
6.3	397	[1]	ἐπιθυμητικὴν	_	_
6.3	398	[39]	,	b	_
6.3	399	[4]	ἢ	_	_
6.3	400	[1]	φυτικὴν	_	_
6.3	401	[40]	,	b	_
6.3	402	[5]	ἢ	_	_
6.3	403	[1]	γεννητικὴν	_	_
6.3	404	[41]	,	b	_
6.3	405	[6]	ἢ	_	_
6.3	406	[42]	,	b	_
6.3	407	[5]	ὡς	_	_
6.3	408	[1]	οἱ	_	_
6.3	409	[1]	περὶ	_	_
6.3	410	[1]	τὸν	_	_
6.3	411	[1]	Ἀριστοτέλην	_	_
6.3	412	[43]	,	b	_
6.3	413	[1]	θρεπτικὴν	_	_
6.3	414	[44]	,	b	_
6.3	415	[1]	ἀφ	_	_
6.3	416	[13]	’	b	_
6.3	417	[1]	ἑνὸς	_	_
6.3	418	[1]	ἑκάστου	_	_
6.3	419	[1]	τοὔνομα	_	_
6.3	420	[1]	θέμενοι	_	_
6.3	421	[45]	,	b	_
6.3	422	[1]	ἀπὸ	_	_
6.3	423	[7]	μὲν	_	_
6.3	424	[6]	τοῦ	_	_
6.3	425	[1]	φύειν	_	_
6.3	426	[2]	φυτικὴν	_	_
6.3	427	[46]	,	b	_
6.3	428	[2]	ἀπὸ	_	_
6.3	429	[9]	δὲ	_	_
6.3	430	[7]	τοῦ	_	_
6.3	431	[1]	τρέφειν	_	_
6.3	432	[2]	θρεπτικὴν	_	_
6.3	433	[47]	,	b	_
6.3	434	[3]	ἀπὸ	_	_
6.3	435	[10]	δὲ	_	_
6.3	436	[8]	τοῦ	_	_
6.3	437	[1]	γεννᾷν	_	_
6.3	438	[1]	γεννητικήν	_	_
6.3	439	[1]	·	b	_
6.3	440	[3]	ὁ	_	_
6.3	441	[11]	δὲ	_	_
6.3	442	[1]	Πλάτων	_	_
6.3	443	[4]	ἀπὸ	_	_
6.3	444	[9]	τοῦ	_	_
6.3	445	[1]	πλήθους	_	_
6.3	446	[8]	τῶν	_	_
6.3	447	[1]	ἐπιθυμιῶν	_	_
6.3	448	[1]	ἐπιθυμητικήν	_	_
6.3	449	[11]	.	b	_
6.3	450	[2]	οἱ	_	_
6.3	451	[12]	δὲ	_	_
6.3	452	[1]	Στωϊκοὶ	_	_
6.3	453	[1]	οὐδὲ	_	_
6.3	454	[1]	ψυχὴν	_	_
6.3	455	[1]	ὅλως	_	_
6.3	456	[1]	ὀνομάζουσι	_	_
6.3	457	[4]	τὴν	_	_
6.3	458	[4]	τὰ	_	_
6.3	459	[1]	φυτὰ	_	_
6.3	460	[1]	διοικοῦσαν	_	_
6.3	461	[48]	,	b	_
6.3	462	[1]	ἀλλὰ	_	_
6.3	463	[2]	φύσιν	_	_
6.3	464	[12]	.	b	_
6.3	465	[1]	ὀνομαζέτω	_	_
6.3	466	[8]	μὲν	_	_
6.3	467	[1]	οὖν	_	_
6.3	468	[1]	ἕκαστος	_	_
6.3	469	[49]	,	b	_
6.3	470	[6]	ὡς	_	_
6.3	471	[2]	ἂν	_	_
6.3	472	[1]	ἐθέλῃ	_	_
6.3	473	[50]	,	b	_
6.3	474	[2]	περὶ	_	_
6.3	475	[13]	δὲ	_	_
6.3	476	[9]	τῶν	_	_
6.3	477	[2]	ἐναργῶς	_	_
6.3	478	[2]	τοῖς	_	_
6.3	479	[1]	πράγμασι	_	_
6.3	480	[1]	διαφορῶν	_	_
6.3	481	[1]	ἀποδείξει	_	_
6.3	482	[1]	πιστούσθω	_	_
6.3	483	[51]	,	b	_
6.3	484	[3]	καθάπερ	_	_
6.3	485	[1]	ἡμεῖς	_	_
6.3	486	[3]	ἐπὶ	_	_
6.3	487	[9]	μὲν	_	_
6.3	488	[1]	ἐγκεφάλου	_	_
6.3	489	[19]	καὶ	_	_
6.3	490	[1]	καρδίας	_	_
6.3	491	[3]	ἔμπροσθεν	_	_
6.3	492	[1]	ἐποιήσαμεν	_	_
6.3	493	[52]	,	b	_
6.3	494	[1]	ἐφ	_	_
6.3	495	[14]	’	b	_
6.3	496	[3]	ἥπατος	_	_
6.3	497	[14]	δὲ	_	_
6.3	498	[4]	κατὰ	_	_
6.3	499	[2]	τὸν	_	_
6.3	500	[1]	ἐνεστῶτα	_	_
6.3	501	[1]	λόγον	_	_
6.3	502	[1]	ὁρμώμεθα	_	_
6.3	503	[1]	διελθεῖν	_	_
6.3	504	[13]	.	b	_
6.3	505	[1]	ἀρξόμεθα	_	_
6.3	506	[6]	δ	_	_
6.3	507	[15]	’	b	_
6.3	508	[5]	ἀπὸ	_	_
6.3	509	[10]	τῶν	_	_
6.3	510	[1]	ἐναργεστέρων	_	_
6.3	511	[53]	,	b	_
6.3	512	[1]	ἵν	_	_
6.3	513	[16]	’	b	_
6.3	514	[1]	ὥσπερ	_	_
6.3	515	[1]	γυμνασθέντες	_	_
6.3	516	[11]	ἐν	_	_
6.3	517	[1]	τούτοις	_	_
6.3	518	[1]	ῥᾷον	_	_
6.3	519	[1]	ἐξεύρωμέν	_	_
6.3	520	[2]	τι	_	_
6.3	521	[11]	τῶν	_	_
6.3	522	[1]	ἀμυδροτέρων	_	_
6.3	523	[54]	,	b	_
6.3	524	[1]	ἅμα	_	_
6.3	525	[6]	τε	_	_
6.3	526	[1]	προτάσεων	_	_
6.3	527	[1]	εὐπορήσωμεν	_	_
6.3	528	[4]	εἰς	_	_
6.3	529	[1]	αὐτά	_	_
6.3	530	[14]	.	b	_
6.3	531	[1]	ἐναργέστερον	_	_
6.3	532	[7]	δ	_	_
6.3	533	[17]	’	b	_
6.3	534	[1]	ἐστὶν	_	_
6.3	535	[6]	ἀπὸ	_	_
6.3	536	[12]	τῶν	_	_
6.3	537	[1]	φλεβῶν	_	_
6.3	538	[1]	ἄρξασθαι	_	_
6.3	539	[20]	καὶ	_	_
6.3	540	[1]	ζητῆσαι	_	_
6.3	541	[55]	,	b	_
6.3	542	[1]	πότερον	_	_
6.3	543	[21]	καὶ	_	_
6.3	544	[1]	τούτων	_	_
6.3	545	[2]	ἐστὶν	_	_
6.3	546	[4]	ἀρχὴ	_	_
6.3	547	[11]	τὸ	_	_
6.3	548	[4]	ἧπαρ	_	_
6.3	549	[56]	,	b	_
6.3	550	[7]	ὡς	_	_
6.3	551	[2]	ἀρτηριῶν	_	_
6.3	552	[10]	μὲν	_	_
6.3	553	[4]	ἡ	_	_
6.3	554	[2]	καρδία	_	_
6.3	555	[57]	,	b	_
6.3	556	[13]	τῶν	_	_
6.3	557	[2]	νεύρων	_	_
6.3	558	[8]	δ	_	_
6.3	559	[18]	’	b	_
6.3	560	[4]	ὁ	_	_
6.3	561	[3]	ἐγκέφαλος	_	_
6.3	562	[58]	,	b	_
6.3	563	[7]	ἢ	_	_
6.3	564	[59]	,	b	_
6.3	565	[4]	καθάπερ	_	_
6.3	566	[1]	ἔνιοι	_	_
6.3	567	[1]	νομίζουσιν	_	_
6.3	568	[60]	,	b	_
6.3	569	[3]	οὐ	_	_
6.3	570	[1]	ταῖς	_	_
6.3	571	[1]	ἀρτηρίαις	_	_
6.3	572	[1]	μόναις	_	_
6.3	573	[61]	,	b	_
6.3	574	[2]	ἀλλὰ	_	_
6.3	575	[22]	καὶ	_	_
6.3	576	[2]	ταῖς	_	_
6.3	577	[1]	φλεψὶν	_	_
6.3	578	[1]	ἐπιπέμπει	_	_
6.3	579	[5]	τὰς	_	_
6.3	580	[1]	φυσικὰς	_	_
6.3	581	[2]	δυνάμεις	_	_
6.3	582	[5]	ἡ	_	_
6.3	583	[3]	καρδία	_	_
6.3	584	[15]	.	b	_
6.3	585	[1]	κάλλιστον	_	_
6.3	586	[2]	οὖν	_	_
6.3	587	[5]	εἰς	_	_
6.3	588	[2]	τοῦτο	_	_
6.3	589	[3]	περὶ	_	_
6.3	590	[6]	τῆς	_	_
6.3	591	[5]	κατὰ	_	_
6.3	592	[5]	τὰ	_	_
6.3	593	[2]	φυτὰ	_	_
6.3	594	[1]	γεννήσεώς	_	_
6.3	595	[7]	τε	_	_
6.3	596	[2]	ἅμα	_	_
6.3	597	[23]	καὶ	_	_
6.3	598	[1]	διοικήσεως	_	_
6.3	599	[1]	ἐπισκέψασθαι	_	_
6.3	600	[2]	πρότερον	_	_
6.3	601	[2]	·	b	_
6.3	602	[1]	εἰκὸς	_	_
6.3	603	[1]	γάρ	_	_
6.3	604	[1]	που	_	_
6.3	605	[62]	,	b	_
6.3	606	[1]	μόνην	_	_
6.3	607	[1]	ἐκείνοις	_	_
6.3	608	[1]	ὑπάρχουσαν	_	_
6.3	609	[5]	τὴν	_	_
6.3	610	[1]	ζητουμένην	_	_
6.3	611	[2]	δύναμιν	_	_
6.3	612	[1]	ἐναργέστερα	_	_
6.3	613	[1]	τεκμήρια	_	_
6.3	614	[10]	τοῦ	_	_
6.3	615	[1]	μέρους	_	_
6.3	616	[63]	,	b	_
6.3	617	[1]	ὅθεν	_	_
6.3	618	[1]	ὁρμᾶται	_	_
6.3	619	[64]	,	b	_
6.3	620	[1]	παρασχέσθαι	_	_
6.3	621	[16]	.	b	_
6.3	622	[1]	καταβληθέντος	_	_
6.3	623	[6]	εἰς	_	_
6.3	624	[6]	τὴν	_	_
6.3	625	[1]	γῆν	_	_
6.3	626	[1]	σπέρματος	_	_
6.3	627	[1]	οὑτινοσοῦν	_	_
6.3	628	[65]	,	b	_
6.3	629	[3]	εἰ	_	_
6.3	630	[11]	μὲν	_	_
6.3	631	[1]	αὐχμώδης	_	_
6.3	632	[1]	εἴη	_	_
6.3	633	[66]	,	b	_
6.3	634	[1]	πλέον	_	_
6.3	635	[3]	οὐδὲν	_	_
6.3	636	[7]	εἰς	_	_
6.3	637	[1]	φυτοῦ	_	_
6.3	638	[1]	γένεσιν	_	_
6.3	639	[2]	αὐτὸ	_	_
6.3	640	[1]	περιεργάσεται	_	_
6.3	641	[12]	τὸ	_	_
6.3	642	[1]	σπέρμα	_	_
6.3	643	[67]	,	b	_
6.3	644	[1]	πᾶσαν	_	_
6.3	645	[1]	αὐτοῦ	_	_
6.3	646	[7]	τὴν	_	_
6.3	647	[1]	ἔμφυτον	_	_
6.3	648	[1]	ἰκμάδα	_	_
6.3	649	[1]	πρὸς	_	_
6.3	650	[1]	ἑαυτὴν	_	_
6.3	651	[7]	τῆς	_	_
6.3	652	[1]	γῆς	_	_
6.3	653	[1]	ἑλκυσάσης	_	_
6.3	654	[3]	·	b	_
6.3	655	[1]	μετρίως	_	_
6.3	656	[9]	δ	_	_
6.3	657	[19]	’	b	_
6.3	658	[1]	ὑπαρχούσης	_	_
6.3	659	[1]	ὑγρᾶς	_	_
6.3	660	[68]	,	b	_
6.3	661	[1]	μαλακὸν	_	_
6.3	662	[1]	γίνεται	_	_
6.3	663	[13]	τὸ	_	_
6.3	664	[2]	σπέρμα	_	_
6.3	665	[69]	,	b	_
6.3	666	[1]	διοιδίσκεται	_	_
6.3	667	[15]	δὲ	_	_
6.3	668	[6]	κατὰ	_	_
6.3	669	[14]	τὸ	_	_
6.3	670	[1]	περιέχον	_	_
6.3	671	[3]	αὐτὸ	_	_
6.3	672	[1]	σύμφυτον	_	_
6.3	673	[1]	σκέπασμα	_	_
6.3	674	[15]	τὸ	_	_
6.3	675	[1]	οἷον	_	_
6.3	676	[1]	δέρμα	_	_
6.3	677	[70]	,	b	_
6.3	678	[24]	καὶ	_	_
6.3	679	[1]	ῥήγνυται	_	_
6.3	680	[12]	μὲν	_	_
6.3	681	[1]	πρῶτον	_	_
6.3	682	[71]	,	b	_
6.3	683	[1]	ἀερωθείσης	_	_
6.3	684	[8]	τῆς	_	_
6.3	685	[7]	κατὰ	_	_
6.3	686	[16]	τὸ	_	_
6.3	687	[3]	σπέρμα	_	_
6.3	688	[1]	νοτίδος	_	_
6.3	689	[4]	·	b	_
6.3	690	[1]	εἶθ	_	_
6.3	691	[20]	’	b	_
6.3	692	[1]	ἑξῆς	_	_
6.3	693	[1]	ἀποτείνεται	_	_
6.3	694	[8]	κατὰ	_	_
6.3	695	[17]	τὸ	_	_
6.3	696	[1]	ῥαγὲν	_	_
6.3	697	[1]	ἀποβλάστημά	_	_
6.3	698	[3]	τι	_	_
6.3	699	[1]	λεπτὸν	_	_
6.3	700	[25]	καὶ	_	_
6.3	701	[2]	μαλακὸν	_	_
6.3	702	[8]	εἰς	_	_
6.3	703	[1]	ἄμφω	_	_
6.3	704	[6]	τὰ	_	_
6.3	705	[1]	μέρη	_	_
6.3	706	[72]	,	b	_
6.3	707	[1]	τό	_	_
6.3	708	[8]	τε	_	_
6.3	709	[1]	ἄνω	_	_
6.3	710	[11]	τοῦ	_	_
6.3	711	[2]	σπέρματος	_	_
6.3	712	[8]	ὡς	_	_
6.3	713	[2]	πρὸς	_	_
6.3	714	[3]	τὸν	_	_
6.3	715	[1]	ἀέρα	_	_
6.3	716	[26]	καὶ	_	_
6.3	717	[18]	τὸ	_	_
6.3	718	[9]	κατὰ	_	_
6.3	719	[1]	βάθους	_	_
6.3	720	[9]	τῆς	_	_
6.3	721	[2]	γῆς	_	_
6.3	722	[17]	.	b	_
6.3	723	[27]	καὶ	_	_
6.3	724	[1]	ταῦτα	_	_
6.3	725	[2]	συνεχῆ	_	_
6.3	726	[2]	φαίνεται	_	_
6.3	727	[8]	τὴν	_	_
6.3	728	[1]	αὔξησιν	_	_
6.3	729	[1]	ποιούμενα	_	_
6.3	730	[28]	καὶ	_	_
6.3	731	[1]	φερόμενα	_	_
6.3	732	[2]	διὰ	_	_
6.3	733	[1]	παντὸς	_	_
6.3	734	[9]	εἰς	_	_
6.3	735	[1]	ἅπερ	_	_
6.3	736	[1]	ἀρχῆθεν	_	_
6.3	737	[1]	ὥρμησε	_	_
6.3	738	[18]	.	b	_
6.3	739	[29]	καὶ	_	_
6.3	740	[12]	τοῦ	_	_
6.3	741	[1]	χρόνου	_	_
6.3	742	[1]	προϊόντος	_	_
6.3	743	[4]	εἰ	_	_
6.3	744	[19]	τὸ	_	_
6.3	745	[4]	σπέρμα	_	_
6.3	746	[1]	δένδρου	_	_
6.3	747	[1]	τινὸς	_	_
6.3	748	[2]	εἴη	_	_
6.3	749	[1]	μεγάλου	_	_
6.3	750	[5]	σπέρμα	_	_
6.3	751	[73]	,	b	_
6.3	752	[20]	τὸ	_	_
6.3	753	[13]	μὲν	_	_
6.3	754	[10]	εἰς	_	_
6.3	755	[4]	τὸν	_	_
6.3	756	[2]	ἀέρα	_	_
6.3	757	[1]	φερόμενον	_	_
6.3	758	[2]	αὐτοῦ	_	_
6.3	759	[1]	πρέμνον	_	_
6.3	760	[1]	γίγνεται	_	_
6.3	761	[74]	,	b	_
6.3	762	[21]	τὸ	_	_
6.3	763	[10]	δ	_	_
6.3	764	[21]	’	b	_
6.3	765	[11]	εἰς	_	_
6.3	766	[22]	τὸ	_	_
6.3	767	[1]	βάθος	_	_
6.3	768	[10]	τῆς	_	_
6.3	769	[3]	γῆς	_	_
6.3	770	[1]	ῥίζα	_	_
6.3	771	[75]	,	b	_
6.3	772	[30]	καὶ	_	_
6.3	773	[1]	σχίζεταί	_	_
6.3	774	[3]	γε	_	_
6.3	775	[1]	πολλὰς	_	_
6.3	776	[1]	σχίσεις	_	_
6.3	777	[2]	ἑκάτερον	_	_
6.3	778	[76]	,	b	_
6.3	779	[5]	εἰ	_	_
6.3	780	[1]	πολυσχιδοῦς	_	_
6.3	781	[3]	εἴη	_	_
6.3	782	[2]	δένδρου	_	_
6.3	783	[23]	τὸ	_	_
6.3	784	[6]	σπέρμα	_	_
6.3	785	[19]	.	b	_
6.3	786	[1]	μία	_	_
6.3	787	[14]	μὲν	_	_
6.3	788	[3]	οὖν	_	_
6.3	789	[5]	ἀρχὴ	_	_
6.3	790	[11]	τῆς	_	_
6.3	791	[1]	γενέσεώς	_	_
6.3	792	[3]	ἐστι	_	_
6.3	793	[31]	καὶ	_	_
6.3	794	[12]	τῆς	_	_
6.3	795	[1]	αὐξήσεως	_	_
6.3	796	[1]	ἅπασι	_	_
6.3	797	[13]	τοῦ	_	_
6.3	798	[2]	φυτοῦ	_	_
6.3	799	[3]	τοῖς	_	_
6.3	800	[1]	μέρεσιν	_	_
6.3	801	[5]	ὁ	_	_
6.3	802	[1]	τόπος	_	_
6.3	803	[1]	ἐκεῖνος	_	_
6.3	804	[77]	,	b	_
6.3	805	[2]	ὅθεν	_	_
6.3	806	[2]	ἄνω	_	_
6.3	807	[15]	μὲν	_	_
6.3	808	[24]	τὸ	_	_
6.3	809	[2]	πρέμνον	_	_
6.3	810	[78]	,	b	_
6.3	811	[6]	ἡ	_	_
6.3	812	[11]	δ	_	_
6.3	813	[22]	’	b	_
6.3	814	[6]	ἀρχὴ	_	_
6.3	815	[13]	τῆς	_	_
6.3	816	[1]	ῥιζώσεως	_	_
6.3	817	[1]	κάτω	_	_
6.3	818	[2]	γίγνεται	_	_
6.3	819	[79]	,	b	_
6.3	820	[32]	καὶ	_	_
6.3	821	[3]	φαίνεται	_	_
6.3	822	[5]	καθάπερ	_	_
6.3	823	[1]	ἔκ	_	_
6.3	824	[1]	τινος	_	_
6.3	825	[1]	ἑστίας	_	_
6.3	826	[7]	ἡ	_	_
6.3	827	[1]	διοικοῦσα	_	_
6.3	828	[25]	τὸ	_	_
6.3	829	[1]	δένδρον	_	_
6.3	830	[2]	δύναμις	_	_
6.3	831	[1]	ἐκεῖθεν	_	_
6.3	832	[1]	ὁρμωμένη	_	_
6.3	833	[20]	.	b	_
6.3	834	[1]	κινεῖται	_	_
6.3	835	[16]	μὲν	_	_
6.3	836	[4]	οὖν	_	_
6.3	837	[6]	τὰς	_	_
6.3	838	[1]	ἐναντίας	_	_
6.3	839	[1]	κινήσεις	_	_
6.3	840	[80]	,	b	_
6.3	841	[12]	εἰς	_	_
6.3	842	[17]	μὲν	_	_
6.3	843	[26]	τὸ	_	_
6.3	844	[2]	κάτω	_	_
6.3	845	[33]	καὶ	_	_
6.3	846	[27]	τὸ	_	_
6.3	847	[2]	βάθος	_	_
6.3	848	[14]	τῆς	_	_
6.3	849	[4]	γῆς	_	_
6.3	850	[3]	ἔν	_	_
6.3	851	[9]	τε	_	_
6.3	852	[5]	τῷ	_	_
6.3	853	[1]	κατασχίζειν	_	_
6.3	854	[5]	τὸν	_	_
6.3	855	[1]	βλαστὸν	_	_
6.3	856	[1]	πολυμερῶς	_	_
6.3	857	[13]	εἰς	_	_
6.3	858	[2]	πολλὰς	_	_
6.3	859	[7]	τὰς	_	_
6.3	860	[1]	πρώτας	_	_
6.3	861	[1]	ῥίζας	_	_
6.3	862	[1]	αὐξάνειν	_	_
6.3	863	[1]	ἀρχομένας	_	_
6.3	864	[5]	·	b	_
6.3	865	[14]	εἰς	_	_
6.3	866	[16]	δὲ	_	_
6.3	867	[28]	τὸ	_	_
6.3	868	[3]	ἄνω	_	_
6.3	869	[1]	κλάδους	_	_
6.3	870	[1]	μέν	_	_
6.3	871	[1]	τινας	_	_
6.3	872	[1]	ἀποφύουσιν	_	_
6.3	873	[14]	τοῦ	_	_
6.3	874	[1]	στελέχους	_	_
6.3	875	[81]	,	b	_
6.3	876	[1]	ἐκείνους	_	_
6.3	877	[12]	δ	_	_
6.3	878	[23]	’	b	_
6.3	879	[1]	αὖθις	_	_
6.3	880	[15]	εἰς	_	_
6.3	881	[1]	ἑτέρους	_	_
6.3	882	[1]	σχίζουσιν	_	_
6.3	883	[1]	μέχρι	_	_
6.3	884	[14]	τῶν	_	_
6.3	885	[1]	ἐσχάτων	_	_
6.3	886	[34]	καὶ	_	_
6.3	887	[1]	λεπτοτάτων	_	_
6.3	888	[1]	βλαστῶν	_	_
6.3	889	[21]	.	b	_
6.3	890	[35]	καὶ	_	_
6.3	891	[1]	ἔοικε	_	_
6.3	892	[29]	τὸ	_	_
6.3	893	[18]	μὲν	_	_
6.3	894	[4]	ἄνω	_	_
6.3	895	[2]	μέρος	_	_
6.3	896	[2]	ἅπαν	_	_
6.3	897	[82]	,	b	_
6.3	898	[2]	ὅπερ	_	_
6.3	899	[1]	ἐστὶ	_	_
6.3	900	[30]	τὸ	_	_
6.3	901	[2]	δένδρον	_	_
6.3	902	[83]	,	b	_
6.3	903	[1]	ἕνεκεν	_	_
6.3	904	[1]	ἑαυτοῦ	_	_
6.3	905	[10]	τε	_	_
6.3	906	[36]	καὶ	_	_
6.3	907	[15]	τοῦ	_	_
6.3	908	[1]	καρποῦ	_	_
6.3	909	[1]	διαπλάττειν	_	_
6.3	910	[84]	,	b	_
6.3	911	[31]	τὸ	_	_
6.3	912	[3]	κάτω	_	_
6.3	913	[13]	δ	_	_
6.3	914	[24]	’	b	_
6.3	915	[2]	ὑπὲρ	_	_
6.3	916	[15]	τῆς	_	_
6.3	917	[10]	κατὰ	_	_
6.3	918	[9]	τὴν	_	_
6.3	919	[1]	τροφὴν	_	_
6.3	920	[1]	εὐπορίας	_	_
6.3	921	[22]	.	b	_
6.3	922	[1]	ὁποῖον	_	_
6.3	923	[2]	γάρ	_	_
6.3	924	[4]	τι	_	_
6.3	925	[4]	τοῖς	_	_
6.3	926	[1]	ζώοις	_	_
6.3	927	[2]	ἐστὶ	_	_
6.3	928	[32]	τὸ	_	_
6.3	929	[1]	στόμα	_	_
6.3	930	[85]	,	b	_
6.3	931	[2]	τοιοῦτον	_	_
6.3	932	[5]	τοῖς	_	_
6.3	933	[2]	φυτοῖς	_	_
6.3	934	[33]	τὸ	_	_
6.3	935	[1]	πέρας	_	_
6.3	936	[16]	τῆς	_	_
6.3	937	[2]	ῥιζώσεως	_	_
6.3	938	[1]	ἀτεχνῶς	_	_
6.3	939	[1]	φάναι	_	_
6.3	940	[1]	δοκεῖ	_	_
6.3	941	[86]	,	b	_
6.3	942	[1]	στοματίων	_	_
6.3	943	[2]	πολλῶν	_	_
6.3	944	[1]	ἑλκόντων	_	_
6.3	945	[2]	ἐκ	_	_
6.3	946	[17]	τῆς	_	_
6.3	947	[5]	γῆς	_	_
6.3	948	[2]	τροφὴν	_	_
6.3	949	[2]	ὑπὸ	_	_
6.3	950	[18]	τῆς	_	_
6.3	951	[2]	φύσεως	_	_
6.3	952	[1]	δεδημιουργημένην	_	_
6.3	953	[23]	.	b	_
6.3	954	[1]	ἄγε	_	_
6.3	955	[1]	δή	_	_
6.3	956	[1]	μοι	_	_
6.3	957	[10]	τὴν	_	_
6.3	958	[1]	εἰκόνα	_	_
6.3	959	[1]	κᾀπὶ	_	_
6.3	960	[7]	τὰ	_	_
6.3	961	[1]	ζῶα	_	_
6.3	962	[24]	.	b	_
6.3	963	[37]	καὶ	_	_
6.3	964	[2]	πρῶτον	_	_
6.3	965	[19]	μὲν	_	_
6.3	966	[1]	ἐπίσκεψαι	_	_
6.3	967	[11]	τὴν	_	_
6.3	968	[1]	μεγίστην	_	_
6.3	969	[1]	ἀρτηρίαν	_	_
6.3	970	[87]	,	b	_
6.3	971	[1]	ἥτις	_	_
6.3	972	[2]	ὥσπερ	_	_
6.3	973	[3]	πρέμνον	_	_
6.3	974	[1]	ἐκφύουσα	_	_
6.3	975	[19]	τῆς	_	_
6.3	976	[2]	καρδίας	_	_
6.3	977	[1]	διασχίζεται	_	_
6.3	978	[88]	,	b	_
6.3	979	[6]	τῷ	_	_
6.3	980	[20]	μὲν	_	_
6.3	981	[1]	ἑτέρῳ	_	_
6.3	982	[1]	μέρει	_	_
6.3	983	[7]	τῷ	_	_
6.3	984	[1]	μικροτέρῳ	_	_
6.3	985	[3]	πρὸς	_	_
6.3	986	[12]	τὴν	_	_
6.3	987	[1]	κεφαλὴν	_	_
6.3	988	[1]	ἀναφερομένη	_	_
6.3	989	[89]	,	b	_
6.3	990	[1]	θατέρῳ	_	_
6.3	991	[17]	δὲ	_	_
6.3	992	[8]	τῷ	_	_
6.3	993	[1]	μείζονι	_	_
6.3	994	[11]	κατὰ	_	_
6.3	995	[20]	τῆς	_	_
6.3	996	[1]	ῥάχεως	_	_
6.3	997	[1]	ἐκτεταμένη	_	_
6.3	998	[25]	.	b	_
6.3	999	[1]	θέασαι	_	_
6.3	1000	[14]	δ	_	_
6.3	1001	[25]	’	b	_
6.3	1002	[2]	ἑξῆς	_	_
6.3	1003	[1]	ἅπαντ	_	_
6.3	1004	[26]	’	b	_
6.3	1005	[2]	αὐτῆς	_	_
6.3	1006	[8]	τὰ	_	_
6.3	1007	[1]	βλαστήματα	_	_
6.3	1008	[1]	πάντοσε	_	_
6.3	1009	[16]	τοῦ	_	_
6.3	1010	[1]	σώματος	_	_
6.3	1011	[2]	φερόμενα	_	_
6.3	1012	[1]	καθ	_	_
6.3	1013	[27]	’	b	_
6.3	1014	[1]	ὃν	_	_
6.3	1015	[12]	ἐν	_	_
6.3	1016	[9]	τῷ	_	_
6.3	1017	[1]	πρώτῳ	_	_
6.3	1018	[1]	γράμματι	_	_
6.3	1019	[1]	λέλεκται	_	_
6.3	1020	[1]	τρόπον	_	_
6.3	1021	[90]	,	b	_
6.3	1022	[1]	ἑτέραν	_	_
6.3	1023	[15]	δ	_	_
6.3	1024	[28]	’	b	_
6.3	1025	[2]	ἀρτηρίαν	_	_
6.3	1026	[3]	ἐκ	_	_
6.3	1027	[21]	τῆς	_	_
6.3	1028	[3]	αὐτῆς	_	_
6.3	1029	[2]	κοιλίας	_	_
6.3	1030	[22]	τῆς	_	_
6.3	1031	[3]	καρδίας	_	_
6.3	1032	[1]	ἐκφερομένην	_	_
6.3	1033	[91]	,	b	_
6.3	1034	[13]	τὴν	_	_
6.3	1035	[16]	εἰς	_	_
6.3	1036	[6]	τὸν	_	_
6.3	1037	[1]	πνεύμονα	_	_
6.3	1038	[1]	κατασχιζομένην	_	_
6.3	1039	[1]	ἀνάλογον	_	_
6.3	1040	[10]	τῷ	_	_
6.3	1041	[1]	καθήκοντι	_	_
6.3	1042	[2]	μέρει	_	_
6.3	1043	[23]	τῆς	_	_
6.3	1044	[3]	ῥιζώσεως	_	_
6.3	1045	[17]	εἰς	_	_
6.3	1046	[14]	τὴν	_	_
6.3	1047	[2]	γῆν	_	_
6.3	1048	[26]	.	b	_
6.3	1049	[3]	ὥσπερ	_	_
6.3	1050	[5]	γὰρ	_	_
6.3	1051	[4]	ἐκ	_	_
6.3	1052	[24]	τῆς	_	_
6.3	1053	[6]	γῆς	_	_
6.3	1054	[9]	τὰ	_	_
6.3	1055	[3]	φυτὰ	_	_
6.3	1056	[3]	διὰ	_	_
6.3	1057	[15]	τῶν	_	_
6.3	1058	[1]	ῥιζῶν	_	_
6.3	1059	[1]	ἅπασαν	_	_
6.3	1060	[1]	ἐπισπᾶται	_	_
6.3	1061	[15]	τὴν	_	_
6.3	1062	[3]	τροφὴν	_	_
6.3	1063	[92]	,	b	_
6.3	1064	[1]	οὕτως	_	_
6.3	1065	[5]	ἐκ	_	_
6.3	1066	[17]	τοῦ	_	_
6.3	1067	[1]	πνεύμονος	_	_
6.3	1068	[8]	ἡ	_	_
6.3	1069	[1]	καρ	_	_
6.3	1070	[1]	δία	_	_
6.3	1071	[7]	τὸν	_	_
6.3	1072	[3]	ἀέρα	_	_
6.3	1073	[4]	διὰ	_	_
6.3	1074	[16]	τῶν	_	_
6.3	1075	[1]	εἰρημένων	_	_
6.3	1076	[3]	ἀρτηριῶν	_	_
6.3	1077	[27]	.	b	_
6.3	1078	[1]	αὗται	_	_
6.3	1079	[2]	δύο	_	_
6.3	1080	[21]	μὲν	_	_
6.3	1081	[25]	τῆς	_	_
6.3	1082	[4]	καρδίας	_	_
6.3	1083	[1]	ἐκπεφύκασιν	_	_
6.3	1084	[1]	ἀρτηρίαι	_	_
6.3	1085	[93]	,	b	_
6.3	1086	[1]	μέγισται	_	_
6.3	1087	[17]	τῶν	_	_
6.3	1088	[1]	οἰκείων	_	_
6.3	1089	[1]	ἀποβλαστημάτων	_	_
6.3	1090	[1]	ἑκάτεραι	_	_
6.3	1091	[28]	.	b	_
6.3	1092	[38]	καὶ	_	_
6.3	1093	[6]	καθάπερ	_	_
6.3	1094	[13]	ἐν	_	_
6.3	1095	[11]	τῷ	_	_
6.3	1096	[1]	φυτῷ	_	_
6.3	1097	[34]	τὸ	_	_
6.3	1098	[22]	μὲν	_	_
6.3	1099	[1]	ἐξέχον	_	_
6.3	1100	[26]	τῆς	_	_
6.3	1101	[7]	γῆς	_	_
6.3	1102	[35]	τὸ	_	_
6.3	1103	[4]	πρέμνον	_	_
6.3	1104	[3]	ἐστὶν	_	_
6.3	1105	[1]	ἁπάντων	_	_
6.3	1106	[1]	εὐρύτατον	_	_
6.3	1107	[18]	τῶν	_	_
6.3	1108	[1]	ἄλλων	_	_
6.3	1109	[94]	,	b	_
6.3	1110	[36]	τὸ	_	_
6.3	1111	[16]	δ	_	_
6.3	1112	[29]	’	b	_
6.3	1113	[18]	εἰς	_	_
6.3	1114	[8]	τὰς	_	_
6.3	1115	[2]	ῥίζας	_	_
6.3	1116	[1]	σχιζόμενον	_	_
6.3	1117	[2]	ἁπάντων	_	_
6.3	1118	[39]	καὶ	_	_
6.3	1119	[1]	τοῦτ	_	_
6.3	1120	[30]	’	b	_
6.3	1121	[2]	εὐρύτατον	_	_
6.3	1122	[19]	τῶν	_	_
6.3	1123	[4]	κάτω	_	_
6.3	1124	[95]	,	b	_
6.3	1125	[37]	τὸ	_	_
6.3	1126	[1]	μέσον	_	_
6.3	1127	[17]	δ	_	_
6.3	1128	[31]	’	b	_
6.3	1129	[1]	ἀμφοῖν	_	_
6.3	1130	[9]	ἡ	_	_
6.3	1131	[7]	ἀρχὴ	_	_
6.3	1132	[18]	τοῦ	_	_
6.3	1133	[3]	φυτοῦ	_	_
6.3	1134	[96]	,	b	_
6.3	1135	[12]	κατὰ	_	_
6.3	1136	[8]	τὸν	_	_
6.3	1137	[1]	αὐτὸν	_	_
6.3	1138	[2]	τρόπον	_	_
6.3	1139	[10]	ἡ	_	_
6.3	1140	[23]	μὲν	_	_
6.3	1141	[2]	οἷον	_	_
6.3	1142	[1]	στέλεχος	_	_
6.3	1143	[1]	ἀρτηρία	_	_
6.3	1144	[1]	μεγίστη	_	_
6.3	1145	[20]	τῶν	_	_
6.3	1146	[2]	καθ	_	_
6.3	1147	[32]	’	b	_
6.3	1148	[1]	ὅλον	_	_
6.3	1149	[3]	ἐστὶ	_	_
6.3	1150	[38]	τὸ	_	_
6.3	1151	[2]	ζῶον	_	_
6.3	1152	[97]	,	b	_
6.3	1153	[11]	ἡ	_	_
6.3	1154	[18]	δ	_	_
6.3	1155	[33]	’	b	_
6.3	1156	[19]	εἰς	_	_
6.3	1157	[9]	τὸν	_	_
6.3	1158	[2]	πνεύμονα	_	_
6.3	1159	[16]	τὴν	_	_
6.3	1160	[1]	ἔμφυσιν	_	_
6.3	1161	[1]	ἔχουσα	_	_
6.3	1162	[21]	τῶν	_	_
6.3	1163	[14]	ἐν	_	_
6.3	1164	[1]	ἐκείνῳ	_	_
6.3	1165	[1]	πασῶν	_	_
6.3	1166	[98]	,	b	_
6.3	1167	[1]	αὐτὴ	_	_
6.3	1168	[18]	δὲ	_	_
6.3	1169	[12]	ἡ	_	_
6.3	1170	[4]	καρδία	_	_
6.3	1171	[1]	μέση	_	_
6.3	1172	[1]	τ	_	_
6.3	1173	[34]	’	b	_
6.3	1174	[1]	ἀμφοτέρων	_	_
6.3	1175	[4]	ἐστὶ	_	_
6.3	1176	[40]	καὶ	_	_
6.3	1177	[8]	ἀρχὴ	_	_
6.3	1178	[22]	τῶν	_	_
6.3	1179	[1]	διοικουσῶν	_	_
6.3	1180	[1]	αὐτὰ	_	_
6.3	1181	[2]	δυνάμεων	_	_
6.3	1182	[29]	.	b	_
6.3	1183	[1]	ἀνδρί	_	_
6.3	1184	[11]	τε	_	_
6.3	1185	[4]	περὶ	_	_
6.3	1186	[3]	φύσιν	_	_
6.3	1187	[1]	δεινῷ	_	_
6.3	1188	[41]	καὶ	_	_
6.3	1189	[1]	χωρὶς	_	_
6.3	1190	[23]	τῶν	_	_
6.3	1191	[2]	εἰρημένων	_	_
6.3	1192	[1]	εὔδηλον	_	_
6.3	1193	[99]	,	b	_
6.3	1194	[9]	ὡς	_	_
6.3	1195	[10]	τὰ	_	_
6.3	1196	[1]	μείζω	_	_
6.3	1197	[24]	τῶν	_	_
6.3	1198	[1]	ἐλαττόνων	_	_
6.3	1199	[1]	ἀρχαὶ	_	_
6.3	1200	[100]	,	b	_
6.3	1201	[7]	καθάπερ	_	_
6.3	1202	[4]	γε	_	_
6.3	1203	[42]	καὶ	_	_
6.3	1204	[13]	ἡ	_	_
6.3	1205	[1]	πηγὴ	_	_
6.3	1206	[25]	τῶν	_	_
6.3	1207	[1]	ὀχετῶν	_	_
6.3	1208	[101]	,	b	_
6.3	1209	[20]	εἰς	_	_
6.3	1210	[1]	οὕς	_	_
6.3	1211	[1]	διανέμεται	_	_
6.3	1212	[30]	.	b	_
6.3	1213	[1]	καίτοι	_	_
6.3	1214	[1]	τινὲς	_	_
6.3	1215	[21]	εἰς	_	_
6.3	1216	[1]	τοσοῦτον	_	_
6.3	1217	[1]	ἥκουσιν	_	_
6.3	1218	[1]	ἀλογίας	_	_
6.3	1219	[102]	,	b	_
6.3	1220	[10]	ὡς	_	_
6.3	1221	[27]	τῆς	_	_
6.3	1222	[2]	ἀρχῆς	_	_
6.3	1223	[11]	τὰ	_	_
6.3	1224	[1]	μετ	_	_
6.3	1225	[35]	’	b	_
6.3	1226	[1]	αὐτὴν	_	_
6.3	1227	[2]	μείζω	_	_
6.3	1228	[1]	νομίζειν	_	_
6.3	1229	[103]	,	b	_
6.3	1230	[1]	ἐξαπατώμενοι	_	_
6.3	1231	[4]	πρὸς	_	_
6.3	1232	[26]	τῶν	_	_
6.3	1233	[1]	ποταμῶν	_	_
6.3	1234	[104]	,	b	_
6.3	1235	[1]	οἵ	_	_
6.3	1236	[1]	μικροὶ	_	_
6.3	1237	[1]	παντάπασι	_	_
6.3	1238	[5]	πρὸς	_	_
6.3	1239	[3]	ταῖς	_	_
6.3	1240	[1]	πηγαῖς	_	_
6.3	1241	[1]	ὄντες	_	_
6.3	1242	[1]	αὐξάνονται	_	_
6.3	1243	[1]	προϊόντες	_	_
6.3	1244	[105]	,	b	_
6.3	1245	[2]	οὐκ	_	_
6.3	1246	[4]	ἐξ	_	_
6.3	1247	[1]	ἀνάγκης	_	_
6.3	1248	[1]	ἀεὶ	_	_
6.3	1249	[1]	γιγνομένου	_	_
6.3	1250	[31]	.	b	_
6.3	1251	[2]	τινὲς	_	_
6.3	1252	[24]	μὲν	_	_
6.3	1253	[6]	γὰρ	_	_
6.3	1254	[1]	αὐτῶν	_	_
6.3	1255	[2]	ἑτέρους	_	_
6.3	1256	[1]	ὑποδεχόμενοι	_	_
6.3	1257	[1]	ποταμοὺς	_	_
6.3	1258	[1]	εἰκότως	_	_
6.3	1259	[2]	αὐξάνονται	_	_
6.3	1260	[106]	,	b	_
6.3	1261	[3]	τινὲς	_	_
6.3	1262	[19]	δ	_	_
6.3	1263	[36]	’	b	_
6.3	1264	[2]	ὀχετῶν	_	_
6.3	1265	[1]	ἀποσχιζομένων	_	_
6.3	1266	[1]	σμικρύνονται	_	_
6.3	1267	[32]	.	b	_
6.3	1268	[1]	ποταμὸς	_	_
6.3	1269	[19]	δὲ	_	_
6.3	1270	[1]	οὐδεὶς	_	_
6.3	1271	[6]	ἐκ	_	_
6.3	1272	[1]	μιᾶς	_	_
6.3	1273	[1]	ὁρμώμενος	_	_
6.3	1274	[1]	πηγῆς	_	_
6.3	1275	[1]	ἐλάττονα	_	_
6.3	1276	[17]	τὴν	_	_
6.3	1277	[2]	κεφαλὴν	_	_
6.3	1278	[1]	ἔχει	_	_
6.3	1279	[27]	τῶν	_	_
6.3	1280	[1]	ἐφεξῆς	_	_
6.3	1281	[6]	·	b	_
6.3	1282	[6]	εἰ	_	_
6.3	1283	[20]	δὲ	_	_
6.3	1284	[7]	ἐκ	_	_
6.3	1285	[3]	πολλῶν	_	_
6.3	1286	[1]	ἀθροίζοιτο	_	_
6.3	1287	[1]	πηγῶν	_	_
6.3	1288	[107]	,	b	_
6.3	1289	[1]	εὔλογον	_	_
6.3	1290	[1]	δήπου	_	_
6.3	1291	[39]	τὸ	_	_
6.3	1292	[2]	ὅλον	_	_
6.3	1293	[1]	ἑκάστης	_	_
6.3	1294	[2]	αὐτῶν	_	_
6.3	1295	[1]	γενέσθαι	_	_
6.3	1296	[1]	μείζονα	_	_
6.3	1297	[33]	.	b	_
6.3	1298	[43]	καὶ	_	_
6.3	1299	[2]	χωρὶς	_	_
6.3	1300	[21]	δὲ	_	_
6.3	1301	[19]	τοῦ	_	_
6.3	1302	[1]	παραδείγματος	_	_
6.3	1303	[108]	,	b	_
6.3	1304	[7]	εἰ	_	_
6.3	1305	[12]	τὰ	_	_
6.3	1306	[13]	κατὰ	_	_
6.3	1307	[40]	τὸ	_	_
6.3	1308	[2]	σῶμα	_	_
6.3	1309	[28]	τῶν	_	_
6.3	1310	[1]	ζώων	_	_
6.3	1311	[1]	ἀγγεῖα	_	_
6.3	1312	[13]	τὰ	_	_
6.3	1313	[1]	μικρότερα	_	_
6.3	1314	[29]	τῶν	_	_
6.3	1315	[1]	μειζόνων	_	_
6.3	1316	[1]	ἀρχὰς	_	_
6.3	1317	[1]	θησόμεθα	_	_
6.3	1318	[109]	,	b	_
6.3	1319	[1]	μαχεῖται	_	_
6.3	1320	[6]	πρὸς	_	_
6.3	1321	[1]	ἑαυτὸν	_	_
6.3	1322	[6]	ὁ	_	_
6.3	1323	[1]	λόγος	_	_
6.3	1324	[15]	ἐν	_	_
6.3	1325	[1]	ἅπαντι	_	_
6.3	1326	[1]	μορίῳ	_	_
6.3	1327	[20]	τοῦ	_	_
6.3	1328	[2]	σώματος	_	_
6.3	1329	[1]	ἀναγκαζόμενος	_	_
6.3	1330	[1]	ὁμολογεῖν	_	_
6.3	1331	[2]	ἀρχὴν	_	_
6.3	1332	[1]	εἶναι	_	_
6.3	1333	[30]	τῶν	_	_
6.3	1334	[2]	ἄλλων	_	_
6.3	1335	[2]	τριῶν	_	_
6.3	1336	[1]	ὀργάνων	_	_
6.3	1337	[110]	,	b	_
6.3	1338	[1]	ἀρτηρίας	_	_
6.3	1339	[111]	,	b	_
6.3	1340	[44]	καὶ	_	_
6.3	1341	[1]	νεύρου	_	_
6.3	1342	[112]	,	b	_
6.3	1343	[45]	καὶ	_	_
6.3	1344	[1]	φλεβός	_	_
6.3	1345	[34]	.	b	_
6.3	1346	[1]	ὥστ	_	_
6.3	1347	[37]	’	b	_
6.3	1348	[113]	,	b	_
6.3	1349	[8]	εἰ	_	_
6.3	1350	[2]	οὕτως	_	_
6.3	1351	[1]	ἔτυχε	_	_
6.3	1352	[114]	,	b	_
6.3	1353	[18]	τὴν	_	_
6.3	1354	[1]	πτέρναν	_	_
6.3	1355	[8]	ἢ	_	_
6.3	1356	[10]	τὸν	_	_
6.3	1357	[1]	δάκτυλον	_	_
6.3	1358	[3]	ἀρχὴν	_	_
6.3	1359	[2]	εἶναι	_	_
6.3	1360	[28]	τῆς	_	_
6.3	1361	[1]	μεγίστης	_	_
6.3	1362	[2]	ἀρτηρίας	_	_
6.3	1363	[115]	,	b	_
6.3	1364	[46]	καὶ	_	_
6.3	1365	[29]	τῆς	_	_
6.3	1366	[1]	κοίλης	_	_
6.3	1367	[1]	φλεβὸς	_	_
6.3	1368	[116]	,	b	_
6.3	1369	[47]	καὶ	_	_
6.3	1370	[21]	τοῦ	_	_
6.3	1371	[1]	νωτιαίου	_	_
6.3	1372	[7]	·	b	_
6.3	1373	[1]	ταυτὶ	_	_
6.3	1374	[7]	γὰρ	_	_
6.3	1375	[4]	ὥσπερ	_	_
6.3	1376	[1]	τινὰ	_	_
6.3	1377	[1]	πρέμνα	_	_
6.3	1378	[117]	,	b	_
6.3	1379	[41]	τὸ	_	_
6.3	1380	[25]	μὲν	_	_
6.3	1381	[4]	ἀρτηριῶν	_	_
6.3	1382	[4]	ἐστι	_	_
6.3	1383	[118]	,	b	_
6.3	1384	[42]	τὸ	_	_
6.3	1385	[22]	δὲ	_	_
6.3	1386	[2]	φλεβῶν	_	_
6.3	1387	[119]	,	b	_
6.3	1388	[43]	τὸ	_	_
6.3	1389	[23]	δὲ	_	_
6.3	1390	[3]	νεύρων	_	_
6.3	1391	[35]	.	b	_
6.3	1392	[2]	ὥστ	_	_
6.3	1393	[38]	’	b	_
6.3	1394	[1]	ἴσως	_	_
6.3	1395	[7]	ὁ	_	_
6.3	1396	[1]	τοῦτον	_	_
6.3	1397	[11]	τὸν	_	_
6.3	1398	[2]	λόγον	_	_
6.3	1399	[1]	εἰσηγούμενος	_	_
6.3	1400	[2]	οὐδὲ	_	_
6.3	1401	[14]	τὰ	_	_
6.3	1402	[2]	βλαστήματα	_	_
6.3	1403	[31]	τῶν	_	_
6.3	1404	[1]	δένδρων	_	_
6.3	1405	[120]	,	b	_
6.3	1406	[3]	οὐδὲ	_	_
6.3	1407	[15]	τὰ	_	_
6.3	1408	[1]	πέρατα	_	_
6.3	1409	[32]	τῶν	_	_
6.3	1410	[2]	ῥιζῶν	_	_
6.3	1411	[1]	αἰσχύνεται	_	_
6.3	1412	[1]	λέγειν	_	_
6.3	1413	[2]	ἀρχὰς	_	_
6.3	1414	[22]	τοῦ	_	_
6.3	1415	[4]	φυτοῦ	_	_
6.3	1416	[36]	.	b	_
6.3	1417	[2]	καίτοι	_	_
6.3	1418	[1]	τά	_	_
6.3	1419	[5]	γε	_	_
6.3	1420	[2]	πέρατα	_	_
6.3	1421	[33]	τῶν	_	_
6.3	1422	[3]	ῥιζῶν	_	_
6.3	1423	[2]	ἀρχαὶ	_	_
6.3	1424	[1]	τροφῆς	_	_
6.3	1425	[23]	τοῦ	_	_
6.3	1426	[3]	δένδρου	_	_
6.3	1427	[1]	δύναιτ	_	_
6.3	1428	[39]	’	b	_
6.3	1429	[3]	ἂν	_	_
6.3	1430	[1]	λέγεσθαι	_	_
6.3	1431	[1]	παραπλησίως	_	_
6.3	1432	[4]	ταῖς	_	_
6.3	1433	[22]	εἰς	_	_
6.3	1434	[19]	τὴν	_	_
6.3	1435	[1]	γαστέρα	_	_
6.3	1436	[1]	καθηκούσαις	_	_
6.3	1437	[1]	φλεψὶ	_	_
6.3	1438	[48]	καὶ	_	_
6.3	1439	[5]	ταῖς	_	_
6.3	1440	[23]	εἰς	_	_
6.3	1441	[12]	τὸν	_	_
6.3	1442	[3]	πνεύμονα	_	_
6.3	1443	[1]	κατασχιζομέναις	_	_
6.3	1444	[2]	ἀρτηρίαις	_	_
6.3	1445	[37]	.	b	_
6.3	1446	[1]	ἁπλῶς	_	_
6.3	1447	[20]	δ	_	_
6.3	1448	[40]	’	b	_
6.3	1449	[1]	ἅπαντα	_	_
6.3	1450	[34]	τῶν	_	_
6.3	1451	[3]	φλεβῶν	_	_
6.3	1452	[16]	τὰ	_	_
6.3	1453	[3]	πέρατα	_	_
6.3	1454	[2]	λέγειν	_	_
6.3	1455	[3]	ἀρχὰς	_	_
6.3	1456	[1]	ἀτοπώτατον	_	_
6.3	1457	[38]	.	b	_
6.3	1458	[2]	οὔτε	_	_
6.3	1459	[8]	γὰρ	_	_
6.3	1460	[30]	τῆς	_	_
6.3	1461	[2]	τροφῆς	_	_
6.3	1462	[4]	οὐδὲν	_	_
6.3	1463	[3]	αὐτῶν	_	_
6.3	1464	[9]	ἀρχὴ	_	_
6.3	1465	[1]	πλὴν	_	_
6.3	1466	[35]	τῶν	_	_
6.3	1467	[3]	εἰρημένων	_	_
6.3	1468	[121]	,	b	_
6.3	1469	[3]	οὔτε	_	_
6.3	1470	[31]	τῆς	_	_
6.3	1471	[1]	διοικούσης	_	_
6.3	1472	[2]	δυνάμεως	_	_
6.3	1473	[8]	·	b	_
6.3	1474	[3]	οὕτως	_	_
6.3	1475	[9]	γὰρ	_	_
6.3	1476	[3]	ἅπαν	_	_
6.3	1477	[1]	ἔσται	_	_
6.3	1478	[1]	μόριον	_	_
6.3	1479	[1]	ἀρχή	_	_
6.3	1480	[39]	.	b	_
6.3	1481	[9]	εἰ	_	_
6.3	1482	[1]	δέ	_	_
6.3	1483	[1]	τινα	_	_
6.3	1484	[26]	μὲν	_	_
6.3	1485	[4]	ἀρχὰς	_	_
6.3	1486	[1]	ἐροῦσι	_	_
6.3	1487	[36]	τῶν	_	_
6.3	1488	[1]	περάτων	_	_
6.3	1489	[122]	,	b	_
6.3	1490	[2]	τινὰ	_	_
6.3	1491	[21]	δ	_	_
6.3	1492	[41]	’	b	_
6.3	1493	[3]	οὐκ	_	_
6.3	1494	[5]	ἀρχὰς	_	_
6.3	1495	[123]	,	b	_
6.3	1496	[1]	ἀναπόδεικτον	_	_
6.3	1497	[1]	ὑπόθεσιν	_	_
6.3	1498	[1]	θήσονται	_	_
6.3	1499	[40]	.	b	_
6.3	1500	[1]	τί	_	_
6.3	1501	[10]	γὰρ	_	_
6.3	1502	[1]	μᾶλλον	_	_
6.3	1503	[1]	τάδε	_	_
6.3	1504	[1]	τῶνδε	_	_
6.3	1505	[1]	νομιστέον	_	_
6.3	1506	[6]	ἀρχὰς	_	_
6.3	1507	[124]	,	b	_
6.3	1508	[3]	οἷον	_	_
6.3	1509	[17]	τὰ	_	_
6.3	1510	[1]	κατ	_	_
6.3	1511	[42]	’	b	_
6.3	1512	[1]	ἐγκέφαλον	_	_
6.3	1513	[37]	τῶν	_	_
6.3	1514	[14]	κατὰ	_	_
6.3	1515	[4]	πνεύμονα	_	_
6.3	1516	[125]	,	b	_
6.3	1517	[49]	καὶ	_	_
6.3	1518	[2]	τούτων	_	_
6.3	1519	[18]	τὰ	_	_
6.3	1520	[15]	κατὰ	_	_
6.3	1521	[44]	τὸ	_	_
6.3	1522	[5]	ἧπαρ	_	_
6.3	1523	[126]	,	b	_
6.3	1524	[9]	ἢ	_	_
6.3	1525	[13]	τὸν	_	_
6.3	1526	[1]	σπλῆνα	_	_
6.3	1527	[127]	,	b	_
6.3	1528	[1]	κᾀκείνων	_	_
6.3	1529	[19]	τὰ	_	_
6.3	1530	[2]	κατ	_	_
6.3	1531	[43]	’	b	_
6.3	1532	[1]	ἄλλο	_	_
6.3	1533	[5]	τι	_	_
6.3	1534	[2]	μόριον	_	_
6.3	1535	[10]	ἢ	_	_
6.3	1536	[1]	σπλάγχνον	_	_
6.3	1537	[1]	;	b	_
6.3	1538	[1]	ἐγὼ	_	_
6.3	1539	[2]	τοῦτον	_	_
6.3	1540	[14]	τὸν	_	_
6.3	1541	[3]	λόγον	_	_
6.3	1542	[2]	οὐδ	_	_
6.3	1543	[44]	’	b	_
6.3	1544	[1]	ὅτε	_	_
6.3	1545	[1]	μειράκιον	_	_
6.3	1546	[1]	ὂν	_	_
6.3	1547	[1]	ἤκουσα	_	_
6.3	1548	[1]	παρὰ	_	_
6.3	1549	[24]	τοῦ	_	_
6.3	1550	[1]	διδασκάλου	_	_
6.3	1551	[1]	Πέλοπος	_	_
6.3	1552	[128]	,	b	_
6.3	1553	[1]	ἐπιδεικνύναι	_	_
6.3	1554	[1]	πειρωμένου	_	_
6.3	1555	[15]	τὸν	_	_
6.3	1556	[2]	ἐγκέφαλον	_	_
6.3	1557	[3]	ἁπάντων	_	_
6.3	1558	[38]	τῶν	_	_
6.3	1559	[1]	ἀγγείων	_	_
6.3	1560	[4]	ἀρχὴν	_	_
6.3	1561	[129]	,	b	_
6.3	1562	[4]	οὔτ	_	_
6.3	1563	[45]	’	b	_
6.3	1564	[16]	ἐν	_	_
6.3	1565	[12]	τῷ	_	_
6.3	1566	[2]	παραχρῆμα	_	_
6.3	1567	[1]	προσηκάμην	_	_
6.3	1568	[130]	,	b	_
6.3	1569	[1]	οὔθ	_	_
6.3	1570	[46]	’	b	_
6.3	1571	[2]	ὕστερον	_	_
6.3	1572	[1]	ἀνασκεπτόμενος	_	_
6.3	1573	[1]	ἐπῄνεσα	_	_
6.3	1574	[41]	.	b	_
6.3	1575	[20]	τὰ	_	_
6.3	1576	[22]	δ	_	_
6.3	1577	[47]	’	b	_
6.3	1578	[7]	ἀπὸ	_	_
6.3	1579	[32]	τῆς	_	_
6.3	1580	[1]	κεφαλῆς	_	_
6.3	1581	[1]	καταφέρεσθαι	_	_
6.3	1582	[1]	λεγόμενα	_	_
6.3	1583	[1]	τέτταρα	_	_
6.3	1584	[1]	ζεύγη	_	_
6.3	1585	[4]	φλεβῶν	_	_
6.3	1586	[1]	ἐμβεβλῆσθαί	_	_
6.3	1587	[1]	τέ	_	_
6.3	1588	[2]	μοι	_	_
6.3	1589	[2]	δοκεῖ	_	_
6.3	1590	[6]	τοῖς	_	_
6.3	1591	[1]	ἐπιγραφομένοις	_	_
6.3	1592	[1]	Ἱπποκράτους	_	_
6.3	1593	[1]	συγγράμμασι	_	_
6.3	1594	[50]	καὶ	_	_
6.3	1595	[1]	διεσκευάσθαι	_	_
6.3	1596	[1]	φανερῶς	_	_
6.3	1597	[42]	.	b	_
6.3	1598	[5]	οὐδὲν	_	_
6.3	1599	[1]	γοῦν	_	_
6.3	1600	[4]	αὐτῶν	_	_
6.3	1601	[1]	δείκνυται	_	_
6.3	1602	[131]	,	b	_
6.3	1603	[3]	καίτοι	_	_
6.3	1604	[1]	τἄλλα	_	_
6.3	1605	[21]	τὰ	_	_
6.3	1606	[5]	περὶ	_	_
6.3	1607	[5]	φλεβῶν	_	_
6.3	1608	[1]	εἰρημένα	_	_
6.3	1609	[7]	πρὸς	_	_
6.3	1610	[2]	Ἱπποκράτους	_	_
6.3	1611	[132]	,	b	_
6.3	1612	[2]	ἅπερ	_	_
6.3	1613	[1]	ἔγραψεν	_	_
6.3	1614	[1]	πάντα	_	_
6.3	1615	[16]	κατὰ	_	_
6.3	1616	[20]	τὴν	_	_
6.3	1617	[6]	περὶ	_	_
6.3	1618	[33]	τῆς	_	_
6.3	1619	[3]	Ἱπποκράτους	_	_
6.3	1620	[1]	ἀνατομῆς	_	_
6.3	1621	[1]	πραγματείαν	_	_
6.3	1622	[133]	,	b	_
6.3	1623	[1]	ὡμολόγηται	_	_
6.3	1624	[7]	τοῖς	_	_
6.3	1625	[1]	ἀνατομικοῖς	_	_
6.3	1626	[1]	ἀνδράσι	_	_
6.3	1627	[134]	,	b	_
6.3	1628	[51]	καὶ	_	_
6.3	1629	[2]	δείκνυται	_	_
6.3	1630	[52]	καὶ	_	_
6.3	1631	[8]	πρὸς	_	_
6.3	1632	[2]	ἡμῶν	_	_
6.3	1633	[43]	.	b	_
6.3	1634	[22]	τὰ	_	_
6.3	1635	[2]	τέτταρα	_	_
6.3	1636	[24]	δὲ	_	_
6.3	1637	[1]	ἐκεῖνα	_	_
6.3	1638	[2]	ζεύγη	_	_
6.3	1639	[135]	,	b	_
6.3	1640	[9]	πρὸς	_	_
6.3	1641	[13]	τῷ	_	_
6.3	1642	[1]	μηδ	_	_
6.3	1643	[48]	’	b	_
6.3	1644	[1]	ὑφ	_	_
6.3	1645	[49]	’	b	_
6.3	1646	[2]	ἑνὸς	_	_
6.3	1647	[1]	ἄλλου	_	_
6.3	1648	[2]	λέγεσθαι	_	_
6.3	1649	[39]	τῶν	_	_
6.3	1650	[1]	ἀνατομικῶν	_	_
6.3	1651	[136]	,	b	_
6.3	1652	[4]	οὐδὲ	_	_
6.3	1653	[3]	δείκνυται	_	_
6.3	1654	[1]	πρός	_	_
6.3	1655	[2]	τινος	_	_
6.3	1656	[44]	.	b	_
6.3	1657	[3]	ἀλλ	_	_
6.3	1658	[50]	’	b	_
6.3	1659	[2]	ἔνιοι	_	_
6.3	1660	[27]	μὲν	_	_
6.3	1661	[40]	τῶν	_	_
6.3	1662	[1]	τιθεμένων	_	_
6.3	1663	[2]	αὐτὰ	_	_
6.3	1664	[1]	πιστεύειν	_	_
6.3	1665	[1]	Ἱπποκράτει	_	_
6.3	1666	[1]	φασὶ	_	_
6.3	1667	[137]	,	b	_
6.3	1668	[1]	κᾂν	_	_
6.3	1669	[1]	οὗτοι	_	_
6.3	1670	[1]	μὴ	_	_
6.3	1671	[1]	δύνωνται	_	_
6.3	1672	[1]	δεικνύειν	_	_
6.3	1673	[138]	,	b	_
6.3	1674	[11]	ὡς	_	_
6.3	1675	[7]	περὶ	_	_
6.3	1676	[1]	λόγῳ	_	_
6.3	1677	[1]	θεωρητοῦ	_	_
6.3	1678	[1]	πράγματος	_	_
6.3	1679	[139]	,	b	_
6.3	1680	[4]	οὐκ	_	_
6.3	1681	[1]	αἰσθητοῦ	_	_
6.3	1682	[140]	,	b	_
6.3	1683	[1]	διαλεγόμενοι	_	_
6.3	1684	[141]	,	b	_
6.3	1685	[4]	τινὲς	_	_
6.3	1686	[23]	δ	_	_
6.3	1687	[51]	’	b	_
6.3	1688	[1]	ἐπαγγέλλονται	_	_
6.3	1689	[28]	μὲν	_	_
6.3	1690	[1]	δείξειν	_	_
6.3	1691	[142]	,	b	_
6.3	1692	[1]	ἔδειξαν	_	_
6.3	1693	[24]	δ	_	_
6.3	1694	[52]	’	b	_
6.3	1695	[1]	οὐδέποτε	_	_
6.3	1696	[45]	.	b	_
6.3	1697	[45]	τὸ	_	_
6.3	1698	[29]	μὲν	_	_
6.3	1699	[5]	οὖν	_	_
6.3	1700	[17]	ἐν	_	_
6.3	1701	[2]	ἑτέρῳ	_	_
6.3	1702	[1]	τινὶ	_	_
6.3	1703	[1]	γράφεσθαι	_	_
6.3	1704	[1]	βιβλίῳ	_	_
6.3	1705	[41]	τῶν	_	_
6.3	1706	[2]	προφανῶς	_	_
6.3	1707	[1]	νόθων	_	_
6.3	1708	[23]	τὰ	_	_
6.3	1709	[1]	τέσσαρα	_	_
6.3	1710	[3]	ζεύγη	_	_
6.3	1711	[42]	τῶν	_	_
6.3	1712	[6]	φλεβῶν	_	_
6.3	1713	[6]	οὐδὲν	_	_
6.3	1714	[1]	θαυμαστόν	_	_
6.3	1715	[9]	·	b	_
6.3	1716	[1]	εὑρίσκεται	_	_
6.3	1717	[25]	δὲ	_	_
6.3	1718	[53]	καὶ	_	_
6.3	1719	[17]	κατὰ	_	_
6.3	1720	[21]	τὴν	_	_
6.3	1721	[1]	τελευτὴν	_	_
6.3	1722	[25]	τοῦ	_	_
6.3	1723	[8]	περὶ	_	_
6.3	1724	[3]	φύσεως	_	_
6.3	1725	[1]	ἀνθρώπου	_	_
6.3	1726	[143]	,	b	_
6.3	1727	[1]	δευτέρου	_	_
6.3	1728	[26]	δὲ	_	_
6.3	1729	[26]	τοῦ	_	_
6.3	1730	[9]	περὶ	_	_
6.3	1731	[1]	διαίτης	_	_
6.3	1732	[144]	,	b	_
6.3	1733	[1]	ᾧ	_	_
6.3	1734	[22]	τὴν	_	_
6.3	1735	[1]	ἀνατομὴν	_	_
6.3	1736	[43]	τῶν	_	_
6.3	1737	[1]	βιβλίων	_	_
6.3	1738	[1]	ἐμβεβλήκασιν	_	_
6.3	1739	[145]	,	b	_
6.3	1740	[1]	οὐδένα	_	_
6.3	1741	[4]	λόγον	_	_
6.3	1742	[1]	ἔχουσαν	_	_
6.3	1743	[4]	τῇ	_	_
6.3	1744	[1]	διαίτῃ	_	_
6.3	1745	[1]	συνῆφθαι	_	_
6.3	1746	[46]	.	b	_
6.3	1747	[1]	πολὺ	_	_
6.3	1748	[11]	γὰρ	_	_
6.3	1749	[1]	ἦν	_	_
6.3	1750	[1]	πιθανώτερον	_	_
6.3	1751	[146]	,	b	_
6.3	1752	[4]	οὐ	_	_
6.3	1753	[2]	τούτῳ	_	_
6.3	1754	[14]	τῷ	_	_
6.3	1755	[3]	μέρει	_	_
6.3	1756	[27]	τοῦ	_	_
6.3	1757	[1]	γράμματος	_	_
6.3	1758	[147]	,	b	_
6.3	1759	[3]	ἀλλὰ	_	_
6.3	1760	[15]	τῷ	_	_
6.3	1761	[1]	προτέρῳ	_	_
6.3	1762	[1]	συνάπτειν	_	_
6.3	1763	[1]	αὐτήν	_	_
6.3	1764	[47]	.	b	_
6.3	1765	[4]	ἀλλὰ	_	_
6.3	1766	[12]	γὰρ	_	_
6.3	1767	[8]	ὁ	_	_
6.3	1768	[1]	διασκευάζων	_	_
6.3	1769	[1]	ᾤετο	_	_
6.3	1770	[1]	λήσεσθαι	_	_
6.3	1771	[2]	μᾶλλον	_	_
6.3	1772	[148]	,	b	_
6.3	1773	[11]	ἢ	_	_
6.3	1774	[10]	εἰ	_	_
6.3	1775	[16]	τῷ	_	_
6.3	1776	[1]	τέλει	_	_
6.3	1777	[1]	παρέγραψεν	_	_
6.3	1778	[48]	.	b	_
6.3	1779	[1]	ὅτι	_	_
6.3	1780	[25]	δ	_	_
6.3	1781	[53]	’	b	_
6.3	1782	[5]	οὐδὲ	_	_
6.3	1783	[17]	τῷ	_	_
6.3	1784	[2]	προτέρῳ	_	_
6.3	1785	[4]	μέρει	_	_
6.3	1786	[1]	προσαρμόττεσθαι	_	_
6.3	1787	[5]	λόγον	_	_
6.3	1788	[1]	εἶχεν	_	_
6.3	1789	[149]	,	b	_
6.3	1790	[1]	εὔδηλόν	_	_
6.3	1791	[1]	ἐστιν	_	_
6.3	1792	[2]	ἅπασι	_	_
6.3	1793	[8]	τοῖς	_	_
6.3	1794	[1]	ἀνεγνωκόσι	_	_
6.3	1795	[46]	τὸ	_	_
6.3	1796	[1]	σύγγραμμα	_	_
6.3	1797	[49]	.	b	_
6.3	1798	[1]	ζητεῖ	_	_
6.3	1799	[13]	γὰρ	_	_
6.3	1800	[18]	ἐν	_	_
6.3	1801	[1]	αὐτῷ	_	_
6.3	1802	[4]	φύσιν	_	_
6.3	1803	[2]	ἀνθρώπου	_	_
6.3	1804	[23]	τὴν	_	_
6.3	1805	[12]	ὡς	_	_
6.3	1806	[8]	ἐκ	_	_
6.3	1807	[1]	στοιχείων	_	_
6.3	1808	[150]	,	b	_
6.3	1809	[5]	οὐ	_	_
6.3	1810	[24]	τὴν	_	_
6.3	1811	[5]	ἐξ	_	_
6.3	1812	[2]	ἀνατομῆς	_	_
6.3	1813	[1]	φαινομένην	_	_
6.3	1814	[50]	.	b	_
6.3	1815	[4]	ἀλλ	_	_
6.3	1816	[54]	’	b	_
6.3	1817	[2]	ὅτι	_	_
6.3	1818	[30]	μὲν	_	_
6.3	1819	[5]	οὐκ	_	_
6.3	1820	[1]	ἔστι	_	_
6.3	1821	[1]	γνήσιος	_	_
6.3	1822	[2]	οὔθ	_	_
6.3	1823	[55]	’	b	_
6.3	1824	[4]	Ἱπποκράτους	_	_
6.3	1825	[4]	οὔτε	_	_
6.3	1826	[1]	Πολύβου	_	_
6.3	1827	[44]	τῶν	_	_
6.3	1828	[4]	εἰρημένων	_	_
6.3	1829	[7]	φλεβῶν	_	_
6.3	1830	[14]	ἡ	_	_
6.3	1831	[1]	ἀνατομὴ	_	_
6.3	1832	[151]	,	b	_
6.3	1833	[54]	καὶ	_	_
6.3	1834	[1]	πρὸ	_	_
6.3	1835	[3]	ἡμῶν	_	_
6.3	1836	[31]	μὲν	_	_
6.3	1837	[1]	ἑτέροις	_	_
6.3	1838	[1]	ἀποδέδεικται	_	_
6.3	1839	[152]	,	b	_
6.3	1840	[55]	καὶ	_	_
6.3	1841	[2]	ἡμεῖς	_	_
6.3	1842	[26]	δ	_	_
6.3	1843	[56]	’	b	_
6.3	1844	[4]	ἂν	_	_
6.3	1845	[153]	,	b	_
6.3	1846	[11]	εἰ	_	_
6.3	1847	[1]	θεὸς	_	_
6.3	1848	[1]	δοίη	_	_
6.3	1849	[1]	ποτὲ	_	_
6.3	1850	[10]	περὶ	_	_
6.3	1851	[45]	τῶν	_	_
6.3	1852	[1]	γνησίων	_	_
6.3	1853	[5]	Ἱπποκράτους	_	_
6.3	1854	[1]	συγγραμμάτων	_	_
6.3	1855	[1]	πραγματεύσασθαι	_	_
6.3	1856	[154]	,	b	_
6.3	1857	[5]	διὰ	_	_
6.3	1858	[1]	πλειόνων	_	_
6.3	1859	[1]	ἐπιδείξομεν	_	_
6.3	1860	[155]	,	b	_
6.3	1861	[2]	ἥτις	_	_
6.3	1862	[4]	ἐστὶν	_	_
6.3	1863	[6]	Ἱπποκράτους	_	_
6.3	1864	[1]	γνώμη	_	_
6.3	1865	[11]	περὶ	_	_
6.3	1866	[8]	φλεβῶν	_	_
6.3	1867	[3]	ἀρχῆς	_	_
6.3	1868	[156]	,	b	_
6.3	1869	[2]	ἣν	_	_
6.3	1870	[9]	ἐκ	_	_
6.3	1871	[12]	τε	_	_
6.3	1872	[28]	τοῦ	_	_
6.3	1873	[12]	περὶ	_	_
6.3	1874	[3]	τροφῆς	_	_
6.3	1875	[1]	ἔνεστι	_	_
6.3	1876	[1]	λαβεῖν	_	_
6.3	1877	[56]	καὶ	_	_
6.3	1878	[10]	ἐκ	_	_
6.3	1879	[29]	τοῦ	_	_
6.3	1880	[2]	δευτέρου	_	_
6.3	1881	[46]	τῶν	_	_
6.3	1882	[1]	ἐπιδημίων	_	_
6.3	1883	[51]	.	b	_
6.3	1884	[5]	ἀλλὰ	_	_
6.3	1885	[3]	τοῦτο	_	_
6.3	1886	[32]	μὲν	_	_
6.3	1887	[1]	εἰσαῦθις	_	_
6.3	1888	[1]	ἀναβεβλήσθω	_	_
6.3	1889	[52]	.	b	_
6.3	1890	[1]	δεῖξαι	_	_
6.3	1891	[14]	γὰρ	_	_
6.3	1892	[3]	πρότερον	_	_
6.3	1893	[1]	ὃ	_	_
6.3	1894	[1]	λέγων	_	_
6.3	1895	[1]	ἀπέλιπον	_	_
6.3	1896	[1]	ἔγνωκα	_	_
6.3	1897	[157]	,	b	_
6.3	1898	[3]	ὅτι	_	_
6.3	1899	[1]	κᾀν	_	_
6.3	1900	[9]	τοῖς	_	_
6.3	1901	[3]	φυτοῖς	_	_
6.3	1902	[33]	μὲν	_	_
6.3	1903	[10]	ἀρχὴ	_	_
6.3	1904	[57]	καὶ	_	_
6.3	1905	[1]	γενέσεως	_	_
6.3	1906	[58]	καὶ	_	_
6.3	1907	[2]	διοικήσεως	_	_
6.3	1908	[24]	τὰ	_	_
6.3	1909	[3]	μείζω	_	_
6.3	1910	[1]	σώματα	_	_
6.3	1911	[47]	τῶν	_	_
6.3	1912	[1]	μικροτέρων	_	_
6.3	1913	[2]	ὑπάρχει	_	_
6.3	1914	[158]	,	b	_
6.3	1915	[1]	οὐχ	_	_
6.3	1916	[1]	ἥκιστα	_	_
6.3	1917	[27]	δὲ	_	_
6.3	1918	[2]	κᾀν	_	_
6.3	1919	[10]	τοῖς	_	_
6.3	1920	[2]	ζώοις	_	_
6.3	1921	[53]	.	b	_
6.3	1922	[1]	ἐπάνειμι	_	_
6.3	1923	[15]	γὰρ	_	_
6.3	1924	[2]	αὖθις	_	_
6.3	1925	[13]	ὡς	_	_
6.3	1926	[16]	τὸν	_	_
6.3	1927	[1]	Πέλοπα	_	_
6.3	1928	[1]	συγχωροῦντα	_	_
6.3	1929	[17]	τὸν	_	_
6.3	1930	[3]	ἐγκέφαλον	_	_
6.3	1931	[4]	ἁπάντων	_	_
6.3	1932	[3]	εἶναι	_	_
6.3	1933	[48]	τῶν	_	_
6.3	1934	[4]	νεύρων	_	_
6.3	1935	[1]	ἀρχήν	_	_
6.3	1936	[54]	.	b	_
6.3	1937	[1]	ὁμολογεῖ	_	_
6.3	1938	[2]	γοῦν	_	_
6.3	1939	[59]	καὶ	_	_
6.3	1940	[1]	αὐτὸς	_	_
6.3	1941	[159]	,	b	_
6.3	1942	[1]	ἀπ	_	_
6.3	1943	[57]	’	b	_
6.3	1944	[2]	ἐγκεφάλου	_	_
6.3	1945	[1]	φυόμενα	_	_
6.3	1946	[3]	δύο	_	_
6.3	1947	[1]	νεῦρα	_	_
6.3	1948	[1]	διασπείρεσθαι	_	_
6.3	1949	[11]	τοῖς	_	_
6.3	1950	[3]	κατ	_	_
6.3	1951	[58]	’	b	_
6.3	1952	[1]	ὀφθαλμοὺς	_	_
6.3	1953	[1]	μυσὶν	_	_
6.3	1954	[11]	ἐκ	_	_
6.3	1955	[2]	μιᾶς	_	_
6.3	1956	[60]	καὶ	_	_
6.3	1957	[1]	παχείας	_	_
6.3	1958	[1]	ἐκφύσεως	_	_
6.3	1959	[24]	εἰς	_	_
6.3	1960	[1]	μικρὰ	_	_
6.3	1961	[61]	καὶ	_	_
6.3	1962	[1]	πολλὰ	_	_
6.3	1963	[1]	σχιζόμενα	_	_
6.3	1964	[55]	.	b	_
6.3	1965	[3]	τούτων	_	_
6.3	1966	[27]	δ	_	_
6.3	1967	[59]	’	b	_
6.3	1968	[2]	ἔτι	_	_
6.3	1969	[3]	μᾶλλον	_	_
6.3	1970	[15]	ἡ	_	_
6.3	1971	[2]	ἐφεξῆς	_	_
6.3	1972	[1]	συζυγία	_	_
6.3	1973	[1]	παχίστη	_	_
6.3	1974	[2]	μέν	_	_
6.3	1975	[2]	ἐστιν	_	_
6.3	1976	[1]	ἐκφυομένη	_	_
6.3	1977	[160]	,	b	_
6.3	1978	[1]	τέμνεται	_	_
6.3	1979	[28]	δ	_	_
6.3	1980	[60]	’	b	_
6.3	1981	[25]	εἰς	_	_
6.3	1982	[1]	πάμπολλα	_	_
6.3	1983	[2]	μικρὰ	_	_
6.3	1984	[12]	τοῖς	_	_
6.3	1985	[13]	περὶ	_	_
6.3	1986	[47]	τὸ	_	_
6.3	1987	[1]	πρόσωπόν	_	_
6.3	1988	[13]	τε	_	_
6.3	1989	[62]	καὶ	_	_
6.3	1990	[48]	τὸ	_	_
6.3	1991	[2]	στόμα	_	_
6.3	1992	[1]	διανεμομένη	_	_
6.3	1993	[1]	μορίοις	_	_
6.3	1994	[161]	,	b	_
6.3	1995	[5]	ὥσπερ	_	_
6.3	1996	[6]	γε	_	_
6.3	1997	[63]	καὶ	_	_
6.3	1998	[16]	ἡ	_	_
6.3	1999	[2]	μετ	_	_
6.3	2000	[61]	’	b	_
6.3	2001	[2]	αὐτήν	_	_
6.3	2002	[56]	.	b	_
6.3	2003	[1]	ἵνα	_	_
6.3	2004	[28]	δὲ	_	_
6.3	2005	[2]	μὴ	_	_
6.3	2006	[1]	τρίβω	_	_
6.3	2007	[18]	τὸν	_	_
6.3	2008	[1]	χρόνον	_	_
6.3	2009	[162]	,	b	_
6.3	2010	[9]	ὁ	_	_
6.3	2011	[1]	νωτιαῖος	_	_
6.3	2012	[6]	ἐξ	_	_
6.3	2013	[3]	ἐγκεφάλου	_	_
6.3	2014	[1]	ἐκφυόμενος	_	_
6.3	2015	[1]	βλαστάνειν	_	_
6.3	2016	[2]	αὐτῷ	_	_
6.3	2017	[3]	δοκεῖ	_	_
6.3	2018	[64]	καὶ	_	_
6.3	2019	[4]	εἶναι	_	_
6.3	2020	[8]	καθάπερ	_	_
6.3	2021	[6]	τι	_	_
6.3	2022	[5]	πρέμνον	_	_
6.3	2023	[1]	ἀριθμοῦ	_	_
6.3	2024	[1]	παμπόλλου	_	_
6.3	2025	[5]	νεύρων	_	_
6.3	2026	[4]	οἷον	_	_
6.3	2027	[1]	κλάδων	_	_
6.3	2028	[1]	ἀποφυομένων	_	_
6.3	2029	[3]	αὐτοῦ	_	_
6.3	2030	[57]	.	b	_
6.3	2031	[2]	ταῦτα	_	_
6.3	2032	[34]	μὲν	_	_
6.3	2033	[6]	οὖν	_	_
6.3	2034	[1]	ἀληθῆ	_	_
6.3	2035	[2]	τ	_	_
6.3	2036	[62]	’	b	_
6.3	2037	[5]	ἐστὶ	_	_
6.3	2038	[65]	καὶ	_	_
6.3	2039	[13]	τοῖς	_	_
6.3	2040	[3]	ἐναργῶς	_	_
6.3	2041	[1]	ὁρωμένοις	_	_
6.3	2042	[1]	ὁμολογούμενα	_	_
6.3	2043	[163]	,	b	_
6.3	2044	[49]	τὸ	_	_
6.3	2045	[29]	δὲ	_	_
6.3	2046	[25]	τὰ	_	_
6.3	2047	[3]	μικρὰ	_	_
6.3	2048	[49]	τῶν	_	_
6.3	2049	[1]	μεγάλων	_	_
6.3	2050	[7]	ἀρχὰς	_	_
6.3	2051	[5]	εἶναι	_	_
6.3	2052	[1]	μάχεται	_	_
6.3	2053	[35]	μὲν	_	_
6.3	2054	[66]	καὶ	_	_
6.3	2055	[14]	τοῖς	_	_
6.3	2056	[18]	κατὰ	_	_
6.3	2057	[26]	τὰ	_	_
6.3	2058	[2]	νεῦρα	_	_
6.3	2059	[1]	φαινομένοις	_	_
6.3	2060	[164]	,	b	_
6.3	2061	[1]	(	a	_
6.3	2062	[2]	ἀεὶ	_	_
6.3	2063	[16]	γὰρ	_	_
6.3	2064	[19]	ἐν	_	_
6.3	2065	[2]	τούτοις	_	_
6.3	2066	[27]	τὰ	_	_
6.3	2067	[4]	μείζω	_	_
6.3	2068	[50]	τῶν	_	_
6.3	2069	[2]	μικροτέρων	_	_
6.3	2070	[3]	ἀρχαὶ	_	_
6.3	2071	[165]	,	b	_
6.3	2072	[1]	)	b	_
6.3	2073	[2]	μάχεται	_	_
6.3	2074	[30]	δὲ	_	_
6.3	2075	[166]	,	b	_
6.3	2076	[14]	ὡς	_	_
6.3	2077	[1]	εἴρηται	_	_
6.3	2078	[167]	,	b	_
6.3	2079	[67]	καὶ	_	_
6.3	2080	[15]	τοῖς	_	_
6.3	2081	[19]	κατὰ	_	_
6.3	2082	[28]	τὰ	_	_
6.3	2083	[4]	φυτὰ	_	_
6.3	2084	[168]	,	b	_
6.3	2085	[68]	καὶ	_	_
6.3	2086	[1]	προσέτι	_	_
6.3	2087	[16]	τοῖς	_	_
6.3	2088	[20]	κατὰ	_	_
6.3	2089	[9]	τὰς	_	_
6.3	2090	[3]	ἀρτηρίας	_	_
6.3	2091	[14]	τε	_	_
6.3	2092	[69]	καὶ	_	_
6.3	2093	[25]	τὴν	_	_
6.3	2094	[2]	καρδίαν	_	_
6.3	2095	[58]	.	b	_
6.3	2096	[1]	ἀναισχυντία	_	_
6.3	2097	[1]	πάντως	_	_
6.3	2098	[17]	γὰρ	_	_
6.3	2099	[3]	ἐστιν	_	_
6.3	2100	[2]	ἄλλο	_	_
6.3	2101	[7]	τι	_	_
6.3	2102	[2]	σπλάγχνον	_	_
6.3	2103	[5]	ἀρτηριῶν	_	_
6.3	2104	[5]	ἀρχὴν	_	_
6.3	2105	[1]	ὑποθέσθαι	_	_
6.3	2106	[59]	.	b	_
6.3	2107	[1]	φαίνονται	_	_
6.3	2108	[3]	γοῦν	_	_
6.3	2109	[3]	αἱ	_	_
6.3	2110	[36]	μὲν	_	_
6.3	2111	[2]	ἀρτηρίαι	_	_
6.3	2112	[169]	,	b	_
6.3	2113	[1]	πρὶν	_	_
6.3	2114	[1]	ἐκτμηθῆναι	_	_
6.3	2115	[30]	τοῦ	_	_
6.3	2116	[1]	ζώου	_	_
6.3	2117	[170]	,	b	_
6.3	2118	[26]	τὴν	_	_
6.3	2119	[2]	κίνησιν	_	_
6.3	2120	[1]	ἀπολλύουσαι	_	_
6.3	2121	[1]	σαφῶς	_	_
6.3	2122	[171]	,	b	_
6.3	2123	[1]	ἐπειδὰν	_	_
6.3	2124	[4]	βρόχῳ	_	_
6.3	2125	[1]	διαληφθῶσι	_	_
6.3	2126	[172]	,	b	_
6.3	2127	[1]	μήτι	_	_
6.3	2128	[7]	γε	_	_
6.3	2129	[1]	δὴ	_	_
6.3	2130	[1]	χωρισθεῖσαι	_	_
6.3	2131	[70]	καὶ	_	_
6.3	2132	[1]	ἐκτὸς	_	_
6.3	2133	[1]	γενόμεναι	_	_
6.3	2134	[173]	,	b	_
6.3	2135	[1]	μόνη	_	_
6.3	2136	[29]	δ	_	_
6.3	2137	[63]	’	b	_
6.3	2138	[17]	ἡ	_	_
6.3	2139	[5]	καρδία	_	_
6.3	2140	[1]	πάντων	_	_
6.3	2141	[51]	τῶν	_	_
6.3	2142	[20]	ἐν	_	_
6.3	2143	[18]	τῷ	_	_
6.3	2144	[1]	ζώῳ	_	_
6.3	2145	[1]	μορίων	_	_
6.3	2146	[1]	ἐξαιρουμένη	_	_
6.3	2147	[2]	μέχρι	_	_
6.3	2148	[1]	πλείστου	_	_
6.3	2149	[1]	διαφυλάττουσα	_	_
6.3	2150	[27]	τὴν	_	_
6.3	2151	[21]	κατὰ	_	_
6.3	2152	[5]	φύσιν	_	_
6.3	2153	[1]	ἐνέργειαν	_	_
6.3	2154	[174]	,	b	_
6.3	2155	[15]	ὡς	_	_
6.3	2156	[11]	ἀρχὴ	_	_
6.3	2157	[2]	κινήσεως	_	_
6.3	2158	[1]	ἑαυτῇ	_	_
6.3	2159	[15]	τε	_	_
6.3	2160	[71]	καὶ	_	_
6.3	2161	[17]	τοῖς	_	_
6.3	2162	[2]	ἀφ	_	_
6.3	2163	[64]	’	b	_
6.3	2164	[1]	ἑαυτῆς	_	_
6.3	2165	[10]	·	b	_
6.3	2166	[4]	αἱ	_	_
6.3	2167	[30]	δ	_	_
6.3	2168	[65]	’	b	_
6.3	2169	[3]	ἀρτηρίαι	_	_
6.3	2170	[1]	ἀποχωρισθεῖσαι	_	_
6.3	2171	[4]	αὐτῆς	_	_
6.3	2172	[12]	ἢ	_	_
6.3	2173	[1]	βρόχοις	_	_
6.3	2174	[13]	ἢ	_	_
6.3	2175	[1]	τομαῖς	_	_
6.3	2176	[3]	ἅμα	_	_
6.3	2177	[19]	τῷ	_	_
6.3	2178	[1]	πάθει	_	_
6.3	2179	[72]	καὶ	_	_
6.3	2180	[28]	τὴν	_	_
6.3	2181	[3]	κίνησιν	_	_
6.3	2182	[1]	ἀπολλύουσιν	_	_
6.3	2183	[60]	.	b	_
6.3	2184	[5]	ἀλλ	_	_
6.3	2185	[66]	’	b	_
6.3	2186	[1]	εἴπερ	_	_
6.3	2187	[1]	ἀναίσχυντόν	_	_
6.3	2188	[5]	ἐστι	_	_
6.3	2189	[10]	τὰς	_	_
6.3	2190	[4]	ἀρτηρίας	_	_
6.3	2191	[1]	ἑτέρωθεν	_	_
6.3	2192	[1]	ἄρχεσθαι	_	_
6.3	2193	[2]	φάναι	_	_
6.3	2194	[175]	,	b	_
6.3	2195	[29]	τὰ	_	_
6.3	2196	[1]	μέγιστα	_	_
6.3	2197	[2]	μόρια	_	_
6.3	2198	[52]	τῶν	_	_
6.3	2199	[6]	ἀρτηριῶν	_	_
6.3	2200	[4]	ἀρχαὶ	_	_
6.3	2201	[53]	τῶν	_	_
6.3	2202	[3]	μικροτέρων	_	_
6.3	2203	[1]	γενήσονται	_	_
6.3	2204	[61]	.	b	_
6.3	2205	[1]	εὐρύταται	_	_
6.3	2206	[7]	οὖν	_	_
6.3	2207	[1]	ἁπασῶν	_	_
6.3	2208	[1]	εἰσι	_	_
6.3	2209	[31]	τοῦ	_	_
6.3	2210	[2]	ζώου	_	_
6.3	2211	[7]	ἀρτηριῶν	_	_
6.3	2212	[5]	αἱ	_	_
6.3	2213	[34]	τῆς	_	_
6.3	2214	[5]	καρδίας	_	_
6.3	2215	[1]	ἐκφυόμεναι	_	_
6.3	2216	[176]	,	b	_
6.3	2217	[1]	παχύταται	_	_
6.3	2218	[31]	δὲ	_	_
6.3	2219	[73]	καὶ	_	_
6.3	2220	[54]	τῶν	_	_
6.3	2221	[6]	νεύρων	_	_
6.3	2222	[6]	αἱ	_	_
6.3	2223	[5]	ἀρχαὶ	_	_
6.3	2224	[177]	,	b	_
6.3	2225	[9]	καθάπερ	_	_
6.3	2226	[21]	ἐν	_	_
6.3	2227	[18]	τοῖς	_	_
6.3	2228	[4]	φυτοῖς	_	_
6.3	2229	[1]	παχύτατον	_	_
6.3	2230	[37]	μὲν	_	_
6.3	2231	[50]	τὸ	_	_
6.3	2232	[6]	πρέμνον	_	_
6.3	2233	[5]	ἁπάντων	_	_
6.3	2234	[55]	τῶν	_	_
6.3	2235	[2]	κλάδων	_	_
6.3	2236	[178]	,	b	_
6.3	2237	[2]	παχίστη	_	_
6.3	2238	[31]	δ	_	_
6.3	2239	[67]	’	b	_
6.3	2240	[18]	ἡ	_	_
6.3	2241	[1]	ῥίζωσις	_	_
6.3	2242	[56]	τῶν	_	_
6.3	2243	[4]	ῥιζῶν	_	_
6.3	2244	[62]	.	b	_
6.3	2245	[1]	ὀνομάζω	_	_
6.3	2246	[32]	δὲ	_	_
6.3	2247	[1]	ῥίζωσιν	_	_
6.3	2248	[179]	,	b	_
6.3	2249	[3]	ὅπερ	_	_
6.3	2250	[1]	ὀλίγον	_	_
6.3	2251	[4]	ἔμπροσθεν	_	_
6.3	2252	[1]	ἐδείκνυον	_	_
6.3	2253	[51]	τὸ	_	_
6.3	2254	[1]	κάτωθεν	_	_
6.3	2255	[3]	μέρος	_	_
6.3	2256	[6]	ἀρχὴν	_	_
6.3	2257	[6]	εἶναι	_	_
6.3	2258	[32]	τοῦ	_	_
6.3	2259	[5]	φυτοῦ	_	_
6.3	2260	[63]	.	b	_
6.3	2261	[1]	καί	_	_
6.3	2262	[3]	μοι	_	_
6.3	2263	[4]	δοκεῖ	_	_
6.3	2264	[74]	καὶ	_	_
6.3	2265	[10]	ὁ	_	_
6.3	2266	[1]	Ἱπποκράτης	_	_
6.3	2267	[180]	,	b	_
6.3	2268	[1]	ἐντεῦθεν	_	_
6.3	2269	[4]	ἐπὶ	_	_
6.3	2270	[30]	τὰ	_	_
6.3	2271	[2]	ζῶα	_	_
6.3	2272	[1]	μεταφέρων	_	_
6.3	2273	[2]	τοὔνομα	_	_
6.3	2274	[181]	,	b	_
6.3	2275	[2]	ῥίζωσιν	_	_
6.3	2276	[1]	εἰρηκέναι	_	_
6.3	2277	[57]	τῶν	_	_
6.3	2278	[38]	μὲν	_	_
6.3	2279	[8]	ἀρτηριῶν	_	_
6.3	2280	[29]	τὴν	_	_
6.3	2281	[3]	καρδίαν	_	_
6.3	2282	[182]	,	b	_
6.3	2283	[58]	τῶν	_	_
6.3	2284	[33]	δὲ	_	_
6.3	2285	[9]	φλεβῶν	_	_
6.3	2286	[52]	τὸ	_	_
6.3	2287	[6]	ἧπαρ	_	_
6.3	2288	[64]	.	b	_
6.3	2289	[16]	ὡς	_	_
6.3	2290	[18]	γὰρ	_	_
6.3	2291	[8]	ἀπὸ	_	_
6.3	2292	[35]	τῆς	_	_
6.3	2293	[4]	ῥιζώσεως	_	_
6.3	2294	[59]	τῶν	_	_
6.3	2295	[1]	φυτῶν	_	_
6.3	2296	[7]	αἱ	_	_
6.3	2297	[1]	ῥίζαι	_	_
6.3	2298	[39]	μὲν	_	_
6.3	2299	[5]	κάτω	_	_
6.3	2300	[183]	,	b	_
6.3	2301	[53]	τὸ	_	_
6.3	2302	[34]	δὲ	_	_
6.3	2303	[2]	στέλεχος	_	_
6.3	2304	[5]	ἄνω	_	_
6.3	2305	[1]	φύεται	_	_
6.3	2306	[184]	,	b	_
6.3	2307	[22]	κατὰ	_	_
6.3	2308	[19]	τὸν	_	_
6.3	2309	[2]	αὐτὸν	_	_
6.3	2310	[3]	τρόπον	_	_
6.3	2311	[12]	ἐκ	_	_
6.3	2312	[40]	μὲν	_	_
6.3	2313	[36]	τῆς	_	_
6.3	2314	[6]	καρδίας	_	_
6.3	2315	[1]	ἥ	_	_
6.3	2316	[16]	τε	_	_
6.3	2317	[26]	εἰς	_	_
6.3	2318	[20]	τὸν	_	_
6.3	2319	[5]	πνεύμονα	_	_
6.3	2320	[75]	καὶ	_	_
6.3	2321	[19]	ἡ	_	_
6.3	2322	[27]	εἰς	_	_
6.3	2323	[3]	ὅλον	_	_
6.3	2324	[54]	τὸ	_	_
6.3	2325	[3]	ζῶον	_	_
6.3	2326	[185]	,	b	_
6.3	2327	[13]	ἐκ	_	_
6.3	2328	[35]	δὲ	_	_
6.3	2329	[33]	τοῦ	_	_
6.3	2330	[4]	ἥπατος	_	_
6.3	2331	[2]	ἥ	_	_
6.3	2332	[3]	τ	_	_
6.3	2333	[68]	’	b	_
6.3	2334	[28]	εἰς	_	_
6.3	2335	[30]	τὴν	_	_
6.3	2336	[23]	κατὰ	_	_
6.3	2337	[31]	τὴν	_	_
6.3	2338	[2]	γαστέρα	_	_
6.3	2339	[76]	καὶ	_	_
6.3	2340	[29]	εἰς	_	_
6.3	2341	[55]	τὸ	_	_
6.3	2342	[1]	σύμπαν	_	_
6.3	2343	[3]	σῶμα	_	_
6.3	2344	[65]	.	b	_
6.3	2345	[2]	ῥίζαι	_	_
6.3	2346	[41]	μὲν	_	_
6.3	2347	[8]	οὖν	_	_
6.3	2348	[1]	ἐοίκασιν	_	_
6.3	2349	[8]	αἱ	_	_
6.3	2350	[30]	εἰς	_	_
6.3	2351	[32]	τὴν	_	_
6.3	2352	[3]	γαστέρα	_	_
6.3	2353	[1]	καθήκουσαι	_	_
6.3	2354	[1]	φλέβες	_	_
6.3	2355	[186]	,	b	_
6.3	2356	[17]	ὡς	_	_
6.3	2357	[77]	καὶ	_	_
6.3	2358	[2]	τοῦτ	_	_
6.3	2359	[69]	’	b	_
6.3	2360	[2]	αὐτὸς	_	_
6.3	2361	[2]	Ἱπποκράτης	_	_
6.3	2362	[1]	ἔδειξε	_	_
6.3	2363	[187]	,	b	_
6.3	2364	[1]	φάμενος	_	_
6.3	2365	[11]	·	b	_
6.3	2366	[18]	ὡς	_	_
6.3	2367	[19]	γὰρ	_	_
6.3	2368	[19]	τοῖς	_	_
6.3	2369	[1]	δένδροις	_	_
6.3	2370	[20]	ἡ	_	_
6.3	2371	[1]	γῆ	_	_
6.3	2372	[188]	,	b	_
6.3	2373	[2]	οὕτω	_	_
6.3	2374	[20]	τοῖς	_	_
6.3	2375	[3]	ζώοις	_	_
6.3	2376	[21]	ἡ	_	_
6.3	2377	[1]	γαστὴρ	_	_
6.3	2378	[189]	,	b	_
6.3	2379	[56]	τὸ	_	_
6.3	2380	[32]	δ	_	_
6.3	2381	[70]	’	b	_
6.3	2382	[5]	οἷον	_	_
6.3	2383	[7]	πρέμνον	_	_
6.3	2384	[22]	ἡ	_	_
6.3	2385	[1]	κοίλη	_	_
6.3	2386	[1]	φλέψ	_	_
6.3	2387	[4]	ἐστιν	_	_
6.3	2388	[190]	,	b	_
6.3	2389	[14]	ἐκ	_	_
6.3	2390	[42]	μὲν	_	_
6.3	2391	[60]	τῶν	_	_
6.3	2392	[1]	κυρτῶν	_	_
6.3	2393	[34]	τοῦ	_	_
6.3	2394	[5]	ἥπατος	_	_
6.3	2395	[1]	ἐκπεφυκυῖα	_	_
6.3	2396	[191]	,	b	_
6.3	2397	[1]	φερομένη	_	_
6.3	2398	[33]	δ	_	_
6.3	2399	[71]	’	b	_
6.3	2400	[15]	ἐκ	_	_
6.3	2401	[35]	τοῦ	_	_
6.3	2402	[6]	ἥπατος	_	_
6.3	2403	[1]	εὐθεῖα	_	_
6.3	2404	[10]	πρὸς	_	_
6.3	2405	[1]	ἑκάτερα	_	_
6.3	2406	[36]	τοῦ	_	_
6.3	2407	[3]	ζώου	_	_
6.3	2408	[31]	τὰ	_	_
6.3	2409	[2]	μέρη	_	_
6.3	2410	[192]	,	b	_
6.3	2411	[2]	τό	_	_
6.3	2412	[17]	τε	_	_
6.3	2413	[1]	ἄων	_	_
6.3	2414	[78]	καὶ	_	_
6.3	2415	[57]	τὸ	_	_
6.3	2416	[6]	κάτω	_	_
6.3	2417	[66]	.	b	_
6.3	2418	[3]	εὐρύτατον	_	_
6.3	2419	[43]	μὲν	_	_
6.3	2420	[9]	οὖν	_	_
6.3	2421	[5]	αὐτῆς	_	_
6.3	2422	[6]	ἐστι	_	_
6.3	2423	[58]	τὸ	_	_
6.3	2424	[7]	κάτω	_	_
6.3	2425	[37]	τοῦ	_	_
6.3	2426	[7]	ἥπατος	_	_
6.3	2427	[193]	,	b	_
6.3	2428	[1]	ἧττον	_	_
6.3	2429	[34]	δ	_	_
6.3	2430	[72]	’	b	_
6.3	2431	[1]	εὐρὺ	_	_
6.3	2432	[59]	τὸ	_	_
6.3	2433	[6]	διὰ	_	_
6.3	2434	[61]	τῶν	_	_
6.3	2435	[1]	φρενῶν	_	_
6.3	2436	[1]	ἀνατεταμένον	_	_
6.3	2437	[194]	,	b	_
6.3	2438	[1]	ἔλαττον	_	_
6.3	2439	[36]	δὲ	_	_
6.3	2440	[2]	ἀμφοτέρων	_	_
6.3	2441	[60]	τὸ	_	_
6.3	2442	[5]	τῇ	_	_
6.3	2443	[4]	καρδίᾳ	_	_
6.3	2444	[1]	ἐμφυόμενον	_	_
6.3	2445	[67]	.	b	_
6.3	2446	[4]	καίτοι	_	_
6.3	2447	[195]	,	b	_
6.3	2448	[2]	εἴπερ	_	_
6.3	2449	[4]	εἴη	_	_
6.3	2450	[23]	ἡ	_	_
6.3	2451	[6]	καρδία	_	_
6.3	2452	[37]	τῆς	_	_
6.3	2453	[2]	κοίλης	_	_
6.3	2454	[2]	φλεβὸς	_	_
6.3	2455	[196]	,	b	_
6.3	2456	[19]	ὡς	_	_
6.3	2457	[79]	καὶ	_	_
6.3	2458	[38]	τῆς	_	_
6.3	2459	[1]	μεγάλης	_	_
6.3	2460	[5]	ἀρτηρίας	_	_
6.3	2461	[197]	,	b	_
6.3	2462	[12]	ἀρχὴ	_	_
6.3	2463	[198]	,	b	_
6.3	2464	[1]	μέγιστον	_	_
6.3	2465	[5]	ἂν	_	_
6.3	2466	[2]	ἦν	_	_
6.3	2467	[199]	,	b	_
6.3	2468	[1]	οἶμαι	_	_
6.3	2469	[200]	,	b	_
6.3	2470	[61]	τὸ	_	_
6.3	2471	[1]	συνεχὲς	_	_
6.3	2472	[6]	αὐτῆς	_	_
6.3	2473	[4]	μέρος	_	_
6.3	2474	[68]	.	b	_
6.4	1	[1]	Εἰ	_	_
6.4	2	[1]	δέ	_	_
6.4	3	[1]	τις	_	_
6.4	4	[1]	οἴεται	_	_
6.4	5	[1]	τῆς	_	_
6.4	6	[1]	μὲν	_	_
6.4	7	[1]	δυνάμεως	_	_
6.4	8	[1]	ταῖς	_	_
6.4	9	[1]	φλεψὶ	_	_
6.4	10	[1]	χορηγὸν	_	_
6.4	11	[1]	τὴν	_	_
6.4	12	[1]	καρδίαν	_	_
6.4	13	[1]	,	b	_
6.4	14	[2]	τῆς	_	_
6.4	15	[1]	δ	_	_
6.4	16	[1]	’	b	_
6.4	17	[1]	ὕλης	_	_
6.4	18	[1]	τὸ	_	_
6.4	19	[1]	ἧπαρ	_	_
6.4	20	[2]	,	b	_
6.4	21	[1]	ἐντεῦθεν	_	_
6.4	22	[1]	γὰρ	_	_
6.4	23	[1]	ὁρμᾶσθαι	_	_
6.4	24	[2]	τὸ	_	_
6.4	25	[1]	αἷμα	_	_
6.4	26	[3]	,	b	_
6.4	27	[1]	καὶ	_	_
6.4	28	[1]	διὰ	_	_
6.4	29	[1]	τοῦτ	_	_
6.4	30	[2]	’	b	_
6.4	31	[1]	εὐρυτέραν	_	_
6.4	32	[1]	εἶναι	_	_
6.4	33	[2]	τὴν	_	_
6.4	34	[1]	κάτω	_	_
6.4	35	[1]	κοίλην	_	_
6.4	36	[3]	τῆς	_	_
6.4	37	[1]	ἄνω	_	_
6.4	38	[4]	,	b	_
6.4	39	[1]	διότι	_	_
6.4	40	[1]	πλείω	_	_
6.4	41	[1]	μόρια	_	_
6.4	42	[1]	τὰ	_	_
6.4	43	[2]	κάτω	_	_
6.4	44	[1]	τοῦ	_	_
6.4	45	[1]	ἥπατός	_	_
6.4	46	[1]	ἐστιν	_	_
6.4	47	[5]	,	b	_
6.4	48	[1]	οἷς	_	_
6.4	49	[1]	ἀναγκαῖόν	_	_
6.4	50	[2]	ἐστιν	_	_
6.4	51	[1]	ἅπασι	_	_
6.4	52	[1]	χορηγεῖσθαι	_	_
6.4	53	[1]	τροφὴν	_	_
6.4	54	[6]	,	b	_
6.4	55	[1]	οὗτός	_	_
6.4	56	[1]	μοι	_	_
6.4	57	[1]	δοκεῖ	_	_
6.4	58	[1]	δι	_	_
6.4	59	[3]	’	b	_
6.4	60	[1]	αὐτῶν	_	_
6.4	61	[1]	ὧν	_	_
6.4	62	[1]	ὑποτίθεται	_	_
6.4	63	[1]	συγχωρεῖν	_	_
6.4	64	[1]	ἃ	_	_
6.4	65	[1]	μὴ	_	_
6.4	66	[1]	βούλεται	_	_
6.4	67	[1]	.	b	_
6.4	68	[3]	τὸ	_	_
6.4	69	[2]	γὰρ	_	_
6.4	70	[1]	ἐξ	_	_
6.4	71	[1]	ἥπατος	_	_
6.4	72	[2]	ὁρμᾶσθαι	_	_
6.4	73	[4]	τὸ	_	_
6.4	74	[2]	αἷμα	_	_
6.4	75	[1]	τί	_	_
6.4	76	[1]	ἄλλο	_	_
6.4	77	[1]	ἐστὶν	_	_
6.4	78	[7]	,	b	_
6.4	79	[1]	ἢ	_	_
6.4	80	[3]	τὴν	_	_
6.4	81	[1]	γεννῶσαν	_	_
6.4	82	[3]	αἷμα	_	_
6.4	83	[1]	δύναμιν	_	_
6.4	84	[1]	ἐν	_	_
6.4	85	[1]	τούτῳ	_	_
6.4	86	[1]	τῷ	_	_
6.4	87	[1]	σπλάγχνῳ	_	_
6.4	88	[1]	περιέχεσθαι	_	_
6.4	89	[1]	;	b	_
6.4	90	[1]	εἴπερ	_	_
6.4	91	[1]	οὖν	_	_
6.4	92	[1]	ἕνεκα	_	_
6.4	93	[2]	μὲν	_	_
6.4	94	[2]	τοῦ	_	_
6.4	95	[1]	τρέφεσθαι	_	_
6.4	96	[5]	τὸ	_	_
6.4	97	[1]	ζῶον	_	_
6.4	98	[1]	ἡ	_	_
6.4	99	[3]	τοῦ	_	_
6.4	100	[1]	αἵματός	_	_
6.4	101	[1]	ἐστι	_	_
6.4	102	[1]	γένεσις	_	_
6.4	103	[8]	,	b	_
6.4	104	[2]	ἐν	_	_
6.4	105	[1]	ἥπατι	_	_
6.4	106	[1]	δὲ	_	_
6.4	107	[1]	γίγνεται	_	_
6.4	108	[6]	τὸ	_	_
6.4	109	[4]	αἷμα	_	_
6.4	110	[9]	,	b	_
6.4	111	[4]	τῆς	_	_
6.4	112	[1]	θρεπτικῆς	_	_
6.4	113	[2]	δυνάμεως	_	_
6.4	114	[1]	ἀρχὴ	_	_
6.4	115	[2]	τοῦτ	_	_
6.4	116	[4]	’	b	_
6.4	117	[1]	ἔσται	_	_
6.4	118	[7]	τὸ	_	_
6.4	119	[1]	σπλάγχνον	_	_
6.4	120	[10]	,	b	_
6.4	121	[1]	οὐχ	_	_
6.4	122	[2]	ἡ	_	_
6.4	123	[1]	καρδία	_	_
6.4	124	[2]	.	b	_
6.4	125	[8]	τὸ	_	_
6.4	126	[3]	γὰρ	_	_
6.4	127	[1]	προνοούμενον	_	_
6.4	128	[2]	ὕλης	_	_
6.4	129	[1]	ἐπιτηδείου	_	_
6.4	130	[1]	πρὸς	_	_
6.4	131	[1]	θρέψιν	_	_
6.4	132	[1]	ἅπαντι	_	_
6.4	133	[2]	τῷ	_	_
6.4	134	[1]	σώματι	_	_
6.4	135	[11]	,	b	_
6.4	136	[3]	τοῦτ	_	_
6.4	137	[5]	’	b	_
6.4	138	[1]	εὔλογον	_	_
6.4	139	[1]	ἀρχὴν	_	_
6.4	140	[2]	εἶναι	_	_
6.4	141	[5]	τῆς	_	_
6.4	142	[2]	θρεπτικῆς	_	_
6.4	143	[1]	τε	_	_
6.4	144	[2]	καὶ	_	_
6.4	145	[1]	φυτικῆς	_	_
6.4	146	[3]	δυνάμεως	_	_
6.4	147	[12]	,	b	_
6.4	148	[1]	ὥσπερ	_	_
6.4	149	[13]	,	b	_
6.4	150	[1]	οἶμαι	_	_
6.4	151	[14]	,	b	_
6.4	152	[1]	κᾀν	_	_
6.4	153	[1]	τοῖς	_	_
6.4	154	[1]	φυτοῖς	_	_
6.4	155	[1]	ἐκεῖνο	_	_
6.4	156	[9]	τὸ	_	_
6.4	157	[1]	μέρος	_	_
6.4	158	[15]	,	b	_
6.4	159	[1]	ὃ	_	_
6.4	160	[1]	ῥίζωσιν	_	_
6.4	161	[1]	ἐκαλοῦμεν	_	_
6.4	162	[3]	.	b	_
6.4	163	[1]	ἕλκει	_	_
6.4	164	[2]	τε	_	_
6.4	165	[4]	γὰρ	_	_
6.4	166	[1]	ἐφ	_	_
6.4	167	[6]	’	b	_
6.4	168	[1]	ἑαυτὸ	_	_
6.4	169	[2]	διὰ	_	_
6.4	170	[1]	παμπόλλων	_	_
6.4	171	[1]	ῥιζῶν	_	_
6.4	172	[1]	ἐκ	_	_
6.4	173	[6]	τῆς	_	_
6.4	174	[1]	γῆς	_	_
6.4	175	[4]	τὴν	_	_
6.4	176	[2]	τροφὴν	_	_
6.4	177	[16]	,	b	_
6.4	178	[1]	ἐπιπέμπει	_	_
6.4	179	[3]	τε	_	_
6.4	180	[1]	προκατεργασάμενον	_	_
6.4	181	[2]	ἅπαντι	_	_
6.4	182	[3]	τῷ	_	_
6.4	183	[1]	φυτῷ	_	_
6.4	184	[3]	διὰ	_	_
6.4	185	[4]	τοῦ	_	_
6.4	186	[1]	στελέχους	_	_
6.4	187	[4]	.	b	_
6.4	188	[1]	εἰ	_	_
6.4	189	[5]	γὰρ	_	_
6.4	190	[3]	καὶ	_	_
6.4	191	[7]	τῆς	_	_
6.4	192	[1]	αὐτῆς	_	_
6.4	193	[4]	δυνάμεως	_	_
6.4	194	[17]	,	b	_
6.4	195	[2]	ὥσπερ	_	_
6.4	196	[4]	καὶ	_	_
6.4	197	[8]	τῆς	_	_
6.4	198	[1]	σφυγμικῆς	_	_
6.4	199	[18]	,	b	_
6.4	200	[2]	ἀρχὴν	_	_
6.4	201	[1]	θησόμεθα	_	_
6.4	202	[5]	τὴν	_	_
6.4	203	[2]	καρδίαν	_	_
6.4	204	[19]	,	b	_
6.4	205	[2]	ἐκ	_	_
6.4	206	[5]	τοῦ	_	_
6.4	207	[1]	περιττοῦ	_	_
6.4	208	[10]	τὸ	_	_
6.4	209	[2]	ἧπαρ	_	_
6.4	210	[3]	ἡ	_	_
6.4	211	[1]	μηδὲν	_	_
6.4	212	[1]	μάτην	_	_
6.4	213	[1]	ἐργαζομένη	_	_
6.4	214	[1]	φύσις	_	_
6.4	215	[1]	ἐποίησεν	_	_
6.4	216	[1]	·	b	_
6.4	217	[1]	ἦν	_	_
6.4	218	[6]	γὰρ	_	_
6.4	219	[1]	δή	_	_
6.4	220	[1]	που	_	_
6.4	221	[1]	κατὰ	_	_
6.4	222	[6]	τὴν	_	_
6.4	223	[3]	καρδίαν	_	_
6.4	224	[1]	αἱματοῦσθαι	_	_
6.4	225	[7]	τὴν	_	_
6.4	226	[1]	τροφήν	_	_
6.4	227	[5]	.	b	_
6.4	228	[1]	ἀλλ	_	_
6.4	229	[7]	’	b	_
6.4	230	[1]	ὡς	_	_
6.4	231	[1]	εἰς	_	_
6.4	232	[1]	μέγα	_	_
6.4	233	[11]	τὸ	_	_
6.4	234	[1]	ἔργον	_	_
6.4	235	[1]	οἷον	_	_
6.4	236	[1]	ὑπηρέτην	_	_
6.4	237	[1]	τινὰ	_	_
6.4	238	[12]	τὸ	_	_
6.4	239	[3]	ἧπαρ	_	_
6.4	240	[4]	ἡ	_	_
6.4	241	[2]	φύσις	_	_
6.4	242	[1]	τῇ	_	_
6.4	243	[1]	καρδίᾳ	_	_
6.4	244	[1]	παρεστήσατο	_	_
6.4	245	[1]	προπαρασκευάσοντα	_	_
6.4	246	[8]	τὴν	_	_
6.4	247	[1]	ὕλην	_	_
6.4	248	[1]	αὐτῇ	_	_
6.4	249	[20]	,	b	_
6.4	250	[1]	καθάπερ	_	_
6.4	251	[5]	ἡ	_	_
6.4	252	[1]	γαστὴρ	_	_
6.4	253	[1]	ἐκείνῳ	_	_
6.4	254	[6]	.	b	_
6.4	255	[1]	πιθανὸς	_	_
6.4	256	[3]	μὲν	_	_
6.4	257	[1]	ὁ	_	_
6.4	258	[1]	λόγος	_	_
6.4	259	[21]	,	b	_
6.4	260	[1]	οὐ	_	_
6.4	261	[1]	μὴν	_	_
6.4	262	[1]	ἀληθής	_	_
6.4	263	[1]	γε	_	_
6.4	264	[7]	.	b	_
6.4	265	[1]	φαίνεται	_	_
6.4	266	[7]	γὰρ	_	_
6.4	267	[2]	οὐχ	_	_
6.4	268	[2]	ὡς	_	_
6.4	269	[1]	ὑπηρέτης	_	_
6.4	270	[1]	ἡγουμένῳ	_	_
6.4	271	[1]	προπαρασκευάζων	_	_
6.4	272	[1]	ἐπιτήδειον	_	_
6.4	273	[2]	ὕλην	_	_
6.4	274	[13]	τὸ	_	_
6.4	275	[4]	ἧπαρ	_	_
6.4	276	[22]	,	b	_
6.4	277	[2]	ἀλλ	_	_
6.4	278	[8]	’	b	_
6.4	279	[3]	ὡς	_	_
6.4	280	[1]	αὐτὸς	_	_
6.4	281	[2]	ὁ	_	_
6.4	282	[1]	ἡγούμενος	_	_
6.4	283	[1]	ἐξουσίαν	_	_
6.4	284	[1]	ἔχων	_	_
6.4	285	[6]	τοῦ	_	_
6.4	286	[1]	διανέμειν	_	_
6.4	287	[1]	αὐτήν	_	_
6.4	288	[8]	.	b	_
6.4	289	[1]	ἐναργῆ	_	_
6.4	290	[2]	δὲ	_	_
6.4	291	[1]	παραδείγματα	_	_
6.4	292	[1]	κατ	_	_
6.4	293	[9]	’	b	_
6.4	294	[1]	αὐτὸ	_	_
6.4	295	[7]	τοῦ	_	_
6.4	296	[1]	ζώου	_	_
6.4	297	[14]	τὸ	_	_
6.4	298	[1]	σῶμα	_	_
6.4	299	[1]	πάρεστι	_	_
6.4	300	[1]	θεάσασθαι	_	_
6.4	301	[9]	.	b	_
6.4	302	[1]	πάντα	_	_
6.4	303	[1]	γοῦν	_	_
6.4	304	[23]	,	b	_
6.4	305	[1]	ὅσα	_	_
6.4	306	[1]	προπαρασκευάζει	_	_
6.4	307	[1]	τὰς	_	_
6.4	308	[1]	ὕλας	_	_
6.4	309	[1]	ἑτέροις	_	_
6.4	310	[24]	,	b	_
6.4	311	[1]	ἐκείνοις	_	_
6.4	312	[1]	αὐτὰς	_	_
6.4	313	[1]	ἀκεραίους	_	_
6.4	314	[1]	φυλάττει	_	_
6.4	315	[25]	,	b	_
6.4	316	[5]	καὶ	_	_
6.4	317	[1]	οὔτ	_	_
6.4	318	[10]	’	b	_
6.4	319	[3]	ἐκ	_	_
6.4	320	[1]	πνεύμονος	_	_
6.4	321	[1]	ἄλλη	_	_
6.4	322	[2]	τις	_	_
6.4	323	[1]	ὁδὸς	_	_
6.4	324	[1]	ἑτέρωσε	_	_
6.4	325	[1]	τέτμηται	_	_
6.4	326	[26]	,	b	_
6.4	327	[1]	πλὴν	_	_
6.4	328	[1]	μιᾶς	_	_
6.4	329	[9]	τῆς	_	_
6.4	330	[2]	εἰς	_	_
6.4	331	[9]	τὴν	_	_
6.4	332	[4]	καρδίαν	_	_
6.4	333	[27]	,	b	_
6.4	334	[2]	οὔτ	_	_
6.4	335	[11]	’	b	_
6.4	336	[4]	ἐκ	_	_
6.4	337	[1]	κοιλίας	_	_
6.4	338	[4]	τε	_	_
6.4	339	[6]	καὶ	_	_
6.4	340	[1]	ἐντέρων	_	_
6.4	341	[2]	ἑτέρωσε	_	_
6.4	342	[28]	,	b	_
6.4	343	[2]	πλὴν	_	_
6.4	344	[3]	εἰς	_	_
6.4	345	[5]	ἧπαρ	_	_
6.4	346	[29]	,	b	_
6.4	347	[3]	οὔτ	_	_
6.4	348	[12]	’	b	_
6.4	349	[5]	ἐκ	_	_
6.4	350	[8]	τοῦ	_	_
6.4	351	[1]	δικτυοειδοῦς	_	_
6.4	352	[1]	πλέγματος	_	_
6.4	353	[3]	ἑτέρωσε	_	_
6.4	354	[30]	,	b	_
6.4	355	[3]	πλὴν	_	_
6.4	356	[4]	εἰς	_	_
6.4	357	[1]	ἐγκέφαλον	_	_
6.4	358	[31]	,	b	_
6.4	359	[4]	οὔτ	_	_
6.4	360	[13]	’	b	_
6.4	361	[6]	ἐκ	_	_
6.4	362	[1]	τῶν	_	_
6.4	363	[15]	τὸ	_	_
6.4	364	[1]	σπέρμα	_	_
6.4	365	[1]	προπαρασκευαζόντων	_	_
6.4	366	[1]	ἀγγείων	_	_
6.4	367	[5]	εἰς	_	_
6.4	368	[2]	ἄλλο	_	_
6.4	369	[1]	τι	_	_
6.4	370	[32]	,	b	_
6.4	371	[4]	πλὴν	_	_
6.4	372	[2]	τῶν	_	_
6.4	373	[1]	ὄρχεων	_	_
6.4	374	[10]	.	b	_
6.4	375	[1]	οὕτω	_	_
6.4	376	[3]	δὲ	_	_
6.4	377	[7]	καὶ	_	_
6.4	378	[1]	οἱ	_	_
6.4	379	[16]	τὸ	_	_
6.4	380	[1]	χολῶδες	_	_
6.4	381	[1]	ὑγρὸν	_	_
6.4	382	[1]	ἀθροίζοντες	_	_
6.4	383	[1]	πόροι	_	_
6.4	384	[1]	πάντες	_	_
6.4	385	[6]	εἰς	_	_
6.4	386	[1]	ἓν	_	_
6.4	387	[1]	ἀγγεῖον	_	_
6.4	388	[1]	ἀποφέρονται	_	_
6.4	389	[33]	,	b	_
6.4	390	[10]	τὴν	_	_
6.4	391	[1]	συνημμένην	_	_
6.4	392	[1]	δηλονότι	_	_
6.4	393	[2]	ἥπατι	_	_
6.4	394	[1]	κύστιν	_	_
6.4	395	[34]	,	b	_
6.4	396	[1]	ἐντεῦθέν	_	_
6.4	397	[5]	τε	_	_
6.4	398	[7]	εἰς	_	_
6.4	399	[11]	τὴν	_	_
6.4	400	[1]	νῆστιν	_	_
6.4	401	[1]	ἐκπέμπουσιν	_	_
6.4	402	[35]	,	b	_
6.4	403	[2]	καθάπερ	_	_
6.4	404	[2]	οἱ	_	_
6.4	405	[1]	νεφροὶ	_	_
6.4	406	[17]	τὸ	_	_
6.4	407	[1]	οὖρον	_	_
6.4	408	[36]	,	b	_
6.4	409	[8]	εἰς	_	_
6.4	410	[12]	τὴν	_	_
6.4	411	[1]	μίαν	_	_
6.4	412	[2]	δηλονότι	_	_
6.4	413	[2]	κύστιν	_	_
6.4	414	[11]	.	b	_
6.4	415	[1]	οὐκοῦν	_	_
6.4	416	[1]	οὐδὲ	_	_
6.4	417	[18]	τὸ	_	_
6.4	418	[6]	ἧπαρ	_	_
6.4	419	[37]	,	b	_
6.4	420	[2]	εἴπερ	_	_
6.4	421	[2]	τῇ	_	_
6.4	422	[2]	καρδίᾳ	_	_
6.4	423	[19]	τὸ	_	_
6.4	424	[5]	αἷμα	_	_
6.4	425	[1]	προπαρασκευάσον	_	_
6.4	426	[1]	ὑπὸ	_	_
6.4	427	[10]	τῆς	_	_
6.4	428	[1]	φύσεως	_	_
6.4	429	[1]	ἐγένετο	_	_
6.4	430	[38]	,	b	_
6.4	431	[2]	διανέμειν	_	_
6.4	432	[2]	αὐτὸ	_	_
6.4	433	[3]	τῇ	_	_
6.4	434	[1]	παρασκευῇ	_	_
6.4	435	[1]	ἡμίεργον	_	_
6.4	436	[1]	ἐπιστεύθη	_	_
6.4	437	[1]	ἄν	_	_
6.4	438	[12]	.	b	_
6.4	439	[1]	οὔτε	_	_
6.4	440	[8]	γὰρ	_	_
6.4	441	[1]	ὑπηρέτου	_	_
6.4	442	[20]	τὸ	_	_
6.4	443	[1]	τοιοῦτον	_	_
6.4	444	[2]	ἔργον	_	_
6.4	445	[39]	,	b	_
6.4	446	[3]	ἀλλ	_	_
6.4	447	[14]	’	b	_
6.4	448	[1]	ἡγεμόνος	_	_
6.4	449	[8]	καὶ	_	_
6.4	450	[1]	ἄρχοντος	_	_
6.4	451	[40]	,	b	_
6.4	452	[1]	οὔθ	_	_
6.4	453	[15]	’	b	_
6.4	454	[3]	ὕλης	_	_
6.4	455	[1]	ἐλλιπῶς	_	_
6.4	456	[1]	παρεσκευασμένης	_	_
6.4	457	[21]	τὸ	_	_
6.4	458	[1]	πάθος	_	_
6.4	459	[2]	·	b	_
6.4	460	[2]	ὑπηρέτου	_	_
6.4	461	[1]	γάρ	_	_
6.4	462	[2]	ἐστι	_	_
6.4	463	[22]	τὸ	_	_
6.4	464	[1]	παρασκευάζειν	_	_
6.4	465	[1]	μόνον	_	_
6.4	466	[41]	,	b	_
6.4	467	[4]	ὕλης	_	_
6.4	468	[1]	τ	_	_
6.4	469	[16]	’	b	_
6.4	470	[1]	ἐλλι	_	_
6.4	471	[1]	ποῦς	_	_
6.4	472	[3]	ἐστι	_	_
6.4	473	[23]	τὸ	_	_
6.4	474	[2]	μὴ	_	_
6.4	475	[1]	διανέμεσθαι	_	_
6.4	476	[13]	.	b	_
6.4	477	[9]	καὶ	_	_
6.4	478	[2]	μὴν	_	_
6.4	479	[2]	οὔθ	_	_
6.4	480	[17]	’	b	_
6.4	481	[4]	ὡς	_	_
6.4	482	[2]	ὑπηρέτης	_	_
6.4	483	[24]	τὸ	_	_
6.4	484	[7]	ἧπαρ	_	_
6.4	485	[42]	,	b	_
6.4	486	[4]	ἀλλ	_	_
6.4	487	[18]	’	b	_
6.4	488	[5]	ὡς	_	_
6.4	489	[1]	ἄρχων	_	_
6.4	490	[43]	,	b	_
6.4	491	[3]	οὔθ	_	_
6.4	492	[19]	’	b	_
6.4	493	[6]	ὡς	_	_
6.4	494	[3]	ὕλην	_	_
6.4	495	[1]	ἐλλιπῆ	_	_
6.4	496	[25]	τὸ	_	_
6.4	497	[6]	αἷμα	_	_
6.4	498	[3]	διανέμειν	_	_
6.4	499	[1]	πεπίστευται	_	_
6.4	500	[14]	.	b	_
6.4	501	[2]	πάντα	_	_
6.4	502	[9]	γὰρ	_	_
6.4	503	[2]	ὅσα	_	_
6.4	504	[3]	κάτω	_	_
6.4	505	[9]	τοῦ	_	_
6.4	506	[1]	διαφράγματός	_	_
6.4	507	[4]	ἐστι	_	_
6.4	508	[10]	τοῦ	_	_
6.4	509	[2]	ζώου	_	_
6.4	510	[2]	μόρια	_	_
6.4	511	[1]	παρ	_	_
6.4	512	[20]	’	b	_
6.4	513	[2]	ἥπατος	_	_
6.4	514	[1]	ἀναμφισβητήτως	_	_
6.4	515	[1]	ἔχει	_	_
6.4	516	[26]	τὸ	_	_
6.4	517	[7]	αἷμα	_	_
6.4	518	[44]	,	b	_
6.4	519	[1]	καίτοι	_	_
6.4	520	[2]	πλείω	_	_
6.4	521	[3]	τῶν	_	_
6.4	522	[1]	ἡμίσεών	_	_
6.4	523	[5]	ἐστι	_	_
6.4	524	[15]	.	b	_
6.4	525	[1]	μᾶλλον	_	_
6.4	526	[2]	δ	_	_
6.4	527	[21]	’	b	_
6.4	528	[1]	ὅτι	_	_
6.4	529	[10]	καὶ	_	_
6.4	530	[3]	αὐτὸ	_	_
6.4	531	[27]	τὸ	_	_
6.4	532	[1]	διάφραγμα	_	_
6.4	533	[45]	,	b	_
6.4	534	[11]	καὶ	_	_
6.4	535	[3]	ὁ	_	_
6.4	536	[1]	περικάρδιος	_	_
6.4	537	[1]	ὑμὴν	_	_
6.4	538	[1]	ἅμα	_	_
6.4	539	[2]	τοῖς	_	_
6.4	540	[1]	ἄλλοις	_	_
6.4	541	[1]	ὑμέσι	_	_
6.4	542	[3]	τοῖς	_	_
6.4	543	[1]	πλησίον	_	_
6.4	544	[46]	,	b	_
6.4	545	[1]	ὅσοι	_	_
6.4	546	[6]	τε	_	_
6.4	547	[1]	διαφράττουσι	_	_
6.4	548	[1]	τὸν	_	_
6.4	549	[1]	θώρακα	_	_
6.4	550	[47]	,	b	_
6.4	551	[12]	καὶ	_	_
6.4	552	[2]	ὅσοι	_	_
6.4	553	[1]	περιαλείφουσι	_	_
6.4	554	[2]	τὸν	_	_
6.4	555	[1]	πνεύμονα	_	_
6.4	556	[48]	,	b	_
6.4	557	[13]	τὴν	_	_
6.4	558	[3]	τροφὴν	_	_
6.4	559	[7]	ἐκ	_	_
6.4	560	[11]	τῆς	_	_
6.4	561	[1]	κοίλης	_	_
6.4	562	[2]	ἔχει	_	_
6.4	563	[49]	,	b	_
6.4	564	[1]	πρὶν	_	_
6.4	565	[1]	ἐπὶ	_	_
6.4	566	[14]	τὴν	_	_
6.4	567	[5]	καρδίαν	_	_
6.4	568	[1]	ἀφικέσθαι	_	_
6.4	569	[50]	,	b	_
6.4	570	[1]	διδαχθῶμεν	_	_
6.4	571	[51]	,	b	_
6.4	572	[2]	ὑπὸ	_	_
6.4	573	[12]	τῆς	_	_
6.4	574	[1]	ἀνατομῆς	_	_
6.4	575	[1]	εἰσόμεθα	_	_
6.4	576	[2]	τὰ	_	_
6.4	577	[3]	πλείω	_	_
6.4	578	[4]	τῶν	_	_
6.4	579	[11]	τοῦ	_	_
6.4	580	[3]	ζώου	_	_
6.4	581	[1]	μορίων	_	_
6.4	582	[2]	ἐξ	_	_
6.4	583	[3]	ἥπατος	_	_
6.4	584	[1]	τρεφόμενα	_	_
6.4	585	[1]	προφανῶς	_	_
6.4	586	[7]	τε	_	_
6.4	587	[13]	καὶ	_	_
6.4	588	[2]	ἀναμφισβητήτως	_	_
6.4	589	[16]	.	b	_
6.4	590	[1]	ἐπιδειχθήσεται	_	_
6.4	591	[4]	μὲν	_	_
6.4	592	[10]	γὰρ	_	_
6.4	593	[1]	ὀλίγον	_	_
6.4	594	[1]	ὕστερον	_	_
6.4	595	[52]	,	b	_
6.4	596	[2]	ὅτι	_	_
6.4	597	[14]	καὶ	_	_
6.4	598	[28]	τὸ	_	_
6.4	599	[2]	ἄνω	_	_
6.4	600	[13]	τῆς	_	_
6.4	601	[1]	καρδίας	_	_
6.4	602	[1]	ἅπαν	_	_
6.4	603	[3]	ἐξ	_	_
6.4	604	[4]	ἥπατος	_	_
6.4	605	[3]	ἔχει	_	_
6.4	606	[15]	τὴν	_	_
6.4	607	[2]	τροφήν	_	_
6.4	608	[17]	.	b	_
6.4	609	[1]	ἀλλὰ	_	_
6.4	610	[1]	τό	_	_
6.4	611	[1]	γ	_	_
6.4	612	[22]	’	b	_
6.4	613	[1]	ἀναμφισβήτητον	_	_
6.4	614	[1]	ἤδη	_	_
6.4	615	[1]	λαμβανέσθω	_	_
6.4	616	[29]	τὸ	_	_
6.4	617	[3]	τὰ	_	_
6.4	618	[4]	κάτω	_	_
6.4	619	[14]	τῆς	_	_
6.4	620	[2]	καρδίας	_	_
6.4	621	[4]	ἐξ	_	_
6.4	622	[1]	ἐκείνου	_	_
6.4	623	[2]	τρέφεσθαι	_	_
6.4	624	[53]	,	b	_
6.4	625	[2]	ἀλλὰ	_	_
6.4	626	[15]	καὶ	_	_
6.4	627	[1]	αὐτοῦ	_	_
6.4	628	[12]	τοῦ	_	_
6.4	629	[1]	θώρακος	_	_
6.4	630	[1]	ὅλα	_	_
6.4	631	[4]	τὰ	_	_
6.4	632	[5]	κάτω	_	_
6.4	633	[1]	μέρη	_	_
6.4	634	[18]	.	b	_
6.4	635	[1]	μαρτυρεῖ	_	_
6.4	636	[4]	δὲ	_	_
6.4	637	[4]	τῷ	_	_
6.4	638	[1]	λόγῳ	_	_
6.4	639	[16]	καὶ	_	_
6.4	640	[5]	τὰ	_	_
6.4	641	[1]	ἄλλα	_	_
6.4	642	[1]	σύμπαντα	_	_
6.4	643	[6]	τὰ	_	_
6.4	644	[2]	κατὰ	_	_
6.4	645	[2]	τὰς	_	_
6.4	646	[1]	ἀνατομὰς	_	_
6.4	647	[1]	φαινόμενα	_	_
6.4	648	[54]	,	b	_
6.4	649	[17]	καὶ	_	_
6.4	650	[1]	πρῶτόν	_	_
6.4	651	[2]	γε	_	_
6.4	652	[18]	καὶ	_	_
6.4	653	[1]	μέγιστον	_	_
6.4	654	[6]	ἡ	_	_
6.4	655	[1]	κάθαρσις	_	_
6.4	656	[5]	τῶν	_	_
6.4	657	[1]	περιττωμάτων	_	_
6.4	658	[13]	τοῦ	_	_
6.4	659	[1]	αἵματος	_	_
6.4	660	[19]	.	b	_
6.4	661	[7]	ὡς	_	_
6.4	662	[11]	γὰρ	_	_
6.4	663	[1]	συμπεπληρωμένῃ	_	_
6.4	664	[4]	τῇ	_	_
6.4	665	[14]	τοῦ	_	_
6.4	666	[1]	χυμοῦ	_	_
6.4	667	[1]	γενέσει	_	_
6.4	668	[19]	καὶ	_	_
6.4	669	[30]	τὸ	_	_
6.4	670	[1]	προσῆκον	_	_
6.4	671	[1]	εἶδος	_	_
6.4	672	[1]	ἐχούσῃ	_	_
6.4	673	[1]	παρεσκεύασεν	_	_
6.4	674	[7]	ἡ	_	_
6.4	675	[3]	φύσις	_	_
6.4	676	[1]	ὄργανα	_	_
6.4	677	[1]	καθαρτικὰ	_	_
6.4	678	[6]	τῶν	_	_
6.4	679	[2]	περιττωμάτων	_	_
6.4	680	[55]	,	b	_
6.4	681	[1]	νεφροὺς	_	_
6.4	682	[20]	καὶ	_	_
6.4	683	[1]	σπλῆνα	_	_
6.4	684	[21]	καὶ	_	_
6.4	685	[16]	τὴν	_	_
6.4	686	[1]	χοληδόχον	_	_
6.4	687	[3]	κύστιν	_	_
6.4	688	[20]	.	b	_
6.4	689	[1]	οὐδ	_	_
6.4	690	[23]	’	b	_
6.4	691	[1]	ἔστιν	_	_
6.4	692	[3]	ἄλλο	_	_
6.4	693	[1]	τέταρτον	_	_
6.4	694	[2]	οὐδ	_	_
6.4	695	[24]	’	b	_
6.4	696	[1]	ἐπινοῆσαι	_	_
6.4	697	[1]	περίττωμα	_	_
6.4	698	[1]	τροφῆς	_	_
6.4	699	[2]	ἢ	_	_
6.4	700	[5]	ὕλης	_	_
6.4	701	[1]	ἡστινοσοῦν	_	_
6.4	702	[3]	ὑπὸ	_	_
6.4	703	[1]	θερμοῦ	_	_
6.4	704	[1]	μεταβαλλομένης	_	_
6.4	705	[56]	,	b	_
6.4	706	[3]	ἀλλὰ	_	_
6.4	707	[7]	τὰ	_	_
6.4	708	[1]	πλεῖστα	_	_
6.4	709	[1]	τρία	_	_
6.4	710	[3]	τὸν	_	_
6.4	711	[1]	ἀριθμόν	_	_
6.4	712	[6]	ἐστι	_	_
6.4	713	[21]	.	b	_
6.4	714	[1]	τουτὶ	_	_
6.4	715	[12]	γὰρ	_	_
6.4	716	[1]	δέδεικταί	_	_
6.4	717	[2]	μοι	_	_
6.4	718	[2]	δι	_	_
6.4	719	[25]	’	b	_
6.4	720	[1]	ἑτέρων	_	_
6.4	721	[2]	ἤδη	_	_
6.4	722	[1]	πραγματειῶν	_	_
6.4	723	[57]	,	b	_
6.4	724	[1]	αὖθίς	_	_
6.4	725	[8]	τε	_	_
6.4	726	[1]	δειχθήσεται	_	_
6.4	727	[3]	κατὰ	_	_
6.4	728	[17]	τὴν	_	_
6.4	729	[1]	ἐνεστῶσαν	_	_
6.4	730	[2]	ἐπὶ	_	_
6.4	731	[1]	προήκοντι	_	_
6.4	732	[5]	τῷ	_	_
6.4	733	[2]	λόγῳ	_	_
6.4	734	[1]	πραγματείαν	_	_
6.4	735	[22]	.	b	_
6.4	736	[1]	νυνὶ	_	_
6.4	737	[3]	δ	_	_
6.4	738	[26]	’	b	_
6.4	739	[1]	εἴρηται	_	_
6.4	740	[5]	μὲν	_	_
6.4	741	[58]	,	b	_
6.4	742	[8]	ὡς	_	_
6.4	743	[2]	μηδὲν	_	_
6.4	744	[7]	τῶν	_	_
6.4	745	[1]	ἀληθῶν	_	_
6.4	746	[1]	παραλείποιτο	_	_
6.4	747	[59]	,	b	_
6.4	748	[15]	τῆς	_	_
6.4	749	[4]	δ	_	_
6.4	750	[27]	’	b	_
6.4	751	[5]	ἐξ	_	_
6.4	752	[2]	αὐτοῦ	_	_
6.4	753	[1]	πίστεως	_	_
6.4	754	[1]	οὐδὲν	_	_
6.4	755	[1]	δεῖ	_	_
6.4	756	[4]	τοῖς	_	_
6.4	757	[1]	παροῦσιν	_	_
6.4	758	[23]	.	b	_
6.4	759	[1]	ὁμολογεῖται	_	_
6.4	760	[13]	γὰρ	_	_
6.4	761	[1]	ἥ	_	_
6.4	762	[9]	τε	_	_
6.4	763	[8]	τῶν	_	_
6.4	764	[1]	νεφρῶν	_	_
6.4	765	[1]	ἐνέργεια	_	_
6.4	766	[22]	καὶ	_	_
6.4	767	[8]	ἡ	_	_
6.4	768	[16]	τῆς	_	_
6.4	769	[1]	χοληδόχου	_	_
6.4	770	[1]	κύστεως	_	_
6.4	771	[1]	ἐκκαθαίρειν	_	_
6.4	772	[31]	τὸ	_	_
6.4	773	[8]	αἷμα	_	_
6.4	774	[24]	.	b	_
6.4	775	[4]	κατὰ	_	_
6.4	776	[5]	δὲ	_	_
6.4	777	[18]	τὴν	_	_
6.4	778	[6]	καρδίαν	_	_
6.4	779	[5]	οὔτ	_	_
6.4	780	[28]	’	b	_
6.4	781	[4]	ἄλλο	_	_
6.4	782	[2]	τι	_	_
6.4	783	[1]	καθαρτικὸν	_	_
6.4	784	[1]	ὄργανον	_	_
6.4	785	[9]	ἡ	_	_
6.4	786	[4]	φύσις	_	_
6.4	787	[2]	ἐποίησεν	_	_
6.4	788	[60]	,	b	_
6.4	789	[6]	οὔτ	_	_
6.4	790	[29]	’	b	_
6.4	791	[1]	ἄλλον	_	_
6.4	792	[1]	ἐργάζεται	_	_
6.4	793	[1]	χυμόν	_	_
6.4	794	[25]	.	b	_
6.4	795	[1]	ὅμοιον	_	_
6.4	796	[14]	γὰρ	_	_
6.4	797	[2]	τό	_	_
6.4	798	[2]	τ	_	_
6.4	799	[30]	’	b	_
6.4	800	[3]	ἐν	_	_
6.4	801	[5]	τῇ	_	_
6.4	802	[1]	δεξιᾷ	_	_
6.4	803	[1]	κοιλίᾳ	_	_
6.4	804	[17]	τῆς	_	_
6.4	805	[3]	καρδίας	_	_
6.4	806	[9]	αἷμα	_	_
6.4	807	[23]	καὶ	_	_
6.4	808	[32]	τὸ	_	_
6.4	809	[5]	κατὰ	_	_
6.4	810	[1]	πάσας	_	_
6.4	811	[3]	τὰς	_	_
6.4	812	[1]	φλέβας	_	_
6.4	813	[1]	ὅλῳ	_	_
6.4	814	[6]	τῷ	_	_
6.4	815	[1]	ζώῳ	_	_
6.4	816	[61]	,	b	_
6.4	817	[3]	καθάπερ	_	_
6.4	818	[3]	γε	_	_
6.4	819	[24]	καὶ	_	_
6.4	820	[33]	τὸ	_	_
6.4	821	[6]	κατὰ	_	_
6.4	822	[4]	τὰς	_	_
6.4	823	[1]	ἀρτηρίας	_	_
6.4	824	[1]	ἁπάσας	_	_
6.4	825	[1]	ὅμοιόν	_	_
6.4	826	[7]	ἐστι	_	_
6.4	827	[7]	τῷ	_	_
6.4	828	[7]	κατὰ	_	_
6.4	829	[19]	τὴν	_	_
6.4	830	[1]	ἀριστερὰν	_	_
6.4	831	[1]	κοιλίαν	_	_
6.4	832	[26]	.	b	_
6.4	833	[2]	τουτὶ	_	_
6.4	834	[6]	μὲν	_	_
6.4	835	[2]	οὖν	_	_
6.4	836	[9]	ὡς	_	_
6.4	837	[8]	τὰ	_	_
6.4	838	[1]	πολλὰ	_	_
6.4	839	[1]	λεπτότερόν	_	_
6.4	840	[3]	τ	_	_
6.4	841	[31]	’	b	_
6.4	842	[1]	ἐστὶ	_	_
6.4	843	[25]	καὶ	_	_
6.4	844	[1]	ξανθότερον	_	_
6.4	845	[62]	,	b	_
6.4	846	[1]	ἔσθ	_	_
6.4	847	[32]	’	b	_
6.4	848	[1]	ὅτε	_	_
6.4	849	[6]	δὲ	_	_
6.4	850	[26]	καὶ	_	_
6.4	851	[1]	τἀναντία	_	_
6.4	852	[63]	,	b	_
6.4	853	[1]	παχύτερόν	_	_
6.4	854	[10]	τε	_	_
6.4	855	[27]	καὶ	_	_
6.4	856	[1]	μελάντερον	_	_
6.4	857	[64]	,	b	_
6.4	858	[1]	ἀεὶ	_	_
6.4	859	[1]	μέντοι	_	_
6.4	860	[1]	θερμότερον	_	_
6.4	861	[1]	αὐτό	_	_
6.4	862	[8]	ἐστι	_	_
6.4	863	[27]	.	b	_
6.4	864	[34]	τὸ	_	_
6.4	865	[7]	δὲ	_	_
6.4	866	[8]	κατὰ	_	_
6.4	867	[20]	τὴν	_	_
6.4	868	[1]	δεξιὰν	_	_
6.4	869	[2]	κοιλίαν	_	_
6.4	870	[10]	αἷμα	_	_
6.4	871	[21]	τὴν	_	_
6.4	872	[1]	αὐτὴν	_	_
6.4	873	[1]	ἰδέαν	_	_
6.4	874	[4]	ἔχει	_	_
6.4	875	[8]	τῷ	_	_
6.4	876	[4]	τ	_	_
6.4	877	[33]	’	b	_
6.4	878	[1]	ἄλλῳ	_	_
6.4	879	[1]	παντὶ	_	_
6.4	880	[28]	καὶ	_	_
6.4	881	[9]	τῷ	_	_
6.4	882	[9]	κατὰ	_	_
6.4	883	[35]	τὸ	_	_
6.4	884	[8]	ἧπαρ	_	_
6.4	885	[65]	,	b	_
6.4	886	[10]	ὡς	_	_
6.4	887	[1]	ἂν	_	_
6.4	888	[2]	οὐδὲν	_	_
6.4	889	[1]	ἐξαίρετον	_	_
6.4	890	[1]	ἐπικτώμενον	_	_
6.4	891	[4]	ἐν	_	_
6.4	892	[6]	τῇ	_	_
6.4	893	[2]	δεξιᾷ	_	_
6.4	894	[2]	κοιλίᾳ	_	_
6.4	895	[28]	.	b	_
6.4	896	[1]	μεγίστη	_	_
6.4	897	[8]	δὲ	_	_
6.4	898	[1]	πίστις	_	_
6.4	899	[66]	,	b	_
6.4	900	[11]	ὡς	_	_
6.4	901	[2]	οὐ	_	_
6.4	902	[2]	προπαρασκευάζει	_	_
6.4	903	[7]	τῇ	_	_
6.4	904	[3]	καρδίᾳ	_	_
6.4	905	[36]	τὸ	_	_
6.4	906	[9]	ἧπαρ	_	_
6.4	907	[1]	οὐδένα	_	_
6.4	908	[1]	χυμὸν	_	_
6.4	909	[9]	εἰς	_	_
6.4	910	[4]	τροφὴν	_	_
6.4	911	[9]	τῶν	_	_
6.4	912	[15]	τοῦ	_	_
6.4	913	[4]	ζώου	_	_
6.4	914	[2]	μορίων	_	_
6.4	915	[67]	,	b	_
6.4	916	[5]	ἀλλ	_	_
6.4	917	[34]	’	b	_
6.4	918	[4]	αὐτὸ	_	_
6.4	919	[1]	συμπληροῖ	_	_
6.4	920	[22]	τὴν	_	_
6.4	921	[1]	σύμπασαν	_	_
6.4	922	[2]	ἰδέαν	_	_
6.4	923	[3]	αὐτοῦ	_	_
6.4	924	[68]	,	b	_
6.4	925	[37]	τὸ	_	_
6.4	926	[2]	μίαν	_	_
6.4	927	[3]	εἶναι	_	_
6.4	928	[1]	φλέβα	_	_
6.4	929	[23]	τὴν	_	_
6.4	930	[6]	ἐξ	_	_
6.4	931	[5]	ἥπατος	_	_
6.4	932	[10]	εἰς	_	_
6.4	933	[7]	καρδίαν	_	_
6.4	934	[1]	ἐκφυομένην	_	_
6.4	935	[69]	,	b	_
6.4	936	[1]	ἑτέραν	_	_
6.4	937	[9]	δὲ	_	_
6.4	938	[1]	μηκέτι	_	_
6.4	939	[1]	ἀντεκφύεσθαι	_	_
6.4	940	[2]	κατ	_	_
6.4	941	[35]	’	b	_
6.4	942	[5]	ἄλλο	_	_
6.4	943	[2]	μέρος	_	_
6.4	944	[2]	αὐτῶν	_	_
6.4	945	[70]	,	b	_
6.4	946	[11]	εἰς	_	_
6.4	947	[1]	ὅλον	_	_
6.4	948	[1]	ἅπαξ	_	_
6.4	949	[1]	φέρουσαν	_	_
6.4	950	[38]	τὸ	_	_
6.4	951	[2]	σῶμα	_	_
6.4	952	[4]	τὸν	_	_
6.4	953	[1]	κατεργασθέντα	_	_
6.4	954	[2]	χυμὸν	_	_
6.4	955	[71]	,	b	_
6.4	956	[2]	καίτοι	_	_
6.4	957	[2]	γ	_	_
6.4	958	[36]	’	b	_
6.4	959	[1]	ἄλλης	_	_
6.4	960	[7]	μὲν	_	_
6.4	961	[1]	εἰσαγούσης	_	_
6.4	962	[2]	ἀρτηρίας	_	_
6.4	963	[72]	,	b	_
6.4	964	[2]	ἄλλης	_	_
6.4	965	[5]	δ	_	_
6.4	966	[37]	’	b	_
6.4	967	[1]	ἐξαγούσης	_	_
6.4	968	[39]	τὸ	_	_
6.4	969	[1]	πνεῦμα	_	_
6.4	970	[29]	.	b	_
6.4	971	[2]	φαίνεται	_	_
6.4	972	[15]	γὰρ	_	_
6.4	973	[10]	ἡ	_	_
6.4	974	[5]	φύσις	_	_
6.4	975	[3]	οὐ	_	_
6.4	976	[5]	τοῖς	_	_
6.4	977	[1]	αὐτοῖς	_	_
6.4	978	[1]	ἀγγείοις	_	_
6.4	979	[1]	χρωμένη	_	_
6.4	980	[1]	πρός	_	_
6.4	981	[11]	τε	_	_
6.4	982	[5]	τὰς	_	_
6.4	983	[1]	ἡμιεργά	_	_
6.4	984	[1]	στους	_	_
6.4	985	[2]	ὕλας	_	_
6.4	986	[29]	καὶ	_	_
6.4	987	[2]	πρὸς	_	_
6.4	988	[6]	τὰς	_	_
6.4	989	[1]	τελέως	_	_
6.4	990	[1]	κατειργασμένας	_	_
6.4	991	[73]	,	b	_
6.4	992	[2]	οὐδὲ	_	_
6.4	993	[2]	ταῖς	_	_
6.4	994	[1]	αὐταῖς	_	_
6.4	995	[1]	ὁδοῖς	_	_
6.4	996	[30]	.	b	_
6.4	997	[3]	οὐδὲ	_	_
6.4	998	[16]	γὰρ	_	_
6.4	999	[1]	δυνατόν	_	_
6.4	1000	[3]	ἐστιν	_	_
6.4	1001	[2]	ἅμα	_	_
6.4	1002	[12]	τε	_	_
6.4	1003	[40]	τὸ	_	_
6.4	1004	[1]	ἡμίπεπτον	_	_
6.4	1005	[7]	ἐξ	_	_
6.4	1006	[6]	ἥπατος	_	_
6.4	1007	[12]	εἰς	_	_
6.4	1008	[8]	καρδίαν	_	_
6.4	1009	[1]	ἀναπέμπεσθαι	_	_
6.4	1010	[5]	τροφὴν	_	_
6.4	1011	[74]	,	b	_
6.4	1012	[3]	ἅμα	_	_
6.4	1013	[10]	δὲ	_	_
6.4	1014	[24]	τὴν	_	_
6.4	1015	[3]	ἤδη	_	_
6.4	1016	[1]	κατειργασμένην	_	_
6.4	1017	[4]	διὰ	_	_
6.4	1018	[18]	τῆς	_	_
6.4	1019	[2]	αὐτῆς	_	_
6.4	1020	[1]	ὁδοῦ	_	_
6.4	1021	[1]	καταφέρεσθαι	_	_
6.4	1022	[75]	,	b	_
6.4	1023	[6]	ἀλλ	_	_
6.4	1024	[38]	’	b	_
6.4	1025	[2]	ἦν	_	_
6.4	1026	[2]	ἂν	_	_
6.4	1027	[1]	πάντως	_	_
6.4	1028	[1]	ἑτέρα	_	_
6.4	1029	[8]	μὲν	_	_
6.4	1030	[1]	φλὲψ	_	_
6.4	1031	[11]	ἡ	_	_
6.4	1032	[1]	εἰσάγουσα	_	_
6.4	1033	[25]	τὴν	_	_
6.4	1034	[2]	ἡμίπεπτον	_	_
6.4	1035	[76]	,	b	_
6.4	1036	[2]	ἑτέρα	_	_
6.4	1037	[11]	δὲ	_	_
6.4	1038	[12]	ἡ	_	_
6.4	1039	[26]	τὴν	_	_
6.4	1040	[1]	ἀκριβῶς	_	_
6.4	1041	[2]	κατειργασμένην	_	_
6.4	1042	[1]	ἐξάγουσα	_	_
6.4	1043	[31]	.	b	_
6.4	1044	[2]	νυνὶ	_	_
6.4	1045	[6]	δ	_	_
6.4	1046	[39]	’	b	_
6.4	1047	[1]	εἰσάγει	_	_
6.4	1048	[1]	μέν	_	_
6.4	1049	[3]	τις	_	_
6.4	1050	[77]	,	b	_
6.4	1051	[1]	ἐξάγει	_	_
6.4	1052	[7]	δ	_	_
6.4	1053	[40]	’	b	_
6.4	1054	[1]	οὐδεμία	_	_
6.4	1055	[5]	πλὴν	_	_
6.4	1056	[19]	τῆς	_	_
6.4	1057	[13]	εἰς	_	_
6.4	1058	[2]	πνεύμονα	_	_
6.4	1059	[78]	,	b	_
6.4	1060	[1]	περὶ	_	_
6.4	1061	[1]	ἧς	_	_
6.4	1062	[1]	αὖ	_	_
6.4	1063	[3]	ἐπὶ	_	_
6.4	1064	[1]	πλέον	_	_
6.4	1065	[5]	ἐν	_	_
6.4	1066	[6]	τοῖς	_	_
6.4	1067	[2]	περὶ	_	_
6.4	1068	[1]	χρείας	_	_
6.4	1069	[3]	μορίων	_	_
6.4	1070	[1]	ἐπισκεψόμεθα	_	_
6.4	1071	[79]	,	b	_
6.4	1072	[27]	τὴν	_	_
6.4	1073	[1]	αἰτίαν	_	_
6.4	1074	[1]	ἐρευνῶντες	_	_
6.4	1075	[80]	,	b	_
6.4	1076	[2]	ἧς	_	_
6.4	1077	[1]	ἕνεκεν	_	_
6.4	1078	[8]	ἐκ	_	_
6.4	1079	[20]	τῆς	_	_
6.4	1080	[4]	καρδίας	_	_
6.4	1081	[81]	,	b	_
6.4	1082	[1]	οὐκ	_	_
6.4	1083	[9]	ἐκ	_	_
6.4	1084	[21]	τῆς	_	_
6.4	1085	[2]	κοίλης	_	_
6.4	1086	[82]	,	b	_
6.4	1087	[1]	ἐξέφυσεν	_	_
6.4	1088	[13]	ἡ	_	_
6.4	1089	[6]	φύσις	_	_
6.4	1090	[14]	εἰς	_	_
6.4	1091	[5]	τὸν	_	_
6.4	1092	[3]	πνεύμονα	_	_
6.4	1093	[28]	τὴν	_	_
6.4	1094	[1]	θρέψουσαν	_	_
6.4	1095	[41]	τὸ	_	_
6.4	1096	[2]	σπλάγχνον	_	_
6.4	1097	[2]	φλέβα	_	_
6.4	1098	[32]	.	b	_
6.5	1	[1]	Δεῖται	_	_
6.5	2	[1]	δὲ	_	_
6.5	3	[1]	μάλιστα	_	_
6.5	4	[1]	,	b	_
6.5	5	[1]	εἴπερ	_	_
6.5	6	[1]	τις	_	_
6.5	7	[1]	ἄλλος	_	_
6.5	8	[1]	λόγος	_	_
6.5	9	[2]	,	b	_
6.5	10	[1]	καὶ	_	_
6.5	11	[1]	ὁ	_	_
6.5	12	[1]	νῦν	_	_
6.5	13	[1]	ἡμῖν	_	_
6.5	14	[1]	προκείμενος	_	_
6.5	15	[1]	αὐτοῦ	_	_
6.5	16	[1]	τοῦ	_	_
6.5	17	[1]	φαινομένου	_	_
6.5	18	[1]	κατὰ	_	_
6.5	19	[1]	τὰς	_	_
6.5	20	[1]	ἀνατομάς	_	_
6.5	21	[1]	.	b	_
6.5	22	[1]	οὐ	_	_
6.5	23	[1]	μόνον	_	_
6.5	24	[1]	γὰρ	_	_
6.5	25	[1]	οὐδεμία	_	_
6.5	26	[1]	φαίνεται	_	_
6.5	27	[1]	φλὲψ	_	_
6.5	28	[1]	ἐκ	_	_
6.5	29	[1]	καρδίας	_	_
6.5	30	[1]	εἰς	_	_
6.5	31	[1]	τὰ	_	_
6.5	32	[1]	κάτω	_	_
6.5	33	[1]	μόρια	_	_
6.5	34	[1]	φερομένη	_	_
6.5	35	[3]	,	b	_
6.5	36	[1]	πλὴν	_	_
6.5	37	[1]	τῆς	_	_
6.5	38	[1]	ἐξ	_	_
6.5	39	[1]	ἥπατος	_	_
6.5	40	[1]	ἀναφερούσης	_	_
6.5	41	[1]	τὸ	_	_
6.5	42	[1]	αἷμα	_	_
6.5	43	[4]	,	b	_
6.5	44	[1]	ἀλλ	_	_
6.5	45	[1]	’	b	_
6.5	46	[1]	οὐδ	_	_
6.5	47	[2]	’	b	_
6.5	48	[2]	εἰς	_	_
6.5	49	[2]	τὸ	_	_
6.5	50	[1]	ἄνω	_	_
6.5	51	[2]	καρδίας	_	_
6.5	52	[1]	ἀφικνεῖται	_	_
6.5	53	[2]	φλὲψ	_	_
6.5	54	[2]	οὐδεμία	_	_
6.5	55	[2]	.	b	_
6.5	56	[2]	φαίνεται	_	_
6.5	57	[2]	γὰρ	_	_
6.5	58	[1]	ἡ	_	_
6.5	59	[1]	κοίλη	_	_
6.5	60	[3]	φλὲψ	_	_
6.5	61	[1]	ἀπὸ	_	_
6.5	62	[2]	τοῦ	_	_
6.5	63	[2]	ἥπατος	_	_
6.5	64	[1]	εὐθὺ	_	_
6.5	65	[1]	τῶν	_	_
6.5	66	[1]	σφαγῶν	_	_
6.5	67	[1]	ἀναφερομένη	_	_
6.5	68	[1]	;	b	_
6.5	69	[2]	καὶ	_	_
6.5	70	[1]	ταύτης	_	_
6.5	71	[1]	ἀποβλάστημά	_	_
6.5	72	[1]	τι	_	_
6.5	73	[3]	τὸ	_	_
6.5	74	[3]	εἰς	_	_
6.5	75	[1]	τὴν	_	_
6.5	76	[1]	καρδίαν	_	_
6.5	77	[1]	ἐμφυόμενον	_	_
6.5	78	[5]	,	b	_
6.5	79	[1]	οὐκ	_	_
6.5	80	[2]	ἐξ	_	_
6.5	81	[1]	ἐκείνης	_	_
6.5	82	[1]	αὐτή	_	_
6.5	83	[3]	.	b	_
6.5	84	[1]	γνώρισμα	_	_
6.5	85	[1]	δ	_	_
6.5	86	[3]	’	b	_
6.5	87	[1]	ἐναργέστατόν	_	_
6.5	88	[1]	ἐστι	_	_
6.5	89	[4]	τὸ	_	_
6.5	90	[2]	κατὰ	_	_
6.5	91	[1]	μὲν	_	_
6.5	92	[1]	ἀρτηρίαν	_	_
6.5	93	[2]	τὴν	_	_
6.5	94	[1]	μεγάλην	_	_
6.5	95	[5]	τὸ	_	_
6.5	96	[1]	θεωρούμενον	_	_
6.5	97	[6]	,	b	_
6.5	98	[1]	ἄν	_	_
6.5	99	[1]	τινα	_	_
6.5	100	[1]	βουλοίμην	_	_
6.5	101	[1]	οὕτως	_	_
6.5	102	[1]	ἐπὶ	_	_
6.5	103	[3]	τὴν	_	_
6.5	104	[1]	κοίλην	_	_
6.5	105	[1]	ἔρχεσθαι	_	_
6.5	106	[1]	φλέβα	_	_
6.5	107	[4]	.	b	_
6.5	108	[1]	μία	_	_
6.5	109	[3]	γὰρ	_	_
6.5	110	[1]	ἀρτηρία	_	_
6.5	111	[1]	μεγίστη	_	_
6.5	112	[2]	τῆς	_	_
6.5	113	[1]	ἀριστερᾶς	_	_
6.5	114	[1]	κοιλίας	_	_
6.5	115	[3]	τῆς	_	_
6.5	116	[3]	καρδίας	_	_
6.5	117	[1]	ἐκφύσασα	_	_
6.5	118	[7]	,	b	_
6.5	119	[1]	σαφῆ	_	_
6.5	120	[1]	σχίσιν	_	_
6.5	121	[4]	εἰς	_	_
6.5	122	[1]	ἀμφοτέρας	_	_
6.5	123	[1]	ποιεῖται	_	_
6.5	124	[2]	τὰς	_	_
6.5	125	[1]	ἀρτηρίας	_	_
6.5	126	[8]	,	b	_
6.5	127	[1]	ἥν	_	_
6.5	128	[1]	τε	_	_
6.5	129	[2]	ἄνω	_	_
6.5	130	[1]	πρὸς	_	_
6.5	131	[4]	τὴν	_	_
6.5	132	[1]	κεφαλὴν	_	_
6.5	133	[9]	,	b	_
6.5	134	[2]	ἥν	_	_
6.5	135	[1]	τ	_	_
6.5	136	[4]	’	b	_
6.5	137	[2]	ἐπὶ	_	_
6.5	138	[5]	τὴν	_	_
6.5	139	[1]	ῥάχιν	_	_
6.5	140	[1]	ὁρῶμεν	_	_
6.5	141	[1]	καταφερομένην	_	_
6.5	142	[5]	.	b	_
6.5	143	[2]	οὕτως	_	_
6.5	144	[2]	δ	_	_
6.5	145	[5]	’	b	_
6.5	146	[1]	οὖν	_	_
6.5	147	[1]	ἐχρῆν	_	_
6.5	148	[3]	καὶ	_	_
6.5	149	[6]	τὴν	_	_
6.5	150	[2]	ἐκ	_	_
6.5	151	[4]	τῆς	_	_
6.5	152	[1]	δεξιᾶς	_	_
6.5	153	[2]	κοιλίας	_	_
6.5	154	[1]	ἐκφυομένην	_	_
6.5	155	[2]	φλέβα	_	_
6.5	156	[2]	σαφῆ	_	_
6.5	157	[7]	τὴν	_	_
6.5	158	[1]	νομὴν	_	_
6.5	159	[1]	ἴσχειν	_	_
6.5	160	[5]	εἰς	_	_
6.5	161	[1]	ἄμφω	_	_
6.5	162	[2]	τὰ	_	_
6.5	163	[1]	μέρη	_	_
6.5	164	[6]	.	b	_
6.5	165	[3]	φαίνεται	_	_
6.5	166	[3]	δ	_	_
6.5	167	[6]	’	b	_
6.5	168	[1]	οὐχ	_	_
6.5	169	[3]	οὕτως	_	_
6.5	170	[10]	,	b	_
6.5	171	[2]	ἀλλ	_	_
6.5	172	[7]	’	b	_
6.5	173	[2]	ἀπὸ	_	_
6.5	174	[5]	τῆς	_	_
6.5	175	[1]	ἀναφερομένης	_	_
6.5	176	[3]	ἐξ	_	_
6.5	177	[3]	ἥπατος	_	_
6.5	178	[6]	εἰς	_	_
6.5	179	[2]	καρδίαν	_	_
6.5	180	[1]	ἀποσχίζεται	_	_
6.5	181	[7]	.	b	_
6.5	182	[1]	πῶς	_	_
6.5	183	[2]	οὖν	_	_
6.5	184	[1]	ἔτι	_	_
6.5	185	[1]	δυνατόν	_	_
6.5	186	[2]	ἐστι	_	_
6.5	187	[8]	τὴν	_	_
6.5	188	[1]	δεξιὰν	_	_
6.5	189	[1]	κοιλίαν	_	_
6.5	190	[6]	τῆς	_	_
6.5	191	[4]	καρδίας	_	_
6.5	192	[1]	ὑπολαβεῖν	_	_
6.5	193	[1]	εἶναι	_	_
6.5	194	[1]	φλεβῶν	_	_
6.5	195	[1]	ἀρχὴν	_	_
6.5	196	[11]	,	b	_
6.5	197	[1]	ὥσπερ	_	_
6.5	198	[9]	τὴν	_	_
6.5	199	[1]	ἀριστερὰν	_	_
6.5	200	[1]	ἀρτηριῶν	_	_
6.5	201	[2]	;	b	_
6.5	202	[3]	ἐπὶ	_	_
6.5	203	[4]	γὰρ	_	_
6.5	204	[1]	ἀνομοίοις	_	_
6.5	205	[1]	γνωρίσμασιν	_	_
6.5	206	[1]	ἀνόμοιον	_	_
6.5	207	[2]	εἶναι	_	_
6.5	208	[1]	χρὴ	_	_
6.5	209	[4]	καὶ	_	_
6.5	210	[10]	τὴν	_	_
6.5	211	[1]	ἔνδειξιν	_	_
6.5	212	[8]	.	b	_
6.5	213	[1]	εἰ	_	_
6.5	214	[1]	δέ	_	_
6.5	215	[1]	τῳ	_	_
6.5	216	[1]	δοκεῖ	_	_
6.5	217	[1]	μικρὸν	_	_
6.5	218	[3]	εἶναι	_	_
6.5	219	[6]	τὸ	_	_
6.5	220	[7]	τῆς	_	_
6.5	221	[1]	ἐκφύσεως	_	_
6.5	222	[2]	τῶν	_	_
6.5	223	[1]	ἀγγείων	_	_
6.5	224	[2]	γνώρισμα	_	_
6.5	225	[12]	,	b	_
6.5	226	[1]	καίτοι	_	_
6.5	227	[1]	γ	_	_
6.5	228	[8]	’	b	_
6.5	229	[2]	οὐκ	_	_
6.5	230	[1]	ὄντος	_	_
6.5	231	[1]	μικροῦ	_	_
6.5	232	[13]	,	b	_
6.5	233	[3]	ἀλλ	_	_
6.5	234	[9]	’	b	_
6.5	235	[1]	ἐκεῖνό	_	_
6.5	236	[2]	γ	_	_
6.5	237	[10]	’	b	_
6.5	238	[1]	οἶδ	_	_
6.5	239	[11]	’	b	_
6.5	240	[1]	ὅτι	_	_
6.5	241	[2]	οὐ	_	_
6.5	242	[1]	σμικρὸν	_	_
6.5	243	[1]	εἶναί	_	_
6.5	244	[1]	φησι	_	_
6.5	245	[14]	,	b	_
6.5	246	[7]	τὸ	_	_
6.5	247	[1]	πολλὰ	_	_
6.5	248	[3]	τῶν	_	_
6.5	249	[1]	ζώων	_	_
6.5	250	[3]	οὐκ	_	_
6.5	251	[1]	ἔχειν	_	_
6.5	252	[11]	τὴν	_	_
6.5	253	[2]	δεξιὰν	_	_
6.5	254	[2]	κοιλίαν	_	_
6.5	255	[8]	τῆς	_	_
6.5	256	[5]	καρδίας	_	_
6.5	257	[9]	.	b	_
6.5	258	[2]	καίτοι	_	_
6.5	259	[3]	γ	_	_
6.5	260	[12]	’	b	_
6.5	261	[4]	οὐκ	_	_
6.5	262	[1]	ἐνδέχεται	_	_
6.5	263	[12]	τὴν	_	_
6.5	264	[2]	κοίλην	_	_
6.5	265	[3]	φλέβα	_	_
6.5	266	[9]	τῆς	_	_
6.5	267	[3]	κοιλίας	_	_
6.5	268	[2]	ταύτης	_	_
6.5	269	[1]	ἐκφύεσθαι	_	_
6.5	270	[1]	νομίζειν	_	_
6.5	271	[15]	,	b	_
6.5	272	[1]	ὅταν	_	_
6.5	273	[1]	ἐν	_	_
6.5	274	[1]	παμπόλλοις	_	_
6.5	275	[1]	γένεσι	_	_
6.5	276	[2]	ζώων	_	_
6.5	277	[1]	ἧπαρ	_	_
6.5	278	[2]	μὲν	_	_
6.5	279	[1]	ὑπάρχῃ	_	_
6.5	280	[5]	καὶ	_	_
6.5	281	[2]	κοίλη	_	_
6.5	282	[4]	φλὲψ	_	_
6.5	283	[16]	,	b	_
6.5	284	[2]	ἡ	_	_
6.5	285	[1]	κοιλία	_	_
6.5	286	[4]	δ	_	_
6.5	287	[13]	’	b	_
6.5	288	[3]	ἡ	_	_
6.5	289	[1]	δεξιὰ	_	_
6.5	290	[1]	μηδ	_	_
6.5	291	[14]	’	b	_
6.5	292	[1]	ὅλως	_	_
6.5	293	[1]	ᾖ	_	_
6.5	294	[10]	.	b	_
6.5	295	[1]	τίνα	_	_
6.5	296	[1]	τοίνυν	_	_
6.5	297	[1]	ἐστὶ	_	_
6.5	298	[6]	καὶ	_	_
6.5	299	[1]	πόσα	_	_
6.5	300	[3]	τὰ	_	_
6.5	301	[1]	γένη	_	_
6.5	302	[4]	τῶν	_	_
6.5	303	[3]	ζώων	_	_
6.5	304	[17]	,	b	_
6.5	305	[2]	ἐν	_	_
6.5	306	[1]	οἷς	_	_
6.5	307	[1]	φημι	_	_
6.5	308	[13]	τὴν	_	_
6.5	309	[3]	δεξιὰν	_	_
6.5	310	[5]	οὐκ	_	_
6.5	311	[4]	εἶναι	_	_
6.5	312	[10]	τῆς	_	_
6.5	313	[6]	καρδίας	_	_
6.5	314	[3]	κοιλίαν	_	_
6.5	315	[3]	;	b	_
6.5	316	[1]	ἀριθμῷ	_	_
6.5	317	[3]	μὲν	_	_
6.5	318	[6]	οὐκ	_	_
6.5	319	[1]	ἔχω	_	_
6.5	320	[1]	διελθεῖν	_	_
6.5	321	[1]	αὐτὰ	_	_
6.5	322	[18]	,	b	_
6.5	323	[1]	κοινὸν	_	_
6.5	324	[5]	δ	_	_
6.5	325	[15]	’	b	_
6.5	326	[1]	ἐφ	_	_
6.5	327	[16]	’	b	_
6.5	328	[1]	ἅπασι	_	_
6.5	329	[1]	κεφάλαιον	_	_
6.5	330	[1]	εὗρον	_	_
6.5	331	[1]	ἀνατεμών	_	_
6.5	332	[11]	.	b	_
6.5	333	[2]	πολλὰ	_	_
6.5	334	[1]	ἀσύμβατα	_	_
6.5	335	[4]	μὲν	_	_
6.5	336	[7]	εἰς	_	_
6.5	337	[1]	ἕτερα	_	_
6.5	338	[19]	,	b	_
6.5	339	[1]	πρόσεστι	_	_
6.5	340	[2]	δὲ	_	_
6.5	341	[1]	ἓν	_	_
6.5	342	[1]	αὐτοῖς	_	_
6.5	343	[1]	ἐξαίρετον	_	_
6.5	344	[20]	,	b	_
6.5	345	[1]	ὅπερ	_	_
6.5	346	[2]	οὐχ	_	_
6.5	347	[2]	ἅπασι	_	_
6.5	348	[1]	τυγχάνει	_	_
6.5	349	[1]	τοῖς	_	_
6.5	350	[1]	ἐνύδροις	_	_
6.5	351	[21]	,	b	_
6.5	352	[8]	τὸ	_	_
6.5	353	[1]	μήτ	_	_
6.5	354	[17]	’	b	_
6.5	355	[1]	ἀναπνεῖν	_	_
6.5	356	[4]	ἐξ	_	_
6.5	357	[1]	ἀέρος	_	_
6.5	358	[22]	,	b	_
6.5	359	[2]	μήτ	_	_
6.5	360	[18]	’	b	_
6.5	361	[2]	ἔχειν	_	_
6.5	362	[1]	πνεύμονα	_	_
6.5	363	[12]	.	b	_
6.5	364	[1]	τουτὶ	_	_
6.5	365	[5]	γὰρ	_	_
6.5	366	[1]	ἄχρι	_	_
6.5	367	[3]	τοῦ	_	_
6.5	368	[1]	δεῦρο	_	_
6.5	369	[3]	κατὰ	_	_
6.5	370	[1]	πάντα	_	_
6.5	371	[2]	γένη	_	_
6.5	372	[5]	τῶν	_	_
6.5	373	[4]	ζώων	_	_
6.5	374	[1]	παρεφυλάξατο	_	_
6.5	375	[23]	,	b	_
6.5	376	[1]	συναπόλλυσθαί	_	_
6.5	377	[2]	τε	_	_
6.5	378	[7]	καὶ	_	_
6.5	379	[1]	συγγεννᾶσθαι	_	_
6.5	380	[1]	τῷ	_	_
6.5	381	[1]	πνεύμονι	_	_
6.5	382	[14]	τὴν	_	_
6.5	383	[4]	δεξιὰν	_	_
6.5	384	[4]	κοιλίαν	_	_
6.5	385	[11]	τῆς	_	_
6.5	386	[7]	καρδίας	_	_
6.5	387	[13]	.	b	_
6.5	388	[1]	ἐζήτησα	_	_
6.5	389	[3]	δὲ	_	_
6.5	390	[1]	χρόνῳ	_	_
6.5	391	[1]	παμπόλλῳ	_	_
6.5	392	[8]	καὶ	_	_
6.5	393	[15]	τὴν	_	_
6.5	394	[1]	αἰτίαν	_	_
6.5	395	[1]	αὐτῶν	_	_
6.5	396	[24]	,	b	_
6.5	397	[9]	καὶ	_	_
6.5	398	[1]	γέγραπται	_	_
6.5	399	[4]	τὰ	_	_
6.5	400	[1]	φανένθ	_	_
6.5	401	[19]	’	b	_
6.5	402	[2]	ἡμῖν	_	_
6.5	403	[1]	εὔλογα	_	_
6.5	404	[4]	κατὰ	_	_
6.5	405	[16]	τὴν	_	_
6.5	406	[1]	περὶ	_	_
6.5	407	[1]	χρείας	_	_
6.5	408	[1]	μορίων	_	_
6.5	409	[1]	πραγματείαν	_	_
6.5	410	[14]	.	b	_
6.5	411	[1]	ἐμπίδας	_	_
6.5	412	[5]	μὲν	_	_
6.5	413	[3]	οὖν	_	_
6.5	414	[10]	καὶ	_	_
6.5	415	[1]	μυίας	_	_
6.5	416	[25]	,	b	_
6.5	417	[11]	καὶ	_	_
6.5	418	[1]	σκώληκας	_	_
6.5	419	[26]	,	b	_
6.5	420	[12]	καὶ	_	_
6.5	421	[1]	μελίττας	_	_
6.5	422	[27]	,	b	_
6.5	423	[13]	καὶ	_	_
6.5	424	[1]	μύρμηκας	_	_
6.5	425	[1]	οὔτ	_	_
6.5	426	[20]	’	b	_
6.5	427	[1]	ἀνέτεμον	_	_
6.5	428	[2]	οὔτ	_	_
6.5	429	[21]	’	b	_
6.5	430	[1]	ἀνατεμεῖν	_	_
6.5	431	[1]	ἐπιχειρήσαιμι	_	_
6.5	432	[2]	ἄν	_	_
6.5	433	[15]	.	b	_
6.5	434	[1]	ὅπου	_	_
6.5	435	[6]	γὰρ	_	_
6.5	436	[1]	κᾀν	_	_
6.5	437	[2]	τοῖς	_	_
6.5	438	[1]	μεγάλοις	_	_
6.5	439	[1]	ζώοις	_	_
6.5	440	[1]	εὑρίσκω	_	_
6.5	441	[3]	πολλὰ	_	_
6.5	442	[1]	σφαλλομένους	_	_
6.5	443	[1]	τοὺς	_	_
6.5	444	[1]	ἀνατεμόντας	_	_
6.5	445	[28]	,	b	_
6.5	446	[1]	εὔλογον	_	_
6.5	447	[1]	δήπου	_	_
6.5	448	[5]	κατὰ	_	_
6.5	449	[5]	τὰ	_	_
6.5	450	[1]	σμικρότερα	_	_
6.5	451	[1]	μᾶλλον	_	_
6.5	452	[1]	σφαλῆναι	_	_
6.5	453	[16]	.	b	_
6.5	454	[6]	τῶν	_	_
6.5	455	[1]	γοῦν	_	_
6.5	456	[1]	ἀνατμηθέντων	_	_
6.5	457	[1]	ὑπ	_	_
6.5	458	[22]	’	b	_
6.5	459	[1]	ἐμοῦ	_	_
6.5	460	[1]	μέχρι	_	_
6.5	461	[1]	γε	_	_
6.5	462	[4]	τοῦ	_	_
6.5	463	[2]	δεῦρο	_	_
6.5	464	[1]	σχεδὸν	_	_
6.5	465	[7]	οὐκ	_	_
6.5	466	[1]	ἔστιν	_	_
6.5	467	[1]	ὅτῳ	_	_
6.5	468	[1]	μὴ	_	_
6.5	469	[14]	καὶ	_	_
6.5	470	[1]	καρδία	_	_
6.5	471	[15]	καὶ	_	_
6.5	472	[2]	ἧπαρ	_	_
6.5	473	[1]	ὑπάρχει	_	_
6.5	474	[29]	,	b	_
6.5	475	[16]	καὶ	_	_
6.5	476	[3]	κοίλη	_	_
6.5	477	[5]	φλὲψ	_	_
6.5	478	[30]	,	b	_
6.5	479	[17]	καὶ	_	_
6.5	480	[2]	ἀρτηρία	_	_
6.5	481	[4]	ἡ	_	_
6.5	482	[1]	μεγάλη	_	_
6.5	483	[17]	.	b	_
6.5	484	[18]	καὶ	_	_
6.5	485	[4]	φαίνεται	_	_
6.5	486	[31]	,	b	_
6.5	487	[1]	καθάπερ	_	_
6.5	488	[5]	ἡ	_	_
6.5	489	[3]	ἀρτηρία	_	_
6.5	490	[12]	τῆς	_	_
6.5	491	[8]	καρδίας	_	_
6.5	492	[32]	,	b	_
6.5	493	[4]	οὕτως	_	_
6.5	494	[6]	ἡ	_	_
6.5	495	[6]	φλὲψ	_	_
6.5	496	[5]	τοῦ	_	_
6.5	497	[4]	ἥπατος	_	_
6.5	498	[1]	ἐκφυομένη	_	_
6.5	499	[1]	διὰ	_	_
6.5	500	[1]	παντὸς	_	_
6.5	501	[33]	,	b	_
6.5	502	[1]	κᾂν	_	_
6.5	503	[2]	μηδ	_	_
6.5	504	[23]	’	b	_
6.5	505	[2]	ὅλως	_	_
6.5	506	[1]	ἔχῃ	_	_
6.5	507	[5]	δεξιὰν	_	_
6.5	508	[7]	ἡ	_	_
6.5	509	[2]	καρδία	_	_
6.5	510	[5]	κοιλίαν	_	_
6.5	511	[18]	.	b	_
6.5	512	[19]	καὶ	_	_
6.5	513	[2]	διὰ	_	_
6.5	514	[1]	τοῦτο	_	_
6.5	515	[5]	φαίνεται	_	_
6.5	516	[1]	σχιζομένη	_	_
6.5	517	[1]	μετὰ	_	_
6.5	518	[9]	τὸ	_	_
6.5	519	[2]	διελθεῖν	_	_
6.5	520	[3]	τὰς	_	_
6.5	521	[1]	φρένας	_	_
6.5	522	[1]	ὑποκάτω	_	_
6.5	523	[13]	τῆς	_	_
6.5	524	[9]	καρδίας	_	_
6.5	525	[34]	,	b	_
6.5	526	[2]	ὥσπερ	_	_
6.5	527	[4]	ἐπὶ	_	_
6.5	528	[7]	τῶν	_	_
6.5	529	[1]	ἄλλων	_	_
6.5	530	[35]	,	b	_
6.5	531	[2]	ὅταν	_	_
6.5	532	[1]	ἐγγὺς	_	_
6.5	533	[1]	ἥκῃ	_	_
6.5	534	[8]	τῶν	_	_
6.5	535	[2]	σφαγῶν	_	_
6.5	536	[19]	.	b	_
6.5	537	[3]	ἐν	_	_
6.5	538	[1]	ἑτέροις	_	_
6.5	539	[4]	δὲ	_	_
6.5	540	[2]	ζώοις	_	_
6.5	541	[8]	οὐκ	_	_
6.5	542	[1]	ὀλίγοις	_	_
6.5	543	[2]	ἐστὶ	_	_
6.5	544	[6]	μὲν	_	_
6.5	545	[2]	δεξιὰ	_	_
6.5	546	[2]	κοιλία	_	_
6.5	547	[36]	,	b	_
6.5	548	[6]	φαίνεται	_	_
6.5	549	[6]	δ	_	_
6.5	550	[24]	’	b	_
6.5	551	[1]	οὐδὲν	_	_
6.5	552	[1]	ἧττον	_	_
6.5	553	[8]	ἡ	_	_
6.5	554	[4]	κοίλη	_	_
6.5	555	[7]	φλὲψ	_	_
6.5	556	[8]	εἰς	_	_
6.5	557	[1]	μεγάλα	_	_
6.5	558	[1]	δύο	_	_
6.5	559	[2]	σχιζομένη	_	_
6.5	560	[37]	,	b	_
6.5	561	[1]	πρὶν	_	_
6.5	562	[5]	ἐπὶ	_	_
6.5	563	[17]	τὴν	_	_
6.5	564	[3]	καρδίαν	_	_
6.5	565	[1]	ἐξικέσθαι	_	_
6.5	566	[20]	.	b	_
6.5	567	[20]	καὶ	_	_
6.5	568	[2]	τοῦτο	_	_
6.5	569	[1]	πᾶσι	_	_
6.5	570	[7]	μὲν	_	_
6.5	571	[2]	ὑπάρχει	_	_
6.5	572	[2]	σχεδὸν	_	_
6.5	573	[3]	τοῖς	_	_
6.5	574	[1]	πτηνοῖς	_	_
6.5	575	[38]	,	b	_
6.5	576	[1]	ἅπασί	_	_
6.5	577	[3]	τε	_	_
6.5	578	[4]	τοῖς	_	_
6.5	579	[1]	ἕρπουσι	_	_
6.5	580	[39]	,	b	_
6.5	581	[21]	καὶ	_	_
6.5	582	[9]	τῶν	_	_
6.5	583	[1]	βαδιζόντων	_	_
6.5	584	[9]	οὐκ	_	_
6.5	585	[2]	ὀλίγοις	_	_
6.5	586	[21]	.	b	_
6.5	587	[1]	ὥστε	_	_
6.5	588	[6]	τὰ	_	_
6.5	589	[1]	πλεῖστα	_	_
6.5	590	[10]	τῶν	_	_
6.5	591	[5]	ζώων	_	_
6.5	592	[18]	τὴν	_	_
6.5	593	[3]	κοίλην	_	_
6.5	594	[4]	φλέβα	_	_
6.5	595	[1]	προφανῶς	_	_
6.5	596	[5]	ἐξ	_	_
6.5	597	[5]	ἥπατος	_	_
6.5	598	[1]	ἔχει	_	_
6.5	599	[1]	ἀρχομένην	_	_
6.5	600	[22]	.	b	_
6.5	601	[1]	ἐναργῶς	_	_
6.5	602	[7]	γὰρ	_	_
6.5	603	[1]	ὁρᾶται	_	_
6.5	604	[1]	διπλάσιον	_	_
6.5	605	[1]	εὐρὺ	_	_
6.5	606	[10]	τὸ	_	_
6.5	607	[6]	ἐξ	_	_
6.5	608	[1]	ἐκείνου	_	_
6.5	609	[6]	τοῦ	_	_
6.5	610	[1]	σπλάγχνου	_	_
6.5	611	[1]	φυόμενον	_	_
6.5	612	[1]	ἀγγεῖον	_	_
6.5	613	[1]	ἑκατέρων	_	_
6.5	614	[11]	τῶν	_	_
6.5	615	[1]	τμημάτων	_	_
6.5	616	[40]	,	b	_
6.5	617	[1]	ὡς	_	_
6.5	618	[1]	ἅμα	_	_
6.5	619	[1]	δίχα	_	_
6.5	620	[14]	τῆς	_	_
6.5	621	[1]	κοίλης	_	_
6.5	622	[1]	ἐνταῦθα	_	_
6.5	623	[1]	σχισθείσης	_	_
6.5	624	[23]	.	b	_
6.5	625	[2]	εἰ	_	_
6.5	626	[5]	δὲ	_	_
6.5	627	[1]	εὐρύτερόν	_	_
6.5	628	[1]	ποτε	_	_
6.5	629	[1]	θάτερον	_	_
6.5	630	[1]	ἐπί	_	_
6.5	631	[1]	τινος	_	_
6.5	632	[1]	ζώου	_	_
6.5	633	[1]	φαίνοιτο	_	_
6.5	634	[1]	θατέρου	_	_
6.5	635	[1]	τμήματος	_	_
6.5	636	[41]	,	b	_
6.5	637	[1]	ἀλλὰ	_	_
6.5	638	[1]	συναμφότερά	_	_
6.5	639	[2]	γε	_	_
6.5	640	[1]	τῇ	_	_
6.5	641	[1]	κοίλῃ	_	_
6.5	642	[1]	φλεβὶ	_	_
6.5	643	[2]	προφανῶς	_	_
6.5	644	[1]	ἐστιν	_	_
6.5	645	[1]	ἴσα	_	_
6.5	646	[42]	,	b	_
6.5	647	[1]	μονονοὺ	_	_
6.5	648	[2]	μετὰ	_	_
6.5	649	[1]	φωνῆς	_	_
6.5	650	[1]	ἑρμηνεύοντα	_	_
6.5	651	[43]	,	b	_
6.5	652	[19]	τὴν	_	_
6.5	653	[8]	μὲν	_	_
6.5	654	[1]	οἷόν	_	_
6.5	655	[2]	τι	_	_
6.5	656	[1]	πρέμνον	_	_
6.5	657	[1]	ὑπάρχειν	_	_
6.5	658	[44]	,	b	_
6.5	659	[2]	αὐτὰ	_	_
6.5	660	[7]	δ	_	_
6.5	661	[25]	’	b	_
6.5	662	[1]	ἀπ	_	_
6.5	663	[26]	’	b	_
6.5	664	[2]	ἐκείνης	_	_
6.5	665	[1]	γεγενῆσθαι	_	_
6.5	666	[2]	σχισθείσης	_	_
6.5	667	[2]	οἷόν	_	_
6.5	668	[1]	περ	_	_
6.5	669	[1]	κλάδους	_	_
6.5	670	[1]	τινὰς	_	_
6.5	671	[1]	ἢ	_	_
6.5	672	[22]	καὶ	_	_
6.5	673	[1]	κλῶνας	_	_
6.5	674	[24]	.	b	_
6.5	675	[3]	οὐ	_	_
6.5	676	[2]	μόνον	_	_
6.5	677	[8]	δ	_	_
6.5	678	[27]	’	b	_
6.5	679	[9]	ἡ	_	_
6.5	680	[5]	κοίλη	_	_
6.5	681	[8]	φλὲψ	_	_
6.5	682	[3]	ἐκ	_	_
6.5	683	[12]	τῶν	_	_
6.5	684	[1]	κυρτῶν	_	_
6.5	685	[7]	τοῦ	_	_
6.5	686	[6]	ἥπατος	_	_
6.5	687	[1]	ἐκπέφυκεν	_	_
6.5	688	[45]	,	b	_
6.5	689	[2]	ἀλλὰ	_	_
6.5	690	[23]	καὶ	_	_
6.5	691	[4]	ἐκ	_	_
6.5	692	[13]	τῶν	_	_
6.5	693	[1]	σιμῶν	_	_
6.5	694	[1]	ἑτέρα	_	_
6.5	695	[9]	φλὲψ	_	_
6.5	696	[46]	,	b	_
6.5	697	[1]	ἣν	_	_
6.5	698	[1]	οἱ	_	_
6.5	699	[9]	μὲν	_	_
6.5	700	[1]	ὀνομάζουσι	_	_
6.5	701	[1]	πύλας	_	_
6.5	702	[7]	ἥπατος	_	_
6.5	703	[47]	,	b	_
6.5	704	[2]	οἱ	_	_
6.5	705	[6]	δὲ	_	_
6.5	706	[20]	τὴν	_	_
6.5	707	[6]	ἐπὶ	_	_
6.5	708	[1]	πύλαις	_	_
6.5	709	[1]	·	b	_
6.5	710	[4]	οὐ	_	_
6.5	711	[8]	γὰρ	_	_
6.5	712	[1]	δὴ	_	_
6.5	713	[1]	ὅλην	_	_
6.5	714	[3]	γε	_	_
6.5	715	[21]	τὴν	_	_
6.5	716	[5]	φλέβα	_	_
6.5	717	[2]	πύλας	_	_
6.5	718	[2]	ὑπάρχειν	_	_
6.5	719	[48]	,	b	_
6.5	720	[4]	ἀλλ	_	_
6.5	721	[28]	’	b	_
6.5	722	[1]	ὅσον	_	_
6.5	723	[1]	πρῶτον	_	_
6.5	724	[1]	αὐτῆς	_	_
6.5	725	[1]	ἐξίσχει	_	_
6.5	726	[8]	τοῦ	_	_
6.5	727	[8]	ἥπατος	_	_
6.5	728	[49]	,	b	_
6.5	729	[2]	ὅπερ	_	_
6.5	730	[24]	καὶ	_	_
6.5	731	[1]	πάντων	_	_
6.5	732	[1]	εὐρύτατόν	_	_
6.5	733	[2]	ἐστιν	_	_
6.5	734	[25]	.	b	_
6.5	735	[2]	ἀπ	_	_
6.5	736	[29]	’	b	_
6.5	737	[2]	αὐτοῦ	_	_
6.5	738	[9]	γὰρ	_	_
6.5	739	[9]	εἰς	_	_
6.5	740	[2]	ἄμφω	_	_
6.5	741	[7]	τὰ	_	_
6.5	742	[2]	μέρη	_	_
6.5	743	[1]	κατασχίζεται	_	_
6.5	744	[11]	τὸ	_	_
6.5	745	[2]	ἀγγεῖον	_	_
6.5	746	[50]	,	b	_
6.5	747	[1]	εἴς	_	_
6.5	748	[4]	τε	_	_
6.5	749	[8]	τὰ	_	_
6.5	750	[1]	σιμὰ	_	_
6.5	751	[9]	τοῦ	_	_
6.5	752	[9]	ἥπατος	_	_
6.5	753	[1]	ἅπαντα	_	_
6.5	754	[25]	καὶ	_	_
6.5	755	[10]	εἰς	_	_
6.5	756	[9]	τὰ	_	_
6.5	757	[6]	κατὰ	_	_
6.5	758	[22]	τὴν	_	_
6.5	759	[1]	γαστέρα	_	_
6.5	760	[51]	,	b	_
6.5	761	[12]	τὸ	_	_
6.5	762	[1]	καλούμενον	_	_
6.5	763	[1]	ἐπίπλοον	_	_
6.5	764	[26]	.	b	_
6.5	765	[14]	τῶν	_	_
6.5	766	[10]	γὰρ	_	_
6.5	767	[4]	ἐν	_	_
6.5	768	[1]	τούτοις	_	_
6.5	769	[3]	ἅπασι	_	_
6.5	770	[2]	φλεβῶν	_	_
6.5	771	[1]	παμπόλλων	_	_
6.5	772	[1]	οὐσῶν	_	_
6.5	773	[3]	οὐδεμία	_	_
6.5	774	[1]	συνεχής	_	_
6.5	775	[3]	ἐστι	_	_
6.5	776	[2]	τῇ	_	_
6.5	777	[1]	καρδίᾳ	_	_
6.5	778	[27]	.	b	_
6.5	779	[1]	καί	_	_
6.5	780	[2]	τις	_	_
6.5	781	[1]	ἀκούσας	_	_
6.5	782	[3]	τοῦτο	_	_
6.5	783	[15]	τῶν	_	_
6.5	784	[1]	ἀλήθειαν	_	_
6.5	785	[1]	τιμώντων	_	_
6.5	786	[1]	ἀπεθαύμαζέ	_	_
6.5	787	[5]	τε	_	_
6.5	788	[26]	καὶ	_	_
6.5	789	[1]	ἠπίστει	_	_
6.5	790	[2]	τῷ	_	_
6.5	791	[1]	λόγῳ	_	_
6.5	792	[52]	,	b	_
6.5	793	[27]	καὶ	_	_
6.5	794	[1]	δειχθῆναί	_	_
6.5	795	[3]	οἱ	_	_
6.5	796	[13]	τὸ	_	_
6.5	797	[1]	λεγόμενον	_	_
6.5	798	[1]	ἠξίου	_	_
6.5	799	[53]	,	b	_
6.5	800	[28]	καὶ	_	_
6.5	801	[2]	ὡς	_	_
6.5	802	[1]	εἶδε	_	_
6.5	803	[54]	,	b	_
6.5	804	[1]	μεγάλως	_	_
6.5	805	[1]	κατεγίνωσκε	_	_
6.5	806	[16]	τῶν	_	_
6.5	807	[1]	ἀποφηναμένων	_	_
6.5	808	[55]	,	b	_
6.5	809	[2]	ἀρχὴν	_	_
6.5	810	[5]	εἶναι	_	_
6.5	811	[3]	φλεβῶν	_	_
6.5	812	[23]	τὴν	_	_
6.5	813	[4]	καρδίαν	_	_
6.5	814	[28]	.	b	_
6.5	815	[3]	ὥσπερ	_	_
6.5	816	[11]	γὰρ	_	_
6.5	817	[56]	,	b	_
6.5	818	[3]	εἰ	_	_
6.5	819	[1]	μίαν	_	_
6.5	820	[1]	ἡντιναοῦν	_	_
6.5	821	[5]	ἐν	_	_
6.5	822	[1]	ὅλῳ	_	_
6.5	823	[3]	τῷ	_	_
6.5	824	[1]	ζώῳ	_	_
6.5	825	[6]	φλέβα	_	_
6.5	826	[1]	κεχωρισμένην	_	_
6.5	827	[11]	εἰς	_	_
6.5	828	[1]	τοσοῦτον	_	_
6.5	829	[1]	εὑρίσκομεν	_	_
6.5	830	[57]	,	b	_
6.5	831	[3]	ὡς	_	_
6.5	832	[3]	μήτ	_	_
6.5	833	[30]	’	b	_
6.5	834	[1]	αὐτῷ	_	_
6.5	835	[1]	συνάπτειν	_	_
6.5	836	[4]	τῷ	_	_
6.5	837	[1]	ἥπατι	_	_
6.5	838	[1]	μήτε	_	_
6.5	839	[1]	τινὶ	_	_
6.5	840	[17]	τῶν	_	_
6.5	841	[3]	ἀπ	_	_
6.5	842	[31]	’	b	_
6.5	843	[3]	αὐτοῦ	_	_
6.5	844	[4]	φλεβῶν	_	_
6.5	845	[58]	,	b	_
6.5	846	[10]	οὐκ	_	_
6.5	847	[1]	ἂν	_	_
6.5	848	[1]	ἀπεφηνάμεθα	_	_
6.5	849	[59]	,	b	_
6.5	850	[15]	τῆς	_	_
6.5	851	[1]	φλεβὸς	_	_
6.5	852	[3]	ἐκείνης	_	_
6.5	853	[3]	ἀρχὴν	_	_
6.5	854	[6]	εἶναι	_	_
6.5	855	[14]	τὸ	_	_
6.5	856	[3]	ἧπαρ	_	_
6.5	857	[60]	,	b	_
6.5	858	[5]	οὕτως	_	_
6.5	859	[61]	,	b	_
6.5	860	[1]	ἐπειδὴ	_	_
6.5	861	[2]	νῦν	_	_
6.5	862	[5]	οὐ	_	_
6.5	863	[2]	μίαν	_	_
6.5	864	[1]	οὐδὲ	_	_
6.5	865	[2]	δύο	_	_
6.5	866	[1]	μόνας	_	_
6.5	867	[62]	,	b	_
6.5	868	[5]	ἀλλ	_	_
6.5	869	[32]	’	b	_
6.5	870	[1]	ἀνάριθμόν	_	_
6.5	871	[3]	τι	_	_
6.5	872	[1]	πλῆθος	_	_
6.5	873	[2]	εὑρίσκομεν	_	_
6.5	874	[63]	,	b	_
6.5	875	[1]	οὐδεμίαν	_	_
6.5	876	[1]	ἐχούσας	_	_
6.5	877	[3]	τῇ	_	_
6.5	878	[2]	καρδίᾳ	_	_
6.5	879	[1]	συνέχειαν	_	_
6.5	880	[64]	,	b	_
6.5	881	[11]	οὐκ	_	_
6.5	882	[2]	ἂν	_	_
6.5	883	[65]	,	b	_
6.5	884	[1]	οἶμαι	_	_
6.5	885	[66]	,	b	_
6.5	886	[1]	φαίημεν	_	_
6.5	887	[67]	,	b	_
6.5	888	[1]	ἐκείνων	_	_
6.5	889	[18]	τῶν	_	_
6.5	890	[5]	φλεβῶν	_	_
6.5	891	[4]	ἀρχὴν	_	_
6.5	892	[7]	εἶναι	_	_
6.5	893	[24]	τὴν	_	_
6.5	894	[5]	καρδίαν	_	_
6.5	895	[29]	.	b	_
6.5	896	[1]	εὐλόγως	_	_
6.5	897	[4]	οὖν	_	_
6.5	898	[1]	εἴρηται	_	_
6.5	899	[1]	ῥίζωσις	_	_
6.5	900	[19]	τῶν	_	_
6.5	901	[6]	φλεβῶν	_	_
6.5	902	[8]	εἶναι	_	_
6.5	903	[15]	τὸ	_	_
6.5	904	[4]	ἧπαρ	_	_
6.5	905	[68]	,	b	_
6.5	906	[20]	τῶν	_	_
6.5	907	[2]	ἀρτηριῶν	_	_
6.5	908	[10]	ἡ	_	_
6.5	909	[3]	καρδία	_	_
6.5	910	[69]	,	b	_
6.5	911	[10]	τοῦ	_	_
6.5	912	[1]	δένδρου	_	_
6.5	913	[1]	ὃ	_	_
6.5	914	[29]	καὶ	_	_
6.5	915	[1]	χώρα	_	_
6.5	916	[11]	τοῦ	_	_
6.5	917	[1]	καταβληθέντος	_	_
6.5	918	[1]	σπέρματος	_	_
6.5	919	[30]	.	b	_
6.5	920	[6]	ἐν	_	_
6.5	921	[4]	ἅπασι	_	_
6.5	922	[12]	γὰρ	_	_
6.5	923	[2]	τούτοις	_	_
6.5	924	[11]	ἡ	_	_
6.5	925	[2]	ῥίζωσις	_	_
6.5	926	[1]	ἀρχὴ	_	_
6.5	927	[12]	τοῦ	_	_
6.5	928	[1]	παντός	_	_
6.5	929	[3]	ἐστιν	_	_
6.5	930	[70]	,	b	_
6.5	931	[6]	οὐ	_	_
6.5	932	[16]	τῆς	_	_
6.5	933	[7]	ἐξ	_	_
6.5	934	[1]	ἀρχῆς	_	_
6.5	935	[1]	γενέσεως	_	_
6.5	936	[3]	μόνον	_	_
6.5	937	[71]	,	b	_
6.5	938	[3]	ἀλλὰ	_	_
6.5	939	[30]	καὶ	_	_
6.5	940	[17]	τῆς	_	_
6.5	941	[3]	νῦν	_	_
6.5	942	[1]	διοικήσεως	_	_
6.5	943	[31]	.	b	_
6.5	944	[2]	ὅτι	_	_
6.5	945	[7]	δὲ	_	_
6.5	946	[16]	τὸ	_	_
6.5	947	[1]	φαινόμενον	_	_
6.5	948	[1]	αὐτὸ	_	_
6.5	949	[3]	διὰ	_	_
6.5	950	[18]	τῆς	_	_
6.5	951	[1]	ἀνατομῆς	_	_
6.5	952	[1]	βιάζεται	_	_
6.5	953	[31]	καὶ	_	_
6.5	954	[2]	τοὺς	_	_
6.5	955	[1]	τἀναντία	_	_
6.5	956	[1]	δοξάζοντας	_	_
6.5	957	[1]	ἄκοντας	_	_
6.5	958	[1]	ὁμολογεῖν	_	_
6.5	959	[1]	τἀληθὲς	_	_
6.5	960	[72]	,	b	_
6.5	961	[5]	ἐκ	_	_
6.5	962	[1]	τοῦδε	_	_
6.5	963	[3]	ἂν	_	_
6.5	964	[2]	μάλιστα	_	_
6.5	965	[1]	μάθοις	_	_
6.5	966	[32]	.	b	_
6.5	967	[1]	οὐδεὶς	_	_
6.5	968	[21]	τῶν	_	_
6.5	969	[1]	ἀνατομικῶν	_	_
6.5	970	[1]	ἀνδρῶν	_	_
6.5	971	[7]	ἐπὶ	_	_
6.5	972	[17]	τὸ	_	_
6.5	973	[1]	γράφειν	_	_
6.5	974	[1]	ἀφικόμενος	_	_
6.5	975	[1]	ἀνατομὴν	_	_
6.5	976	[7]	φλεβῶν	_	_
6.5	977	[1]	ἑτέραν	_	_
6.5	978	[5]	ἀρχὴν	_	_
6.5	979	[1]	διδασκαλίας	_	_
6.5	980	[1]	ἐπιτήδειον	_	_
6.5	981	[1]	ἠδυνήθη	_	_
6.5	982	[1]	ποιήσασθαι	_	_
6.5	983	[1]	παρελὼν	_	_
6.5	984	[18]	τὸ	_	_
6.5	985	[5]	ἧπαρ	_	_
6.5	986	[33]	.	b	_
6.5	987	[6]	ἀλλ	_	_
6.5	988	[33]	’	b	_
6.5	989	[1]	εἴτ	_	_
6.5	990	[34]	’	b	_
6.5	991	[1]	ἀπορεῖν	_	_
6.5	992	[1]	ὑπὲρ	_	_
6.5	993	[2]	ἀρχῆς	_	_
6.5	994	[1]	ἔφησεν	_	_
6.5	995	[73]	,	b	_
6.5	996	[4]	ὡς	_	_
6.5	997	[1]	Ἡρόφιλος΄	_	_
6.5	998	[74]	,	b	_
6.5	999	[2]	εἴτ	_	_
6.5	1000	[35]	’	b	_
6.5	1001	[1]	εὐπορεῖν	_	_
6.5	1002	[75]	,	b	_
6.5	1003	[5]	ὡς	_	_
6.5	1004	[1]	ἄλλοι	_	_
6.5	1005	[1]	πολλοὶ	_	_
6.5	1006	[32]	καὶ	_	_
6.5	1007	[2]	ὁ	_	_
6.5	1008	[1]	ἡμέτερος	_	_
6.5	1009	[1]	Πέλοψ	_	_
6.5	1010	[76]	,	b	_
6.5	1011	[1]	ὅμως	_	_
6.5	1012	[1]	τήν	_	_
6.5	1013	[4]	γε	_	_
6.5	1014	[1]	διδασκαλίαν	_	_
6.5	1015	[1]	ὀλίγου	_	_
6.5	1016	[1]	δεῖν	_	_
6.5	1017	[1]	ἅπαντες	_	_
6.5	1018	[2]	ἐφ	_	_
6.5	1019	[36]	’	b	_
6.5	1020	[10]	ἥπατος	_	_
6.5	1021	[1]	ἐποιήσαντο	_	_
6.5	1022	[34]	.	b	_
6.5	1023	[33]	καὶ	_	_
6.5	1024	[1]	τό	_	_
6.5	1025	[5]	γε	_	_
6.5	1026	[1]	θαυμασιώτατόν	_	_
6.5	1027	[6]	τε	_	_
6.5	1028	[34]	καὶ	_	_
6.5	1029	[1]	ἀπιστότατον	_	_
6.5	1030	[3]	ὁ	_	_
6.5	1031	[2]	Πέλοψ	_	_
6.5	1032	[1]	ἔπαθεν	_	_
6.5	1033	[35]	.	b	_
6.5	1034	[7]	ἐν	_	_
6.5	1035	[1]	μιᾷ	_	_
6.5	1036	[1]	πραγματείᾳ	_	_
6.5	1037	[22]	τῶν	_	_
6.5	1038	[7]	τε	_	_
6.5	1039	[8]	φλεβῶν	_	_
6.5	1040	[6]	ἀρχὴν	_	_
6.5	1041	[1]	κατεσκεύασε	_	_
6.5	1042	[1]	τὸν	_	_
6.5	1043	[1]	ἐγκέφαλον	_	_
6.5	1044	[77]	,	b	_
6.5	1045	[1]	ἀνατομήν	_	_
6.5	1046	[8]	τε	_	_
6.5	1047	[1]	γράφων	_	_
6.5	1048	[2]	αὐτῶν	_	_
6.5	1049	[1]	ἀφ	_	_
6.5	1050	[37]	’	b	_
6.5	1051	[11]	ἥπατος	_	_
6.5	1052	[1]	ἤρξατο	_	_
6.5	1053	[78]	,	b	_
6.5	1054	[7]	κατὰ	_	_
6.5	1055	[10]	μὲν	_	_
6.5	1056	[19]	τὸ	_	_
6.5	1057	[1]	δεύτερον	_	_
6.5	1058	[1]	σύγγραμμα	_	_
6.5	1059	[23]	τῶν	_	_
6.5	1060	[1]	Ἱπποκρατείων	_	_
6.5	1061	[1]	εἰσαγωγῶν	_	_
6.5	1062	[1]	εὖ	_	_
6.5	1063	[1]	μάλα	_	_
6.5	1064	[1]	γενναίως	_	_
6.5	1065	[1]	ἀγωνισάμενος	_	_
6.5	1066	[2]	ὑπὲρ	_	_
6.5	1067	[13]	τοῦ	_	_
6.5	1068	[1]	δεῖξαι	_	_
6.5	1069	[2]	τὸν	_	_
6.5	1070	[2]	ἐγκέφαλον	_	_
6.5	1071	[7]	οὐ	_	_
6.5	1072	[1]	νεύρων	_	_
6.5	1073	[4]	μόνον	_	_
6.5	1074	[79]	,	b	_
6.5	1075	[4]	ἀλλὰ	_	_
6.5	1076	[35]	καὶ	_	_
6.5	1077	[9]	φλεβῶν	_	_
6.5	1078	[36]	καὶ	_	_
6.5	1079	[3]	ἀρτηριῶν	_	_
6.5	1080	[7]	ἀρχὴν	_	_
6.5	1081	[80]	,	b	_
6.5	1082	[8]	ἐν	_	_
6.5	1083	[8]	δὲ	_	_
6.5	1084	[5]	τῷ	_	_
6.5	1085	[1]	τρίτῳ	_	_
6.5	1086	[19]	τῆς	_	_
6.5	1087	[2]	ἀνατομῆς	_	_
6.5	1088	[24]	τῶν	_	_
6.5	1089	[10]	φλεβῶν	_	_
6.5	1090	[2]	ἀφ	_	_
6.5	1091	[38]	’	b	_
6.5	1092	[12]	ἥπατος	_	_
6.5	1093	[1]	ἀρξάμενος	_	_
6.5	1094	[81]	,	b	_
6.5	1095	[4]	ὥσπερ	_	_
6.5	1096	[37]	καὶ	_	_
6.5	1097	[4]	οἱ	_	_
6.5	1098	[2]	ἄλλοι	_	_
6.5	1099	[3]	σχεδὸν	_	_
6.5	1100	[2]	ἅπαντες	_	_
6.5	1101	[1]	ἀνατομικοὶ	_	_
6.5	1102	[9]	εἶναι	_	_
6.5	1103	[1]	γράφουσι	_	_
6.5	1104	[82]	,	b	_
6.5	1105	[2]	πρὸς	_	_
6.5	1106	[13]	γὰρ	_	_
6.5	1107	[25]	τὴν	_	_
6.5	1108	[2]	διδασκαλίαν	_	_
6.5	1109	[1]	ἐπίτηδες	_	_
6.5	1110	[2]	τουτὶ	_	_
6.5	1111	[20]	τὸ	_	_
6.5	1112	[1]	σπλάγχνον	_	_
6.5	1113	[8]	ἀρχὴν	_	_
6.5	1114	[1]	γενέσθαι	_	_
6.5	1115	[6]	τῷ	_	_
6.5	1116	[2]	λόγῳ	_	_
6.5	1117	[36]	.	b	_
6.5	1118	[1]	θαυμάζω	_	_
6.5	1119	[9]	δ	_	_
6.5	1120	[39]	’	b	_
6.5	1121	[3]	αὐτῶν	_	_
6.5	1122	[83]	,	b	_
6.5	1123	[4]	εἰ	_	_
6.5	1124	[1]	χωρὶς	_	_
6.5	1125	[1]	αἰτίας	_	_
6.5	1126	[1]	φυσικῆς	_	_
6.5	1127	[2]	ἐπιτήδειον	_	_
6.5	1128	[10]	εἶναι	_	_
6.5	1129	[1]	νομίζουσι	_	_
6.5	1130	[3]	πρὸς	_	_
6.5	1131	[26]	τὴν	_	_
6.5	1132	[3]	διδασκαλίαν	_	_
6.5	1133	[1]	αὐτό	_	_
6.5	1134	[37]	.	b	_
6.5	1135	[1]	ἐγὼ	_	_
6.5	1136	[11]	μὲν	_	_
6.5	1137	[14]	γὰρ	_	_
6.5	1138	[1]	οἶδα	_	_
6.5	1139	[38]	καὶ	_	_
6.5	1140	[1]	τοῦθ	_	_
6.5	1141	[40]	’	b	_
6.5	1142	[1]	ἕν	_	_
6.5	1143	[4]	τι	_	_
6.5	1144	[25]	τῶν	_	_
6.5	1145	[1]	ὡμολογημένων	_	_
6.5	1146	[1]	ἅπασιν	_	_
6.5	1147	[84]	,	b	_
6.5	1148	[6]	ὡς	_	_
6.5	1149	[2]	οὐδὲν	_	_
6.5	1150	[26]	τῶν	_	_
6.5	1151	[1]	γεγονότων	_	_
6.5	1152	[9]	τε	_	_
6.5	1153	[39]	καὶ	_	_
6.5	1154	[1]	γινομένων	_	_
6.5	1155	[1]	ἀναίτιόν	_	_
6.5	1156	[4]	ἐστιν	_	_
6.5	1157	[38]	.	b	_
6.5	1158	[5]	εἰ	_	_
6.5	1159	[12]	μὲν	_	_
6.5	1160	[5]	οὖν	_	_
6.5	1161	[2]	ἀπορεῖν	_	_
6.5	1162	[1]	ὁμολογοῦσιν	_	_
6.5	1163	[3]	ὑπὲρ	_	_
6.5	1164	[1]	ἁπάντων	_	_
6.5	1165	[27]	τῶν	_	_
6.5	1166	[1]	ἀδήλων	_	_
6.5	1167	[1]	ὁμοίως	_	_
6.5	1168	[5]	τοῖς	_	_
6.5	1169	[1]	ἐμπειρικοῖς	_	_
6.5	1170	[85]	,	b	_
6.5	1171	[2]	οὐδ	_	_
6.5	1172	[41]	’	b	_
6.5	1173	[4]	ἂν	_	_
6.5	1174	[1]	ἐμοὶ	_	_
6.5	1175	[4]	πρὸς	_	_
6.5	1176	[1]	αὐτοὺς	_	_
6.5	1177	[1]	εἴη	_	_
6.5	1178	[3]	τις	_	_
6.5	1179	[2]	λόγος	_	_
6.5	1180	[86]	,	b	_
6.5	1181	[1]	οὔτε	_	_
6.5	1182	[15]	γὰρ	_	_
6.5	1183	[9]	ἀρχὴν	_	_
6.5	1184	[4]	αὐτῶν	_	_
6.5	1185	[1]	ζητήσουσιν	_	_
6.5	1186	[87]	,	b	_
6.5	1187	[1]	οὔθ	_	_
6.5	1188	[42]	’	b	_
6.5	1189	[2]	ὅμως	_	_
6.5	1190	[1]	ἀνατεμοῦσιν	_	_
6.5	1191	[39]	.	b	_
6.5	1192	[6]	εἰ	_	_
6.5	1193	[9]	δὲ	_	_
6.5	1194	[1]	λόγον	_	_
6.5	1195	[3]	ἔχειν	_	_
6.5	1196	[1]	φασὶν	_	_
6.5	1197	[88]	,	b	_
6.5	1198	[8]	ἐξ	_	_
6.5	1199	[1]	οὗ	_	_
6.5	1200	[10]	τὰ	_	_
6.5	1201	[1]	διαφεύγοντα	_	_
6.5	1202	[27]	τὴν	_	_
6.5	1203	[1]	αἴσθησιν	_	_
6.5	1204	[1]	εὑρίσκουσιν	_	_
6.5	1205	[89]	,	b	_
6.5	1206	[1]	τί	_	_
6.5	1207	[12]	οὐκ	_	_
6.5	1208	[4]	αὐτοῦ	_	_
6.5	1209	[1]	τούτου	_	_
6.5	1210	[1]	πρώτου	_	_
6.5	1211	[2]	οὗ	_	_
6.5	1212	[1]	λέγουσιν	_	_
6.5	1213	[1]	ἐπεσκέψαντο	_	_
6.5	1214	[28]	τὴν	_	_
6.5	1215	[2]	αἰτίαν	_	_
6.5	1216	[90]	,	b	_
6.5	1217	[1]	ἐπιτήδειόν	_	_
6.5	1218	[5]	ἐστιν	_	_
6.5	1219	[12]	εἰς	_	_
6.5	1220	[4]	διδασκαλίαν	_	_
6.5	1221	[11]	φλεβῶν	_	_
6.5	1222	[3]	ἀνατομῆς	_	_
6.5	1223	[2]	ἀρχὴ	_	_
6.5	1224	[7]	τῷ	_	_
6.5	1225	[3]	λόγῳ	_	_
6.5	1226	[2]	γενέσθαι	_	_
6.5	1227	[21]	τὸ	_	_
6.5	1228	[6]	ἧπαρ	_	_
6.5	1229	[1]	ἀναιτίως	_	_
6.5	1230	[91]	,	b	_
6.5	1231	[1]	ὦ	_	_
6.5	1232	[1]	σοφώτατοι	_	_
6.5	1233	[4]	;	b	_
6.5	1234	[2]	ἢ	_	_
6.5	1235	[3]	ὅτι	_	_
6.5	1236	[1]	πάντως	_	_
6.5	1237	[4]	τῇ	_	_
6.5	1238	[1]	φύσει	_	_
6.5	1239	[1]	πλεονεκτεῖ	_	_
6.5	1240	[92]	,	b	_
6.5	1241	[40]	καὶ	_	_
6.5	1242	[5]	πρὸς	_	_
6.5	1243	[29]	τὴν	_	_
6.5	1244	[20]	τῆς	_	_
6.5	1245	[2]	διδασκαλίας	_	_
6.5	1246	[10]	ἀρχὴν	_	_
6.5	1247	[1]	ἐπιτηδειότερόν	_	_
6.5	1248	[4]	ἐστι	_	_
6.5	1249	[93]	,	b	_
6.5	1250	[1]	τίς	_	_
6.5	1251	[12]	ἡ	_	_
6.5	1252	[1]	πλεονεξία	_	_
6.5	1253	[1]	ζητῆσαι	_	_
6.5	1254	[1]	δίκαιον	_	_
6.5	1255	[94]	,	b	_
6.5	1256	[13]	οὐκ	_	_
6.5	1257	[1]	ἀργῶς	_	_
6.5	1258	[2]	οὐδὲ	_	_
6.5	1259	[1]	ῥᾳθύμως	_	_
6.5	1260	[1]	ὑπερβῆναι	_	_
6.5	1261	[40]	.	b	_
6.5	1262	[30]	τὴν	_	_
6.5	1263	[10]	δ	_	_
6.5	1264	[43]	’	b	_
6.5	1265	[11]	ἀρχὴν	_	_
6.5	1266	[21]	τῆς	_	_
6.5	1267	[1]	εὑρέσεως	_	_
6.5	1268	[2]	αὐτὸ	_	_
6.5	1269	[4]	τοῦτο	_	_
6.5	1270	[2]	οἶμαι	_	_
6.5	1271	[1]	παρέξειν	_	_
6.5	1272	[95]	,	b	_
6.5	1273	[2]	ὃ	_	_
6.5	1274	[6]	πρὸς	_	_
6.5	1275	[2]	ἁπάντων	_	_
6.5	1276	[1]	ὡμολόγηται	_	_
6.5	1277	[28]	τῶν	_	_
6.5	1278	[2]	ἀνατομικῶν	_	_
6.5	1279	[3]	ἐπιτήδειον	_	_
6.5	1280	[11]	εἶναι	_	_
6.5	1281	[1]	φασκόντων	_	_
6.5	1282	[3]	αὐτὸ	_	_
6.5	1283	[7]	πρὸς	_	_
6.5	1284	[31]	τὴν	_	_
6.5	1285	[22]	τῆς	_	_
6.5	1286	[3]	διδασκαλίας	_	_
6.5	1287	[1]	ἀρχήν	_	_
6.5	1288	[41]	.	b	_
6.5	1289	[7]	εἰ	_	_
6.5	1290	[16]	γὰρ	_	_
6.5	1291	[41]	καὶ	_	_
6.5	1292	[1]	μηδενὸς	_	_
6.5	1293	[1]	ἄλλου	_	_
6.5	1294	[2]	τούτου	_	_
6.5	1295	[5]	αὐτοῦ	_	_
6.5	1296	[3]	τὸν	_	_
6.5	1297	[2]	λόγον	_	_
6.5	1298	[3]	ἡμῖν	_	_
6.5	1299	[1]	ἀποδοῦναι	_	_
6.5	1300	[1]	δυνήσονται	_	_
6.5	1301	[14]	τοῦ	_	_
6.5	1302	[1]	φάσκειν	_	_
6.5	1303	[96]	,	b	_
6.5	1304	[4]	ἐπιτήδειον	_	_
6.5	1305	[13]	εἰς	_	_
6.5	1306	[12]	ἀρχὴν	_	_
6.5	1307	[4]	διδασκαλίας	_	_
6.5	1308	[1]	ἐστὶν	_	_
6.5	1309	[97]	,	b	_
6.5	1310	[2]	οὔθ	_	_
6.5	1311	[44]	’	b	_
6.5	1312	[4]	ὅτι	_	_
6.5	1313	[32]	τὴν	_	_
6.5	1314	[1]	χρόαν	_	_
6.5	1315	[1]	ἐρυθρόν	_	_
6.5	1316	[6]	ἐστιν	_	_
6.5	1317	[98]	,	b	_
6.5	1318	[3]	οὔθ	_	_
6.5	1319	[45]	’	b	_
6.5	1320	[5]	ὅτι	_	_
6.5	1321	[1]	διείληπται	_	_
6.5	1322	[1]	λοβοῖς	_	_
6.5	1323	[99]	,	b	_
6.5	1324	[4]	οὔθ	_	_
6.5	1325	[46]	’	b	_
6.5	1326	[6]	ὅτι	_	_
6.5	1327	[1]	καθ	_	_
6.5	1328	[47]	’	b	_
6.5	1329	[1]	ἑνὸς	_	_
6.5	1330	[5]	αὐτῶν	_	_
6.5	1331	[1]	ἐπιτέταται	_	_
6.5	1332	[22]	τὸ	_	_
6.5	1333	[23]	τῆς	_	_
6.5	1334	[1]	χολῆς	_	_
6.5	1335	[3]	ἀγγεῖον	_	_
6.5	1336	[100]	,	b	_
6.5	1337	[2]	οὔτε	_	_
6.5	1338	[1]	δι	_	_
6.5	1339	[48]	’	b	_
6.5	1340	[1]	ἄλλο	_	_
6.5	1341	[29]	τῶν	_	_
6.5	1342	[1]	τοιούτων	_	_
6.5	1343	[3]	οὐδὲν	_	_
6.5	1344	[101]	,	b	_
6.5	1345	[7]	ἀλλ	_	_
6.5	1346	[49]	’	b	_
6.5	1347	[7]	ὅτι	_	_
6.5	1348	[1]	πᾶσαι	_	_
6.5	1349	[1]	συνεχεῖς	_	_
6.5	1350	[1]	αἱ	_	_
6.5	1351	[1]	φλέβες	_	_
6.5	1352	[1]	ὑπάρχουσιν	_	_
6.5	1353	[2]	αὐτῷ	_	_
6.5	1354	[42]	.	b	_
6.5	1355	[42]	καὶ	_	_
6.5	1356	[1]	μὴν	_	_
6.5	1357	[3]	οὔτ	_	_
6.5	1358	[50]	’	b	_
6.5	1359	[2]	ἄλλου	_	_
6.5	1360	[1]	τινός	_	_
6.5	1361	[5]	ἐστι	_	_
6.5	1362	[1]	τοῦτ	_	_
6.5	1363	[51]	’	b	_
6.5	1364	[4]	αὐτὸ	_	_
6.5	1365	[3]	γνώρισμα	_	_
6.5	1366	[2]	πλὴν	_	_
6.5	1367	[24]	τῆς	_	_
6.5	1368	[3]	ἀρχῆς	_	_
6.5	1369	[43]	.	b	_
6.5	1370	[3]	οὐδὲ	_	_
6.5	1371	[17]	γὰρ	_	_
6.5	1372	[4]	οὐδὲ	_	_
6.5	1373	[2]	δι	_	_
6.5	1374	[52]	’	b	_
6.5	1375	[2]	ἄλλο	_	_
6.5	1376	[5]	τι	_	_
6.5	1377	[2]	νεύρων	_	_
6.5	1378	[4]	ἀνατομῆς	_	_
6.5	1379	[1]	ἀδύνατόν	_	_
6.5	1380	[7]	ἐστιν	_	_
6.5	1381	[2]	ἑτέραν	_	_
6.5	1382	[13]	ἀρχὴν	_	_
6.5	1383	[2]	ποιήσασθαι	_	_
6.5	1384	[5]	διδασκαλίας	_	_
6.5	1385	[3]	ἐγκέφαλον	_	_
6.5	1386	[1]	ὑπερβάντα	_	_
6.5	1387	[102]	,	b	_
6.5	1388	[3]	ἢ	_	_
6.5	1389	[8]	ὅτι	_	_
6.5	1390	[3]	ἀρχὴ	_	_
6.5	1391	[1]	τούτων	_	_
6.5	1392	[1]	ἐστί	_	_
6.5	1393	[44]	.	b	_
6.5	1394	[3]	τούτου	_	_
6.5	1395	[18]	γὰρ	_	_
6.5	1396	[2]	μὴ	_	_
6.5	1397	[1]	διδομένου	_	_
6.5	1398	[14]	οὐκ	_	_
6.5	1399	[5]	ἂν	_	_
6.5	1400	[1]	δύναιτό	_	_
6.5	1401	[4]	τις	_	_
6.5	1402	[1]	ἄλλην	_	_
6.5	1403	[1]	ἐξευρεῖν	_	_
6.5	1404	[3]	αἰτίαν	_	_
6.5	1405	[103]	,	b	_
6.5	1406	[5]	οὐδὲ	_	_
6.5	1407	[1]	διότι	_	_
6.5	1408	[30]	τῶν	_	_
6.5	1409	[4]	ἀρτηριῶν	_	_
6.5	1410	[33]	τὴν	_	_
6.5	1411	[6]	καρδίαν	_	_
6.5	1412	[45]	.	b	_
6.5	1413	[13]	ἡ	_	_
6.5	1414	[19]	γὰρ	_	_
6.5	1415	[1]	ὑπὸ	_	_
6.5	1416	[25]	τῆς	_	_
6.5	1417	[1]	φύσεως	_	_
6.5	1418	[4]	ἀρχὴ	_	_
6.5	1419	[1]	κατασταθεῖσα	_	_
6.5	1420	[43]	καὶ	_	_
6.5	1421	[34]	τὴν	_	_
6.5	1422	[5]	διδασκαλίαν	_	_
6.5	1423	[3]	ἀφ	_	_
6.5	1424	[53]	’	b	_
6.5	1425	[1]	ἑαυτῆς	_	_
6.5	1426	[1]	ἀναγκάζει	_	_
6.5	1427	[3]	ποιήσασθαι	_	_
6.5	1428	[46]	.	b	_
6.5	1429	[6]	οὐδὲ	_	_
6.5	1430	[20]	γὰρ	_	_
6.5	1431	[1]	εἴ	_	_
6.5	1432	[5]	τις	_	_
6.5	1433	[1]	ἐθελήσειεν	_	_
6.5	1434	[1]	ὕδατος	_	_
6.5	1435	[1]	ἐξηγήσασθαι	_	_
6.5	1436	[1]	διανομὴν	_	_
6.5	1437	[1]	ἐπεισάκτου	_	_
6.5	1438	[1]	πόλει	_	_
6.5	1439	[104]	,	b	_
6.5	1440	[35]	τὴν	_	_
6.5	1441	[14]	ἀρχὴν	_	_
6.5	1442	[26]	τῆς	_	_
6.5	1443	[1]	διηγήσεως	_	_
6.5	1444	[15]	οὐκ	_	_
6.5	1445	[6]	ἂν	_	_
6.5	1446	[1]	ἄλλοθεν	_	_
6.5	1447	[1]	εὕροι	_	_
6.5	1448	[4]	ποιήσασθαι	_	_
6.5	1449	[1]	παρελθὼν	_	_
6.5	1450	[36]	τὴν	_	_
6.5	1451	[1]	πρώτην	_	_
6.5	1452	[1]	εἴσοδον	_	_
6.5	1453	[105]	,	b	_
6.5	1454	[8]	ἀλλ	_	_
6.5	1455	[54]	’	b	_
6.5	1456	[1]	ἀνάγκη	_	_
6.5	1457	[1]	πᾶσα	_	_
6.5	1458	[1]	τούτῳ	_	_
6.5	1459	[1]	προειπόντι	_	_
6.5	1460	[23]	τὸ	_	_
6.5	1461	[1]	χωρίον	_	_
6.5	1462	[1]	ἐκεῖνο	_	_
6.5	1463	[27]	τῆς	_	_
6.5	1464	[1]	πόλεως	_	_
6.5	1465	[106]	,	b	_
6.5	1466	[3]	οὗ	_	_
6.5	1467	[1]	εἴσω	_	_
6.5	1468	[1]	πρότερον	_	_
6.5	1469	[1]	ἔξωθεν	_	_
6.5	1470	[2]	ἀφικνεῖται	_	_
6.5	1471	[24]	τὸ	_	_
6.5	1472	[1]	ὕδωρ	_	_
6.5	1473	[107]	,	b	_
6.5	1474	[4]	ἀπ	_	_
6.5	1475	[55]	’	b	_
6.5	1476	[2]	ἐκείνου	_	_
6.5	1477	[5]	ποιήσασθαι	_	_
6.5	1478	[37]	τὴν	_	_
6.5	1479	[1]	ἑξῆς	_	_
6.5	1480	[1]	ἅπασαν	_	_
6.5	1481	[1]	διήγησιν	_	_
6.5	1482	[47]	.	b	_
6.5	1483	[1]	ὥστ	_	_
6.5	1484	[56]	’	b	_
6.5	1485	[8]	οὐ	_	_
6.5	1486	[2]	χρὴ	_	_
6.5	1487	[1]	ζητεῖν	_	_
6.5	1488	[2]	ἄλλην	_	_
6.5	1489	[13]	μὲν	_	_
6.5	1490	[15]	ἀρχὴν	_	_
6.5	1491	[28]	τῆς	_	_
6.5	1492	[15]	τοῦ	_	_
6.5	1493	[1]	πράγματος	_	_
6.5	1494	[2]	φύσεως	_	_
6.5	1495	[108]	,	b	_
6.5	1496	[3]	ἄλλην	_	_
6.5	1497	[10]	δὲ	_	_
6.5	1498	[29]	τῆς	_	_
6.5	1499	[6]	διδασκαλίας	_	_
6.5	1500	[6]	αὐτοῦ	_	_
6.5	1501	[48]	.	b	_
6.5	1502	[8]	κατὰ	_	_
6.5	1503	[21]	γὰρ	_	_
6.5	1504	[38]	τὴν	_	_
6.5	1505	[16]	τοῦ	_	_
6.5	1506	[2]	πράγματος	_	_
6.5	1507	[1]	φύσιν	_	_
6.5	1508	[14]	ἡ	_	_
6.5	1509	[1]	διδασκαλία	_	_
6.5	1510	[1]	γιγνομένη	_	_
6.5	1511	[39]	τὴν	_	_
6.5	1512	[1]	αὐτὴν	_	_
6.5	1513	[2]	ἔχει	_	_
6.5	1514	[8]	τῷ	_	_
6.5	1515	[1]	διδασκομένῳ	_	_
6.5	1516	[40]	τὴν	_	_
6.5	1517	[16]	ἀρχὴν	_	_
6.5	1518	[109]	,	b	_
6.5	1519	[3]	οὐδ	_	_
6.5	1520	[57]	’	b	_
6.5	1521	[2]	ἔστιν	_	_
6.5	1522	[1]	ὀρθῶς	_	_
6.5	1523	[1]	διηγήσασθαι	_	_
6.5	1524	[1]	βουλομένῳ	_	_
6.5	1525	[4]	ἢ	_	_
6.5	1526	[1]	γένεσιν	_	_
6.5	1527	[31]	τῶν	_	_
6.5	1528	[2]	γεγονότων	_	_
6.5	1529	[5]	ἢ	_	_
6.5	1530	[1]	διοίκησιν	_	_
6.5	1531	[32]	τῶν	_	_
6.5	1532	[1]	διοικουμένων	_	_
6.5	1533	[3]	ἑτέραν	_	_
6.5	1534	[17]	ἀρχὴν	_	_
6.5	1535	[1]	ἐπιτηδειοτέραν	_	_
6.5	1536	[1]	εὑρεῖν	_	_
6.5	1537	[30]	τῆς	_	_
6.5	1538	[1]	ἀληθοῦς	_	_
6.5	1539	[49]	.	b	_
6.5	1540	[15]	ἡ	_	_
6.5	1541	[14]	μὲν	_	_
6.5	1542	[22]	γὰρ	_	_
6.5	1543	[31]	τῆς	_	_
6.5	1544	[1]	οἰκίας	_	_
6.5	1545	[1]	γένεσις	_	_
6.5	1546	[1]	ἀναγκάσει	_	_
6.5	1547	[2]	πρῶτον	_	_
6.5	1548	[1]	μνημονεῦσαι	_	_
6.5	1549	[33]	τῶν	_	_
6.5	1550	[1]	θεμελίων	_	_
6.5	1551	[110]	,	b	_
6.5	1552	[16]	ἡ	_	_
6.5	1553	[11]	δὲ	_	_
6.5	1554	[32]	τῆς	_	_
6.5	1555	[1]	νεὼς	_	_
6.5	1556	[33]	τῆς	_	_
6.5	1557	[1]	τρόπεως	_	_
6.5	1558	[50]	.	b	_
6.5	1559	[1]	οὕτω	_	_
6.5	1560	[12]	δὲ	_	_
6.5	1561	[44]	καὶ	_	_
6.5	1562	[8]	εἰ	_	_
6.5	1563	[1]	βουληθείης	_	_
6.5	1564	[2]	διηγήσασθαι	_	_
6.5	1565	[2]	πόλεως	_	_
6.5	1566	[111]	,	b	_
6.5	1567	[6]	ἢ	_	_
6.5	1568	[1]	ἔθνους	_	_
6.5	1569	[112]	,	b	_
6.5	1570	[7]	ἢ	_	_
6.5	1571	[1]	στρατοπέδου	_	_
6.5	1572	[2]	διοίκησιν	_	_
6.5	1573	[113]	,	b	_
6.5	1574	[7]	ἂν	_	_
6.5	1575	[1]	ἀναγκασθείης	_	_
6.5	1576	[34]	τῆς	_	_
6.5	1577	[1]	πρώτης	_	_
6.5	1578	[4]	ἀρχῆς	_	_
6.5	1579	[9]	ἐν	_	_
6.5	1580	[1]	ἑκάστῳ	_	_
6.5	1581	[2]	μνημονεῦσαι	_	_
6.5	1582	[51]	.	b	_
6.5	1583	[1]	θαυμάζειν	_	_
6.5	1584	[6]	οὖν	_	_
6.5	1585	[1]	ἄξιον	_	_
6.5	1586	[114]	,	b	_
6.5	1587	[1]	ὅσοι	_	_
6.5	1588	[1]	διδάξαι	_	_
6.5	1589	[15]	μὲν	_	_
6.5	1590	[2]	ὀρθῶς	_	_
6.5	1591	[1]	ἑτέρωθεν	_	_
6.5	1592	[1]	ἀρξάμενον	_	_
6.5	1593	[1]	ἀδύνατον	_	_
6.5	1594	[2]	εἶναί	_	_
6.5	1595	[1]	φασιν	_	_
6.5	1596	[115]	,	b	_
6.5	1597	[1]	ἀγνοεῖν	_	_
6.5	1598	[13]	δὲ	_	_
6.5	1599	[41]	τὴν	_	_
6.5	1600	[1]	ὄντως	_	_
6.5	1601	[18]	ἀρχὴν	_	_
6.5	1602	[34]	τῶν	_	_
6.5	1603	[12]	φλεβῶν	_	_
6.5	1604	[52]	.	b	_
6.5	1605	[1]	ἀλλήλοις	_	_
6.5	1606	[23]	γὰρ	_	_
6.5	1607	[3]	ἄμφω	_	_
6.5	1608	[1]	συνῆπται	_	_
6.5	1609	[1]	ταῦτα	_	_
6.5	1610	[116]	,	b	_
6.5	1611	[45]	καὶ	_	_
6.5	1612	[3]	οὐχ	_	_
6.5	1613	[3]	οἷόν	_	_
6.5	1614	[6]	ἐστι	_	_
6.5	1615	[2]	χωρὶς	_	_
6.5	1616	[1]	ἀλλήλων	_	_
6.5	1617	[3]	γενέσθαι	_	_
6.5	1618	[1]	διασπασθέντα	_	_
6.5	1619	[117]	,	b	_
6.5	1620	[42]	τὴν	_	_
6.5	1621	[1]	ὀρθὴν	_	_
6.5	1622	[19]	ἀρχὴν	_	_
6.5	1623	[1]	λέγω	_	_
6.5	1624	[35]	τῆς	_	_
6.5	1625	[7]	διδασκαλίας	_	_
6.5	1626	[36]	τῆς	_	_
6.5	1627	[2]	ὄντως	_	_
6.5	1628	[5]	ἀρχῆς	_	_
6.5	1629	[17]	τοῦ	_	_
6.5	1630	[3]	πράγματος	_	_
6.5	1631	[53]	.	b	_
6.5	1632	[9]	ἀλλ	_	_
6.5	1633	[58]	’	b	_
6.5	1634	[3]	εἴτ	_	_
6.5	1635	[59]	’	b	_
6.5	1636	[3]	ὀρθῶς	_	_
6.5	1637	[1]	διδάσκει	_	_
6.5	1638	[6]	τις	_	_
6.5	1639	[118]	,	b	_
6.5	1640	[3]	ἀπὸ	_	_
6.5	1641	[37]	τῆς	_	_
6.5	1642	[9]	κατὰ	_	_
6.5	1643	[2]	φύσιν	_	_
6.5	1644	[6]	ἀρχῆς	_	_
6.5	1645	[1]	ἄρχεται	_	_
6.5	1646	[119]	,	b	_
6.5	1647	[1]	εἴτε	_	_
6.5	1648	[14]	δὲ	_	_
6.5	1649	[43]	τὴν	_	_
6.5	1650	[3]	ὄντως	_	_
6.5	1651	[20]	ἀρχὴν	_	_
6.5	1652	[1]	οἶδέ	_	_
6.5	1653	[7]	τις	_	_
6.5	1654	[120]	,	b	_
6.5	1655	[44]	τὴν	_	_
6.5	1656	[38]	τῆς	_	_
6.5	1657	[8]	διδασκαλίας	_	_
6.5	1658	[16]	οὐκ	_	_
6.5	1659	[1]	ἀγνοεῖ	_	_
6.5	1660	[54]	.	b	_
6.6	1	[1]	Ἤρκει	_	_
6.6	2	[1]	μὲν	_	_
6.6	3	[1]	οὖν	_	_
6.6	4	[1]	καὶ	_	_
6.6	5	[1]	ταῦτα	_	_
6.6	6	[1]	πρὸς	_	_
6.6	7	[1]	ἀπόδειξιν	_	_
6.6	8	[1]	τῆς	_	_
6.6	9	[1]	ἀρχῆς	_	_
6.6	10	[1]	τῶν	_	_
6.6	11	[1]	φλεβῶν	_	_
6.6	12	[1]	,	b	_
6.6	13	[1]	οὐδὲν	_	_
6.6	14	[1]	μὴν	_	_
6.6	15	[1]	ἧττόν	_	_
6.6	16	[1]	ἐστι	_	_
6.6	17	[2]	καὶ	_	_
6.6	18	[1]	μὰ	_	_
6.6	19	[1]	μέλλοντα	_	_
6.6	20	[1]	λεχθήσεσθαι	_	_
6.6	21	[1]	βέβαια	_	_
6.6	22	[1]	γνωρίσματα	_	_
6.6	23	[1]	τοῦ	_	_
6.6	24	[1]	μηδαμῶς	_	_
6.6	25	[1]	εἶναι	_	_
6.6	26	[1]	τὴν	_	_
6.6	27	[1]	καρδίαν	_	_
6.6	28	[1]	μήτε	_	_
6.6	29	[2]	τοῦ	_	_
6.6	30	[1]	τρέφοντος	_	_
6.6	31	[1]	αἵματος	_	_
6.6	32	[1]	ὅλον	_	_
6.6	33	[1]	τὸ	_	_
6.6	34	[1]	σῶμα	_	_
6.6	35	[1]	γεννητικὴν	_	_
6.6	36	[1]	ἀρχὴν	_	_
6.6	37	[2]	,	b	_
6.6	38	[2]	μήτε	_	_
6.6	39	[2]	τῶν	_	_
6.6	40	[1]	ὀργάνων	_	_
6.6	41	[1]	αὐτοῦ	_	_
6.6	42	[1]	.	b	_
6.6	43	[1]	δείξω	_	_
6.6	44	[1]	δὲ	_	_
6.6	45	[1]	ἑκάτερον	_	_
6.6	46	[1]	ἰδίᾳ	_	_
6.6	47	[3]	,	b	_
6.6	48	[3]	καὶ	_	_
6.6	49	[1]	πρότερον	_	_
6.6	50	[4]	,	b	_
6.6	51	[1]	ὡς	_	_
6.6	52	[1]	οὐκ	_	_
6.6	53	[1]	ἔστι	_	_
6.6	54	[1]	τῷ	_	_
6.6	55	[1]	ζώῳ	_	_
6.6	56	[3]	τοῦ	_	_
6.6	57	[1]	θρέψοντος	_	_
6.6	58	[2]	αἵματος	_	_
6.6	59	[1]	ἀρχή	_	_
6.6	60	[2]	.	b	_
6.6	61	[1]	διὰ	_	_
6.6	62	[1]	τί	_	_
6.6	63	[2]	δὲ	_	_
6.6	64	[4]	τοῦ	_	_
6.6	65	[2]	θρέψοντος	_	_
6.6	66	[1]	πρόσκειται	_	_
6.6	67	[1]	κατὰ	_	_
6.6	68	[1]	τὸν	_	_
6.6	69	[1]	λόγον	_	_
6.6	70	[1]	αὖθις	_	_
6.6	71	[1]	;	b	_
6.6	72	[1]	διότι	_	_
6.6	73	[1]	ἐδείκνυον	_	_
6.6	74	[5]	,	b	_
6.6	75	[2]	ὡς	_	_
6.6	76	[1]	ἑτέρου	_	_
6.6	77	[1]	τινὸς	_	_
6.6	78	[3]	αἵματος	_	_
6.6	79	[6]	,	b	_
6.6	80	[1]	ἑτέραν	_	_
6.6	81	[1]	χρείαν	_	_
6.6	82	[1]	τοῖς	_	_
6.6	83	[1]	ζώοις	_	_
6.6	84	[1]	παρεχομένου	_	_
6.6	85	[7]	,	b	_
6.6	86	[2]	τῆς	_	_
6.6	87	[1]	γενέσεως	_	_
6.6	88	[2]	οὐκ	_	_
6.6	89	[1]	ἀφαιροῦμεν	_	_
6.6	90	[2]	τὴν	_	_
6.6	91	[2]	καρδίαν	_	_
6.6	92	[8]	,	b	_
6.6	93	[1]	ἀλλὰ	_	_
6.6	94	[1]	τό	_	_
6.6	95	[1]	γε	_	_
6.6	96	[1]	νῦν	_	_
6.6	97	[2]	εἶναι	_	_
6.6	98	[1]	προκείμενον	_	_
6.6	99	[9]	,	b	_
6.6	100	[3]	ὡς	_	_
6.6	101	[10]	,	b	_
6.6	102	[1]	ὑφ	_	_
6.6	103	[1]	’	b	_
6.6	104	[1]	οὗ	_	_
6.6	105	[1]	τρέφεται	_	_
6.6	106	[1]	τὰ	_	_
6.6	107	[1]	σύμπαντα	_	_
6.6	108	[1]	μέλη	_	_
6.6	109	[5]	τοῦ	_	_
6.6	110	[1]	ζώου	_	_
6.6	111	[11]	,	b	_
6.6	112	[1]	τοῦτ	_	_
6.6	113	[2]	’	b	_
6.6	114	[1]	ἐξ	_	_
6.6	115	[1]	ἥπατος	_	_
6.6	116	[12]	,	b	_
6.6	117	[3]	οὐκ	_	_
6.6	118	[1]	ἐκ	_	_
6.6	119	[3]	τῆς	_	_
6.6	120	[1]	καρδίας	_	_
6.6	121	[1]	ὁρμᾶται	_	_
6.6	122	[13]	,	b	_
6.6	123	[1]	δείξειν	_	_
6.6	124	[1]	ἐπαγγέλλομαι	_	_
6.6	125	[3]	τῶν	_	_
6.6	126	[2]	ἐξ	_	_
6.6	127	[1]	ἀνατομῆς	_	_
6.6	128	[1]	φαινομένων	_	_
6.6	129	[2]	ἀρχὴν	_	_
6.6	130	[2]	τῷ	_	_
6.6	131	[1]	λόγῳ	_	_
6.6	132	[1]	ποιησάμενος	_	_
6.6	133	[14]	,	b	_
6.6	134	[1]	ὃ	_	_
6.6	135	[1]	μάλιστα	_	_
6.6	136	[1]	μάχεται	_	_
6.6	137	[2]	τοῖς	_	_
6.6	138	[1]	Ἐρασιστρατείοις	_	_
6.6	139	[15]	,	b	_
6.6	140	[1]	οἳ	_	_
6.6	141	[2]	νῦν	_	_
6.6	142	[1]	ἡμῖν	_	_
6.6	143	[1]	ἐροῦσιν	_	_
6.6	144	[16]	,	b	_
6.6	145	[4]	ὡς	_	_
6.6	146	[1]	παράδοξά	_	_
6.6	147	[1]	τε	_	_
6.6	148	[4]	καὶ	_	_
6.6	149	[1]	καινὰ	_	_
6.6	150	[1]	κατασκευάζουσιν	_	_
6.6	151	[3]	.	b	_
6.6	152	[1]	εἴρηται	_	_
6.6	153	[3]	δὲ	_	_
6.6	154	[2]	τὸ	_	_
6.6	155	[1]	φαινόμενον	_	_
6.6	156	[1]	ὑπὲρ	_	_
6.6	157	[1]	Ἐρασιστράτου	_	_
6.6	158	[2]	κατὰ	_	_
6.6	159	[3]	τὴν	_	_
6.6	160	[4]	τῶν	_	_
6.6	161	[1]	πυρετῶν	_	_
6.6	162	[1]	πραγματείαν	_	_
6.6	163	[17]	,	b	_
6.6	164	[5]	ὡς	_	_
6.6	165	[1]	ὑμένες	_	_
6.6	166	[1]	ἐπιπεφύκασι	_	_
6.6	167	[3]	τοῖς	_	_
6.6	168	[1]	στόμασι	_	_
6.6	169	[5]	τῶν	_	_
6.6	170	[1]	ἀγγείων	_	_
6.6	171	[18]	,	b	_
6.6	172	[1]	οἷς	_	_
6.6	173	[1]	εἰς	_	_
6.6	174	[1]	ὑπηρεσίαν	_	_
6.6	175	[1]	ὑλῶν	_	_
6.6	176	[1]	εἰσαγωγῆς	_	_
6.6	177	[2]	τε	_	_
6.6	178	[5]	καὶ	_	_
6.6	179	[2]	αὖθις	_	_
6.6	180	[1]	ἐξαγωγῆς	_	_
6.6	181	[1]	ἡ	_	_
6.6	182	[1]	καρδία	_	_
6.6	183	[1]	προσχρῆται	_	_
6.6	184	[4]	.	b	_
6.6	185	[1]	τούτους	_	_
6.6	186	[1]	τοὺς	_	_
6.6	187	[1]	ὑμένας	_	_
6.6	188	[1]	ἐτόλμησάν	_	_
6.6	189	[1]	τινες	_	_
6.6	190	[4]	οὐκ	_	_
6.6	191	[3]	εἶναι	_	_
6.6	192	[1]	λέγειν	_	_
6.6	193	[19]	,	b	_
6.6	194	[1]	ἀλλ	_	_
6.6	195	[3]	’	b	_
6.6	196	[1]	ὑπ	_	_
6.6	197	[4]	’	b	_
6.6	198	[2]	Ἐρασιστράτου	_	_
6.6	199	[1]	διεσκευάσθαι	_	_
6.6	200	[1]	δόγματος	_	_
6.6	201	[1]	ἕνεκεν	_	_
6.6	202	[1]	κατασκευῆς	_	_
6.6	203	[5]	.	b	_
6.6	204	[1]	πλὴν	_	_
6.6	205	[2]	εἰς	_	_
6.6	206	[1]	τοσοῦτον	_	_
6.6	207	[1]	ἥκουσι	_	_
6.6	208	[1]	γνώσεως	_	_
6.6	209	[1]	ἅπασι	_	_
6.6	210	[4]	τοῖς	_	_
6.6	211	[1]	ἰατροῖς	_	_
6.6	212	[20]	,	b	_
6.6	213	[1]	ὥστ	_	_
6.6	214	[5]	’	b	_
6.6	215	[1]	ἀρχαῖος	_	_
6.6	216	[1]	ὄντως	_	_
6.6	217	[4]	εἶναι	_	_
6.6	218	[1]	δόξειεν	_	_
6.6	219	[1]	ἂν	_	_
6.6	220	[1]	ὁ	_	_
6.6	221	[1]	μὴ	_	_
6.6	222	[1]	γινώσκων	_	_
6.6	223	[1]	αὐτούς	_	_
6.6	224	[6]	.	b	_
6.6	225	[1]	εἰσὶ	_	_
6.6	226	[1]	δ	_	_
6.6	227	[6]	’	b	_
6.6	228	[1]	ἐπὶ	_	_
6.6	229	[2]	μὲν	_	_
6.6	230	[3]	τῷ	_	_
6.6	231	[1]	στόματι	_	_
6.6	232	[4]	τῆς	_	_
6.6	233	[1]	κοίλης	_	_
6.6	234	[1]	φλεβὸς	_	_
6.6	235	[1]	τρεῖς	_	_
6.6	236	[1]	ἀκίδων	_	_
6.6	237	[1]	γλωχῖσιν	_	_
6.6	238	[1]	ὁμοιότατοι	_	_
6.6	239	[4]	τὴν	_	_
6.6	240	[1]	σύνταξιν	_	_
6.6	241	[21]	,	b	_
6.6	242	[1]	ὅθεν	_	_
6.6	243	[22]	,	b	_
6.6	244	[1]	οἶμαι	_	_
6.6	245	[23]	,	b	_
6.6	246	[6]	καὶ	_	_
6.6	247	[1]	τριγλώχινας	_	_
6.6	248	[1]	ἔνιοι	_	_
6.6	249	[6]	τῶν	_	_
6.6	250	[1]	Ἐρασιστρατείων	_	_
6.6	251	[1]	ἐκάλεσαν	_	_
6.6	252	[2]	αὐτούς	_	_
6.6	253	[1]	·	b	_
6.6	254	[2]	ἐπὶ	_	_
6.6	255	[4]	δὲ	_	_
6.6	256	[5]	τῆς	_	_
6.6	257	[1]	ἀρτηρίας	_	_
6.6	258	[6]	τῆς	_	_
6.6	259	[1]	φλεβώδους	_	_
6.6	260	[1]	(	a	_
6.6	261	[1]	οὕτω	_	_
6.6	262	[5]	δὲ	_	_
6.6	263	[1]	ὀνομάζω	_	_
6.6	264	[5]	τὴν	_	_
6.6	265	[2]	ἐκ	_	_
6.6	266	[7]	τῆς	_	_
6.6	267	[1]	ἀριστερᾶς	_	_
6.6	268	[1]	κοιλίας	_	_
6.6	269	[8]	τῆς	_	_
6.6	270	[2]	καρδίας	_	_
6.6	271	[3]	εἰς	_	_
6.6	272	[2]	τὸν	_	_
6.6	273	[1]	πνεύμονα	_	_
6.6	274	[1]	κατασχιζομένην	_	_
6.6	275	[1]	)	b	_
6.6	276	[2]	ὁμοιότατοι	_	_
6.6	277	[3]	μὲν	_	_
6.6	278	[3]	τὸ	_	_
6.6	279	[1]	εἶδος	_	_
6.6	280	[24]	,	b	_
6.6	281	[1]	ἀριθμῷ	_	_
6.6	282	[2]	δ	_	_
6.6	283	[7]	’	b	_
6.6	284	[5]	οὐκ	_	_
6.6	285	[1]	ἴσοι	_	_
6.6	286	[2]	·	b	_
6.6	287	[1]	μόνῳ	_	_
6.6	288	[1]	γὰρ	_	_
6.6	289	[1]	τούτῳ	_	_
6.6	290	[4]	τῷ	_	_
6.6	291	[2]	στόματι	_	_
6.6	292	[1]	δυοῖν	_	_
6.6	293	[1]	ὑμένων	_	_
6.6	294	[1]	ἐπίφυσίς	_	_
6.6	295	[2]	ἐστι	_	_
6.6	296	[25]	,	b	_
6.6	297	[7]	τῶν	_	_
6.6	298	[3]	δ	_	_
6.6	299	[8]	’	b	_
6.6	300	[1]	ἄλλων	_	_
6.6	301	[1]	στομάτων	_	_
6.6	302	[1]	ἑκατέρῳ	_	_
6.6	303	[2]	τρεῖς	_	_
6.6	304	[2]	ὑμένες	_	_
6.6	305	[1]	εἰσὶν	_	_
6.6	306	[1]	ἅπαντες	_	_
6.6	307	[1]	σιγμοειδεῖς	_	_
6.6	308	[7]	.	b	_
6.6	309	[1]	ἐξάγει	_	_
6.6	310	[4]	δ	_	_
6.6	311	[9]	’	b	_
6.6	312	[26]	,	b	_
6.6	313	[6]	ὡς	_	_
6.6	314	[1]	Ἐρασίστρατός	_	_
6.6	315	[1]	φησιν	_	_
6.6	316	[1]	ἐξηγούμενος	_	_
6.6	317	[4]	τὸ	_	_
6.6	318	[2]	φαινόμενον	_	_
6.6	319	[27]	,	b	_
6.6	320	[2]	ἑκάτερον	_	_
6.6	321	[4]	μὲν	_	_
6.6	322	[8]	τῶν	_	_
6.6	323	[2]	στομάτων	_	_
6.6	324	[1]	αἷμα	_	_
6.6	325	[5]	μὲν	_	_
6.6	326	[4]	εἰς	_	_
6.6	327	[3]	τὸν	_	_
6.6	328	[2]	πνεύμονα	_	_
6.6	329	[1]	ἕτερον	_	_
6.6	330	[1]	αὐτῶν	_	_
6.6	331	[28]	,	b	_
6.6	332	[1]	πνεῦμα	_	_
6.6	333	[5]	δ	_	_
6.6	334	[10]	’	b	_
6.6	335	[5]	εἰς	_	_
6.6	336	[2]	ὅλον	_	_
6.6	337	[5]	τὸ	_	_
6.6	338	[1]	ζῶον	_	_
6.6	339	[2]	ἕτερον	_	_
6.6	340	[8]	.	b	_
6.6	341	[4]	τὸν	_	_
6.6	342	[9]	τῶν	_	_
6.6	343	[2]	ὑμένων	_	_
6.6	344	[29]	,	b	_
6.6	345	[7]	ὡς	_	_
6.6	346	[1]	ἐκείνῳ	_	_
6.6	347	[1]	δοκεῖ	_	_
6.6	348	[30]	,	b	_
6.6	349	[2]	πρὸς	_	_
6.6	350	[1]	ἐναντίας	_	_
6.6	351	[1]	ὑπηρεσίας	_	_
6.6	352	[1]	τῇ	_	_
6.6	353	[1]	καρδίᾳ	_	_
6.6	354	[1]	χρόνον	_	_
6.6	355	[31]	,	b	_
6.6	356	[1]	ἀμοιβαῖς	_	_
6.6	357	[1]	ἐγκαίροις	_	_
6.6	358	[1]	ὑπαλλαττομένας	_	_
6.6	359	[32]	,	b	_
6.6	360	[2]	τοὺς	_	_
6.6	361	[6]	μὲν	_	_
6.6	362	[3]	ἐπὶ	_	_
6.6	363	[5]	τοῖς	_	_
6.6	364	[1]	εἰσάγουσιν	_	_
6.6	365	[1]	τὰς	_	_
6.6	366	[1]	ὕλας	_	_
6.6	367	[1]	ἀγγείοις	_	_
6.6	368	[1]	ἐπιπεφυκότας	_	_
6.6	369	[1]	ἔξωθεν	_	_
6.6	370	[1]	ἔσω	_	_
6.6	371	[1]	φερομένους	_	_
6.6	372	[33]	,	b	_
6.6	373	[1]	ἀνατρέπεσθαι	_	_
6.6	374	[7]	μὲν	_	_
6.6	375	[1]	ὑπὸ	_	_
6.6	376	[9]	τῆς	_	_
6.6	377	[1]	εἰσόδου	_	_
6.6	378	[10]	τῶν	_	_
6.6	379	[2]	ὑλῶν	_	_
6.6	380	[34]	,	b	_
6.6	381	[1]	ἀναπίπτοντας	_	_
6.6	382	[6]	δ	_	_
6.6	383	[11]	’	b	_
6.6	384	[6]	εἰς	_	_
6.6	385	[2]	τὰς	_	_
6.6	386	[1]	κοιλότητας	_	_
6.6	387	[10]	τῆς	_	_
6.6	388	[3]	καρδίας	_	_
6.6	389	[1]	ἀνοιγνύντας	_	_
6.6	390	[2]	τὰ	_	_
6.6	391	[1]	στόματα	_	_
6.6	392	[1]	παρέχειν	_	_
6.6	393	[1]	ἀκώλυτον	_	_
6.6	394	[6]	τὴν	_	_
6.6	395	[1]	φορὰν	_	_
6.6	396	[6]	τοῖς	_	_
6.6	397	[7]	εἰς	_	_
6.6	398	[7]	τὴν	_	_
6.6	399	[1]	αὐτὴν	_	_
6.6	400	[1]	ἑλκομένοις	_	_
6.6	401	[9]	.	b	_
6.6	402	[1]	οὐ	_	_
6.6	403	[2]	γὰρ	_	_
6.6	404	[1]	δὴ	_	_
6.6	405	[1]	αὐτομάτως	_	_
6.6	406	[2]	γε	_	_
6.6	407	[3]	τὰς	_	_
6.6	408	[2]	ὕλας	_	_
6.6	409	[1]	εἰσθεῖν	_	_
6.6	410	[2]	φησιν	_	_
6.6	411	[35]	,	b	_
6.6	412	[8]	ὡς	_	_
6.6	413	[8]	εἰς	_	_
6.6	414	[1]	ἄψυχόν	_	_
6.6	415	[1]	τινα	_	_
6.6	416	[1]	δεξαμενὴν	_	_
6.6	417	[36]	,	b	_
6.6	418	[2]	ἀλλ	_	_
6.6	419	[12]	’	b	_
6.6	420	[2]	αὐτὴν	_	_
6.6	421	[8]	τὴν	_	_
6.6	422	[3]	καρδίαν	_	_
6.6	423	[1]	διαστελλομένην	_	_
6.6	424	[37]	,	b	_
6.6	425	[1]	ὥσπερ	_	_
6.6	426	[4]	τὰς	_	_
6.6	427	[11]	τῶν	_	_
6.6	428	[1]	χαλκέων	_	_
6.6	429	[1]	φύσας	_	_
6.6	430	[38]	,	b	_
6.6	431	[1]	ἐπισπᾶσθαι	_	_
6.6	432	[1]	πληροῦσαν	_	_
6.6	433	[2]	τῇ	_	_
6.6	434	[1]	διαστολῇ	_	_
6.6	435	[10]	.	b	_
6.6	436	[4]	ἐπὶ	_	_
6.6	437	[6]	δὲ	_	_
6.6	438	[7]	τοῖς	_	_
6.6	439	[1]	ἐξάγουσιν	_	_
6.6	440	[2]	ἀγγείοις	_	_
6.6	441	[5]	τὰς	_	_
6.6	442	[3]	ὕλας	_	_
6.6	443	[1]	ἐλέγομεν	_	_
6.6	444	[1]	ἐπικεῖσθαι	_	_
6.6	445	[39]	,	b	_
6.6	446	[7]	καὶ	_	_
6.6	447	[1]	τοὐναντίον	_	_
6.6	448	[1]	ἡγεῖσθαι	_	_
6.6	449	[1]	πάθος	_	_
6.6	450	[1]	πάσχειν	_	_
6.6	451	[11]	.	b	_
6.6	452	[1]	ἔσωθεν	_	_
6.6	453	[3]	γὰρ	_	_
6.6	454	[1]	ἔξω	_	_
6.6	455	[1]	ῥέποντας	_	_
6.6	456	[40]	,	b	_
6.6	457	[1]	ἀνατρεπομένους	_	_
6.6	458	[8]	μὲν	_	_
6.6	459	[2]	ὑπὸ	_	_
6.6	460	[12]	τῶν	_	_
6.6	461	[1]	ἐξιόντων	_	_
6.6	462	[1]	ἀνοιγνύναι	_	_
6.6	463	[3]	τὰ	_	_
6.6	464	[2]	στόματα	_	_
6.6	465	[41]	,	b	_
6.6	466	[1]	καθ	_	_
6.6	467	[13]	’	b	_
6.6	468	[1]	ὃν	_	_
6.6	469	[2]	ἂν	_	_
6.6	470	[2]	ἡ	_	_
6.6	471	[2]	καρδία	_	_
6.6	472	[2]	λόγον	_	_
6.6	473	[1]	ἐχορήγει	_	_
6.6	474	[6]	τὰς	_	_
6.6	475	[4]	ὕλας	_	_
6.6	476	[3]	·	b	_
6.6	477	[1]	ἐν	_	_
6.6	478	[7]	δὲ	_	_
6.6	479	[5]	τῷ	_	_
6.6	480	[1]	λοιπῷ	_	_
6.6	481	[1]	παντὶ	_	_
6.6	482	[1]	κλείειν	_	_
6.6	483	[1]	ἀκριβῶς	_	_
6.6	484	[4]	τὰ	_	_
6.6	485	[3]	στόματα	_	_
6.6	486	[42]	,	b	_
6.6	487	[1]	μηδ	_	_
6.6	488	[14]	’	b	_
6.6	489	[1]	ἐνίας	_	_
6.6	490	[13]	τῶν	_	_
6.6	491	[1]	ἐκπεμφθέντων	_	_
6.6	492	[1]	ἐπανέρχεσθαι	_	_
6.6	493	[1]	συγχωροῦντας	_	_
6.6	494	[12]	.	b	_
6.6	495	[1]	οὕτως	_	_
6.6	496	[8]	δὲ	_	_
6.6	497	[8]	καὶ	_	_
6.6	498	[8]	τοῖς	_	_
6.6	499	[5]	ἐπὶ	_	_
6.6	500	[9]	τοῖς	_	_
6.6	501	[1]	εἰσάγουσι	_	_
6.6	502	[43]	,	b	_
6.6	503	[1]	ὅταν	_	_
6.6	504	[3]	ἡ	_	_
6.6	505	[3]	καρδία	_	_
6.6	506	[1]	συστέλληται	_	_
6.6	507	[44]	,	b	_
6.6	508	[2]	κλείειν	_	_
6.6	509	[5]	τὰ	_	_
6.6	510	[4]	στόματα	_	_
6.6	511	[45]	,	b	_
6.6	512	[1]	μηδὲν	_	_
6.6	513	[14]	τῶν	_	_
6.6	514	[1]	ἑλχθέντων	_	_
6.6	515	[2]	ὑπ	_	_
6.6	516	[15]	’	b	_
6.6	517	[1]	αὐτῆς	_	_
6.6	518	[3]	αὖθις	_	_
6.6	519	[2]	ἔξω	_	_
6.6	520	[1]	παλινδρομεῖν	_	_
6.6	521	[1]	ἐπιτρέποντας	_	_
6.6	522	[13]	.	b	_
6.6	523	[1]	εἴπερ	_	_
6.6	524	[2]	οὖν	_	_
6.6	525	[1]	ἔχει	_	_
6.6	526	[1]	ταῦθ	_	_
6.6	527	[16]	’	b	_
6.6	528	[2]	οὕτως	_	_
6.6	529	[46]	,	b	_
6.6	530	[1]	ἄνδρες	_	_
6.6	531	[1]	Ἐρασιστράτειοι	_	_
6.6	532	[47]	,	b	_
6.6	533	[6]	τὰ	_	_
6.6	534	[9]	μὲν	_	_
6.6	535	[1]	ἄλλα	_	_
6.6	536	[15]	τῶν	_	_
6.6	537	[2]	ἀγγείων	_	_
6.6	538	[1]	ἰάσωμεν	_	_
6.6	539	[1]	ἤδη	_	_
6.6	540	[6]	τῷ	_	_
6.6	541	[2]	λόγῳ	_	_
6.6	542	[48]	,	b	_
6.6	543	[6]	τὸ	_	_
6.6	544	[7]	δ	_	_
6.6	545	[17]	’	b	_
6.6	546	[1]	ἀμφισβητούμενον	_	_
6.6	547	[1]	ἐπισκεψώμεθα	_	_
6.6	548	[49]	,	b	_
6.6	549	[9]	τὴν	_	_
6.6	550	[1]	κοίλην	_	_
6.6	551	[1]	φλέβα	_	_
6.6	552	[10]	τὴν	_	_
6.6	553	[3]	ἐξ	_	_
6.6	554	[2]	ἥπατος	_	_
6.6	555	[9]	εἰς	_	_
6.6	556	[4]	καρδίαν	_	_
6.6	557	[1]	εἰσάγουσαν	_	_
6.6	558	[7]	τὸ	_	_
6.6	559	[2]	αἷμα	_	_
6.6	560	[50]	,	b	_
6.6	561	[1]	ποτέρους	_	_
6.6	562	[2]	ἔχει	_	_
6.6	563	[3]	τοὺς	_	_
6.6	564	[2]	ἐπιπεφυκότας	_	_
6.6	565	[2]	ὑμένας	_	_
6.6	566	[14]	.	b	_
6.6	567	[1]	ἆρ	_	_
6.6	568	[18]	’	b	_
6.6	569	[2]	ἔσωθεν	_	_
6.6	570	[3]	ἔξω	_	_
6.6	571	[2]	ῥέποντας	_	_
6.6	572	[51]	,	b	_
6.6	573	[1]	ἢ	_	_
6.6	574	[2]	τοὐναντίον	_	_
6.6	575	[2]	ἔξωθεν	_	_
6.6	576	[2]	ἔσω	_	_
6.6	577	[2]	φερομένους	_	_
6.6	578	[2]	;	b	_
6.6	579	[3]	ἀλλ	_	_
6.6	580	[19]	’	b	_
6.6	581	[1]	ἴσως	_	_
6.6	582	[1]	οὐδὲ	_	_
6.6	583	[1]	τοῦτο	_	_
6.6	584	[1]	μέγα	_	_
6.6	585	[3]	πρὸς	_	_
6.6	586	[8]	τὸ	_	_
6.6	587	[1]	προπαρεσκευάσθαι	_	_
6.6	588	[10]	μὲν	_	_
6.6	589	[2]	ἐν	_	_
6.6	590	[1]	ἥπατι	_	_
6.6	591	[9]	τὸ	_	_
6.6	592	[3]	αἷμα	_	_
6.6	593	[52]	,	b	_
6.6	594	[1]	φέρεσθαι	_	_
6.6	595	[8]	δ	_	_
6.6	596	[20]	’	b	_
6.6	597	[1]	ἐντεῦθεν	_	_
6.6	598	[10]	εἰς	_	_
6.6	599	[11]	τὴν	_	_
6.6	600	[5]	καρδίαν	_	_
6.6	601	[53]	,	b	_
6.6	602	[1]	ἀπολειψόμενον	_	_
6.6	603	[1]	ἐνταῦθα	_	_
6.6	604	[10]	τὸ	_	_
6.6	605	[1]	λεῖπον	_	_
6.6	606	[11]	τῆς	_	_
6.6	607	[1]	οἰκείας	_	_
6.6	608	[1]	ἰδέας	_	_
6.6	609	[11]	εἰς	_	_
6.6	610	[1]	ἀκριβῆ	_	_
6.6	611	[1]	τελειότητα	_	_
6.6	612	[15]	.	b	_
6.6	613	[9]	καὶ	_	_
6.6	614	[4]	γὰρ	_	_
6.6	615	[10]	καὶ	_	_
6.6	616	[3]	λόγον	_	_
6.6	617	[3]	ἔχει	_	_
6.6	618	[54]	,	b	_
6.6	619	[2]	μηδὲν	_	_
6.6	620	[16]	τῶν	_	_
6.6	621	[1]	τελέων	_	_
6.6	622	[3]	τε	_	_
6.6	623	[11]	καὶ	_	_
6.6	624	[1]	μεγάλων	_	_
6.6	625	[1]	ἔργων	_	_
6.6	626	[1]	ἀθρόως	_	_
6.6	627	[1]	δύνασθαι	_	_
6.6	628	[1]	γενέσθαι	_	_
6.6	629	[55]	,	b	_
6.6	630	[1]	μηδὲ	_	_
6.6	631	[2]	ὑφ	_	_
6.6	632	[21]	’	b	_
6.6	633	[1]	ἑνὸς	_	_
6.6	634	[1]	ὀργάνου	_	_
6.6	635	[1]	φυσικοῦ	_	_
6.6	636	[5]	τὸν	_	_
6.6	637	[1]	οἰκεῖον	_	_
6.6	638	[1]	κόσμον	_	_
6.6	639	[1]	ἅπαντα	_	_
6.6	640	[1]	κτήσασθαι	_	_
6.6	641	[16]	.	b	_
6.6	642	[1]	δείξατε	_	_
6.6	643	[3]	οὖν	_	_
6.6	644	[2]	ἡμῖν	_	_
6.6	645	[3]	ἕτερον	_	_
6.6	646	[1]	ἀγγεῖον	_	_
6.6	647	[1]	ἐξάγον	_	_
6.6	648	[3]	ἐκ	_	_
6.6	649	[12]	τῆς	_	_
6.6	650	[4]	καρδίας	_	_
6.6	651	[1]	τουτὶ	_	_
6.6	652	[11]	τὸ	_	_
6.6	653	[1]	κοσμηθὲν	_	_
6.6	654	[4]	αἷμα	_	_
6.6	655	[12]	καὶ	_	_
6.6	656	[1]	διανεμόμενον	_	_
6.6	657	[12]	εἰς	_	_
6.6	658	[2]	ἅπαντα	_	_
6.6	659	[7]	τὰ	_	_
6.6	660	[1]	σώματα	_	_
6.6	661	[56]	,	b	_
6.6	662	[1]	καθάπερ	_	_
6.6	663	[4]	ἡ	_	_
6.6	664	[1]	ἀρτηρία	_	_
6.6	665	[12]	τὸ	_	_
6.6	666	[2]	πνεῦμα	_	_
6.6	667	[17]	.	b	_
6.6	668	[13]	καὶ	_	_
6.6	669	[2]	μὴν	_	_
6.6	670	[8]	τὰ	_	_
6.6	671	[2]	σύμπαντα	_	_
6.6	672	[1]	τέτταρά	_	_
6.6	673	[3]	ἐστι	_	_
6.6	674	[5]	στόματα	_	_
6.6	675	[57]	,	b	_
6.6	676	[1]	δύο	_	_
6.6	677	[2]	καθ	_	_
6.6	678	[22]	’	b	_
6.6	679	[1]	ἑκατέραν	_	_
6.6	680	[1]	κοιλίαν	_	_
6.6	681	[58]	,	b	_
6.6	682	[1]	ἓν	_	_
6.6	683	[11]	μὲν	_	_
6.6	684	[4]	ἐκ	_	_
6.6	685	[6]	τοῦ	_	_
6.6	686	[1]	πνεύμονος	_	_
6.6	687	[1]	εἰσάγον	_	_
6.6	688	[13]	τὸ	_	_
6.6	689	[3]	πνεῦμα	_	_
6.6	690	[59]	,	b	_
6.6	691	[14]	τὸ	_	_
6.6	692	[9]	δ	_	_
6.6	693	[23]	’	b	_
6.6	694	[4]	ἕτερον	_	_
6.6	695	[2]	ἐξάγον	_	_
6.6	696	[12]	μὲν	_	_
6.6	697	[1]	ἄμφω	_	_
6.6	698	[2]	ταῦτα	_	_
6.6	699	[3]	κατὰ	_	_
6.6	700	[12]	τὴν	_	_
6.6	701	[1]	ἀριστερὰν	_	_
6.6	702	[2]	κοιλίαν	_	_
6.6	703	[60]	,	b	_
6.6	704	[1]	ὑπόλοιπα	_	_
6.6	705	[9]	δὲ	_	_
6.6	706	[2]	δύο	_	_
6.6	707	[4]	κατὰ	_	_
6.6	708	[13]	τὴν	_	_
6.6	709	[1]	δεξιὰν	_	_
6.6	710	[61]	,	b	_
6.6	711	[13]	εἰς	_	_
6.6	712	[13]	μὲν	_	_
6.6	713	[6]	τὸν	_	_
6.6	714	[3]	πνεύμονα	_	_
6.6	715	[15]	τὸ	_	_
6.6	716	[5]	ἕτερον	_	_
6.6	717	[5]	αἷμα	_	_
6.6	718	[1]	φερόμενόν	_	_
6.6	719	[4]	τε	_	_
6.6	720	[14]	καὶ	_	_
6.6	721	[2]	διανεμόμενον	_	_
6.6	722	[62]	,	b	_
6.6	723	[14]	εἰς	_	_
6.6	724	[10]	δὲ	_	_
6.6	725	[14]	τὴν	_	_
6.6	726	[2]	δεξιὰν	_	_
6.6	727	[3]	κοιλίαν	_	_
6.6	728	[5]	ἐκ	_	_
6.6	729	[7]	τοῦ	_	_
6.6	730	[3]	ἥπατος	_	_
6.6	731	[2]	εἰσάγον	_	_
6.6	732	[16]	τὸ	_	_
6.6	733	[6]	ἕτερον	_	_
6.6	734	[4]	·	b	_
6.6	735	[2]	ὑπὲρ	_	_
6.6	736	[2]	οὗ	_	_
6.6	737	[1]	σύμπας	_	_
6.6	738	[2]	ὁ	_	_
6.6	739	[1]	λόγος	_	_
6.6	740	[1]	ἐστίν	_	_
6.6	741	[18]	.	b	_
6.6	742	[1]	πέμπτον	_	_
6.6	743	[10]	δ	_	_
6.6	744	[24]	’	b	_
6.6	745	[1]	ἄλλο	_	_
6.6	746	[1]	στόμα	_	_
6.6	747	[6]	οὐκ	_	_
6.6	748	[4]	ἔχει	_	_
6.6	749	[5]	κατὰ	_	_
6.6	750	[15]	τὴν	_	_
6.6	751	[6]	καρδίαν	_	_
6.6	752	[63]	,	b	_
6.6	753	[1]	ᾧ	_	_
6.6	754	[17]	τὸ	_	_
6.6	755	[4]	ἐξ	_	_
6.6	756	[4]	ἥπατος	_	_
6.6	757	[1]	ἀφικόμενον	_	_
6.6	758	[15]	εἰς	_	_
6.6	759	[3]	αὐτὴν	_	_
6.6	760	[6]	αἷμα	_	_
6.6	761	[4]	πρὸς	_	_
6.6	762	[3]	ὅλον	_	_
6.6	763	[1]	ἀποπέμψει	_	_
6.6	764	[18]	τὸ	_	_
6.6	765	[2]	σῶμα	_	_
6.6	766	[19]	.	b	_
6.6	767	[2]	μὴ	_	_
6.6	768	[1]	τοίνυν	_	_
6.6	769	[1]	ἐπιπέμπεσθαι	_	_
6.6	770	[1]	λέγετε	_	_
6.6	771	[7]	τῷ	_	_
6.6	772	[2]	παντὶ	_	_
6.6	773	[1]	σώματι	_	_
6.6	774	[1]	παρὰ	_	_
6.6	775	[13]	τῆς	_	_
6.6	776	[5]	καρδίας	_	_
6.6	777	[7]	αἷμα	_	_
6.6	778	[15]	καὶ	_	_
6.6	779	[4]	πνεῦμα	_	_
6.6	780	[64]	,	b	_
6.6	781	[2]	μηδ	_	_
6.6	782	[25]	’	b	_
6.6	783	[5]	εἶναι	_	_
6.6	784	[2]	τοῦτο	_	_
6.6	785	[19]	τὸ	_	_
6.6	786	[1]	σπλάγχνον	_	_
6.6	787	[65]	,	b	_
6.6	788	[9]	ὡς	_	_
6.6	789	[1]	ἀρτηριῶν	_	_
6.6	790	[66]	,	b	_
6.6	791	[2]	οὕτω	_	_
6.6	792	[16]	καὶ	_	_
6.6	793	[2]	φλεβῶν	_	_
6.6	794	[1]	ἀρχήν	_	_
6.6	795	[20]	.	b	_
6.6	796	[1]	οὔτε	_	_
6.6	797	[5]	γὰρ	_	_
6.6	798	[2]	ἀγγεῖον	_	_
6.6	799	[7]	ἕτερον	_	_
6.6	800	[1]	ἔχετε	_	_
6.6	801	[1]	δεικνύειν	_	_
6.6	802	[1]	ἐκφυόμενον	_	_
6.6	803	[14]	τῆς	_	_
6.6	804	[6]	καρδίας	_	_
6.6	805	[67]	,	b	_
6.6	806	[1]	οὔτ	_	_
6.6	807	[26]	’	b	_
6.6	808	[1]	ἄλλου	_	_
6.6	809	[2]	τινὸς	_	_
6.6	810	[2]	πλὴν	_	_
6.6	811	[17]	τῶν	_	_
6.6	812	[3]	ὑμένων	_	_
6.6	813	[68]	,	b	_
6.6	814	[1]	οὓς	_	_
6.6	815	[7]	οὐκ	_	_
6.6	816	[3]	ἂν	_	_
6.6	817	[5]	ἡ	_	_
6.6	818	[3]	μηδὲν	_	_
6.6	819	[1]	εἰκῆ	_	_
6.6	820	[1]	ποιοῦσα	_	_
6.6	821	[1]	φύσις	_	_
6.6	822	[3]	ἐν	_	_
6.6	823	[8]	τῷ	_	_
6.6	824	[1]	κυριωτάτῳ	_	_
6.6	825	[1]	σπλάγχνῳ	_	_
6.6	826	[1]	κατέθετο	_	_
6.6	827	[69]	,	b	_
6.6	828	[3]	μὴ	_	_
6.6	829	[1]	μέγιστόν	_	_
6.6	830	[1]	τι	_	_
6.6	831	[1]	μέλλοντας	_	_
6.6	832	[16]	εἰς	_	_
6.6	833	[2]	ὑπηρεσίαν	_	_
6.6	834	[2]	παρέχειν	_	_
6.6	835	[1]	αὐτῷ	_	_
6.6	836	[21]	.	b	_
6.6	837	[1]	καί	_	_
6.6	838	[1]	μοι	_	_
6.6	839	[1]	θαυμάζειν	_	_
6.6	840	[1]	ἐπέρχεται	_	_
6.6	841	[2]	μάλιστα	_	_
6.6	842	[1]	πάντων	_	_
6.6	843	[3]	Ἐρασιστράτου	_	_
6.6	844	[3]	καθ	_	_
6.6	845	[27]	’	b	_
6.6	846	[2]	ἓν	_	_
6.6	847	[1]	βιβλίον	_	_
6.6	848	[20]	τὸ	_	_
6.6	849	[1]	πρῶτον	_	_
6.6	850	[1]	περὶ	_	_
6.6	851	[2]	πυρετῶν	_	_
6.6	852	[1]	ἅμα	_	_
6.6	853	[14]	μὲν	_	_
6.6	854	[3]	ἀρχὴν	_	_
6.6	855	[1]	ἀποφῃναμένου	_	_
6.6	856	[17]	καὶ	_	_
6.6	857	[2]	ἀρτηριῶν	_	_
6.6	858	[18]	καὶ	_	_
6.6	859	[3]	φλεβῶν	_	_
6.6	860	[6]	εἶναι	_	_
6.6	861	[16]	τὴν	_	_
6.6	862	[7]	καρδίαν	_	_
6.6	863	[70]	,	b	_
6.6	864	[2]	ἅμα	_	_
6.6	865	[11]	δὲ	_	_
6.6	866	[4]	τοὺς	_	_
6.6	867	[3]	ἔξωθεν	_	_
6.6	868	[3]	ἔσω	_	_
6.6	869	[1]	νεύοντας	_	_
6.6	870	[3]	ὑμένας	_	_
6.6	871	[6]	ἐπὶ	_	_
6.6	872	[10]	τοῖς	_	_
6.6	873	[2]	εἰσάγουσι	_	_
6.6	874	[7]	τὰς	_	_
6.6	875	[5]	ὕλας	_	_
6.6	876	[3]	ἀγγείοις	_	_
6.6	877	[1]	ἐπιπεφυκέναι	_	_
6.6	878	[1]	φάσκοντος	_	_
6.6	879	[22]	.	b	_
6.6	880	[2]	οὐδὲ	_	_
6.6	881	[6]	γὰρ	_	_
6.6	882	[3]	οὐδὲ	_	_
6.6	883	[3]	τοῦτο	_	_
6.6	884	[1]	δυνατὸν	_	_
6.6	885	[1]	εἰπεῖν	_	_
6.6	886	[71]	,	b	_
6.6	887	[10]	ὡς	_	_
6.6	888	[8]	τοῦ	_	_
6.6	889	[15]	μὲν	_	_
6.6	890	[4]	αἵματος	_	_
6.6	891	[1]	ἀρχὴ	_	_
6.6	892	[21]	τὸ	_	_
6.6	893	[1]	ἧπάρ	_	_
6.6	894	[4]	ἐστι	_	_
6.6	895	[72]	,	b	_
6.6	896	[15]	τῆς	_	_
6.6	897	[1]	διοικούσης	_	_
6.6	898	[12]	δὲ	_	_
6.6	899	[8]	τὰς	_	_
6.6	900	[1]	φλέβας	_	_
6.6	901	[1]	δυνάμεως	_	_
6.6	902	[6]	ἡ	_	_
6.6	903	[4]	καρδία	_	_
6.6	904	[23]	.	b	_
6.6	905	[1]	ὅπου	_	_
6.6	906	[7]	γὰρ	_	_
6.6	907	[4]	οὐδὲ	_	_
6.6	908	[1]	ταῖς	_	_
6.6	909	[1]	ἀρτηρίαις	_	_
6.6	910	[6]	ἐκ	_	_
6.6	911	[7]	καρδίας	_	_
6.6	912	[1]	ἐμπέμπεσθαι	_	_
6.6	913	[2]	διὰ	_	_
6.6	914	[18]	τῶν	_	_
6.6	915	[1]	χιτώνων	_	_
6.6	916	[1]	ὁμολογεῖ	_	_
6.6	917	[17]	τὴν	_	_
6.6	918	[1]	δύναμιν	_	_
6.6	919	[73]	,	b	_
6.6	920	[1]	ἦπού	_	_
6.6	921	[3]	γε	_	_
6.6	922	[2]	ταῖς	_	_
6.6	923	[1]	φλεψὶν	_	_
6.6	924	[1]	ὁμολογήσει	_	_
6.6	925	[3]	;	b	_
6.6	926	[2]	εἴπερ	_	_
6.6	927	[4]	οὖν	_	_
6.6	928	[4]	ἀρχὴν	_	_
6.6	929	[1]	ἐκεῖνό	_	_
6.6	930	[1]	φαμεν	_	_
6.6	931	[7]	εἶναι	_	_
6.6	932	[22]	τὸ	_	_
6.6	933	[1]	μόριον	_	_
6.6	934	[74]	,	b	_
6.6	935	[2]	ὃ	_	_
6.6	936	[11]	τοῖς	_	_
6.6	937	[1]	ἀφ	_	_
6.6	938	[28]	’	b	_
6.6	939	[1]	ἑαυτοῦ	_	_
6.6	940	[1]	πεφυκόσιν	_	_
6.6	941	[1]	ἤτοι	_	_
6.6	942	[18]	τὴν	_	_
6.6	943	[2]	δύναμιν	_	_
6.6	944	[75]	,	b	_
6.6	945	[2]	ἢ	_	_
6.6	946	[1]	πάντως	_	_
6.6	947	[4]	γε	_	_
6.6	948	[19]	τὴν	_	_
6.6	949	[1]	ὕλην	_	_
6.6	950	[1]	χορηγήσει	_	_
6.6	951	[76]	,	b	_
6.6	952	[20]	τὴν	_	_
6.6	953	[8]	καρδίαν	_	_
6.6	954	[1]	οὐχ	_	_
6.6	955	[1]	οἷόν	_	_
6.6	956	[5]	τε	_	_
6.6	957	[1]	φάναι	_	_
6.6	958	[19]	τῶν	_	_
6.6	959	[4]	φλεβῶν	_	_
6.6	960	[2]	ἀρχήν	_	_
6.6	961	[24]	.	b	_
6.6	962	[3]	δύναμιν	_	_
6.6	963	[16]	μὲν	_	_
6.6	964	[8]	γὰρ	_	_
6.6	965	[1]	αὐταῖς	_	_
6.6	966	[2]	οὐ	_	_
6.6	967	[1]	χορηγεῖ	_	_
6.6	968	[6]	κατὰ	_	_
6.6	969	[7]	τὸν	_	_
6.6	970	[1]	Ἐρασίστρατον	_	_
6.6	971	[77]	,	b	_
6.6	972	[1]	ὅτι	_	_
6.6	973	[2]	μηδὲ	_	_
6.6	974	[3]	ταῖς	_	_
6.6	975	[2]	ἀρτηρίαις	_	_
6.6	976	[78]	,	b	_
6.6	977	[7]	ἡ	_	_
6.6	978	[11]	δ	_	_
6.6	979	[29]	’	b	_
6.6	980	[1]	ὕλη	_	_
6.6	981	[9]	τοῦ	_	_
6.6	982	[5]	αἵματος	_	_
6.6	983	[5]	ἐξ	_	_
6.6	984	[5]	ἥπατος	_	_
6.6	985	[2]	ὁρμᾶται	_	_
6.6	986	[1]	σαφῶς	_	_
6.6	987	[25]	.	b	_
6.6	988	[3]	οὐ	_	_
6.6	989	[3]	μὴν	_	_
6.6	990	[79]	,	b	_
6.6	991	[2]	ὅτι	_	_
6.6	992	[1]	πᾶσαι	_	_
6.6	993	[1]	περαίνουσιν	_	_
6.6	994	[17]	εἰς	_	_
6.6	995	[21]	τὴν	_	_
6.6	996	[9]	καρδίαν	_	_
6.6	997	[1]	αἱ	_	_
6.6	998	[1]	φλέβες	_	_
6.6	999	[80]	,	b	_
6.6	1000	[5]	ἀρχὴν	_	_
6.6	1001	[2]	αὐτῶν	_	_
6.6	1002	[2]	οἷόν	_	_
6.6	1003	[6]	τε	_	_
6.6	1004	[22]	τὴν	_	_
6.6	1005	[10]	καρδίαν	_	_
6.6	1006	[4]	αὐτὴν	_	_
6.6	1007	[2]	εἰπεῖν	_	_
6.6	1008	[5]	·	b	_
6.6	1009	[4]	οὐ	_	_
6.6	1010	[1]	περαίνουσι	_	_
6.6	1011	[9]	γὰρ	_	_
6.6	1012	[81]	,	b	_
6.6	1013	[11]	ὡς	_	_
6.6	1014	[1]	δέδεικται	_	_
6.6	1015	[1]	πρόσθεν	_	_
6.6	1016	[26]	.	b	_
6.6	1017	[2]	ἆρ	_	_
6.6	1018	[30]	’	b	_
6.6	1019	[5]	οὖν	_	_
6.6	1020	[82]	,	b	_
6.6	1021	[3]	ὅτι	_	_
6.6	1022	[7]	κατὰ	_	_
6.6	1023	[23]	τὴν	_	_
6.6	1024	[1]	πρώτην	_	_
6.6	1025	[1]	διάπλασιν	_	_
6.6	1026	[7]	ἐκ	_	_
6.6	1027	[8]	καρδίας	_	_
6.6	1028	[8]	ἡ	_	_
6.6	1029	[1]	γένεσις	_	_
6.6	1030	[3]	αὐτῶν	_	_
6.6	1031	[1]	ἐστιν	_	_
6.6	1032	[83]	,	b	_
6.6	1033	[3]	διὰ	_	_
6.6	1034	[2]	τοῦτ	_	_
6.6	1035	[31]	’	b	_
6.6	1036	[6]	ἀρχὴν	_	_
6.6	1037	[1]	ἕξουσι	_	_
6.6	1038	[24]	τὴν	_	_
6.6	1039	[11]	καρδίαν	_	_
6.6	1040	[2]	αἱ	_	_
6.6	1041	[2]	φλέβες	_	_
6.6	1042	[4]	;	b	_
6.6	1043	[4]	ἀλλ	_	_
6.6	1044	[32]	’	b	_
6.6	1045	[2]	οὔτε	_	_
6.6	1046	[2]	περὶ	_	_
6.6	1047	[16]	τῆς	_	_
6.6	1048	[1]	τοιαύτης	_	_
6.6	1049	[2]	ἀρχῆς	_	_
6.6	1050	[9]	ἡ	_	_
6.6	1051	[1]	ζήτησις	_	_
6.6	1052	[1]	ἦν	_	_
6.6	1053	[84]	,	b	_
6.6	1054	[12]	ὡς	_	_
6.6	1055	[4]	ἐν	_	_
6.6	1056	[9]	τῷ	_	_
6.6	1057	[1]	πρώτῳ	_	_
6.6	1058	[1]	γράμματι	_	_
6.6	1059	[1]	κατ	_	_
6.6	1060	[33]	’	b	_
6.6	1061	[1]	ἀρχὰς	_	_
6.6	1062	[1]	εὐθέως	_	_
6.6	1063	[1]	διώρισται	_	_
6.6	1064	[85]	,	b	_
6.6	1065	[19]	καὶ	_	_
6.6	1066	[5]	πρὸς	_	_
6.6	1067	[10]	τῷ	_	_
6.6	1068	[4]	μὴ	_	_
6.6	1069	[1]	ζητεῖσθαι	_	_
6.6	1070	[25]	τὴν	_	_
6.6	1071	[17]	τῆς	_	_
6.6	1072	[2]	γενέσεως	_	_
6.6	1073	[4]	αὐτῶν	_	_
6.6	1074	[7]	ἀρχὴν	_	_
6.6	1075	[1]	οὐδ	_	_
6.6	1076	[34]	’	b	_
6.6	1077	[1]	ἀπόδειξίν	_	_
6.6	1078	[2]	τινα	_	_
6.6	1079	[1]	ἐπεχείρησεν	_	_
6.6	1080	[1]	Ἐρασίστρατος	_	_
6.6	1081	[3]	εἰπεῖν	_	_
6.6	1082	[86]	,	b	_
6.6	1083	[13]	ὡς	_	_
6.6	1084	[8]	ἐκ	_	_
6.6	1085	[9]	καρδίας	_	_
6.6	1086	[10]	ἡ	_	_
6.6	1087	[2]	φύσις	_	_
6.6	1088	[5]	ἐν	_	_
6.6	1089	[11]	τῷ	_	_
6.6	1090	[1]	διαπλάττεσθαι	_	_
6.6	1091	[23]	τὸ	_	_
6.6	1092	[1]	ἔμβρυον	_	_
6.6	1093	[1]	ἐξέφυσε	_	_
6.6	1094	[24]	τὸ	_	_
6.6	1095	[1]	φλεβῶδες	_	_
6.6	1096	[1]	γένος	_	_
6.6	1097	[27]	.	b	_
6.6	1098	[5]	οὐ	_	_
6.6	1099	[4]	μὴν	_	_
6.6	1100	[2]	οὐδ	_	_
6.6	1101	[35]	’	b	_
6.6	1102	[7]	ἐπὶ	_	_
6.6	1103	[1]	νεύρων	_	_
6.6	1104	[1]	ἐζήτησε	_	_
6.6	1105	[26]	τὴν	_	_
6.6	1106	[1]	τοιαύτην	_	_
6.6	1107	[8]	ἀρχὴν	_	_
6.6	1108	[87]	,	b	_
6.6	1109	[2]	ὥσπερ	_	_
6.6	1110	[3]	οὐδ	_	_
6.6	1111	[36]	’	b	_
6.6	1112	[1]	ἐπ	_	_
6.6	1113	[37]	’	b	_
6.6	1114	[3]	ἀρτηριῶν	_	_
6.6	1115	[88]	,	b	_
6.6	1116	[2]	ἀλλὰ	_	_
6.6	1117	[1]	μόνης	_	_
6.6	1118	[18]	τῆς	_	_
6.6	1119	[8]	ἐπὶ	_	_
6.6	1120	[10]	τοῦ	_	_
6.6	1121	[1]	διαπεπλασμένου	_	_
6.6	1122	[1]	τελέως	_	_
6.6	1123	[2]	ζώου	_	_
6.6	1124	[1]	διοικήσεως	_	_
6.6	1125	[2]	ἀρχὰς	_	_
6.6	1126	[1]	ἀπεφῄνατο	_	_
6.6	1127	[19]	τῆς	_	_
6.6	1128	[17]	μὲν	_	_
6.6	1129	[20]	τῶν	_	_
6.6	1130	[4]	ἀρτηριῶν	_	_
6.6	1131	[1]	ἐνεργείας	_	_
6.6	1132	[27]	τὴν	_	_
6.6	1133	[12]	καρδίαν	_	_
6.6	1134	[89]	,	b	_
6.6	1135	[20]	τῆς	_	_
6.6	1136	[13]	δὲ	_	_
6.6	1137	[21]	τῶν	_	_
6.6	1138	[2]	νεύρων	_	_
6.6	1139	[28]	τὴν	_	_
6.6	1140	[1]	κεφαλήν	_	_
6.6	1141	[28]	.	b	_
6.6	1142	[1]	οὐκοῦν	_	_
6.6	1143	[5]	οὐδὲ	_	_
6.6	1144	[5]	φλεβῶν	_	_
6.6	1145	[1]	ἑτέρως	_	_
6.6	1146	[4]	ἂν	_	_
6.6	1147	[1]	ἔλεγεν	_	_
6.6	1148	[9]	ἀρχὴν	_	_
6.6	1149	[8]	εἶναι	_	_
6.6	1150	[29]	τὴν	_	_
6.6	1151	[13]	καρδίαν	_	_
6.6	1152	[29]	.	b	_
6.6	1153	[1]	εἰκότως	_	_
6.6	1154	[18]	μὲν	_	_
6.6	1155	[6]	οὖν	_	_
6.6	1156	[1]	ἀσαφὴς	_	_
6.6	1157	[11]	ἡ	_	_
6.6	1158	[1]	γνώμη	_	_
6.6	1159	[1]	τἀνδρός	_	_
6.6	1160	[2]	ἐστιν	_	_
6.6	1161	[12]	ἡ	_	_
6.6	1162	[3]	περὶ	_	_
6.6	1163	[22]	τῶν	_	_
6.6	1164	[6]	φλεβῶν	_	_
6.6	1165	[90]	,	b	_
6.6	1166	[2]	οὐδὲν	_	_
6.6	1167	[1]	εἰπόντος	_	_
6.6	1168	[3]	ὑπὲρ	_	_
6.6	1169	[6]	αἵματος	_	_
6.6	1170	[3]	γενέσεως	_	_
6.6	1171	[91]	,	b	_
6.6	1172	[5]	ἀλλ	_	_
6.6	1173	[38]	’	b	_
6.6	1174	[1]	ὅλην	_	_
6.6	1175	[1]	ταύτην	_	_
6.6	1176	[1]	παραλιπόντος	_	_
6.6	1177	[1]	ἄσκεπτον	_	_
6.6	1178	[30]	τὴν	_	_
6.6	1179	[1]	ἐνέργειαν	_	_
6.6	1180	[92]	,	b	_
6.6	1181	[1]	ἀναγκαιοτέραν	_	_
6.6	1182	[1]	οὖσαν	_	_
6.6	1183	[1]	μακρῷ	_	_
6.6	1184	[12]	τοῖς	_	_
6.6	1185	[2]	ζώοις	_	_
6.6	1186	[21]	τῆς	_	_
6.6	1187	[8]	κατὰ	_	_
6.6	1188	[31]	τὴν	_	_
6.6	1189	[1]	γαστέρα	_	_
6.6	1190	[30]	.	b	_
6.6	1191	[1]	ζῇν	_	_
6.6	1192	[19]	μὲν	_	_
6.6	1193	[10]	γὰρ	_	_
6.6	1194	[3]	οἷόν	_	_
6.6	1195	[1]	τ	_	_
6.6	1196	[39]	’	b	_
6.6	1197	[1]	ἐστὶν	_	_
6.6	1198	[3]	ἡμῖν	_	_
6.6	1199	[93]	,	b	_
6.6	1200	[1]	εἰ	_	_
6.6	1201	[20]	καὶ	_	_
6.6	1202	[3]	μηδὲ	_	_
6.6	1203	[1]	ὅλως	_	_
6.6	1204	[13]	ἡ	_	_
6.6	1205	[1]	γαστὴρ	_	_
6.6	1206	[1]	τρίβῃ	_	_
6.6	1207	[9]	τὰ	_	_
6.6	1208	[1]	σιτία	_	_
6.6	1209	[31]	.	b	_
6.6	1210	[1]	δυναμένοις	_	_
6.6	1211	[5]	γε	_	_
6.6	1212	[1]	προσφέρεσθαι	_	_
6.6	1213	[1]	χυλοὺς	_	_
6.6	1214	[94]	,	b	_
6.6	1215	[14]	ὡς	_	_
6.6	1216	[6]	ἐν	_	_
6.6	1217	[1]	πολλοῖς	_	_
6.6	1218	[1]	ἔθνεσι	_	_
6.6	1219	[1]	γάλα	_	_
6.6	1220	[6]	·	b	_
6.6	1221	[1]	τεθνάναι	_	_
6.6	1222	[12]	δ	_	_
6.6	1223	[40]	’	b	_
6.6	1224	[1]	ἀναγκαῖον	_	_
6.6	1225	[95]	,	b	_
6.6	1226	[2]	εἰ	_	_
6.6	1227	[14]	ἡ	_	_
6.6	1228	[11]	τοῦ	_	_
6.6	1229	[7]	αἵματος	_	_
6.6	1230	[1]	ἀπόλοιτο	_	_
6.6	1231	[2]	γένεσις	_	_
6.6	1232	[96]	,	b	_
6.6	1233	[1]	ἣν	_	_
6.6	1234	[3]	οὔτε	_	_
6.6	1235	[3]	εἰ	_	_
6.6	1236	[25]	τὸ	_	_
6.6	1237	[1]	ἧπαρ	_	_
6.6	1238	[97]	,	b	_
6.6	1239	[1]	οὔθ	_	_
6.6	1240	[41]	’	b	_
6.6	1241	[3]	αἱ	_	_
6.6	1242	[3]	φλέβες	_	_
6.6	1243	[98]	,	b	_
6.6	1244	[2]	οὔθ	_	_
6.6	1245	[42]	’	b	_
6.6	1246	[15]	ἡ	_	_
6.6	1247	[5]	καρδία	_	_
6.6	1248	[1]	πεπίστευται	_	_
6.6	1249	[99]	,	b	_
6.6	1250	[2]	σαφῶς	_	_
6.6	1251	[1]	ἐτόλμησεν	_	_
6.6	1252	[1]	ἀποφῄνασθαι	_	_
6.6	1253	[7]	·	b	_
6.6	1254	[2]	τοσοῦτον	_	_
6.6	1255	[1]	ἀποδεῖ	_	_
6.6	1256	[1]	προσθεῖναί	_	_
6.6	1257	[3]	τινα	_	_
6.6	1258	[2]	ἀπόδειξιν	_	_
6.6	1259	[12]	τῷ	_	_
6.6	1260	[3]	λόγῳ	_	_
6.6	1261	[32]	.	b	_
6.6	1262	[6]	οὐ	_	_
6.6	1263	[1]	μόνον	_	_
6.6	1264	[14]	δὲ	_	_
6.6	1265	[2]	ταύτην	_	_
6.6	1266	[32]	τὴν	_	_
6.6	1267	[2]	ἐνέργειαν	_	_
6.6	1268	[1]	ἀλλοιοῦσαν	_	_
6.6	1269	[10]	τὰ	_	_
6.6	1270	[2]	σιτία	_	_
6.6	1271	[9]	κατὰ	_	_
6.6	1272	[1]	ποιότητα	_	_
6.6	1273	[1]	διελθεῖν	_	_
6.6	1274	[1]	ὠλιγώρησεν	_	_
6.6	1275	[100]	,	b	_
6.6	1276	[3]	ἀλλὰ	_	_
6.6	1277	[21]	καὶ	_	_
6.6	1278	[33]	τὴν	_	_
6.6	1279	[1]	θρέψιν	_	_
6.6	1280	[1]	ὁμοίως	_	_
6.6	1281	[1]	γιγνομένην	_	_
6.6	1282	[1]	ἐπιχειρήσας	_	_
6.6	1283	[1]	ἐξηγεῖσθαι	_	_
6.6	1284	[1]	μᾶλλον	_	_
6.6	1285	[2]	πάντων	_	_
6.6	1286	[3]	ἢ	_	_
6.6	1287	[1]	ἀλλοιώσεως	_	_
6.6	1288	[1]	ἐμνημόνευσεν	_	_
6.6	1289	[33]	.	b	_
6.6	1290	[4]	εἰ	_	_
6.6	1291	[15]	δὲ	_	_
6.6	1292	[1]	ταύτης	_	_
6.6	1293	[2]	ἐμνημόνευσεν	_	_
6.6	1294	[101]	,	b	_
6.6	1295	[1]	εὐθὺς	_	_
6.6	1296	[5]	ἂν	_	_
6.6	1297	[102]	,	b	_
6.6	1298	[2]	οἶμαι	_	_
6.6	1299	[103]	,	b	_
6.6	1300	[22]	καὶ	_	_
6.6	1301	[4]	τοῦτο	_	_
6.6	1302	[1]	συνεπενόησεν	_	_
6.6	1303	[104]	,	b	_
6.6	1304	[4]	ὅτι	_	_
6.6	1305	[1]	πᾶσι	_	_
6.6	1306	[13]	τοῖς	_	_
6.6	1307	[1]	ὑπό	_	_
6.6	1308	[1]	τινος	_	_
6.6	1309	[1]	ἀλλοιουμένοις	_	_
6.6	1310	[18]	εἰς	_	_
6.6	1311	[34]	τὴν	_	_
6.6	1312	[23]	τῶν	_	_
6.6	1313	[1]	ἀλλοιούντων	_	_
6.6	1314	[1]	ἰδέαν	_	_
6.6	1315	[16]	ἡ	_	_
6.6	1316	[1]	μεταβολὴ	_	_
6.6	1317	[1]	γίγνεται	_	_
6.6	1318	[34]	.	b	_
6.6	1319	[2]	καθάπερ	_	_
6.6	1320	[11]	γὰρ	_	_
6.6	1321	[26]	τὸ	_	_
6.6	1322	[1]	πῦρ	_	_
6.6	1323	[1]	ὁμοιῶσαν	_	_
6.6	1324	[1]	ἑαυτῷ	_	_
6.6	1325	[27]	τὸ	_	_
6.6	1326	[1]	ξύλον	_	_
6.6	1327	[6]	ἐξ	_	_
6.6	1328	[2]	ἑαυτοῦ	_	_
6.6	1329	[3]	ἅμα	_	_
6.6	1330	[1]	γένεσίν	_	_
6.6	1331	[7]	τε	_	_
6.6	1332	[23]	καὶ	_	_
6.6	1333	[1]	τροφὴν	_	_
6.6	1334	[1]	ἴσχει	_	_
6.6	1335	[105]	,	b	_
6.6	1336	[10]	κατὰ	_	_
6.6	1337	[8]	τὸν	_	_
6.6	1338	[1]	αὐτὸν	_	_
6.6	1339	[1]	ὁρᾶται	_	_
6.6	1340	[1]	τρόπον	_	_
6.6	1341	[24]	καὶ	_	_
6.6	1342	[11]	τὰ	_	_
6.6	1343	[1]	φυτὰ	_	_
6.6	1344	[25]	καὶ	_	_
6.6	1345	[12]	τὰ	_	_
6.6	1346	[1]	ζῶα	_	_
6.6	1347	[35]	τὴν	_	_
6.6	1348	[2]	τροφὴν	_	_
6.6	1349	[1]	ἑαυτοῖς	_	_
6.6	1350	[1]	ὁμοιοῦντα	_	_
6.6	1351	[35]	.	b	_
6.6	1352	[1]	δηλοῦται	_	_
6.6	1353	[16]	δὲ	_	_
6.6	1354	[5]	τοῦτο	_	_
6.6	1355	[26]	καὶ	_	_
6.6	1356	[9]	ἐκ	_	_
6.6	1357	[24]	τῶν	_	_
6.6	1358	[1]	ἡμιπέπτων	_	_
6.6	1359	[1]	περιττωμάτων	_	_
6.6	1360	[106]	,	b	_
6.6	1361	[1]	ὁμοίων	_	_
6.6	1362	[1]	ἀεὶ	_	_
6.6	1363	[1]	γιγνομένων	_	_
6.6	1364	[14]	τοῖς	_	_
6.6	1365	[1]	τρεφομένοις	_	_
6.6	1366	[1]	σώμασιν	_	_
6.6	1367	[107]	,	b	_
6.6	1368	[1]	ὧν	_	_
6.6	1369	[5]	ἐστι	_	_
6.6	1370	[1]	περιττώματα	_	_
6.6	1371	[36]	.	b	_
6.6	1372	[1]	φυσικώτερος	_	_
6.6	1373	[20]	μὲν	_	_
6.6	1374	[7]	οὖν	_	_
6.6	1375	[3]	ὁ	_	_
6.6	1376	[2]	λόγος	_	_
6.6	1377	[1]	ἐστὶ	_	_
6.6	1378	[27]	καὶ	_	_
6.6	1379	[1]	δεόμενος	_	_
6.6	1380	[1]	ἀκοῶν	_	_
6.6	1381	[1]	προγεγυμνασμένων	_	_
6.6	1382	[7]	ἐν	_	_
6.6	1383	[15]	τοῖς	_	_
6.6	1384	[4]	περὶ	_	_
6.6	1385	[25]	τῶν	_	_
6.6	1386	[1]	φυσικῶν	_	_
6.6	1387	[1]	δυνάμεων	_	_
6.6	1388	[1]	λογισμοῖς	_	_
6.6	1389	[108]	,	b	_
6.6	1390	[2]	οὓς	_	_
6.6	1391	[2]	ἰδίᾳ	_	_
6.6	1392	[1]	διήλθομεν	_	_
6.6	1393	[1]	ἑτέρωθι	_	_
6.6	1394	[109]	,	b	_
6.6	1395	[1]	λεχθήσεται	_	_
6.6	1396	[17]	δὲ	_	_
6.6	1397	[28]	καὶ	_	_
6.6	1398	[3]	νῦν	_	_
6.6	1399	[1]	ὀλίγον	_	_
6.6	1400	[1]	ὕστερον	_	_
6.6	1401	[37]	.	b	_
6.6	1402	[8]	ἐν	_	_
6.6	1403	[18]	δὲ	_	_
6.6	1404	[13]	τῷ	_	_
6.6	1405	[1]	παρόντι	_	_
6.6	1406	[1]	συντελέσαι	_	_
6.6	1407	[1]	βούλομαι	_	_
6.6	1408	[9]	τὸν	_	_
6.6	1409	[4]	ὑπὲρ	_	_
6.6	1410	[22]	τῆς	_	_
6.6	1411	[4]	Ἐρασιστράτου	_	_
6.6	1412	[1]	γνώμης	_	_
6.6	1413	[3]	ἅπαντα	_	_
6.6	1414	[4]	λόγον	_	_
6.6	1415	[110]	,	b	_
6.6	1416	[2]	ᾧ	_	_
6.6	1417	[1]	ἀποδέδεικται	_	_
6.6	1418	[111]	,	b	_
6.6	1419	[15]	ὡς	_	_
6.6	1420	[11]	κατὰ	_	_
6.6	1421	[36]	τὴν	_	_
6.6	1422	[2]	πρώτην	_	_
6.6	1423	[9]	ἐν	_	_
6.6	1424	[3]	τῇ	_	_
6.6	1425	[1]	μήτρᾳ	_	_
6.6	1426	[26]	τῶν	_	_
6.6	1427	[1]	ἐμβρύων	_	_
6.6	1428	[2]	διάπλασιν	_	_
6.6	1429	[8]	οὐκ	_	_
6.6	1430	[10]	ἐκ	_	_
6.6	1431	[23]	τῆς	_	_
6.6	1432	[10]	καρδίας	_	_
6.6	1433	[4]	αἱ	_	_
6.6	1434	[4]	φλέβες	_	_
6.6	1435	[1]	ἴσχουσι	_	_
6.6	1436	[37]	τὴν	_	_
6.6	1437	[1]	γένεσιν	_	_
6.6	1438	[38]	.	b	_
6.6	1439	[1]	ἅπασαι	_	_
6.6	1440	[12]	γὰρ	_	_
6.6	1441	[5]	αἱ	_	_
6.6	1442	[12]	κατὰ	_	_
6.6	1443	[28]	τὸ	_	_
6.6	1444	[1]	χορίον	_	_
6.6	1445	[5]	φλέβες	_	_
6.6	1446	[112]	,	b	_
6.6	1447	[6]	αἱ	_	_
6.6	1448	[1]	συνάπτουσαι	_	_
6.6	1449	[4]	τῇ	_	_
6.6	1450	[2]	μήτρᾳ	_	_
6.6	1451	[29]	τὸ	_	_
6.6	1452	[1]	κυούμενον	_	_
6.6	1453	[113]	,	b	_
6.6	1454	[1]	ἀποβλαστήματ	_	_
6.6	1455	[43]	’	b	_
6.6	1456	[2]	εἰσὶ	_	_
6.6	1457	[1]	μιᾶς	_	_
6.6	1458	[1]	μεγίστης	_	_
6.6	1459	[2]	φλεβὸς	_	_
6.6	1460	[7]	ἐξ	_	_
6.6	1461	[6]	ἥπατος	_	_
6.6	1462	[1]	ὡρμημένης	_	_
6.6	1463	[39]	.	b	_
6.6	1464	[1]	αὕτη	_	_
6.6	1465	[13]	δ	_	_
6.6	1466	[44]	’	b	_
6.6	1467	[3]	ὥσπερ	_	_
6.6	1468	[2]	τι	_	_
6.6	1469	[1]	στέλεχος	_	_
6.6	1470	[9]	ἐπὶ	_	_
6.6	1471	[1]	πτόρθων	_	_
6.6	1472	[1]	παμπόλλων	_	_
6.6	1473	[27]	τῶν	_	_
6.6	1474	[8]	ἐξ	_	_
6.6	1475	[2]	αὐτῆς	_	_
6.6	1476	[1]	ἐκπεφυκότων	_	_
6.6	1477	[3]	ἀγγείων	_	_
6.6	1478	[19]	εἰς	_	_
6.6	1479	[30]	τὸ	_	_
6.6	1480	[2]	χορίον	_	_
6.6	1481	[114]	,	b	_
6.6	1482	[1]	ἄχρι	_	_
6.6	1483	[1]	πλείστου	_	_
6.6	1484	[21]	μὲν	_	_
6.6	1485	[1]	ἄσχιστος	_	_
6.6	1486	[29]	καὶ	_	_
6.6	1487	[1]	μία	_	_
6.6	1488	[1]	μένουσα	_	_
6.6	1489	[115]	,	b	_
6.6	1490	[1]	διεξέρχεται	_	_
6.6	1491	[2]	μέγα	_	_
6.6	1492	[1]	διάστημα	_	_
6.6	1493	[31]	τὸ	_	_
6.6	1494	[2]	κατ	_	_
6.6	1495	[45]	’	b	_
6.6	1496	[1]	αὐτὸ	_	_
6.6	1497	[32]	τὸ	_	_
6.6	1498	[2]	σπλάγχνον	_	_
6.6	1499	[116]	,	b	_
6.6	1500	[1]	ἀνίσχουσα	_	_
6.6	1501	[14]	δ	_	_
6.6	1502	[46]	’	b	_
6.6	1503	[2]	ἤδη	_	_
6.6	1504	[6]	πρὸς	_	_
6.6	1505	[1]	τοὐκτὸς	_	_
6.6	1506	[8]	ἕτερον	_	_
6.6	1507	[1]	μέγιστον	_	_
6.6	1508	[2]	διάστημα	_	_
6.6	1509	[2]	διεξέρχεται	_	_
6.6	1510	[1]	δίχα	_	_
6.6	1511	[1]	σχισθεῖσα	_	_
6.6	1512	[1]	διττοῖς	_	_
6.6	1513	[117]	,	b	_
6.6	1514	[30]	καὶ	_	_
6.6	1515	[6]	τοῦτο	_	_
6.6	1516	[1]	ὁριζόμενον	_	_
6.6	1517	[1]	ἑνὶ	_	_
6.6	1518	[22]	μὲν	_	_
6.6	1519	[118]	,	b	_
6.6	1520	[3]	ᾧ	_	_
6.6	1521	[4]	νῦν	_	_
6.6	1522	[2]	δὴ	_	_
6.6	1523	[1]	πέπαυμαι	_	_
6.6	1524	[1]	λέγων	_	_
6.6	1525	[119]	,	b	_
6.6	1526	[2]	ὅταν	_	_
6.6	1527	[1]	ἀνίσχῃ	_	_
6.6	1528	[2]	πρῶτον	_	_
6.6	1529	[4]	ἔξω	_	_
6.6	1530	[12]	τοῦ	_	_
6.6	1531	[1]	δέρματος	_	_
6.6	1532	[120]	,	b	_
6.6	1533	[1]	ἑτέρῳ	_	_
6.6	1534	[15]	δ	_	_
6.6	1535	[47]	’	b	_
6.6	1536	[121]	,	b	_
6.6	1537	[3]	ὅταν	_	_
6.6	1538	[1]	ὑπερκύψῃ	_	_
6.6	1539	[10]	τὸν	_	_
6.6	1540	[1]	ἀμνειόν	_	_
6.6	1541	[40]	.	b	_
6.6	1542	[17]	ἡ	_	_
6.6	1543	[13]	γὰρ	_	_
6.6	1544	[4]	διὰ	_	_
6.6	1545	[1]	τούτου	_	_
6.6	1546	[1]	διέξοδος	_	_
6.6	1547	[1]	ἅπασα	_	_
6.6	1548	[38]	τὴν	_	_
6.6	1549	[1]	ἀπὸ	_	_
6.6	1550	[13]	τοῦ	_	_
6.6	1551	[7]	ἥπατος	_	_
6.6	1552	[10]	ἐπὶ	_	_
6.6	1553	[11]	τὸν	_	_
6.6	1554	[1]	ὀμφαλὸν	_	_
6.6	1555	[1]	ἐνηνεγμένην	_	_
6.6	1556	[2]	φλέβα	_	_
6.6	1557	[1]	περιέχει	_	_
6.6	1558	[1]	γενομένην	_	_
6.6	1559	[20]	εἰς	_	_
6.6	1560	[3]	δύο	_	_
6.6	1561	[41]	.	b	_
6.6	1562	[1]	τρίτη	_	_
6.6	1563	[16]	δ	_	_
6.6	1564	[48]	’	b	_
6.6	1565	[1]	ἄλλη	_	_
6.6	1566	[1]	χώρα	_	_
6.6	1567	[9]	τὰς	_	_
6.6	1568	[4]	δύο	_	_
6.6	1569	[1]	ταύτας	_	_
6.6	1570	[1]	ἐκδέχεται	_	_
6.6	1571	[2]	φλέβας	_	_
6.6	1572	[122]	,	b	_
6.6	1573	[18]	ἡ	_	_
6.6	1574	[13]	κατὰ	_	_
6.6	1575	[33]	τὸ	_	_
6.6	1576	[3]	χορίον	_	_
6.6	1577	[123]	,	b	_
6.6	1578	[1]	οὐκέτι	_	_
6.6	1579	[1]	μενούσας	_	_
6.6	1580	[5]	δύο	_	_
6.6	1581	[42]	.	b	_
6.6	1582	[1]	σχίζεται	_	_
6.6	1583	[14]	γὰρ	_	_
6.6	1584	[1]	ἑκατέρα	_	_
6.6	1585	[1]	πολυειδῶς	_	_
6.6	1586	[21]	εἰς	_	_
6.6	1587	[1]	παμπόλλας	_	_
6.6	1588	[1]	ἄλλας	_	_
6.6	1589	[1]	ἀλλαχόσε	_	_
6.6	1590	[14]	τοῦ	_	_
6.6	1591	[1]	χορίου	_	_
6.6	1592	[1]	διασπειρομένας	_	_
6.6	1593	[43]	.	b	_
6.6	1594	[4]	αὖθις	_	_
6.6	1595	[17]	δ	_	_
6.6	1596	[49]	’	b	_
6.6	1597	[1]	ἀπ	_	_
6.6	1598	[50]	’	b	_
6.6	1599	[1]	ἐκείνων	_	_
6.6	1600	[1]	ἕτεραί	_	_
6.6	1601	[2]	τινες	_	_
6.6	1602	[124]	,	b	_
6.6	1603	[1]	εἶτ	_	_
6.6	1604	[51]	’	b	_
6.6	1605	[2]	ἀπ	_	_
6.6	1606	[52]	’	b	_
6.6	1607	[2]	ἐκείνων	_	_
6.6	1608	[1]	ἄλλαι	_	_
6.6	1609	[1]	γεννῶνται	_	_
6.6	1610	[125]	,	b	_
6.6	1611	[3]	καθάπερ	_	_
6.6	1612	[1]	οἱ	_	_
6.6	1613	[1]	κλῶνες	_	_
6.6	1614	[2]	ἀπὸ	_	_
6.6	1615	[28]	τῶν	_	_
6.6	1616	[2]	πτόρθων	_	_
6.6	1617	[126]	,	b	_
6.6	1618	[1]	ἄχρις	_	_
6.6	1619	[6]	ἂν	_	_
6.6	1620	[22]	εἰς	_	_
6.6	1621	[1]	μικρότατα	_	_
6.6	1622	[1]	τελευτήσωσιν	_	_
6.6	1623	[1]	ἀγγεῖα	_	_
6.6	1624	[127]	,	b	_
6.6	1625	[10]	τὰς	_	_
6.6	1626	[1]	οἷον	_	_
6.6	1627	[1]	ἐσχάτας	_	_
6.6	1628	[3]	φλέβας	_	_
6.6	1629	[11]	τὰς	_	_
6.6	1630	[15]	τοῦ	_	_
6.6	1631	[1]	φυτοῦ	_	_
6.6	1632	[44]	.	b	_
6.6	1633	[1]	οἰκειότερον	_	_
6.6	1634	[18]	δ	_	_
6.6	1635	[53]	’	b	_
6.6	1636	[2]	ἦν	_	_
6.6	1637	[1]	ἄρα	_	_
6.6	1638	[128]	,	b	_
6.6	1639	[3]	μήτε	_	_
6.6	1640	[39]	τὴν	_	_
6.6	1641	[11]	ἐκ	_	_
6.6	1642	[16]	τοῦ	_	_
6.6	1643	[8]	ἥπατος	_	_
6.6	1644	[1]	ὁρμηθεῖσαν	_	_
6.6	1645	[3]	φλέβα	_	_
6.6	1646	[1]	πρέμνῳ	_	_
6.6	1647	[1]	προσεικάζειν	_	_
6.6	1648	[23]	εἰς	_	_
6.6	1649	[1]	πολλοὺς	_	_
6.6	1650	[1]	κλάδους	_	_
6.6	1651	[1]	σχιζομένῳ	_	_
6.6	1652	[129]	,	b	_
6.6	1653	[4]	μήτε	_	_
6.6	1654	[12]	τὰς	_	_
6.6	1655	[2]	ἐσχάτας	_	_
6.6	1656	[1]	τελευτὰς	_	_
6.6	1657	[1]	βλαστήμασιν	_	_
6.6	1658	[130]	,	b	_
6.6	1659	[4]	ἀλλὰ	_	_
6.6	1660	[2]	ταύτας	_	_
6.6	1661	[23]	μὲν	_	_
6.6	1662	[1]	αὐτοῖς	_	_
6.6	1663	[16]	τοῖς	_	_
6.6	1664	[1]	πέρασι	_	_
6.6	1665	[29]	τῶν	_	_
6.6	1666	[1]	ῥιζῶν	_	_
6.6	1667	[17]	τοῖς	_	_
6.6	1668	[24]	εἰς	_	_
6.6	1669	[40]	τὴν	_	_
6.6	1670	[1]	γῆν	_	_
6.6	1671	[1]	ἐμπεφυκόσι	_	_
6.6	1672	[131]	,	b	_
6.6	1673	[41]	τὴν	_	_
6.6	1674	[1]	μεγίστην	_	_
6.6	1675	[19]	δὲ	_	_
6.6	1676	[4]	φλέβα	_	_
6.6	1677	[5]	τῇ	_	_
6.6	1678	[1]	συμπάσῃ	_	_
6.6	1679	[24]	τῆς	_	_
6.6	1680	[1]	ῥιζώσεως	_	_
6.6	1681	[1]	ἀρχῇ	_	_
6.6	1682	[45]	.	b	_
6.6	1683	[1]	φαίνονται	_	_
6.6	1684	[1]	γάρ	_	_
6.6	1685	[1]	πως	_	_
6.6	1686	[25]	εἰς	_	_
6.6	1687	[42]	τὴν	_	_
6.6	1688	[1]	μήτραν	_	_
6.6	1689	[7]	αἱ	_	_
6.6	1690	[1]	τελευταὶ	_	_
6.6	1691	[30]	τῶν	_	_
6.6	1692	[7]	φλεβῶν	_	_
6.6	1693	[1]	ἐῤῥιζωμέναι	_	_
6.6	1694	[3]	τροφὴν	_	_
6.6	1695	[9]	ἐξ	_	_
6.6	1696	[3]	αὐτῆς	_	_
6.6	1697	[8]	αἷμα	_	_
6.6	1698	[1]	ἀναφέρειν	_	_
6.6	1699	[11]	ἐπὶ	_	_
6.6	1700	[34]	τὸ	_	_
6.6	1701	[2]	ἧπαρ	_	_
6.6	1702	[132]	,	b	_
6.6	1703	[16]	ὡς	_	_
6.6	1704	[10]	ἀρχὴν	_	_
6.6	1705	[1]	ἅπαντος	_	_
6.6	1706	[17]	τοῦ	_	_
6.6	1707	[2]	φυτοῦ	_	_
6.6	1708	[46]	.	b	_
6.6	1709	[5]	εἰ	_	_
6.6	1710	[19]	δ	_	_
6.6	1711	[54]	’	b	_
6.6	1712	[7]	οὐ	_	_
6.6	1713	[1]	βούλει	_	_
6.6	1714	[35]	τὸ	_	_
6.6	1715	[3]	ἧπαρ	_	_
6.6	1716	[11]	ἀρχὴν	_	_
6.6	1717	[1]	θέσθαι	_	_
6.6	1718	[133]	,	b	_
6.6	1719	[6]	τῇ	_	_
6.6	1720	[2]	καρδίᾳ	_	_
6.6	1721	[24]	μὲν	_	_
6.6	1722	[1]	οὐδαμῶς	_	_
6.6	1723	[7]	ἂν	_	_
6.6	1724	[1]	ἔχοις	_	_
6.6	1725	[1]	ἔτι	_	_
6.6	1726	[1]	προσνέμειν	_	_
6.6	1727	[43]	τὴν	_	_
6.6	1728	[12]	ἀρχὴν	_	_
6.6	1729	[134]	,	b	_
6.6	1730	[1]	ἀναγκασθήσῃ	_	_
6.6	1731	[20]	δὲ	_	_
6.6	1732	[1]	πάντα	_	_
6.6	1733	[13]	τὰ	_	_
6.6	1734	[26]	εἰς	_	_
6.6	1735	[44]	τὴν	_	_
6.6	1736	[2]	μήτραν	_	_
6.6	1737	[1]	ἐμφυόμενα	_	_
6.6	1738	[1]	πέρατα	_	_
6.6	1739	[45]	τὴν	_	_
6.6	1740	[13]	ἀρχὴν	_	_
6.6	1741	[1]	ἀποφήνασθαι	_	_
6.6	1742	[31]	τῶν	_	_
6.6	1743	[8]	φλεβῶν	_	_
6.6	1744	[47]	.	b	_
6.6	1745	[5]	ἀλλὰ	_	_
6.6	1746	[6]	εἰ	_	_
6.6	1747	[7]	τοῦτο	_	_
6.6	1748	[135]	,	b	_
6.6	1749	[31]	καὶ	_	_
6.6	1750	[46]	τὴν	_	_
6.6	1751	[32]	τῶν	_	_
6.6	1752	[5]	ἀρτηριῶν	_	_
6.6	1753	[14]	ἀρχὴν	_	_
6.6	1754	[2]	ἀναγκαῖον	_	_
6.6	1755	[1]	ἔσται	_	_
6.6	1756	[1]	σοι	_	_
6.6	1757	[14]	τὰ	_	_
6.6	1758	[27]	εἰς	_	_
6.6	1759	[13]	τὰς	_	_
6.6	1760	[1]	μήτρας	_	_
6.6	1761	[1]	καθήκοντα	_	_
6.6	1762	[2]	πέρατα	_	_
6.6	1763	[2]	θέσθαι	_	_
6.6	1764	[47]	τὴν	_	_
6.6	1765	[14]	καρδίαν	_	_
6.6	1766	[1]	ὑπερβάντι	_	_
6.6	1767	[48]	.	b	_
6.6	1768	[1]	δεῖξον	_	_
6.6	1769	[8]	οὖν	_	_
6.6	1770	[4]	ἡμῖν	_	_
6.6	1771	[2]	ἔτι	_	_
6.6	1772	[32]	καὶ	_	_
6.6	1773	[48]	τὴν	_	_
6.6	1774	[33]	τῶν	_	_
6.6	1775	[3]	νεύρων	_	_
6.6	1776	[15]	ἀρχὴν	_	_
6.6	1777	[12]	ἐκ	_	_
6.6	1778	[34]	τῶν	_	_
6.6	1779	[5]	αὐτῶν	_	_
6.6	1780	[1]	ὁρμωμένην	_	_
6.6	1781	[49]	.	b	_
6.6	1782	[6]	ἀλλ	_	_
6.6	1783	[55]	’	b	_
6.6	1784	[1]	ὅμως	_	_
6.6	1785	[2]	οὔτ	_	_
6.6	1786	[56]	’	b	_
6.6	1787	[1]	ἐστί	_	_
6.6	1788	[3]	τι	_	_
6.6	1789	[1]	νεῦρον	_	_
6.6	1790	[2]	ἐκφυόμενον	_	_
6.6	1791	[25]	τῆς	_	_
6.6	1792	[2]	μήτρας	_	_
6.6	1793	[28]	εἰς	_	_
6.6	1794	[4]	χορίον	_	_
6.6	1795	[136]	,	b	_
6.6	1796	[3]	οὔτ	_	_
6.6	1797	[57]	’	b	_
6.6	1798	[10]	ἐν	_	_
6.6	1799	[14]	τῷ	_	_
6.6	1800	[1]	χορίῳ	_	_
6.6	1801	[3]	φαινόμενον	_	_
6.6	1802	[137]	,	b	_
6.6	1803	[4]	οὔτε	_	_
6.6	1804	[14]	κατὰ	_	_
6.6	1805	[12]	τὸν	_	_
6.6	1806	[2]	ὀμφαλὸν	_	_
6.6	1807	[4]	ἢ	_	_
6.6	1808	[4]	ἔξωθεν	_	_
6.6	1809	[4]	ἔσω	_	_
6.6	1810	[1]	χωροῦν	_	_
6.6	1811	[138]	,	b	_
6.6	1812	[5]	ἢ	_	_
6.6	1813	[3]	ἔσωθεν	_	_
6.6	1814	[5]	ἔξω	_	_
6.6	1815	[1]	προερχόμενον	_	_
6.6	1816	[50]	.	b	_
6.6	1817	[6]	οὐδὲ	_	_
6.6	1818	[15]	γὰρ	_	_
6.6	1819	[3]	ἦν	_	_
6.6	1820	[2]	ὅλως	_	_
6.6	1821	[1]	χρεία	_	_
6.6	1822	[49]	τὴν	_	_
6.6	1823	[35]	τῶν	_	_
6.6	1824	[4]	νεύρων	_	_
6.6	1825	[16]	ἀρχὴν	_	_
6.6	1826	[18]	τοῦ	_	_
6.6	1827	[1]	γεννωμένου	_	_
6.6	1828	[1]	συναφθῆναι	_	_
6.6	1829	[7]	τῇ	_	_
6.6	1830	[3]	μήτρᾳ	_	_
6.6	1831	[139]	,	b	_
6.6	1832	[4]	καθάπερ	_	_
6.6	1833	[50]	τὴν	_	_
6.6	1834	[36]	τῶν	_	_
6.6	1835	[6]	ἀρτηριῶν	_	_
6.6	1836	[8]	τε	_	_
6.6	1837	[33]	καὶ	_	_
6.6	1838	[9]	φλεβῶν	_	_
6.6	1839	[51]	.	b	_
6.6	1840	[1]	αὗται	_	_
6.6	1841	[25]	μὲν	_	_
6.6	1842	[16]	γὰρ	_	_
6.6	1843	[1]	δέονται	_	_
6.6	1844	[37]	τῶν	_	_
6.6	1845	[13]	ἐκ	_	_
6.6	1846	[26]	τῆς	_	_
6.6	1847	[1]	κυούσης	_	_
6.6	1848	[3]	ὑλῶν	_	_
6.6	1849	[140]	,	b	_
6.6	1850	[19]	ἡ	_	_
6.6	1851	[20]	δ	_	_
6.6	1852	[58]	’	b	_
6.6	1853	[2]	ἀρχὴ	_	_
6.6	1854	[38]	τῶν	_	_
6.6	1855	[5]	νεύρων	_	_
6.6	1856	[8]	οὐ	_	_
6.6	1857	[1]	δεῖται	_	_
6.6	1858	[52]	.	b	_
6.6	1859	[2]	δέδεικται	_	_
6.6	1860	[21]	δὲ	_	_
6.6	1861	[1]	κᾀν	_	_
6.6	1862	[18]	τοῖς	_	_
6.6	1863	[1]	ἔμπροσθεν	_	_
6.6	1864	[3]	ἤδη	_	_
6.6	1865	[1]	λόγοις	_	_
6.6	1866	[5]	ὑπὲρ	_	_
6.6	1867	[19]	τοῦ	_	_
6.6	1868	[15]	τὰ	_	_
6.6	1869	[1]	μέγιστα	_	_
6.6	1870	[39]	τῶν	_	_
6.6	1871	[4]	ἀγγείων	_	_
6.6	1872	[3]	ἀρχὰς	_	_
6.6	1873	[9]	εἶναι	_	_
6.6	1874	[19]	τοῖς	_	_
6.6	1875	[1]	ἐλάττοσιν	_	_
6.6	1876	[53]	.	b	_
6.6	1877	[1]	ὥστε	_	_
6.6	1878	[34]	καὶ	_	_
6.6	1879	[20]	ἡ	_	_
6.6	1880	[14]	ἐκ	_	_
6.6	1881	[20]	τοῦ	_	_
6.6	1882	[9]	ἥπατος	_	_
6.6	1883	[1]	ἐκφυομένη	_	_
6.6	1884	[1]	φλὲψ	_	_
6.6	1885	[3]	ἀρχὴ	_	_
6.6	1886	[4]	ταῖς	_	_
6.6	1887	[15]	κατὰ	_	_
6.6	1888	[36]	τὸ	_	_
6.6	1889	[5]	χορίον	_	_
6.6	1890	[1]	ἁπάσαις	_	_
6.6	1891	[2]	ἐστὶν	_	_
6.6	1892	[141]	,	b	_
6.6	1893	[4]	ὥσπερ	_	_
6.6	1894	[6]	γε	_	_
6.6	1895	[35]	καὶ	_	_
6.6	1896	[21]	ἡ	_	_
6.6	1897	[15]	ἐκ	_	_
6.6	1898	[27]	τῆς	_	_
6.6	1899	[11]	καρδίας	_	_
6.6	1900	[2]	ἀρτηρία	_	_
6.6	1901	[54]	.	b	_
6.6	1902	[36]	καὶ	_	_
6.6	1903	[17]	γὰρ	_	_
6.6	1904	[37]	καὶ	_	_
6.6	1905	[2]	αὕτη	_	_
6.6	1906	[5]	ταῖς	_	_
6.6	1907	[16]	κατὰ	_	_
6.6	1908	[37]	τὸ	_	_
6.6	1909	[6]	χορίον	_	_
6.6	1910	[2]	ἁπάσαις	_	_
6.6	1911	[2]	χορηγεῖ	_	_
6.6	1912	[28]	τῆς	_	_
6.6	1913	[2]	οἰκείας	_	_
6.6	1914	[2]	δυνάμεως	_	_
6.6	1915	[142]	,	b	_
6.6	1916	[9]	οὐκ	_	_
6.6	1917	[1]	ἐκεῖναι	_	_
6.6	1918	[1]	ταύτῃ	_	_
6.6	1919	[55]	.	b	_
6.6	1920	[16]	ἐκ	_	_
6.6	1921	[18]	γὰρ	_	_
6.6	1922	[21]	τοῦ	_	_
6.6	1923	[1]	σπέρματος	_	_
6.6	1924	[22]	ἡ	_	_
6.6	1925	[4]	ἀρχὴ	_	_
6.6	1926	[20]	τοῖς	_	_
6.6	1927	[1]	ἐμβρύοις	_	_
6.6	1928	[2]	ἐστὶ	_	_
6.6	1929	[40]	τῶν	_	_
6.6	1930	[1]	διοικουσῶν	_	_
6.6	1931	[1]	αὐτὰ	_	_
6.6	1932	[2]	δυνάμεων	_	_
6.6	1933	[143]	,	b	_
6.6	1934	[10]	οὐκ	_	_
6.6	1935	[17]	ἐκ	_	_
6.6	1936	[29]	τῆς	_	_
6.6	1937	[3]	μήτρας	_	_
6.6	1938	[56]	.	b	_
6.6	1939	[1]	ἀμέλει	_	_
6.6	1940	[1]	κᾂν	_	_
6.6	1941	[1]	βρόχῳ	_	_
6.6	1942	[1]	διαλάβῃς	_	_
6.6	1943	[144]	,	b	_
6.6	1944	[6]	ἢ	_	_
6.6	1945	[21]	τοῖς	_	_
6.6	1946	[1]	σαυτοῦ	_	_
6.6	1947	[1]	δακτύλοις	_	_
6.6	1948	[1]	πιέσῃς	_	_
6.6	1949	[14]	τὰς	_	_
6.6	1950	[17]	κατὰ	_	_
6.6	1951	[13]	τὸν	_	_
6.6	1952	[3]	ὀμφαλὸν	_	_
6.6	1953	[2]	ἀρτηρίας	_	_
6.6	1954	[145]	,	b	_
6.6	1955	[1]	ἀσφύκτους	_	_
6.6	1956	[1]	ὄψει	_	_
6.6	1957	[1]	παραχρῆμα	_	_
6.6	1958	[15]	τὰς	_	_
6.6	1959	[18]	κατὰ	_	_
6.6	1960	[38]	τὸ	_	_
6.6	1961	[7]	χορίον	_	_
6.6	1962	[1]	ἁπάσας	_	_
6.6	1963	[146]	,	b	_
6.6	1964	[3]	οὗ	_	_
6.6	1965	[3]	τοὐναντίον	_	_
6.6	1966	[1]	ἐφαίνετ	_	_
6.6	1967	[59]	’	b	_
6.6	1968	[8]	ἂν	_	_
6.6	1969	[147]	,	b	_
6.6	1970	[7]	εἰ	_	_
6.6	1971	[51]	τὴν	_	_
6.6	1972	[17]	ἀρχὴν	_	_
6.6	1973	[30]	τῆς	_	_
6.6	1974	[1]	κινήσεως	_	_
6.6	1975	[2]	αὐταῖς	_	_
6.6	1976	[23]	ἡ	_	_
6.6	1977	[1]	μήτρα	_	_
6.6	1978	[1]	παρεῖχεν	_	_
6.6	1979	[57]	.	b	_
6.6	1980	[1]	ἔοικα	_	_
6.6	1981	[22]	δὲ	_	_
6.6	1982	[1]	διατρίβειν	_	_
6.6	1983	[12]	ἐπὶ	_	_
6.6	1984	[1]	πλέον	_	_
6.6	1985	[11]	ἐν	_	_
6.6	1986	[1]	πράγματι	_	_
6.6	1987	[1]	σαφεῖ	_	_
6.6	1988	[9]	τε	_	_
6.6	1989	[4]	ἅμα	_	_
6.6	1990	[38]	καὶ	_	_
6.6	1991	[22]	τοῖς	_	_
6.6	1992	[1]	ἀνατομικοῖς	_	_
6.6	1993	[1]	σχεδὸν	_	_
6.6	1994	[1]	ἅπασιν	_	_
6.6	1995	[1]	ὡμολογημένῳ	_	_
6.6	1996	[58]	.	b	_
6.6	1997	[39]	καὶ	_	_
6.6	1998	[19]	γὰρ	_	_
6.6	1999	[1]	ὅπως	_	_
6.6	2000	[1]	διαιρεῖν	_	_
6.6	2001	[1]	χρὴ	_	_
6.6	2002	[31]	τῆς	_	_
6.6	2003	[2]	κυούσης	_	_
6.6	2004	[39]	τὸ	_	_
6.6	2005	[1]	ἐπιγάστριον	_	_
6.6	2006	[148]	,	b	_
6.6	2007	[40]	καὶ	_	_
6.6	2008	[2]	ὅπως	_	_
6.6	2009	[1]	γυμνὸν	_	_
6.6	2010	[1]	ἐργάζεσθαι	_	_
6.6	2011	[40]	τὸ	_	_
6.6	2012	[2]	ἔμβρυον	_	_
6.6	2013	[149]	,	b	_
6.6	2014	[3]	ἔτι	_	_
6.6	2015	[8]	τῇ	_	_
6.6	2016	[4]	μήτρᾳ	_	_
6.6	2017	[1]	προσεχόμενον	_	_
6.6	2018	[150]	,	b	_
6.6	2019	[2]	οὐχ	_	_
6.6	2020	[1]	ἡμέτερον	_	_
6.6	2021	[1]	εὕρημά	_	_
6.6	2022	[3]	ἐστιν	_	_
6.6	2023	[151]	,	b	_
6.6	2024	[6]	ἀλλὰ	_	_
6.6	2025	[2]	πολλοῖς	_	_
6.6	2026	[23]	τοῖς	_	_
6.6	2027	[2]	ἔμπροσθεν	_	_
6.6	2028	[2]	εἴρηται	_	_
6.6	2029	[59]	.	b	_
6.6	2030	[24]	τοῖς	_	_
6.6	2031	[21]	δ	_	_
6.6	2032	[60]	’	b	_
6.6	2033	[2]	αὐτοῖς	_	_
6.6	2034	[1]	τούτοις	_	_
6.6	2035	[1]	ὡμολόγηται	_	_
6.6	2036	[41]	καὶ	_	_
6.6	2037	[5]	ὅτι	_	_
6.6	2038	[41]	τὸ	_	_
6.6	2039	[2]	κυούμενον	_	_
6.6	2040	[12]	ἐν	_	_
6.6	2041	[2]	ἑαυτῷ	_	_
6.6	2042	[16]	τὰς	_	_
6.6	2043	[4]	ἀρχὰς	_	_
6.6	2044	[5]	ἔχει	_	_
6.6	2045	[41]	τῶν	_	_
6.6	2046	[2]	διοικουσῶν	_	_
6.6	2047	[2]	αὐτὰ	_	_
6.6	2048	[3]	δυνάμεων	_	_
6.6	2049	[152]	,	b	_
6.6	2050	[2]	ὥστε	_	_
6.6	2051	[2]	τούτου	_	_
6.6	2052	[26]	μὲν	_	_
6.6	2053	[1]	ἀποχωρεῖν	_	_
6.6	2054	[4]	ἤδη	_	_
6.6	2055	[1]	προσήκει	_	_
6.6	2056	[153]	,	b	_
6.6	2057	[22]	τοῦ	_	_
6.6	2058	[1]	ζητεῖν	_	_
6.6	2059	[154]	,	b	_
6.6	2060	[1]	εἴτε	_	_
6.6	2061	[42]	τὸ	_	_
6.6	2062	[3]	ἔμβρυον	_	_
6.6	2063	[13]	ἐν	_	_
6.6	2064	[3]	ἑαυτῷ	_	_
6.6	2065	[52]	τὴν	_	_
6.6	2066	[18]	ἀρχὴν	_	_
6.6	2067	[6]	ἔχει	_	_
6.6	2068	[42]	τῶν	_	_
6.6	2069	[10]	φλεβῶν	_	_
6.6	2070	[155]	,	b	_
6.6	2071	[1]	εἴθ	_	_
6.6	2072	[61]	’	b	_
6.6	2073	[24]	ἡ	_	_
6.6	2074	[2]	μήτρα	_	_
6.6	2075	[32]	τῆς	_	_
6.6	2076	[3]	κυούσης	_	_
6.6	2077	[156]	,	b	_
6.6	2078	[1]	ἐπισκέπτεσθαι	_	_
6.6	2079	[22]	δ	_	_
6.6	2080	[62]	’	b	_
6.6	2081	[157]	,	b	_
6.6	2082	[10]	ἐξ	_	_
6.6	2083	[1]	ὅτου	_	_
6.6	2084	[43]	τῶν	_	_
6.6	2085	[1]	σπλάγχνων	_	_
6.6	2086	[2]	αὗται	_	_
6.6	2087	[1]	πεφύκασιν	_	_
6.6	2088	[60]	.	b	_
6.6	2089	[1]	ἑτοίμη	_	_
6.6	2090	[23]	δ	_	_
6.6	2091	[63]	’	b	_
6.6	2092	[1]	εὕρεσις	_	_
6.6	2093	[18]	ἐκ	_	_
6.6	2094	[44]	τῶν	_	_
6.6	2095	[14]	ἐν	_	_
6.6	2096	[6]	ταῖς	_	_
6.6	2097	[1]	ἀνατομαῖς	_	_
6.6	2098	[2]	φαινομένων	_	_
6.6	2099	[61]	.	b	_
6.6	2100	[29]	εἰς	_	_
6.6	2101	[3]	ὃ	_	_
6.6	2102	[20]	γὰρ	_	_
6.6	2103	[2]	ἅπασαι	_	_
6.6	2104	[2]	περαίνουσιν	_	_
6.6	2105	[8]	αἱ	_	_
6.6	2106	[19]	κατὰ	_	_
6.6	2107	[43]	τὸ	_	_
6.6	2108	[8]	χορίον	_	_
6.6	2109	[158]	,	b	_
6.6	2110	[1]	ἐκεῖθεν	_	_
6.6	2111	[2]	πεφύκασιν	_	_
6.6	2112	[62]	.	b	_
6.6	2113	[7]	ἀλλὰ	_	_
6.6	2114	[5]	μὴν	_	_
6.6	2115	[1]	ἐναργῶς	_	_
6.6	2116	[1]	τοῦτό	_	_
6.6	2117	[7]	γε	_	_
6.6	2118	[1]	φαίνεται	_	_
6.6	2119	[2]	πᾶσι	_	_
6.6	2120	[25]	τοῖς	_	_
6.6	2121	[1]	ὀφθαλμοὺς	_	_
6.6	2122	[1]	ἔχουσιν	_	_
6.6	2123	[159]	,	b	_
6.6	2124	[30]	εἰς	_	_
6.6	2125	[1]	μίαν	_	_
6.6	2126	[3]	ἅπασαι	_	_
6.6	2127	[1]	συνιοῦσαι	_	_
6.6	2128	[5]	φλέβα	_	_
6.6	2129	[53]	τὴν	_	_
6.6	2130	[19]	ἐκ	_	_
6.6	2131	[23]	τοῦ	_	_
6.6	2132	[10]	ἥπατος	_	_
6.6	2133	[1]	ἐκπεφυκυῖαν	_	_
6.6	2134	[160]	,	b	_
6.6	2135	[5]	ὥσπερ	_	_
6.6	2136	[8]	γε	_	_
6.6	2137	[42]	καὶ	_	_
6.6	2138	[9]	αἱ	_	_
6.6	2139	[1]	ἀρτηρίαι	_	_
6.6	2140	[2]	πᾶσαι	_	_
6.6	2141	[7]	πρὸς	_	_
6.6	2142	[54]	τὴν	_	_
6.6	2143	[1]	μεγάλην	_	_
6.6	2144	[1]	ἀρτηρίαν	_	_
6.6	2145	[55]	τὴν	_	_
6.6	2146	[20]	κατὰ	_	_
6.6	2147	[1]	ῥάχιν	_	_
6.6	2148	[63]	.	b	_
6.6	2149	[7]	ἀλλ	_	_
6.6	2150	[64]	’	b	_
6.6	2151	[2]	ἐνταῦθα	_	_
6.6	2152	[27]	μὲν	_	_
6.6	2153	[6]	ὥσπερ	_	_
6.6	2154	[5]	ἔξωθεν	_	_
6.6	2155	[24]	τοῦ	_	_
6.6	2156	[1]	ἐμβρύου	_	_
6.6	2157	[1]	δίεισιν	_	_
6.6	2158	[25]	ἡ	_	_
6.6	2159	[3]	ἀρτηρία	_	_
6.6	2160	[4]	καθ	_	_
6.6	2161	[65]	’	b	_
6.6	2162	[4]	ὅλον	_	_
6.6	2163	[14]	τὸν	_	_
6.6	2164	[1]	ἀμνειὸν	_	_
6.6	2165	[161]	,	b	_
6.6	2166	[3]	οὕτω	_	_
6.6	2167	[43]	καὶ	_	_
6.6	2168	[1]	μέχρι	_	_
6.6	2169	[33]	τῆς	_	_
6.6	2170	[21]	κατὰ	_	_
6.6	2171	[2]	ῥάχιν	_	_
6.6	2172	[4]	ἀρτηρία	_	_
6.6	2173	[6]	δύο	_	_
6.6	2174	[1]	διαμένουσαι	_	_
6.6	2175	[1]	προέρχονται	_	_
6.6	2176	[64]	.	b	_
6.6	2177	[1]	συνέρχονται	_	_
6.6	2178	[24]	δ	_	_
6.6	2179	[66]	’	b	_
6.6	2180	[31]	εἰς	_	_
6.6	2181	[6]	φλέβα	_	_
6.6	2182	[2]	μίαν	_	_
6.6	2183	[10]	αἱ	_	_
6.6	2184	[22]	κατὰ	_	_
6.6	2185	[15]	τὸν	_	_
6.6	2186	[4]	ὀμφαλὸν	_	_
6.6	2187	[1]	ὁρμώμεναι	_	_
6.6	2188	[7]	δύο	_	_
6.6	2189	[6]	φλέβες	_	_
6.6	2190	[65]	.	b	_
6.6	2191	[3]	αὕτη	_	_
6.6	2192	[28]	μὲν	_	_
6.6	2193	[9]	οὖν	_	_
6.6	2194	[26]	ἡ	_	_
6.6	2195	[2]	φλὲψ	_	_
6.6	2196	[1]	εὐθὺ	_	_
6.6	2197	[25]	τοῦ	_	_
6.6	2198	[11]	ἥπατος	_	_
6.6	2199	[1]	ἀφικνεῖται	_	_
6.6	2200	[17]	τὰς	_	_
6.6	2201	[8]	δύο	_	_
6.6	2202	[3]	ἀρτηρίας	_	_
6.6	2203	[162]	,	b	_
6.6	2204	[4]	οὔτ	_	_
6.6	2205	[67]	’	b	_
6.6	2206	[13]	ἐπὶ	_	_
6.6	2207	[56]	τὴν	_	_
6.6	2208	[15]	καρδίαν	_	_
6.6	2209	[5]	αὐτὴν	_	_
6.6	2210	[1]	ἄντικρυς	_	_
6.6	2211	[163]	,	b	_
6.6	2212	[5]	οὔτ	_	_
6.6	2213	[68]	’	b	_
6.6	2214	[14]	ἐπὶ	_	_
6.6	2215	[57]	τὴν	_	_
6.6	2216	[2]	μεγάλην	_	_
6.6	2217	[2]	ἀρτηρίαν	_	_
6.6	2218	[27]	ἡ	_	_
6.6	2219	[1]	φορά	_	_
6.6	2220	[66]	.	b	_
6.6	2221	[1]	περιλαβοῦσαι	_	_
6.6	2222	[21]	γὰρ	_	_
6.6	2223	[1]	ἑκατέρωθεν	_	_
6.6	2224	[58]	τὴν	_	_
6.6	2225	[1]	κύστιν	_	_
6.6	2226	[32]	εἰς	_	_
6.6	2227	[44]	τὸ	_	_
6.6	2228	[1]	κάταντες	_	_
6.6	2229	[1]	ἔρχονται	_	_
6.6	2230	[164]	,	b	_
6.6	2231	[2]	μέχρι	_	_
6.6	2232	[1]	περ	_	_
6.6	2233	[9]	ἂν	_	_
6.6	2234	[1]	ἐντύχωσι	_	_
6.6	2235	[7]	ταῖς	_	_
6.6	2236	[15]	ἐπὶ	_	_
6.6	2237	[16]	τὰ	_	_
6.6	2238	[1]	σκέλη	_	_
6.6	2239	[26]	τοῦ	_	_
6.6	2240	[1]	κυουμένου	_	_
6.6	2241	[1]	φερομέναις	_	_
6.6	2242	[3]	ἀρτηρίαις	_	_
6.6	2243	[67]	.	b	_
6.6	2244	[8]	ἀλλ	_	_
6.6	2245	[69]	’	b	_
6.6	2246	[1]	ἐπεὶ	_	_
6.6	2247	[34]	τῆς	_	_
6.6	2248	[23]	κατὰ	_	_
6.6	2249	[59]	τὴν	_	_
6.6	2250	[1]	ὀσφὺν	_	_
6.6	2251	[1]	ἀφώρμηνται	_	_
6.6	2252	[35]	τῆς	_	_
6.6	2253	[1]	μεγάλης	_	_
6.6	2254	[4]	ἀρτηρίας	_	_
6.6	2255	[165]	,	b	_
6.6	2256	[5]	διὰ	_	_
6.6	2257	[3]	τοῦτ	_	_
6.6	2258	[70]	’	b	_
6.6	2259	[2]	ἔνιοι	_	_
6.6	2260	[45]	τῶν	_	_
6.6	2261	[1]	ἀνατομικῶν	_	_
6.6	2262	[17]	ὡς	_	_
6.6	2263	[1]	ἐκείνην	_	_
6.6	2264	[1]	αὐτὰς	_	_
6.6	2265	[1]	ἔφασαν	_	_
6.6	2266	[1]	περαίνειν	_	_
6.6	2267	[166]	,	b	_
6.6	2268	[8]	εἰ	_	_
6.6	2269	[29]	μὲν	_	_
6.6	2270	[1]	ἀκριβολογεῖταί	_	_
6.6	2271	[1]	τις	_	_
6.6	2272	[167]	,	b	_
6.6	2273	[11]	οὐκ	_	_
6.6	2274	[1]	ἀληθεύοντες	_	_
6.6	2275	[168]	,	b	_
6.6	2276	[9]	εἰ	_	_
6.6	2277	[23]	δὲ	_	_
6.6	2278	[169]	,	b	_
6.6	2279	[18]	ὡς	_	_
6.6	2280	[3]	εἴρηται	_	_
6.6	2281	[170]	,	b	_
6.6	2282	[5]	νῦν	_	_
6.6	2283	[1]	ἀκούει	_	_
6.6	2284	[46]	τῶν	_	_
6.6	2285	[1]	λεγομένων	_	_
6.6	2286	[171]	,	b	_
6.6	2287	[5]	οὔτε	_	_
6.6	2288	[1]	ἀκριβοῦντες	_	_
6.6	2289	[27]	τοῦ	_	_
6.6	2290	[1]	φαινομένου	_	_
6.6	2291	[60]	τὴν	_	_
6.6	2292	[1]	διήγησιν	_	_
6.6	2293	[172]	,	b	_
6.6	2294	[6]	οὔτε	_	_
6.6	2295	[3]	μέγα	_	_
6.6	2296	[4]	τι	_	_
6.6	2297	[1]	σφαλλόμενοι	_	_
6.6	2298	[68]	.	b	_
6.6	2299	[1]	θαυμαστὸν	_	_
6.6	2300	[10]	οὖν	_	_
6.6	2301	[1]	εἶναί	_	_
6.6	2302	[2]	μοι	_	_
6.6	2303	[2]	δοκεῖ	_	_
6.6	2304	[47]	τῶν	_	_
6.6	2305	[1]	ἀνδρῶν	_	_
6.6	2306	[1]	ὅσοι	_	_
6.6	2307	[18]	τὰς	_	_
6.6	2308	[30]	μὲν	_	_
6.6	2309	[5]	ἀρτηρίας	_	_
6.6	2310	[2]	ἁπάσας	_	_
6.6	2311	[19]	τὰς	_	_
6.6	2312	[24]	κατὰ	_	_
6.6	2313	[45]	τὸ	_	_
6.6	2314	[9]	χορίον	_	_
6.6	2315	[10]	τε	_	_
6.6	2316	[44]	καὶ	_	_
6.6	2317	[16]	τὸν	_	_
6.6	2318	[5]	ὀμφαλὸν	_	_
6.6	2319	[20]	ἐκ	_	_
6.6	2320	[36]	τῆς	_	_
6.6	2321	[12]	καρδίας	_	_
6.6	2322	[1]	πεφυκέναι	_	_
6.6	2323	[1]	φασὶν	_	_
6.6	2324	[173]	,	b	_
6.6	2325	[1]	καίτοι	_	_
6.6	2326	[6]	οὔτ	_	_
6.6	2327	[71]	’	b	_
6.6	2328	[11]	ἐξ	_	_
6.6	2329	[1]	ἐκείνης	_	_
6.6	2330	[1]	ἐκφυομένας	_	_
6.6	2331	[174]	,	b	_
6.6	2332	[7]	οὔτ	_	_
6.6	2333	[72]	’	b	_
6.6	2334	[21]	ἐκ	_	_
6.6	2335	[37]	τῆς	_	_
6.6	2336	[2]	μεγάλης	_	_
6.6	2337	[38]	τῆς	_	_
6.6	2338	[3]	κατ	_	_
6.6	2339	[73]	’	b	_
6.6	2340	[2]	ὀσφὺν	_	_
6.6	2341	[175]	,	b	_
6.6	2342	[9]	ἀλλ	_	_
6.6	2343	[74]	’	b	_
6.6	2344	[22]	ἐκ	_	_
6.6	2345	[48]	τῶν	_	_
6.6	2346	[3]	ἀπ	_	_
6.6	2347	[75]	’	b	_
6.6	2348	[2]	ἐκείνης	_	_
6.6	2349	[33]	εἰς	_	_
6.6	2350	[17]	τὰ	_	_
6.6	2351	[2]	σκέλη	_	_
6.6	2352	[1]	πεφυκυιῶν	_	_
6.6	2353	[1]	ἕτερα	_	_
6.6	2354	[69]	.	b	_
6.6	2355	[1]	δίκαιον	_	_
6.6	2356	[4]	ἦν	_	_
6.6	2357	[176]	,	b	_
6.6	2358	[3]	οἶμαι	_	_
6.6	2359	[177]	,	b	_
6.6	2360	[46]	τὸ	_	_
6.6	2361	[4]	ἧπαρ	_	_
6.6	2362	[19]	ἀρχὴν	_	_
6.6	2363	[1]	τίθεσθαι	_	_
6.6	2364	[49]	τῶν	_	_
6.6	2365	[25]	κατὰ	_	_
6.6	2366	[17]	τὸν	_	_
6.6	2367	[1]	ὀμφαλόν	_	_
6.6	2368	[11]	τε	_	_
6.6	2369	[45]	καὶ	_	_
6.6	2370	[47]	τὸ	_	_
6.6	2371	[10]	χορίον	_	_
6.6	2372	[1]	ἁπασῶν	_	_
6.6	2373	[11]	φλεβῶν	_	_
6.6	2374	[178]	,	b	_
6.6	2375	[7]	ὥσπερ	_	_
6.6	2376	[46]	καὶ	_	_
6.6	2377	[61]	τὴν	_	_
6.6	2378	[16]	καρδίαν	_	_
6.6	2379	[1]	ἐθέμεθα	_	_
6.6	2380	[50]	τῶν	_	_
6.6	2381	[7]	ἀρτηριῶν	_	_
6.6	2382	[70]	.	b	_
6.6	2383	[1]	ὅσα	_	_
6.6	2384	[22]	γὰρ	_	_
6.6	2385	[2]	ἀγγεῖα	_	_
6.6	2386	[51]	τῶν	_	_
6.6	2387	[12]	ἐξ	_	_
6.6	2388	[2]	ἑτέρου	_	_
6.6	2389	[1]	πεφυκότων	_	_
6.6	2390	[1]	ἐκπέφυκε	_	_
6.6	2391	[179]	,	b	_
6.6	2392	[62]	τὴν	_	_
6.6	2393	[6]	αὐτὴν	_	_
6.6	2394	[20]	ἀρχὴν	_	_
6.6	2395	[1]	ἐκείνοις	_	_
6.6	2396	[7]	ἔχει	_	_
6.6	2397	[71]	.	b	_
6.6	2398	[1]	πολὺ	_	_
6.6	2399	[2]	μᾶλλον	_	_
6.6	2400	[11]	οὖν	_	_
6.6	2401	[48]	τὸ	_	_
6.6	2402	[5]	ἧπαρ	_	_
6.6	2403	[21]	ἀρχὴν	_	_
6.6	2404	[52]	τῶν	_	_
6.6	2405	[12]	φλεβῶν	_	_
6.6	2406	[6]	ἐστι	_	_
6.6	2407	[1]	θετέον	_	_
6.6	2408	[180]	,	b	_
6.6	2409	[7]	ἢ	_	_
6.6	2410	[63]	τὴν	_	_
6.6	2411	[17]	καρδίαν	_	_
6.6	2412	[53]	τῶν	_	_
6.6	2413	[8]	ἀρτηριῶν	_	_
6.6	2414	[181]	,	b	_
6.6	2415	[1]	ὅσον	_	_
6.6	2416	[16]	ἐπὶ	_	_
6.6	2417	[26]	τοῖς	_	_
6.6	2418	[13]	ἐξ	_	_
6.6	2419	[2]	ἀνατομῆς	_	_
6.6	2420	[1]	φαινομένοις	_	_
6.6	2421	[182]	,	b	_
6.6	2422	[1]	ἐναργέστερα	_	_
6.6	2423	[23]	γὰρ	_	_
6.6	2424	[2]	αὐτῷ	_	_
6.6	2425	[18]	τὰ	_	_
6.6	2426	[39]	τῆς	_	_
6.6	2427	[3]	ἀρχῆς	_	_
6.6	2428	[1]	ὑπάρχει	_	_
6.6	2429	[2]	γνωρίσματα	_	_
6.6	2430	[72]	.	b	_
6.6	2431	[5]	μὴ	_	_
6.6	2432	[2]	τοίνυν	_	_
6.6	2433	[4]	μηδὲ	_	_
6.6	2434	[2]	ἐκεῖνό	_	_
6.6	2435	[1]	σε	_	_
6.6	2436	[1]	λανθανέτω	_	_
6.6	2437	[183]	,	b	_
6.6	2438	[2]	διότι	_	_
6.6	2439	[2]	πάντως	_	_
6.6	2440	[10]	ἂν	_	_
6.6	2441	[1]	ἔσφυζον	_	_
6.6	2442	[11]	αἱ	_	_
6.6	2443	[7]	φλέβες	_	_
6.6	2444	[184]	,	b	_
6.6	2445	[3]	εἴπερ	_	_
6.6	2446	[23]	ἐκ	_	_
6.6	2447	[40]	τῆς	_	_
6.6	2448	[13]	καρδίας	_	_
6.6	2449	[1]	ἐπεφύκεισαν	_	_
6.6	2450	[73]	.	b	_
6.7	1	[1]	Ὁ	_	_
6.7	2	[1]	λόγος	_	_
6.7	3	[1]	δ	_	_
6.7	4	[1]	’	b	_
6.7	5	[1]	οὐκ	_	_
6.7	6	[1]	ἔτι	_	_
6.7	7	[1]	μοι	_	_
6.7	8	[1]	πρὸς	_	_
6.7	9	[1]	Ἐρασίστρατον	_	_
6.7	10	[1]	ἢ	_	_
6.7	11	[1]	τοὺς	_	_
6.7	12	[1]	Ἐρασιστρατείους	_	_
6.7	13	[1]	ἐστὶν	_	_
6.7	14	[1]	,	b	_
6.7	15	[1]	ἀλλὰ	_	_
6.7	16	[2]	πρὸς	_	_
6.7	17	[2]	τοὺς	_	_
6.7	18	[1]	ἡγουμένους	_	_
6.7	19	[2]	,	b	_
6.7	20	[1]	οὐ	_	_
6.7	21	[3]	,	b	_
6.7	22	[1]	διότι	_	_
6.7	23	[1]	πληροῦνται	_	_
6.7	24	[1]	πνεύματος	_	_
6.7	25	[1]	αἱ	_	_
6.7	26	[1]	ἀρτηρίαι	_	_
6.7	27	[4]	,	b	_
6.7	28	[1]	διὰ	_	_
6.7	29	[1]	τοῦτο	_	_
6.7	30	[1]	διαστέλλεσθαί	_	_
6.7	31	[1]	τε	_	_
6.7	32	[1]	καὶ	_	_
6.7	33	[1]	σφύζειν	_	_
6.7	34	[1]	αὐτὰς	_	_
6.7	35	[5]	,	b	_
6.7	36	[2]	ἀλλὰ	_	_
6.7	37	[6]	,	b	_
6.7	38	[2]	διότι	_	_
6.7	39	[1]	διαστέλλονταί	_	_
6.7	40	[2]	τε	_	_
6.7	41	[2]	καὶ	_	_
6.7	42	[1]	σφύζουσι	_	_
6.7	43	[7]	,	b	_
6.7	44	[2]	διὰ	_	_
6.7	45	[2]	τοῦτο	_	_
6.7	46	[1]	πληροῦσθαι	_	_
6.7	47	[1]	.	b	_
6.7	48	[1]	κοινὸν	_	_
6.7	49	[1]	μὲν	_	_
6.7	50	[1]	οὖν	_	_
6.7	51	[1]	τουτὶ	_	_
6.7	52	[1]	τὸ	_	_
6.7	53	[1]	δόγμα	_	_
6.7	54	[1]	πολλῶν	_	_
6.7	55	[1]	τ	_	_
6.7	56	[2]	’	b	_
6.7	57	[1]	ἐστὶ	_	_
6.7	58	[3]	καὶ	_	_
6.7	59	[1]	δοκίμων	_	_
6.7	60	[1]	ἀνδρῶν	_	_
6.7	61	[8]	,	b	_
6.7	62	[1]	ὥσπερ	_	_
6.7	63	[1]	γε	_	_
6.7	64	[4]	καὶ	_	_
6.7	65	[1]	ὅτι	_	_
6.7	66	[1]	τὴν	_	_
6.7	67	[1]	δύναμιν	_	_
6.7	68	[1]	ἐκ	_	_
6.7	69	[1]	τῆς	_	_
6.7	70	[1]	καρδίας	_	_
6.7	71	[1]	οἱ	_	_
6.7	72	[1]	χιτῶνες	_	_
6.7	73	[1]	τῶν	_	_
6.7	74	[1]	ἀρτηριῶν	_	_
6.7	75	[1]	τοῦ	_	_
6.7	76	[1]	διαστέλλεσθαι	_	_
6.7	77	[5]	καὶ	_	_
6.7	78	[1]	συστέλλεσθαι	_	_
6.7	79	[1]	λαμβάνουσιν	_	_
6.7	80	[2]	.	b	_
6.7	81	[1]	ἀπεσχίσθησαν	_	_
6.7	82	[2]	δ	_	_
6.7	83	[3]	’	b	_
6.7	84	[2]	οὖν	_	_
6.7	85	[2]	οὐκ	_	_
6.7	86	[1]	οἶδ	_	_
6.7	87	[4]	’	b	_
6.7	88	[1]	ὅπως	_	_
6.7	89	[1]	αὐτῶν	_	_
6.7	90	[1]	ἐν	_	_
6.7	91	[1]	τῷδε	_	_
6.7	92	[1]	Πραξαγόρας	_	_
6.7	93	[3]	τε	_	_
6.7	94	[6]	καὶ	_	_
6.7	95	[1]	Φιλότιμος	_	_
6.7	96	[1]	ὁμολογήσαντες	_	_
6.7	97	[1]	τἄλλα	_	_
6.7	98	[9]	,	b	_
6.7	99	[7]	καὶ	_	_
6.7	100	[1]	νομίζουσι	_	_
6.7	101	[2]	τὸ	_	_
6.7	102	[1]	πάμπαν	_	_
6.7	103	[1]	ἐξ	_	_
6.7	104	[1]	ἑαυτῶν	_	_
6.7	105	[2]	σφύζειν	_	_
6.7	106	[1]	τὰς	_	_
6.7	107	[1]	ἀρτηρίας	_	_
6.7	108	[10]	,	b	_
6.7	109	[1]	ὥστε	_	_
6.7	110	[8]	καὶ	_	_
6.7	111	[1]	εἰ	_	_
6.7	112	[1]	σάρκα	_	_
6.7	113	[1]	τις	_	_
6.7	114	[1]	ἐκτεμὼν	_	_
6.7	115	[1]	ζώου	_	_
6.7	116	[1]	καταθείη	_	_
6.7	117	[1]	παλλομένην	_	_
6.7	118	[1]	ἐπὶ	_	_
6.7	119	[2]	τῆς	_	_
6.7	120	[1]	γῆς	_	_
6.7	121	[11]	,	b	_
6.7	122	[1]	ἐναργῶς	_	_
6.7	123	[1]	ὁρᾶσθαι	_	_
6.7	124	[2]	τὴν	_	_
6.7	125	[1]	κίνησιν	_	_
6.7	126	[2]	τῶν	_	_
6.7	127	[2]	ἀρτηριῶν	_	_
6.7	128	[3]	.	b	_
6.7	129	[1]	οὔκουν	_	_
6.7	130	[1]	ἐβουλόμην	_	_
6.7	131	[1]	ἐς	_	_
6.7	132	[1]	τοσόνδε	_	_
6.7	133	[1]	διαμαρτεῖν	_	_
6.7	134	[2]	τοῦ	_	_
6.7	135	[1]	φαινομένου	_	_
6.7	136	[1]	τηλικούτους	_	_
6.7	137	[1]	ἄνδρας	_	_
6.7	138	[12]	,	b	_
6.7	139	[1]	ὡς	_	_
6.7	140	[1]	μὴ	_	_
6.7	141	[1]	δύνασθαι	_	_
6.7	142	[1]	διορίσαι	_	_
6.7	143	[1]	παλμὸν	_	_
6.7	144	[1]	σφυγμοῦ	_	_
6.7	145	[4]	.	b	_
6.7	146	[1]	χρὴ	_	_
6.7	147	[3]	δ	_	_
6.7	148	[5]	’	b	_
6.7	149	[13]	,	b	_
6.7	150	[1]	οἶμαι	_	_
6.7	151	[14]	,	b	_
6.7	152	[1]	γιγνώσκεσθαι	_	_
6.7	153	[2]	μὲν	_	_
6.7	154	[9]	καὶ	_	_
6.7	155	[3]	τοῦτο	_	_
6.7	156	[1]	τοῖς	_	_
6.7	157	[1]	ἀνδράσι	_	_
6.7	158	[15]	,	b	_
6.7	159	[2]	γιγνώσκεσθαι	_	_
6.7	160	[1]	δὲ	_	_
6.7	161	[10]	καὶ	_	_
6.7	162	[2]	ὡς	_	_
6.7	163	[16]	,	b	_
6.7	164	[2]	εἰ	_	_
6.7	165	[1]	μόνην	_	_
6.7	166	[1]	ἐκτέμοις	_	_
6.7	167	[1]	ἀρτηρίαν	_	_
6.7	168	[17]	,	b	_
6.7	169	[2]	οὐ	_	_
6.7	170	[1]	κινεῖται	_	_
6.7	171	[18]	,	b	_
6.7	172	[1]	καθάπερ	_	_
6.7	173	[1]	οὐδ	_	_
6.7	174	[6]	’	b	_
6.7	175	[3]	εἰ	_	_
6.7	176	[1]	βρόχῳ	_	_
6.7	177	[1]	διαλάβοις	_	_
6.7	178	[2]	ἔτι	_	_
6.7	179	[1]	συνημμένην	_	_
6.7	180	[1]	τῇ	_	_
6.7	181	[1]	καρδίᾳ	_	_
6.7	182	[5]	.	b	_
6.7	183	[1]	καίτοι	_	_
6.7	184	[1]	θαυμαστὸν	_	_
6.7	185	[19]	,	b	_
6.7	186	[1]	ἡνίκα	_	_
6.7	187	[1]	μέν	_	_
6.7	188	[1]	ἐστιν	_	_
6.7	189	[1]	ἔξω	_	_
6.7	190	[3]	τοῦ	_	_
6.7	191	[2]	ζώου	_	_
6.7	192	[20]	,	b	_
6.7	193	[2]	μὴ	_	_
6.7	194	[1]	μόνον	_	_
6.7	195	[3]	τῆς	_	_
6.7	196	[2]	καρδίας	_	_
6.7	197	[21]	,	b	_
6.7	198	[3]	ἀλλὰ	_	_
6.7	199	[11]	καὶ	_	_
6.7	200	[4]	τῆς	_	_
6.7	201	[3]	τῶν	_	_
6.7	202	[1]	ἄλλων	_	_
6.7	203	[1]	ἁπάντων	_	_
6.7	204	[1]	μορίων	_	_
6.7	205	[1]	ἀφῃρημένης	_	_
6.7	206	[1]	συμπνοίας	_	_
6.7	207	[22]	,	b	_
6.7	208	[1]	ἀκωλύτως	_	_
6.7	209	[3]	σφύζειν	_	_
6.7	210	[1]	αὐτὴν	_	_
6.7	211	[23]	,	b	_
6.7	212	[2]	ἡνίκα	_	_
6.7	213	[2]	δὲ	_	_
6.7	214	[1]	συνῆπται	_	_
6.7	215	[1]	πᾶσιν	_	_
6.7	216	[24]	,	b	_
6.7	217	[1]	ἄσφυκτον	_	_
6.7	218	[1]	γίγνεσθαι	_	_
6.7	219	[2]	βρόχῳ	_	_
6.7	220	[1]	διαληφθεῖσαν	_	_
6.7	221	[6]	.	b	_
6.7	222	[1]	ἀλλ	_	_
6.7	223	[7]	’	b	_
6.7	224	[1]	οὐδὲ	_	_
6.7	225	[1]	γὰρ	_	_
6.7	226	[2]	ἔξω	_	_
6.7	227	[25]	,	b	_
6.7	228	[1]	θαυμασιώτατε	_	_
6.7	229	[1]	Πραξαγόρα	_	_
6.7	230	[26]	,	b	_
6.7	231	[1]	πάλλεται	_	_
6.7	232	[3]	διὰ	_	_
6.7	233	[1]	παντὸς	_	_
6.7	234	[1]	ἐκτεμνομένη	_	_
6.7	235	[4]	τοῦ	_	_
6.7	236	[3]	ζώου	_	_
6.7	237	[7]	.	b	_
6.7	238	[2]	καίτοι	_	_
6.7	239	[1]	τί	_	_
6.7	240	[1]	περὶ	_	_
6.7	241	[1]	τούτου	_	_
6.7	242	[1]	φιλοτιμοῦμαι	_	_
6.7	243	[1]	διελέγχειν	_	_
6.7	244	[1]	αὐτόν	_	_
6.7	245	[1]	;	b	_
6.7	246	[1]	ἀρκεῖ	_	_
6.7	247	[2]	γὰρ	_	_
6.7	248	[1]	ἐπιδεῖξαι	_	_
6.7	249	[1]	μόνας	_	_
6.7	250	[2]	τὰς	_	_
6.7	251	[2]	ἀρτηρίας	_	_
6.7	252	[1]	ἀκινήτους	_	_
6.7	253	[4]	τε	_	_
6.7	254	[12]	καὶ	_	_
6.7	255	[1]	ἀσφύκτους	_	_
6.7	256	[1]	ἀκριβῶς	_	_
6.7	257	[1]	γενομένας	_	_
6.7	258	[27]	,	b	_
6.7	259	[1]	ὅταν	_	_
6.7	260	[1]	ἐκτμηθῶσι	_	_
6.7	261	[5]	τοῦ	_	_
6.7	262	[4]	ζώου	_	_
6.7	263	[8]	.	b	_
6.7	264	[1]	παρὰ	_	_
6.7	265	[5]	τῆς	_	_
6.7	266	[3]	καρδίας	_	_
6.7	267	[3]	οὖν	_	_
6.7	268	[1]	αὐταῖς	_	_
6.7	269	[3]	τὸ	_	_
6.7	270	[1]	κινεῖσθαι	_	_
6.7	271	[9]	.	b	_
6.7	272	[13]	καὶ	_	_
6.7	273	[1]	τοῦτ	_	_
6.7	274	[8]	’	b	_
6.7	275	[1]	ὀρθῶς	_	_
6.7	276	[3]	μὲν	_	_
6.7	277	[1]	εἶπε	_	_
6.7	278	[14]	καὶ	_	_
6.7	279	[1]	ὁ	_	_
6.7	280	[1]	Ἐρασίστρατος	_	_
6.7	281	[28]	,	b	_
6.7	282	[3]	οὐκ	_	_
6.7	283	[2]	ὀρθῶς	_	_
6.7	284	[4]	δ	_	_
6.7	285	[9]	’	b	_
6.7	286	[1]	ἐξηγήσατο	_	_
6.7	287	[6]	τῆς	_	_
6.7	288	[1]	κινήσεως	_	_
6.7	289	[3]	τὴν	_	_
6.7	290	[1]	γένεσιν	_	_
6.7	291	[10]	.	b	_
6.7	292	[3]	οὐ	_	_
6.7	293	[3]	γὰρ	_	_
6.7	294	[3]	ὡς	_	_
6.7	295	[1]	ἀσκὸς	_	_
6.7	296	[1]	ἐμφυσώμενος	_	_
6.7	297	[1]	ὑπὸ	_	_
6.7	298	[7]	τῆς	_	_
6.7	299	[4]	καρδίας	_	_
6.7	300	[1]	ἐκθλιβούσης	_	_
6.7	301	[4]	τὸ	_	_
6.7	302	[1]	πνεῦμα	_	_
6.7	303	[1]	πληροῦται	_	_
6.7	304	[4]	τῶν	_	_
6.7	305	[3]	ἀρτηριῶν	_	_
6.7	306	[1]	ἑκάστη	_	_
6.7	307	[29]	,	b	_
6.7	308	[1]	τῷ	_	_
6.7	309	[1]	συνῆφθαι	_	_
6.7	310	[5]	δ	_	_
6.7	311	[10]	’	b	_
6.7	312	[1]	αὐτῇ	_	_
6.7	313	[15]	καὶ	_	_
6.7	314	[2]	ἐξ	_	_
6.7	315	[1]	ἐκείνης	_	_
6.7	316	[1]	πεφυκέναι	_	_
6.7	317	[8]	τῆς	_	_
6.7	318	[1]	αὐτῆς	_	_
6.7	319	[1]	ὅλῳ	_	_
6.7	320	[2]	τῷ	_	_
6.7	321	[1]	σπλάγχνῳ	_	_
6.7	322	[1]	κεκοινώνηκε	_	_
6.7	323	[1]	δυνάμεως	_	_
6.7	324	[11]	.	b	_
6.7	325	[2]	ὅτι	_	_
6.7	326	[6]	δ	_	_
6.7	327	[11]	’	b	_
6.7	328	[1]	ὅλον	_	_
6.7	329	[1]	σφύζει	_	_
6.7	330	[9]	τῆς	_	_
6.7	331	[5]	καρδίας	_	_
6.7	332	[5]	τὸ	_	_
6.7	333	[1]	σῶμα	_	_
6.7	334	[30]	,	b	_
6.7	335	[1]	διαστελλόμενόν	_	_
6.7	336	[5]	τε	_	_
6.7	337	[16]	καὶ	_	_
6.7	338	[1]	συστελλόμενον	_	_
6.7	339	[3]	ἐξ	_	_
6.7	340	[1]	ἑαυτοῦ	_	_
6.7	341	[31]	,	b	_
6.7	342	[1]	σχεδὸν	_	_
6.7	343	[1]	ἤδη	_	_
6.7	344	[4]	τοῦτο	_	_
6.7	345	[17]	καὶ	_	_
6.7	346	[4]	διὰ	_	_
6.7	347	[5]	τῶν	_	_
6.7	348	[1]	ἀνατομῶν	_	_
6.7	349	[1]	γνωρίσεις	_	_
6.7	350	[32]	,	b	_
6.7	351	[1]	τηνικαῦτα	_	_
6.7	352	[6]	τὸ	_	_
6.7	353	[1]	δεξιὸν	_	_
6.7	354	[1]	αὐτοῦ	_	_
6.7	355	[1]	μέρος	_	_
6.7	356	[1]	ἀναπτύξας	_	_
6.7	357	[12]	.	b	_
6.7	358	[1]	γυμνοῦται	_	_
6.7	359	[7]	δ	_	_
6.7	360	[12]	’	b	_
6.7	361	[1]	ἡ	_	_
6.7	362	[1]	καρδία	_	_
6.7	363	[1]	χωρὶς	_	_
6.7	364	[6]	τοῦ	_	_
6.7	365	[1]	συντμηθῆναι	_	_
6.7	366	[1]	τὸν	_	_
6.7	367	[1]	θώρακα	_	_
6.7	368	[7]	τοῦ	_	_
6.7	369	[1]	ξιφοειδοῦς	_	_
6.7	370	[1]	ἐκκοπέντος	_	_
6.7	371	[33]	,	b	_
6.7	372	[1]	ᾧ	_	_
6.7	373	[1]	ἐγγὺς	_	_
6.7	374	[1]	ἤρτηται	_	_
6.7	375	[7]	τὸ	_	_
6.7	376	[1]	περικάρδιον	_	_
6.7	377	[1]	σκέπασμα	_	_
6.7	378	[13]	.	b	_
6.7	379	[1]	τριττὴ	_	_
6.7	380	[3]	δὲ	_	_
6.7	381	[1]	αὕτη	_	_
6.7	382	[8]	τοῦ	_	_
6.7	383	[1]	θώρακός	_	_
6.7	384	[2]	ἐστιν	_	_
6.7	385	[1]	εὐρυχωρία	_	_
6.7	386	[1]	κατὰ	_	_
6.7	387	[1]	μέσα	_	_
6.7	388	[1]	τὰ	_	_
6.7	389	[1]	στέρνα	_	_
6.7	390	[34]	,	b	_
6.7	391	[1]	μηδετέρα	_	_
6.7	392	[1]	οὖσα	_	_
6.7	393	[6]	τῶν	_	_
6.7	394	[1]	ὑπολοίπων	_	_
6.7	395	[1]	δυοῖν	_	_
6.7	396	[14]	.	b	_
6.7	397	[1]	ἐὰν	_	_
6.7	398	[4]	οὖν	_	_
6.7	399	[1]	ἅμα	_	_
6.7	400	[6]	τε	_	_
6.7	401	[5]	τοῦτο	_	_
6.7	402	[1]	ποιήσῃς	_	_
6.7	403	[18]	καὶ	_	_
6.7	404	[1]	τέμῃς	_	_
6.7	405	[1]	ὄρθιον	_	_
6.7	406	[35]	,	b	_
6.7	407	[4]	ὡς	_	_
6.7	408	[1]	εἴρηται	_	_
6.7	409	[36]	,	b	_
6.7	410	[2]	τὸν	_	_
6.7	411	[2]	δεξιὸν	_	_
6.7	412	[2]	θώρακα	_	_
6.7	413	[37]	,	b	_
6.7	414	[10]	τῆς	_	_
6.7	415	[1]	δεξιᾶς	_	_
6.7	416	[1]	κοιλίας	_	_
6.7	417	[11]	τῆς	_	_
6.7	418	[6]	καρδίας	_	_
6.7	419	[2]	ἐναργῶς	_	_
6.7	420	[1]	ὄψει	_	_
6.7	421	[3]	τὸν	_	_
6.7	422	[1]	σφυγμόν	_	_
6.7	423	[15]	.	b	_
6.7	424	[4]	οὐ	_	_
6.7	425	[1]	λήσεταί	_	_
6.7	426	[1]	σε	_	_
6.7	427	[2]	οὐδὲ	_	_
6.7	428	[8]	τὸ	_	_
6.7	429	[1]	καταφυόμενον	_	_
6.7	430	[1]	εἰς	_	_
6.7	431	[2]	αὐτὴν	_	_
6.7	432	[1]	ἀγγεῖον	_	_
6.7	433	[38]	,	b	_
6.7	434	[1]	ὅπερ	_	_
6.7	435	[2]	ἐστὶν	_	_
6.7	436	[1]	ἀποβλάστημα	_	_
6.7	437	[12]	τῆς	_	_
6.7	438	[1]	κοίλης	_	_
6.7	439	[39]	,	b	_
6.7	440	[1]	ὁμοίως	_	_
6.7	441	[1]	ταῖς	_	_
6.7	442	[1]	ἀρτηρίαις	_	_
6.7	443	[1]	σφύζον	_	_
6.7	444	[16]	.	b	_
6.7	445	[1]	εἴτε	_	_
6.7	446	[4]	δὲ	_	_
6.7	447	[3]	τῷ	_	_
6.7	448	[1]	δέχεσθαι	_	_
6.7	449	[2]	δύναμιν	_	_
6.7	450	[2]	ἐκ	_	_
6.7	451	[13]	τῆς	_	_
6.7	452	[7]	καρδίας	_	_
6.7	453	[1]	ἄχρι	_	_
6.7	454	[9]	τοῦ	_	_
6.7	455	[1]	βράττεσθαι	_	_
6.7	456	[1]	ἐπιῤῥέουσαν	_	_
6.7	457	[40]	,	b	_
6.7	458	[2]	εἴτε	_	_
6.7	459	[10]	τοῦ	_	_
6.7	460	[1]	αἵματος	_	_
6.7	461	[14]	τῆς	_	_
6.7	462	[2]	ἐπὶ	_	_
6.7	463	[1]	τἀναντία	_	_
6.7	464	[1]	φορᾶς	_	_
6.7	465	[2]	τῇ	_	_
6.7	466	[2]	κατὰ	_	_
6.7	467	[9]	τὸ	_	_
6.7	468	[3]	δεξιὸν	_	_
6.7	469	[1]	οὖς	_	_
6.7	470	[41]	,	b	_
6.7	471	[3]	εἴτε	_	_
6.7	472	[1]	ἄλλῳ	_	_
6.7	473	[1]	τινὶ	_	_
6.7	474	[1]	τρόπῳ	_	_
6.7	475	[4]	τὴν	_	_
6.7	476	[2]	κίνησιν	_	_
6.7	477	[1]	ταύτην	_	_
6.7	478	[2]	ἡ	_	_
6.7	479	[1]	κοίλη	_	_
6.7	480	[1]	φλὲψ	_	_
6.7	481	[1]	λαμβάνει	_	_
6.7	482	[42]	,	b	_
6.7	483	[1]	περιττὸν	_	_
6.7	484	[2]	ἐν	_	_
6.7	485	[4]	τῷ	_	_
6.7	486	[1]	παρόντι	_	_
6.7	487	[1]	σκοπεῖν	_	_
6.7	488	[17]	.	b	_
6.7	489	[1]	ἱκανὸν	_	_
6.7	490	[4]	γὰρ	_	_
6.7	491	[2]	εἰς	_	_
6.7	492	[2]	τὰ	_	_
6.7	493	[1]	προκείμενα	_	_
6.7	494	[10]	τὸ	_	_
6.7	495	[1]	μηδ	_	_
6.7	496	[13]	’	b	_
6.7	497	[1]	ὅλως	_	_
6.7	498	[4]	σφύζειν	_	_
6.7	499	[3]	αὐτὴν	_	_
6.7	500	[43]	,	b	_
6.7	501	[2]	ὥσπερ	_	_
6.7	502	[5]	τὴν	_	_
6.7	503	[1]	μεγάλην	_	_
6.7	504	[2]	ἀρτηρίαν	_	_
6.7	505	[2]	ἅμα	_	_
6.7	506	[2]	ταῖς	_	_
6.7	507	[1]	ἄλλαις	_	_
6.7	508	[1]	ἁπάσαις	_	_
6.7	509	[3]	ταῖς	_	_
6.7	510	[3]	κατὰ	_	_
6.7	511	[11]	τὸ	_	_
6.7	512	[2]	σῶμα	_	_
6.7	513	[18]	.	b	_
6.7	514	[3]	ὅτι	_	_
6.7	515	[4]	μὲν	_	_
6.7	516	[5]	οὖν	_	_
6.7	517	[1]	οὔτε	_	_
6.7	518	[15]	τῆς	_	_
6.7	519	[1]	πρώτης	_	_
6.7	520	[1]	γενέσεως	_	_
6.7	521	[7]	τῶν	_	_
6.7	522	[1]	φλεβῶν	_	_
6.7	523	[44]	,	b	_
6.7	524	[2]	οὔτε	_	_
6.7	525	[16]	τῆς	_	_
6.7	526	[1]	μετὰ	_	_
6.7	527	[1]	ταῦτα	_	_
6.7	528	[1]	διοικήσεώς	_	_
6.7	529	[3]	ἐστιν	_	_
6.7	530	[1]	ἀρχὴ	_	_
6.7	531	[3]	ἡ	_	_
6.7	532	[2]	καρδία	_	_
6.7	533	[45]	,	b	_
6.7	534	[1]	δέδεικται	_	_
6.7	535	[1]	σαφῶς	_	_
6.7	536	[19]	.	b	_
6.8	1	[1]	Ὑπόλοιπον	_	_
6.8	2	[1]	δ	_	_
6.8	3	[1]	’	b	_
6.8	4	[1]	ἐστὶν	_	_
6.8	5	[1]	,	b	_
6.8	6	[1]	ὑπὲρ	_	_
6.8	7	[1]	οὗ	_	_
6.8	8	[1]	ἐδόξασάν	_	_
6.8	9	[1]	τινες	_	_
6.8	10	[1]	ἄτοπον	_	_
6.8	11	[1]	μὲν	_	_
6.8	12	[1]	ἱκανῶς	_	_
6.8	13	[2]	,	b	_
6.8	14	[1]	ὅμως	_	_
6.8	15	[1]	δὲ	_	_
6.8	16	[1]	ἀρέσαν	_	_
6.8	17	[1]	ἐνίοις	_	_
6.8	18	[1]	τῶν	_	_
6.8	19	[1]	ἐνδόξων	_	_
6.8	20	[1]	ἰατρῶν	_	_
6.8	21	[3]	,	b	_
6.8	22	[1]	ἐξηγήσασθαι	_	_
6.8	23	[2]	μὲν	_	_
6.8	24	[1]	πρότερον	_	_
6.8	25	[4]	,	b	_
6.8	26	[1]	ἐπιδεῖξαι	_	_
6.8	27	[2]	δ	_	_
6.8	28	[2]	’	b	_
6.8	29	[1]	ἔτι	_	_
6.8	30	[5]	,	b	_
6.8	31	[1]	καθ	_	_
6.8	32	[3]	’	b	_
6.8	33	[1]	ὅ	_	_
6.8	34	[1]	τι	_	_
6.8	35	[1]	διήμαρται	_	_
6.8	36	[1]	.	b	_
6.8	37	[1]	φασὶ	_	_
6.8	38	[1]	γὰρ	_	_
6.8	39	[6]	,	b	_
6.8	40	[1]	ὥσπερ	_	_
6.8	41	[1]	ὁδοῦ	_	_
6.8	42	[1]	τις	_	_
6.8	43	[1]	ἀρχὴ	_	_
6.8	44	[1]	λέγεται	_	_
6.8	45	[7]	,	b	_
6.8	46	[1]	κατὰ	_	_
6.8	47	[1]	τὸν	_	_
6.8	48	[1]	αὐτὸν	_	_
6.8	49	[1]	ἐγχωρεῖν	_	_
6.8	50	[1]	τρόπον	_	_
6.8	51	[1]	εἶναί	_	_
6.8	52	[1]	τινα	_	_
6.8	53	[1]	καὶ	_	_
6.8	54	[1]	φλεβῶν	_	_
6.8	55	[1]	ἀρχὴν	_	_
6.8	56	[8]	,	b	_
6.8	57	[1]	οὐδὲν	_	_
6.8	58	[1]	κωλῦον	_	_
6.8	59	[9]	,	b	_
6.8	60	[1]	εἰ	_	_
6.8	61	[2]	καὶ	_	_
6.8	62	[1]	τελευτὴν	_	_
6.8	63	[1]	ὀνομάζει	_	_
6.8	64	[2]	τις	_	_
6.8	65	[1]	αὐτήν	_	_
6.8	66	[1]	·	b	_
6.8	67	[1]	ἐν	_	_
6.8	68	[2]	γὰρ	_	_
6.8	69	[1]	τῷ	_	_
6.8	70	[1]	πρός	_	_
6.8	71	[2]	τι	_	_
6.8	72	[1]	τὴν	_	_
6.8	73	[1]	τοιαύτην	_	_
6.8	74	[2]	ἀρχὴν	_	_
6.8	75	[1]	εἶναι	_	_
6.8	76	[1]	τὰς	_	_
6.8	77	[1]	Ἀθήνας	_	_
6.8	78	[2]	.	b	_
6.8	79	[1]	ἀλλὰ	_	_
6.8	80	[2]	κατὰ	_	_
6.8	81	[1]	τοῦτόν	_	_
6.8	82	[1]	γε	_	_
6.8	83	[2]	τὸν	_	_
6.8	84	[2]	τρόπον	_	_
6.8	85	[1]	οὐχ	_	_
6.8	86	[1]	ἡ	_	_
6.8	87	[1]	καρδία	_	_
6.8	88	[1]	μόνον	_	_
6.8	89	[10]	,	b	_
6.8	90	[2]	ἀλλὰ	_	_
6.8	91	[3]	καὶ	_	_
6.8	92	[1]	πᾶν	_	_
6.8	93	[1]	ἄλλο	_	_
6.8	94	[1]	μόριον	_	_
6.8	95	[1]	ἀρχή	_	_
6.8	96	[1]	τε	_	_
6.8	97	[1]	ἅμα	_	_
6.8	98	[1]	δύναται	_	_
6.8	99	[4]	καὶ	_	_
6.8	100	[1]	τελευτὴ	_	_
6.8	101	[1]	λέγεσθαι	_	_
6.8	102	[2]	τῶν	_	_
6.8	103	[1]	εἰς	_	_
6.8	104	[1]	αὐτὸ	_	_
6.8	105	[1]	καταφερομένων	_	_
6.8	106	[1]	ἀγγείων	_	_
6.8	107	[3]	.	b	_
6.8	108	[1]	οὕτως	_	_
6.8	109	[1]	οὖν	_	_
6.8	110	[5]	καὶ	_	_
6.8	111	[2]	ἡ	_	_
6.8	112	[2]	καρδία	_	_
6.8	113	[1]	τῆς	_	_
6.8	114	[1]	κοίλης	_	_
6.8	115	[1]	φλεβὸς	_	_
6.8	116	[2]	οὐδὲν	_	_
6.8	117	[1]	ἂν	_	_
6.8	118	[1]	μᾶλλον	_	_
6.8	119	[2]	ἀρχὴ	_	_
6.8	120	[1]	ἢ	_	_
6.8	121	[2]	τελευτὴ	_	_
6.8	122	[1]	νομίζοιτο	_	_
6.8	123	[4]	.	b	_
6.8	124	[2]	τῆς	_	_
6.8	125	[3]	δ	_	_
6.8	126	[4]	’	b	_
6.8	127	[1]	ἐπὶ	_	_
6.8	128	[1]	ταῖς	_	_
6.8	129	[1]	πύλαις	_	_
6.8	130	[1]	οὐδαμῶς	_	_
6.8	131	[2]	ἂν	_	_
6.8	132	[3]	ἀρχὴ	_	_
6.8	133	[2]	ἢ	_	_
6.8	134	[3]	τελευτὴ	_	_
6.8	135	[2]	νομίζοιτο	_	_
6.8	136	[11]	,	b	_
6.8	137	[1]	μήτ	_	_
6.8	138	[5]	’	b	_
6.8	139	[1]	αὐτῆς	_	_
6.8	140	[1]	ἐκείνης	_	_
6.8	141	[3]	τῆς	_	_
6.8	142	[2]	φλεβὸς	_	_
6.8	143	[2]	εἰς	_	_
6.8	144	[2]	τὴν	_	_
6.8	145	[1]	καρδίαν	_	_
6.8	146	[1]	περαινούσης	_	_
6.8	147	[12]	,	b	_
6.8	148	[1]	μήτε	_	_
6.8	149	[3]	τῶν	_	_
6.8	150	[1]	ἀπ	_	_
6.8	151	[6]	’	b	_
6.8	152	[2]	αὐτῆς	_	_
6.8	153	[1]	ἀποσχιζομένων	_	_
6.8	154	[1]	μηδεμιᾶς	_	_
6.8	155	[13]	,	b	_
6.8	156	[1]	οὐκοῦν	_	_
6.8	157	[1]	οὐδὲ	_	_
6.8	158	[4]	τῶν	_	_
6.8	159	[2]	καθ	_	_
6.8	160	[7]	’	b	_
6.8	161	[1]	ὅλον	_	_
6.8	162	[1]	τὸ	_	_
6.8	163	[1]	σῶμα	_	_
6.8	164	[2]	φλεβῶν	_	_
6.8	165	[5]	.	b	_
6.8	166	[1]	ὥστε	_	_
6.8	167	[1]	διαμαρτάνουσιν	_	_
6.8	168	[1]	οἱ	_	_
6.8	169	[1]	μηδὲν	_	_
6.8	170	[1]	ὧν	_	_
6.8	171	[1]	οἴδασι	_	_
6.8	172	[1]	δέον	_	_
6.8	173	[1]	ὁδῶν	_	_
6.8	174	[1]	μνημονεύοντες	_	_
6.8	175	[2]	·	b	_
6.8	176	[1]	ἄχρηστος	_	_
6.8	177	[3]	γὰρ	_	_
6.8	178	[3]	ἡ	_	_
6.8	179	[1]	τοιαύτη	_	_
6.8	180	[1]	ζήτησις	_	_
6.8	181	[1]	τοῖς	_	_
6.8	182	[1]	ὑποθεμένοις	_	_
6.8	183	[2]	γε	_	_
6.8	184	[14]	,	b	_
6.8	185	[1]	χρήσιμον	_	_
6.8	186	[1]	ὑπάρχειν	_	_
6.8	187	[2]	αὐτήν	_	_
6.8	188	[6]	.	b	_
6.8	189	[2]	τὸ	_	_
6.8	190	[3]	μὲν	_	_
6.8	191	[1]	δὴ	_	_
6.8	192	[1]	ἧπαρ	_	_
6.8	193	[2]	ἀρχή	_	_
6.8	194	[2]	τε	_	_
6.8	195	[2]	ἅμα	_	_
6.8	196	[6]	καὶ	_	_
6.8	197	[4]	τελευτὴ	_	_
6.8	198	[1]	συναπασῶν	_	_
6.8	199	[1]	ἔσται	_	_
6.8	200	[5]	τῶν	_	_
6.8	201	[3]	φλεβῶν	_	_
6.8	202	[15]	,	b	_
6.8	203	[2]	ἄλλο	_	_
6.8	204	[4]	δ	_	_
6.8	205	[8]	’	b	_
6.8	206	[3]	οὐδὲν	_	_
6.8	207	[1]	οὔτε	_	_
6.8	208	[1]	σπλάγχνον	_	_
6.8	209	[2]	οὔτε	_	_
6.8	210	[1]	μέρος	_	_
6.8	211	[16]	,	b	_
6.8	212	[1]	ὅτι	_	_
6.8	213	[1]	μηδὲ	_	_
6.8	214	[1]	συνεχεῖς	_	_
6.8	215	[1]	εἰσιν	_	_
6.8	216	[1]	αἱ	_	_
6.8	217	[3]	καθ	_	_
6.8	218	[9]	’	b	_
6.8	219	[2]	ὅλον	_	_
6.8	220	[3]	τὸ	_	_
6.8	221	[2]	σῶμα	_	_
6.8	222	[1]	φλέβες	_	_
6.8	223	[1]	ἑτέρῳ	_	_
6.8	224	[1]	τινὶ	_	_
6.8	225	[1]	μορίῳ	_	_
6.8	226	[7]	.	b	_
6.8	227	[1]	πάλιν	_	_
6.8	228	[2]	οὖν	_	_
6.8	229	[1]	ἄνωθεν	_	_
6.8	230	[2]	ἐπὶ	_	_
6.8	231	[1]	κεφαλαίων	_	_
6.8	232	[1]	ἀναλάβωμεν	_	_
6.8	233	[3]	τὸν	_	_
6.8	234	[1]	λόγον	_	_
6.8	235	[8]	.	b	_
6.8	236	[2]	εἰ	_	_
6.8	237	[3]	τὴν	_	_
6.8	238	[4]	τῆς	_	_
6.8	239	[1]	πρώτης	_	_
6.8	240	[1]	γενέσεως	_	_
6.8	241	[3]	ἀρχὴν	_	_
6.8	242	[6]	τῶν	_	_
6.8	243	[4]	φλεβῶν	_	_
6.8	244	[1]	ζητεῖς	_	_
6.8	245	[17]	,	b	_
6.8	246	[1]	ἧπάρ	_	_
6.8	247	[1]	ἐστιν	_	_
6.8	248	[3]	·	b	_
6.8	249	[3]	εἰ	_	_
6.8	250	[5]	τῆς	_	_
6.8	251	[3]	κατὰ	_	_
6.8	252	[4]	τὴν	_	_
6.8	253	[1]	ὕλην	_	_
6.8	254	[1]	διοικήσεως	_	_
6.8	255	[18]	,	b	_
6.8	256	[1]	ᾗ	_	_
6.8	257	[1]	τρέφεται	_	_
6.8	258	[4]	τὸ	_	_
6.8	259	[1]	σύμπαν	_	_
6.8	260	[3]	σῶμα	_	_
6.8	261	[19]	,	b	_
6.8	262	[7]	καὶ	_	_
6.8	263	[1]	δυνάμεως	_	_
6.8	264	[20]	,	b	_
6.8	265	[1]	οὐδ	_	_
6.8	266	[10]	’	b	_
6.8	267	[2]	οὕτως	_	_
6.8	268	[3]	ἄλλο	_	_
6.8	269	[3]	τι	_	_
6.8	270	[2]	σπλάγχνον	_	_
6.8	271	[1]	εὑρήσεις	_	_
6.8	272	[1]	ἐπιτηδειότατον	_	_
6.8	273	[4]	ἀρχὴν	_	_
6.8	274	[1]	νομισθῆναι	_	_
6.8	275	[9]	.	b	_
6.8	276	[1]	φημὶ	_	_
6.8	277	[4]	γὰρ	_	_
6.8	278	[8]	καὶ	_	_
6.8	279	[2]	τὰς	_	_
6.8	280	[1]	φύσει	_	_
6.8	281	[1]	παρελθὼν	_	_
6.8	282	[1]	ἀρχὰς	_	_
6.8	283	[21]	,	b	_
6.8	284	[4]	εἰ	_	_
6.8	285	[5]	τὴν	_	_
6.8	286	[1]	ὡς	_	_
6.8	287	[1]	διδασκαλίας	_	_
6.8	288	[5]	ἀρχὴν	_	_
6.8	289	[22]	,	b	_
6.8	290	[3]	ἢ	_	_
6.8	291	[6]	τὴν	_	_
6.8	292	[2]	ὡς	_	_
6.8	293	[1]	ὁδὸν	_	_
6.8	294	[23]	,	b	_
6.8	295	[4]	ἢ	_	_
6.8	296	[1]	ὁπωσοῦν	_	_
6.8	297	[1]	ἄλλως	_	_
6.8	298	[1]	ἐθέλοις	_	_
6.8	299	[1]	σκοπεῖσθαι	_	_
6.8	300	[24]	,	b	_
6.8	301	[1]	πᾶσαν	_	_
6.8	302	[1]	ἐπίνοιαν	_	_
6.8	303	[1]	ἀρχῆς	_	_
6.8	304	[1]	ἐπιτήδειόν	_	_
6.8	305	[1]	ἐστι	_	_
6.8	306	[1]	δέξασθαι	_	_
6.8	307	[5]	τὸ	_	_
6.8	308	[2]	ἧπαρ	_	_
6.8	309	[10]	.	b	_
6.8	310	[5]	εἰ	_	_
6.8	311	[5]	γὰρ	_	_
6.8	312	[1]	ὄντως	_	_
6.8	313	[3]	τε	_	_
6.8	314	[9]	καὶ	_	_
6.8	315	[2]	φύσει	_	_
6.8	316	[7]	τῶν	_	_
6.8	317	[5]	φλεβῶν	_	_
6.8	318	[2]	ἐστιν	_	_
6.8	319	[4]	ἀρχὴ	_	_
6.8	320	[25]	,	b	_
6.8	321	[1]	θαυμαστὸν	_	_
6.8	322	[1]	τοῦτο	_	_
6.8	323	[4]	κατὰ	_	_
6.8	324	[1]	πάντα	_	_
6.8	325	[3]	τρόπον	_	_
6.8	326	[6]	ἀρχὴν	_	_
6.8	327	[1]	αὐτῶν	_	_
6.8	328	[1]	εὑρίσκεσθαι	_	_
6.8	329	[11]	.	b	_
6.8	330	[1]	ἆρ	_	_
6.8	331	[11]	’	b	_
6.8	332	[3]	οὖν	_	_
6.8	333	[1]	ἤδη	_	_
6.8	334	[1]	καταπαύωμεν	_	_
6.8	335	[1]	ἐνταυθοῖ	_	_
6.8	336	[4]	τὸν	_	_
6.8	337	[2]	λόγον	_	_
6.8	338	[26]	,	b	_
6.8	339	[5]	ἢ	_	_
6.8	340	[1]	προστιθῶμεν	_	_
6.8	341	[1]	αὐτῷ	_	_
6.8	342	[1]	κεφάλαιον	_	_
6.8	343	[1]	ἕν	_	_
6.8	344	[4]	τι	_	_
6.8	345	[8]	τῶν	_	_
6.8	346	[1]	ἔμπροσθεν	_	_
6.8	347	[1]	ἀναβληθέντων	_	_
6.8	348	[27]	,	b	_
6.8	349	[1]	ἡνίκ	_	_
6.8	350	[12]	’	b	_
6.8	351	[1]	ἐλέγομεν	_	_
6.8	352	[28]	,	b	_
6.8	353	[1]	οὐκ	_	_
6.8	354	[1]	ἄν	_	_
6.8	355	[2]	τινα	_	_
6.8	356	[1]	γεγυμνασμένον	_	_
6.8	357	[2]	ἐν	_	_
6.8	358	[2]	τοῖς	_	_
6.8	359	[1]	περὶ	_	_
6.8	360	[9]	τῶν	_	_
6.8	361	[1]	φυσικῶν	_	_
6.8	362	[1]	δυνάμεων	_	_
6.8	363	[1]	λογισμοῖς	_	_
6.8	364	[4]	ἄλλο	_	_
6.8	365	[2]	γενέσεως	_	_
6.8	366	[1]	αἵματος	_	_
6.8	367	[1]	ἀποφαίνεσθαι	_	_
6.8	368	[3]	σπλάγχνον	_	_
6.8	369	[1]	αἰτιώτερον	_	_
6.8	370	[1]	ἥπατος	_	_
6.8	371	[1]	;	b	_
6.8	372	[1]	ἄμεινον	_	_
6.8	373	[1]	ἴσως	_	_
6.8	374	[2]	ἐστὶν	_	_
6.8	375	[2]	ὑπὲρ	_	_
6.8	376	[1]	τοῦ	_	_
6.8	377	[1]	πάντ	_	_
6.8	378	[13]	’	b	_
6.8	379	[1]	εἰρῆσθαι	_	_
6.8	380	[1]	προσθεῖναι	_	_
6.8	381	[29]	,	b	_
6.8	382	[1]	κᾂν	_	_
6.8	383	[2]	ὅτι	_	_
6.8	384	[1]	μάλιστα	_	_
6.8	385	[6]	τὸ	_	_
6.8	386	[1]	προκείμενον	_	_
6.8	387	[1]	ἐξ	_	_
6.8	388	[2]	ἀρχῆς	_	_
6.8	389	[1]	ἀποδεδειγμένον	_	_
6.8	390	[1]	ὑπάρχει	_	_
6.8	391	[1]	τελέως	_	_
6.8	392	[12]	.	b	_
6.8	393	[3]	ὅτι	_	_
6.8	394	[4]	μὲν	_	_
6.8	395	[1]	ἀλλοιοῦται	_	_
6.8	396	[7]	τὸ	_	_
6.8	397	[1]	τρέφον	_	_
6.8	398	[3]	εἰς	_	_
6.8	399	[7]	τὴν	_	_
6.8	400	[2]	τοῦ	_	_
6.8	401	[1]	τρεφομένου	_	_
6.8	402	[1]	μεταβαλλόμενον	_	_
6.8	403	[1]	οὐσίαν	_	_
6.8	404	[30]	,	b	_
6.8	405	[1]	ἡμῖν	_	_
6.8	406	[4]	τε	_	_
6.8	407	[1]	δι	_	_
6.8	408	[14]	’	b	_
6.8	409	[1]	ἑτέρων	_	_
6.8	410	[1]	ἀποδέδεικται	_	_
6.8	411	[10]	καὶ	_	_
6.8	412	[1]	σχεδὸν	_	_
6.8	413	[1]	ὑπὸ	_	_
6.8	414	[10]	τῶν	_	_
6.8	415	[1]	ἀρίστων	_	_
6.8	416	[2]	ἰατρῶν	_	_
6.8	417	[5]	τε	_	_
6.8	418	[11]	καὶ	_	_
6.8	419	[1]	φιλοσόφων	_	_
6.8	420	[2]	ἀποδέδεικται	_	_
6.8	421	[13]	.	b	_
6.8	422	[4]	ὅτι	_	_
6.8	423	[5]	δ	_	_
6.8	424	[15]	’	b	_
6.8	425	[31]	,	b	_
6.8	426	[1]	εἴπερ	_	_
6.8	427	[1]	ὁ	_	_
6.8	428	[1]	ἐκ	_	_
6.8	429	[6]	τῆς	_	_
6.8	430	[1]	γαστρὸς	_	_
6.8	431	[4]	εἰς	_	_
6.8	432	[3]	ἧπαρ	_	_
6.8	433	[1]	ἀναδιδόμενος	_	_
6.8	434	[1]	χυμὸς	_	_
6.8	435	[1]	αἷμα	_	_
6.8	436	[1]	φαίνεται	_	_
6.8	437	[1]	γιγνόμενος	_	_
6.8	438	[32]	,	b	_
6.8	439	[1]	ἀναγκαῖον	_	_
6.8	440	[2]	ὑπὸ	_	_
6.8	441	[7]	τῆς	_	_
6.8	442	[1]	οἰκείας	_	_
6.8	443	[1]	οὐσίας	_	_
6.8	444	[3]	τοῦ	_	_
6.8	445	[2]	ἥπατος	_	_
6.8	446	[1]	ἐγγίγνεσθαι	_	_
6.8	447	[8]	τὴν	_	_
6.8	448	[1]	ἀλλοίωσιν	_	_
6.8	449	[1]	αὐτὴν	_	_
6.8	450	[33]	,	b	_
6.8	451	[1]	τοῦτ	_	_
6.8	452	[16]	’	b	_
6.8	453	[1]	οὐκέτι	_	_
6.8	454	[1]	σύμπαντες	_	_
6.8	455	[1]	ὁμολογοῦσιν	_	_
6.8	456	[34]	,	b	_
6.8	457	[1]	ἀλλ	_	_
6.8	458	[17]	’	b	_
6.8	459	[1]	ἡγοῦνταί	_	_
6.8	460	[2]	τινες	_	_
6.8	461	[35]	,	b	_
6.8	462	[1]	αὐτοὺς	_	_
6.8	463	[11]	τῶν	_	_
6.8	464	[6]	φλεβῶν	_	_
6.8	465	[1]	τοὺς	_	_
6.8	466	[1]	χιτῶνας	_	_
6.8	467	[1]	ἐργάζεσθαι	_	_
6.8	468	[8]	τὸ	_	_
6.8	469	[2]	αἷμα	_	_
6.8	470	[14]	.	b	_
6.8	471	[1]	καίτοι	_	_
6.8	472	[1]	γ	_	_
6.8	473	[18]	’	b	_
6.8	474	[36]	,	b	_
6.8	475	[6]	εἰ	_	_
6.8	476	[1]	ἐκκενώσαις	_	_
6.8	477	[2]	αὐτοὺς	_	_
6.8	478	[37]	,	b	_
6.8	479	[4]	οὐδὲν	_	_
6.8	480	[1]	ὑμενώδους	_	_
6.8	481	[6]	ἢ	_	_
6.8	482	[1]	νευρώδους	_	_
6.8	483	[2]	οὐσίας	_	_
6.8	484	[1]	θεάσῃ	_	_
6.8	485	[1]	διαφέροντας	_	_
6.8	486	[15]	.	b	_
6.8	487	[2]	ὥσπερ	_	_
6.8	488	[4]	οὖν	_	_
6.8	489	[38]	,	b	_
6.8	490	[1]	εἴ	_	_
6.8	491	[3]	τις	_	_
6.8	492	[3]	ὑπὸ	_	_
6.8	493	[1]	νεύρων	_	_
6.8	494	[39]	,	b	_
6.8	495	[7]	ἢ	_	_
6.8	496	[1]	ὑμένων	_	_
6.8	497	[40]	,	b	_
6.8	498	[8]	ἢ	_	_
6.8	499	[1]	ὀστῶν	_	_
6.8	500	[41]	,	b	_
6.8	501	[9]	ἢ	_	_
6.8	502	[1]	χόνδρων	_	_
6.8	503	[42]	,	b	_
6.8	504	[10]	ἢ	_	_
6.8	505	[1]	πιμελῆς	_	_
6.8	506	[43]	,	b	_
6.8	507	[11]	ἢ	_	_
6.8	508	[1]	ὅλως	_	_
6.8	509	[1]	ἀναίμου	_	_
6.8	510	[1]	σώματος	_	_
6.8	511	[1]	ἔφασκε	_	_
6.8	512	[1]	γίγνεσθαι	_	_
6.8	513	[9]	τὸ	_	_
6.8	514	[3]	αἷμα	_	_
6.8	515	[44]	,	b	_
6.8	516	[1]	κατέγνωμεν	_	_
6.8	517	[3]	ἂν	_	_
6.8	518	[1]	ἑτοίμως	_	_
6.8	519	[1]	αὐτοῦ	_	_
6.8	520	[45]	,	b	_
6.8	521	[5]	κατὰ	_	_
6.8	522	[5]	τὸν	_	_
6.8	523	[2]	αὐτὸν	_	_
6.8	524	[46]	,	b	_
6.8	525	[1]	οἶμαι	_	_
6.8	526	[47]	,	b	_
6.8	527	[4]	τρόπον	_	_
6.8	528	[48]	,	b	_
6.8	529	[7]	εἰ	_	_
6.8	530	[12]	καὶ	_	_
6.8	531	[3]	τοῖς	_	_
6.8	532	[12]	τῶν	_	_
6.8	533	[7]	φλεβῶν	_	_
6.8	534	[1]	χιτῶσι	_	_
6.8	535	[6]	κατὰ	_	_
6.8	536	[9]	τὴν	_	_
6.8	537	[1]	ἑαυτῶν	_	_
6.8	538	[1]	φύσιν	_	_
6.8	539	[1]	ἀναφέροι	_	_
6.8	540	[1]	γένεσιν	_	_
6.8	541	[2]	αἵματος	_	_
6.8	542	[16]	.	b	_
6.8	543	[1]	οὐ	_	_
6.8	544	[6]	γὰρ	_	_
6.8	545	[1]	ἐρυθρὸν	_	_
6.8	546	[1]	ἐκεῖνοί	_	_
6.8	547	[3]	γε	_	_
6.8	548	[1]	χυμὸν	_	_
6.8	549	[49]	,	b	_
6.8	550	[3]	ἀλλὰ	_	_
6.8	551	[1]	λευκὸν	_	_
6.8	552	[13]	καὶ	_	_
6.8	553	[1]	γλίσχρον	_	_
6.8	554	[2]	ἐργάζεσθαι	_	_
6.8	555	[1]	πεφύκασιν	_	_
6.8	556	[50]	,	b	_
6.8	557	[2]	ἐξ	_	_
6.8	558	[1]	οὑ	_	_
6.8	559	[1]	ἥ	_	_
6.8	560	[6]	τε	_	_
6.8	561	[1]	γένεσις	_	_
6.8	562	[1]	αὐτοῖς	_	_
6.8	563	[3]	ἐστιν	_	_
6.8	564	[51]	,	b	_
6.8	565	[2]	ἥ	_	_
6.8	566	[1]	τ	_	_
6.8	567	[19]	’	b	_
6.8	568	[1]	αὔξησίς	_	_
6.8	569	[7]	τε	_	_
6.8	570	[14]	καὶ	_	_
6.8	571	[1]	θρέψις	_	_
6.8	572	[17]	.	b	_
6.8	573	[3]	ἀποδέδεικται	_	_
6.8	574	[2]	δὲ	_	_
6.8	575	[2]	περὶ	_	_
6.8	576	[1]	τούτων	_	_
6.8	577	[3]	ἐν	_	_
6.8	578	[2]	τῷ	_	_
6.8	579	[1]	προτέρῳ	_	_
6.8	580	[3]	περὶ	_	_
6.8	581	[1]	σπέρματος	_	_
6.8	582	[1]	γράμματι	_	_
6.8	583	[18]	.	b	_
6.8	584	[15]	καὶ	_	_
6.8	585	[1]	μὴν	_	_
6.8	586	[52]	,	b	_
6.8	587	[1]	εἵπερ	_	_
6.8	588	[5]	εἰς	_	_
6.8	589	[1]	ὁμοίαν	_	_
6.8	590	[1]	ἰδέαν	_	_
6.8	591	[3]	τῷ	_	_
6.8	592	[1]	μεταβάλλοντι	_	_
6.8	593	[10]	τὸ	_	_
6.8	594	[2]	μεταβαλλόμενον	_	_
6.8	595	[1]	ἀφικνεῖται	_	_
6.8	596	[53]	,	b	_
6.8	597	[8]	τῆς	_	_
6.8	598	[4]	τοῦ	_	_
6.8	599	[3]	ἥπατος	_	_
6.8	600	[2]	αὐτοῦ	_	_
6.8	601	[1]	σαρκὸς	_	_
6.8	602	[5]	οὐδὲν	_	_
6.8	603	[4]	ἂν	_	_
6.8	604	[1]	εὕροις	_	_
6.8	605	[1]	ἐπιτηδειότερον	_	_
6.8	606	[6]	εἰς	_	_
6.8	607	[3]	αἵματος	_	_
6.8	608	[2]	γένεσιν	_	_
6.8	609	[19]	.	b	_
6.8	610	[8]	εἰ	_	_
6.8	611	[7]	γὰρ	_	_
6.8	612	[1]	παχυνθείη	_	_
6.8	613	[11]	τὸ	_	_
6.8	614	[4]	αἷμα	_	_
6.8	615	[54]	,	b	_
6.8	616	[1]	σὰρξ	_	_
6.8	617	[4]	ἥπατος	_	_
6.8	618	[1]	ἀκριβὴς	_	_
6.8	619	[1]	ἀπεργασθήσεται	_	_
6.8	620	[20]	.	b	_
6.8	621	[1]	πολλὰ	_	_
6.8	622	[6]	δ	_	_
6.8	623	[20]	’	b	_
6.8	624	[1]	ἀγνοήσαντες	_	_
6.8	625	[55]	,	b	_
6.8	626	[2]	οἶμαι	_	_
6.8	627	[56]	,	b	_
6.8	628	[13]	τῶν	_	_
6.8	629	[2]	φυσικῶν	_	_
6.8	630	[2]	οἱ	_	_
6.8	631	[1]	πλεῖστοι	_	_
6.8	632	[1]	πράγμαθ	_	_
6.8	633	[21]	’	b	_
6.8	634	[2]	ἡμῖν	_	_
6.8	635	[1]	παρέχουσιν	_	_
6.8	636	[57]	,	b	_
6.8	637	[2]	ὧν	_	_
6.8	638	[1]	ἄλλα	_	_
6.8	639	[1]	τέ	_	_
6.8	640	[1]	τινά	_	_
6.8	641	[2]	ἐστι	_	_
6.8	642	[16]	καὶ	_	_
6.8	643	[1]	τὰ	_	_
6.8	644	[1]	διὰ	_	_
6.8	645	[9]	τῆς	_	_
6.8	646	[4]	περὶ	_	_
6.8	647	[14]	τῶν	_	_
6.8	648	[3]	φυσικῶν	_	_
6.8	649	[2]	δυνάμεων	_	_
6.8	650	[1]	πραγματείας	_	_
6.8	651	[1]	ἀποδεδειγμένα	_	_
6.8	652	[21]	.	b	_
6.8	653	[1]	περιστέλλεται	_	_
6.8	654	[8]	γὰρ	_	_
6.8	655	[4]	ἡ	_	_
6.8	656	[1]	γαστὴρ	_	_
6.8	657	[4]	τοῖς	_	_
6.8	658	[1]	σιτίοις	_	_
6.8	659	[58]	,	b	_
6.8	660	[1]	ἕλκουσα	_	_
6.8	661	[6]	τὸν	_	_
6.8	662	[1]	οἰκεῖον	_	_
6.8	663	[1]	ἑαυτῇ	_	_
6.8	664	[2]	χυμὸν	_	_
6.8	665	[3]	ἐξ	_	_
6.8	666	[2]	αὐτῶν	_	_
6.8	667	[59]	,	b	_
6.8	668	[1]	ἔστ	_	_
6.8	669	[22]	’	b	_
6.8	670	[5]	ἂν	_	_
6.8	671	[1]	ἀπολαύσασα	_	_
6.8	672	[17]	καὶ	_	_
6.8	673	[2]	τελέως	_	_
6.8	674	[1]	ἐμπλησθεῖσα	_	_
6.8	675	[1]	διώσηται	_	_
6.8	676	[12]	τὸ	_	_
6.8	677	[1]	περιττὸν	_	_
6.8	678	[1]	ἅπαν	_	_
6.8	679	[7]	εἰς	_	_
6.8	680	[10]	τὴν	_	_
6.8	681	[1]	νῆστιν	_	_
6.8	682	[22]	.	b	_
6.8	683	[1]	ἐντεῦθεν	_	_
6.8	684	[7]	δ	_	_
6.8	685	[23]	’	b	_
6.8	686	[1]	αὖθις	_	_
6.8	687	[1]	ἕλκει	_	_
6.8	688	[13]	τὸ	_	_
6.8	689	[4]	ἧπαρ	_	_
6.8	690	[8]	εἰς	_	_
6.8	691	[1]	ἑαυτὸ	_	_
6.8	692	[1]	προκατειργασμένον	_	_
6.8	693	[3]	αὐτὸν	_	_
6.8	694	[4]	ἐν	_	_
6.8	695	[1]	τῇ	_	_
6.8	696	[1]	γαστρὶ	_	_
6.8	697	[7]	κατὰ	_	_
6.8	698	[7]	τὸν	_	_
6.8	699	[2]	ἔμπροσθεν	_	_
6.8	700	[1]	χρόνον	_	_
6.8	701	[60]	,	b	_
6.8	702	[2]	οὐ	_	_
6.8	703	[1]	μὰ	_	_
6.8	704	[1]	Δία	_	_
6.8	705	[10]	τῆς	_	_
6.8	706	[2]	γαστρὸς	_	_
6.8	707	[1]	ἕνεκα	_	_
6.8	708	[5]	τοῦ	_	_
6.8	709	[5]	ἥπατος	_	_
6.8	710	[1]	ἀλλοιούσης	_	_
6.8	711	[4]	αὐτὸν	_	_
6.8	712	[61]	,	b	_
6.8	713	[4]	ἀλλὰ	_	_
6.8	714	[1]	ἀδύνατον	_	_
6.8	715	[9]	εἰς	_	_
6.8	716	[1]	ταὐτὸν	_	_
6.8	717	[1]	ἀλλήλοις	_	_
6.8	718	[1]	ἰόντα	_	_
6.8	719	[1]	δύο	_	_
6.8	720	[1]	σώματα	_	_
6.8	721	[1]	μὴ	_	_
6.8	722	[1]	δρᾷν	_	_
6.8	723	[18]	καὶ	_	_
6.8	724	[1]	πάσχειν	_	_
6.8	725	[10]	εἰς	_	_
6.8	726	[1]	ἄλληλα	_	_
6.8	727	[23]	.	b	_
6.8	728	[1]	δέδεικται	_	_
6.8	729	[9]	γὰρ	_	_
6.8	730	[2]	δὴ	_	_
6.8	731	[19]	καὶ	_	_
6.8	732	[1]	τοῦθ	_	_
6.8	733	[24]	’	b	_
6.8	734	[3]	ἡμῖν	_	_
6.8	735	[5]	ἐν	_	_
6.8	736	[1]	ἐκείνῃ	_	_
6.8	737	[2]	τῇ	_	_
6.8	738	[1]	πραγματείᾳ	_	_
6.8	739	[62]	,	b	_
6.8	740	[20]	καὶ	_	_
6.8	741	[3]	ὡς	_	_
6.8	742	[14]	τὸ	_	_
6.8	743	[1]	ἰσχυρότερον	_	_
6.8	744	[1]	νικᾷ	_	_
6.8	745	[21]	καὶ	_	_
6.8	746	[1]	μεταβάλλει	_	_
6.8	747	[1]	θάτερον	_	_
6.8	748	[24]	.	b	_
6.8	749	[3]	ὥσπερ	_	_
6.8	750	[5]	οὖν	_	_
6.8	751	[15]	τὸ	_	_
6.8	752	[11]	τῆς	_	_
6.8	753	[3]	γαστρὸς	_	_
6.8	754	[1]	λείψανον	_	_
6.8	755	[1]	ἐπιτήδειον	_	_
6.8	756	[1]	γίνεται	_	_
6.8	757	[4]	τῷ	_	_
6.8	758	[1]	ἥπατι	_	_
6.8	759	[63]	,	b	_
6.8	760	[8]	κατὰ	_	_
6.8	761	[8]	τὸν	_	_
6.8	762	[5]	αὐτὸν	_	_
6.8	763	[5]	τρόπον	_	_
6.8	764	[4]	·	b	_
6.8	765	[5]	τοῖς	_	_
6.8	766	[1]	μεθ	_	_
6.8	767	[25]	’	b	_
6.8	768	[5]	ἧπαρ	_	_
6.8	769	[1]	ἅπασι	_	_
6.8	770	[16]	τὸ	_	_
6.8	771	[1]	τούτου	_	_
6.8	772	[2]	πάλιν	_	_
6.8	773	[3]	αὐτοῦ	_	_
6.8	774	[2]	περιττὸν	_	_
6.8	775	[64]	,	b	_
6.8	776	[2]	οὐδ	_	_
6.8	777	[26]	’	b	_
6.8	778	[6]	οὖν	_	_
6.8	779	[3]	οὐδ	_	_
6.8	780	[27]	’	b	_
6.8	781	[4]	αὐτοῦ	_	_
6.8	782	[6]	τοῦ	_	_
6.8	783	[6]	ἥπατος	_	_
6.8	784	[1]	ἐκείνων	_	_
6.8	785	[1]	ἕνεκεν	_	_
6.8	786	[1]	ἀλλοιώσαντος	_	_
6.8	787	[11]	τὴν	_	_
6.8	788	[1]	τροφὴν	_	_
6.8	789	[65]	,	b	_
6.8	790	[5]	ἀλλὰ	_	_
6.8	791	[4]	καθ	_	_
6.8	792	[28]	’	b	_
6.8	793	[1]	ὃν	_	_
6.8	794	[1]	εἴρηκα	_	_
6.8	795	[6]	τρόπον	_	_
6.8	796	[66]	,	b	_
6.8	797	[1]	ἡνίκα	_	_
6.8	798	[1]	μεταβάλλοντός	_	_
6.8	799	[8]	τε	_	_
6.8	800	[22]	καὶ	_	_
6.8	801	[1]	ἀλλοιοῦντος	_	_
6.8	802	[1]	ἐπιτηδειότερα	_	_
6.8	803	[6]	ἐν	_	_
6.8	804	[1]	τῷδε	_	_
6.8	805	[1]	γίγνεται	_	_
6.8	806	[6]	τοῖς	_	_
6.8	807	[2]	μεθ	_	_
6.8	808	[29]	’	b	_
6.8	809	[6]	ἧπαρ	_	_
6.8	810	[1]	μορίοις	_	_
6.8	811	[25]	.	b	_
6.8	812	[4]	ὡς	_	_
6.8	813	[10]	γὰρ	_	_
6.8	814	[2]	αὐτὸ	_	_
6.8	815	[2]	διὰ	_	_
6.8	816	[15]	τῶν	_	_
6.8	817	[8]	φλεβῶν	_	_
6.8	818	[1]	εἵλκυσεν	_	_
6.8	819	[2]	ἐκ	_	_
6.8	820	[1]	γαστρός	_	_
6.8	821	[9]	τε	_	_
6.8	822	[23]	καὶ	_	_
6.8	823	[16]	τῶν	_	_
6.8	824	[1]	ἐντέρων	_	_
6.8	825	[12]	τὴν	_	_
6.8	826	[2]	τροφὴν	_	_
6.8	827	[67]	,	b	_
6.8	828	[3]	οὕτως	_	_
6.8	829	[68]	,	b	_
6.8	830	[1]	ὅσα	_	_
6.8	831	[1]	μετ	_	_
6.8	832	[30]	’	b	_
6.8	833	[1]	ἐκεῖνο	_	_
6.8	834	[1]	τέτακται	_	_
6.8	835	[69]	,	b	_
6.8	836	[2]	δι	_	_
6.8	837	[31]	’	b	_
6.8	838	[1]	ἄλλων	_	_
6.8	839	[2]	ἕλκει	_	_
6.8	840	[9]	φλεβῶν	_	_
6.8	841	[11]	εἰς	_	_
6.8	842	[1]	ἑαυτὰ	_	_
6.8	843	[70]	,	b	_
6.8	844	[1]	κᾄπειτ	_	_
6.8	845	[32]	’	b	_
6.8	846	[2]	αὖθις	_	_
6.8	847	[1]	ἕτερα	_	_
6.8	848	[71]	,	b	_
6.8	849	[24]	καὶ	_	_
6.8	850	[2]	τοῦτο	_	_
6.8	851	[2]	ὑπάρχει	_	_
6.8	852	[1]	γιγνόμενον	_	_
6.8	853	[72]	,	b	_
6.8	854	[1]	ἄχρι	_	_
6.8	855	[1]	περ	_	_
6.8	856	[6]	ἂν	_	_
6.8	857	[12]	εἰς	_	_
6.8	858	[2]	ἅπαν	_	_
6.8	859	[1]	ἀφίκηται	_	_
6.8	860	[7]	τοῦ	_	_
6.8	861	[1]	ζώου	_	_
6.8	862	[2]	μόριον	_	_
6.8	863	[5]	ἡ	_	_
6.8	864	[1]	τροφὴ	_	_
6.8	865	[73]	,	b	_
6.8	866	[1]	παρασκευάζει	_	_
6.8	867	[8]	δ	_	_
6.8	868	[33]	’	b	_
6.8	869	[1]	ἕκαστον	_	_
6.8	870	[1]	ἀεὶ	_	_
6.8	871	[25]	καὶ	_	_
6.8	872	[1]	προπέττει	_	_
6.8	873	[17]	τὸ	_	_
6.8	874	[3]	μεθ	_	_
6.8	875	[34]	’	b	_
6.8	876	[1]	αὑτὸ	_	_
6.8	877	[9]	κατὰ	_	_
6.8	878	[18]	τὸ	_	_
6.8	879	[1]	συνεχὲς	_	_
6.8	880	[12]	τῆς	_	_
6.8	881	[1]	διαδόσεως	_	_
6.8	882	[26]	.	b	_
6.8	883	[4]	οὕτως	_	_
6.8	884	[7]	οὖν	_	_
6.8	885	[26]	καὶ	_	_
6.8	886	[19]	τὸ	_	_
6.8	887	[7]	ἧπαρ	_	_
6.8	888	[1]	παρομοιοῖ	_	_
6.8	889	[9]	τὸν	_	_
6.8	890	[3]	ἐκ	_	_
6.8	891	[13]	τῆς	_	_
6.8	892	[1]	κοιλίας	_	_
6.8	893	[1]	ἀναδοθέντα	_	_
6.8	894	[1]	χυλὸν	_	_
6.8	895	[1]	ἑαυτῷ	_	_
6.8	896	[74]	,	b	_
6.8	897	[1]	τοὐτέστι	_	_
6.8	898	[3]	τῇ	_	_
6.8	899	[1]	σαρκί	_	_
6.8	900	[10]	τε	_	_
6.8	901	[27]	καὶ	_	_
6.8	902	[4]	τῇ	_	_
6.8	903	[1]	οὐσίᾳ	_	_
6.8	904	[5]	τῇ	_	_
6.8	905	[1]	ἑαυτοῦ	_	_
6.8	906	[75]	,	b	_
6.8	907	[5]	τῷ	_	_
6.8	908	[1]	καλουμένῳ	_	_
6.8	909	[1]	πρὸς	_	_
6.8	910	[1]	ἐνίων	_	_
6.8	911	[3]	ἰατρῶν	_	_
6.8	912	[1]	παρεγχύματι	_	_
6.8	913	[27]	.	b	_
6.8	914	[2]	ἕκαστον	_	_
6.8	915	[11]	γὰρ	_	_
6.8	916	[17]	τῶν	_	_
6.8	917	[1]	ὀργανικῶν	_	_
6.8	918	[8]	τοῦ	_	_
6.8	919	[2]	ζώου	_	_
6.8	920	[1]	μορίων	_	_
6.8	921	[76]	,	b	_
6.8	922	[1]	σύνθετον	_	_
6.8	923	[1]	ὑπάρχον	_	_
6.8	924	[4]	ἐξ	_	_
6.8	925	[2]	ἑτέρων	_	_
6.8	926	[1]	ἁπλουστέρων	_	_
6.8	927	[2]	μορίων	_	_
6.8	928	[77]	,	b	_
6.8	929	[1]	πάντως	_	_
6.8	930	[1]	ἴδιόν	_	_
6.8	931	[5]	τι	_	_
6.8	932	[1]	τοιοῦτον	_	_
6.8	933	[3]	ὑπάρχει	_	_
6.8	934	[10]	κατὰ	_	_
6.8	935	[13]	τὴν	_	_
6.8	936	[2]	οὐσίαν	_	_
6.8	937	[78]	,	b	_
6.8	938	[1]	οἷον	_	_
6.8	939	[2]	οὐκ	_	_
6.8	940	[5]	ἄλλο	_	_
6.8	941	[5]	καθ	_	_
6.8	942	[35]	’	b	_
6.8	943	[1]	ὅλου	_	_
6.8	944	[9]	τοῦ	_	_
6.8	945	[3]	ζώου	_	_
6.8	946	[20]	τὸ	_	_
6.8	947	[4]	σῶμα	_	_
6.8	948	[28]	.	b	_
6.8	949	[21]	τὸ	_	_
6.8	950	[1]	γοῦν	_	_
6.8	951	[14]	τῆς	_	_
6.8	952	[4]	γαστρὸς	_	_
6.8	953	[5]	σῶμα	_	_
6.8	954	[22]	τὸ	_	_
6.8	955	[1]	ἴδιον	_	_
6.8	956	[2]	οἷον	_	_
6.8	957	[3]	οὐκ	_	_
6.8	958	[6]	ἄλλο	_	_
6.8	959	[18]	τῶν	_	_
6.8	960	[1]	πάντων	_	_
6.8	961	[1]	ἐστίν	_	_
6.8	962	[5]	·	b	_
6.8	963	[1]	ὡσαύτως	_	_
6.8	964	[3]	δὲ	_	_
6.8	965	[28]	καὶ	_	_
6.8	966	[23]	τὸ	_	_
6.8	967	[10]	τοῦ	_	_
6.8	968	[1]	σπληνὸς	_	_
6.8	969	[79]	,	b	_
6.8	970	[1]	ἐγκεφάλου	_	_
6.8	971	[11]	τε	_	_
6.8	972	[29]	καὶ	_	_
6.8	973	[1]	νεφρῶν	_	_
6.8	974	[80]	,	b	_
6.8	975	[30]	καὶ	_	_
6.8	976	[1]	γλώττης	_	_
6.8	977	[81]	,	b	_
6.8	978	[31]	καὶ	_	_
6.8	979	[1]	ὀφθαλμῶν	_	_
6.8	980	[82]	,	b	_
6.8	981	[32]	καὶ	_	_
6.8	982	[1]	κύστεων	_	_
6.8	983	[83]	,	b	_
6.8	984	[33]	καὶ	_	_
6.8	985	[1]	μητρῶν	_	_
6.8	986	[29]	.	b	_
6.8	987	[1]	ἀρτηρίαι	_	_
6.8	988	[5]	μὲν	_	_
6.8	989	[8]	οὖν	_	_
6.8	990	[34]	καὶ	_	_
6.8	991	[1]	νεῦρα	_	_
6.8	992	[35]	καὶ	_	_
6.8	993	[2]	φλέβες	_	_
6.8	994	[1]	ἐμφύονται	_	_
6.8	995	[7]	τοῖς	_	_
6.8	996	[1]	ὀργάνοις	_	_
6.8	997	[2]	ἕνεκα	_	_
6.8	998	[1]	χρείας	_	_
6.8	999	[1]	κοινῆς	_	_
6.8	1000	[84]	,	b	_
6.8	1001	[2]	ὡσαύτως	_	_
6.8	1002	[9]	δ	_	_
6.8	1003	[36]	’	b	_
6.8	1004	[2]	ἐνίοις	_	_
6.8	1005	[3]	αὐτῶν	_	_
6.8	1006	[1]	ὑμένες	_	_
6.8	1007	[12]	τε	_	_
6.8	1008	[36]	καὶ	_	_
6.8	1009	[1]	σύνδεσμοι	_	_
6.8	1010	[30]	.	b	_
6.8	1011	[24]	τὸ	_	_
6.8	1012	[10]	δ	_	_
6.8	1013	[37]	’	b	_
6.8	1014	[2]	ἴδιον	_	_
6.8	1015	[1]	ἑκάστου	_	_
6.8	1016	[2]	σώματος	_	_
6.8	1017	[1]	χωρὶς	_	_
6.8	1018	[2]	τούτων	_	_
6.8	1019	[1]	ἐστὶ	_	_
6.8	1020	[85]	,	b	_
6.8	1021	[1]	διὸ	_	_
6.8	1022	[37]	καὶ	_	_
6.8	1023	[14]	τὴν	_	_
6.8	1024	[1]	ἐνέργειαν	_	_
6.8	1025	[1]	ἐξαίρετον	_	_
6.8	1026	[12]	ἢ	_	_
6.8	1027	[1]	τἄλλα	_	_
6.8	1028	[1]	κέκτηται	_	_
6.8	1029	[31]	.	b	_
6.8	1030	[11]	κατὰ	_	_
6.8	1031	[6]	μὲν	_	_
6.8	1032	[12]	γὰρ	_	_
6.8	1033	[25]	τὸ	_	_
6.8	1034	[1]	κοινὸν	_	_
6.8	1035	[1]	ἀνάγκη	_	_
6.8	1036	[1]	δήπου	_	_
6.8	1037	[38]	καὶ	_	_
6.8	1038	[15]	τὴν	_	_
6.8	1039	[2]	ἐνέργειαν	_	_
6.8	1040	[2]	εἶναι	_	_
6.8	1041	[1]	κοινήν	_	_
6.8	1042	[32]	.	b	_
6.8	1043	[3]	οὐ	_	_
6.8	1044	[13]	γὰρ	_	_
6.8	1045	[1]	οἷόν	_	_
6.8	1046	[13]	τε	_	_
6.8	1047	[1]	παρὰ	_	_
6.8	1048	[2]	τοὺς	_	_
6.8	1049	[1]	τόπους	_	_
6.8	1050	[11]	τοῦ	_	_
6.8	1051	[3]	σώματος	_	_
6.8	1052	[1]	ὑπαλλάττεσθαι	_	_
6.8	1053	[3]	φλεβὸς	_	_
6.8	1054	[86]	,	b	_
6.8	1055	[13]	ἢ	_	_
6.8	1056	[1]	ἀρτηρίας	_	_
6.8	1057	[87]	,	b	_
6.8	1058	[14]	ἢ	_	_
6.8	1059	[1]	νεύρου	_	_
6.8	1060	[16]	τὴν	_	_
6.8	1061	[3]	ἐνέργειαν	_	_
6.8	1062	[88]	,	b	_
6.8	1063	[2]	ἀλλ	_	_
6.8	1064	[38]	’	b	_
6.8	1065	[2]	ἄν	_	_
6.8	1066	[14]	τε	_	_
6.8	1067	[12]	κατὰ	_	_
6.8	1068	[17]	τὴν	_	_
6.8	1069	[1]	πτέρναν	_	_
6.8	1070	[89]	,	b	_
6.8	1071	[3]	ἄν	_	_
6.8	1072	[15]	τε	_	_
6.8	1073	[13]	κατὰ	_	_
6.8	1074	[10]	τὸν	_	_
6.8	1075	[1]	ἐγκέφαλον	_	_
6.8	1076	[1]	ἀρτηρίαν	_	_
6.8	1077	[1]	ἐννοήσῃς	_	_
6.8	1078	[90]	,	b	_
6.8	1079	[1]	εὐθὺς	_	_
6.8	1080	[3]	αὐτῆς	_	_
6.8	1081	[1]	συνεπινοήσεις	_	_
6.8	1082	[18]	τὴν	_	_
6.8	1083	[1]	κοινὴν	_	_
6.8	1084	[1]	ἁπασῶν	_	_
6.8	1085	[1]	ἀρτηριῶν	_	_
6.8	1086	[4]	ἐνέργειαν	_	_
6.8	1087	[6]	·	b	_
6.8	1088	[3]	ὡσαύτως	_	_
6.8	1089	[4]	δὲ	_	_
6.8	1090	[39]	καὶ	_	_
6.8	1091	[1]	νεύρῳ	_	_
6.8	1092	[91]	,	b	_
6.8	1093	[40]	καὶ	_	_
6.8	1094	[1]	φλεβὶ	_	_
6.8	1095	[92]	,	b	_
6.8	1096	[41]	καὶ	_	_
6.8	1097	[1]	ὀστῷ	_	_
6.8	1098	[93]	,	b	_
6.8	1099	[42]	καὶ	_	_
6.8	1100	[1]	χόνδρῳ	_	_
6.8	1101	[94]	,	b	_
6.8	1102	[43]	καὶ	_	_
6.8	1103	[1]	ὑμένι	_	_
6.8	1104	[95]	,	b	_
6.8	1105	[44]	καὶ	_	_
6.8	1106	[1]	συνδέσμῳ	_	_
6.8	1107	[96]	,	b	_
6.8	1108	[45]	καὶ	_	_
6.8	1109	[1]	πιμελῇ	_	_
6.8	1110	[33]	.	b	_
6.8	1111	[14]	κατὰ	_	_
6.8	1112	[5]	δὲ	_	_
6.8	1113	[26]	τὸ	_	_
6.8	1114	[3]	ἴδιον	_	_
6.8	1115	[1]	εἶδος	_	_
6.8	1116	[1]	ἑκάστης	_	_
6.8	1117	[3]	οὐσίας	_	_
6.8	1118	[1]	ἰδίαν	_	_
6.8	1119	[2]	ἀναγκαῖον	_	_
6.8	1120	[3]	εἶναι	_	_
6.8	1121	[19]	τὴν	_	_
6.8	1122	[5]	ἐνέργειαν	_	_
6.8	1123	[34]	.	b	_
6.8	1124	[3]	οἷον	_	_
6.8	1125	[14]	γὰρ	_	_
6.8	1126	[3]	ἐστι	_	_
6.8	1127	[27]	τὸ	_	_
6.8	1128	[12]	τοῦ	_	_
6.8	1129	[1]	πνεύμονος	_	_
6.8	1130	[6]	σῶμα	_	_
6.8	1131	[15]	κατὰ	_	_
6.8	1132	[20]	τὴν	_	_
6.8	1133	[3]	οὐσίαν	_	_
6.8	1134	[97]	,	b	_
6.8	1135	[4]	οὐκ	_	_
6.8	1136	[7]	ἂν	_	_
6.8	1137	[2]	εὕροις	_	_
6.8	1138	[1]	ἕτερον	_	_
6.8	1139	[98]	,	b	_
6.8	1140	[4]	οὐδ	_	_
6.8	1141	[39]	’	b	_
6.8	1142	[35]	.	b	_
6.8	1143	[4]	οἷον	_	_
6.8	1144	[2]	ἐγκεφάλου	_	_
6.8	1145	[6]	οὐδὲν	_	_
6.8	1146	[7]	ἄλλο	_	_
6.8	1147	[2]	τοιοῦτον	_	_
6.8	1148	[99]	,	b	_
6.8	1149	[4]	ὥσπερ	_	_
6.8	1150	[2]	οὐδὲ	_	_
6.8	1151	[1]	ὁποῖον	_	_
6.8	1152	[6]	ἡ	_	_
6.8	1153	[3]	καρδία	_	_
6.8	1154	[7]	σῶμα	_	_
6.8	1155	[16]	κατὰ	_	_
6.8	1156	[21]	τὴν	_	_
6.8	1157	[4]	οὐσίαν	_	_
6.8	1158	[3]	ἐστὶν	_	_
6.8	1159	[100]	,	b	_
6.8	1160	[7]	οὐδὲν	_	_
6.8	1161	[1]	ἀκριβῶς	_	_
6.8	1162	[8]	ἄλλο	_	_
6.8	1163	[3]	τοιοῦτον	_	_
6.8	1164	[4]	ὑπάρχει	_	_
6.8	1165	[36]	.	b	_
6.8	1166	[46]	καὶ	_	_
6.8	1167	[1]	νεφροὶ	_	_
6.8	1168	[6]	δὲ	_	_
6.8	1169	[47]	καὶ	_	_
6.8	1170	[1]	σπλὴν	_	_
6.8	1171	[1]	ἑκάτερον	_	_
6.8	1172	[4]	αὐτῶν	_	_
6.8	1173	[5]	οἷον	_	_
6.8	1174	[5]	οὐκ	_	_
6.8	1175	[9]	ἄλλο	_	_
6.8	1176	[37]	.	b	_
6.8	1177	[48]	καὶ	_	_
6.8	1178	[3]	διὰ	_	_
6.8	1179	[3]	τοῦτο	_	_
6.8	1180	[7]	ἡ	_	_
6.8	1181	[1]	ἐνέργεια	_	_
6.8	1182	[6]	καθ	_	_
6.8	1183	[40]	’	b	_
6.8	1184	[3]	ἕκαστον	_	_
6.8	1185	[1]	ἴδιος	_	_
6.8	1186	[3]	ἐπὶ	_	_
6.8	1187	[6]	τῷ	_	_
6.8	1188	[15]	τῆς	_	_
6.8	1189	[4]	οὐσίας	_	_
6.8	1190	[1]	ἰδίῳ	_	_
6.8	1191	[101]	,	b	_
6.8	1192	[49]	καὶ	_	_
6.8	1193	[8]	ἡ	_	_
6.8	1194	[1]	τοῖσδε	_	_
6.8	1195	[2]	σὰρξ	_	_
6.8	1196	[1]	ἰδιότητα	_	_
6.8	1197	[1]	πολλὴν	_	_
6.8	1198	[1]	ἔχει	_	_
6.8	1199	[2]	παρὰ	_	_
6.8	1200	[3]	τὰς	_	_
6.8	1201	[1]	ἄλλας	_	_
6.8	1202	[1]	σάρκας	_	_
6.8	1203	[38]	.	b	_
6.8	1204	[7]	ἐν	_	_
6.8	1205	[1]	ὀφθαλμῷ	_	_
6.8	1206	[7]	δὲ	_	_
6.8	1207	[1]	τί	_	_
6.8	1208	[1]	δεῖ	_	_
6.8	1209	[50]	καὶ	_	_
6.8	1210	[1]	λέγειν	_	_
6.8	1211	[102]	,	b	_
6.8	1212	[5]	ὡς	_	_
6.8	1213	[4]	ἴδιον	_	_
6.8	1214	[2]	ἐξαίρετον	_	_
6.8	1215	[103]	,	b	_
6.8	1216	[51]	καὶ	_	_
6.8	1217	[5]	οὐδ	_	_
6.8	1218	[41]	’	b	_
6.8	1219	[1]	ἐγγὺς	_	_
6.8	1220	[1]	οὐδενὶ	_	_
6.8	1221	[19]	τῶν	_	_
6.8	1222	[2]	ἄλλων	_	_
6.8	1223	[1]	ἐοικός	_	_
6.8	1224	[4]	ἐστι	_	_
6.8	1225	[28]	τὸ	_	_
6.8	1226	[1]	κρυσταλλοειδὲς	_	_
6.8	1227	[104]	,	b	_
6.8	1228	[1]	ὅτε	_	_
6.8	1229	[52]	καὶ	_	_
6.8	1230	[29]	τὸ	_	_
6.8	1231	[16]	τῆς	_	_
6.8	1232	[1]	ἐνεργείας	_	_
6.8	1233	[17]	τῆς	_	_
6.8	1234	[1]	κατ	_	_
6.8	1235	[42]	’	b	_
6.8	1236	[3]	αὐτὸ	_	_
6.8	1237	[1]	μηδενὶ	_	_
6.8	1238	[1]	προσέοικεν	_	_
6.8	1239	[2]	;	b	_
6.8	1240	[8]	οὐδὲν	_	_
6.8	1241	[9]	οὖν	_	_
6.8	1242	[1]	θαυμαστόν	_	_
6.8	1243	[4]	ἐστιν	_	_
6.8	1244	[105]	,	b	_
6.8	1245	[3]	οὐδὲ	_	_
6.8	1246	[30]	τὸ	_	_
6.8	1247	[13]	τοῦ	_	_
6.8	1248	[7]	ἥπατος	_	_
6.8	1249	[5]	ἴδιον	_	_
6.8	1250	[8]	σῶμα	_	_
6.8	1251	[17]	κατὰ	_	_
6.8	1252	[22]	τὴν	_	_
6.8	1253	[1]	αὑτοῦ	_	_
6.8	1254	[2]	φύσιν	_	_
6.8	1255	[1]	κεκτῆσθαι	_	_
6.8	1256	[23]	τὴν	_	_
6.8	1257	[6]	ἐνέργειαν	_	_
6.8	1258	[7]	·	b	_
6.8	1259	[1]	ἐρυθρότατον	_	_
6.8	1260	[7]	μὲν	_	_
6.8	1261	[1]	γάρ	_	_
6.8	1262	[5]	ἐστιν	_	_
6.8	1263	[106]	,	b	_
6.8	1264	[2]	ὥστε	_	_
6.8	1265	[31]	τὸ	_	_
6.8	1266	[5]	αἷμα	_	_
6.8	1267	[53]	καὶ	_	_
6.8	1268	[7]	τῷ	_	_
6.8	1269	[1]	πεπῆχθαι	_	_
6.8	1270	[2]	μόνον	_	_
6.8	1271	[5]	αὐτοῦ	_	_
6.8	1272	[1]	διαφέρον	_	_
6.8	1273	[8]	·	b	_
6.8	1274	[1]	θρόμβου	_	_
6.8	1275	[8]	μὲν	_	_
6.8	1276	[15]	γὰρ	_	_
6.8	1277	[9]	ἡ	_	_
6.8	1278	[1]	πῆξις	_	_
6.8	1279	[4]	ὑπὸ	_	_
6.8	1280	[14]	τοῦ	_	_
6.8	1281	[1]	περιέχοντος	_	_
6.8	1282	[2]	γίγνεται	_	_
6.8	1283	[107]	,	b	_
6.8	1284	[1]	σβεννύουσα	_	_
6.8	1285	[9]	μὲν	_	_
6.8	1286	[5]	ἐξ	_	_
6.8	1287	[6]	αὐτοῦ	_	_
6.8	1288	[24]	τὴν	_	_
6.8	1289	[1]	θερμότητα	_	_
6.8	1290	[108]	,	b	_
6.8	1291	[1]	μελαίνουσα	_	_
6.8	1292	[8]	δὲ	_	_
6.8	1293	[4]	διὰ	_	_
6.8	1294	[25]	τὴν	_	_
6.8	1295	[1]	ψύξιν	_	_
6.8	1296	[39]	.	b	_
6.8	1297	[2]	οὐχ	_	_
6.8	1298	[5]	οὕτως	_	_
6.8	1299	[9]	δὲ	_	_
6.8	1300	[18]	κατὰ	_	_
6.8	1301	[32]	τὸ	_	_
6.8	1302	[8]	ἧπαρ	_	_
6.8	1303	[109]	,	b	_
6.8	1304	[3]	ἀλλ	_	_
6.8	1305	[43]	’	b	_
6.8	1306	[1]	ὑπό	_	_
6.8	1307	[4]	γε	_	_
6.8	1308	[18]	τῆς	_	_
6.8	1309	[1]	ἐμφύτου	_	_
6.8	1310	[1]	θερμασίας	_	_
6.8	1311	[110]	,	b	_
6.8	1312	[1]	κοσμούσης	_	_
6.8	1313	[4]	αὐτὸ	_	_
6.8	1314	[2]	μᾶλλον	_	_
6.8	1315	[15]	ἢ	_	_
6.8	1316	[1]	φθειρούσης	_	_
6.8	1317	[40]	.	b	_
6.8	1318	[2]	ἀλλοιοῦται	_	_
6.8	1319	[10]	μὲν	_	_
6.8	1320	[16]	γὰρ	_	_
6.8	1321	[1]	ἑκατέρως	_	_
6.8	1322	[33]	τὸ	_	_
6.8	1323	[6]	αἷμα	_	_
6.8	1324	[111]	,	b	_
6.8	1325	[2]	κᾂν	_	_
6.8	1326	[1]	θρόμβος	_	_
6.8	1327	[1]	γένηται	_	_
6.8	1328	[112]	,	b	_
6.8	1329	[3]	κᾂν	_	_
6.8	1330	[8]	ἥπατος	_	_
6.8	1331	[1]	σάρξ	_	_
6.8	1332	[41]	.	b	_
6.8	1333	[4]	ἀλλ	_	_
6.8	1334	[44]	’	b	_
6.8	1335	[10]	ἡ	_	_
6.8	1336	[11]	μὲν	_	_
6.8	1337	[13]	εἰς	_	_
6.8	1338	[1]	θρόμβον	_	_
6.8	1339	[113]	,	b	_
6.8	1340	[1]	ἀλλοίωσις	_	_
6.8	1341	[1]	ὁδὸς	_	_
6.8	1342	[4]	ἐπὶ	_	_
6.8	1343	[1]	φθοράν	_	_
6.8	1344	[6]	ἐστιν	_	_
6.8	1345	[114]	,	b	_
6.8	1346	[11]	ἡ	_	_
6.8	1347	[11]	δ	_	_
6.8	1348	[45]	’	b	_
6.8	1349	[14]	εἰς	_	_
6.8	1350	[26]	τὴν	_	_
6.8	1351	[9]	ἥπατος	_	_
6.8	1352	[5]	οὐσίαν	_	_
6.8	1353	[2]	ἐνέργεια	_	_
6.8	1354	[1]	φύσεως	_	_
6.8	1355	[42]	.	b	_
6.8	1356	[6]	οὐδ	_	_
6.8	1357	[46]	’	b	_
6.8	1358	[1]	ἔστιν	_	_
6.8	1359	[9]	οὐδὲν	_	_
6.8	1360	[1]	ὁμοιότερον	_	_
6.8	1361	[1]	εὑρεῖν	_	_
6.8	1362	[1]	αἵματι	_	_
6.8	1363	[19]	τῆς	_	_
6.8	1364	[10]	ἥπατος	_	_
6.8	1365	[1]	ἰδέας	_	_
6.8	1366	[43]	.	b	_
6.8	1367	[1]	εἴρηται	_	_
6.8	1368	[12]	μὲν	_	_
6.8	1369	[4]	οὐ	_	_
6.8	1370	[1]	καλῶς	_	_
6.8	1371	[7]	οὐδ	_	_
6.8	1372	[47]	’	b	_
6.8	1373	[5]	ὑπὸ	_	_
6.8	1374	[20]	τῶν	_	_
6.8	1375	[1]	εἰπόντων	_	_
6.8	1376	[115]	,	b	_
6.8	1377	[6]	τῇ	_	_
6.8	1378	[1]	πρώτῃ	_	_
6.8	1379	[54]	καὶ	_	_
6.8	1380	[1]	νεοπαγεῖ	_	_
6.8	1381	[1]	σαρκὶ	_	_
6.8	1382	[1]	παραπλήσιον	_	_
6.8	1383	[2]	γίγνεσθαι	_	_
6.8	1384	[1]	στάξαν	_	_
6.8	1385	[15]	εἰς	_	_
6.8	1386	[1]	ὕδωρ	_	_
6.8	1387	[1]	χλιαρὸν	_	_
6.8	1388	[7]	αἷμα	_	_
6.8	1389	[9]	·	b	_
6.8	1390	[1]	πολὺ	_	_
6.8	1391	[10]	δὲ	_	_
6.8	1392	[3]	δὴ	_	_
6.8	1393	[3]	μᾶλλον	_	_
6.8	1394	[12]	ἡ	_	_
6.8	1395	[1]	συμμετρία	_	_
6.8	1396	[20]	τῆς	_	_
6.8	1397	[2]	ἐμφύτου	_	_
6.8	1398	[2]	θερμασίας	_	_
6.8	1399	[1]	ἀκριβῆ	_	_
6.8	1400	[1]	περιτίθησιν	_	_
6.8	1401	[2]	αὐτῷ	_	_
6.8	1402	[11]	τὸν	_	_
6.8	1403	[1]	κόσμον	_	_
6.8	1404	[44]	.	b	_
6.8	1405	[2]	εἴπερ	_	_
6.8	1406	[10]	οὖν	_	_
6.8	1407	[4]	ἕκαστον	_	_
6.8	1408	[3]	μόριον	_	_
6.8	1409	[6]	ἐξ	_	_
6.8	1410	[1]	ὁμοιοτάτου	_	_
6.8	1411	[19]	κατὰ	_	_
6.8	1412	[27]	τὴν	_	_
6.8	1413	[6]	οὐσίαν	_	_
6.8	1414	[2]	ἑαυτῷ	_	_
6.8	1415	[2]	τρέφεται	_	_
6.8	1416	[1]	χυλοῦ	_	_
6.8	1417	[116]	,	b	_
6.8	1418	[55]	καὶ	_	_
6.8	1419	[1]	τοῦτον	_	_
6.8	1420	[1]	παρασκευάζειν	_	_
6.8	1421	[3]	ἑαυτῷ	_	_
6.8	1422	[1]	πέφυκεν	_	_
6.8	1423	[117]	,	b	_
6.8	1424	[1]	ἀλλοιοῦν	_	_
6.8	1425	[16]	τε	_	_
6.8	1426	[56]	καὶ	_	_
6.8	1427	[1]	μεταβάλλειν	_	_
6.8	1428	[13]	ἡ	_	_
6.8	1429	[15]	τοῦ	_	_
6.8	1430	[4]	αἵματος	_	_
6.8	1431	[2]	γένεσις	_	_
6.8	1432	[118]	,	b	_
6.8	1433	[1]	ἔργον	_	_
6.8	1434	[21]	τῆς	_	_
6.8	1435	[11]	ἥπατος	_	_
6.8	1436	[1]	σαρκός	_	_
6.8	1437	[45]	.	b	_
6.8	1438	[1]	αὕτη	_	_
6.8	1439	[12]	δ	_	_
6.8	1440	[48]	’	b	_
6.8	1441	[4]	ἐστὶν	_	_
6.8	1442	[119]	,	b	_
6.8	1443	[6]	ὡς	_	_
6.8	1444	[1]	ἐδείχθη	_	_
6.8	1445	[120]	,	b	_
6.8	1446	[34]	τὸ	_	_
6.8	1447	[6]	ἴδιον	_	_
6.8	1448	[2]	ἑαυτοῦ	_	_
6.8	1449	[9]	σῶμα	_	_
6.8	1450	[46]	.	b	_
6.8	1451	[2]	διὸ	_	_
6.8	1452	[21]	τῶν	_	_
6.8	1453	[3]	ἄλλων	_	_
6.8	1454	[1]	ἀποκριθὲν	_	_
6.8	1455	[2]	ἕν	_	_
6.8	1456	[6]	τι	_	_
6.8	1457	[22]	τῶν	_	_
6.8	1458	[1]	σπλάγχνων	_	_
6.8	1459	[2]	ἐστὶ	_	_
6.8	1460	[1]	μονογενές	_	_
6.8	1461	[47]	.	b	_
6.8	1462	[1]	μετέχει	_	_
6.8	1463	[13]	μὲν	_	_
6.8	1464	[11]	οὖν	_	_
6.8	1465	[57]	καὶ	_	_
6.8	1466	[14]	ἡ	_	_
6.8	1467	[4]	καρδία	_	_
6.8	1468	[16]	τοῦ	_	_
6.8	1469	[1]	τοιούτου	_	_
6.8	1470	[1]	χρώματος	_	_
6.8	1471	[121]	,	b	_
6.8	1472	[5]	ἀλλ	_	_
6.8	1473	[49]	’	b	_
6.8	1474	[6]	οὐκ	_	_
6.8	1475	[16]	εἰς	_	_
6.8	1476	[1]	ὅσον	_	_
6.8	1477	[9]	ἧπαρ	_	_
6.8	1478	[10]	·	b	_
6.8	1479	[1]	ὑγρότερον	_	_
6.8	1480	[2]	γάρ	_	_
6.8	1481	[5]	ἐστι	_	_
6.8	1482	[35]	τὸ	_	_
6.8	1483	[4]	σπλάγχνον	_	_
6.8	1484	[4]	τοῦτο	_	_
6.8	1485	[22]	τῆς	_	_
6.8	1486	[1]	καρδίας	_	_
6.8	1487	[122]	,	b	_
6.8	1488	[58]	καὶ	_	_
6.8	1489	[5]	διὰ	_	_
6.8	1490	[2]	τοῦτ	_	_
6.8	1491	[50]	’	b	_
6.8	1492	[1]	ἐρυθρότερόν	_	_
6.8	1493	[17]	τε	_	_
6.8	1494	[59]	καὶ	_	_
6.8	1495	[1]	μαλακώτερον	_	_
6.8	1496	[123]	,	b	_
6.8	1497	[15]	ἡ	_	_
6.8	1498	[11]	δὲ	_	_
6.8	1499	[1]	ξηροτέρα	_	_
6.8	1500	[18]	τε	_	_
6.8	1501	[60]	καὶ	_	_
6.8	1502	[1]	θερμοτέρα	_	_
6.8	1503	[17]	τοῦ	_	_
6.8	1504	[12]	ἥπατος	_	_
6.8	1505	[5]	ὑπάρχει	_	_
6.8	1506	[48]	.	b	_
6.8	1507	[6]	οὕτως	_	_
6.8	1508	[17]	γὰρ	_	_
6.8	1509	[1]	ἤμελλεν	_	_
6.8	1510	[3]	ἅμα	_	_
6.8	1511	[19]	τε	_	_
6.8	1512	[1]	σκληροτέρα	_	_
6.8	1513	[1]	γενήσεσθαι	_	_
6.8	1514	[61]	καὶ	_	_
6.8	1515	[1]	κινήσεσθαι	_	_
6.8	1516	[1]	διττὴν	_	_
6.8	1517	[1]	κίνησιν	_	_
6.8	1518	[1]	ὁμοίως	_	_
6.8	1519	[2]	ταῖς	_	_
6.8	1520	[1]	ἀρτηρίαις	_	_
6.8	1521	[124]	,	b	_
6.8	1522	[1]	ἵν	_	_
6.8	1523	[51]	’	b	_
6.8	1524	[4]	ἐκ	_	_
6.8	1525	[14]	μὲν	_	_
6.8	1526	[23]	τῆς	_	_
6.8	1527	[1]	τοιαύτης	_	_
6.8	1528	[1]	κινήσεως	_	_
6.8	1529	[16]	ἡ	_	_
6.8	1530	[2]	συμμετρία	_	_
6.8	1531	[1]	φυλάττηται	_	_
6.8	1532	[24]	τῆς	_	_
6.8	1533	[3]	ἐμφύτου	_	_
6.8	1534	[3]	θερμασίας	_	_
6.8	1535	[125]	,	b	_
6.8	1536	[7]	ὡς	_	_
6.8	1537	[8]	ἐν	_	_
6.8	1538	[8]	τῷ	_	_
6.8	1539	[5]	περὶ	_	_
6.8	1540	[2]	χρείας	_	_
6.8	1541	[1]	σφυγμῶν	_	_
6.8	1542	[1]	ἐπεδείξαμεν	_	_
6.8	1543	[49]	.	b	_
6.8	1544	[17]	ἡ	_	_
6.8	1545	[1]	σκληρότης	_	_
6.8	1546	[12]	δὲ	_	_
6.8	1547	[28]	τὴν	_	_
6.8	1548	[1]	δυσπάθειαν	_	_
6.8	1549	[1]	αὐτῇ	_	_
6.8	1550	[1]	παρέχει	_	_
6.8	1551	[1]	συνεχέσι	_	_
6.8	1552	[20]	τε	_	_
6.8	1553	[1]	κινήσεσι	_	_
6.8	1554	[62]	καὶ	_	_
6.8	1555	[1]	σφόδρα	_	_
6.8	1556	[1]	ἰσχυραῖς	_	_
6.8	1557	[1]	ἐνίοτε	_	_
6.8	1558	[1]	παρεσκευασμέναις	_	_
6.8	1559	[6]	ὑπὸ	_	_
6.8	1560	[25]	τῆς	_	_
6.8	1561	[2]	φύσεως	_	_
6.8	1562	[50]	.	b	_
6.8	1563	[1]	ὅθεν	_	_
6.8	1564	[4]	οὐδὲ	_	_
6.8	1565	[36]	τὸ	_	_
6.8	1566	[7]	ἴδιον	_	_
6.8	1567	[4]	αὐτῆς	_	_
6.8	1568	[8]	αἷμα	_	_
6.8	1569	[1]	τοιοῦτόν	_	_
6.8	1570	[7]	ἐστιν	_	_
6.8	1571	[126]	,	b	_
6.8	1572	[2]	οἷόν	_	_
6.8	1573	[2]	περ	_	_
6.8	1574	[37]	τὸ	_	_
6.8	1575	[18]	τοῦ	_	_
6.8	1576	[13]	ἥπατος	_	_
6.8	1577	[127]	,	b	_
6.8	1578	[6]	ἀλλ	_	_
6.8	1579	[52]	’	b	_
6.8	1580	[1]	ὅσῳ	_	_
6.8	1581	[1]	θερμότερον	_	_
6.8	1582	[38]	τὸ	_	_
6.8	1583	[5]	σπλάγχνον	_	_
6.8	1584	[19]	τοῦ	_	_
6.8	1585	[1]	σπλάγχνου	_	_
6.8	1586	[128]	,	b	_
6.8	1587	[1]	τοσούτῳ	_	_
6.8	1588	[1]	ξανθότερον	_	_
6.8	1589	[129]	,	b	_
6.8	1590	[1]	ὅπερ	_	_
6.8	1591	[8]	ἴδιον	_	_
6.8	1592	[5]	αἵματος	_	_
6.8	1593	[1]	ξηροτέρου	_	_
6.8	1594	[130]	,	b	_
6.8	1595	[1]	καθάπερ	_	_
6.8	1596	[20]	τοῦ	_	_
6.8	1597	[1]	ὑγροτέρου	_	_
6.8	1598	[39]	τὸ	_	_
6.8	1599	[1]	ἐρυθρόν	_	_
6.8	1600	[51]	.	b	_
6.8	1601	[2]	εἴρηται	_	_
6.8	1602	[13]	δὲ	_	_
6.8	1603	[63]	καὶ	_	_
6.8	1604	[7]	ὑπὸ	_	_
6.8	1605	[1]	Πλάτωνος	_	_
6.8	1606	[15]	μὲν	_	_
6.8	1607	[9]	ἐν	_	_
6.8	1608	[1]	Τιμαίῳ	_	_
6.8	1609	[6]	περὶ	_	_
6.8	1610	[26]	τῆς	_	_
6.8	1611	[1]	τῶνδε	_	_
6.8	1612	[23]	τῶν	_	_
6.8	1613	[1]	χρωμάτων	_	_
6.8	1614	[3]	γενέσεως	_	_
6.8	1615	[131]	,	b	_
6.8	1616	[1]	ἀτὰρ	_	_
6.8	1617	[12]	οὖν	_	_
6.8	1618	[64]	καὶ	_	_
6.8	1619	[1]	ἡμεῖς	_	_
6.8	1620	[3]	αὖθις	_	_
6.8	1621	[1]	ἐξηγησάμεθά	_	_
6.8	1622	[21]	τε	_	_
6.8	1623	[65]	καὶ	_	_
6.8	1624	[1]	ἀπεδείξαμεν	_	_
6.8	1625	[132]	,	b	_
6.8	1626	[8]	ὡς	_	_
6.8	1627	[1]	ἀληθῶς	_	_
6.8	1628	[3]	εἴρηται	_	_
6.8	1629	[2]	πάντα	_	_
6.8	1630	[133]	,	b	_
6.8	1631	[1]	γεγραφότες	_	_
6.8	1632	[3]	ὑπὲρ	_	_
6.8	1633	[5]	αὐτῶν	_	_
6.8	1634	[1]	ἰδίᾳ	_	_
6.8	1635	[7]	καθ	_	_
6.8	1636	[53]	’	b	_
6.8	1637	[2]	ἕτερον	_	_
6.8	1638	[3]	λόγον	_	_
6.8	1639	[52]	.	b	_
6.8	1640	[6]	ἀλλὰ	_	_
6.8	1641	[1]	νῦν	_	_
6.8	1642	[5]	γε	_	_
6.8	1643	[40]	τὸ	_	_
6.8	1644	[2]	προκείμενον	_	_
6.8	1645	[4]	ἡμῖν	_	_
6.8	1646	[1]	περαίνωμεν	_	_
6.8	1647	[53]	.	b	_
6.8	1648	[6]	αἵματος	_	_
6.8	1649	[1]	ὑγροῦ	_	_
6.8	1650	[16]	μὲν	_	_
6.8	1651	[29]	τὴν	_	_
6.8	1652	[1]	κρᾶσιν	_	_
6.8	1653	[134]	,	b	_
6.8	1654	[1]	ἐρυθροῦ	_	_
6.8	1655	[14]	δὲ	_	_
6.8	1656	[30]	τὴν	_	_
6.8	1657	[1]	χρόαν	_	_
6.8	1658	[18]	ἡ	_	_
6.8	1659	[1]	πρώτη	_	_
6.8	1660	[17]	μὲν	_	_
6.8	1661	[10]	ἐν	_	_
6.8	1662	[2]	ἥπατι	_	_
6.8	1663	[3]	γένεσις	_	_
6.8	1664	[135]	,	b	_
6.8	1665	[1]	ὀχετοὶ	_	_
6.8	1666	[15]	δὲ	_	_
6.8	1667	[1]	παράγοντές	_	_
6.8	1668	[22]	τε	_	_
6.8	1669	[66]	καὶ	_	_
6.8	1670	[1]	διανέμοντες	_	_
6.8	1671	[5]	αὐτὸ	_	_
6.8	1672	[1]	παντὶ	_	_
6.8	1673	[9]	τῷ	_	_
6.8	1674	[1]	σώματι	_	_
6.8	1675	[3]	φλέβες	_	_
6.8	1676	[54]	.	b	_
6.8	1677	[7]	αἵματος	_	_
6.8	1678	[16]	δὲ	_	_
6.8	1679	[1]	ξανθοῦ	_	_
6.8	1680	[67]	καὶ	_	_
6.8	1681	[1]	λεπτοῦ	_	_
6.8	1682	[68]	καὶ	_	_
6.8	1683	[1]	λεπτομεροῦς	_	_
6.8	1684	[69]	καὶ	_	_
6.8	1685	[1]	πνευματώδους	_	_
6.8	1686	[19]	ἡ	_	_
6.8	1687	[18]	μὲν	_	_
6.8	1688	[2]	πρώτη	_	_
6.8	1689	[4]	γένεσις	_	_
6.8	1690	[11]	ἐν	_	_
6.8	1691	[7]	τῇ	_	_
6.8	1692	[27]	τῆς	_	_
6.8	1693	[2]	καρδίας	_	_
6.8	1694	[1]	ἀριστερᾷ	_	_
6.8	1695	[1]	κοιλίᾳ	_	_
6.8	1696	[136]	,	b	_
6.8	1697	[1]	διανέμουσι	_	_
6.8	1698	[17]	δὲ	_	_
6.8	1699	[70]	καὶ	_	_
6.8	1700	[1]	παράγουσιν	_	_
6.8	1701	[17]	εἰς	_	_
6.8	1702	[3]	ὅλον	_	_
6.8	1703	[41]	τὸ	_	_
6.8	1704	[1]	ζῶον	_	_
6.8	1705	[2]	αἱ	_	_
6.8	1706	[2]	ἀρτηρίαι	_	_
6.8	1707	[42]	τὸ	_	_
6.8	1708	[4]	τοιοῦτον	_	_
6.8	1709	[9]	αἷμα	_	_
6.8	1710	[55]	.	b	_
6.8	1711	[2]	δέδεικται	_	_
6.8	1712	[18]	δὲ	_	_
6.8	1713	[71]	καὶ	_	_
6.8	1714	[7]	περὶ	_	_
6.8	1715	[3]	τούτων	_	_
6.8	1716	[5]	ἐπὶ	_	_
6.8	1717	[1]	πλέον	_	_
6.8	1718	[12]	ἐν	_	_
6.8	1719	[8]	τοῖς	_	_
6.8	1720	[24]	τῶν	_	_
6.8	1721	[4]	φυσικῶν	_	_
6.8	1722	[3]	δυνάμεων	_	_
6.8	1723	[1]	ὑπομνήμασιν	_	_
6.8	1724	[56]	.	b	_
6.8	1725	[1]	ὥσθ	_	_
6.8	1726	[54]	’	b	_
6.8	1727	[4]	ἅμα	_	_
6.8	1728	[19]	μὲν	_	_
6.8	1729	[137]	,	b	_
6.8	1730	[2]	ὅπερ	_	_
6.8	1731	[1]	ἀνεβαλόμην	_	_
6.8	1732	[13]	ἐν	_	_
6.8	1733	[9]	τοῖς	_	_
6.8	1734	[3]	ἔμπροσθεν	_	_
6.8	1735	[1]	λόγοις	_	_
6.8	1736	[1]	ἐρεῖν	_	_
6.8	1737	[4]	αὖθις	_	_
6.8	1738	[4]	ὑπὲρ	_	_
6.8	1739	[21]	τοῦ	_	_
6.8	1740	[20]	κατὰ	_	_
6.8	1741	[31]	τὴν	_	_
6.8	1742	[2]	καρδίαν	_	_
6.8	1743	[8]	αἵματος	_	_
6.8	1744	[138]	,	b	_
6.8	1745	[2]	τὰ	_	_
6.8	1746	[2]	νῦν	_	_
6.8	1747	[4]	εἴρηται	_	_
6.8	1748	[139]	,	b	_
6.8	1749	[5]	ἅμα	_	_
6.8	1750	[19]	δὲ	_	_
6.8	1751	[140]	,	b	_
6.8	1752	[9]	ὡς	_	_
6.8	1753	[1]	ἐσφάλησαν	_	_
6.8	1754	[3]	οἱ	_	_
6.8	1755	[72]	καὶ	_	_
6.8	1756	[32]	τὴν	_	_
6.8	1757	[3]	καρδίαν	_	_
6.8	1758	[7]	ἀρχὴν	_	_
6.8	1759	[1]	εἰπόντες	_	_
6.8	1760	[4]	εἶναι	_	_
6.8	1761	[25]	τῶν	_	_
6.8	1762	[10]	φλεβῶν	_	_
6.8	1763	[141]	,	b	_
6.8	1764	[1]	ἐπιδέδεικται	_	_
6.8	1765	[57]	.	b	_
6.8	1766	[3]	εἴπερ	_	_
6.8	1767	[18]	γὰρ	_	_
6.8	1768	[1]	αἵματός	_	_
6.8	1769	[1]	τινος	_	_
6.8	1770	[142]	,	b	_
6.8	1771	[2]	εὐθὺς	_	_
6.8	1772	[2]	δήπου	_	_
6.8	1773	[73]	καὶ	_	_
6.8	1774	[11]	φλεβῶν	_	_
6.8	1775	[1]	ἐνόμισαν	_	_
6.8	1776	[143]	,	b	_
6.8	1777	[5]	ὥσπερ	_	_
6.8	1778	[2]	μὴ	_	_
6.8	1779	[74]	καὶ	_	_
6.8	1780	[26]	τῶν	_	_
6.8	1781	[2]	ἀρτηριῶν	_	_
6.8	1782	[1]	ἐχουσῶν	_	_
6.8	1783	[10]	αἷμα	_	_
6.8	1784	[1]	λεπτομερέστατον	_	_
6.8	1785	[75]	καὶ	_	_
6.8	1786	[1]	θερμότατον	_	_
6.8	1787	[58]	.	b	_
6.8	1788	[10]	ὡς	_	_
6.8	1789	[13]	οὖν	_	_
6.8	1790	[3]	ἀρτηριῶν	_	_
6.8	1791	[144]	,	b	_
6.8	1792	[7]	οὕτως	_	_
6.8	1793	[76]	καὶ	_	_
6.8	1794	[22]	τοῦ	_	_
6.8	1795	[2]	πνευματώδους	_	_
6.8	1796	[23]	τε	_	_
6.8	1797	[77]	καὶ	_	_
6.8	1798	[23]	τοῦ	_	_
6.8	1799	[1]	ζέοντος	_	_
6.8	1800	[9]	αἵματος	_	_
6.8	1801	[3]	ἀρχή	_	_
6.8	1802	[24]	τε	_	_
6.8	1803	[78]	καὶ	_	_
6.8	1804	[1]	πηγὴ	_	_
6.8	1805	[10]	τοῖς	_	_
6.8	1806	[1]	ζώοις	_	_
6.8	1807	[5]	ἐστὶν	_	_
6.8	1808	[20]	ἡ	_	_
6.8	1809	[5]	καρδία	_	_
6.8	1810	[145]	,	b	_
6.8	1811	[79]	καὶ	_	_
6.8	1812	[6]	διὰ	_	_
6.8	1813	[5]	τοῦτο	_	_
6.8	1814	[80]	καὶ	_	_
6.8	1815	[43]	τὸ	_	_
6.8	1816	[1]	θυμοειδὲς	_	_
6.8	1817	[1]	ἐνδείκνυται	_	_
6.8	1818	[28]	τῆς	_	_
6.8	1819	[1]	ψυχῆς	_	_
6.8	1820	[14]	ἐν	_	_
6.8	1821	[2]	αὐτῇ	_	_
6.8	1822	[1]	κατῳκῆσθαι	_	_
6.8	1823	[59]	.	b	_
6.8	1824	[1]	ταῦτ	_	_
6.8	1825	[55]	’	b	_
6.8	1826	[1]	ἄρα	_	_
6.8	1827	[81]	καὶ	_	_
6.8	1828	[2]	ὁ	_	_
6.8	1829	[1]	Πλάτων	_	_
6.8	1830	[33]	τὴν	_	_
6.8	1831	[4]	καρδίαν	_	_
6.8	1832	[1]	ἔλεγεν	_	_
6.8	1833	[1]	πηγὴν	_	_
6.8	1834	[24]	τοῦ	_	_
6.8	1835	[1]	περιφερομένου	_	_
6.8	1836	[21]	κατὰ	_	_
6.8	1837	[3]	πάντα	_	_
6.8	1838	[1]	μέλη	_	_
6.8	1839	[1]	σφοδρῶς	_	_
6.8	1840	[10]	αἵματος	_	_
6.8	1841	[60]	.	b	_
6.8	1842	[5]	οὐ	_	_
6.8	1843	[2]	ταὐτὸν	_	_
6.8	1844	[3]	γάρ	_	_
6.8	1845	[8]	ἐστιν	_	_
6.8	1846	[16]	ἢ	_	_
6.8	1847	[2]	πηγὴν	_	_
6.8	1848	[11]	αἵματος	_	_
6.8	1849	[1]	ἁπλῶς	_	_
6.8	1850	[1]	εἰπεῖν	_	_
6.8	1851	[146]	,	b	_
6.8	1852	[17]	ἢ	_	_
6.8	1853	[2]	προσθεῖναι	_	_
6.8	1854	[25]	τοῦ	_	_
6.8	1855	[2]	περιφερομένου	_	_
6.8	1856	[2]	σφοδρῶς	_	_
6.8	1857	[61]	.	b	_
6.8	1858	[44]	τὸ	_	_
6.8	1859	[20]	μὲν	_	_
6.8	1860	[19]	γὰρ	_	_
6.8	1861	[7]	ἐξ	_	_
6.8	1862	[14]	ἥπατος	_	_
6.8	1863	[1]	ὁρμώμενον	_	_
6.8	1864	[6]	οὐ	_	_
6.8	1865	[1]	περιφέρεται	_	_
6.8	1866	[3]	σφοδρῶς	_	_
6.8	1867	[147]	,	b	_
6.8	1868	[5]	ὅτι	_	_
6.8	1869	[2]	μήτε	_	_
6.8	1870	[1]	πνευματῶδές	_	_
6.8	1871	[6]	ἐστι	_	_
6.8	1872	[148]	,	b	_
6.8	1873	[1]	μήθ	_	_
6.8	1874	[56]	’	b	_
6.8	1875	[2]	ὅλως	_	_
6.8	1876	[1]	σφύζουσιν	_	_
6.8	1877	[3]	αἱ	_	_
6.8	1878	[1]	περιέχουσαι	_	_
6.8	1879	[4]	φλέβες	_	_
6.8	1880	[1]	αὐτό	_	_
6.8	1881	[11]	·	b	_
6.8	1882	[45]	τὸ	_	_
6.8	1883	[13]	δ	_	_
6.8	1884	[57]	’	b	_
6.8	1885	[5]	ἐκ	_	_
6.8	1886	[29]	τῆς	_	_
6.8	1887	[1]	ἀριστερᾶς	_	_
6.8	1888	[2]	κοιλίας	_	_
6.8	1889	[30]	τῆς	_	_
6.8	1890	[3]	καρδίας	_	_
6.8	1891	[2]	ὁρμώμενον	_	_
6.8	1892	[1]	θερμότερόν	_	_
6.8	1893	[25]	τε	_	_
6.8	1894	[1]	τοῦδε	_	_
6.8	1895	[82]	καὶ	_	_
6.8	1896	[1]	πνευματῶδες	_	_
6.8	1897	[2]	ἱκανῶς	_	_
6.8	1898	[9]	ἐστιν	_	_
6.8	1899	[149]	,	b	_
6.8	1900	[11]	ὡς	_	_
6.8	1901	[8]	ἂν	_	_
6.8	1902	[1]	σφυζόντων	_	_
6.8	1903	[7]	αὐτοῦ	_	_
6.8	1904	[27]	τῶν	_	_
6.8	1905	[2]	ἀγγείων	_	_
6.8	1906	[62]	.	b	_
6.8	1907	[1]	καλεῖται	_	_
6.8	1908	[14]	δ	_	_
6.8	1909	[58]	’	b	_
6.8	1910	[8]	ὑπὸ	_	_
6.8	1911	[21]	μὲν	_	_
6.8	1912	[28]	τῶν	_	_
6.8	1913	[1]	παλαιοτάτων	_	_
6.8	1914	[4]	ἰατρῶν	_	_
6.8	1915	[83]	καὶ	_	_
6.8	1916	[2]	φιλοσόφων	_	_
6.8	1917	[84]	καὶ	_	_
6.8	1918	[1]	τουτὶ	_	_
6.8	1919	[46]	τὸ	_	_
6.8	1920	[1]	γένος	_	_
6.8	1921	[29]	τῶν	_	_
6.8	1922	[3]	ἀγγείων	_	_
6.8	1923	[4]	ὡσαύτως	_	_
6.8	1924	[1]	θατέρῳ	_	_
6.8	1925	[1]	φλὲψ	_	_
6.8	1926	[150]	,	b	_
6.8	1927	[9]	ὑπὸ	_	_
6.8	1928	[20]	δὲ	_	_
6.8	1929	[30]	τῶν	_	_
6.8	1930	[4]	ἄλλων	_	_
6.8	1931	[1]	ἀρτηρία	_	_
6.8	1932	[22]	μὲν	_	_
6.8	1933	[47]	τὸ	_	_
6.8	1934	[1]	σφύζον	_	_
6.8	1935	[151]	,	b	_
6.8	1936	[48]	τὸ	_	_
6.8	1937	[21]	δὲ	_	_
6.8	1938	[1]	ἄσφυκτον	_	_
6.8	1939	[1]	φλέψ	_	_
6.8	1940	[63]	.	b	_
6.8	1941	[6]	ὅτι	_	_
6.8	1942	[15]	δ	_	_
6.8	1943	[59]	’	b	_
6.8	1944	[8]	οὕτως	_	_
6.8	1945	[1]	ὠνόμαζον	_	_
6.8	1946	[4]	οἱ	_	_
6.8	1947	[1]	παλαιοὶ	_	_
6.8	1948	[152]	,	b	_
6.8	1949	[3]	δέδεικται	_	_
6.8	1950	[23]	μὲν	_	_
6.8	1951	[2]	ἤδη	_	_
6.8	1952	[1]	πολλοῖς	_	_
6.8	1953	[31]	τῶν	_	_
6.8	1954	[4]	ἔμπροσθεν	_	_
6.8	1955	[153]	,	b	_
6.8	1956	[2]	ἐπιδέδεικται	_	_
6.8	1957	[22]	δὲ	_	_
6.8	1958	[85]	καὶ	_	_
6.8	1959	[2]	πρὸς	_	_
6.8	1960	[1]	ἡμῶν	_	_
6.8	1961	[1]	ἑτέρωθι	_	_
6.8	1962	[64]	.	b	_
6.8	1963	[1]	νυνὶ	_	_
6.8	1964	[23]	δὲ	_	_
6.8	1965	[1]	τοσοῦτον	_	_
6.8	1966	[3]	μόνον	_	_
6.8	1967	[154]	,	b	_
6.8	1968	[2]	ὅσον	_	_
6.8	1969	[18]	εἰς	_	_
6.8	1970	[3]	τὰ	_	_
6.8	1971	[1]	παρόντα	_	_
6.8	1972	[2]	χρήσιμον	_	_
6.8	1973	[155]	,	b	_
6.8	1974	[1]	ὑπομνήσω	_	_
6.8	1975	[65]	.	b	_
6.8	1976	[31]	τῆς	_	_
6.8	1977	[22]	κατὰ	_	_
6.8	1978	[12]	τὸν	_	_
6.8	1979	[1]	ἀγκῶνα	_	_
6.8	1980	[86]	καὶ	_	_
6.8	1981	[2]	μάλιστα	_	_
6.8	1982	[13]	τὸν	_	_
6.8	1983	[1]	ἀριστερὸν	_	_
6.8	1984	[2]	ἀρτηρίας	_	_
6.8	1985	[1]	ὅταν	_	_
6.8	1986	[21]	ἡ	_	_
6.8	1987	[1]	κίνησις	_	_
6.8	1988	[6]	ἐκ	_	_
6.8	1989	[1]	γενετῆς	_	_
6.8	1990	[1]	ὑπάρχῃ	_	_
6.8	1991	[1]	ταχεῖά	_	_
6.8	1992	[26]	τε	_	_
6.8	1993	[6]	ἅμα	_	_
6.8	1994	[87]	καὶ	_	_
6.8	1995	[1]	μεγάλη	_	_
6.8	1996	[88]	καὶ	_	_
6.8	1997	[1]	εὔτονος	_	_
6.8	1998	[156]	,	b	_
6.8	1999	[1]	ἰσχυρὰν	_	_
6.8	2000	[24]	μὲν	_	_
6.8	2001	[2]	ἐνδείκνυται	_	_
6.8	2002	[34]	τὴν	_	_
6.8	2003	[15]	ἐν	_	_
6.8	2004	[8]	τῇ	_	_
6.8	2005	[1]	καρδίᾳ	_	_
6.8	2006	[1]	θυμοειδῆ	_	_
6.8	2007	[1]	δύναμιν	_	_
6.8	2008	[157]	,	b	_
6.8	2009	[1]	ἀκμαῖον	_	_
6.8	2010	[24]	δὲ	_	_
6.8	2011	[89]	καὶ	_	_
6.8	2012	[1]	ζέον	_	_
6.8	2013	[49]	τὸ	_	_
6.8	2014	[2]	κατ	_	_
6.8	2015	[60]	’	b	_
6.8	2016	[2]	αὐτὴν	_	_
6.8	2017	[1]	θερμὸν	_	_
6.8	2018	[158]	,	b	_
6.8	2019	[3]	ὅπερ	_	_
6.8	2020	[1]	ὀνομάζειν	_	_
6.8	2021	[1]	μανιῶδές	_	_
6.8	2022	[27]	τε	_	_
6.8	2023	[90]	καὶ	_	_
6.8	2024	[1]	ὀξύθυμον	_	_
6.8	2025	[1]	ἔθος	_	_
6.8	2026	[12]	·	b	_
6.8	2027	[3]	ὁ	_	_
6.8	2028	[1]	τοίνυν	_	_
6.8	2029	[1]	Ἱπποκράτης	_	_
6.8	2030	[1]	ὀνομάζων	_	_
6.8	2031	[1]	φλέβα	_	_
6.8	2032	[35]	τὴν	_	_
6.8	2033	[2]	ἀρτηρίαν	_	_
6.8	2034	[1]	ταύτην	_	_
6.8	2035	[1]	ᾧδέ	_	_
6.8	2036	[1]	πως	_	_
6.8	2037	[1]	γράφει	_	_
6.8	2038	[23]	κατὰ	_	_
6.8	2039	[50]	τὸ	_	_
6.8	2040	[1]	δεύτερον	_	_
6.8	2041	[32]	τῶν	_	_
6.8	2042	[1]	Ἐπιδημίων	_	_
6.8	2043	[13]	·	b	_
6.8	2044	[1]	ᾧ	_	_
6.8	2045	[16]	δ	_	_
6.8	2046	[61]	’	b	_
6.8	2047	[9]	ἂν	_	_
6.8	2048	[22]	ἡ	_	_
6.8	2049	[2]	φλὲψ	_	_
6.8	2050	[23]	ἡ	_	_
6.8	2051	[16]	ἐν	_	_
6.8	2052	[1]	ἀγκῶνι	_	_
6.8	2053	[1]	σφύζῃ	_	_
6.8	2054	[159]	,	b	_
6.8	2055	[1]	μανικὸς	_	_
6.8	2056	[91]	καὶ	_	_
6.8	2057	[1]	ὀξύθυμος	_	_
6.8	2058	[160]	,	b	_
6.8	2059	[2]	ᾧ	_	_
6.8	2060	[17]	δ	_	_
6.8	2061	[62]	’	b	_
6.8	2062	[10]	ἂν	_	_
6.8	2063	[1]	ἀτρεμέῃ	_	_
6.8	2064	[161]	,	b	_
6.8	2065	[1]	τυφώδης	_	_
6.8	2066	[66]	.	b	_
6.8	2067	[7]	ὅτι	_	_
6.8	2068	[25]	δὲ	_	_
6.8	2069	[92]	καὶ	_	_
6.8	2070	[51]	τὸ	_	_
6.8	2071	[1]	σφύζειν	_	_
6.8	2072	[1]	ὄνομα	_	_
6.8	2073	[93]	καὶ	_	_
6.8	2074	[4]	ὁ	_	_
6.8	2075	[1]	σφυγμὸς	_	_
6.8	2076	[6]	ἐπὶ	_	_
6.8	2077	[32]	τῆς	_	_
6.8	2078	[1]	σφοδρᾶς	_	_
6.8	2079	[19]	εἰς	_	_
6.8	2080	[2]	τοσοῦτον	_	_
6.8	2081	[33]	τῶν	_	_
6.8	2082	[4]	ἀρτηριῶν	_	_
6.8	2083	[2]	κινήσεως	_	_
6.8	2084	[162]	,	b	_
6.8	2085	[12]	ὡς	_	_
6.8	2086	[94]	καὶ	_	_
6.8	2087	[1]	πρὶν	_	_
6.8	2088	[1]	ἐπιλαβεῖν	_	_
6.8	2089	[36]	τὴν	_	_
6.8	2090	[1]	ἁφὴν	_	_
6.8	2091	[1]	αἰσθητὴν	_	_
6.8	2092	[5]	εἶναι	_	_
6.8	2093	[1]	τἀνθρώπῳ	_	_
6.8	2094	[37]	τὴν	_	_
6.8	2095	[2]	κίνησιν	_	_
6.8	2096	[163]	,	b	_
6.8	2097	[10]	ὑπὸ	_	_
6.8	2098	[34]	τῶν	_	_
6.8	2099	[1]	παλαιῶν	_	_
6.8	2100	[1]	ἐλέγετο	_	_
6.8	2101	[164]	,	b	_
6.8	2102	[95]	καὶ	_	_
6.8	2103	[3]	δι	_	_
6.8	2104	[63]	’	b	_
6.8	2105	[5]	ἄλλων	_	_
6.8	2106	[25]	μὲν	_	_
6.8	2107	[4]	ἀποδέδεικται	_	_
6.8	2108	[165]	,	b	_
6.8	2109	[96]	καὶ	_	_
6.8	2110	[3]	νῦν	_	_
6.8	2111	[18]	δ	_	_
6.8	2112	[64]	’	b	_
6.8	2113	[3]	οὐχ	_	_
6.8	2114	[1]	ἥκιστα	_	_
6.8	2115	[2]	φαίνεται	_	_
6.8	2116	[7]	διὰ	_	_
6.8	2117	[33]	τῆς	_	_
6.8	2118	[3]	πρὸς	_	_
6.8	2119	[52]	τὸ	_	_
6.8	2120	[1]	ἀτρεμέειν	_	_
6.8	2121	[1]	ἀντιθέσεως	_	_
6.8	2122	[166]	,	b	_
6.8	2123	[97]	καὶ	_	_
6.8	2124	[14]	τὸν	_	_
6.8	2125	[1]	τυφώδη	_	_
6.8	2126	[26]	δὲ	_	_
6.8	2127	[167]	,	b	_
6.8	2128	[1]	δηλονότι	_	_
6.8	2129	[15]	τὸν	_	_
6.8	2130	[1]	ἐναντίον	_	_
6.8	2131	[10]	τῷ	_	_
6.8	2132	[1]	μανικῷ	_	_
6.8	2133	[18]	ἢ	_	_
6.8	2134	[98]	καὶ	_	_
6.8	2135	[1]	ὀξυθύμῳ	_	_
6.8	2136	[99]	καὶ	_	_
6.8	2137	[1]	ἀόργητον	_	_
6.8	2138	[67]	.	b	_
6.8	2139	[2]	ὥσθ	_	_
6.8	2140	[65]	’	b	_
6.8	2141	[6]	οἷον	_	_
6.8	2142	[2]	ὁδοῦ	_	_
6.8	2143	[7]	τι	_	_
6.8	2144	[1]	πάρεργον	_	_
6.8	2145	[5]	ἡμῖν	_	_
6.8	2146	[7]	οὐ	_	_
6.8	2147	[1]	σμικρὸν	_	_
6.8	2148	[1]	ἤνυσται	_	_
6.8	2149	[24]	κατὰ	_	_
6.8	2150	[38]	τὴν	_	_
6.8	2151	[1]	ἐξήγησιν	_	_
6.8	2152	[26]	τοῦ	_	_
6.8	2153	[34]	τῆς	_	_
6.8	2154	[4]	φλεβὸς	_	_
6.8	2155	[1]	ὀνόματος	_	_
6.8	2156	[1]	ἐπιδείξασιν	_	_
6.8	2157	[1]	Ἱπποκράτην	_	_
6.8	2158	[2]	πρότερον	_	_
6.8	2159	[2]	Πλάτωνος	_	_
6.8	2160	[17]	ἐν	_	_
6.8	2161	[2]	καρδίᾳ	_	_
6.8	2162	[1]	τιθέμενον	_	_
6.8	2163	[8]	ἀρχὴν	_	_
6.8	2164	[35]	τῆς	_	_
6.8	2165	[1]	θυμοειδοῦς	_	_
6.8	2166	[2]	δυνάμεως	_	_
6.8	2167	[68]	.	b	_
6.8	2168	[7]	ἀλλὰ	_	_
6.8	2169	[2]	τούτου	_	_
6.8	2170	[26]	μὲν	_	_
6.8	2171	[100]	καὶ	_	_
6.8	2172	[2]	μετ	_	_
6.8	2173	[66]	’	b	_
6.8	2174	[1]	ὀλίγον	_	_
6.8	2175	[1]	ἐπιμνησθήσομαι	_	_
6.8	2176	[69]	.	b	_
6.8	2177	[4]	πρὸς	_	_
6.8	2178	[27]	δὲ	_	_
6.8	2179	[39]	τὴν	_	_
6.8	2180	[27]	τοῦ	_	_
6.8	2181	[3]	Πλάτωνος	_	_
6.8	2182	[1]	λέξιν	_	_
6.8	2183	[1]	ἐπάνειμι	_	_
6.8	2184	[168]	,	b	_
6.8	2185	[8]	καθ	_	_
6.8	2186	[67]	’	b	_
6.8	2187	[1]	ἣν	_	_
6.8	2188	[4]	τὰς	_	_
6.8	2189	[3]	ἀρτηρίας	_	_
6.8	2190	[2]	ὀνομάζων	_	_
6.8	2191	[1]	φλέβας	_	_
6.8	2192	[1]	ἔλεγε	_	_
6.8	2193	[169]	,	b	_
6.8	2194	[40]	τὴν	_	_
6.8	2195	[28]	δὲ	_	_
6.8	2196	[5]	καρδίαν	_	_
6.8	2197	[7]	ἅμα	_	_
6.8	2198	[35]	τῶν	_	_
6.8	2199	[12]	φλεβῶν	_	_
6.8	2200	[3]	πηγὴν	_	_
6.8	2201	[101]	καὶ	_	_
6.8	2202	[28]	τοῦ	_	_
6.8	2203	[3]	περιφερομένου	_	_
6.8	2204	[25]	κατὰ	_	_
6.8	2205	[4]	πάντα	_	_
6.8	2206	[4]	τὰ	_	_
6.8	2207	[2]	μέλη	_	_
6.8	2208	[4]	σφοδρῶς	_	_
6.8	2209	[12]	αἵματος	_	_
6.8	2210	[70]	.	b	_
6.8	2211	[1]	ἐπειδή	_	_
6.8	2212	[20]	γὰρ	_	_
6.8	2213	[1]	οὐδέπω	_	_
6.8	2214	[53]	τὸ	_	_
6.8	2215	[2]	σφύζον	_	_
6.8	2216	[1]	ἀγγεῖον	_	_
6.8	2217	[170]	,	b	_
6.8	2218	[6]	ὥσπερ	_	_
6.8	2219	[4]	νῦν	_	_
6.8	2220	[171]	,	b	_
6.8	2221	[2]	ἀρτηρία	_	_
6.8	2222	[1]	προσηγόρευται	_	_
6.8	2223	[172]	,	b	_
6.8	2224	[1]	μόνας	_	_
6.8	2225	[29]	δὲ	_	_
6.8	2226	[5]	τὰς	_	_
6.8	2227	[26]	κατὰ	_	_
6.8	2228	[16]	τὸν	_	_
6.8	2229	[1]	πνεύμονα	_	_
6.8	2230	[173]	,	b	_
6.8	2231	[6]	τὰς	_	_
6.8	2232	[11]	ὑπὸ	_	_
6.8	2233	[36]	τῶν	_	_
6.8	2234	[1]	νεωτέρων	_	_
6.8	2235	[1]	τραχείας	_	_
6.8	2236	[1]	ὀνομασθείσας	_	_
6.8	2237	[174]	,	b	_
6.8	2238	[9]	οὕτως	_	_
6.8	2239	[1]	ἐκάλουν	_	_
6.8	2240	[175]	,	b	_
6.8	2241	[1]	εὐλόγως	_	_
6.8	2242	[5]	ὁ	_	_
6.8	2243	[2]	Πλάτων	_	_
6.8	2244	[20]	εἰς	_	_
6.8	2245	[1]	διορισμὸν	_	_
6.8	2246	[176]	,	b	_
6.8	2247	[1]	ὁποίων	_	_
6.8	2248	[4]	ἄν	_	_
6.8	2249	[1]	τινων	_	_
6.8	2250	[1]	βούληται	_	_
6.8	2251	[13]	φλεβῶν	_	_
6.8	2252	[6]	εἶναι	_	_
6.8	2253	[41]	τὴν	_	_
6.8	2254	[6]	καρδίαν	_	_
6.8	2255	[9]	ἀρχὴν	_	_
6.8	2256	[177]	,	b	_
6.8	2257	[1]	προσέθηκε	_	_
6.8	2258	[102]	καὶ	_	_
6.8	2259	[4]	πηγὴν	_	_
6.8	2260	[29]	τοῦ	_	_
6.8	2261	[4]	περιφερομένου	_	_
6.8	2262	[27]	κατὰ	_	_
6.8	2263	[5]	πάντα	_	_
6.8	2264	[5]	τὰ	_	_
6.8	2265	[3]	μέλη	_	_
6.8	2266	[5]	σφοδρῶς	_	_
6.8	2267	[13]	αἵματος	_	_
6.8	2268	[71]	.	b	_
6.8	2269	[21]	εἰς	_	_
6.8	2270	[2]	τί	_	_
6.8	2271	[27]	μὲν	_	_
6.8	2272	[14]	οὖν	_	_
6.8	2273	[7]	ἐστι	_	_
6.8	2274	[6]	τοῦτο	_	_
6.8	2275	[54]	τὸ	_	_
6.8	2276	[11]	αἷμα	_	_
6.8	2277	[30]	τοῦ	_	_
6.8	2278	[4]	ζώου	_	_
6.8	2279	[1]	χρηστὸν	_	_
6.8	2280	[178]	,	b	_
6.8	2281	[5]	αὖθις	_	_
6.8	2282	[1]	εἰρήσεται	_	_
6.8	2283	[72]	.	b	_
6.8	2284	[55]	τὸ	_	_
6.8	2285	[30]	δὲ	_	_
6.8	2286	[8]	ἐξ	_	_
6.8	2287	[15]	ἥπατος	_	_
6.8	2288	[3]	ὁρμώμενον	_	_
6.8	2289	[22]	εἰς	_	_
6.8	2290	[3]	τροφὴν	_	_
6.8	2291	[1]	παρεσκεύασται	_	_
6.8	2292	[11]	τοῖς	_	_
6.8	2293	[31]	τοῦ	_	_
6.8	2294	[4]	σώματος	_	_
6.8	2295	[2]	ἅπασι	_	_
6.8	2296	[1]	μέρεσιν	_	_
6.8	2297	[73]	.	b	_
6.8	2298	[2]	ὅθεν	_	_
6.8	2299	[179]	,	b	_
6.8	2300	[3]	οἶμαι	_	_
6.8	2301	[180]	,	b	_
6.8	2302	[103]	καὶ	_	_
6.8	2303	[6]	ὁ	_	_
6.8	2304	[3]	Πλάτων	_	_
6.8	2305	[5]	ὑπὲρ	_	_
6.8	2306	[1]	ἐκείνου	_	_
6.8	2307	[1]	διαλεγόμενος	_	_
6.8	2308	[1]	ἔφη	_	_
6.8	2309	[14]	·	b	_
6.8	2310	[7]	οἷον	_	_
6.8	2311	[1]	φάτνην	_	_
6.8	2312	[18]	ἐν	_	_
6.8	2313	[1]	ἅπαντι	_	_
6.8	2314	[1]	τούτῳ	_	_
6.8	2315	[11]	τῷ	_	_
6.8	2316	[1]	τόπῳ	_	_
6.8	2317	[36]	τῆς	_	_
6.8	2318	[32]	τοῦ	_	_
6.8	2319	[5]	σώματος	_	_
6.8	2320	[1]	τροφῆς	_	_
6.8	2321	[1]	τεκτηναμένου	_	_
6.8	2322	[74]	.	b	_
6.8	2323	[104]	καὶ	_	_
6.8	2324	[1]	μέντοι	_	_
6.8	2325	[105]	καὶ	_	_
6.8	2326	[7]	ἐκ	_	_
6.8	2327	[33]	τοῦ	_	_
6.8	2328	[2]	λέγειν	_	_
6.8	2329	[181]	,	b	_
6.8	2330	[2]	τουτὶ	_	_
6.8	2331	[28]	μὲν	_	_
6.8	2332	[56]	τὸ	_	_
6.8	2333	[9]	καθ	_	_
6.8	2334	[68]	’	b	_
6.8	2335	[10]	ἧπαρ	_	_
6.8	2336	[2]	εἶδος	_	_
6.8	2337	[37]	τῆς	_	_
6.8	2338	[2]	ψυχῆς	_	_
6.8	2339	[1]	σιτίων	_	_
6.8	2340	[28]	τε	_	_
6.8	2341	[106]	καὶ	_	_
6.8	2342	[1]	ποτῶν	_	_
6.8	2343	[1]	ἐπιθυμητικὸν	_	_
6.8	2344	[2]	ὑπάρχειν	_	_
6.8	2345	[182]	,	b	_
6.8	2346	[8]	οὐ	_	_
6.8	2347	[2]	μὴν	_	_
6.8	2348	[1]	ἐπί	_	_
6.8	2349	[6]	γε	_	_
6.8	2350	[38]	τῆς	_	_
6.8	2351	[4]	καρδίας	_	_
6.8	2352	[10]	οὐδὲν	_	_
6.8	2353	[2]	ἔτι	_	_
6.8	2354	[3]	προσθεῖναι	_	_
6.8	2355	[5]	τοιοῦτον	_	_
6.8	2356	[183]	,	b	_
6.8	2357	[1]	δῆλός	_	_
6.8	2358	[10]	ἐστιν	_	_
6.8	2359	[8]	ἐκ	_	_
6.8	2360	[29]	μὲν	_	_
6.8	2361	[39]	τῆς	_	_
6.8	2362	[5]	γαστρὸς	_	_
6.8	2363	[23]	εἰς	_	_
6.8	2364	[11]	ἧπαρ	_	_
6.8	2365	[1]	βουλόμενος	_	_
6.8	2366	[1]	ἀναφέρεσθαι	_	_
6.8	2367	[42]	τὴν	_	_
6.8	2368	[4]	τροφὴν	_	_
6.8	2369	[184]	,	b	_
6.8	2370	[1]	ἐκεῖθεν	_	_
6.8	2371	[31]	δὲ	_	_
6.8	2372	[7]	ἐπὶ	_	_
6.8	2373	[43]	τὴν	_	_
6.8	2374	[7]	καρδίαν	_	_
6.8	2375	[1]	ἰέναι	_	_
6.8	2376	[8]	τι	_	_
6.8	2377	[2]	μέρος	_	_
6.8	2378	[24]	εἰς	_	_
6.8	2379	[44]	τὴν	_	_
6.8	2380	[34]	τοῦ	_	_
6.8	2381	[3]	κατ	_	_
6.8	2382	[69]	’	b	_
6.8	2383	[1]	ἐκείνην	_	_
6.8	2384	[14]	αἵματος	_	_
6.8	2385	[3]	γένεσιν	_	_
6.8	2386	[75]	.	b	_
6.8	2387	[7]	ἀλλ	_	_
6.8	2388	[70]	’	b	_
6.8	2389	[8]	ὅτι	_	_
6.8	2390	[30]	μὲν	_	_
6.8	2391	[7]	οὐκ	_	_
6.8	2392	[9]	ἐκ	_	_
6.8	2393	[37]	τῶν	_	_
6.8	2394	[28]	κατὰ	_	_
6.8	2395	[45]	τὴν	_	_
6.8	2396	[1]	γαστέρα	_	_
6.8	2397	[1]	χωρίων	_	_
6.8	2398	[40]	τῆς	_	_
6.8	2399	[2]	τροφῆς	_	_
6.8	2400	[1]	ἀνάδοσις	_	_
6.8	2401	[25]	εἰς	_	_
6.8	2402	[46]	τὴν	_	_
6.8	2403	[8]	καρδίαν	_	_
6.8	2404	[1]	εὐθέως	_	_
6.8	2405	[185]	,	b	_
6.8	2406	[8]	ἀλλ	_	_
6.8	2407	[71]	’	b	_
6.8	2408	[26]	εἰς	_	_
6.8	2409	[12]	ἧπαρ	_	_
6.8	2410	[3]	γίγνεται	_	_
6.8	2411	[186]	,	b	_
6.8	2412	[3]	πρότερον	_	_
6.8	2413	[1]	αὐτάρκως	_	_
6.8	2414	[2]	ἀποδεδειγμένον	_	_
6.8	2415	[19]	ἐν	_	_
6.8	2416	[12]	τοῖς	_	_
6.8	2417	[8]	περὶ	_	_
6.8	2418	[38]	τῶν	_	_
6.8	2419	[5]	φυσικῶν	_	_
6.8	2420	[4]	δυνάμεων	_	_
6.8	2421	[187]	,	b	_
6.8	2422	[11]	οὐδὲν	_	_
6.8	2423	[3]	ἔτι	_	_
6.8	2424	[1]	δέομαι	_	_
6.8	2425	[5]	νῦν	_	_
6.8	2426	[1]	ἐπεξέρχεσθαι	_	_
6.8	2427	[188]	,	b	_
6.8	2428	[4]	προσθεῖναι	_	_
6.8	2429	[19]	δ	_	_
6.8	2430	[72]	’	b	_
6.8	2431	[2]	ἄμεινον	_	_
6.8	2432	[12]	τῷ	_	_
6.8	2433	[1]	λόγῳ	_	_
6.8	2434	[1]	τοσόνδε	_	_
6.8	2435	[76]	.	b	_
6.8	2436	[2]	θερμὸν	_	_
6.8	2437	[31]	μὲν	_	_
6.8	2438	[3]	ἱκανῶς	_	_
6.8	2439	[3]	ἀναγκαῖον	_	_
6.8	2440	[7]	εἶναι	_	_
6.8	2441	[57]	τὸ	_	_
6.8	2442	[2]	θυμοειδὲς	_	_
6.8	2443	[6]	σπλάγχνον	_	_
6.8	2444	[189]	,	b	_
6.8	2445	[8]	οὐκ	_	_
6.8	2446	[9]	ἐξ	_	_
6.8	2447	[1]	ἀνάγκης	_	_
6.8	2448	[32]	δὲ	_	_
6.8	2449	[3]	θερμὸν	_	_
6.8	2450	[4]	ἱκανῶς	_	_
6.8	2451	[58]	τὸ	_	_
6.8	2452	[2]	ἐπιθυμητικὸν	_	_
6.8	2453	[190]	,	b	_
6.8	2454	[9]	ἀλλ	_	_
6.8	2455	[73]	’	b	_
6.8	2456	[20]	ἐν	_	_
6.8	2457	[1]	φυτοῖς	_	_
6.8	2458	[32]	μὲν	_	_
6.8	2459	[107]	καὶ	_	_
6.8	2460	[1]	πάμπολυ	_	_
6.8	2461	[35]	τοῦ	_	_
6.8	2462	[2]	θυμοειδοῦς	_	_
6.8	2463	[1]	ἀπολειπόμενον	_	_
6.8	2464	[191]	,	b	_
6.8	2465	[21]	ἐν	_	_
6.8	2466	[2]	ζώοις	_	_
6.8	2467	[20]	δ	_	_
6.8	2468	[74]	’	b	_
6.8	2469	[9]	οὐ	_	_
6.8	2470	[3]	τοσοῦτον	_	_
6.8	2471	[33]	μὲν	_	_
6.8	2472	[192]	,	b	_
6.8	2473	[2]	ὅμως	_	_
6.8	2474	[21]	δ	_	_
6.8	2475	[75]	’	b	_
6.8	2476	[9]	οὐκ	_	_
6.8	2477	[2]	ὀλίγον	_	_
6.8	2478	[77]	.	b	_
6.8	2479	[3]	οὔτε	_	_
6.8	2480	[21]	γὰρ	_	_
6.8	2481	[11]	ἂν	_	_
6.8	2482	[10]	οὕτως	_	_
6.8	2483	[4]	θερμὸν	_	_
6.8	2484	[1]	εἰργάζετο	_	_
6.8	2485	[3]	χυμὸν	_	_
6.8	2486	[193]	,	b	_
6.8	2487	[9]	εἰ	_	_
6.8	2488	[3]	μὴ	_	_
6.8	2489	[108]	καὶ	_	_
6.8	2490	[6]	αὐτὸ	_	_
6.8	2491	[6]	τοιοῦτον	_	_
6.8	2492	[1]	ὑπῆρχεν	_	_
6.8	2493	[194]	,	b	_
6.8	2494	[1]	οὔτ	_	_
6.8	2495	[76]	’	b	_
6.8	2496	[1]	ἀσφύκτους	_	_
6.8	2497	[12]	ἂν	_	_
6.8	2498	[1]	εἶχε	_	_
6.8	2499	[7]	τὰς	_	_
6.8	2500	[1]	φλέ	_	_
6.8	2501	[1]	βας	_	_
6.8	2502	[195]	,	b	_
6.8	2503	[10]	εἰ	_	_
6.8	2504	[1]	ζεούσης	_	_
6.8	2505	[4]	θερμασίας	_	_
6.8	2506	[1]	ἦν	_	_
6.8	2507	[4]	ἀρχή	_	_
6.8	2508	[78]	.	b	_
6.8	2509	[2]	ταῦτ	_	_
6.8	2510	[77]	’	b	_
6.8	2511	[2]	ἄρα	_	_
6.8	2512	[109]	καὶ	_	_
6.8	2513	[2]	Ἱπποκράτης	_	_
6.8	2514	[1]	ἐνδεικνύμενος	_	_
6.8	2515	[1]	ἔγραφε	_	_
6.8	2516	[15]	·	b	_
6.8	2517	[1]	ῥίζωσις	_	_
6.8	2518	[14]	φλεβῶν	_	_
6.8	2519	[13]	ἧπαρ	_	_
6.8	2520	[196]	,	b	_
6.8	2521	[2]	ῥίζωσις	_	_
6.8	2522	[5]	ἀρτηριῶν	_	_
6.8	2523	[1]	καρδίη	_	_
6.8	2524	[16]	·	b	_
6.8	2525	[10]	ἐκ	_	_
6.8	2526	[1]	τουτέων	_	_
6.8	2527	[1]	ἀποπλανᾶται	_	_
6.8	2528	[27]	εἰς	_	_
6.8	2529	[1]	πάνθ	_	_
6.8	2530	[78]	’	b	_
6.8	2531	[12]	αἷμα	_	_
6.8	2532	[197]	,	b	_
6.8	2533	[110]	καὶ	_	_
6.8	2534	[1]	πνεῦμα	_	_
6.8	2535	[198]	,	b	_
6.8	2536	[111]	καὶ	_	_
6.8	2537	[1]	θερμασίη	_	_
6.8	2538	[8]	διὰ	_	_
6.8	2539	[4]	τούτων	_	_
6.8	2540	[1]	φοιτᾷ	_	_
6.8	2541	[17]	·	b	_
6.8	2542	[13]	αἷμα	_	_
6.8	2543	[34]	μὲν	_	_
6.8	2544	[10]	ἐξ	_	_
6.8	2545	[16]	ἥπατος	_	_
6.8	2546	[1]	ἀποπλανᾶσθαι	_	_
6.8	2547	[1]	λέγων	_	_
6.8	2548	[199]	,	b	_
6.8	2549	[2]	πνεῦμα	_	_
6.8	2550	[22]	δ	_	_
6.8	2551	[79]	’	b	_
6.8	2552	[11]	ἐκ	_	_
6.8	2553	[5]	καρδίας	_	_
6.8	2554	[200]	,	b	_
6.8	2555	[1]	θερμασίαν	_	_
6.8	2556	[23]	δ	_	_
6.8	2557	[80]	’	b	_
6.8	2558	[11]	ἐξ	_	_
6.8	2559	[1]	ἀμφοῖν	_	_
6.8	2560	[79]	.	b	_
6.8	2561	[3]	ὅθεν	_	_
6.8	2562	[5]	οὐδὲ	_	_
6.8	2563	[1]	διήνεγκεν	_	_
6.8	2564	[19]	ἢ	_	_
6.8	2565	[15]	φλεβῶν	_	_
6.8	2566	[10]	ἀρχὴν	_	_
6.8	2567	[2]	εἰπεῖν	_	_
6.8	2568	[59]	τὸ	_	_
6.8	2569	[14]	ἧπαρ	_	_
6.8	2570	[201]	,	b	_
6.8	2571	[20]	ἢ	_	_
6.8	2572	[15]	αἵματος	_	_
6.8	2573	[202]	,	b	_
6.8	2574	[21]	ἢ	_	_
6.8	2575	[41]	τῆς	_	_
6.8	2576	[1]	ἐπιθυμητικῆς	_	_
6.8	2577	[3]	ψυχῆς	_	_
6.8	2578	[203]	,	b	_
6.8	2579	[10]	ἀλλ	_	_
6.8	2580	[81]	’	b	_
6.8	2581	[1]	οἰκειότερόν	_	_
6.8	2582	[2]	πως	_	_
6.8	2583	[1]	ἰατρῷ	_	_
6.8	2584	[35]	μὲν	_	_
6.8	2585	[8]	ἐπὶ	_	_
6.8	2586	[13]	τοῖς	_	_
6.8	2587	[1]	σωματικοῖς	_	_
6.8	2588	[2]	ὀργάνοις	_	_
6.8	2589	[204]	,	b	_
6.8	2590	[1]	φιλοσόφῳ	_	_
6.8	2591	[24]	δ	_	_
6.8	2592	[82]	’	b	_
6.8	2593	[9]	ἐπὶ	_	_
6.8	2594	[3]	ταῖς	_	_
6.8	2595	[1]	ψυχικαῖς	_	_
6.8	2596	[1]	δυνάμεσι	_	_
6.8	2597	[1]	ποιεῖσθαι	_	_
6.8	2598	[47]	τὴν	_	_
6.8	2599	[1]	διδασκαλίαν	_	_
6.8	2600	[205]	,	b	_
6.8	2601	[1]	ἕπεται	_	_
6.8	2602	[33]	δὲ	_	_
6.8	2603	[1]	ἐπιδειχθέντι	_	_
6.8	2604	[2]	θατέρῳ	_	_
6.8	2605	[2]	θάτερον	_	_
6.8	2606	[80]	.	b	_
6.8	2607	[112]	καὶ	_	_
6.8	2608	[2]	τοίνυν	_	_
6.8	2609	[1]	φαίνονται	_	_
6.8	2610	[2]	γεγραφότες	_	_
6.8	2611	[11]	οὕτως	_	_
6.8	2612	[6]	ὑπὲρ	_	_
6.8	2613	[6]	αὐτῶν	_	_
6.8	2614	[3]	Ἱπποκράτης	_	_
6.8	2615	[113]	καὶ	_	_
6.8	2616	[4]	Πλάτων	_	_
6.8	2617	[206]	,	b	_
6.8	2618	[7]	ὁ	_	_
6.8	2619	[36]	μὲν	_	_
6.8	2620	[7]	ὑπὲρ	_	_
6.8	2621	[39]	τῶν	_	_
6.8	2622	[1]	σωματικῶν	_	_
6.8	2623	[1]	ὀργάνων	_	_
6.8	2624	[17]	τὸν	_	_
6.8	2625	[1]	πλείω	_	_
6.8	2626	[4]	λόγον	_	_
6.8	2627	[1]	ποιησάμενος	_	_
6.8	2628	[207]	,	b	_
6.8	2629	[8]	ὁ	_	_
6.8	2630	[25]	δ	_	_
6.8	2631	[83]	’	b	_
6.8	2632	[8]	ὑπὲρ	_	_
6.8	2633	[40]	τῶν	_	_
6.8	2634	[1]	ψυχικῶν	_	_
6.8	2635	[5]	δυνάμεων	_	_
6.8	2636	[81]	.	b	_
6.8	2637	[9]	διὰ	_	_
6.8	2638	[3]	τοῦτ	_	_
6.8	2639	[84]	’	b	_
6.8	2640	[15]	οὖν	_	_
6.8	2641	[9]	ὁ	_	_
6.8	2642	[37]	μὲν	_	_
6.8	2643	[4]	Ἱπποκράτης	_	_
6.8	2644	[1]	ἐρεῖ	_	_
6.8	2645	[208]	,	b	_
6.8	2646	[3]	ῥίζωσις	_	_
6.8	2647	[16]	φλεβῶν	_	_
6.8	2648	[15]	ἧπαρ	_	_
6.8	2649	[209]	,	b	_
6.8	2650	[1]	ἀνατομήν	_	_
6.8	2651	[29]	τε	_	_
6.8	2652	[2]	γράφει	_	_
6.8	2653	[17]	φλεβῶν	_	_
6.8	2654	[1]	τήνδε	_	_
6.8	2655	[18]	·	b	_
6.8	2656	[1]	ἡπατῖτις	_	_
6.8	2657	[22]	ἐν	_	_
6.8	2658	[1]	ὀσφύϊ	_	_
6.8	2659	[1]	μέχρι	_	_
6.8	2660	[36]	τοῦ	_	_
6.8	2661	[1]	μεγάλου	_	_
6.8	2662	[1]	σπονδύλου	_	_
6.8	2663	[1]	κάτωθεν	_	_
6.8	2664	[210]	,	b	_
6.8	2665	[114]	καὶ	_	_
6.8	2666	[1]	σπονδύλοισι	_	_
6.8	2667	[1]	προσδιδοῖ	_	_
6.8	2668	[2]	ἐντεῦθεν	_	_
6.8	2669	[1]	μετέωρος	_	_
6.8	2670	[4]	δι	_	_
6.8	2671	[85]	’	b	_
6.8	2672	[17]	ἥπατος	_	_
6.8	2673	[211]	,	b	_
6.8	2674	[115]	καὶ	_	_
6.8	2675	[10]	διὰ	_	_
6.8	2676	[1]	φρενῶν	_	_
6.8	2677	[28]	εἰς	_	_
6.8	2678	[9]	καρδίαν	_	_
6.8	2679	[82]	.	b	_
6.8	2680	[116]	καὶ	_	_
6.8	2681	[24]	ἡ	_	_
6.8	2682	[38]	μὲν	_	_
6.8	2683	[1]	ἰθεῖα	_	_
6.8	2684	[1]	ἐς	_	_
6.8	2685	[1]	κληῖδας	_	_
6.8	2686	[212]	,	b	_
6.8	2687	[3]	ἐντεῦθεν	_	_
6.8	2688	[26]	δ	_	_
6.8	2689	[86]	’	b	_
6.8	2690	[4]	αἱ	_	_
6.8	2691	[39]	μὲν	_	_
6.8	2692	[29]	εἰς	_	_
6.8	2693	[1]	τράχηλον	_	_
6.8	2694	[213]	,	b	_
6.8	2695	[5]	αἱ	_	_
6.8	2696	[27]	δ	_	_
6.8	2697	[87]	’	b	_
6.8	2698	[1]	ἐπ	_	_
6.8	2699	[88]	’	b	_
6.8	2700	[1]	ὠμοπλάτην	_	_
6.8	2701	[214]	,	b	_
6.8	2702	[6]	αἱ	_	_
6.8	2703	[28]	δ	_	_
6.8	2704	[89]	’	b	_
6.8	2705	[1]	ἀποκαμφθεῖσαι	_	_
6.8	2706	[1]	κάτω	_	_
6.8	2707	[9]	περὶ	_	_
6.8	2708	[1]	παρασπονδύλου	_	_
6.8	2709	[117]	καὶ	_	_
6.8	2710	[1]	πλευρᾶς	_	_
6.8	2711	[1]	ἀποκλίνουσιν	_	_
6.8	2712	[215]	,	b	_
6.8	2713	[12]	ἐξ	_	_
6.8	2714	[1]	ἀριστερῶν	_	_
6.8	2715	[40]	μὲν	_	_
6.8	2716	[1]	μία	_	_
6.8	2717	[2]	ἐγγὺς	_	_
6.8	2718	[1]	κληΐδων	_	_
6.8	2719	[216]	,	b	_
6.8	2720	[12]	ἐκ	_	_
6.8	2721	[1]	δεξιῶν	_	_
6.8	2722	[34]	δὲ	_	_
6.8	2723	[2]	ἐπί	_	_
6.8	2724	[9]	τι	_	_
6.8	2725	[1]	ταύτης	_	_
6.8	2726	[1]	χωρίον	_	_
6.8	2727	[83]	.	b	_
6.8	2728	[1]	ἄλλη	_	_
6.8	2729	[35]	δὲ	_	_
6.8	2730	[2]	σμικρὸν	_	_
6.8	2731	[1]	κατώτερον	_	_
6.8	2732	[1]	ἀποκαμφθεῖσα	_	_
6.8	2733	[217]	,	b	_
6.8	2734	[1]	ὁκόθεν	_	_
6.8	2735	[41]	μὲν	_	_
6.8	2736	[1]	ἐκείνη	_	_
6.8	2737	[1]	ἀπέλιπε	_	_
6.8	2738	[218]	,	b	_
6.8	2739	[1]	προσέδωκε	_	_
6.8	2740	[1]	τῇσι	_	_
6.8	2741	[1]	πλευρῇσιν	_	_
6.8	2742	[84]	.	b	_
6.8	2743	[1]	ἐπὰν	_	_
6.8	2744	[36]	δὲ	_	_
6.8	2745	[42]	τῆς	_	_
6.8	2746	[2]	ἐπ	_	_
6.8	2747	[90]	’	b	_
6.8	2748	[5]	αὐτῆς	_	_
6.8	2749	[6]	καρδίας	_	_
6.8	2750	[1]	προστύχῃ	_	_
6.8	2751	[1]	ἀποκαμπτομένη	_	_
6.8	2752	[30]	εἰς	_	_
6.8	2753	[6]	τὰ	_	_
6.8	2754	[1]	ἀριστερὰ	_	_
6.8	2755	[219]	,	b	_
6.8	2756	[2]	ἀποκαμφθεῖσα	_	_
6.8	2757	[37]	δὲ	_	_
6.8	2758	[2]	κάτω	_	_
6.8	2759	[10]	ἐπὶ	_	_
6.8	2760	[1]	σπονδύλους	_	_
6.8	2761	[1]	καταβαίνει	_	_
6.8	2762	[220]	,	b	_
6.8	2763	[2]	ἔστ	_	_
6.8	2764	[91]	’	b	_
6.8	2765	[13]	ἂν	_	_
6.8	2766	[2]	ἀφίκηται	_	_
6.8	2767	[4]	ὅθεν	_	_
6.8	2768	[1]	ἤρξατο	_	_
6.8	2769	[1]	μετεωρίζεσθαι	_	_
6.8	2770	[1]	ἀποδιδοῦσα	_	_
6.8	2771	[2]	τῇσι	_	_
6.8	2772	[1]	πλευρῇσι	_	_
6.8	2773	[48]	τὴν	_	_
6.8	2774	[1]	ἐπίλοιπον	_	_
6.8	2775	[1]	ἁπάσαις	_	_
6.8	2776	[221]	,	b	_
6.8	2777	[118]	καὶ	_	_
6.8	2778	[1]	ἔνθεν	_	_
6.8	2779	[1]	ἀποσχίδας	_	_
6.8	2780	[1]	παρ	_	_
6.8	2781	[92]	’	b	_
6.8	2782	[1]	ἑκάστην	_	_
6.8	2783	[1]	διδοῦσα	_	_
6.8	2784	[222]	,	b	_
6.8	2785	[1]	μιᾶς	_	_
6.8	2786	[29]	δ	_	_
6.8	2787	[93]	’	b	_
6.8	2788	[1]	οὖσα	_	_
6.8	2789	[85]	.	b	_
6.8	2790	[1]	ἀπὸ	_	_
6.8	2791	[42]	μὲν	_	_
6.8	2792	[43]	τῆς	_	_
6.8	2793	[7]	καρδίας	_	_
6.8	2794	[3]	ἐπί	_	_
6.8	2795	[10]	τι	_	_
6.8	2796	[2]	χωρίον	_	_
6.8	2797	[23]	ἐν	_	_
6.8	2798	[1]	τοῖσιν	_	_
6.8	2799	[1]	ἀριστεροῖσιν	_	_
6.8	2800	[4]	μᾶλλον	_	_
6.8	2801	[1]	ἐοῦσα	_	_
6.8	2802	[223]	,	b	_
6.8	2803	[1]	ἔπειτα	_	_
6.8	2804	[1]	ὑποκάτω	_	_
6.8	2805	[44]	τῆς	_	_
6.8	2806	[4]	ἀρτηρίας	_	_
6.8	2807	[224]	,	b	_
6.8	2808	[3]	ἔστ	_	_
6.8	2809	[94]	’	b	_
6.8	2810	[14]	ἂν	_	_
6.8	2811	[1]	καταναλωθῇ	_	_
6.8	2812	[119]	καὶ	_	_
6.8	2813	[1]	ἔλθῃ	_	_
6.8	2814	[5]	ὅθεν	_	_
6.8	2815	[25]	ἡ	_	_
6.8	2816	[2]	ἡπατῖτις	_	_
6.8	2817	[1]	ἐμετεωρίσθη	_	_
6.8	2818	[225]	,	b	_
6.8	2819	[1]	πρότερόν	_	_
6.8	2820	[7]	γε	_	_
6.8	2821	[2]	πρὶν	_	_
6.8	2822	[1]	ἐνταῦθα	_	_
6.8	2823	[1]	ἐλθεῖν	_	_
6.8	2824	[3]	παρὰ	_	_
6.8	2825	[8]	τὰς	_	_
6.8	2826	[1]	ἐσχάτας	_	_
6.8	2827	[2]	δύο	_	_
6.8	2828	[1]	πλευρὰς	_	_
6.8	2829	[1]	ἐδιχώθη	_	_
6.8	2830	[226]	,	b	_
6.8	2831	[120]	καὶ	_	_
6.8	2832	[26]	ἡ	_	_
6.8	2833	[43]	μὲν	_	_
6.8	2834	[2]	ἔνθεν	_	_
6.8	2835	[227]	,	b	_
6.8	2836	[27]	ἡ	_	_
6.8	2837	[38]	δὲ	_	_
6.8	2838	[3]	ἔνθεν	_	_
6.8	2839	[41]	τῶν	_	_
6.8	2840	[1]	σπονδύλων	_	_
6.8	2841	[1]	ἐλθοῦσα	_	_
6.8	2842	[1]	κατηναλώθη	_	_
6.8	2843	[86]	.	b	_
6.8	2844	[28]	ἡ	_	_
6.8	2845	[30]	δ	_	_
6.8	2846	[95]	’	b	_
6.8	2847	[1]	εὐθεῖα	_	_
6.8	2848	[2]	ἀπὸ	_	_
6.8	2849	[45]	τῆς	_	_
6.8	2850	[8]	καρδίας	_	_
6.8	2851	[5]	πρὸς	_	_
6.8	2852	[1]	κληϊδας	_	_
6.8	2853	[1]	τείνουσα	_	_
6.8	2854	[2]	ἄνωθεν	_	_
6.8	2855	[46]	τῆς	_	_
6.8	2856	[5]	ἀρτηρίας	_	_
6.8	2857	[3]	ἐστὶ	_	_
6.8	2858	[228]	,	b	_
6.8	2859	[121]	καὶ	_	_
6.8	2860	[3]	ἀπὸ	_	_
6.8	2861	[2]	ταύτης	_	_
6.8	2862	[7]	ὥσπερ	_	_
6.8	2863	[122]	καὶ	_	_
6.8	2864	[2]	παρ	_	_
6.8	2865	[96]	’	b	_
6.8	2866	[1]	ὀσφὺν	_	_
6.8	2867	[2]	κάτωθεν	_	_
6.8	2868	[47]	τῆς	_	_
6.8	2869	[9]	καρδίας	_	_
6.8	2870	[229]	,	b	_
6.8	2871	[123]	καὶ	_	_
6.8	2872	[4]	ἀπὸ	_	_
6.8	2873	[3]	ταύτης	_	_
6.8	2874	[1]	ἀΐσσει	_	_
6.8	2875	[31]	εἰς	_	_
6.8	2876	[60]	τὸ	_	_
6.8	2877	[16]	ἧπαρ	_	_
6.8	2878	[230]	,	b	_
6.8	2879	[29]	ἡ	_	_
6.8	2880	[44]	μὲν	_	_
6.8	2881	[11]	ἐπὶ	_	_
6.8	2882	[1]	πύλας	_	_
6.8	2883	[124]	καὶ	_	_
6.8	2884	[1]	λοβὸν	_	_
6.8	2885	[231]	,	b	_
6.8	2886	[30]	ἡ	_	_
6.8	2887	[31]	δ	_	_
6.8	2888	[97]	’	b	_
6.8	2889	[2]	ἐς	_	_
6.8	2890	[61]	τὸ	_	_
6.8	2891	[10]	ἄλλο	_	_
6.8	2892	[1]	ἑξῆς	_	_
6.8	2893	[1]	ἀφώρμηκε	_	_
6.8	2894	[3]	σμικρὸν	_	_
6.8	2895	[3]	κάτωθεν	_	_
6.8	2896	[2]	φρενῶν	_	_
6.8	2897	[87]	.	b	_
6.8	2898	[1]	φρένες	_	_
6.8	2899	[39]	δὲ	_	_
6.8	2900	[1]	προσπεφύκασι	_	_
6.8	2901	[13]	τῷ	_	_
6.8	2902	[3]	ἥπατι	_	_
6.8	2903	[232]	,	b	_
6.8	2904	[1]	ἃς	_	_
6.8	2905	[10]	οὐ	_	_
6.8	2906	[1]	ῥηΐδιον	_	_
6.8	2907	[1]	χωρίσαι	_	_
6.8	2908	[88]	.	b	_
6.8	2909	[1]	δισσαὶ	_	_
6.8	2910	[32]	δ	_	_
6.8	2911	[98]	’	b	_
6.8	2912	[5]	ἀπὸ	_	_
6.8	2913	[2]	κληΐδων	_	_
6.8	2914	[7]	αἱ	_	_
6.8	2915	[45]	μὲν	_	_
6.8	2916	[4]	ἔνθεν	_	_
6.8	2917	[233]	,	b	_
6.8	2918	[8]	αἱ	_	_
6.8	2919	[33]	δ	_	_
6.8	2920	[99]	’	b	_
6.8	2921	[5]	ἔνθεν	_	_
6.8	2922	[12]	ὑπὸ	_	_
6.8	2923	[1]	στῆθος	_	_
6.8	2924	[3]	ἐς	_	_
6.8	2925	[1]	ἦτρον	_	_
6.8	2926	[89]	.	b	_
6.8	2927	[1]	ὅπῃ	_	_
6.8	2928	[34]	δ	_	_
6.8	2929	[100]	’	b	_
6.8	2930	[4]	ἐντεῦθεν	_	_
6.8	2931	[234]	,	b	_
6.8	2932	[1]	οὔπω	_	_
6.8	2933	[1]	οἶδα	_	_
6.8	2934	[90]	.	b	_
6.8	2935	[2]	φρένες	_	_
6.8	2936	[40]	δὲ	_	_
6.8	2937	[29]	κατὰ	_	_
6.8	2938	[18]	τὸν	_	_
6.8	2939	[1]	σπόνδυλον	_	_
6.8	2940	[19]	τὸν	_	_
6.8	2941	[3]	κάτω	_	_
6.8	2942	[1]	πλευρέων	_	_
6.8	2943	[235]	,	b	_
6.8	2944	[22]	ἢ	_	_
6.8	2945	[1]	νεφρὸς	_	_
6.8	2946	[13]	ἐξ	_	_
6.8	2947	[6]	ἀρτηρίας	_	_
6.8	2948	[1]	ταύτῃ	_	_
6.8	2949	[1]	ἀμφιβεβηκώς	_	_
6.8	2950	[91]	.	b	_
6.8	2951	[3]	ἀρτηρίαι	_	_
6.8	2952	[41]	δὲ	_	_
6.8	2953	[13]	ἐκ	_	_
6.8	2954	[3]	τούτου	_	_
6.8	2955	[1]	ἐκπεφύκασιν	_	_
6.8	2956	[236]	,	b	_
6.8	2957	[6]	ἔνθεν	_	_
6.8	2958	[125]	καὶ	_	_
6.8	2959	[7]	ἔνθεν	_	_
6.8	2960	[1]	ἀρτηρίη	_	_
6.8	2961	[1]	τόνον	_	_
6.8	2962	[1]	ἔχουσα	_	_
6.8	2963	[92]	.	b	_
6.8	2964	[2]	ταύτῃ	_	_
6.8	2965	[42]	δὲ	_	_
6.8	2966	[1]	παλινδρομήσασα	_	_
6.8	2967	[6]	ἀπὸ	_	_
6.8	2968	[1]	καρδίης	_	_
6.8	2969	[31]	ἡ	_	_
6.8	2970	[3]	ἡπατῖτις	_	_
6.8	2971	[1]	ἔληγεν	_	_
6.8	2972	[93]	.	b	_
6.8	2973	[7]	ἀπὸ	_	_
6.8	2974	[43]	δὲ	_	_
6.8	2975	[48]	τῆς	_	_
6.8	2976	[1]	ἡπατίτιδος	_	_
6.8	2977	[11]	διὰ	_	_
6.8	2978	[42]	τῶν	_	_
6.8	2979	[3]	φρενῶν	_	_
6.8	2980	[9]	αἱ	_	_
6.8	2981	[1]	μέγισται	_	_
6.8	2982	[3]	δύο	_	_
6.8	2983	[237]	,	b	_
6.8	2984	[32]	ἡ	_	_
6.8	2985	[46]	μὲν	_	_
6.8	2986	[8]	ἔνθεν	_	_
6.8	2987	[238]	,	b	_
6.8	2988	[33]	ἡ	_	_
6.8	2989	[44]	δὲ	_	_
6.8	2990	[9]	ἔνθεν	_	_
6.8	2991	[1]	φέρονται	_	_
6.8	2992	[1]	μετέωροι	_	_
6.8	2993	[239]	,	b	_
6.8	2994	[1]	πολυσχιδεῖς	_	_
6.8	2995	[30]	τε	_	_
6.8	2996	[12]	διὰ	_	_
6.8	2997	[43]	τῶν	_	_
6.8	2998	[4]	φρενῶν	_	_
6.8	2999	[2]	εἰσιν	_	_
6.8	3000	[240]	,	b	_
6.8	3001	[1]	ἀμφὶ	_	_
6.8	3002	[1]	ταύτας	_	_
6.8	3003	[1]	αἷς	_	_
6.8	3004	[126]	καὶ	_	_
6.8	3005	[2]	πεφύκασιν	_	_
6.8	3006	[241]	,	b	_
6.8	3007	[1]	ἄνω	_	_
6.8	3008	[45]	δὲ	_	_
6.8	3009	[5]	φρενῶν	_	_
6.8	3010	[1]	αὗται	_	_
6.8	3011	[5]	μᾶλλον	_	_
6.8	3012	[1]	ἐκφανέες	_	_
6.8	3013	[94]	.	b	_
6.8	3014	[12]	οὕτως	_	_
6.8	3015	[47]	μὲν	_	_
6.8	3016	[10]	ὁ	_	_
6.8	3017	[5]	Ἱπποκράτης	_	_
6.8	3018	[1]	ἔγραψεν	_	_
6.8	3019	[49]	τὴν	_	_
6.8	3020	[1]	ἀνατομὴν	_	_
6.8	3021	[44]	τῶν	_	_
6.8	3022	[14]	ἐξ	_	_
6.8	3023	[18]	ἥπατος	_	_
6.8	3024	[1]	ἐκφυομένων	_	_
6.8	3025	[18]	φλεβῶν	_	_
6.8	3026	[242]	,	b	_
6.8	3027	[2]	ἐνδεικνύμενος	_	_
6.8	3028	[5]	ἐντεῦθεν	_	_
6.8	3029	[8]	εἶναι	_	_
6.8	3030	[50]	τὴν	_	_
6.8	3031	[11]	ἀρχὴν	_	_
6.8	3032	[3]	αὐτήν	_	_
6.8	3033	[95]	.	b	_
6.8	3034	[1]	ἐξηγησάμεθα	_	_
6.8	3035	[46]	δὲ	_	_
6.8	3036	[51]	τὴν	_	_
6.8	3037	[1]	ῥῆσιν	_	_
6.8	3038	[1]	ἑτέρωθί	_	_
6.8	3039	[31]	τε	_	_
6.8	3040	[1]	κᾀν	_	_
6.8	3041	[14]	τῷ	_	_
6.8	3042	[1]	δευτέρῳ	_	_
6.8	3043	[49]	τῆς	_	_
6.8	3044	[1]	Ἱπποκράτους	_	_
6.8	3045	[1]	ἀνατομῆς	_	_
6.8	3046	[96]	.	b	_
6.8	3047	[11]	ὁ	_	_
6.8	3048	[47]	δὲ	_	_
6.8	3049	[5]	Πλάτων	_	_
6.8	3050	[11]	οὐ	_	_
6.8	3051	[30]	κατὰ	_	_
6.8	3052	[9]	τὰς	_	_
6.8	3053	[2]	φλέβας	_	_
6.8	3054	[243]	,	b	_
6.8	3055	[8]	ἀλλὰ	_	_
6.8	3056	[31]	κατὰ	_	_
6.8	3057	[52]	τὴν	_	_
6.8	3058	[1]	διοικοῦσαν	_	_
6.8	3059	[1]	αὐτὰς	_	_
6.8	3060	[2]	δύναμιν	_	_
6.8	3061	[1]	ἀφ	_	_
6.8	3062	[101]	’	b	_
6.8	3063	[19]	ἥπατος	_	_
6.8	3064	[1]	ὁρμωμένην	_	_
6.8	3065	[24]	ἐν	_	_
6.8	3066	[2]	Τιμαίῳ	_	_
6.8	3067	[2]	διαλεγόμενος	_	_
6.8	3068	[1]	ᾧδὲ	_	_
6.8	3069	[3]	πως	_	_
6.8	3070	[1]	ποιεῖται	_	_
6.8	3071	[53]	τὴν	_	_
6.8	3072	[37]	τοῦ	_	_
6.8	3073	[1]	λόγου	_	_
6.8	3074	[1]	διέξοδον	_	_
6.8	3075	[97]	.	b	_
6.8	3076	[62]	τὸ	_	_
6.8	3077	[48]	δὲ	_	_
6.8	3078	[4]	δὴ	_	_
6.8	3079	[1]	σίτων	_	_
6.8	3080	[32]	τε	_	_
6.8	3081	[127]	καὶ	_	_
6.8	3082	[2]	ποτῶν	_	_
6.8	3083	[3]	ἐπιθυμητικὸν	_	_
6.8	3084	[50]	τῆς	_	_
6.8	3085	[4]	ψυχῆς	_	_
6.8	3086	[244]	,	b	_
6.8	3087	[128]	καὶ	_	_
6.8	3088	[1]	ὅσων	_	_
6.8	3089	[1]	ἔνδειαν	_	_
6.8	3090	[13]	διὰ	_	_
6.8	3091	[54]	τὴν	_	_
6.8	3092	[38]	τοῦ	_	_
6.8	3093	[6]	σώματος	_	_
6.8	3094	[1]	ἴσχει	_	_
6.8	3095	[3]	φύσιν	_	_
6.8	3096	[245]	,	b	_
6.8	3097	[7]	τοῦτο	_	_
6.8	3098	[32]	εἰς	_	_
6.8	3099	[63]	τὸ	_	_
6.8	3100	[1]	μεταξὺ	_	_
6.8	3101	[45]	τῶν	_	_
6.8	3102	[33]	τε	_	_
6.8	3103	[6]	φρενῶν	_	_
6.8	3104	[129]	καὶ	_	_
6.8	3105	[39]	τοῦ	_	_
6.8	3106	[33]	εἰς	_	_
6.8	3107	[20]	τὸν	_	_
6.8	3108	[1]	ὀμφαλὸν	_	_
6.8	3109	[1]	ὅρου	_	_
6.8	3110	[1]	κατῴκισαν	_	_
6.8	3111	[246]	,	b	_
6.8	3112	[8]	οἷον	_	_
6.8	3113	[2]	φάτνην	_	_
6.8	3114	[25]	ἐν	_	_
6.8	3115	[2]	ἅπαντι	_	_
6.8	3116	[2]	τούτῳ	_	_
6.8	3117	[15]	τῷ	_	_
6.8	3118	[2]	τόπῳ	_	_
6.8	3119	[9]	τῇ	_	_
6.8	3120	[40]	τοῦ	_	_
6.8	3121	[7]	σώματος	_	_
6.8	3122	[1]	τροφῇ	_	_
6.8	3123	[1]	κεκτημένοι	_	_
6.8	3124	[247]	,	b	_
6.8	3125	[130]	καὶ	_	_
6.8	3126	[1]	κατέδησαν	_	_
6.8	3127	[5]	δὴ	_	_
6.8	3128	[64]	τὸ	_	_
6.8	3129	[7]	τοιοῦτον	_	_
6.8	3130	[2]	ἐνταῦθα	_	_
6.8	3131	[248]	,	b	_
6.8	3132	[13]	ὡς	_	_
6.8	3133	[1]	θρέμμα	_	_
6.8	3134	[1]	ἄγριον	_	_
6.8	3135	[98]	.	b	_
6.8	3136	[1]	τρέφειν	_	_
6.8	3137	[49]	δὲ	_	_
6.8	3138	[6]	δὴ	_	_
6.8	3139	[1]	συνημμένον	_	_
6.8	3140	[4]	ἀναγκαῖον	_	_
6.8	3141	[249]	,	b	_
6.8	3142	[4]	εἴπερ	_	_
6.8	3143	[11]	τι	_	_
6.8	3144	[1]	μέλλει	_	_
6.8	3145	[65]	τὸ	_	_
6.8	3146	[1]	θνητὸν	_	_
6.8	3147	[1]	ἔσεσθαι	_	_
6.8	3148	[2]	γένος	_	_
6.8	3149	[99]	.	b	_
6.8	3150	[131]	καὶ	_	_
6.8	3151	[1]	μικρὸν	_	_
6.8	3152	[1]	προελθὼν	_	_
6.8	3153	[8]	τοῦτο	_	_
6.8	3154	[1]	δή	_	_
6.8	3155	[1]	φησιν	_	_
6.8	3156	[19]	·	b	_
6.8	3157	[12]	ὁ	_	_
6.8	3158	[1]	θεὸς	_	_
6.8	3159	[1]	ἐπιβουλεύσας	_	_
6.8	3160	[8]	αὐτοῦ	_	_
6.8	3161	[55]	τὴν	_	_
6.8	3162	[20]	ἥπατος	_	_
6.8	3163	[2]	ἰδέαν	_	_
6.8	3164	[1]	συνέστησεν	_	_
6.8	3165	[100]	.	b	_
6.8	3166	[12]	ἐπὶ	_	_
6.8	3167	[48]	μὲν	_	_
6.8	3168	[7]	δὴ	_	_
6.8	3169	[2]	τοῦδε	_	_
6.8	3170	[41]	τοῦ	_	_
6.8	3171	[2]	σπλάγχνου	_	_
6.8	3172	[2]	καθάπερ	_	_
6.8	3173	[1]	νειμάμενοι	_	_
6.8	3174	[3]	τοὺς	_	_
6.8	3175	[1]	λόγους	_	_
6.8	3176	[250]	,	b	_
6.8	3177	[13]	ὁ	_	_
6.8	3178	[49]	μὲν	_	_
6.8	3179	[9]	ὑπὲρ	_	_
6.8	3180	[46]	τῶν	_	_
6.8	3181	[2]	ὀργάνων	_	_
6.8	3182	[251]	,	b	_
6.8	3183	[14]	ὁ	_	_
6.8	3184	[50]	δὲ	_	_
6.8	3185	[10]	ὑπὲρ	_	_
6.8	3186	[51]	τῆς	_	_
6.8	3187	[1]	διοικούσης	_	_
6.8	3188	[1]	αὐτὰ	_	_
6.8	3189	[3]	δυνάμεως	_	_
6.8	3190	[1]	διελέχθη	_	_
6.8	3191	[101]	.	b	_
6.8	3192	[13]	ἐπὶ	_	_
6.8	3193	[51]	δὲ	_	_
6.8	3194	[52]	τῆς	_	_
6.8	3195	[10]	καρδίας	_	_
6.8	3196	[2]	ἑκατέρως	_	_
6.8	3197	[1]	ἀμφότεροι	_	_
6.8	3198	[1]	μετεχειρίσαντο	_	_
6.8	3199	[252]	,	b	_
6.8	3200	[6]	Πλάτων	_	_
6.8	3201	[50]	μὲν	_	_
6.8	3202	[26]	ἐν	_	_
6.8	3203	[3]	Τιμαίῳ	_	_
6.8	3204	[1]	γράφων	_	_
6.8	3205	[1]	ᾧδε	_	_
6.8	3206	[102]	.	b	_
6.8	3207	[56]	τὴν	_	_
6.8	3208	[52]	δὲ	_	_
6.8	3209	[8]	δὴ	_	_
6.8	3210	[10]	καρδίαν	_	_
6.8	3211	[8]	ἅμα	_	_
6.8	3212	[47]	τῶν	_	_
6.8	3213	[19]	φλεβῶν	_	_
6.8	3214	[5]	πηγὴν	_	_
6.8	3215	[132]	καὶ	_	_
6.8	3216	[42]	τοῦ	_	_
6.8	3217	[5]	περιφερομένου	_	_
6.8	3218	[32]	κατὰ	_	_
6.8	3219	[6]	πάντα	_	_
6.8	3220	[7]	τὰ	_	_
6.8	3221	[1]	μέρη	_	_
6.8	3222	[6]	σφοδρῶς	_	_
6.8	3223	[16]	αἵματος	_	_
6.8	3224	[34]	εἰς	_	_
6.8	3225	[57]	τὴν	_	_
6.8	3226	[1]	δορυφορικὴν	_	_
6.8	3227	[1]	οἴκησιν	_	_
6.8	3228	[1]	κατέστησαν	_	_
6.8	3229	[253]	,	b	_
6.8	3230	[2]	ἵν	_	_
6.8	3231	[102]	’	b	_
6.8	3232	[254]	,	b	_
6.8	3233	[2]	ὅτε	_	_
6.8	3234	[1]	ζέσειε	_	_
6.8	3235	[66]	τὸ	_	_
6.8	3236	[43]	τοῦ	_	_
6.8	3237	[1]	θυμοῦ	_	_
6.8	3238	[1]	μένος	_	_
6.8	3239	[255]	,	b	_
6.8	3240	[44]	τοῦ	_	_
6.8	3241	[2]	λόγου	_	_
6.8	3242	[1]	παραγγείλαντος	_	_
6.8	3243	[256]	,	b	_
6.8	3244	[2]	εἴ	_	_
6.8	3245	[4]	τις	_	_
6.8	3246	[1]	ἄδικος	_	_
6.8	3247	[10]	περὶ	_	_
6.8	3248	[2]	αὐτὰ	_	_
6.8	3249	[1]	γίγνηται	_	_
6.8	3250	[1]	πρᾶξις	_	_
6.8	3251	[1]	ἔξωθεν	_	_
6.8	3252	[257]	,	b	_
6.8	3253	[23]	ἢ	_	_
6.8	3254	[1]	καί	_	_
6.8	3255	[5]	τις	_	_
6.8	3256	[8]	ἀπὸ	_	_
6.8	3257	[48]	τῶν	_	_
6.8	3258	[1]	ἔνδοθεν	_	_
6.8	3259	[1]	ἐπιθυμιῶν	_	_
6.8	3260	[258]	,	b	_
6.8	3261	[1]	ὀξέως	_	_
6.8	3262	[14]	διὰ	_	_
6.8	3263	[2]	πάντων	_	_
6.8	3264	[49]	τῶν	_	_
6.8	3265	[1]	στενωπῶν	_	_
6.8	3266	[2]	πᾶν	_	_
6.8	3267	[3]	ὅσον	_	_
6.8	3268	[1]	αἰσθητικὸν	_	_
6.8	3269	[27]	ἐν	_	_
6.8	3270	[16]	τῷ	_	_
6.8	3271	[2]	σώματι	_	_
6.8	3272	[50]	τῶν	_	_
6.8	3273	[1]	παρακελεύσεων	_	_
6.8	3274	[133]	καὶ	_	_
6.8	3275	[1]	ἀπειλῶν	_	_
6.8	3276	[1]	αἰσθανόμενον	_	_
6.8	3277	[1]	γίγνοιτο	_	_
6.8	3278	[67]	τὸ	_	_
6.8	3279	[1]	ἐπήκοον	_	_
6.8	3280	[259]	,	b	_
6.8	3281	[134]	καὶ	_	_
6.8	3282	[1]	ἕποιτο	_	_
6.8	3283	[1]	πάντῃ	_	_
6.8	3284	[260]	,	b	_
6.8	3285	[135]	καὶ	_	_
6.8	3286	[68]	τὸ	_	_
6.8	3287	[1]	βέλτιστον	_	_
6.8	3288	[13]	οὕτως	_	_
6.8	3289	[28]	ἐν	_	_
6.8	3290	[2]	αὐτοῖς	_	_
6.8	3291	[1]	πᾶσιν	_	_
6.8	3292	[1]	ἡγεμονεῖν	_	_
6.8	3293	[1]	ἐῷ	_	_
6.8	3294	[103]	.	b	_
6.8	3295	[7]	Πλάτων	_	_
6.8	3296	[51]	μὲν	_	_
6.8	3297	[16]	οὖν	_	_
6.8	3298	[14]	οὕτως	_	_
6.8	3299	[1]	ἀμφοτέρους	_	_
6.8	3300	[4]	τοὺς	_	_
6.8	3301	[2]	λόγους	_	_
6.8	3302	[1]	ἔμιξεν	_	_
6.8	3303	[35]	εἰς	_	_
6.8	3304	[1]	ταὐτὸ	_	_
6.8	3305	[261]	,	b	_
6.8	3306	[1]	τούς	_	_
6.8	3307	[34]	τε	_	_
6.8	3308	[11]	περὶ	_	_
6.8	3309	[3]	θυμοειδοῦς	_	_
6.8	3310	[5]	ψυχῆς	_	_
6.8	3311	[136]	καὶ	_	_
6.8	3312	[5]	τοὺς	_	_
6.8	3313	[12]	περὶ	_	_
6.8	3314	[53]	τῆς	_	_
6.8	3315	[11]	καρδίας	_	_
6.8	3316	[137]	καὶ	_	_
6.8	3317	[51]	τῶν	_	_
6.8	3318	[2]	ἀπ	_	_
6.8	3319	[103]	’	b	_
6.8	3320	[6]	αὐτῆς	_	_
6.8	3321	[1]	πεφυκότων	_	_
6.8	3322	[4]	ἀγγείων	_	_
6.8	3323	[104]	.	b	_
6.8	3324	[6]	Ἱπποκράτης	_	_
6.8	3325	[35]	δ	_	_
6.8	3326	[104]	’	b	_
6.8	3327	[1]	αὖ	_	_
6.8	3328	[3]	πάλιν	_	_
6.8	3329	[8]	οὐδ	_	_
6.8	3330	[105]	’	b	_
6.8	3331	[1]	αὐτὸς	_	_
6.8	3332	[1]	ἀπέχεται	_	_
6.8	3333	[45]	τοῦ	_	_
6.8	3334	[13]	περὶ	_	_
6.8	3335	[54]	τῆς	_	_
6.8	3336	[2]	τοιαύτης	_	_
6.8	3337	[3]	εἰπεῖν	_	_
6.8	3338	[12]	τι	_	_
6.8	3339	[262]	,	b	_
6.8	3340	[3]	μάλιστα	_	_
6.8	3341	[52]	μὲν	_	_
6.8	3342	[29]	ἐν	_	_
6.8	3343	[2]	ᾗ	_	_
6.8	3344	[2]	μικρὸν	_	_
6.8	3345	[1]	πρόσθεν	_	_
6.8	3346	[1]	ἔγραψα	_	_
6.8	3347	[1]	ῥήσει	_	_
6.8	3348	[263]	,	b	_
6.8	3349	[10]	καθ	_	_
6.8	3350	[106]	’	b	_
6.8	3351	[2]	ἣν	_	_
6.8	3352	[14]	ἐκ	_	_
6.8	3353	[46]	τοῦ	_	_
6.8	3354	[1]	σφυγμοῦ	_	_
6.8	3355	[55]	τῆς	_	_
6.8	3356	[4]	κατ	_	_
6.8	3357	[107]	’	b	_
6.8	3358	[2]	ἀγκῶνα	_	_
6.8	3359	[5]	φλεβὸς	_	_
6.8	3360	[1]	ἐτεκμαίρετο	_	_
6.8	3361	[14]	περὶ	_	_
6.8	3362	[52]	τῶν	_	_
6.8	3363	[56]	τῆς	_	_
6.8	3364	[6]	ψυχῆς	_	_
6.8	3365	[1]	ἠθῶν	_	_
6.8	3366	[264]	,	b	_
6.8	3367	[3]	ἤδη	_	_
6.8	3368	[53]	δὲ	_	_
6.8	3369	[2]	κᾀν	_	_
6.8	3370	[17]	τῷ	_	_
6.8	3371	[1]	θεραπεύειν	_	_
6.8	3372	[1]	ἀχροίας	_	_
6.8	3373	[35]	τε	_	_
6.8	3374	[138]	καὶ	_	_
6.8	3375	[1]	ἰσχνότητας	_	_
6.8	3376	[30]	ἐν	_	_
6.8	3377	[1]	κατεψυγμέναις	_	_
6.8	3378	[1]	ἕξεσι	_	_
6.8	3379	[8]	σώματος	_	_
6.8	3380	[105]	.	b	_
6.8	3381	[1]	ἐπιτήδευσιν	_	_
6.8	3382	[4]	γάρ	_	_
6.8	3383	[2]	φησιν	_	_
6.8	3384	[1]	ὀξυθύμου	_	_
6.8	3385	[1]	ἐμποιεῖν	_	_
6.8	3386	[139]	καὶ	_	_
6.8	3387	[1]	χροιῆς	_	_
6.8	3388	[1]	ἀναλήψιος	_	_
6.8	3389	[3]	ἕνεκα	_	_
6.8	3390	[140]	καὶ	_	_
6.8	3391	[1]	ἐκχυμώσιος	_	_
6.8	3392	[106]	.	b	_
6.8	3393	[1]	ἐξηγεῖσθαι	_	_
6.8	3394	[2]	γοῦν	_	_
6.8	3395	[1]	σοι	_	_
6.8	3396	[1]	δόξει	_	_
6.8	3397	[1]	ταῦτα	_	_
6.8	3398	[8]	Πλάτων	_	_
6.8	3399	[31]	ἐν	_	_
6.8	3400	[1]	οἷς	_	_
6.8	3401	[3]	φησιν	_	_
6.8	3402	[14]	ἐπὶ	_	_
6.8	3403	[57]	τῆς	_	_
6.8	3404	[12]	καρδίας	_	_
6.8	3405	[265]	,	b	_
6.8	3406	[3]	ἵν	_	_
6.8	3407	[108]	’	b	_
6.8	3408	[266]	,	b	_
6.8	3409	[3]	ὅτε	_	_
6.8	3410	[2]	ζέσειε	_	_
6.8	3411	[69]	τὸ	_	_
6.8	3412	[47]	τοῦ	_	_
6.8	3413	[2]	θυμοῦ	_	_
6.8	3414	[2]	μένος	_	_
6.8	3415	[107]	.	b	_
6.8	3416	[5]	οἱ	_	_
6.8	3417	[54]	δὲ	_	_
6.8	3418	[3]	μετ	_	_
6.8	3419	[109]	’	b	_
6.8	3420	[6]	αὐτὸν	_	_
6.8	3421	[1]	φιλόσοφοι	_	_
6.8	3422	[141]	καὶ	_	_
6.8	3423	[1]	ὁρισμὸν	_	_
6.8	3424	[2]	τοῦτον	_	_
6.8	3425	[1]	ἐποιήσαντο	_	_
6.8	3426	[48]	τοῦ	_	_
6.8	3427	[3]	θυμοῦ	_	_
6.8	3428	[267]	,	b	_
6.8	3429	[1]	ζέσιν	_	_
6.8	3430	[9]	εἶναι	_	_
6.8	3431	[1]	φάσκοντες	_	_
6.8	3432	[7]	αὐτὸν	_	_
6.8	3433	[49]	τοῦ	_	_
6.8	3434	[33]	κατὰ	_	_
6.8	3435	[58]	τὴν	_	_
6.8	3436	[11]	καρδίαν	_	_
6.8	3437	[1]	θερμοῦ	_	_
6.8	3438	[108]	.	b	_
6.8	3439	[142]	καὶ	_	_
6.8	3440	[53]	μὲν	_	_
6.8	3441	[9]	δὴ	_	_
6.8	3442	[143]	καὶ	_	_
6.8	3443	[1]	ὁπότε	_	_
6.8	3444	[15]	περὶ	_	_
6.8	3445	[4]	γενέσεως	_	_
6.8	3446	[1]	πυρετοῦ	_	_
6.8	3447	[3]	διαλεγόμενος	_	_
6.8	3448	[15]	ὁ	_	_
6.8	3449	[7]	Ἱπποκράτης	_	_
6.8	3450	[1]	φησίν	_	_
6.8	3451	[20]	·	b	_
6.8	3452	[1]	αὔξεται	_	_
6.8	3453	[54]	μὲν	_	_
6.8	3454	[22]	γὰρ	_	_
6.8	3455	[1]	ψύχων	_	_
6.8	3456	[6]	τοὺς	_	_
6.8	3457	[1]	πόδας	_	_
6.8	3458	[1]	ἐξαπτόμενος	_	_
6.8	3459	[13]	ὑπὸ	_	_
6.8	3460	[50]	τοῦ	_	_
6.8	3461	[1]	θώρακος	_	_
6.8	3462	[268]	,	b	_
6.8	3463	[144]	καὶ	_	_
6.8	3464	[36]	εἰς	_	_
6.8	3465	[59]	τὴν	_	_
6.8	3466	[1]	κεφαλὴν	_	_
6.8	3467	[1]	ἀναπέμπων	_	_
6.8	3468	[1]	οἷα	_	_
6.8	3469	[1]	φλόγα	_	_
6.8	3470	[21]	·	b	_
6.8	3471	[58]	τῆς	_	_
6.8	3472	[4]	ἐμφύτου	_	_
6.8	3473	[5]	θερμασίας	_	_
6.8	3474	[12]	ἀρχὴν	_	_
6.8	3475	[1]	οἶδε	_	_
6.8	3476	[60]	τὴν	_	_
6.8	3477	[12]	καρδίαν	_	_
6.8	3478	[109]	.	b	_
6.8	3479	[9]	ἀλλὰ	_	_
6.8	3480	[23]	γὰρ	_	_
6.8	3481	[12]	οὐ	_	_
6.8	3482	[1]	πρόκειταί	_	_
6.8	3483	[1]	μοι	_	_
6.8	3484	[34]	κατὰ	_	_
6.8	3485	[2]	τήνδε	_	_
6.8	3486	[61]	τὴν	_	_
6.8	3487	[1]	πραγματείαν	_	_
6.8	3488	[4]	οὔτε	_	_
6.8	3489	[1]	ἀθροίζειν	_	_
6.8	3490	[1]	ἁπάσας	_	_
6.8	3491	[53]	τῶν	_	_
6.8	3492	[1]	ἀνδρῶν	_	_
6.8	3493	[10]	τὰς	_	_
6.8	3494	[1]	ῥήσεις	_	_
6.8	3495	[269]	,	b	_
6.8	3496	[2]	οὔτ	_	_
6.8	3497	[110]	’	b	_
6.8	3498	[2]	ἐξηγεῖσθαι	_	_
6.8	3499	[270]	,	b	_
6.8	3500	[1]	μέλλοντί	_	_
6.8	3501	[8]	γε	_	_
6.8	3502	[5]	δι	_	_
6.8	3503	[111]	’	b	_
6.8	3504	[3]	ἑτέρων	_	_
6.8	3505	[1]	ὑπομνημάτων	_	_
6.8	3506	[2]	ἰδίᾳ	_	_
6.8	3507	[2]	ποιεῖσθαι	_	_
6.8	3508	[11]	τὰς	_	_
6.8	3509	[1]	ἐξηγήσεις	_	_
6.8	3510	[22]	·	b	_
6.8	3511	[4]	ὅπερ	_	_
6.8	3512	[55]	δὲ	_	_
6.8	3513	[1]	ἐναρχόμενος	_	_
6.8	3514	[1]	εἶπον	_	_
6.8	3515	[271]	,	b	_
6.8	3516	[1]	ἐπισκέψασθαί	_	_
6.8	3517	[36]	τε	_	_
6.8	3518	[145]	καὶ	_	_
6.8	3519	[1]	κρῖναι	_	_
6.8	3520	[8]	τὰ	_	_
6.8	3521	[1]	δόγματα	_	_
6.8	3522	[4]	μόνον	_	_
6.8	3523	[272]	,	b	_
6.8	3524	[1]	εἴτε	_	_
6.8	3525	[35]	κατὰ	_	_
6.8	3526	[7]	πάντα	_	_
6.8	3527	[2]	ἀλλήλοις	_	_
6.8	3528	[2]	ὁμολογοῦσιν	_	_
6.8	3529	[273]	,	b	_
6.8	3530	[2]	εἴτε	_	_
6.8	3531	[146]	καὶ	_	_
6.8	3532	[1]	μή	_	_
6.8	3533	[110]	.	b	_
6.8	3534	[1]	καταπαύειν	_	_
6.8	3535	[4]	ἤδη	_	_
6.8	3536	[1]	καιρὸς	_	_
6.8	3537	[32]	ἐν	_	_
6.8	3538	[2]	τῷδε	_	_
6.8	3539	[147]	καὶ	_	_
6.8	3540	[1]	τόνδε	_	_
6.8	3541	[21]	τὸν	_	_
6.8	3542	[5]	λόγον	_	_
6.8	3543	[274]	,	b	_
6.8	3544	[3]	ἀρχῆς	_	_
6.8	3545	[51]	τοῦ	_	_
6.8	3546	[21]	ἥπατος	_	_
6.8	3547	[1]	ἀποδεδειγμένου	_	_
6.8	3548	[148]	καὶ	_	_
6.8	3549	[20]	φλεβῶν	_	_
6.8	3550	[275]	,	b	_
6.8	3551	[149]	καὶ	_	_
6.8	3552	[17]	αἵματος	_	_
6.8	3553	[276]	,	b	_
6.8	3554	[150]	καὶ	_	_
6.8	3555	[59]	τῆς	_	_
6.8	3556	[2]	ἐπιθυμητικῆς	_	_
6.8	3557	[7]	ψυχῆς	_	_
6.8	3558	[111]	.	b	_
6.8	3559	[1]	ἐπεὶ	_	_
6.8	3560	[36]	δ	_	_
6.8	3561	[112]	’	b	_
6.8	3562	[13]	οὐ	_	_
6.8	3563	[5]	μόνον	_	_
6.8	3564	[8]	Ἱπποκράτης	_	_
6.8	3565	[151]	καὶ	_	_
6.8	3566	[9]	Πλάτων	_	_
6.8	3567	[15]	οὕτως	_	_
6.8	3568	[1]	ἐδόξαζον	_	_
6.8	3569	[277]	,	b	_
6.8	3570	[10]	ἀλλὰ	_	_
6.8	3571	[152]	καὶ	_	_
6.8	3572	[54]	τῶν	_	_
6.8	3573	[1]	ποιητῶν	_	_
6.8	3574	[278]	,	b	_
6.8	3575	[2]	οἷς	_	_
6.8	3576	[14]	ὡς	_	_
6.8	3577	[1]	μάρτυσι	_	_
6.8	3578	[1]	χρῆται	_	_
6.8	3579	[1]	Χρύσιππος	_	_
6.8	3580	[279]	,	b	_
6.8	3581	[4]	οὐχ	_	_
6.8	3582	[6]	οἱ	_	_
6.8	3583	[1]	φαυλότατοι	_	_
6.8	3584	[280]	,	b	_
6.8	3585	[1]	ἔγνωκα	_	_
6.8	3586	[4]	ἔτι	_	_
6.8	3587	[153]	καὶ	_	_
6.8	3588	[9]	τοῦτο	_	_
6.8	3589	[5]	προσθεῖναι	_	_
6.8	3590	[18]	τῷ	_	_
6.8	3591	[2]	λόγῳ	_	_
6.8	3592	[15]	διὰ	_	_
6.8	3593	[62]	τὴν	_	_
6.8	3594	[1]	θαυμαστὴν	_	_
6.8	3595	[9]	αὐτοῦ	_	_
6.8	3596	[1]	σοφίαν	_	_
6.8	3597	[281]	,	b	_
6.8	3598	[1]	ὃς	_	_
6.8	3599	[1]	ἀποχωρῶν	_	_
6.8	3600	[1]	ἑκάστοτε	_	_
6.8	3601	[55]	τῶν	_	_
6.8	3602	[1]	ἐπιστημονικῶν	_	_
6.8	3603	[1]	ἀποδείξεων	_	_
6.8	3604	[1]	ποιηταῖς	_	_
6.8	3605	[154]	καὶ	_	_
6.8	3606	[1]	μυθολογήμασι	_	_
6.8	3607	[155]	καὶ	_	_
6.8	3608	[1]	γυναιξὶν	_	_
6.8	3609	[37]	εἰς	_	_
6.8	3610	[1]	πίστιν	_	_
6.8	3611	[1]	δογμάτων	_	_
6.8	3612	[2]	χρῆται	_	_
6.8	3613	[282]	,	b	_
6.8	3614	[14]	οὐ	_	_
6.8	3615	[3]	μὴν	_	_
6.8	3616	[6]	οὐδὲ	_	_
6.8	3617	[7]	αὐτὸ	_	_
6.8	3618	[4]	τοῦτ	_	_
6.8	3619	[113]	’	b	_
6.8	3620	[1]	αἰσθανόμενος	_	_
6.8	3621	[283]	,	b	_
6.8	3622	[15]	ὡς	_	_
6.8	3623	[1]	ἀντιμαρτυροῦσιν	_	_
6.8	3624	[3]	αὐτῷ	_	_
6.8	3625	[156]	καὶ	_	_
6.8	3626	[1]	τἀναντία	_	_
6.8	3627	[1]	τίθενται	_	_
6.8	3628	[2]	σύμπαντες	_	_
6.8	3629	[1]	αὐτοὶ	_	_
6.8	3630	[284]	,	b	_
6.8	3631	[3]	καθάπερ	_	_
6.8	3632	[5]	ἔμπροσθεν	_	_
6.8	3633	[1]	ἔδειξα	_	_
6.8	3634	[285]	,	b	_
6.8	3635	[22]	τὸν	_	_
6.8	3636	[55]	μὲν	_	_
6.8	3637	[1]	θυμὸν	_	_
6.8	3638	[33]	ἐν	_	_
6.8	3639	[10]	τῇ	_	_
6.8	3640	[3]	καρδίᾳ	_	_
6.8	3641	[286]	,	b	_
6.8	3642	[23]	τὸν	_	_
6.8	3643	[1]	λογισμὸν	_	_
6.8	3644	[37]	δ	_	_
6.8	3645	[114]	’	b	_
6.8	3646	[34]	ἐν	_	_
6.8	3647	[1]	ἐγκεφάλῳ	_	_
6.8	3648	[1]	περιέχεσθαι	_	_
6.8	3649	[1]	πεπιστευκότες	_	_
6.8	3650	[112]	.	b	_
6.8	3651	[9]	ὅτι	_	_
6.8	3652	[56]	δὲ	_	_
6.8	3653	[157]	καὶ	_	_
6.8	3654	[70]	τὸ	_	_
6.8	3655	[4]	ἐπιθυμητικὸν	_	_
6.8	3656	[35]	ἐν	_	_
6.8	3657	[4]	ἥπατι	_	_
6.8	3658	[1]	κατοικίζουσιν	_	_
6.8	3659	[287]	,	b	_
6.8	3660	[1]	ἐνῆν	_	_
6.8	3661	[1]	μέν	_	_
6.8	3662	[2]	μοι	_	_
6.8	3663	[158]	καὶ	_	_
6.8	3664	[10]	τοῦτο	_	_
6.8	3665	[16]	διὰ	_	_
6.8	3666	[1]	πλειόνων	_	_
6.8	3667	[1]	πιστοῦσθαι	_	_
6.8	3668	[1]	μαρτύρων	_	_
6.8	3669	[288]	,	b	_
6.8	3670	[1]	ὅπως	_	_
6.8	3671	[57]	δὲ	_	_
6.8	3672	[4]	μὴ	_	_
6.8	3673	[1]	δόξαιμι	_	_
6.8	3674	[1]	|σπουδάζειν	_	_
6.8	3675	[289]	,	b	_
6.8	3676	[1]	ἃ	_	_
6.8	3677	[1]	φεύγειν	_	_
6.8	3678	[1]	παραινῶ	_	_
6.8	3679	[290]	,	b	_
6.8	3680	[159]	καὶ	_	_
6.8	3681	[1]	τρίβειν	_	_
6.8	3682	[24]	τὸν	_	_
6.8	3683	[2]	χρόνον	_	_
6.8	3684	[1]	ἀχρήστοις	_	_
6.8	3685	[1]	πράγμασιν	_	_
6.8	3686	[291]	,	b	_
6.8	3687	[1]	Ὁμήρου	_	_
6.8	3688	[1]	μνημονεύσω	_	_
6.8	3689	[292]	,	b	_
6.8	3690	[25]	τὸν	_	_
6.8	3691	[1]	Τιτυὸν	_	_
6.8	3692	[38]	εἰς	_	_
6.8	3693	[1]	Ἅιδου	_	_
6.8	3694	[1]	κολαζόμενον	_	_
6.8	3695	[1]	εἰσάγοντος	_	_
6.8	3696	[293]	,	b	_
6.8	3697	[1]	ἐφ	_	_
6.8	3698	[115]	’	b	_
6.8	3699	[3]	οἷς	_	_
6.8	3700	[1]	ἀκολασταίνειν	_	_
6.8	3701	[1]	ἐπεχείρησεν	_	_
6.8	3702	[39]	εἰς	_	_
6.8	3703	[63]	τὴν	_	_
6.8	3704	[1]	Λητώ	_	_
6.8	3705	[23]	·	b	_
6.8	3706	[1]	Καὶ	_	_
6.8	3707	[2]	Τιτυὸν	_	_
6.8	3708	[1]	εἶδον	_	_
6.8	3709	[294]	,	b	_
6.8	3710	[1]	γαίης	_	_
6.8	3711	[1]	ἐρικυδέος	_	_
6.8	3712	[1]	υἱὸν	_	_
6.8	3713	[295]	,	b	_
6.8	3714	[1]	Κείμενον	_	_
6.8	3715	[36]	ἐν	_	_
6.8	3716	[1]	δαπέδῳ	_	_
6.8	3717	[296]	,	b	_
6.8	3718	[16]	ὁ	_	_
6.8	3719	[38]	δ	_	_
6.8	3720	[116]	’	b	_
6.8	3721	[1]	ἔπ	_	_
6.8	3722	[117]	’	b	_
6.8	3723	[1]	ἐννέα	_	_
6.8	3724	[1]	κεῖτο	_	_
6.8	3725	[1]	πέλεθρα	_	_
6.8	3726	[297]	,	b	_
6.8	3727	[1]	Γῦπε	_	_
6.8	3728	[1]	δέ	_	_
6.8	3729	[1]	μιν	_	_
6.8	3730	[1]	ἑκάτερθε	_	_
6.8	3731	[1]	παρημένω	_	_
6.8	3732	[17]	ἧπαρ	_	_
6.8	3733	[1]	ἔκειρον	_	_
6.8	3734	[1]	Δέρτρον	_	_
6.8	3735	[1]	ἔσω	_	_
6.8	3736	[1]	δύνοντες	_	_
6.8	3737	[298]	,	b	_
6.8	3738	[17]	ὁ	_	_
6.8	3739	[39]	δ	_	_
6.8	3740	[118]	’	b	_
6.8	3741	[10]	οὐκ	_	_
6.8	3742	[1]	ἀπαμύνετο	_	_
6.8	3743	[1]	χερσί	_	_
6.8	3744	[113]	.	b	_
6.8	3745	[1]	Λητὼ	_	_
6.8	3746	[24]	γὰρ	_	_
6.8	3747	[1]	εἵλκυσε	_	_
6.8	3748	[1]	Διὸς	_	_
6.8	3749	[1]	κυδρὴν	_	_
6.8	3750	[1]	παράκοιτιν	_	_
6.8	3751	[299]	,	b	_
6.8	3752	[1]	Πυθῶδ	_	_
6.8	3753	[119]	’	b	_
6.8	3754	[1]	ἐρχομένην	_	_
6.8	3755	[17]	διὰ	_	_
6.8	3756	[1]	καλλιχόρου	_	_
6.8	3757	[1]	Πανοπῆος	_	_
6.8	3758	[114]	.	b	_
6.8	3759	[15]	οὐ	_	_
6.8	3760	[64]	τὴν	_	_
6.8	3761	[13]	καρδίαν	_	_
6.8	3762	[24]	ἢ	_	_
6.8	3763	[26]	τὸν	_	_
6.8	3764	[2]	ἐγκέφαλον	_	_
6.8	3765	[1]	ἤ	_	_
6.8	3766	[13]	τι	_	_
6.8	3767	[56]	τῶν	_	_
6.8	3768	[6]	ἄλλων	_	_
6.8	3769	[3]	μορίων	_	_
6.8	3770	[1]	ἐσθιόμενον	_	_
6.8	3771	[1]	ἐποίησε	_	_
6.8	3772	[52]	τοῦ	_	_
6.8	3773	[1]	Τιτυοῦ	_	_
6.8	3774	[300]	,	b	_
6.8	3775	[6]	δι	_	_
6.8	3776	[120]	’	b	_
6.8	3777	[1]	ἐρωτικὴν	_	_
6.8	3778	[1]	ἐπιθυμίαν	_	_
6.8	3779	[1]	ἐξυβρίζειν	_	_
6.8	3780	[1]	ἐπιχειρήσαντος	_	_
6.8	3781	[301]	,	b	_
6.8	3782	[11]	ἀλλὰ	_	_
6.8	3783	[71]	τὸ	_	_
6.8	3784	[18]	ἧπαρ	_	_
6.8	3785	[6]	μόνον	_	_
6.8	3786	[302]	,	b	_
6.8	3787	[40]	εἰς	_	_
6.8	3788	[72]	τὸ	_	_
6.8	3789	[60]	τῆς	_	_
6.8	3790	[1]	ὕβρεως	_	_
6.8	3791	[1]	αἴτιον	_	_
6.8	3792	[7]	σπλάγχνον	_	_
6.8	3793	[1]	κολάζεσθαι	_	_
6.8	3794	[1]	φάμενος	_	_
6.8	3795	[8]	αὐτὸν	_	_
6.8	3796	[303]	,	b	_
6.8	3797	[8]	ὥσπερ	_	_
6.8	3798	[2]	ἦν	_	_
6.8	3799	[1]	εὔλογον	_	_
6.8	3800	[115]	.	b	_
6.8	3801	[1]	οὕτω	_	_
6.8	3802	[3]	γοῦν	_	_
6.8	3803	[1]	εἰώθασι	_	_
6.8	3804	[160]	καὶ	_	_
6.8	3805	[6]	νῦν	_	_
6.8	3806	[1]	ποιεῖν	_	_
6.8	3807	[7]	οἱ	_	_
6.8	3808	[7]	τοὺς	_	_
6.8	3809	[1]	ἁμαρτάνοντας	_	_
6.8	3810	[1]	οἰκέτας	_	_
6.8	3811	[1]	καταδικάζοντες	_	_
6.8	3812	[304]	,	b	_
6.8	3813	[57]	τῶν	_	_
6.8	3814	[56]	μὲν	_	_
6.8	3815	[1]	ἀποδιδρασκόντων	_	_
6.8	3816	[9]	τὰ	_	_
6.8	3817	[1]	σκέλη	_	_
6.8	3818	[1]	καίοντές	_	_
6.8	3819	[37]	τε	_	_
6.8	3820	[161]	καὶ	_	_
6.8	3821	[1]	κατασχάζοντες	_	_
6.8	3822	[162]	καὶ	_	_
6.8	3823	[1]	παίοντες	_	_
6.8	3824	[305]	,	b	_
6.8	3825	[58]	τῶν	_	_
6.8	3826	[58]	δὲ	_	_
6.8	3827	[1]	κλεπτόντων	_	_
6.8	3828	[12]	τὰς	_	_
6.8	3829	[1]	χεῖρας	_	_
6.8	3830	[306]	,	b	_
6.8	3831	[9]	ὥσπερ	_	_
6.8	3832	[9]	γε	_	_
6.8	3833	[163]	καὶ	_	_
6.8	3834	[59]	τῶν	_	_
6.8	3835	[1]	γαστριμάργων	_	_
6.8	3836	[65]	τὴν	_	_
6.8	3837	[2]	γαστέρα	_	_
6.8	3838	[307]	,	b	_
6.8	3839	[164]	καὶ	_	_
6.8	3840	[60]	τῶν	_	_
6.8	3841	[1]	φλυαρούντων	_	_
6.8	3842	[66]	τὴν	_	_
6.8	3843	[1]	γλῶτταν	_	_
6.8	3844	[308]	,	b	_
6.8	3845	[2]	ἁπλῶς	_	_
6.8	3846	[40]	δ	_	_
6.8	3847	[121]	’	b	_
6.8	3848	[4]	εἰπεῖν	_	_
6.8	3849	[1]	ἐκεῖνα	_	_
6.8	3850	[1]	κολάζοντες	_	_
6.8	3851	[10]	τὰ	_	_
6.8	3852	[1]	μόρια	_	_
6.8	3853	[309]	,	b	_
6.8	3854	[7]	δι	_	_
6.8	3855	[122]	’	b	_
6.8	3856	[3]	ὧν	_	_
6.8	3857	[1]	ἐνεργοῦσι	_	_
6.8	3858	[13]	τὰς	_	_
6.8	3859	[1]	μοχθηρὰς	_	_
6.8	3860	[2]	ἐνεργείας	_	_
6.8	3861	[116]	.	b	_
6.8	3862	[11]	εἰ	_	_
6.8	3863	[41]	δ	_	_
6.8	3864	[123]	’	b	_
6.8	3865	[1]	ἄλλην	_	_
6.8	3866	[1]	τινὰ	_	_
6.8	3867	[1]	αἰτίαν	_	_
6.8	3868	[2]	ἔχει	_	_
6.8	3869	[6]	τις	_	_
6.8	3870	[5]	εἰπεῖν	_	_
6.8	3871	[61]	τῶν	_	_
6.8	3872	[1]	ἐπαινούντων	_	_
6.8	3873	[11]	τὰ	_	_
6.8	3874	[1]	Χρυσίππου	_	_
6.8	3875	[310]	,	b	_
6.8	3876	[8]	δι	_	_
6.8	3877	[124]	’	b	_
6.8	3878	[1]	ἢν	_	_
6.8	3879	[16]	οὕτως	_	_
6.8	3880	[1]	Ὅμηρος	_	_
6.8	3881	[2]	ἐποίησε	_	_
6.8	3882	[2]	κολαζόμενον	_	_
6.8	3883	[27]	τὸν	_	_
6.8	3884	[3]	Τιτυὸν	_	_
6.8	3885	[311]	,	b	_
6.8	3886	[1]	ἡδέως	_	_
6.8	3887	[15]	ἂν	_	_
6.8	3888	[1]	ἀκούσαιμι	_	_
6.8	3889	[117]	.	b	_
6.8	3890	[5]	μὴ	_	_
6.8	3891	[1]	λεγόντων	_	_
6.8	3892	[2]	μέντοι	_	_
6.8	3893	[1]	μηδ	_	_
6.8	3894	[125]	’	b	_
6.8	3895	[1]	εὑρισκόντων	_	_
6.8	3896	[312]	,	b	_
6.8	3897	[2]	εὔλογον	_	_
6.8	3898	[4]	οἶμαι	_	_
6.8	3899	[1]	πρὸ	_	_
6.8	3900	[2]	Ἱπποκράτους	_	_
6.8	3901	[165]	καὶ	_	_
6.8	3902	[4]	Πλάτωνος	_	_
6.8	3903	[1]	ἐπαινεῖν	_	_
6.8	3904	[1]	Ὅμηρον	_	_
6.8	3905	[2]	οὕτω	_	_
6.8	3906	[1]	δοξάζοντα	_	_
6.8	3907	[313]	,	b	_
6.8	3908	[166]	καὶ	_	_
6.8	3909	[1]	μάρτυρα	_	_
6.8	3910	[1]	τίθεσθαι	_	_
6.8	3911	[167]	καὶ	_	_
6.8	3912	[9]	αὐτὸν	_	_
6.8	3913	[314]	,	b	_
6.8	3914	[4]	ὧν	_	_
6.8	3915	[2]	ἡμεῖς	_	_
6.8	3916	[9]	δι	_	_
6.8	3917	[126]	’	b	_
6.8	3918	[1]	ἀποδείξεως	_	_
6.8	3919	[1]	ἐπιστωσάμεθα	_	_
6.8	3920	[118]	.	b	_
7.1	1	[1]	ΓΑΛΗΝΟΥ	_	_
7.1	2	[1]	ΠΕΡΙ	_	_
7.1	3	[1]	ΤΩΝ	_	_
7.1	4	[1]	ΚΑΘ	_	_
7.1	5	[1]	’	b	_
7.1	6	[1]	ΙΠΠΟΚΡΑΤΗΝ	_	_
7.1	7	[1]	ΚΑΙ	_	_
7.1	8	[1]	ΠΛΑΤΩΝΑ	_	_
7.1	9	[1]	ΔΟΓΜΑΤΩΝ	_	_
7.1	10	[1]	ΒΙΒΛΙΟΝ	_	_
7.1	11	[1]	ΕΒΔΟΜΟΝ	_	_
7.1	12	[1]	.	b	_
7.1	13	[1]	Οὐκ	_	_
7.1	14	[1]	ἐγώ	_	_
7.1	15	[1]	τοῦ	_	_
7.1	16	[1]	μήκους	_	_
7.1	17	[1]	τῆς	_	_
7.1	18	[1]	πραγματείας	_	_
7.1	19	[1]	αἴτιος	_	_
7.1	20	[1]	,	b	_
7.1	21	[1]	ὡς	_	_
7.1	22	[1]	καὶ	_	_
7.1	23	[1]	πρόσθεν	_	_
7.1	24	[1]	εἶπον	_	_
7.1	25	[2]	,	b	_
7.1	26	[1]	ἀλλ	_	_
7.1	27	[2]	’	b	_
7.1	28	[1]	οἱ	_	_
7.1	29	[1]	ψευδῶν	_	_
7.1	30	[1]	λόγων	_	_
7.1	31	[1]	ὧν	_	_
7.1	32	[1]	ἠρώτησαν	_	_
7.1	33	[1]	ὑπὲρ	_	_
7.1	34	[1]	ἡγεμονικῆς	_	_
7.1	35	[1]	ψυχῆς	_	_
7.1	36	[1]	οὐκ	_	_
7.1	37	[1]	ὀλίγας	_	_
7.1	38	[1]	πληρώσαντες	_	_
7.1	39	[1]	βίβλους	_	_
7.1	40	[3]	,	b	_
7.1	41	[1]	ἃς	_	_
7.1	42	[1]	εἰ	_	_
7.1	43	[1]	μὲν	_	_
7.1	44	[1]	ἀνελέγκτους	_	_
7.1	45	[1]	τις	_	_
7.1	46	[1]	εἴασεν	_	_
7.1	47	[4]	,	b	_
7.1	48	[1]	ὥσπερ	_	_
7.1	49	[1]	ἐγνώκειν	_	_
7.1	50	[1]	ἐγὼ	_	_
7.1	51	[1]	τότε	_	_
7.1	52	[1]	κατ	_	_
7.1	53	[3]	’	b	_
7.1	54	[1]	ἀρχὰς	_	_
7.1	55	[5]	,	b	_
7.1	56	[2]	οὐκ	_	_
7.1	57	[1]	ἂν	_	_
7.1	58	[1]	ἐδόκει	_	_
7.1	59	[1]	βεβαίως	_	_
7.1	60	[1]	ἀποδεδεῖχθαι	_	_
7.1	61	[1]	τἀληθὲς	_	_
7.1	62	[6]	,	b	_
7.1	63	[2]	εἰ	_	_
7.1	64	[1]	δὲ	_	_
7.1	65	[1]	ἐξήλεγχε	_	_
7.1	66	[1]	πάντας	_	_
7.1	67	[1]	ἑξῆς	_	_
7.1	68	[1]	ἐπιὼν	_	_
7.1	69	[7]	,	b	_
7.1	70	[2]	ὡς	_	_
7.1	71	[1]	μηδένα	_	_
7.1	72	[1]	παραλιπεῖν	_	_
7.1	73	[8]	,	b	_
7.1	74	[1]	εἰς	_	_
7.1	75	[1]	μῆκος	_	_
7.1	76	[3]	οὐκ	_	_
7.1	77	[1]	ἀναγκαῖον	_	_
7.1	78	[1]	ἐκτείνεσθαι	_	_
7.1	79	[1]	συνέβαινε	_	_
7.1	80	[1]	τὴν	_	_
7.1	81	[1]	ὅλην	_	_
7.1	82	[1]	πραγματείαν	_	_
7.1	83	[2]	.	b	_
7.1	84	[1]	ἐπειδὴ	_	_
7.1	85	[1]	τοίνυν	_	_
7.1	86	[1]	τῶν	_	_
7.1	87	[1]	πρώτων	_	_
7.1	88	[1]	ἤδη	_	_
7.1	89	[1]	ὑπομνημάτων	_	_
7.1	90	[4]	οὐκ	_	_
7.1	91	[1]	ὤκνουν	_	_
7.1	92	[1]	τινὲς	_	_
7.1	93	[1]	ἐπαινεῖν	_	_
7.1	94	[9]	,	b	_
7.1	95	[3]	ὡς	_	_
7.1	96	[1]	ἀληθεῖς	_	_
7.1	97	[10]	,	b	_
7.1	98	[1]	οὓς	_	_
7.1	99	[1]	Χρύσιππός	_	_
7.1	100	[1]	τε	_	_
7.1	101	[2]	καὶ	_	_
7.1	102	[1]	ἄλλοι	_	_
7.1	103	[2]	τινὲς	_	_
7.1	104	[2]	ὑπὲρ	_	_
7.1	105	[2]	ἡγεμονικῆς	_	_
7.1	106	[2]	ψυχῆς	_	_
7.1	107	[2]	ἠρώτησαν	_	_
7.1	108	[1]	λόγους	_	_
7.1	109	[11]	,	b	_
7.1	110	[1]	ἔδοξε	_	_
7.1	111	[1]	τοῖς	_	_
7.1	112	[1]	ἑταίροις	_	_
7.1	113	[12]	,	b	_
7.1	114	[1]	οἷς	_	_
7.1	115	[1]	μάλιστα	_	_
7.1	116	[1]	χαριζόμενος	_	_
7.1	117	[1]	ἔγραφον	_	_
7.1	118	[1]	ταῦτα	_	_
7.1	119	[13]	,	b	_
7.1	120	[1]	προσθεῖναι	_	_
7.1	121	[1]	τὰς	_	_
7.1	122	[1]	λύσεις	_	_
7.1	123	[1]	αὐτῶν	_	_
7.1	124	[3]	.	b	_
7.1	125	[2]	ἀναγκαῖον	_	_
7.1	126	[1]	γὰρ	_	_
7.1	127	[1]	ὂν	_	_
7.1	128	[1]	ἢ	_	_
7.1	129	[1]	μηκῦναι	_	_
7.1	130	[1]	κατὰ	_	_
7.1	131	[2]	τὴν	_	_
7.1	132	[2]	πραγματείαν	_	_
7.1	133	[14]	,	b	_
7.1	134	[2]	ἢ	_	_
7.1	135	[1]	μὴ	_	_
7.1	136	[1]	δοκεῖν	_	_
7.1	137	[1]	ἀποδεδειχέναι	_	_
7.1	138	[1]	τελέως	_	_
7.1	139	[1]	ὑπὸ	_	_
7.1	140	[1]	τριῶν	_	_
7.1	141	[1]	ἀρχῶν	_	_
7.1	142	[1]	διοικούμενον	_	_
7.1	143	[1]	τὸ	_	_
7.1	144	[1]	ζῶον	_	_
7.1	145	[15]	,	b	_
7.1	146	[1]	αἱρετώτερον	_	_
7.1	147	[1]	ἔδοξεν	_	_
7.1	148	[2]	εἰς	_	_
7.1	149	[2]	μῆκος	_	_
7.1	150	[1]	ἐκτεῖναι	_	_
7.1	151	[4]	.	b	_
7.1	152	[3]	καὶ	_	_
7.1	153	[1]	μέντοι	_	_
7.1	154	[4]	καὶ	_	_
7.1	155	[2]	τὸ	_	_
7.1	156	[1]	τέλος	_	_
7.1	157	[1]	αὐτὸ	_	_
7.1	158	[2]	τοῦ	_	_
7.1	159	[1]	γιγνομένου	_	_
7.1	160	[1]	δείκνυσιν	_	_
7.1	161	[1]	ὀρθῶς	_	_
7.1	162	[1]	ἡμᾶς	_	_
7.1	163	[1]	ἑλομένους	_	_
7.1	164	[1]	ἅπαντας	_	_
7.1	165	[1]	ἐλέγξαι	_	_
7.1	166	[1]	τοὺς	_	_
7.1	167	[1]	ἠρωτημένους	_	_
7.1	168	[2]	λόγους	_	_
7.1	169	[5]	.	b	_
7.1	170	[1]	οὔτε	_	_
7.1	171	[1]	Στωϊκὸς	_	_
7.1	172	[1]	ἔτι	_	_
7.1	173	[1]	φιλόσοφος	_	_
7.1	174	[16]	,	b	_
7.1	175	[2]	οὔτε	_	_
7.1	176	[1]	Περιπατητικὸς	_	_
7.1	177	[17]	,	b	_
7.1	178	[3]	οὔτε	_	_
7.1	179	[1]	ἰατρός	_	_
7.1	180	[2]	τις	_	_
7.1	181	[1]	ὁμοίως	_	_
7.1	182	[1]	θρασὺς	_	_
7.1	183	[18]	,	b	_
7.1	184	[4]	ὡς	_	_
7.1	185	[2]	πρόσθεν	_	_
7.1	186	[1]	εἴρηται	_	_
7.1	187	[19]	,	b	_
7.1	188	[1]	ἔσται	_	_
7.1	189	[20]	,	b	_
7.1	190	[2]	ἀλλ	_	_
7.1	191	[4]	’	b	_
7.1	192	[1]	ἔνιοί	_	_
7.1	193	[1]	γε	_	_
7.1	194	[5]	καὶ	_	_
7.1	195	[1]	φανερῶς	_	_
7.1	196	[1]	ἐπὶ	_	_
7.1	197	[1]	τὸν	_	_
7.1	198	[1]	ἀληθῆ	_	_
7.1	199	[1]	μετέστησαν	_	_
7.1	200	[1]	λόγον	_	_
7.1	201	[1]	·	b	_
7.1	202	[1]	ἰατροὶ	_	_
7.1	203	[2]	μὲν	_	_
7.1	204	[1]	ἐξ	_	_
7.1	205	[1]	ἐγκεφάλου	_	_
7.1	206	[1]	συγχωροῦντες	_	_
7.1	207	[1]	ἐπιῤῥεῖν	_	_
7.1	208	[1]	αἰσθήσεώς	_	_
7.1	209	[2]	τε	_	_
7.1	210	[6]	καὶ	_	_
7.1	211	[1]	κινήσεως	_	_
7.1	212	[1]	δύναμιν	_	_
7.1	213	[1]	ἅπασι	_	_
7.1	214	[2]	τοῖς	_	_
7.1	215	[2]	κατὰ	_	_
7.1	216	[3]	τὸ	_	_
7.1	217	[2]	ζῶον	_	_
7.1	218	[1]	μέλεσι	_	_
7.1	219	[21]	,	b	_
7.1	220	[1]	φιλόσοφοι	_	_
7.1	221	[2]	δὲ	_	_
7.1	222	[4]	τὸ	_	_
7.1	223	[1]	λογιζόμενον	_	_
7.1	224	[2]	τῆς	_	_
7.1	225	[3]	ψυχῆς	_	_
7.1	226	[1]	ἐνταῦθ	_	_
7.1	227	[5]	’	b	_
7.1	228	[1]	ὑπάρχειν	_	_
7.1	229	[6]	.	b	_
7.1	230	[1]	ᾐδέσθησαν	_	_
7.1	231	[2]	γὰρ	_	_
7.1	232	[1]	ἐναργῶς	_	_
7.1	233	[2]	ὑπὸ	_	_
7.1	234	[3]	τῆς	_	_
7.1	235	[1]	ἀνατομῆς	_	_
7.1	236	[1]	ἐλεγχθέντες	_	_
7.1	237	[1]	θα	_	_
7.1	238	[1]	τέρου	_	_
7.1	239	[2]	τῶν	_	_
7.1	240	[1]	λημμάτων	_	_
7.1	241	[1]	προηγουμένως	_	_
7.1	242	[22]	,	b	_
7.1	243	[1]	ᾧ	_	_
7.1	244	[1]	χρώμενοι	_	_
7.1	245	[1]	ψευδῶς	_	_
7.1	246	[1]	συνελογίζοντο	_	_
7.1	247	[1]	προστιθέντες	_	_
7.1	248	[1]	αὐτῷ	_	_
7.1	249	[5]	τὸ	_	_
7.1	250	[1]	πρὸς	_	_
7.1	251	[1]	ἁπάντων	_	_
7.1	252	[1]	ὁμολογούμενον	_	_
7.1	253	[23]	,	b	_
7.1	254	[1]	καθ	_	_
7.1	255	[6]	’	b	_
7.1	256	[1]	ὅ	_	_
7.1	257	[1]	φασιν	_	_
7.1	258	[24]	,	b	_
7.1	259	[1]	ἔνθα	_	_
7.1	260	[3]	τῶν	_	_
7.1	261	[1]	νεύρων	_	_
7.1	262	[1]	ἡ	_	_
7.1	263	[1]	ἀρχὴ	_	_
7.1	264	[25]	,	b	_
7.1	265	[2]	ἐνταῦθ	_	_
7.1	266	[7]	’	b	_
7.1	267	[1]	εἶναι	_	_
7.1	268	[6]	τὸ	_	_
7.1	269	[1]	ἡγεμονικὸν	_	_
7.1	270	[26]	,	b	_
7.1	271	[1]	ὅπερ	_	_
7.1	272	[7]	καὶ	_	_
7.1	273	[1]	ἀληθές	_	_
7.1	274	[1]	ἐστιν	_	_
7.1	275	[7]	.	b	_
7.1	276	[3]	ἀλλ	_	_
7.1	277	[8]	’	b	_
7.1	278	[1]	ἥ	_	_
7.1	279	[2]	γε	_	_
7.1	280	[1]	προσληφθεῖσα	_	_
7.1	281	[1]	δεομένη	_	_
7.1	282	[3]	μὲν	_	_
7.1	283	[2]	ἐξ	_	_
7.1	284	[2]	ἀνατομῆς	_	_
7.1	285	[1]	εὑρεθῆναι	_	_
7.1	286	[27]	,	b	_
7.1	287	[1]	κατεψευσμένη	_	_
7.1	288	[1]	δ	_	_
7.1	289	[9]	’	b	_
7.1	290	[1]	ὑπ	_	_
7.1	291	[10]	’	b	_
7.1	292	[1]	ἐκείνων	_	_
7.1	293	[28]	,	b	_
7.1	294	[1]	οἰομένων	_	_
7.1	295	[1]	ἐκ	_	_
7.1	296	[4]	τῆς	_	_
7.1	297	[1]	καρδίας	_	_
7.1	298	[1]	ὁρμᾶσθαι	_	_
7.1	299	[1]	τὰ	_	_
7.1	300	[1]	νεῦρα	_	_
7.1	301	[29]	,	b	_
7.1	302	[1]	ψευδὲς	_	_
7.1	303	[1]	εἰκότως	_	_
7.1	304	[1]	εἰργάζετο	_	_
7.1	305	[3]	τοῦ	_	_
7.1	306	[1]	παντὸς	_	_
7.1	307	[1]	λόγου	_	_
7.1	308	[7]	τὸ	_	_
7.1	309	[1]	συμπέρασμα	_	_
7.1	310	[30]	,	b	_
7.1	311	[1]	καί	_	_
7.1	312	[1]	τινές	_	_
7.1	313	[3]	γε	_	_
7.1	314	[4]	τῶν	_	_
7.1	315	[5]	οὐκ	_	_
7.1	316	[1]	ἀλήθειαν	_	_
7.1	317	[31]	,	b	_
7.1	318	[4]	ἀλλ	_	_
7.1	319	[11]	’	b	_
7.1	320	[1]	ἅπερ	_	_
7.1	321	[3]	ἐξ	_	_
7.1	322	[1]	ἀρχῆς	_	_
7.1	323	[1]	ἔθεντο	_	_
7.1	324	[1]	στεργόντων	_	_
7.1	325	[32]	,	b	_
7.1	326	[1]	ἐπιχειρήσαντες	_	_
7.1	327	[1]	ἀνατρέπειν	_	_
7.1	328	[1]	πᾶσιν	_	_
7.1	329	[2]	ὁμολογούμενον	_	_
7.1	330	[1]	ἔμπροσθεν	_	_
7.1	331	[1]	λῆμμα	_	_
7.1	332	[33]	,	b	_
7.1	333	[1]	καταγέλαστοι	_	_
7.1	334	[2]	τελέως	_	_
7.1	335	[1]	ἐφάνησαν	_	_
7.1	336	[8]	.	b	_
7.1	337	[1]	ἐδείχθη	_	_
7.1	338	[3]	γὰρ	_	_
7.1	339	[1]	ἀπ	_	_
7.1	340	[12]	’	b	_
7.1	341	[1]	αὐτῆς	_	_
7.1	342	[4]	τοῦ	_	_
7.1	343	[1]	ζητουμένου	_	_
7.1	344	[1]	πράγματος	_	_
7.1	345	[5]	τῆς	_	_
7.1	346	[1]	οἰκείας	_	_
7.1	347	[1]	φύσεως	_	_
7.1	348	[3]	ἢ	_	_
7.1	349	[1]	οὐσίας	_	_
7.1	350	[34]	,	b	_
7.1	351	[4]	ἢ	_	_
7.1	352	[1]	ὅπως	_	_
7.1	353	[1]	ἄν	_	_
7.1	354	[3]	τις	_	_
7.1	355	[1]	ὀνομάζειν	_	_
7.1	356	[1]	ἐθέλῃ	_	_
7.1	357	[3]	τὴν	_	_
7.1	358	[1]	πίστιν	_	_
7.1	359	[1]	ἔχον	_	_
7.1	360	[2]	ἡγεμονικὸν	_	_
7.1	361	[35]	,	b	_
7.1	362	[2]	ἁπάντων	_	_
7.1	363	[1]	νοούντων	_	_
7.1	364	[8]	καὶ	_	_
7.1	365	[1]	λεγόντων	_	_
7.1	366	[8]	τὸ	_	_
7.1	367	[1]	κατάρχον	_	_
7.1	368	[2]	αἰσθήσεώς	_	_
7.1	369	[3]	τε	_	_
7.1	370	[9]	καὶ	_	_
7.1	371	[6]	τῆς	_	_
7.1	372	[2]	καθ	_	_
7.1	373	[13]	’	b	_
7.1	374	[1]	ὁρμὴν	_	_
7.1	375	[2]	κινήσεως	_	_
7.1	376	[9]	.	b	_
7.1	377	[2]	ἐδείχθη	_	_
7.1	378	[3]	δὲ	_	_
7.1	379	[10]	καὶ	_	_
7.1	380	[5]	ὡς	_	_
7.1	381	[1]	αὐτὸς	_	_
7.1	382	[1]	ὁ	_	_
7.1	383	[1]	λόγος	_	_
7.1	384	[1]	ἀρχαῖς	_	_
7.1	385	[1]	μέν	_	_
7.1	386	[2]	ἐστιν	_	_
7.1	387	[1]	μόνον	_	_
7.1	388	[6]	οὐκ	_	_
7.1	389	[1]	ἐνδόξοις	_	_
7.1	390	[36]	,	b	_
7.1	391	[1]	οὐ	_	_
7.1	392	[1]	μὴν	_	_
7.1	393	[5]	ἀλλ	_	_
7.1	394	[14]	’	b	_
7.1	395	[1]	ἐπιστημονικοῖς	_	_
7.1	396	[3]	τοῖς	_	_
7.1	397	[1]	λήμμασι	_	_
7.1	398	[1]	κεχρημένος	_	_
7.1	399	[37]	,	b	_
7.1	400	[2]	ὅπερ	_	_
7.1	401	[1]	ἴδιόν	_	_
7.1	402	[3]	ἐστιν	_	_
7.1	403	[1]	ἀποδεικτικῆς	_	_
7.1	404	[1]	μεθόδου	_	_
7.1	405	[10]	.	b	_
7.1	406	[2]	οὐ	_	_
7.1	407	[2]	μόνον	_	_
7.1	408	[4]	δὲ	_	_
7.1	409	[2]	τοὺς	_	_
7.1	410	[1]	περὶ	_	_
7.1	411	[4]	ψυχῆς	_	_
7.1	412	[1]	ἡγεμονικοῦ	_	_
7.1	413	[3]	λόγους	_	_
7.1	414	[2]	ἠρωτημένους	_	_
7.1	415	[2]	ὑπ	_	_
7.1	416	[15]	’	b	_
7.1	417	[2]	αὐτῶν	_	_
7.1	418	[1]	ἐλέγχοντες	_	_
7.1	419	[1]	ἐμηκύναμεν	_	_
7.1	420	[38]	,	b	_
7.1	421	[1]	ἀλλὰ	_	_
7.1	422	[11]	καὶ	_	_
7.1	423	[2]	τὰ	_	_
7.1	424	[2]	περὶ	_	_
7.1	425	[5]	τῶν	_	_
7.1	426	[1]	παθῶν	_	_
7.1	427	[7]	τῆς	_	_
7.1	428	[5]	ψυχῆς	_	_
7.1	429	[3]	ὑπὸ	_	_
7.1	430	[1]	Χρυσίππου	_	_
7.1	431	[1]	γεγραμμένα	_	_
7.1	432	[39]	,	b	_
7.1	433	[1]	τοῦτο	_	_
7.1	434	[4]	μὲν	_	_
7.1	435	[1]	ἐν	_	_
7.1	436	[4]	τοῖς	_	_
7.1	437	[1]	λογικοῖς	_	_
7.1	438	[1]	ὑπομνήμασι	_	_
7.1	439	[1]	τρισὶ	_	_
7.1	440	[40]	,	b	_
7.1	441	[2]	τοῦτο	_	_
7.1	442	[2]	δ	_	_
7.1	443	[16]	’	b	_
7.1	444	[1]	ὲν	_	_
7.1	445	[1]	τῷ	_	_
7.1	446	[1]	θεραπευτικῷ	_	_
7.1	447	[41]	,	b	_
7.1	448	[1]	μετὰ	_	_
7.1	449	[5]	τοῦ	_	_
7.1	450	[12]	καὶ	_	_
7.1	451	[1]	δεικνύειν	_	_
7.1	452	[1]	αὐτὸν	_	_
7.1	453	[1]	ἑαυτῷ	_	_
7.1	454	[1]	διαφερόμενον	_	_
7.1	455	[2]	τὸν	_	_
7.1	456	[1]	Χρύσιππον	_	_
7.1	457	[11]	.	b	_
7.1	458	[1]	ἐπεμνήσθημεν	_	_
7.1	459	[5]	δὲ	_	_
7.1	460	[13]	καὶ	_	_
7.1	461	[6]	τῶν	_	_
7.1	462	[1]	Ποσειδωνίου	_	_
7.1	463	[1]	συγγραμμάτων	_	_
7.1	464	[42]	,	b	_
7.1	465	[2]	ἐν	_	_
7.1	466	[2]	οἷς	_	_
7.1	467	[1]	ἐπαινεῖ	_	_
7.1	468	[3]	τὸν	_	_
7.1	469	[1]	παλαιὸν	_	_
7.1	470	[2]	λόγον	_	_
7.1	471	[43]	,	b	_
7.1	472	[1]	ἐλέγχων	_	_
7.1	473	[3]	τὰ	_	_
7.1	474	[1]	Χρυσίππῳ	_	_
7.1	475	[1]	κακῶς	_	_
7.1	476	[1]	εἰρημένα	_	_
7.1	477	[1]	περί	_	_
7.1	478	[4]	τε	_	_
7.1	479	[7]	τῶν	_	_
7.1	480	[2]	παθῶν	_	_
7.1	481	[8]	τῆς	_	_
7.1	482	[6]	ψυχῆς	_	_
7.1	483	[14]	καὶ	_	_
7.1	484	[8]	τῶν	_	_
7.1	485	[1]	ἀρετῶν	_	_
7.1	486	[9]	τῆς	_	_
7.1	487	[1]	διαφορᾶς	_	_
7.1	488	[12]	.	b	_
7.1	489	[2]	ὥσπερ	_	_
7.1	490	[4]	γὰρ	_	_
7.1	491	[1]	ἀναιρεῖται	_	_
7.1	492	[4]	τὰ	_	_
7.1	493	[1]	πάθη	_	_
7.1	494	[10]	τῆς	_	_
7.1	495	[7]	ψυχῆς	_	_
7.1	496	[44]	,	b	_
7.1	497	[3]	εἰ	_	_
7.1	498	[3]	μόνον	_	_
7.1	499	[1]	εἴη	_	_
7.1	500	[9]	τὸ	_	_
7.1	501	[1]	λογιστικὸν	_	_
7.1	502	[11]	τῆς	_	_
7.1	503	[8]	ψυχῆς	_	_
7.1	504	[2]	αὐτῆς	_	_
7.1	505	[45]	,	b	_
7.1	506	[1]	μηδενὸς	_	_
7.1	507	[1]	μήτ	_	_
7.1	508	[17]	’	b	_
7.1	509	[1]	ἐπιθυμητικοῦ	_	_
7.1	510	[1]	μήτε	_	_
7.1	511	[1]	θυμοειδοῦς	_	_
7.1	512	[1]	ὄντος	_	_
7.1	513	[46]	,	b	_
7.1	514	[1]	οὕτω	_	_
7.1	515	[15]	καὶ	_	_
7.1	516	[9]	τῶν	_	_
7.1	517	[2]	ἀρετῶν	_	_
7.1	518	[1]	πλὴν	_	_
7.1	519	[1]	φρονήσεως	_	_
7.1	520	[1]	αἱ	_	_
7.1	521	[1]	λοιπαὶ	_	_
7.1	522	[1]	πᾶσαι	_	_
7.1	523	[13]	.	b	_
7.1	524	[1]	καίτοι	_	_
7.1	525	[1]	κᾀνταῦθ	_	_
7.1	526	[18]	’	b	_
7.1	527	[1]	εἴ	_	_
7.1	528	[4]	τις	_	_
7.1	529	[1]	ἐπεξέρχοιτο	_	_
7.1	530	[2]	τῷ	_	_
7.1	531	[1]	λόγῳ	_	_
7.1	532	[47]	,	b	_
7.1	533	[1]	τάς	_	_
7.1	534	[5]	τε	_	_
7.1	535	[3]	περὶ	_	_
7.1	536	[12]	τῆς	_	_
7.1	537	[9]	ψυχῆς	_	_
7.1	538	[1]	διαφορὰς	_	_
7.1	539	[10]	τῶν	_	_
7.1	540	[3]	ἀρετῶν	_	_
7.1	541	[3]	ἐν	_	_
7.1	542	[1]	τέτταρσι	_	_
7.1	543	[1]	βιβλίοις	_	_
7.1	544	[4]	ὑπὸ	_	_
7.1	545	[2]	Χρυσίππου	_	_
7.1	546	[1]	γεγραμμένας	_	_
7.1	547	[1]	βασανίζων	_	_
7.1	548	[48]	,	b	_
7.1	549	[1]	ὅσα	_	_
7.1	550	[6]	τε	_	_
7.1	551	[3]	καθ	_	_
7.1	552	[19]	’	b	_
7.1	553	[1]	ἓν	_	_
7.1	554	[1]	ἄλλο	_	_
7.1	555	[1]	διῆλθεν	_	_
7.1	556	[49]	,	b	_
7.1	557	[2]	ᾧ	_	_
7.1	558	[1]	δείκνυσι	_	_
7.1	559	[1]	ποιὰς	_	_
7.1	560	[2]	εἶναι	_	_
7.1	561	[2]	τὰς	_	_
7.1	562	[1]	ἀρετὰς	_	_
7.1	563	[50]	,	b	_
7.1	564	[2]	ἐλέγχων	_	_
7.1	565	[4]	τὸν	_	_
7.1	566	[1]	Ἀρίστωνος	_	_
7.1	567	[3]	λόγον	_	_
7.1	568	[51]	,	b	_
7.1	569	[1]	οὐχ	_	_
7.1	570	[1]	ἑνὸς	_	_
7.1	571	[5]	ἢ	_	_
7.1	572	[1]	δυοῖν	_	_
7.1	573	[52]	,	b	_
7.1	574	[2]	ἀλλὰ	_	_
7.1	575	[2]	τριῶν	_	_
7.1	576	[6]	ἢ	_	_
7.1	577	[1]	τεττάρων	_	_
7.1	578	[2]	ἂν	_	_
7.1	579	[1]	δεηθείη	_	_
7.1	580	[1]	βιβλίων	_	_
7.1	581	[14]	.	b	_
7.1	582	[1]	ἔστι	_	_
7.1	583	[5]	μὲν	_	_
7.1	584	[5]	γὰρ	_	_
7.1	585	[1]	κᾀνταῦθα	_	_
7.1	586	[2]	λόγος	_	_
7.1	587	[1]	εἶς	_	_
7.1	588	[1]	βραχὺς	_	_
7.1	589	[1]	ἐπιστημονικὸς	_	_
7.1	590	[3]	ἐλέγχων	_	_
7.1	591	[5]	τὸν	_	_
7.1	592	[2]	Χρύσιππον	_	_
7.1	593	[4]	οὔτε	_	_
7.1	594	[1]	τἀληθῆ	_	_
7.1	595	[1]	πρεσβεύοντα	_	_
7.1	596	[16]	καὶ	_	_
7.1	597	[1]	μηκύνοντα	_	_
7.1	598	[1]	περιττῶς	_	_
7.1	599	[15]	.	b	_
7.1	600	[6]	ἀλλ	_	_
7.1	601	[20]	’	b	_
7.1	602	[2]	οἱ	_	_
7.1	603	[2]	μήτε	_	_
7.1	604	[1]	παιδευθέντες	_	_
7.1	605	[4]	ἐν	_	_
7.1	606	[1]	ἀποδεικτικῇ	_	_
7.1	607	[1]	μεθόδῳ	_	_
7.1	608	[53]	,	b	_
7.1	609	[1]	μήθ	_	_
7.1	610	[21]	’	b	_
7.1	611	[1]	ὅλως	_	_
7.1	612	[1]	γνόντες	_	_
7.1	613	[54]	,	b	_
7.1	614	[1]	ὁποία	_	_
7.1	615	[1]	τίς	_	_
7.1	616	[1]	ἐστι	_	_
7.1	617	[55]	,	b	_
7.1	618	[1]	μόνῳ	_	_
7.1	619	[6]	δὲ	_	_
7.1	620	[3]	τῷ	_	_
7.1	621	[1]	μεγέθει	_	_
7.1	622	[17]	καὶ	_	_
7.1	623	[1]	πλήθει	_	_
7.1	624	[11]	τῶν	_	_
7.1	625	[5]	ὑπὸ	_	_
7.1	626	[3]	Χρυσίππου	_	_
7.1	627	[1]	γραφέντων	_	_
7.1	628	[2]	βιβλίων	_	_
7.1	629	[1]	προσέχοντες	_	_
7.1	630	[6]	τὸν	_	_
7.1	631	[1]	νοῦν	_	_
7.1	632	[2]	ἀληθῆ	_	_
7.1	633	[1]	νομίζουσι	_	_
7.1	634	[1]	πάνθ	_	_
7.1	635	[22]	’	b	_
7.1	636	[2]	ὑπάρχειν	_	_
7.1	637	[1]	αὐτά	_	_
7.1	638	[16]	.	b	_
7.1	639	[18]	καὶ	_	_
7.1	640	[6]	γὰρ	_	_
7.1	641	[19]	καὶ	_	_
7.1	642	[1]	ὄντως	_	_
7.1	643	[1]	ἐστὶ	_	_
7.1	644	[5]	τὰ	_	_
7.1	645	[1]	πλεῖστα	_	_
7.1	646	[3]	αὐτῶν	_	_
7.1	647	[3]	ἀληθῆ	_	_
7.1	648	[56]	,	b	_
7.1	649	[20]	καὶ	_	_
7.1	650	[1]	μάλιστά	_	_
7.1	651	[4]	γε	_	_
7.1	652	[6]	τὰ	_	_
7.1	653	[2]	κατ	_	_
7.1	654	[23]	’	b	_
7.1	655	[1]	ἐκεῖνο	_	_
7.1	656	[10]	τὸ	_	_
7.1	657	[1]	βιβλίον	_	_
7.1	658	[57]	,	b	_
7.1	659	[5]	ἐν	_	_
7.1	660	[3]	ᾧ	_	_
7.1	661	[2]	δείκνυσι	_	_
7.1	662	[2]	ποιὰς	_	_
7.1	663	[3]	εἶναι	_	_
7.1	664	[3]	τὰς	_	_
7.1	665	[1]	ἀρετάς	_	_
7.1	666	[17]	.	b	_
7.1	667	[7]	ἀλλ	_	_
7.1	668	[24]	’	b	_
7.1	669	[1]	ὅτι	_	_
7.1	670	[4]	τῷ	_	_
7.1	671	[1]	μίαν	_	_
7.1	672	[1]	ὑποθεμένῳ	_	_
7.1	673	[2]	δύναμιν	_	_
7.1	674	[3]	ὑπάρχειν	_	_
7.1	675	[6]	ἐν	_	_
7.1	676	[1]	τῇ	_	_
7.1	677	[1]	ψυχῇ	_	_
7.1	678	[58]	,	b	_
7.1	679	[4]	τὴν	_	_
7.1	680	[1]	λογικήν	_	_
7.1	681	[7]	τε	_	_
7.1	682	[21]	καὶ	_	_
7.1	683	[1]	κριτικὴν	_	_
7.1	684	[1]	ὀνομαζομένην	_	_
7.1	685	[59]	,	b	_
7.1	686	[1]	ἀνελόντι	_	_
7.1	687	[7]	δὲ	_	_
7.1	688	[5]	τὴν	_	_
7.1	689	[1]	ἐπιθυμητικήν	_	_
7.1	690	[8]	τε	_	_
7.1	691	[22]	καὶ	_	_
7.1	692	[1]	θυμοειδῆ	_	_
7.1	693	[60]	,	b	_
7.1	694	[1]	καθάπερ	_	_
7.1	695	[2]	ὁ	_	_
7.1	696	[1]	Χρύσιππος	_	_
7.1	697	[1]	ἀνεῖλε	_	_
7.1	698	[61]	,	b	_
7.1	699	[1]	μάχεται	_	_
7.1	700	[7]	τὰ	_	_
7.1	701	[3]	κατὰ	_	_
7.1	702	[3]	τοῦτο	_	_
7.1	703	[11]	τὸ	_	_
7.1	704	[2]	βιβλίον	_	_
7.1	705	[2]	εἰρημένα	_	_
7.1	706	[1]	ταυτὶ	_	_
7.1	707	[62]	,	b	_
7.1	708	[1]	μέμψαιτ	_	_
7.1	709	[25]	’	b	_
7.1	710	[2]	ἄν	_	_
7.1	711	[5]	τις	_	_
7.1	712	[2]	αὐτῷ	_	_
7.1	713	[2]	·	b	_
7.1	714	[12]	τὸ	_	_
7.1	715	[2]	μέντοι	_	_
7.1	716	[1]	καταβάλλεσθαι	_	_
7.1	717	[6]	τὴν	_	_
7.1	718	[2]	Ἀρίστωνος	_	_
7.1	719	[1]	αἵρεσιν	_	_
7.1	720	[1]	ἀληθῶς	_	_
7.1	721	[6]	ὑπὸ	_	_
7.1	722	[12]	τῶν	_	_
7.1	723	[1]	γεγραμμένων	_	_
7.1	724	[7]	οὐκ	_	_
7.1	725	[3]	ἄν	_	_
7.1	726	[6]	τις	_	_
7.1	727	[1]	μέμψαιτο	_	_
7.1	728	[18]	.	b	_
7.1	729	[1]	νομίζει	_	_
7.1	730	[7]	γὰρ	_	_
7.1	731	[3]	ὁ	_	_
7.1	732	[1]	ἀνὴρ	_	_
7.1	733	[1]	ἐκεῖνος	_	_
7.1	734	[63]	,	b	_
7.1	735	[2]	μίαν	_	_
7.1	736	[1]	οὖσαν	_	_
7.1	737	[7]	τὴν	_	_
7.1	738	[1]	ἀρετὴν	_	_
7.1	739	[1]	ὀνόμασι	_	_
7.1	740	[1]	πλείοσιν	_	_
7.1	741	[1]	ὀνομάζεσθαι	_	_
7.1	742	[4]	κατὰ	_	_
7.1	743	[8]	τὴν	_	_
7.1	744	[1]	πρός	_	_
7.1	745	[1]	τι	_	_
7.1	746	[1]	σχέσιν	_	_
7.1	747	[19]	.	b	_
7.1	748	[4]	ὁ	_	_
7.1	749	[2]	τοίνυν	_	_
7.1	750	[2]	Χρύσιππος	_	_
7.1	751	[2]	δείκνυσιν	_	_
7.1	752	[8]	οὐκ	_	_
7.1	753	[7]	ἐν	_	_
7.1	754	[2]	τῇ	_	_
7.1	755	[2]	πρός	_	_
7.1	756	[2]	τι	_	_
7.1	757	[1]	σχέσει	_	_
7.1	758	[1]	γενόμενον	_	_
7.1	759	[13]	τὸ	_	_
7.1	760	[1]	πλῆθος	_	_
7.1	761	[13]	τῶν	_	_
7.1	762	[4]	ἀρετῶν	_	_
7.1	763	[9]	τε	_	_
7.1	764	[23]	καὶ	_	_
7.1	765	[1]	κακιῶν	_	_
7.1	766	[64]	,	b	_
7.1	767	[8]	ἀλλ	_	_
7.1	768	[26]	’	b	_
7.1	769	[8]	ἐν	_	_
7.1	770	[1]	ταῖς	_	_
7.1	771	[1]	οἰκείαις	_	_
7.1	772	[1]	οὐσίαις	_	_
7.1	773	[1]	ὑπαλλαττομέναις	_	_
7.1	774	[5]	κατὰ	_	_
7.1	775	[4]	τὰς	_	_
7.1	776	[1]	ποιότητας	_	_
7.1	777	[65]	,	b	_
7.1	778	[6]	ὡς	_	_
7.1	779	[5]	ὁ	_	_
7.1	780	[14]	τῶν	_	_
7.1	781	[1]	παλαιῶν	_	_
7.1	782	[1]	ἠβούλετο	_	_
7.1	783	[3]	λόγος	_	_
7.1	784	[3]	·	b	_
7.1	785	[3]	ὅπερ	_	_
7.1	786	[24]	καὶ	_	_
7.1	787	[2]	αὐτὸ	_	_
7.1	788	[1]	βραχὺ	_	_
7.1	789	[1]	παρατρέψας	_	_
7.1	790	[6]	ὁ	_	_
7.1	791	[3]	Χρύσιππος	_	_
7.1	792	[1]	ἑτέραις	_	_
7.1	793	[1]	λέξεσι	_	_
7.1	794	[1]	διῆλθε	_	_
7.1	795	[66]	,	b	_
7.1	796	[3]	ποιὰς	_	_
7.1	797	[4]	εἶναι	_	_
7.1	798	[5]	τὰς	_	_
7.1	799	[2]	ἀρετὰς	_	_
7.1	800	[67]	,	b	_
7.1	801	[5]	τοῖς	_	_
7.1	802	[1]	τ	_	_
7.1	803	[27]	’	b	_
7.1	804	[1]	ἐπιχειρήμασιν	_	_
7.1	805	[3]	οὐ	_	_
7.1	806	[1]	πρέπουσι	_	_
7.1	807	[5]	τῷ	_	_
7.1	808	[14]	τὸ	_	_
7.1	809	[1]	λογικὸν	_	_
7.1	810	[5]	εἶναι	_	_
7.1	811	[4]	μόνον	_	_
7.1	812	[13]	τῆς	_	_
7.1	813	[10]	ψυχῆς	_	_
7.1	814	[1]	τεθειμένῳ	_	_
7.1	815	[68]	,	b	_
7.1	816	[15]	τὸ	_	_
7.1	817	[1]	παθητικὸν	_	_
7.1	818	[3]	δ	_	_
7.1	819	[28]	’	b	_
7.1	820	[1]	ἀνῃρηκότι	_	_
7.1	821	[20]	.	b	_
7.1	822	[1]	πῶς	_	_
7.1	823	[1]	οὖν	_	_
7.1	824	[2]	ἐγὼ	_	_
7.1	825	[6]	τοῦ	_	_
7.1	826	[2]	μήκους	_	_
7.1	827	[15]	τῶν	_	_
7.1	828	[2]	λόγων	_	_
7.1	829	[2]	αἴτιος	_	_
7.1	830	[69]	,	b	_
7.1	831	[1]	ἐὰν	_	_
7.1	832	[1]	ἀναγκασθῶ	_	_
7.1	833	[1]	νῦν	_	_
7.1	834	[1]	ἐπιδεικνύειν	_	_
7.1	835	[70]	,	b	_
7.1	836	[1]	ἀλλοτρίας	_	_
7.1	837	[1]	αἱρέσεως	_	_
7.1	838	[1]	ἐπιχειρήμασι	_	_
7.1	839	[1]	χρώμενον	_	_
7.1	840	[7]	τὸν	_	_
7.1	841	[3]	Χρύσιππον	_	_
7.1	842	[2]	εἰκότως	_	_
7.1	843	[1]	καταβαλεῖν	_	_
7.1	844	[9]	τὴν	_	_
7.1	845	[3]	Ἀρίστωνος	_	_
7.1	846	[1]	δόξαν	_	_
7.1	847	[1]	;	b	_
7.1	848	[3]	οἱ	_	_
7.1	849	[8]	γὰρ	_	_
7.1	850	[3]	μήτε	_	_
7.1	851	[2]	γνόντες	_	_
7.1	852	[71]	,	b	_
7.1	853	[1]	οἷόν	_	_
7.1	854	[3]	τι	_	_
7.1	855	[1]	πρᾶγμά	_	_
7.1	856	[2]	ἐστι	_	_
7.1	857	[1]	μέθοδος	_	_
7.1	858	[1]	ἀποδεικτικὴ	_	_
7.1	859	[72]	,	b	_
7.1	860	[2]	μήτ	_	_
7.1	861	[29]	’	b	_
7.1	862	[1]	ἀσκηθέντες	_	_
7.1	863	[9]	ἐν	_	_
7.1	864	[1]	αὐτῇ	_	_
7.1	865	[73]	,	b	_
7.1	866	[4]	μήτε	_	_
7.1	867	[2]	ἀλήθειαν	_	_
7.1	868	[1]	τιμῶντες	_	_
7.1	869	[74]	,	b	_
7.1	870	[1]	οὗτοι	_	_
7.1	871	[1]	δικαιότεροι	_	_
7.1	872	[7]	τοῦ	_	_
7.1	873	[3]	μήκους	_	_
7.1	874	[16]	τῶν	_	_
7.1	875	[3]	λόγων	_	_
7.1	876	[1]	ἔχειν	_	_
7.1	877	[10]	τὴν	_	_
7.1	878	[1]	αἰτίαν	_	_
7.1	879	[21]	.	b	_
7.1	880	[2]	οὗτοι	_	_
7.1	881	[1]	γάρ	_	_
7.1	882	[1]	εἰσι	_	_
7.1	883	[25]	καὶ	_	_
7.1	884	[4]	οἱ	_	_
7.1	885	[2]	πρὸς	_	_
7.1	886	[1]	ἅπασαν	_	_
7.1	887	[1]	ἀπόδειξιν	_	_
7.1	888	[1]	ἀεὶ	_	_
7.1	889	[1]	λογιζόμενοι	_	_
7.1	890	[26]	καὶ	_	_
7.1	891	[1]	στροφὰς	_	_
7.1	892	[1]	ἀσχήμονας	_	_
7.1	893	[1]	στρεφόμενοι	_	_
7.1	894	[1]	χάριν	_	_
7.1	895	[8]	τοῦ	_	_
7.1	896	[2]	δοκεῖν	_	_
7.1	897	[1]	ἀτελῆ	_	_
7.1	898	[8]	τὸν	_	_
7.1	899	[1]	ὅλον	_	_
7.1	900	[4]	ὑπάρχειν	_	_
7.1	901	[4]	λόγον	_	_
7.1	902	[75]	,	b	_
7.1	903	[1]	ὅπου	_	_
7.1	904	[27]	καὶ	_	_
7.1	905	[2]	νῦν	_	_
7.1	906	[76]	,	b	_
7.1	907	[2]	ἐκ	_	_
7.1	908	[1]	πολλοῦ	_	_
7.1	909	[2]	γεγραμμένων	_	_
7.1	910	[17]	τῶν	_	_
7.1	911	[1]	πρὸ	_	_
7.1	912	[1]	τούτου	_	_
7.1	913	[3]	βιβλίων	_	_
7.1	914	[1]	ἔτεσί	_	_
7.1	915	[10]	τε	_	_
7.1	916	[1]	πολλοῖς	_	_
7.1	917	[1]	βεβασανισμένων	_	_
7.1	918	[7]	ὑπὸ	_	_
7.1	919	[18]	τῶν	_	_
7.1	920	[1]	ἀρίστων	_	_
7.1	921	[1]	ἀνδρῶν	_	_
7.1	922	[1]	ἔκ	_	_
7.1	923	[11]	τε	_	_
7.1	924	[9]	τοῦ	_	_
7.1	925	[1]	Περιπάτου	_	_
7.1	926	[28]	καὶ	_	_
7.1	927	[14]	τῆς	_	_
7.1	928	[1]	Στοᾶς	_	_
7.1	929	[77]	,	b	_
7.1	930	[1]	ἐξαίφνης	_	_
7.1	931	[7]	τις	_	_
7.1	932	[1]	ἀνεφάνη	_	_
7.1	933	[19]	τῶν	_	_
7.1	934	[1]	Περιπατητικῶν	_	_
7.1	935	[1]	ὑμένας	_	_
7.1	936	[6]	εἶναι	_	_
7.1	937	[1]	λέγων	_	_
7.1	938	[3]	τοὺς	_	_
7.1	939	[1]	ἀπὸ	_	_
7.1	940	[15]	τῆς	_	_
7.1	941	[2]	καρδίας	_	_
7.1	942	[3]	εἰς	_	_
7.1	943	[1]	ἐγκέφαλόν	_	_
7.1	944	[12]	τε	_	_
7.1	945	[29]	καὶ	_	_
7.1	946	[1]	μήνιγγας	_	_
7.1	947	[1]	ἀναφερομένους	_	_
7.1	948	[78]	,	b	_
7.1	949	[1]	ὑφ	_	_
7.1	950	[30]	’	b	_
7.1	951	[2]	ὧν	_	_
7.1	952	[2]	ἡ	_	_
7.1	953	[1]	ψυχικὴ	_	_
7.1	954	[1]	δύναμις	_	_
7.1	955	[1]	ἀνακομίζεται	_	_
7.1	956	[22]	.	b	_
7.1	957	[30]	καὶ	_	_
7.1	958	[1]	ταῦτ	_	_
7.1	959	[31]	’	b	_
7.1	960	[1]	ἐπιχειρεῖ	_	_
7.1	961	[1]	λέγειν	_	_
7.1	962	[1]	ἄνθρωπος	_	_
7.1	963	[1]	οὐδ	_	_
7.1	964	[32]	’	b	_
7.1	965	[2]	ὅλως	_	_
7.1	966	[3]	ἀνατομῆς	_	_
7.1	967	[1]	ἁψάμενος	_	_
7.1	968	[23]	.	b	_
7.1	969	[1]	ἐπεὶ	_	_
7.1	970	[8]	δὲ	_	_
7.1	971	[3]	πρὸς	_	_
7.1	972	[1]	ἡμῶν	_	_
7.1	973	[1]	ἐδέδεικτο	_	_
7.1	974	[31]	καὶ	_	_
7.1	975	[1]	διὰ	_	_
7.1	976	[20]	τῶν	_	_
7.1	977	[2]	ἔμπροσθεν	_	_
7.1	978	[79]	,	b	_
7.1	979	[7]	ὡς	_	_
7.1	980	[6]	τοῖς	_	_
7.1	981	[1]	νεύροις	_	_
7.1	982	[1]	ἐγκέφαλος	_	_
7.1	983	[1]	ἐπιπέμπει	_	_
7.1	984	[1]	δυνάμεις	_	_
7.1	985	[80]	,	b	_
7.1	986	[1]	οἷον	_	_
7.1	987	[1]	πηγή	_	_
7.1	988	[8]	τις	_	_
7.1	989	[1]	ὑπάρχων	_	_
7.1	990	[2]	αὐτὸς	_	_
7.1	991	[81]	,	b	_
7.1	992	[9]	οὐκ	_	_
7.1	993	[3]	ἐκ	_	_
7.1	994	[3]	καρδίας	_	_
7.1	995	[1]	λαμβάνων	_	_
7.1	996	[82]	,	b	_
7.1	997	[8]	ὡς	_	_
7.1	998	[6]	μὲν	_	_
7.1	999	[1]	ἔνιοι	_	_
7.1	1000	[83]	,	b	_
7.1	1001	[1]	δι	_	_
7.1	1002	[33]	’	b	_
7.1	1003	[4]	αὐτῶν	_	_
7.1	1004	[3]	ὧν	_	_
7.1	1005	[1]	ἔφασαν	_	_
7.1	1006	[2]	νεύρων	_	_
7.1	1007	[84]	,	b	_
7.1	1008	[9]	ὡς	_	_
7.1	1009	[4]	δ	_	_
7.1	1010	[34]	’	b	_
7.1	1011	[2]	ἄλλοι	_	_
7.1	1012	[85]	,	b	_
7.1	1013	[2]	διὰ	_	_
7.1	1014	[21]	τῶν	_	_
7.1	1015	[1]	καρωτίδων	_	_
7.1	1016	[1]	ἀρτηριῶν	_	_
7.1	1017	[86]	,	b	_
7.1	1018	[1]	ἠναγκάσθημεν	_	_
7.1	1019	[2]	οὖν	_	_
7.1	1020	[1]	αὖθις	_	_
7.1	1021	[1]	ἡμεῖς	_	_
7.1	1022	[1]	ἐπιδεικνύναι	_	_
7.1	1023	[2]	μήθ	_	_
7.1	1024	[35]	’	b	_
7.1	1025	[2]	ὑμένας	_	_
7.1	1026	[2]	ἀναφερομένους	_	_
7.1	1027	[3]	ὅλως	_	_
7.1	1028	[4]	ἐκ	_	_
7.1	1029	[4]	καρδίας	_	_
7.1	1030	[4]	εἰς	_	_
7.1	1031	[1]	κεφαλὴν	_	_
7.1	1032	[87]	,	b	_
7.1	1033	[4]	εἰ	_	_
7.1	1034	[9]	δὲ	_	_
7.1	1035	[2]	καί	_	_
7.1	1036	[1]	τινες	_	_
7.1	1037	[22]	τῶν	_	_
7.1	1038	[6]	κατὰ	_	_
7.1	1039	[9]	τὸν	_	_
7.1	1040	[1]	τράχηλον	_	_
7.1	1041	[1]	ὑμένων	_	_
7.1	1042	[5]	ἐκ	_	_
7.1	1043	[5]	καρδίας	_	_
7.1	1044	[2]	μὴ	_	_
7.1	1045	[7]	εἶναι	_	_
7.1	1046	[1]	φάσκοιεν	_	_
7.1	1047	[1]	διατέμνοντές	_	_
7.1	1048	[13]	τε	_	_
7.1	1049	[2]	πάντας	_	_
7.1	1050	[1]	αὐτοὺς	_	_
7.1	1051	[88]	,	b	_
7.1	1052	[1]	ἐκκόπτοντές	_	_
7.1	1053	[14]	τε	_	_
7.1	1054	[1]	μηδὲν	_	_
7.1	1055	[10]	τοῦ	_	_
7.1	1056	[1]	ζώου	_	_
7.1	1057	[1]	βλαπτομένου	_	_
7.1	1058	[24]	.	b	_
7.1	1059	[1]	σκεπάσματα	_	_
7.1	1060	[2]	γάρ	_	_
7.1	1061	[1]	εἰσιν	_	_
7.1	1062	[5]	οἱ	_	_
7.1	1063	[1]	ὑμένες	_	_
7.1	1064	[89]	,	b	_
7.1	1065	[2]	ἔνθα	_	_
7.1	1066	[1]	περ	_	_
7.1	1067	[3]	ἂν	_	_
7.1	1068	[1]	ὑπάρχωσι	_	_
7.1	1069	[90]	,	b	_
7.1	1070	[1]	μορίων	_	_
7.1	1071	[91]	,	b	_
7.1	1072	[1]	μηδεμίαν	_	_
7.1	1073	[1]	ἐνέργειαν	_	_
7.1	1074	[7]	ἢ	_	_
7.1	1075	[1]	χρείαν	_	_
7.1	1076	[1]	ἑτέραν	_	_
7.1	1077	[1]	ἔχοντες	_	_
7.1	1078	[92]	,	b	_
7.1	1079	[1]	ὁποίαν	_	_
7.1	1080	[1]	ἀρτηρίαι	_	_
7.1	1081	[32]	καὶ	_	_
7.1	1082	[2]	νεῦρα	_	_
7.1	1083	[33]	καὶ	_	_
7.1	1084	[1]	φλέβες	_	_
7.1	1085	[25]	.	b	_
7.1	1086	[3]	ὥσπερ	_	_
7.1	1087	[3]	οὖν	_	_
7.1	1088	[10]	ἐν	_	_
7.1	1089	[1]	τούτοις	_	_
7.1	1090	[10]	οὐκ	_	_
7.1	1091	[3]	ἐγὼ	_	_
7.1	1092	[11]	τοῦ	_	_
7.1	1093	[4]	μήκους	_	_
7.1	1094	[23]	τῶν	_	_
7.1	1095	[4]	λόγων	_	_
7.1	1096	[3]	αἴτιος	_	_
7.1	1097	[93]	,	b	_
7.1	1098	[9]	ἀλλ	_	_
7.1	1099	[36]	’	b	_
7.1	1100	[1]	ὅσοι	_	_
7.1	1101	[3]	μήτ	_	_
7.1	1102	[37]	’	b	_
7.1	1103	[1]	ἠσκήθησαν	_	_
7.1	1104	[11]	ἐν	_	_
7.1	1105	[2]	ἀποδεικτικῇ	_	_
7.1	1106	[2]	μεθόδῳ	_	_
7.1	1107	[94]	,	b	_
7.1	1108	[4]	μήτ	_	_
7.1	1109	[38]	’	b	_
7.1	1110	[1]	ἀληθείας	_	_
7.1	1111	[1]	ἐρῶσιν	_	_
7.1	1112	[95]	,	b	_
7.1	1113	[2]	οὕτω	_	_
7.1	1114	[1]	κᾀπὶ	_	_
7.1	1115	[12]	τοῦ	_	_
7.1	1116	[1]	πλήθους	_	_
7.1	1117	[24]	τῶν	_	_
7.1	1118	[5]	ἀρετῶν	_	_
7.1	1119	[7]	ὁ	_	_
7.1	1120	[7]	μὲν	_	_
7.1	1121	[2]	ἐπιστημονικὸς	_	_
7.1	1122	[4]	λόγος	_	_
7.1	1123	[1]	ἐλάχιστος	_	_
7.1	1124	[96]	,	b	_
7.1	1125	[6]	οἱ	_	_
7.1	1126	[5]	δ	_	_
7.1	1127	[39]	’	b	_
7.1	1128	[4]	ἐξ	_	_
7.1	1129	[1]	ἀμαθίας	_	_
7.1	1130	[15]	τε	_	_
7.1	1131	[34]	καὶ	_	_
7.1	1132	[1]	φιλονεικίας	_	_
7.1	1133	[1]	ὁρμώμενοι	_	_
7.1	1134	[1]	πολλοί	_	_
7.1	1135	[26]	.	b	_
7.1	1136	[2]	τίς	_	_
7.1	1137	[4]	οὖν	_	_
7.1	1138	[8]	ὁ	_	_
7.1	1139	[3]	ἐπιστημονικὸς	_	_
7.1	1140	[5]	λόγος	_	_
7.1	1141	[2]	;	b	_
7.1	1142	[9]	ὁ	_	_
7.1	1143	[2]	ἀπ	_	_
7.1	1144	[40]	’	b	_
7.1	1145	[3]	αὐτῆς	_	_
7.1	1146	[1]	δηλονότι	_	_
7.1	1147	[16]	τῆς	_	_
7.1	1148	[13]	τοῦ	_	_
7.1	1149	[2]	πράγματος	_	_
7.1	1150	[2]	οὐσίας	_	_
7.1	1151	[1]	ὁρμώμενος	_	_
7.1	1152	[97]	,	b	_
7.1	1153	[10]	ὡς	_	_
7.1	1154	[12]	ἐν	_	_
7.1	1155	[3]	τῇ	_	_
7.1	1156	[4]	περὶ	_	_
7.1	1157	[17]	τῆς	_	_
7.1	1158	[1]	ἀποδείξεως	_	_
7.1	1159	[3]	ἐδείχθη	_	_
7.1	1160	[1]	πραγματείᾳ	_	_
7.1	1161	[27]	.	b	_
7.1	1162	[1]	χρὴ	_	_
7.1	1163	[9]	γὰρ	_	_
7.1	1164	[1]	ἄρξασθαι	_	_
7.1	1165	[8]	μὲν	_	_
7.1	1166	[2]	ἀπὸ	_	_
7.1	1167	[18]	τῆς	_	_
7.1	1168	[7]	κατὰ	_	_
7.1	1169	[11]	τὴν	_	_
7.1	1170	[2]	ἀρετὴν	_	_
7.1	1171	[1]	ἐννοίας	_	_
7.1	1172	[98]	,	b	_
7.1	1173	[1]	μεταβῆναι	_	_
7.1	1174	[6]	δ	_	_
7.1	1175	[41]	’	b	_
7.1	1176	[1]	ἐντεῦθεν	_	_
7.1	1177	[2]	ἐπὶ	_	_
7.1	1178	[12]	τὴν	_	_
7.1	1179	[19]	τῆς	_	_
7.1	1180	[3]	οὐσίας	_	_
7.1	1181	[1]	εὕρεσιν	_	_
7.1	1182	[1]	ἐπισκοπούμενον	_	_
7.1	1183	[99]	,	b	_
7.1	1184	[1]	εἴτε	_	_
7.1	1185	[1]	μία	_	_
7.1	1186	[20]	τῆς	_	_
7.1	1187	[8]	κατὰ	_	_
7.1	1188	[1]	ψυχὴν	_	_
7.1	1189	[1]	ἀρετῆς	_	_
7.1	1190	[100]	,	b	_
7.1	1191	[2]	εἴτε	_	_
7.1	1192	[1]	πλείους	_	_
7.1	1193	[1]	εἰσὶν	_	_
7.1	1194	[2]	αἱ	_	_
7.1	1195	[1]	οὐσίαι	_	_
7.1	1196	[9]	κατὰ	_	_
7.1	1197	[16]	τὸ	_	_
7.1	1198	[1]	κοινότατον	_	_
7.1	1199	[25]	τῶν	_	_
7.1	1200	[1]	σημαινομένων	_	_
7.1	1201	[101]	,	b	_
7.1	1202	[11]	ὡς	_	_
7.1	1203	[13]	ἐν	_	_
7.1	1204	[7]	τοῖς	_	_
7.1	1205	[5]	περὶ	_	_
7.1	1206	[21]	τῆς	_	_
7.1	1207	[2]	ἀποδείξεως	_	_
7.1	1208	[2]	εἴρηται	_	_
7.1	1209	[2]	βιβλίοις	_	_
7.1	1210	[102]	,	b	_
7.1	1211	[1]	ἀκουόντων	_	_
7.1	1212	[2]	ἡμῶν	_	_
7.1	1213	[14]	τοῦ	_	_
7.1	1214	[22]	τῆς	_	_
7.1	1215	[4]	οὐσίας	_	_
7.1	1216	[1]	ὀνόματος	_	_
7.1	1217	[103]	,	b	_
7.1	1218	[4]	ὅπερ	_	_
7.1	1219	[1]	ἐστὶν	_	_
7.1	1220	[2]	οἷον	_	_
7.1	1221	[1]	ὕπαρξις	_	_
7.1	1222	[104]	,	b	_
7.1	1223	[1]	ὥς	_	_
7.1	1224	[2]	φασιν	_	_
7.1	1225	[105]	,	b	_
7.1	1226	[3]	ἡ	_	_
7.1	1227	[1]	βελτίστη	_	_
7.1	1228	[1]	τελειότης	_	_
7.1	1229	[23]	τῆς	_	_
7.1	1230	[1]	ἑκάστου	_	_
7.1	1231	[2]	φύσεως	_	_
7.1	1232	[28]	.	b	_
7.1	1233	[10]	ἀλλ	_	_
7.1	1234	[42]	’	b	_
7.1	1235	[1]	εἴπερ	_	_
7.1	1236	[4]	τι	_	_
7.1	1237	[1]	τοιοῦτον	_	_
7.1	1238	[2]	πρᾶγμά	_	_
7.1	1239	[4]	ἐστιν	_	_
7.1	1240	[106]	,	b	_
7.1	1241	[4]	ἡ	_	_
7.1	1242	[1]	ἀρετὴ	_	_
7.1	1243	[2]	μία	_	_
7.1	1244	[4]	καθ	_	_
7.1	1245	[43]	’	b	_
7.1	1246	[1]	ἕκαστον	_	_
7.1	1247	[1]	ὑπάρξει	_	_
7.1	1248	[26]	τῶν	_	_
7.1	1249	[1]	ὄντων	_	_
7.1	1250	[29]	.	b	_
7.1	1251	[2]	εἴπερ	_	_
7.1	1252	[10]	γὰρ	_	_
7.1	1253	[17]	τὸ	_	_
7.1	1254	[1]	βέλτιστον	_	_
7.1	1255	[2]	ἓν	_	_
7.1	1256	[107]	,	b	_
7.1	1257	[35]	καὶ	_	_
7.1	1258	[5]	ἡ	_	_
7.1	1259	[2]	τελειότης	_	_
7.1	1260	[2]	ἐστὶ	_	_
7.1	1261	[3]	μία	_	_
7.1	1262	[108]	,	b	_
7.1	1263	[10]	κατὰ	_	_
7.1	1264	[9]	μὲν	_	_
7.1	1265	[18]	τὸ	_	_
7.1	1266	[2]	λογιστικὸν	_	_
7.1	1267	[1]	μέρος	_	_
7.1	1268	[24]	τῆς	_	_
7.1	1269	[11]	ψυχῆς	_	_
7.1	1270	[1]	ἐπιστήμην	_	_
7.1	1271	[3]	ἀναγκαῖον	_	_
7.1	1272	[8]	εἶναι	_	_
7.1	1273	[13]	τὴν	_	_
7.1	1274	[3]	ἀρετὴν	_	_
7.1	1275	[109]	,	b	_
7.1	1276	[36]	καὶ	_	_
7.1	1277	[3]	εἴπερ	_	_
7.1	1278	[3]	ἓν	_	_
7.1	1279	[1]	τοῦτό	_	_
7.1	1280	[3]	ἐστι	_	_
7.1	1281	[5]	μόνον	_	_
7.1	1282	[14]	ἐν	_	_
7.1	1283	[2]	ταῖς	_	_
7.1	1284	[1]	ψυχαῖς	_	_
7.1	1285	[3]	ἡμῶν	_	_
7.1	1286	[19]	τὸ	_	_
7.1	1287	[2]	λογιζόμενον	_	_
7.1	1288	[110]	,	b	_
7.1	1289	[4]	οὐ	_	_
7.1	1290	[2]	χρὴ	_	_
7.1	1291	[1]	ζητεῖν	_	_
7.1	1292	[3]	ἀρετὰς	_	_
7.1	1293	[1]	πολλάς	_	_
7.1	1294	[4]	·	b	_
7.1	1295	[5]	εἰ	_	_
7.1	1296	[10]	δὲ	_	_
7.1	1297	[37]	καὶ	_	_
7.1	1298	[10]	τὸν	_	_
7.1	1299	[1]	θυμὸν	_	_
7.1	1300	[111]	,	b	_
7.1	1301	[4]	ἀναγκαῖον	_	_
7.1	1302	[2]	ἔσται	_	_
7.1	1303	[1]	κᾀκείνου	_	_
7.1	1304	[1]	γενέσθαι	_	_
7.1	1305	[14]	τὴν	_	_
7.1	1306	[1]	ἀρετήν	_	_
7.1	1307	[30]	.	b	_
7.1	1308	[3]	οὕτω	_	_
7.1	1309	[11]	δὲ	_	_
7.1	1310	[6]	εἰ	_	_
7.1	1311	[38]	καὶ	_	_
7.1	1312	[1]	τρίτον	_	_
7.1	1313	[2]	ἄλλο	_	_
7.1	1314	[4]	πρὸς	_	_
7.1	1315	[2]	τούτοις	_	_
7.1	1316	[2]	εἴη	_	_
7.1	1317	[20]	τὸ	_	_
7.1	1318	[1]	ἐπιθυμητικὸν	_	_
7.1	1319	[112]	,	b	_
7.1	1320	[2]	ἑξῆς	_	_
7.1	1321	[10]	μὲν	_	_
7.1	1322	[1]	αὗται	_	_
7.1	1323	[1]	τρεῖς	_	_
7.1	1324	[113]	,	b	_
7.1	1325	[1]	ἄλλη	_	_
7.1	1326	[7]	δ	_	_
7.1	1327	[44]	’	b	_
7.1	1328	[6]	ἐκ	_	_
7.1	1329	[25]	τῆς	_	_
7.1	1330	[5]	πρὸς	_	_
7.1	1331	[1]	ἀλλήλας	_	_
7.1	1332	[5]	αὐτῶν	_	_
7.1	1333	[1]	σχέσεως	_	_
7.1	1334	[1]	γίγνεται	_	_
7.1	1335	[1]	τετάρτη	_	_
7.1	1336	[31]	.	b	_
7.1	1337	[1]	ἄρα	_	_
7.1	1338	[1]	μήτι	_	_
7.1	1339	[1]	μακρὸς	_	_
7.1	1340	[10]	ὁ	_	_
7.1	1341	[6]	λόγος	_	_
7.1	1342	[1]	οὐδαμῶς	_	_
7.1	1343	[114]	,	b	_
7.1	1344	[4]	ὥσπερ	_	_
7.1	1345	[2]	οὐδ	_	_
7.1	1346	[45]	’	b	_
7.1	1347	[1]	ἄλλος	_	_
7.1	1348	[1]	οὐδεὶς	_	_
7.1	1349	[27]	τῶν	_	_
7.1	1350	[1]	ἐπιστημονικῶν	_	_
7.1	1351	[32]	.	b	_
7.1	1352	[3]	ἀλλὰ	_	_
7.1	1353	[1]	μακρὰ	_	_
7.1	1354	[2]	λέγειν	_	_
7.1	1355	[2]	ἡμᾶς	_	_
7.1	1356	[1]	ἀναγκάζουσιν	_	_
7.1	1357	[7]	οἱ	_	_
7.1	1358	[1]	ληροῦντες	_	_
7.1	1359	[2]	μακρὰ	_	_
7.1	1360	[115]	,	b	_
7.1	1361	[2]	καθάπερ	_	_
7.1	1362	[1]	ἀμέλει	_	_
7.1	1363	[39]	καὶ	_	_
7.1	1364	[3]	νῦν	_	_
7.1	1365	[1]	ἀναγκαῖόν	_	_
7.1	1366	[5]	ἐστιν	_	_
7.1	1367	[116]	,	b	_
7.1	1368	[7]	εἰ	_	_
7.1	1369	[40]	καὶ	_	_
7.1	1370	[3]	μὴ	_	_
7.1	1371	[3]	τελέως	_	_
7.1	1372	[3]	μακρὰ	_	_
7.1	1373	[117]	,	b	_
7.1	1374	[1]	μέτρια	_	_
7.1	1375	[1]	γοῦν	_	_
7.1	1376	[2]	ἔτι	_	_
7.1	1377	[1]	διελθεῖν	_	_
7.1	1378	[3]	ὑπὲρ	_	_
7.1	1379	[28]	τῶν	_	_
7.1	1380	[26]	τῆς	_	_
7.1	1381	[12]	ψυχῆς	_	_
7.1	1382	[6]	ἀρετῶν	_	_
7.1	1383	[33]	.	b	_
7.1	1384	[8]	εἰ	_	_
7.1	1385	[11]	γὰρ	_	_
7.1	1386	[118]	,	b	_
7.1	1387	[12]	ὡς	_	_
7.1	1388	[3]	ἔμπροσθεν	_	_
7.1	1389	[1]	δέδεικται	_	_
7.1	1390	[119]	,	b	_
7.1	1391	[1]	ἕτερον	_	_
7.1	1392	[2]	μέν	_	_
7.1	1393	[4]	ἐστι	_	_
7.1	1394	[21]	τὸ	_	_
7.1	1395	[3]	λογιζόμενον	_	_
7.1	1396	[120]	,	b	_
7.1	1397	[2]	ἕτερον	_	_
7.1	1398	[12]	δὲ	_	_
7.1	1399	[22]	τὸ	_	_
7.1	1400	[1]	ἐπιθυμοῦν	_	_
7.1	1401	[121]	,	b	_
7.1	1402	[3]	ἄλλο	_	_
7.1	1403	[13]	δὲ	_	_
7.1	1404	[23]	τὸ	_	_
7.1	1405	[1]	θυμούμενον	_	_
7.1	1406	[122]	,	b	_
7.1	1407	[3]	ἔσται	_	_
7.1	1408	[9]	τις	_	_
7.1	1409	[2]	ἀρετὴ	_	_
7.1	1410	[5]	καθ	_	_
7.1	1411	[46]	’	b	_
7.1	1412	[2]	ἕκαστον	_	_
7.1	1413	[6]	αὐτῶν	_	_
7.1	1414	[4]	μία	_	_
7.1	1415	[34]	.	b	_
7.1	1416	[1]	κάλει	_	_
7.1	1417	[3]	τοίνυν	_	_
7.1	1418	[123]	,	b	_
7.1	1419	[9]	εἰ	_	_
7.1	1420	[1]	βούλει	_	_
7.1	1421	[124]	,	b	_
7.1	1422	[15]	τὴν	_	_
7.1	1423	[11]	μὲν	_	_
7.1	1424	[15]	ἐν	_	_
7.1	1425	[6]	τῷ	_	_
7.1	1426	[1]	λογιζομένῳ	_	_
7.1	1427	[1]	σοφίαν	_	_
7.1	1428	[125]	,	b	_
7.1	1429	[8]	ἢ	_	_
7.1	1430	[1]	φρόνησιν	_	_
7.1	1431	[126]	,	b	_
7.1	1432	[9]	ἢ	_	_
7.1	1433	[2]	ἐπιστήμην	_	_
7.1	1434	[127]	,	b	_
7.1	1435	[10]	ἢ	_	_
7.1	1436	[2]	ὅ	_	_
7.1	1437	[5]	τι	_	_
7.1	1438	[2]	περ	_	_
7.1	1439	[4]	ἂν	_	_
7.1	1440	[4]	ἄλλο	_	_
7.1	1441	[1]	σοι	_	_
7.1	1442	[1]	δόξῃ	_	_
7.1	1443	[128]	,	b	_
7.1	1444	[16]	τὴν	_	_
7.1	1445	[8]	δ	_	_
7.1	1446	[47]	’	b	_
7.1	1447	[16]	ἐν	_	_
7.1	1448	[7]	τῷ	_	_
7.1	1449	[1]	θυμουμένῳ	_	_
7.1	1450	[1]	πάλιν	_	_
7.1	1451	[1]	ἀνδρείαν	_	_
7.1	1452	[129]	,	b	_
7.1	1453	[11]	ἢ	_	_
7.1	1454	[3]	ὅ	_	_
7.1	1455	[6]	τι	_	_
7.1	1456	[3]	περ	_	_
7.1	1457	[5]	ἂν	_	_
7.1	1458	[5]	ἄλλο	_	_
7.1	1459	[1]	βουληθῇς	_	_
7.1	1460	[5]	·	b	_
7.1	1461	[5]	οὐ	_	_
7.1	1462	[3]	γάρ	_	_
7.1	1463	[1]	μοι	_	_
7.1	1464	[1]	μέλει	_	_
7.1	1465	[29]	τῶν	_	_
7.1	1466	[1]	ὀνομάτων	_	_
7.1	1467	[130]	,	b	_
7.1	1468	[11]	ἀλλ	_	_
7.1	1469	[48]	’	b	_
7.1	1470	[2]	ὅτι	_	_
7.1	1471	[3]	μίαν	_	_
7.1	1472	[1]	αὐτὴν	_	_
7.1	1473	[5]	ἀναγκαῖον	_	_
7.1	1474	[9]	εἶναι	_	_
7.1	1475	[35]	.	b	_
7.1	1476	[2]	κάλει	_	_
7.1	1477	[9]	δ	_	_
7.1	1478	[49]	’	b	_
7.1	1479	[131]	,	b	_
7.1	1480	[4]	εἴπερ	_	_
7.1	1481	[1]	ἐθέλεις	_	_
7.1	1482	[132]	,	b	_
7.1	1483	[41]	καὶ	_	_
7.1	1484	[17]	τὴν	_	_
7.1	1485	[17]	ἐν	_	_
7.1	1486	[8]	τῷ	_	_
7.1	1487	[1]	λοιπῷ	_	_
7.1	1488	[9]	τῷ	_	_
7.1	1489	[1]	ἐπιθυμητικῷ	_	_
7.1	1490	[1]	γιγνομένην	_	_
7.1	1491	[4]	ἀρετὴν	_	_
7.1	1492	[1]	σωφροσύνην	_	_
7.1	1493	[133]	,	b	_
7.1	1494	[2]	αὖθις	_	_
7.1	1495	[4]	ἡμῶν	_	_
7.1	1496	[1]	ἐπισκεπτομένων	_	_
7.1	1497	[6]	περὶ	_	_
7.1	1498	[27]	τῆς	_	_
7.1	1499	[3]	κατ	_	_
7.1	1500	[50]	’	b	_
7.1	1501	[2]	αὐτὴν	_	_
7.1	1502	[1]	Ἀριστοτέλει	_	_
7.1	1503	[16]	τε	_	_
7.1	1504	[42]	καὶ	_	_
7.1	1505	[1]	Πλάτωνι	_	_
7.1	1506	[1]	γεγενημένης	_	_
7.1	1507	[1]	διαφωνίας	_	_
7.1	1508	[134]	,	b	_
7.1	1509	[6]	οὐ	_	_
7.1	1510	[1]	μεγάλης	_	_
7.1	1511	[1]	ὑπαρχούσης	_	_
7.1	1512	[36]	.	b	_
7.1	1513	[2]	ἐπεὶ	_	_
7.1	1514	[10]	δ	_	_
7.1	1515	[51]	’	b	_
7.1	1516	[3]	ἕκαστον	_	_
7.1	1517	[1]	μόριον	_	_
7.1	1518	[28]	τῆς	_	_
7.1	1519	[1]	ὅλης	_	_
7.1	1520	[13]	ψυχῆς	_	_
7.1	1521	[24]	τὸ	_	_
7.1	1522	[11]	κατὰ	_	_
7.1	1523	[18]	τὴν	_	_
7.1	1524	[1]	ἀξίαν	_	_
7.1	1525	[1]	ἑαυτοῦ	_	_
7.1	1526	[1]	κάλλος	_	_
7.1	1527	[1]	ἔχει	_	_
7.1	1528	[135]	,	b	_
7.1	1529	[19]	τὴν	_	_
7.1	1530	[2]	ψυχὴν	_	_
7.1	1531	[2]	ὅλην	_	_
7.1	1532	[3]	εἰκότως	_	_
7.1	1533	[6]	ἂν	_	_
7.1	1534	[1]	εἴποις	_	_
7.1	1535	[1]	δικαίαν	_	_
7.1	1536	[37]	.	b	_
7.1	1537	[18]	ἐν	_	_
7.1	1538	[12]	μὲν	_	_
7.1	1539	[5]	οὖν	_	_
7.1	1540	[8]	τοῖς	_	_
7.1	1541	[1]	ἀλόγοις	_	_
7.1	1542	[1]	μέρεσιν	_	_
7.1	1543	[4]	αὐτῆς	_	_
7.1	1544	[1]	ἕξεις	_	_
7.1	1545	[1]	τέ	_	_
7.1	1546	[2]	τινές	_	_
7.1	1547	[2]	εἰσι	_	_
7.1	1548	[43]	καὶ	_	_
7.1	1549	[2]	δυνάμεις	_	_
7.1	1550	[6]	μόνον	_	_
7.1	1551	[3]	αἱ	_	_
7.1	1552	[1]	ἀρεταὶ	_	_
7.1	1553	[136]	,	b	_
7.1	1554	[12]	κατὰ	_	_
7.1	1555	[14]	δὲ	_	_
7.1	1556	[25]	τὸ	_	_
7.1	1557	[2]	λογικὸν	_	_
7.1	1558	[2]	οὐχ	_	_
7.1	1559	[1]	ἕξις	_	_
7.1	1560	[7]	μόνον	_	_
7.1	1561	[12]	ἢ	_	_
7.1	1562	[1]	δύναμίς	_	_
7.1	1563	[6]	ἐστιν	_	_
7.1	1564	[137]	,	b	_
7.1	1565	[4]	ἀλλὰ	_	_
7.1	1566	[44]	καὶ	_	_
7.1	1567	[1]	ἐπιστήμη	_	_
7.1	1568	[6]	ἡ	_	_
7.1	1569	[1]	ἀρετή	_	_
7.1	1570	[38]	.	b	_
7.1	1571	[2]	μόνῳ	_	_
7.1	1572	[12]	γὰρ	_	_
7.1	1573	[1]	τούτῳ	_	_
7.1	1574	[10]	τῷ	_	_
7.1	1575	[1]	μέρει	_	_
7.1	1576	[29]	τῆς	_	_
7.1	1577	[14]	ψυχῆς	_	_
7.1	1578	[1]	ἐπιστήμης	_	_
7.1	1579	[1]	μέτεστι	_	_
7.1	1580	[138]	,	b	_
7.1	1581	[8]	τὰ	_	_
7.1	1582	[15]	δὲ	_	_
7.1	1583	[1]	ἄλλα	_	_
7.1	1584	[3]	δυνάμεις	_	_
7.1	1585	[3]	μέν	_	_
7.1	1586	[1]	τινας	_	_
7.1	1587	[45]	καὶ	_	_
7.1	1588	[2]	ἕξεις	_	_
7.1	1589	[1]	βελτίους	_	_
7.1	1590	[17]	τε	_	_
7.1	1591	[46]	καὶ	_	_
7.1	1592	[1]	χείρους	_	_
7.1	1593	[1]	κτᾶσθαι	_	_
7.1	1594	[1]	δύναται	_	_
7.1	1595	[139]	,	b	_
7.1	1596	[1]	μετασχεῖν	_	_
7.1	1597	[11]	δ	_	_
7.1	1598	[52]	’	b	_
7.1	1599	[2]	ἐπιστήμης	_	_
7.1	1600	[1]	ἀμήχανον	_	_
7.1	1601	[1]	αὐτοῖς	_	_
7.1	1602	[140]	,	b	_
7.1	1603	[1]	ἄχρι	_	_
7.1	1604	[4]	περ	_	_
7.1	1605	[7]	ἂν	_	_
7.1	1606	[1]	μηδὲ	_	_
7.1	1607	[2]	λόγου	_	_
7.1	1608	[39]	.	b	_
7.1	1609	[26]	τὸ	_	_
7.1	1610	[13]	μὲν	_	_
7.1	1611	[6]	οὖν	_	_
7.1	1612	[1]	ἀληθὲς	_	_
7.1	1613	[4]	οὕτω	_	_
7.1	1614	[1]	βραχύ	_	_
7.1	1615	[40]	.	b	_
7.2	1	[1]	Μεταβῶμεν	_	_
7.2	2	[1]	δ	_	_
7.2	3	[1]	’	b	_
7.2	4	[1]	ἑξῆς	_	_
7.2	5	[1]	ἐπὶ	_	_
7.2	6	[1]	τὸ	_	_
7.2	7	[1]	διημαρτημένον	_	_
7.2	8	[1]	.	b	_
7.2	9	[1]	ἔστι	_	_
7.2	10	[1]	γὰρ	_	_
7.2	11	[1]	οὐδ	_	_
7.2	12	[2]	’	b	_
7.2	13	[1]	αὐτὸ	_	_
7.2	14	[1]	μακρὸν	_	_
7.2	15	[1]	ἀνδρὶ	_	_
7.2	16	[1]	κατὰ	_	_
7.2	17	[1]	φύσιν	_	_
7.2	18	[1]	ἔχοντι	_	_
7.2	19	[2]	.	b	_
7.2	20	[1]	νομίσας	_	_
7.2	21	[1]	γοῦν	_	_
7.2	22	[1]	ὁ	_	_
7.2	23	[1]	Ἀρίστων	_	_
7.2	24	[1]	,	b	_
7.2	25	[1]	μίαν	_	_
7.2	26	[1]	εἶναι	_	_
7.2	27	[1]	τῆς	_	_
7.2	28	[1]	ψυχῆς	_	_
7.2	29	[1]	δύναμιν	_	_
7.2	30	[2]	,	b	_
7.2	31	[1]	ᾗ	_	_
7.2	32	[1]	λογιζόμεθα	_	_
7.2	33	[3]	,	b	_
7.2	34	[1]	καὶ	_	_
7.2	35	[1]	τὴν	_	_
7.2	36	[1]	ἀρετὴν	_	_
7.2	37	[2]	τῆς	_	_
7.2	38	[2]	ψυχῆς	_	_
7.2	39	[1]	ἔθετο	_	_
7.2	40	[2]	μίαν	_	_
7.2	41	[4]	,	b	_
7.2	42	[1]	ἐπιστήμην	_	_
7.2	43	[1]	ἀγαθῶν	_	_
7.2	44	[2]	καὶ	_	_
7.2	45	[1]	κακῶν	_	_
7.2	46	[3]	.	b	_
7.2	47	[1]	ὅταν	_	_
7.2	48	[1]	μὲν	_	_
7.2	49	[1]	οὖν	_	_
7.2	50	[1]	αἱρεῖσθαί	_	_
7.2	51	[1]	τε	_	_
7.2	52	[1]	δέη	_	_
7.2	53	[1]	τἀγαθὰ	_	_
7.2	54	[3]	καὶ	_	_
7.2	55	[1]	φεύγειν	_	_
7.2	56	[1]	τὰ	_	_
7.2	57	[1]	κακὰ	_	_
7.2	58	[5]	,	b	_
7.2	59	[2]	τὴν	_	_
7.2	60	[2]	ἐπιστήμην	_	_
7.2	61	[1]	τήνδε	_	_
7.2	62	[1]	καλεῖ	_	_
7.2	63	[1]	σωφροσύνην	_	_
7.2	64	[1]	·	b	_
7.2	65	[2]	ὅταν	_	_
7.2	66	[1]	δὲ	_	_
7.2	67	[1]	πράττειν	_	_
7.2	68	[2]	μὲν	_	_
7.2	69	[2]	τἀγαθὰ	_	_
7.2	70	[6]	,	b	_
7.2	71	[1]	μὴ	_	_
7.2	72	[2]	πράττειν	_	_
7.2	73	[2]	δὲ	_	_
7.2	74	[2]	τὰ	_	_
7.2	75	[2]	κακὰ	_	_
7.2	76	[7]	,	b	_
7.2	77	[1]	φρόνησιν	_	_
7.2	78	[2]	·	b	_
7.2	79	[1]	ἀνδρείαν	_	_
7.2	80	[2]	δ	_	_
7.2	81	[3]	’	b	_
7.2	82	[8]	,	b	_
7.2	83	[3]	ὅταν	_	_
7.2	84	[3]	τὰ	_	_
7.2	85	[3]	μὲν	_	_
7.2	86	[1]	θαῤῥῇ	_	_
7.2	87	[9]	,	b	_
7.2	88	[4]	τὰ	_	_
7.2	89	[3]	δὲ	_	_
7.2	90	[1]	φεύγῃ	_	_
7.2	91	[3]	·	b	_
7.2	92	[4]	ὅταν	_	_
7.2	93	[4]	δὲ	_	_
7.2	94	[2]	τὸ	_	_
7.2	95	[1]	κατ	_	_
7.2	96	[4]	’	b	_
7.2	97	[1]	ἀξίαν	_	_
7.2	98	[1]	ἑκάστῳ	_	_
7.2	99	[1]	νέμῃ	_	_
7.2	100	[10]	,	b	_
7.2	101	[1]	δικαιοσύνην	_	_
7.2	102	[4]	.	b	_
7.2	103	[1]	ἑνὶ	_	_
7.2	104	[5]	δὲ	_	_
7.2	105	[1]	λόγῳ	_	_
7.2	106	[1]	γινώσκουσα	_	_
7.2	107	[4]	μὲν	_	_
7.2	108	[1]	ἡ	_	_
7.2	109	[1]	ψυχὴ	_	_
7.2	110	[1]	χωρὶς	_	_
7.2	111	[1]	τοῦ	_	_
7.2	112	[3]	πράττειν	_	_
7.2	113	[1]	τἀγαθά	_	_
7.2	114	[2]	τε	_	_
7.2	115	[4]	καὶ	_	_
7.2	116	[3]	κακὰ	_	_
7.2	117	[1]	σοφία	_	_
7.2	118	[1]	τ	_	_
7.2	119	[5]	’	b	_
7.2	120	[1]	ἐστὶ	_	_
7.2	121	[5]	καὶ	_	_
7.2	122	[1]	ἐπιστήμη	_	_
7.2	123	[11]	,	b	_
7.2	124	[1]	πρὸς	_	_
7.2	125	[6]	δὲ	_	_
7.2	126	[1]	τὰς	_	_
7.2	127	[1]	πράξεις	_	_
7.2	128	[1]	ἀφικνουμένη	_	_
7.2	129	[2]	τὰς	_	_
7.2	130	[2]	κατὰ	_	_
7.2	131	[1]	τὸν	_	_
7.2	132	[1]	βίον	_	_
7.2	133	[1]	ὀνόματα	_	_
7.2	134	[1]	πλείω	_	_
7.2	135	[1]	λαμβάνει	_	_
7.2	136	[5]	τὰ	_	_
7.2	137	[1]	προειρημένα	_	_
7.2	138	[12]	,	b	_
7.2	139	[1]	φρόνησίς	_	_
7.2	140	[3]	τε	_	_
7.2	141	[6]	καὶ	_	_
7.2	142	[1]	σωφροσύνη	_	_
7.2	143	[7]	καὶ	_	_
7.2	144	[1]	δικαιοσύνη	_	_
7.2	145	[8]	καὶ	_	_
7.2	146	[1]	ἀνδρεία	_	_
7.2	147	[1]	καλουμένη	_	_
7.2	148	[5]	.	b	_
7.2	149	[1]	τοιαύτη	_	_
7.2	150	[1]	μέν	_	_
7.2	151	[1]	τις	_	_
7.2	152	[2]	ἡ	_	_
7.2	153	[1]	Ἀρίστωνος	_	_
7.2	154	[1]	δόξα	_	_
7.2	155	[1]	περὶ	_	_
7.2	156	[1]	τῶν	_	_
7.2	157	[3]	τῆς	_	_
7.2	158	[3]	ψυχῆς	_	_
7.2	159	[1]	ἀρετῶν	_	_
7.2	160	[6]	.	b	_
7.2	161	[1]	ὅ	_	_
7.2	162	[1]	γε	_	_
7.2	163	[1]	μὴν	_	_
7.2	164	[1]	Χρύσιππος	_	_
7.2	165	[1]	οὐκ	_	_
7.2	166	[1]	οἶδ	_	_
7.2	167	[6]	’	b	_
7.2	168	[1]	ὅπως	_	_
7.2	169	[1]	ἀντιλέγειν	_	_
7.2	170	[1]	ἐπιχειρεῖ	_	_
7.2	171	[1]	τἀνδρὶ	_	_
7.2	172	[13]	,	b	_
7.2	173	[3]	τὴν	_	_
7.2	174	[1]	κοινὴν	_	_
7.2	175	[2]	πρὸς	_	_
7.2	176	[1]	ἑαυτὸν	_	_
7.2	177	[1]	ὑπόθεσιν	_	_
7.2	178	[1]	ἀκριβῶς	_	_
7.2	179	[1]	διαφυλάττοντι	_	_
7.2	180	[7]	.	b	_
7.2	181	[1]	καλῶς	_	_
7.2	182	[2]	γὰρ	_	_
7.2	183	[1]	ἅπαντα	_	_
7.2	184	[1]	γιγνωσκόντων	_	_
7.2	185	[4]	τε	_	_
7.2	186	[9]	καὶ	_	_
7.2	187	[1]	πραττόντων	_	_
7.2	188	[1]	ἡμῶν	_	_
7.2	189	[1]	ἂν	_	_
7.2	190	[2]	ὁ	_	_
7.2	191	[1]	βίος	_	_
7.2	192	[1]	διοικοῖτο	_	_
7.2	193	[2]	κατ	_	_
7.2	194	[7]	’	b	_
7.2	195	[3]	ἐπιστήμην	_	_
7.2	196	[14]	,	b	_
7.2	197	[1]	κακῶς	_	_
7.2	198	[7]	δὲ	_	_
7.2	199	[10]	καὶ	_	_
7.2	200	[1]	ψευδῶς	_	_
7.2	201	[2]	γιγνωσκόντων	_	_
7.2	202	[5]	τε	_	_
7.2	203	[11]	καὶ	_	_
7.2	204	[2]	πραττόντων	_	_
7.2	205	[3]	κατ	_	_
7.2	206	[8]	’	b	_
7.2	207	[1]	ἄγνοιαν	_	_
7.2	208	[15]	,	b	_
7.2	209	[1]	ὡς	_	_
7.2	210	[1]	αὐτὸς	_	_
7.2	211	[3]	ὁ	_	_
7.2	212	[2]	Χρύσιππος	_	_
7.2	213	[1]	βούλεται	_	_
7.2	214	[8]	.	b	_
7.2	215	[12]	καὶ	_	_
7.2	216	[1]	διὰ	_	_
7.2	217	[1]	ταῦτα	_	_
7.2	218	[1]	μία	_	_
7.2	219	[5]	μὲν	_	_
7.2	220	[1]	ἀρετὴ	_	_
7.2	221	[1]	γίγνοιτ	_	_
7.2	222	[9]	’	b	_
7.2	223	[2]	ἂν	_	_
7.2	224	[3]	ἡ	_	_
7.2	225	[2]	ἐπιστήμη	_	_
7.2	226	[16]	,	b	_
7.2	227	[2]	μία	_	_
7.2	228	[3]	δ	_	_
7.2	229	[10]	’	b	_
7.2	230	[1]	ὡσαύτως	_	_
7.2	231	[13]	καὶ	_	_
7.2	232	[4]	ἡ	_	_
7.2	233	[1]	κακία	_	_
7.2	234	[17]	,	b	_
7.2	235	[1]	προσαγορευομένη	_	_
7.2	236	[14]	καὶ	_	_
7.2	237	[1]	ἥδε	_	_
7.2	238	[1]	ποτὲ	_	_
7.2	239	[6]	μὲν	_	_
7.2	240	[1]	ἄγνοια	_	_
7.2	241	[18]	,	b	_
7.2	242	[2]	ποτὲ	_	_
7.2	243	[4]	δ	_	_
7.2	244	[11]	’	b	_
7.2	245	[1]	ἀνεπιστημοσύνη	_	_
7.2	246	[9]	.	b	_
7.2	247	[1]	ἐὰν	_	_
7.2	248	[2]	οὖν	_	_
7.2	249	[2]	τις	_	_
7.2	250	[2]	τὸν	_	_
7.2	251	[1]	θάνατον	_	_
7.2	252	[19]	,	b	_
7.2	253	[1]	ἢ	_	_
7.2	254	[4]	τὴν	_	_
7.2	255	[1]	πενίαν	_	_
7.2	256	[20]	,	b	_
7.2	257	[2]	ἢ	_	_
7.2	258	[5]	τὴν	_	_
7.2	259	[1]	νόσον	_	_
7.2	260	[2]	ὡς	_	_
7.2	261	[4]	κακὰ	_	_
7.2	262	[1]	δεδιὼς	_	_
7.2	263	[1]	ᾖ	_	_
7.2	264	[21]	,	b	_
7.2	265	[1]	δέον	_	_
7.2	266	[1]	θαῤῥεῖν	_	_
7.2	267	[22]	,	b	_
7.2	268	[3]	ὡς	_	_
7.2	269	[2]	ἐπὶ	_	_
7.2	270	[1]	ἀδιαφόροις	_	_
7.2	271	[23]	,	b	_
7.2	272	[1]	ἐνδείᾳ	_	_
7.2	273	[7]	μὲν	_	_
7.2	274	[1]	ἐπιστήμης	_	_
7.2	275	[1]	αὐτὸν	_	_
7.2	276	[1]	τίθενται	_	_
7.2	277	[1]	ἀγνοεῖν	_	_
7.2	278	[1]	τἀληθὲς	_	_
7.2	279	[24]	,	b	_
7.2	280	[4]	ὡς	_	_
7.2	281	[3]	ἂν	_	_
7.2	282	[2]	Ἀρίστων	_	_
7.2	283	[6]	τε	_	_
7.2	284	[15]	καὶ	_	_
7.2	285	[3]	Χρύσιππος	_	_
7.2	286	[1]	εἴποι	_	_
7.2	287	[25]	,	b	_
7.2	288	[1]	κακίαν	_	_
7.2	289	[5]	δ	_	_
7.2	290	[12]	’	b	_
7.2	291	[1]	ἔχει	_	_
7.2	292	[4]	ψυχῆς	_	_
7.2	293	[26]	,	b	_
7.2	294	[1]	ἢν	_	_
7.2	295	[1]	ὀνομάζουσι	_	_
7.2	296	[1]	δειλίαν	_	_
7.2	297	[4]	·	b	_
7.2	298	[1]	οἷς	_	_
7.2	299	[1]	ἐναντίαν	_	_
7.2	300	[2]	ἀρετὴν	_	_
7.2	301	[1]	αὐτοί	_	_
7.2	302	[1]	φασιν	_	_
7.2	303	[2]	εἶναι	_	_
7.2	304	[6]	τὴν	_	_
7.2	305	[2]	ἀνδρείαν	_	_
7.2	306	[4]	ἐπιστήμην	_	_
7.2	307	[1]	οὖσαν	_	_
7.2	308	[27]	,	b	_
7.2	309	[1]	ὧν	_	_
7.2	310	[1]	χρὴ	_	_
7.2	311	[2]	θαῤῥεῖν	_	_
7.2	312	[28]	,	b	_
7.2	313	[3]	ἢ	_	_
7.2	314	[2]	μὴ	_	_
7.2	315	[3]	θαῤῥεῖν	_	_
7.2	316	[29]	,	b	_
7.2	317	[1]	τουτέστιν	_	_
7.2	318	[2]	ἀγαθῶν	_	_
7.2	319	[7]	τε	_	_
7.2	320	[16]	καὶ	_	_
7.2	321	[2]	κακῶν	_	_
7.2	322	[2]	τῶν	_	_
7.2	323	[1]	ὄντως	_	_
7.2	324	[1]	δηλονότι	_	_
7.2	325	[1]	τοιούτων	_	_
7.2	326	[30]	,	b	_
7.2	327	[1]	οὐ	_	_
7.2	328	[3]	κατὰ	_	_
7.2	329	[1]	ψευδῆ	_	_
7.2	330	[1]	δόξαν	_	_
7.2	331	[1]	ὑπειλημμένων	_	_
7.2	332	[31]	,	b	_
7.2	333	[1]	οἷά	_	_
7.2	334	[1]	πέρ	_	_
7.2	335	[1]	ἐστιν	_	_
7.2	336	[1]	ὑγίεια	_	_
7.2	337	[32]	,	b	_
7.2	338	[17]	καὶ	_	_
7.2	339	[1]	πλοῦτος	_	_
7.2	340	[33]	,	b	_
7.2	341	[18]	καὶ	_	_
7.2	342	[1]	νόσος	_	_
7.2	343	[34]	,	b	_
7.2	344	[19]	καὶ	_	_
7.2	345	[1]	πενία	_	_
7.2	346	[10]	.	b	_
7.2	347	[1]	τούτων	_	_
7.2	348	[3]	γὰρ	_	_
7.2	349	[1]	οὐδὲν	_	_
7.2	350	[1]	οὔτ	_	_
7.2	351	[13]	’	b	_
7.2	352	[1]	ἀγαθὸν	_	_
7.2	353	[1]	οὔτε	_	_
7.2	354	[1]	κακὸν	_	_
7.2	355	[1]	εἶναί	_	_
7.2	356	[2]	φασιν	_	_
7.2	357	[35]	,	b	_
7.2	358	[1]	ἀλλ	_	_
7.2	359	[14]	’	b	_
7.2	360	[1]	ἀδιάφορα	_	_
7.2	361	[1]	πάντα	_	_
7.2	362	[11]	.	b	_
7.2	363	[20]	καὶ	_	_
7.2	364	[1]	τοίνυν	_	_
7.2	365	[36]	,	b	_
7.2	366	[1]	εἰ	_	_
7.2	367	[3]	τὸ	_	_
7.2	368	[8]	μὲν	_	_
7.2	369	[1]	ἡδὺ	_	_
7.2	370	[2]	νομίσας	_	_
7.2	371	[3]	τις	_	_
7.2	372	[2]	ἀγαθὸν	_	_
7.2	373	[37]	,	b	_
7.2	374	[4]	τὸ	_	_
7.2	375	[6]	δ	_	_
7.2	376	[15]	’	b	_
7.2	377	[1]	ἀνιαρὸν	_	_
7.2	378	[2]	κακὸν	_	_
7.2	379	[38]	,	b	_
7.2	380	[1]	ἀκολουθῶν	_	_
7.2	381	[1]	τῇ	_	_
7.2	382	[1]	δόξῃ	_	_
7.2	383	[1]	τῇδε	_	_
7.2	384	[39]	,	b	_
7.2	385	[2]	τοῦ	_	_
7.2	386	[9]	μὲν	_	_
7.2	387	[7]	τὴν	_	_
7.2	388	[1]	αἵρεσιν	_	_
7.2	389	[1]	ποιοῖτο	_	_
7.2	390	[40]	,	b	_
7.2	391	[3]	τοῦ	_	_
7.2	392	[8]	δὲ	_	_
7.2	393	[8]	τὴν	_	_
7.2	394	[1]	φυγὴν	_	_
7.2	395	[41]	,	b	_
7.2	396	[1]	ἀμαθής	_	_
7.2	397	[2]	ἐστιν	_	_
7.2	398	[1]	οὐσίας	_	_
7.2	399	[1]	ἀγαθοῦ	_	_
7.2	400	[42]	,	b	_
7.2	401	[21]	καὶ	_	_
7.2	402	[2]	διὰ	_	_
7.2	403	[1]	ταῦτ	_	_
7.2	404	[16]	’	b	_
7.2	405	[1]	ἀκόλαστος	_	_
7.2	406	[12]	.	b	_
7.2	407	[1]	ἐν	_	_
7.2	408	[1]	ἁπάσαις	_	_
7.2	409	[4]	γὰρ	_	_
7.2	410	[1]	πράξεσιν	_	_
7.2	411	[1]	αἱρουμένων	_	_
7.2	412	[2]	ἡμῶν	_	_
7.2	413	[5]	τὸ	_	_
7.2	414	[1]	φαινόμενον	_	_
7.2	415	[3]	ἀγαθὸν	_	_
7.2	416	[43]	,	b	_
7.2	417	[1]	φευγόντων	_	_
7.2	418	[9]	δὲ	_	_
7.2	419	[6]	τὸ	_	_
7.2	420	[2]	φαινόμενον	_	_
7.2	421	[3]	κακὸν	_	_
7.2	422	[44]	,	b	_
7.2	423	[1]	ἐχόντων	_	_
7.2	424	[10]	δὲ	_	_
7.2	425	[1]	φύσει	_	_
7.2	426	[3]	τὰς	_	_
7.2	427	[1]	ὁρμὰς	_	_
7.2	428	[1]	ταύτας	_	_
7.2	429	[1]	ἐφ	_	_
7.2	430	[17]	’	b	_
7.2	431	[1]	ἑκάτερον	_	_
7.2	432	[45]	,	b	_
7.2	433	[5]	ἡ	_	_
7.2	434	[1]	φιλοσοφία	_	_
7.2	435	[1]	διδάσκουσα	_	_
7.2	436	[7]	τὸ	_	_
7.2	437	[4]	κατ	_	_
7.2	438	[18]	’	b	_
7.2	439	[1]	ἀλήθειαν	_	_
7.2	440	[1]	ἀγαθόν	_	_
7.2	441	[8]	τε	_	_
7.2	442	[22]	καὶ	_	_
7.2	443	[4]	κακὸν	_	_
7.2	444	[46]	,	b	_
7.2	445	[1]	ἀναμαρτήτους	_	_
7.2	446	[1]	ἐργάζεται	_	_
7.2	447	[13]	.	b	_
7.2	448	[4]	Χρύσιππος	_	_
7.2	449	[11]	δὲ	_	_
7.2	450	[2]	οὐκ	_	_
7.2	451	[2]	οἶδ	_	_
7.2	452	[19]	’	b	_
7.2	453	[2]	ὅπως	_	_
7.2	454	[47]	,	b	_
7.2	455	[1]	ὥσπερ	_	_
7.2	456	[1]	οἱ	_	_
7.2	457	[1]	ἰδιῶται	_	_
7.2	458	[1]	λόγων	_	_
7.2	459	[48]	,	b	_
7.2	460	[2]	τῇ	_	_
7.2	461	[1]	διαφορᾷ	_	_
7.2	462	[3]	τῶν	_	_
7.2	463	[1]	φωνῶν	_	_
7.2	464	[49]	,	b	_
7.2	465	[2]	οὐ	_	_
7.2	466	[1]	τοῖς	_	_
7.2	467	[1]	τυγχάνουσιν	_	_
7.2	468	[1]	αὐταῖς	_	_
7.2	469	[1]	πράγμασι	_	_
7.2	470	[1]	προσέχει	_	_
7.2	471	[3]	τὸν	_	_
7.2	472	[1]	νοῦν	_	_
7.2	473	[50]	,	b	_
7.2	474	[1]	ἕτερόν	_	_
7.2	475	[1]	τι	_	_
7.2	476	[1]	νομίζων	_	_
7.2	477	[1]	δηλοῦσθαι	_	_
7.2	478	[1]	καθ	_	_
7.2	479	[20]	’	b	_
7.2	480	[1]	ἑκάστην	_	_
7.2	481	[1]	τῶνδε	_	_
7.2	482	[4]	τῶν	_	_
7.2	483	[2]	φωνῶν	_	_
7.2	484	[51]	,	b	_
7.2	485	[1]	αἱρετέον	_	_
7.2	486	[52]	,	b	_
7.2	487	[1]	ποιητέον	_	_
7.2	488	[53]	,	b	_
7.2	489	[1]	θαῤῥητέον	_	_
7.2	490	[2]	ἀγαθόν	_	_
7.2	491	[14]	.	b	_
7.2	492	[2]	ἔστι	_	_
7.2	493	[7]	δ	_	_
7.2	494	[21]	’	b	_
7.2	495	[1]	οὐχ	_	_
7.2	496	[1]	ἕτερον	_	_
7.2	497	[54]	,	b	_
7.2	498	[2]	ἀλλ	_	_
7.2	499	[22]	’	b	_
7.2	500	[2]	ἐν	_	_
7.2	501	[2]	ἁπάσαις	_	_
7.2	502	[1]	ταὐτὸν	_	_
7.2	503	[55]	,	b	_
7.2	504	[1]	ὅπερ	_	_
7.2	505	[1]	ἐκ	_	_
7.2	506	[4]	τῆς	_	_
7.2	507	[4]	ἀγαθὸν	_	_
7.2	508	[1]	δηλοῦται	_	_
7.2	509	[15]	.	b	_
7.2	510	[1]	τοῦτο	_	_
7.2	511	[1]	γάρ	_	_
7.2	512	[1]	ἐστι	_	_
7.2	513	[1]	μόνον	_	_
7.2	514	[56]	,	b	_
7.2	515	[2]	ὅπερ	_	_
7.2	516	[4]	ἂν	_	_
7.2	517	[1]	ἕλοιτό	_	_
7.2	518	[4]	τις	_	_
7.2	519	[57]	,	b	_
7.2	520	[4]	ἢ	_	_
7.2	521	[1]	πράξειεν	_	_
7.2	522	[58]	,	b	_
7.2	523	[5]	ἢ	_	_
7.2	524	[1]	θαῤῥήσειεν	_	_
7.2	525	[59]	,	b	_
7.2	526	[2]	ὥσπερ	_	_
7.2	527	[2]	γε	_	_
7.2	528	[23]	καὶ	_	_
7.2	529	[8]	τὸ	_	_
7.2	530	[5]	κακὸν	_	_
7.2	531	[60]	,	b	_
7.2	532	[1]	ὃ	_	_
7.2	533	[1]	μήτε	_	_
7.2	534	[5]	ἂν	_	_
7.2	535	[1]	ἕλοιτο	_	_
7.2	536	[61]	,	b	_
7.2	537	[2]	μήτε	_	_
7.2	538	[1]	πράξειε	_	_
7.2	539	[62]	,	b	_
7.2	540	[3]	μήτε	_	_
7.2	541	[2]	θαῤῥήσειεν	_	_
7.2	542	[63]	,	b	_
7.2	543	[5]	ὡς	_	_
7.2	544	[3]	οὖν	_	_
7.2	545	[4]	ὁ	_	_
7.2	546	[1]	λέγων	_	_
7.2	547	[64]	,	b	_
7.2	548	[1]	ἔχειν	_	_
7.2	549	[1]	ἡμᾶς	_	_
7.2	550	[1]	ὀφθαλμοὺς	_	_
7.2	551	[65]	,	b	_
7.2	552	[2]	οὐχ	_	_
7.2	553	[2]	ἕτερόν	_	_
7.2	554	[2]	τι	_	_
7.2	555	[1]	λέγει	_	_
7.2	556	[4]	τοῦ	_	_
7.2	557	[1]	φάσκοντος	_	_
7.2	558	[66]	,	b	_
7.2	559	[2]	ἔχειν	_	_
7.2	560	[2]	ἡμᾶς	_	_
7.2	561	[1]	ὦπας	_	_
7.2	562	[67]	,	b	_
7.2	563	[6]	ἢ	_	_
7.2	564	[1]	ὄμματα	_	_
7.2	565	[68]	,	b	_
7.2	566	[1]	καθάπερ	_	_
7.2	567	[2]	οὐδ	_	_
7.2	568	[23]	’	b	_
7.2	569	[2]	εἰ	_	_
7.2	570	[2]	τούτων	_	_
7.2	571	[1]	ἀποχωρήσας	_	_
7.2	572	[5]	τῶν	_	_
7.2	573	[1]	ὀνομάτων	_	_
7.2	574	[3]	ἡμᾶς	_	_
7.2	575	[3]	ἔχειν	_	_
7.2	576	[1]	φαίη	_	_
7.2	577	[1]	μόριον	_	_
7.2	578	[1]	ὀπτικὸν	_	_
7.2	579	[69]	,	b	_
7.2	580	[7]	ἢ	_	_
7.2	581	[2]	μόριον	_	_
7.2	582	[1]	ὁρατικὸν	_	_
7.2	583	[70]	,	b	_
7.2	584	[8]	ἢ	_	_
7.2	585	[1]	ὄργανον	_	_
7.2	586	[2]	ὁρατικὸν	_	_
7.2	587	[71]	,	b	_
7.2	588	[1]	οὕτως	_	_
7.2	589	[5]	ὁ	_	_
7.2	590	[2]	λέγων	_	_
7.2	591	[72]	,	b	_
7.2	592	[4]	ἔχειν	_	_
7.2	593	[4]	ἡμᾶς	_	_
7.2	594	[5]	ἐπιστήμην	_	_
7.2	595	[3]	ἀγαθῶν	_	_
7.2	596	[9]	τε	_	_
7.2	597	[24]	καὶ	_	_
7.2	598	[3]	κακῶν	_	_
7.2	599	[73]	,	b	_
7.2	600	[3]	οὐχ	_	_
7.2	601	[3]	ἕτερόν	_	_
7.2	602	[3]	τι	_	_
7.2	603	[2]	λέγει	_	_
7.2	604	[2]	φάσκοντος	_	_
7.2	605	[6]	ἐπιστήμην	_	_
7.2	606	[1]	αἱρετέων	_	_
7.2	607	[25]	καὶ	_	_
7.2	608	[4]	οὐχ	_	_
7.2	609	[2]	αἱρετέων	_	_
7.2	610	[74]	,	b	_
7.2	611	[9]	ἢ	_	_
7.2	612	[1]	ποιητέων	_	_
7.2	613	[26]	καὶ	_	_
7.2	614	[3]	οὐ	_	_
7.2	615	[2]	ποιητέων	_	_
7.2	616	[75]	,	b	_
7.2	617	[10]	ἢ	_	_
7.2	618	[1]	θαῤῥαλέων	_	_
7.2	619	[27]	καὶ	_	_
7.2	620	[4]	οὐ	_	_
7.2	621	[2]	θαῤῥαλέων	_	_
7.2	622	[5]	ἔχειν	_	_
7.2	623	[5]	ἡμᾶς	_	_
7.2	624	[16]	.	b	_
7.2	625	[3]	ἁπάσαις	_	_
7.2	626	[5]	γὰρ	_	_
7.2	627	[1]	ταύταις	_	_
7.2	628	[1]	ταῖς	_	_
7.2	629	[1]	λέξεσιν	_	_
7.2	630	[5]	ἀγαθὸν	_	_
7.2	631	[28]	καὶ	_	_
7.2	632	[6]	κακὸν	_	_
7.2	633	[3]	λέγει	_	_
7.2	634	[29]	καὶ	_	_
7.2	635	[5]	κατ	_	_
7.2	636	[24]	’	b	_
7.2	637	[2]	αὐτὸν	_	_
7.2	638	[4]	τὸν	_	_
7.2	639	[1]	Χρύσιππον	_	_
7.2	640	[76]	,	b	_
7.2	641	[1]	εἴ	_	_
7.2	642	[3]	γε	_	_
7.2	643	[1]	δὴ	_	_
7.2	644	[9]	τὸ	_	_
7.2	645	[6]	ἀγαθὸν	_	_
7.2	646	[2]	αὐτὸ	_	_
7.2	647	[2]	μόνον	_	_
7.2	648	[1]	ἐστὶν	_	_
7.2	649	[2]	αἱρετέον	_	_
7.2	650	[77]	,	b	_
7.2	651	[30]	καὶ	_	_
7.2	652	[2]	ποιητέον	_	_
7.2	653	[78]	,	b	_
7.2	654	[31]	καὶ	_	_
7.2	655	[2]	θαῤῥητέον	_	_
7.2	656	[17]	.	b	_
7.2	657	[1]	ὥστε	_	_
7.2	658	[9]	τὴν	_	_
7.2	659	[6]	τῶν	_	_
7.2	660	[4]	ἀγαθῶν	_	_
7.2	661	[7]	ἐπιστήμην	_	_
7.2	662	[3]	ἐν	_	_
7.2	663	[1]	διαφόροις	_	_
7.2	664	[1]	ὕλαις	_	_
7.2	665	[11]	ἢ	_	_
7.2	666	[2]	πράξεσιν	_	_
7.2	667	[1]	ἐργαζομένην	_	_
7.2	668	[2]	ὀνόματα	_	_
7.2	669	[2]	πλείω	_	_
7.2	670	[1]	λαμβάνειν	_	_
7.2	671	[79]	,	b	_
7.2	672	[1]	ἕκαστον	_	_
7.2	673	[4]	ἐν	_	_
7.2	674	[1]	τῷ	_	_
7.2	675	[1]	πρός	_	_
7.2	676	[4]	τι	_	_
7.2	677	[4]	κατὰ	_	_
7.2	678	[10]	τὴν	_	_
7.2	679	[1]	ὕλην	_	_
7.2	680	[12]	ἢ	_	_
7.2	681	[11]	τὴν	_	_
7.2	682	[1]	πρᾶξιν	_	_
7.2	683	[1]	ὑφιστάμενον	_	_
7.2	684	[18]	.	b	_
7.2	685	[3]	ὥσπερ	_	_
7.2	686	[4]	οὖν	_	_
7.2	687	[5]	τὸν	_	_
7.2	688	[2]	περὶ	_	_
7.2	689	[5]	τῆς	_	_
7.2	690	[5]	ψυχῆς	_	_
7.2	691	[3]	ἡμῶν	_	_
7.2	692	[1]	μερῶν	_	_
7.2	693	[1]	λόγον	_	_
7.2	694	[6]	ὁ	_	_
7.2	695	[1]	Πλάτων	_	_
7.2	696	[2]	ἑνὶ	_	_
7.2	697	[2]	λόγῳ	_	_
7.2	698	[1]	βραχεῖ	_	_
7.2	699	[1]	περιέλαβεν	_	_
7.2	700	[1]	ἐπιστημονικῷ	_	_
7.2	701	[5]	κατὰ	_	_
7.2	702	[10]	τὸ	_	_
7.2	703	[1]	τέταρτον	_	_
7.2	704	[6]	τῆς	_	_
7.2	705	[1]	Πολιτείας	_	_
7.2	706	[80]	,	b	_
7.2	707	[1]	οὕτω	_	_
7.2	708	[32]	καὶ	_	_
7.2	709	[3]	περὶ	_	_
7.2	710	[7]	τῶν	_	_
7.2	711	[2]	ἀρετῶν	_	_
7.2	712	[1]	αὐτῆς	_	_
7.2	713	[1]	ἐφεξῆς	_	_
7.2	714	[1]	ἐδίδαξε	_	_
7.2	715	[3]	διὰ	_	_
7.2	716	[1]	βραχέων	_	_
7.2	717	[19]	.	b	_
7.2	718	[5]	ἐν	_	_
7.2	719	[1]	δέ	_	_
7.2	720	[4]	γε	_	_
7.2	721	[2]	τῷ	_	_
7.2	722	[1]	Λάχητι	_	_
7.2	723	[1]	παρέγραψεν	_	_
7.2	724	[5]	·	b	_
7.2	725	[2]	εἴ	_	_
7.2	726	[5]	τις	_	_
7.2	727	[1]	ἐπιστήμας	_	_
7.2	728	[3]	εἶναι	_	_
7.2	729	[1]	νομίζει	_	_
7.2	730	[4]	τὰς	_	_
7.2	731	[1]	ἀρετὰς	_	_
7.2	732	[81]	,	b	_
7.2	733	[5]	οὐ	_	_
7.2	734	[1]	πολλαὶ	_	_
7.2	735	[1]	γίνοιντ	_	_
7.2	736	[25]	’	b	_
7.2	737	[6]	ἂν	_	_
7.2	738	[82]	,	b	_
7.2	739	[1]	ἀλλὰ	_	_
7.2	740	[33]	καὶ	_	_
7.2	741	[3]	μία	_	_
7.2	742	[1]	γνῶσις	_	_
7.2	743	[5]	ἀγαθῶν	_	_
7.2	744	[10]	τε	_	_
7.2	745	[34]	καὶ	_	_
7.2	746	[4]	κακῶν	_	_
7.2	747	[20]	.	b	_
7.2	748	[1]	οὐκοῦν	_	_
7.2	749	[2]	οὔτε	_	_
7.2	750	[2]	Πλάτων	_	_
7.2	751	[2]	οὔτ	_	_
7.2	752	[26]	’	b	_
7.2	753	[1]	ἐγὼ	_	_
7.2	754	[1]	πολυλογίας	_	_
7.2	755	[1]	αἴτιος	_	_
7.2	756	[83]	,	b	_
7.2	757	[2]	καθάπερ	_	_
7.2	758	[3]	οὐδ	_	_
7.2	759	[27]	’	b	_
7.2	760	[3]	Ἀρίστων	_	_
7.2	761	[84]	,	b	_
7.2	762	[3]	ἀλλ	_	_
7.2	763	[28]	’	b	_
7.2	764	[7]	ὁ	_	_
7.2	765	[1]	μακροὺς	_	_
7.2	766	[10]	μὲν	_	_
7.2	767	[1]	ἀποτείνων	_	_
7.2	768	[1]	λόγους	_	_
7.2	769	[2]	ἐκ	_	_
7.2	770	[1]	λημμάτων	_	_
7.2	771	[1]	ἀρχομένους	_	_
7.2	772	[1]	ἤτοι	_	_
7.2	773	[1]	διαλεκτικῶν	_	_
7.2	774	[3]	μόνον	_	_
7.2	775	[85]	,	b	_
7.2	776	[6]	οὐ	_	_
7.2	777	[2]	μὴν	_	_
7.2	778	[1]	ἐπιστημονικῶν	_	_
7.2	779	[86]	,	b	_
7.2	780	[13]	ἢ	_	_
7.2	781	[1]	οὐδὲ	_	_
7.2	782	[2]	τοιούτων	_	_
7.2	783	[87]	,	b	_
7.2	784	[4]	ἀλλ	_	_
7.2	785	[29]	’	b	_
7.2	786	[2]	ἤτοι	_	_
7.2	787	[1]	ῥητορικῶν	_	_
7.2	788	[88]	,	b	_
7.2	789	[14]	ἢ	_	_
7.2	790	[1]	σοφιστικῶν	_	_
7.2	791	[21]	.	b	_
7.2	792	[1]	ἐπιδέδεικται	_	_
7.2	793	[2]	δέ	_	_
7.2	794	[1]	μοι	_	_
7.2	795	[2]	τοῦτο	_	_
7.2	796	[6]	κατὰ	_	_
7.2	797	[11]	τὸ	_	_
7.2	798	[1]	δεύτερον	_	_
7.2	799	[1]	ὑπόμνημα	_	_
7.2	800	[1]	τῆσδε	_	_
7.2	801	[7]	τῆς	_	_
7.2	802	[1]	πραγματείας	_	_
7.2	803	[89]	,	b	_
7.2	804	[1]	δεικνύντι	_	_
7.2	805	[12]	τὴν	_	_
7.2	806	[1]	διαφορὰν	_	_
7.2	807	[8]	τῶν	_	_
7.2	808	[2]	λημμάτων	_	_
7.2	809	[90]	,	b	_
7.2	810	[3]	ὅπερ	_	_
7.2	811	[7]	οὐ	_	_
7.2	812	[5]	τοῦ	_	_
7.2	813	[1]	προκειμένου	_	_
7.2	814	[2]	ἐστὶ	_	_
7.2	815	[1]	σκέμματος	_	_
7.2	816	[22]	.	b	_
7.2	817	[2]	οὕτως	_	_
7.2	818	[5]	οὖν	_	_
7.2	819	[1]	κᾀν	_	_
7.2	820	[2]	τοῖς	_	_
7.2	821	[4]	περὶ	_	_
7.2	822	[8]	τῆς	_	_
7.2	823	[9]	τῶν	_	_
7.2	824	[3]	ἀρετῶν	_	_
7.2	825	[1]	διαφορᾶς	_	_
7.2	826	[8]	ὁ	_	_
7.2	827	[5]	Χρύσιππος	_	_
7.2	828	[1]	ἀποχωρῶν	_	_
7.2	829	[10]	τῶν	_	_
7.2	830	[2]	ἐπιστημονικῶν	_	_
7.2	831	[35]	καὶ	_	_
7.2	832	[1]	ἀποδεικτικῶν	_	_
7.2	833	[3]	λημμάτων	_	_
7.2	834	[6]	ἐν	_	_
7.2	835	[3]	τοῖς	_	_
7.2	836	[1]	ὑπολοίποις	_	_
7.2	837	[1]	ἀλᾶται	_	_
7.2	838	[1]	τρισὶ	_	_
7.2	839	[1]	γένεσιν	_	_
7.2	840	[91]	,	b	_
7.2	841	[6]	ὡς	_	_
7.2	842	[1]	ἔν	_	_
7.2	843	[5]	γε	_	_
7.2	844	[3]	τῷ	_	_
7.2	845	[1]	ποιὰς	_	_
7.2	846	[4]	εἶναι	_	_
7.2	847	[5]	τὰς	_	_
7.2	848	[2]	ἀρετὰς	_	_
7.2	849	[3]	ἐπιστημονικῶν	_	_
7.2	850	[1]	μᾶλλον	_	_
7.2	851	[1]	ἅπτεται	_	_
7.2	852	[92]	,	b	_
7.2	853	[1]	καταβαλλόντων	_	_
7.2	854	[11]	μὲν	_	_
7.2	855	[2]	ὄντως	_	_
7.2	856	[6]	τὸν	_	_
7.2	857	[2]	Ἀρίστωνος	_	_
7.2	858	[2]	λόγον	_	_
7.2	859	[93]	,	b	_
7.2	860	[8]	οὐ	_	_
7.2	861	[3]	μὴν	_	_
7.2	862	[3]	τῇ	_	_
7.2	863	[6]	γε	_	_
7.2	864	[1]	οἰκείᾳ	_	_
7.2	865	[1]	πρεπόντων	_	_
7.2	866	[1]	ὑποθέσει	_	_
7.2	867	[23]	.	b	_
7.3	1	[1]	Διὰ	_	_
7.3	2	[1]	τοὺς	_	_
7.3	3	[1]	ἀγανακτοῦντας	_	_
7.3	4	[1]	οὖν	_	_
7.3	5	[1]	ἐπὶ	_	_
7.3	6	[1]	τῷ	_	_
7.3	7	[1]	μήκει	_	_
7.3	8	[1]	τῆς	_	_
7.3	9	[1]	ἐνεστώσης	_	_
7.3	10	[1]	πραγματείας	_	_
7.3	11	[1]	ἑτέρωθι	_	_
7.3	12	[1]	μὲν	_	_
7.3	13	[1]	ἰδίᾳ	_	_
7.3	14	[1]	περὶ	_	_
7.3	15	[2]	τῆς	_	_
7.3	16	[1]	τῶν	_	_
7.3	17	[1]	ἀρετῶν	_	_
7.3	18	[1]	διαφορᾶς	_	_
7.3	19	[1]	αὖθις	_	_
7.3	20	[1]	ἔγνωκα	_	_
7.3	21	[1]	ποιήσασθαι	_	_
7.3	22	[1]	τὸν	_	_
7.3	23	[1]	λόγον	_	_
7.3	24	[1]	,	b	_
7.3	25	[1]	ἐν	_	_
7.3	26	[1]	δὲ	_	_
7.3	27	[2]	τῷ	_	_
7.3	28	[1]	παρόντι	_	_
7.3	29	[1]	διὰ	_	_
7.3	30	[2]	τοὺς	_	_
7.3	31	[1]	φιλομαθεῖς	_	_
7.3	32	[1]	ἐπείγοντάς	_	_
7.3	33	[1]	με	_	_
7.3	34	[1]	τὰ	_	_
7.3	35	[1]	λείποντα	_	_
7.3	36	[1]	προσθεῖναι	_	_
7.3	37	[1]	τοῖς	_	_
7.3	38	[1]	ἐνεστῶσιν	_	_
7.3	39	[2]	ἐπὶ	_	_
7.3	40	[2]	τὰ	_	_
7.3	41	[1]	συνεχῆ	_	_
7.3	42	[2]	τοῖς	_	_
7.3	43	[1]	εἰρημένοις	_	_
7.3	44	[1]	ἀφίξομαι	_	_
7.3	45	[1]	.	b	_
7.3	46	[1]	δέδεικται	_	_
7.3	47	[2]	μὲν	_	_
7.3	48	[1]	γὰρ	_	_
7.3	49	[2]	,	b	_
7.3	50	[1]	ὡς	_	_
7.3	51	[1]	ἡ	_	_
7.3	52	[1]	τοῦ	_	_
7.3	53	[1]	γεγεννημένου	_	_
7.3	54	[1]	ζώου	_	_
7.3	55	[1]	διοίκησις	_	_
7.3	56	[1]	ὑπὸ	_	_
7.3	57	[1]	τριῶν	_	_
7.3	58	[1]	ἀρχῶν	_	_
7.3	59	[1]	γίνεται	_	_
7.3	60	[3]	,	b	_
7.3	61	[1]	μιᾶς	_	_
7.3	62	[3]	μὲν	_	_
7.3	63	[3]	τῆς	_	_
7.3	64	[2]	ἐν	_	_
7.3	65	[1]	τῇ	_	_
7.3	66	[1]	κεφαλῇ	_	_
7.3	67	[1]	κατῳκισμένης	_	_
7.3	68	[4]	,	b	_
7.3	69	[1]	ἧς	_	_
7.3	70	[1]	ἔργα	_	_
7.3	71	[1]	καθ	_	_
7.3	72	[1]	’	b	_
7.3	73	[1]	ἑαυτὴν	_	_
7.3	74	[4]	μὲν	_	_
7.3	75	[1]	ἥ	_	_
7.3	76	[1]	τε	_	_
7.3	77	[1]	φαντασία	_	_
7.3	78	[5]	,	b	_
7.3	79	[1]	καὶ	_	_
7.3	80	[1]	μνήμη	_	_
7.3	81	[6]	,	b	_
7.3	82	[2]	καὶ	_	_
7.3	83	[1]	νόησις	_	_
7.3	84	[7]	,	b	_
7.3	85	[3]	καὶ	_	_
7.3	86	[1]	διανόησις	_	_
7.3	87	[8]	,	b	_
7.3	88	[3]	ἐν	_	_
7.3	89	[2]	δὲ	_	_
7.3	90	[3]	τῷ	_	_
7.3	91	[1]	πρός	_	_
7.3	92	[1]	τι	_	_
7.3	93	[4]	τῆς	_	_
7.3	94	[1]	τ	_	_
7.3	95	[2]	’	b	_
7.3	96	[1]	αἰσθήσεως	_	_
7.3	97	[1]	ἡγεῖσθαι	_	_
7.3	98	[3]	τοῖς	_	_
7.3	99	[1]	αἰσθανομένοις	_	_
7.3	100	[2]	τοῦ	_	_
7.3	101	[2]	ζώου	_	_
7.3	102	[1]	μέρεσι	_	_
7.3	103	[4]	καὶ	_	_
7.3	104	[5]	τῆς	_	_
7.3	105	[1]	κινήσεως	_	_
7.3	106	[4]	τοῖς	_	_
7.3	107	[1]	κινουμένοις	_	_
7.3	108	[2]	καθ	_	_
7.3	109	[3]	’	b	_
7.3	110	[1]	ὁρμὴν	_	_
7.3	111	[9]	,	b	_
7.3	112	[1]	ἑτέρας	_	_
7.3	113	[3]	δὲ	_	_
7.3	114	[6]	τῆς	_	_
7.3	115	[4]	ἐν	_	_
7.3	116	[2]	τῇ	_	_
7.3	117	[1]	καρδίᾳ	_	_
7.3	118	[1]	καθιδρυμένης	_	_
7.3	119	[10]	,	b	_
7.3	120	[2]	ἧς	_	_
7.3	121	[2]	ἔργα	_	_
7.3	122	[3]	καθ	_	_
7.3	123	[4]	’	b	_
7.3	124	[2]	ἑαυτὴν	_	_
7.3	125	[5]	μὲν	_	_
7.3	126	[1]	ὁ	_	_
7.3	127	[1]	τόνος	_	_
7.3	128	[1]	ἐστὶ	_	_
7.3	129	[7]	τῆς	_	_
7.3	130	[1]	ψυχῆς	_	_
7.3	131	[11]	,	b	_
7.3	132	[5]	καὶ	_	_
7.3	133	[1]	τὸ	_	_
7.3	134	[1]	μόνιμον	_	_
7.3	135	[5]	ἐν	_	_
7.3	136	[1]	οἷς	_	_
7.3	137	[1]	ἂν	_	_
7.3	138	[2]	ὁ	_	_
7.3	139	[1]	λογισμὸς	_	_
7.3	140	[1]	κελεύσῃ	_	_
7.3	141	[12]	,	b	_
7.3	142	[6]	καὶ	_	_
7.3	143	[2]	τὸ	_	_
7.3	144	[1]	ἀήττητον	_	_
7.3	145	[13]	,	b	_
7.3	146	[1]	κατὰ	_	_
7.3	147	[1]	πάθος	_	_
7.3	148	[4]	δὲ	_	_
7.3	149	[1]	οἷον	_	_
7.3	150	[1]	ζέσις	_	_
7.3	151	[8]	τῆς	_	_
7.3	152	[1]	ἐμφύτου	_	_
7.3	153	[1]	θερμασίας΄	_	_
7.3	154	[14]	,	b	_
7.3	155	[1]	ποθούσης	_	_
7.3	156	[1]	τιμωρήσασθαι	_	_
7.3	157	[9]	τῆς	_	_
7.3	158	[2]	ψυχῆς	_	_
7.3	159	[1]	τηνικαῦτα	_	_
7.3	160	[2]	τὸν	_	_
7.3	161	[1]	ἀδικεῖν	_	_
7.3	162	[1]	δόξαντα	_	_
7.3	163	[15]	,	b	_
7.3	164	[7]	καὶ	_	_
7.3	165	[1]	καλεῖται	_	_
7.3	166	[3]	τὸ	_	_
7.3	167	[1]	τοιοῦτον	_	_
7.3	168	[1]	θυμὸς	_	_
7.3	169	[16]	,	b	_
7.3	170	[6]	ἐν	_	_
7.3	171	[5]	δὲ	_	_
7.3	172	[4]	τῷ	_	_
7.3	173	[2]	πρός	_	_
7.3	174	[2]	τι	_	_
7.3	175	[1]	θερμασίας	_	_
7.3	176	[1]	ἀρχὴ	_	_
7.3	177	[10]	τῆς	_	_
7.3	178	[2]	κατὰ	_	_
7.3	179	[1]	μέρος	_	_
7.3	180	[1]	εἶναι	_	_
7.3	181	[1]	μορίοις	_	_
7.3	182	[1]	ἀρτηρίαις	_	_
7.3	183	[2]	τε	_	_
7.3	184	[2]	κινήσεως	_	_
7.3	185	[1]	σφυγμικῆς	_	_
7.3	186	[17]	,	b	_
7.3	187	[11]	τῆς	_	_
7.3	188	[1]	δ	_	_
7.3	189	[5]	’	b	_
7.3	190	[1]	ὑπολοίπου	_	_
7.3	191	[1]	δυνάμεως	_	_
7.3	192	[7]	ἐν	_	_
7.3	193	[1]	ἥπατι	_	_
7.3	194	[2]	καθιδρυμένης	_	_
7.3	195	[3]	ἔργα	_	_
7.3	196	[3]	τὰ	_	_
7.3	197	[2]	περὶ	_	_
7.3	198	[1]	τὴν	_	_
7.3	199	[1]	θρέψιν	_	_
7.3	200	[1]	ἅπαντα	_	_
7.3	201	[3]	κατὰ	_	_
7.3	202	[4]	τὸ	_	_
7.3	203	[1]	ζῶον	_	_
7.3	204	[18]	,	b	_
7.3	205	[1]	ὧν	_	_
7.3	206	[1]	μέγιστον	_	_
7.3	207	[2]	μέρος	_	_
7.3	208	[1]	ἡμῖν	_	_
7.3	209	[3]	τε	_	_
7.3	210	[8]	καὶ	_	_
7.3	211	[1]	πᾶσι	_	_
7.3	212	[5]	τοῖς	_	_
7.3	213	[1]	ἐναίμοις	_	_
7.3	214	[1]	ζώοις	_	_
7.3	215	[1]	ἐστὶν	_	_
7.3	216	[2]	ἡ	_	_
7.3	217	[3]	τοῦ	_	_
7.3	218	[1]	αἵματος	_	_
7.3	219	[1]	γένεσις	_	_
7.3	220	[2]	.	b	_
7.3	221	[12]	τῆς	_	_
7.3	222	[2]	δ	_	_
7.3	223	[6]	’	b	_
7.3	224	[1]	αὐτῆς	_	_
7.3	225	[1]	ταύτης	_	_
7.3	226	[2]	δυνάμεως	_	_
7.3	227	[9]	καὶ	_	_
7.3	228	[3]	ἡ	_	_
7.3	229	[2]	τῶν	_	_
7.3	230	[1]	ἡδέων	_	_
7.3	231	[2]	ἐστὶν	_	_
7.3	232	[1]	ἀπόλαυσις	_	_
7.3	233	[19]	,	b	_
7.3	234	[8]	ἐν	_	_
7.3	235	[1]	ᾗ	_	_
7.3	236	[1]	σφοδρότερον	_	_
7.3	237	[4]	τοῦ	_	_
7.3	238	[1]	δέοντος	_	_
7.3	239	[1]	κινουμένη	_	_
7.3	240	[1]	τήν	_	_
7.3	241	[2]	τ	_	_
7.3	242	[7]	’	b	_
7.3	243	[1]	ἀκρασίαν	_	_
7.3	244	[10]	καὶ	_	_
7.3	245	[2]	τὴν	_	_
7.3	246	[1]	ἀκολασίαν	_	_
7.3	247	[1]	ἐργάζεται	_	_
7.3	248	[3]	.	b	_
7.3	249	[4]	ἡ	_	_
7.3	250	[6]	μὲν	_	_
7.3	251	[2]	οὖν	_	_
7.3	252	[1]	ἀπόδειξις	_	_
7.3	253	[5]	ἡ	_	_
7.3	254	[1]	δεικνῦσα	_	_
7.3	255	[20]	,	b	_
7.3	256	[3]	τὴν	_	_
7.3	257	[3]	τῶν	_	_
7.3	258	[1]	νεύρων	_	_
7.3	259	[1]	ἀρχὴν	_	_
7.3	260	[2]	εἶναι	_	_
7.3	261	[4]	κατὰ	_	_
7.3	262	[4]	τὴν	_	_
7.3	263	[1]	κεφαλὴν	_	_
7.3	264	[21]	,	b	_
7.3	265	[1]	εὐθὺς	_	_
7.3	266	[1]	ἔχει	_	_
7.3	267	[11]	καὶ	_	_
7.3	268	[5]	τὸ	_	_
7.3	269	[3]	μέρος	_	_
7.3	270	[2]	αὐτῆς	_	_
7.3	271	[1]	συνενδεικνύμενον	_	_
7.3	272	[4]	.	b	_
7.3	273	[1]	ὄντων	_	_
7.3	274	[2]	γὰρ	_	_
7.3	275	[5]	τοῦ	_	_
7.3	276	[1]	λόγου	_	_
7.3	277	[1]	δυοῖν	_	_
7.3	278	[1]	λημμάτων	_	_
7.3	279	[22]	,	b	_
7.3	280	[1]	ἑνὸς	_	_
7.3	281	[7]	μὲν	_	_
7.3	282	[5]	κατὰ	_	_
7.3	283	[5]	τὴν	_	_
7.3	284	[6]	τοῦ	_	_
7.3	285	[1]	προβλήματος	_	_
7.3	286	[1]	ἔννοιαν	_	_
7.3	287	[23]	,	b	_
7.3	288	[1]	ἢ	_	_
7.3	289	[1]	οὐσίαν	_	_
7.3	290	[24]	,	b	_
7.3	291	[2]	ἢ	_	_
7.3	292	[1]	φύσιν	_	_
7.3	293	[25]	,	b	_
7.3	294	[3]	ἢ	_	_
7.3	295	[1]	ὅπως	_	_
7.3	296	[2]	ἂν	_	_
7.3	297	[1]	ἐθέλῃς	_	_
7.3	298	[1]	ὀνομάζειν	_	_
7.3	299	[26]	,	b	_
7.3	300	[1]	ἑτέρου	_	_
7.3	301	[6]	δὲ	_	_
7.3	302	[1]	φαινομένου	_	_
7.3	303	[2]	διὰ	_	_
7.3	304	[13]	τῆς	_	_
7.3	305	[1]	ἀνατομῆς	_	_
7.3	306	[27]	,	b	_
7.3	307	[1]	τούτῳ	_	_
7.3	308	[5]	τῷ	_	_
7.3	309	[1]	φαινομένῳ	_	_
7.3	310	[1]	μετ	_	_
7.3	311	[8]	’	b	_
7.3	312	[1]	ἀκριβείας	_	_
7.3	313	[1]	γιγνωσκομένῳ	_	_
7.3	314	[1]	συνδιαγιγνώσκεται	_	_
7.3	315	[14]	τῆς	_	_
7.3	316	[1]	κεφαλῆς	_	_
7.3	317	[6]	τὸ	_	_
7.3	318	[4]	μέρος	_	_
7.3	319	[28]	,	b	_
7.3	320	[1]	ὅθεν	_	_
7.3	321	[6]	ἡ	_	_
7.3	322	[2]	ἀρχὴ	_	_
7.3	323	[4]	τῶν	_	_
7.3	324	[2]	νεύρων	_	_
7.3	325	[3]	ἐστὶν	_	_
7.3	326	[29]	,	b	_
7.3	327	[1]	οὐχ	_	_
7.3	328	[1]	αἱ	_	_
7.3	329	[1]	μήνιγγες	_	_
7.3	330	[30]	,	b	_
7.3	331	[1]	ἀλλ	_	_
7.3	332	[9]	’	b	_
7.3	333	[1]	ἐγκέφαλος	_	_
7.3	334	[5]	.	b	_
7.3	335	[1]	ἕκαστον	_	_
7.3	336	[3]	γὰρ	_	_
7.3	337	[5]	τῶν	_	_
7.3	338	[1]	ἀποφυομένων	_	_
7.3	339	[3]	νεύρων	_	_
7.3	340	[1]	τριπλοῦν	_	_
7.3	341	[6]	τὴν	_	_
7.3	342	[2]	οὐσίαν	_	_
7.3	343	[2]	ἐστὶ	_	_
7.3	344	[31]	,	b	_
7.3	345	[7]	τὸ	_	_
7.3	346	[1]	μέσον	_	_
7.3	347	[8]	μὲν	_	_
7.3	348	[7]	τοῦ	_	_
7.3	349	[1]	αὐτοῦ	_	_
7.3	350	[32]	,	b	_
7.3	351	[12]	καὶ	_	_
7.3	352	[3]	διὰ	_	_
7.3	353	[1]	βάθους	_	_
7.3	354	[33]	,	b	_
7.3	355	[1]	ὅπερ	_	_
7.3	356	[1]	ἀνάλογόν	_	_
7.3	357	[1]	ἐστι	_	_
7.3	358	[3]	τῇ	_	_
7.3	359	[6]	τῶν	_	_
7.3	360	[1]	δένδρων	_	_
7.3	361	[1]	ἐντεριώνῃ	_	_
7.3	362	[34]	,	b	_
7.3	363	[7]	τὴν	_	_
7.3	364	[2]	ἀρχὴν	_	_
7.3	365	[15]	τῆς	_	_
7.3	366	[1]	γενέσεως	_	_
7.3	367	[1]	ἔχον	_	_
7.3	368	[1]	ἐξ	_	_
7.3	369	[1]	ἐγκεφάλου	_	_
7.3	370	[35]	,	b	_
7.3	371	[1]	περιεχόμενον	_	_
7.3	372	[3]	δ	_	_
7.3	373	[10]	’	b	_
7.3	374	[9]	ἐν	_	_
7.3	375	[1]	κύκλῳ	_	_
7.3	376	[1]	πρώτῃ	_	_
7.3	377	[9]	μὲν	_	_
7.3	378	[4]	τῇ	_	_
7.3	379	[16]	τῆς	_	_
7.3	380	[1]	λεπτῆς	_	_
7.3	381	[1]	μήνιγγος	_	_
7.3	382	[1]	ἀποφύσει	_	_
7.3	383	[36]	,	b	_
7.3	384	[1]	δευτέρᾳ	_	_
7.3	385	[7]	δὲ	_	_
7.3	386	[5]	τῇ	_	_
7.3	387	[17]	τῆς	_	_
7.3	388	[1]	παχείας	_	_
7.3	389	[6]	.	b	_
7.3	390	[1]	Ἐρασίστρατος	_	_
7.3	391	[4]	δ	_	_
7.3	392	[11]	’	b	_
7.3	393	[37]	,	b	_
7.3	394	[1]	ἄχρι	_	_
7.3	395	[1]	πολλοῦ	_	_
7.3	396	[8]	τὴν	_	_
7.3	397	[1]	ἔξωθεν	_	_
7.3	398	[1]	μοῖραν	_	_
7.3	399	[1]	ὁρῶν	_	_
7.3	400	[1]	μόνην	_	_
7.3	401	[8]	τοῦ	_	_
7.3	402	[1]	νεύρου	_	_
7.3	403	[9]	τὴν	_	_
7.3	404	[1]	ἀπὸ	_	_
7.3	405	[18]	τῆς	_	_
7.3	406	[2]	παχείας	_	_
7.3	407	[2]	μήνιγγος	_	_
7.3	408	[1]	ὁρμωμένην	_	_
7.3	409	[38]	,	b	_
7.3	410	[1]	|ἀπ	_	_
7.3	411	[12]	’	b	_
7.3	412	[1]	ἐκείνης	_	_
7.3	413	[1]	ᾤετο	_	_
7.3	414	[1]	πεφυκέναι	_	_
7.3	415	[1]	σύμπαν	_	_
7.3	416	[8]	τὸ	_	_
7.3	417	[1]	νεῦρον	_	_
7.3	418	[39]	,	b	_
7.3	419	[13]	καὶ	_	_
7.3	420	[1]	μεστά	_	_
7.3	421	[1]	γε	_	_
7.3	422	[4]	τὰ	_	_
7.3	423	[1]	πλεῖστα	_	_
7.3	424	[1]	τούτου	_	_
7.3	425	[7]	τῶν	_	_
7.3	426	[1]	συγγραμμάτων	_	_
7.3	427	[4]	ἐστὶν	_	_
7.3	428	[2]	ἀπὸ	_	_
7.3	429	[19]	τῆς	_	_
7.3	430	[1]	περιεχούσης	_	_
7.3	431	[3]	τὸν	_	_
7.3	432	[1]	ἐγκέφαλον	_	_
7.3	433	[3]	μήνιγγος	_	_
7.3	434	[2]	πεφυκέναι	_	_
7.3	435	[1]	φάσκοντος	_	_
7.3	436	[5]	τὰ	_	_
7.3	437	[1]	νεῦρα	_	_
7.3	438	[7]	.	b	_
7.3	439	[2]	ἀλλ	_	_
7.3	440	[13]	’	b	_
7.3	441	[1]	ὅτε	_	_
7.3	442	[1]	πρεσβύτης	_	_
7.3	443	[1]	ὢν	_	_
7.3	444	[1]	ἤδη	_	_
7.3	445	[14]	καὶ	_	_
7.3	446	[1]	σχολὴν	_	_
7.3	447	[1]	ἄγων	_	_
7.3	448	[1]	μόνοις	_	_
7.3	449	[6]	τοῖς	_	_
7.3	450	[20]	τῆς	_	_
7.3	451	[1]	τέχνης	_	_
7.3	452	[1]	θεωρήμασιν	_	_
7.3	453	[1]	ἀκριβεστέρας	_	_
7.3	454	[1]	ἐποιεῖτο	_	_
7.3	455	[1]	τὰς	_	_
7.3	456	[1]	ἀνατομὰς	_	_
7.3	457	[40]	,	b	_
7.3	458	[1]	ἔγνω	_	_
7.3	459	[15]	καὶ	_	_
7.3	460	[10]	τὴν	_	_
7.3	461	[2]	οἷον	_	_
7.3	462	[1]	ἐντεριώνην	_	_
7.3	463	[8]	τῶν	_	_
7.3	464	[4]	νεύρων	_	_
7.3	465	[1]	ἀπ	_	_
7.3	466	[14]	’	b	_
7.3	467	[2]	ἐγκεφάλου	_	_
7.3	468	[1]	πεφυκυῖαν	_	_
7.3	469	[8]	.	b	_
7.3	470	[2]	ἔχει	_	_
7.3	471	[8]	δὲ	_	_
7.3	472	[7]	ἡ	_	_
7.3	473	[1]	ῥῆσις	_	_
7.3	474	[2]	αὐτοῦ	_	_
7.3	475	[1]	τόνδε	_	_
7.3	476	[4]	τὸν	_	_
7.3	477	[1]	τρόπον	_	_
7.3	478	[9]	.	b	_
7.3	479	[1]	ἐθεωροῦμεν	_	_
7.3	480	[9]	δὲ	_	_
7.3	481	[16]	καὶ	_	_
7.3	482	[11]	τὴν	_	_
7.3	483	[2]	φύσιν	_	_
7.3	484	[9]	τοῦ	_	_
7.3	485	[3]	ἐγκεφάλου	_	_
7.3	486	[41]	,	b	_
7.3	487	[17]	καὶ	_	_
7.3	488	[1]	ἦν	_	_
7.3	489	[3]	ὁ	_	_
7.3	490	[10]	μὲν	_	_
7.3	491	[2]	ἐγκέφαλος	_	_
7.3	492	[1]	διμερὴς	_	_
7.3	493	[42]	,	b	_
7.3	494	[1]	καθάπερ	_	_
7.3	495	[18]	καὶ	_	_
7.3	496	[9]	τῶν	_	_
7.3	497	[1]	λοιπῶν	_	_
7.3	498	[1]	ζώων	_	_
7.3	499	[43]	,	b	_
7.3	500	[19]	καὶ	_	_
7.3	501	[1]	κοιλίαν	_	_
7.3	502	[1]	παρὰ	_	_
7.3	503	[1]	|τῷ	_	_
7.3	504	[2]	μήκει	_	_
7.3	505	[6]	τῷ	_	_
7.3	506	[1]	εἴδει	_	_
7.3	507	[1]	κειμένην	_	_
7.3	508	[44]	,	b	_
7.3	509	[1]	συντέτρηντο	_	_
7.3	510	[5]	δ	_	_
7.3	511	[15]	’	b	_
7.3	512	[1]	αὗται	_	_
7.3	513	[1]	εἰς	_	_
7.3	514	[1]	μίαν	_	_
7.3	515	[6]	κατὰ	_	_
7.3	516	[12]	τὴν	_	_
7.3	517	[1]	συναφὴν	_	_
7.3	518	[10]	τῶν	_	_
7.3	519	[1]	μερῶν	_	_
7.3	520	[45]	,	b	_
7.3	521	[1]	ἐκ	_	_
7.3	522	[10]	δὲ	_	_
7.3	523	[2]	ταύτης	_	_
7.3	524	[1]	ἔφερεν	_	_
7.3	525	[2]	εἰς	_	_
7.3	526	[13]	τὴν	_	_
7.3	527	[1]	ἐπεγκρανίδα	_	_
7.3	528	[1]	καλουμένην	_	_
7.3	529	[46]	,	b	_
7.3	530	[20]	καὶ	_	_
7.3	531	[1]	ἐκεῖ	_	_
7.3	532	[1]	ἑτέρα	_	_
7.3	533	[2]	ἦν	_	_
7.3	534	[1]	μικρὰ	_	_
7.3	535	[1]	κοιλία	_	_
7.3	536	[47]	,	b	_
7.3	537	[1]	διεπέφρακτο	_	_
7.3	538	[11]	δὲ	_	_
7.3	539	[1]	ταῖς	_	_
7.3	540	[1]	μήνιγξιν	_	_
7.3	541	[2]	ἕκαστον	_	_
7.3	542	[11]	τῶν	_	_
7.3	543	[2]	μερῶν	_	_
7.3	544	[10]	.	b	_
7.3	545	[2]	ἥ	_	_
7.3	546	[4]	τε	_	_
7.3	547	[4]	γὰρ	_	_
7.3	548	[1]	ἐπεγκρανὶς	_	_
7.3	549	[2]	διεπέφρακτο	_	_
7.3	550	[1]	αὐτὴ	_	_
7.3	551	[4]	καθ	_	_
7.3	552	[16]	’	b	_
7.3	553	[3]	ἑαυτὴν	_	_
7.3	554	[48]	,	b	_
7.3	555	[21]	καὶ	_	_
7.3	556	[4]	ὁ	_	_
7.3	557	[3]	ἐγκέφαλος	_	_
7.3	558	[1]	παραπλήσιος	_	_
7.3	559	[2]	ὢν	_	_
7.3	560	[1]	νήστει	_	_
7.3	561	[22]	καὶ	_	_
7.3	562	[1]	πολύπλοκος	_	_
7.3	563	[49]	,	b	_
7.3	564	[1]	πολὺ	_	_
7.3	565	[6]	δ	_	_
7.3	566	[17]	’	b	_
7.3	567	[1]	ἔτι	_	_
7.3	568	[1]	μᾶλλον	_	_
7.3	569	[2]	τούτου	_	_
7.3	570	[8]	ἡ	_	_
7.3	571	[2]	ἐπεγκρανὶς	_	_
7.3	572	[1]	πολλοῖς	_	_
7.3	573	[1]	ἑλιγμοῖς	_	_
7.3	574	[23]	καὶ	_	_
7.3	575	[1]	ποικίλοις	_	_
7.3	576	[1]	κατεσκεύαστο	_	_
7.3	577	[11]	.	b	_
7.3	578	[1]	ὥστε	_	_
7.3	579	[1]	μαθεῖν	_	_
7.3	580	[1]	τούτων	_	_
7.3	581	[5]	τὸν	_	_
7.3	582	[1]	θεωροῦντα	_	_
7.3	583	[50]	,	b	_
7.3	584	[1]	ὅτι	_	_
7.3	585	[51]	,	b	_
7.3	586	[1]	ὥσπερ	_	_
7.3	587	[3]	ἐπὶ	_	_
7.3	588	[12]	τῶν	_	_
7.3	589	[2]	λοιπῶν	_	_
7.3	590	[2]	ζώων	_	_
7.3	591	[52]	,	b	_
7.3	592	[1]	ἐλάφου	_	_
7.3	593	[5]	τε	_	_
7.3	594	[24]	καὶ	_	_
7.3	595	[1]	λαγωοῦ	_	_
7.3	596	[53]	,	b	_
7.3	597	[25]	καὶ	_	_
7.3	598	[1]	εἴ	_	_
7.3	599	[3]	τι	_	_
7.3	600	[1]	ἄλλο	_	_
7.3	601	[7]	κατὰ	_	_
7.3	602	[9]	τὸ	_	_
7.3	603	[1]	τρέχειν	_	_
7.3	604	[1]	πολύ	_	_
7.3	605	[4]	τι	_	_
7.3	606	[13]	τῶν	_	_
7.3	607	[3]	λοιπῶν	_	_
7.3	608	[3]	ζώων	_	_
7.3	609	[1]	ὑπεραίρει	_	_
7.3	610	[7]	τοῖς	_	_
7.3	611	[1]	πρὸς	_	_
7.3	612	[1]	ταῦτα	_	_
7.3	613	[1]	χρησίμοις	_	_
7.3	614	[54]	,	b	_
7.3	615	[1]	εὖ	_	_
7.3	616	[1]	κατεσκευασμένοις	_	_
7.3	617	[1]	μυσί	_	_
7.3	618	[6]	τε	_	_
7.3	619	[26]	καὶ	_	_
7.3	620	[1]	νεύροις	_	_
7.3	621	[55]	,	b	_
7.3	622	[1]	οὕτω	_	_
7.3	623	[27]	καὶ	_	_
7.3	624	[1]	ἄνθρωπος	_	_
7.3	625	[56]	,	b	_
7.3	626	[1]	ἐπειδὴ	_	_
7.3	627	[14]	τῶν	_	_
7.3	628	[4]	λοιπῶν	_	_
7.3	629	[4]	ζώων	_	_
7.3	630	[2]	πολὺ	_	_
7.3	631	[7]	τῷ	_	_
7.3	632	[1]	διανοεῖσθαι	_	_
7.3	633	[1]	περίεστι	_	_
7.3	634	[57]	,	b	_
7.3	635	[3]	πολὺ	_	_
7.3	636	[1]	τοῦτ	_	_
7.3	637	[18]	’	b	_
7.3	638	[1]	ἔστι	_	_
7.3	639	[1]	πολύπλοκον	_	_
7.3	640	[58]	,	b	_
7.3	641	[1]	ἦσαν	_	_
7.3	642	[12]	δὲ	_	_
7.3	643	[28]	καὶ	_	_
7.3	644	[1]	ἀποφύσεις	_	_
7.3	645	[15]	τῶν	_	_
7.3	646	[5]	νεύρων	_	_
7.3	647	[1]	πᾶσαι	_	_
7.3	648	[3]	ἀπὸ	_	_
7.3	649	[10]	τοῦ	_	_
7.3	650	[4]	ἐγκεφάλου	_	_
7.3	651	[59]	,	b	_
7.3	652	[29]	καὶ	_	_
7.3	653	[5]	καθ	_	_
7.3	654	[19]	’	b	_
7.3	655	[1]	ὅλον	_	_
7.3	656	[1]	εἰπεῖν	_	_
7.3	657	[3]	ἀρχὴ	_	_
7.3	658	[1]	φαίνεται	_	_
7.3	659	[3]	εἶναι	_	_
7.3	660	[16]	τῶν	_	_
7.3	661	[8]	κατὰ	_	_
7.3	662	[10]	τὸ	_	_
7.3	663	[1]	σῶμα	_	_
7.3	664	[5]	ὁ	_	_
7.3	665	[4]	ἐγκέφαλος	_	_
7.3	666	[12]	.	b	_
7.3	667	[3]	ἥ	_	_
7.3	668	[7]	τε	_	_
7.3	669	[5]	γὰρ	_	_
7.3	670	[4]	ἀπὸ	_	_
7.3	671	[17]	τῶν	_	_
7.3	672	[1]	ῥινῶν	_	_
7.3	673	[1]	γιγνομένη	_	_
7.3	674	[1]	αἴσθησις	_	_
7.3	675	[1]	συντέτρητο	_	_
7.3	676	[4]	ἐπὶ	_	_
7.3	677	[1]	τοῦτον	_	_
7.3	678	[30]	καὶ	_	_
7.3	679	[5]	ἀπὸ	_	_
7.3	680	[18]	τῶν	_	_
7.3	681	[1]	ὤτων	_	_
7.3	682	[13]	.	b	_
7.3	683	[1]	ἐφέροντο	_	_
7.3	684	[13]	δὲ	_	_
7.3	685	[31]	καὶ	_	_
7.3	686	[5]	ἐπὶ	_	_
7.3	687	[14]	τὴν	_	_
7.3	688	[1]	γλῶσσαν	_	_
7.3	689	[32]	καὶ	_	_
7.3	690	[6]	ἐπὶ	_	_
7.3	691	[3]	τοὺς	_	_
7.3	692	[1]	ὀφθαλμοὺς	_	_
7.3	693	[2]	ἀποφύσεις	_	_
7.3	694	[6]	ἀπὸ	_	_
7.3	695	[1]	τοὺ	_	_
7.3	696	[5]	ἐγκεφάλου	_	_
7.3	697	[14]	.	b	_
7.3	698	[1]	ἐνταῦθα	_	_
7.3	699	[6]	ὁ	_	_
7.3	700	[2]	Ἐρασίστρατος	_	_
7.3	701	[1]	ὁμολογεῖ	_	_
7.3	702	[33]	καὶ	_	_
7.3	703	[1]	πρότερον	_	_
7.3	704	[1]	ἀγνοούμενον	_	_
7.3	705	[1]	ἑαυτῷ	_	_
7.3	706	[1]	σαφῶς	_	_
7.3	707	[1]	ἑωρακέναι	_	_
7.3	708	[2]	τηνικαῦτα	_	_
7.3	709	[60]	,	b	_
7.3	710	[19]	τῶν	_	_
7.3	711	[6]	νεύρων	_	_
7.3	712	[3]	ἕκαστον	_	_
7.3	713	[2]	ἐξ	_	_
7.3	714	[6]	ἐγκεφάλου	_	_
7.3	715	[1]	φυόμενον	_	_
7.3	716	[15]	.	b	_
7.3	717	[1]	ἀκριβῶς	_	_
7.3	718	[14]	δὲ	_	_
7.3	719	[34]	καὶ	_	_
7.3	720	[3]	περὶ	_	_
7.3	721	[20]	τῶν	_	_
7.3	722	[1]	τεττάρων	_	_
7.3	723	[3]	αὐτοῦ	_	_
7.3	724	[1]	κοιλιῶν	_	_
7.3	725	[1]	ἔγραψεν	_	_
7.3	726	[61]	,	b	_
7.3	727	[1]	ἃς	_	_
7.3	728	[1]	οὐδ	_	_
7.3	729	[20]	’	b	_
7.3	730	[1]	αὐτὸς	_	_
7.3	731	[1]	ἔτει	_	_
7.3	732	[8]	τῷ	_	_
7.3	733	[2]	πρότερον	_	_
7.3	734	[1]	εἶδεν	_	_
7.3	735	[16]	.	b	_
7.3	736	[1]	εἰ	_	_
7.3	737	[15]	δὲ	_	_
7.3	738	[1]	κᾀπὶ	_	_
7.3	739	[21]	τῶν	_	_
7.3	740	[1]	ζώντων	_	_
7.3	741	[5]	ζώων	_	_
7.3	742	[1]	ἐπεποίητο	_	_
7.3	743	[15]	τὴν	_	_
7.3	744	[1]	πεῖραν	_	_
7.3	745	[62]	,	b	_
7.3	746	[1]	ἣν	_	_
7.3	747	[1]	ἡμεῖς	_	_
7.3	748	[2]	οὐχ	_	_
7.3	749	[1]	ἅπαξ	_	_
7.3	750	[1]	οὐδὲ	_	_
7.3	751	[1]	δὶς	_	_
7.3	752	[63]	,	b	_
7.3	753	[1]	ἀλλὰ	_	_
7.3	754	[1]	πάνυ	_	_
7.3	755	[1]	πολλάκις	_	_
7.3	756	[1]	ἐποιησάμεθα	_	_
7.3	757	[64]	,	b	_
7.3	758	[1]	βεβαίως	_	_
7.3	759	[3]	ἂν	_	_
7.3	760	[2]	ἔγνω	_	_
7.3	761	[16]	τὴν	_	_
7.3	762	[11]	μὲν	_	_
7.3	763	[1]	σκληρὰν	_	_
7.3	764	[35]	καὶ	_	_
7.3	765	[1]	παχεῖαν	_	_
7.3	766	[1]	μήνιγγα	_	_
7.3	767	[1]	σκέπης	_	_
7.3	768	[1]	ἕνεκεν	_	_
7.3	769	[1]	γεγενημένην	_	_
7.3	770	[7]	ἐγκεφάλου	_	_
7.3	771	[65]	,	b	_
7.3	772	[17]	τὴν	_	_
7.3	773	[16]	δὲ	_	_
7.3	774	[1]	μαλακὴν	_	_
7.3	775	[36]	καὶ	_	_
7.3	776	[1]	λεπτὴν	_	_
7.3	777	[37]	καὶ	_	_
7.3	778	[3]	τούτου	_	_
7.3	779	[12]	μὲν	_	_
7.3	780	[4]	αὐτοῦ	_	_
7.3	781	[1]	χάριν	_	_
7.3	782	[66]	,	b	_
7.3	783	[2]	ἔτι	_	_
7.3	784	[17]	δὲ	_	_
7.3	785	[2]	μᾶλλον	_	_
7.3	786	[1]	ὑπὲρ	_	_
7.3	787	[11]	τοῦ	_	_
7.3	788	[1]	συνδεῖν	_	_
7.3	789	[2]	ἅπαντα	_	_
7.3	790	[6]	τὰ	_	_
7.3	791	[9]	κατὰ	_	_
7.3	792	[6]	τὸν	_	_
7.3	793	[2]	ἐγκέφαλον	_	_
7.3	794	[1]	ἀγγεῖα	_	_
7.3	795	[67]	,	b	_
7.3	796	[2]	τὰς	_	_
7.3	797	[1]	ἀρτηρίας	_	_
7.3	798	[38]	καὶ	_	_
7.3	799	[3]	τὰς	_	_
7.3	800	[1]	φλέβας	_	_
7.3	801	[17]	.	b	_
7.3	802	[1]	τίνα	_	_
7.3	803	[1]	δέ	_	_
7.3	804	[1]	ἐστιν	_	_
7.3	805	[68]	,	b	_
7.3	806	[1]	ἃ	_	_
7.3	807	[1]	χρῆναί	_	_
7.3	808	[1]	φημι	_	_
7.3	809	[1]	τεθεᾶσθαι	_	_
7.3	810	[10]	κατὰ	_	_
7.3	811	[4]	τὰς	_	_
7.3	812	[2]	ἀνατομὰς	_	_
7.3	813	[3]	εἰς	_	_
7.3	814	[18]	τὴν	_	_
7.3	815	[22]	τῶν	_	_
7.3	816	[1]	τοιούτων	_	_
7.3	817	[1]	δογμάτων	_	_
7.3	818	[1]	εὕρεσιν	_	_
7.3	819	[69]	,	b	_
7.3	820	[7]	ἐπὶ	_	_
7.3	821	[1]	πλέον	_	_
7.3	822	[13]	μὲν	_	_
7.3	823	[10]	ἐν	_	_
7.3	824	[2]	ταῖς	_	_
7.3	825	[1]	ἀνατομικαῖς	_	_
7.3	826	[1]	ἐγχειρήσεσι	_	_
7.3	827	[1]	λέγεται	_	_
7.3	828	[70]	,	b	_
7.3	829	[1]	μνημονεύσω	_	_
7.3	830	[18]	δὲ	_	_
7.3	831	[39]	καὶ	_	_
7.3	832	[1]	νῦν	_	_
7.3	833	[1]	αὐτῶν	_	_
7.3	834	[1]	τοσούτου	_	_
7.3	835	[1]	μέρους	_	_
7.3	836	[71]	,	b	_
7.3	837	[1]	ὅσον	_	_
7.3	838	[4]	εἰς	_	_
7.3	839	[7]	τὰ	_	_
7.3	840	[1]	παρόντα	_	_
7.3	841	[1]	μάλιστ	_	_
7.3	842	[21]	’	b	_
7.3	843	[3]	ἐστὶ	_	_
7.3	844	[1]	χρήσιμον	_	_
7.3	845	[18]	.	b	_
7.3	846	[1]	ἐκκοπέντος	_	_
7.3	847	[12]	τοῦ	_	_
7.3	848	[21]	τῆς	_	_
7.3	849	[2]	κεφαλῆς	_	_
7.3	850	[1]	ὀστοῦ	_	_
7.3	851	[72]	,	b	_
7.3	852	[1]	ζῶντος	_	_
7.3	853	[3]	ἔτι	_	_
7.3	854	[13]	τοῦ	_	_
7.3	855	[3]	ζώου	_	_
7.3	856	[73]	,	b	_
7.3	857	[40]	καὶ	_	_
7.3	858	[1]	γυμνῆς	_	_
7.3	859	[22]	τῆς	_	_
7.3	860	[3]	παχείας	_	_
7.3	861	[4]	μήνιγγος	_	_
7.3	862	[1]	γενομένης	_	_
7.3	863	[74]	,	b	_
7.3	864	[1]	ἐὰν	_	_
7.3	865	[1]	ἑκατέρωθεν	_	_
7.3	866	[23]	τῆς	_	_
7.3	867	[1]	μέσης	_	_
7.3	868	[1]	εὐθείας	_	_
7.3	869	[75]	,	b	_
7.3	870	[6]	καθ	_	_
7.3	871	[22]	’	b	_
7.3	872	[2]	ἣν	_	_
7.3	873	[1]	ἐγκαταβαίνει	_	_
7.3	874	[9]	τῷ	_	_
7.3	875	[1]	ἐγκεφάλῳ	_	_
7.3	876	[1]	διπλουμένη	_	_
7.3	877	[76]	,	b	_
7.3	878	[1]	δι	_	_
7.3	879	[23]	’	b	_
7.3	880	[1]	ἀγκίστρων	_	_
7.3	881	[1]	ἀνατείνας	_	_
7.3	882	[1]	αὐτὴν	_	_
7.3	883	[77]	,	b	_
7.3	884	[4]	ἢ	_	_
7.3	885	[1]	τέμῃς	_	_
7.3	886	[2]	μόνην	_	_
7.3	887	[78]	,	b	_
7.3	888	[5]	ἢ	_	_
7.3	889	[1]	ἐκτέμῃς	_	_
7.3	890	[1]	ὅλην	_	_
7.3	891	[79]	,	b	_
7.3	892	[1]	οὔτ	_	_
7.3	893	[24]	’	b	_
7.3	894	[1]	ἀναίσθητον	_	_
7.3	895	[80]	,	b	_
7.3	896	[2]	οὔτ	_	_
7.3	897	[25]	’	b	_
7.3	898	[1]	ἀκίνητον	_	_
7.3	899	[1]	γίγνεται	_	_
7.3	900	[11]	τὸ	_	_
7.3	901	[2]	ζῶον	_	_
7.3	902	[81]	,	b	_
7.3	903	[2]	ὥσπερ	_	_
7.3	904	[2]	οὐδ	_	_
7.3	905	[26]	’	b	_
7.3	906	[2]	εἰ	_	_
7.3	907	[12]	τὸ	_	_
7.3	908	[1]	σκέπον	_	_
7.3	909	[3]	αὐτῆς	_	_
7.3	910	[5]	μέρος	_	_
7.3	911	[2]	ὅλον	_	_
7.3	912	[7]	τὸν	_	_
7.3	913	[1]	ὄπισθεν	_	_
7.3	914	[3]	ἐγκέφαλον	_	_
7.3	915	[6]	ἢ	_	_
7.3	916	[1]	τέμνεις	_	_
7.3	917	[1]	μόνον	_	_
7.3	918	[82]	,	b	_
7.3	919	[7]	ἢ	_	_
7.3	920	[1]	ἐκτέμνεις	_	_
7.3	921	[19]	.	b	_
7.3	922	[1]	οὐ	_	_
7.3	923	[1]	μὴν	_	_
7.3	924	[3]	οὐδ	_	_
7.3	925	[27]	’	b	_
7.3	926	[3]	εἰ	_	_
7.3	927	[8]	τὸν	_	_
7.3	928	[4]	ἐγκέφαλον	_	_
7.3	929	[1]	αὐτὸν	_	_
7.3	930	[1]	ὁπωσοῦν	_	_
7.3	931	[1]	ἐκτέμνοις	_	_
7.3	932	[83]	,	b	_
7.3	933	[4]	οὐδ	_	_
7.3	934	[28]	’	b	_
7.3	935	[1]	οὕτως	_	_
7.3	936	[13]	τὸ	_	_
7.3	937	[3]	ζῶον	_	_
7.3	938	[2]	ἀκίνητον	_	_
7.3	939	[8]	ἢ	_	_
7.3	940	[2]	ἀναίσθητον	_	_
7.3	941	[2]	γίγνεται	_	_
7.3	942	[84]	,	b	_
7.3	943	[1]	πρὶν	_	_
7.3	944	[1]	ἐπί	_	_
7.3	945	[1]	τινα	_	_
7.3	946	[23]	τῶν	_	_
7.3	947	[2]	κοιλιῶν	_	_
7.3	948	[5]	αὐτοῦ	_	_
7.3	949	[19]	τὴν	_	_
7.3	950	[1]	τομὴν	_	_
7.3	951	[1]	ἐξικέσθαι	_	_
7.3	952	[20]	.	b	_
7.3	953	[1]	μάλιστα	_	_
7.3	954	[14]	μὲν	_	_
7.3	955	[3]	οὖν	_	_
7.3	956	[9]	ἡ	_	_
7.3	957	[1]	ὀπίσω	_	_
7.3	958	[1]	βλάπτει	_	_
7.3	959	[14]	τὸ	_	_
7.3	960	[4]	ζῶον	_	_
7.3	961	[85]	,	b	_
7.3	962	[1]	ἐφεξῆς	_	_
7.3	963	[19]	δὲ	_	_
7.3	964	[10]	ἡ	_	_
7.3	965	[1]	μέση	_	_
7.3	966	[21]	.	b	_
7.3	967	[24]	τῶν	_	_
7.3	968	[1]	προσθίων	_	_
7.3	969	[20]	δὲ	_	_
7.3	970	[1]	ἑκατέρα	_	_
7.3	971	[1]	βραχυτέραν	_	_
7.3	972	[2]	ἐργάζεται	_	_
7.3	973	[20]	τὴν	_	_
7.3	974	[1]	βλάβην	_	_
7.3	975	[86]	,	b	_
7.3	976	[41]	καὶ	_	_
7.3	977	[3]	μᾶλλον	_	_
7.3	978	[15]	μὲν	_	_
7.3	979	[8]	ἐπὶ	_	_
7.3	980	[25]	τῶν	_	_
7.3	981	[1]	πρεσβυτέρων	_	_
7.3	982	[6]	ζώων	_	_
7.3	983	[87]	,	b	_
7.3	984	[1]	ἧττον	_	_
7.3	985	[7]	δ	_	_
7.3	986	[29]	’	b	_
7.3	987	[9]	ἐπὶ	_	_
7.3	988	[26]	τῶν	_	_
7.3	989	[1]	νέων	_	_
7.3	990	[22]	.	b	_
7.3	991	[8]	τὰ	_	_
7.3	992	[8]	δ	_	_
7.3	993	[30]	’	b	_
7.3	994	[1]	αὐτὰ	_	_
7.3	995	[3]	ταῖς	_	_
7.3	996	[5]	εἰς	_	_
7.3	997	[5]	τὰς	_	_
7.3	998	[1]	κοιλίας	_	_
7.3	999	[1]	τομαῖς	_	_
7.3	1000	[2]	αἱ	_	_
7.3	1001	[1]	κατ	_	_
7.3	1002	[31]	’	b	_
7.3	1003	[2]	αὐτῶν	_	_
7.3	1004	[1]	ἐργάζονται	_	_
7.3	1005	[1]	θλίψεις	_	_
7.3	1006	[88]	,	b	_
7.3	1007	[2]	ἃς	_	_
7.3	1008	[5]	οὐδ	_	_
7.3	1009	[32]	’	b	_
7.3	1010	[1]	ἐπιτηδευόντων	_	_
7.3	1011	[89]	,	b	_
7.3	1012	[2]	ἀλλὰ	_	_
7.3	1013	[42]	καὶ	_	_
7.3	1014	[2]	πάνυ	_	_
7.3	1015	[1]	φυλαττομένων	_	_
7.3	1016	[1]	ὁρῶμεν	_	_
7.3	1017	[1]	ἐνίοτε	_	_
7.3	1018	[1]	γιγνομένας	_	_
7.3	1019	[10]	ἐπὶ	_	_
7.3	1020	[27]	τῶν	_	_
7.3	1021	[1]	ἀνατιτρωμένων	_	_
7.3	1022	[1]	ἀνθρώπων	_	_
7.3	1023	[90]	,	b	_
7.3	1024	[1]	ὅταν	_	_
7.3	1025	[9]	τὰ	_	_
7.3	1026	[24]	τῆς	_	_
7.3	1027	[3]	κεφαλῆς	_	_
7.3	1028	[1]	ὀστᾶ	_	_
7.3	1029	[1]	καταγῶσιν	_	_
7.3	1030	[23]	.	b	_
7.3	1031	[2]	ἐκ	_	_
7.3	1032	[2]	τούτων	_	_
7.3	1033	[4]	οὖν	_	_
7.3	1034	[28]	τῶν	_	_
7.3	1035	[1]	φαινομένων	_	_
7.3	1036	[1]	ἴσως	_	_
7.3	1037	[1]	ἄν	_	_
7.3	1038	[1]	τις	_	_
7.3	1039	[1]	ὑπονοήσειε	_	_
7.3	1040	[91]	,	b	_
7.3	1041	[15]	τὸ	_	_
7.3	1042	[11]	κατὰ	_	_
7.3	1043	[6]	τὰς	_	_
7.3	1044	[2]	κοιλίας	_	_
7.3	1045	[14]	τοῦ	_	_
7.3	1046	[8]	ἐγκεφάλου	_	_
7.3	1047	[1]	πνεῦμα	_	_
7.3	1048	[2]	δυοῖν	_	_
7.3	1049	[1]	θάτερον	_	_
7.3	1050	[92]	,	b	_
7.3	1051	[4]	εἰ	_	_
7.3	1052	[16]	μὲν	_	_
7.3	1053	[1]	ἀσώματός	_	_
7.3	1054	[2]	ἐστιν	_	_
7.3	1055	[11]	ἡ	_	_
7.3	1056	[1]	ψυχὴ	_	_
7.3	1057	[93]	,	b	_
7.3	1058	[16]	τὸ	_	_
7.3	1059	[1]	πρῶτον	_	_
7.3	1060	[4]	αὐτῆς	_	_
7.3	1061	[1]	ὑπάρχειν	_	_
7.3	1062	[94]	,	b	_
7.3	1063	[2]	ὡς	_	_
7.3	1064	[4]	ἂν	_	_
7.3	1065	[1]	εἴποι	_	_
7.3	1066	[2]	τις	_	_
7.3	1067	[95]	,	b	_
7.3	1068	[1]	οἰκητήριον	_	_
7.3	1069	[96]	,	b	_
7.3	1070	[5]	εἰ	_	_
7.3	1071	[21]	δὲ	_	_
7.3	1072	[2]	σῶμα	_	_
7.3	1073	[97]	,	b	_
7.3	1074	[2]	τοῦτ	_	_
7.3	1075	[33]	’	b	_
7.3	1076	[1]	αὐτὸ	_	_
7.3	1077	[2]	πνεῦμα	_	_
7.3	1078	[21]	τὴν	_	_
7.3	1079	[1]	ψυχὴν	_	_
7.3	1080	[4]	εἶναι	_	_
7.3	1081	[24]	.	b	_
7.3	1082	[3]	ἀλλ	_	_
7.3	1083	[34]	’	b	_
7.3	1084	[2]	ὅταν	_	_
7.3	1085	[2]	γε	_	_
7.3	1086	[98]	,	b	_
7.3	1087	[1]	συναχθεισῶν	_	_
7.3	1088	[29]	τῶν	_	_
7.3	1089	[3]	κοιλιῶν	_	_
7.3	1090	[99]	,	b	_
7.3	1091	[1]	ὀλίγον	_	_
7.3	1092	[1]	ὕστερον	_	_
7.3	1093	[2]	αὖθις	_	_
7.3	1094	[1]	αἰσθάνηται	_	_
7.3	1095	[43]	καὶ	_	_
7.3	1096	[1]	κινῆται	_	_
7.3	1097	[17]	τὸ	_	_
7.3	1098	[5]	ζῶον	_	_
7.3	1099	[100]	,	b	_
7.3	1100	[1]	οὐκ	_	_
7.3	1101	[1]	ἔθ	_	_
7.3	1102	[35]	’	b	_
7.3	1103	[1]	οἷόν	_	_
7.3	1104	[8]	τε	_	_
7.3	1105	[1]	φάναι	_	_
7.3	1106	[101]	,	b	_
7.3	1107	[30]	τῶν	_	_
7.3	1108	[1]	εἰρημένων	_	_
7.3	1109	[2]	ὑπάρχειν	_	_
7.3	1110	[1]	τουτὶ	_	_
7.3	1111	[18]	τὸ	_	_
7.3	1112	[3]	πνεῦμα	_	_
7.3	1113	[25]	.	b	_
7.3	1114	[1]	βέλτιον	_	_
7.3	1115	[5]	οὖν	_	_
7.3	1116	[1]	ὑπολαβεῖν	_	_
7.3	1117	[102]	,	b	_
7.3	1118	[11]	ἐν	_	_
7.3	1119	[1]	αὐτῷ	_	_
7.3	1120	[17]	μὲν	_	_
7.3	1121	[10]	τῷ	_	_
7.3	1122	[1]	σώματι|τοῦ	_	_
7.3	1123	[9]	ἐγκεφάλου	_	_
7.3	1124	[22]	τὴν	_	_
7.3	1125	[2]	ψυχὴν	_	_
7.3	1126	[1]	οἰκεῖν	_	_
7.3	1127	[103]	,	b	_
7.3	1128	[1]	ἥτις	_	_
7.3	1129	[1]	ποτ	_	_
7.3	1130	[36]	’	b	_
7.3	1131	[5]	ἂν	_	_
7.3	1132	[1]	ᾖ	_	_
7.3	1133	[12]	κατὰ	_	_
7.3	1134	[23]	τὴν	_	_
7.3	1135	[3]	οὐσίαν	_	_
7.3	1136	[1]	·	b	_
7.3	1137	[1]	οὔπω	_	_
7.3	1138	[6]	γὰρ	_	_
7.3	1139	[4]	περὶ	_	_
7.3	1140	[4]	τούτου	_	_
7.3	1141	[1]	σκέψις	_	_
7.3	1142	[1]	ἥκει	_	_
7.3	1143	[2]	·	b	_
7.3	1144	[19]	τὸ	_	_
7.3	1145	[2]	πρῶτον	_	_
7.3	1146	[9]	δ	_	_
7.3	1147	[37]	’	b	_
7.3	1148	[5]	αὐτῆς	_	_
7.3	1149	[1]	ὄργανον	_	_
7.3	1150	[1]	εἴς	_	_
7.3	1151	[9]	τε	_	_
7.3	1152	[7]	τὰς	_	_
7.3	1153	[1]	αἰσθήσεις	_	_
7.3	1154	[1]	ἁπάσας	_	_
7.3	1155	[15]	τοῦ	_	_
7.3	1156	[4]	ζώου	_	_
7.3	1157	[44]	καὶ	_	_
7.3	1158	[1]	προσέτι	_	_
7.3	1159	[8]	τὰς	_	_
7.3	1160	[7]	καθ	_	_
7.3	1161	[38]	’	b	_
7.3	1162	[2]	ὁρμὴν	_	_
7.3	1163	[1]	κινήσεις	_	_
7.3	1164	[3]	τοῦτ	_	_
7.3	1165	[39]	’	b	_
7.3	1166	[5]	εἶναι	_	_
7.3	1167	[20]	τὸ	_	_
7.3	1168	[4]	πνεῦμα	_	_
7.3	1169	[104]	,	b	_
7.3	1170	[1]	διὸ	_	_
7.3	1171	[45]	καὶ	_	_
7.3	1172	[1]	κενωθὲν	_	_
7.3	1173	[105]	,	b	_
7.3	1174	[1]	ἄχρις	_	_
7.3	1175	[6]	ἂν	_	_
7.3	1176	[3]	αὖθις	_	_
7.3	1177	[1]	ἀθροισθῇ	_	_
7.3	1178	[106]	,	b	_
7.3	1179	[24]	τὴν	_	_
7.3	1180	[18]	μὲν	_	_
7.3	1181	[1]	ζωὴν	_	_
7.3	1182	[2]	οὐκ	_	_
7.3	1183	[1]	ἀφαιρεῖσθαι	_	_
7.3	1184	[21]	τὸ	_	_
7.3	1185	[6]	ζῶον	_	_
7.3	1186	[107]	,	b	_
7.3	1187	[3]	ἀναίσθητον	_	_
7.3	1188	[22]	δὲ	_	_
7.3	1189	[46]	καὶ	_	_
7.3	1190	[3]	ἀκίνητον	_	_
7.3	1191	[1]	ἐργάζεσθαι	_	_
7.3	1192	[26]	.	b	_
7.3	1193	[1]	καίτοι	_	_
7.3	1194	[3]	γε	_	_
7.3	1195	[108]	,	b	_
7.3	1196	[1]	εἴπερ	_	_
7.3	1197	[3]	ἦν	_	_
7.3	1198	[2]	αὐτὸ	_	_
7.3	1199	[12]	ἡ	_	_
7.3	1200	[25]	τῆς	_	_
7.3	1201	[3]	ψυχῆς	_	_
7.3	1202	[1]	οὐσία	_	_
7.3	1203	[109]	,	b	_
7.3	1204	[1]	συνδιεφθείρετ	_	_
7.3	1205	[40]	’	b	_
7.3	1206	[7]	ἂν	_	_
7.3	1207	[2]	αὐτῷ	_	_
7.3	1208	[1]	κενουμένῳ	_	_
7.3	1209	[1]	παραχρῆμα	_	_
7.3	1210	[22]	τὸ	_	_
7.3	1211	[7]	ζῶον	_	_
7.3	1212	[27]	.	b	_
7.3	1213	[1]	εὔλογον	_	_
7.3	1214	[6]	οὖν	_	_
7.3	1215	[1]	γεννᾶσθαι	_	_
7.3	1216	[19]	μὲν	_	_
7.3	1217	[2]	τουτὶ	_	_
7.3	1218	[23]	τὸ	_	_
7.3	1219	[5]	πνεῦμα	_	_
7.3	1220	[13]	κατὰ	_	_
7.3	1221	[9]	τὰς	_	_
7.3	1222	[3]	κοιλίας	_	_
7.3	1223	[16]	τοῦ	_	_
7.3	1224	[10]	ἐγκεφάλου	_	_
7.3	1225	[110]	,	b	_
7.3	1226	[47]	καὶ	_	_
7.3	1227	[4]	διὰ	_	_
7.3	1228	[1]	τοῦτο	_	_
7.3	1229	[1]	ἐκεῖσε	_	_
7.3	1230	[1]	τελευτᾷν	_	_
7.3	1231	[1]	ἀρτηριῶν	_	_
7.3	1232	[10]	τε	_	_
7.3	1233	[48]	καὶ	_	_
7.3	1234	[1]	φλεβῶν	_	_
7.3	1235	[3]	οὐκ	_	_
7.3	1236	[2]	ὀλίγον	_	_
7.3	1237	[1]	πλῆθος	_	_
7.3	1238	[111]	,	b	_
7.3	1239	[3]	ἐξ	_	_
7.3	1240	[1]	οὗ	_	_
7.3	1241	[10]	τὰ	_	_
7.3	1242	[1]	καλούμενα	_	_
7.3	1243	[1]	χοροειδῆ	_	_
7.3	1244	[1]	πλέγματα	_	_
7.3	1245	[1]	γέγονεν	_	_
7.3	1246	[112]	,	b	_
7.3	1247	[2]	ὄργανον	_	_
7.3	1248	[10]	δ	_	_
7.3	1249	[41]	’	b	_
7.3	1250	[113]	,	b	_
7.3	1251	[3]	ὡς	_	_
7.3	1252	[1]	ἔφην	_	_
7.3	1253	[114]	,	b	_
7.3	1254	[6]	εἶναι	_	_
7.3	1255	[24]	τὸ	_	_
7.3	1256	[3]	πρῶτον	_	_
7.3	1257	[3]	αὐτὸ	_	_
7.3	1258	[26]	τῆς	_	_
7.3	1259	[4]	ψυχῆς	_	_
7.3	1260	[28]	.	b	_
7.3	1261	[4]	ἔτι	_	_
7.3	1262	[11]	δ	_	_
7.3	1263	[42]	’	b	_
7.3	1264	[8]	ἂν	_	_
7.3	1265	[4]	μᾶλλον	_	_
7.3	1266	[1]	ἐλπίσαις	_	_
7.3	1267	[1]	γίγνεσθαι	_	_
7.3	1268	[25]	τὸ	_	_
7.3	1269	[6]	πνεῦμα	_	_
7.3	1270	[2]	τοῦτο	_	_
7.3	1271	[115]	,	b	_
7.3	1272	[31]	τῶν	_	_
7.3	1273	[1]	ἀγγείων	_	_
7.3	1274	[1]	ἀναπνεόντων	_	_
7.3	1275	[4]	αὐτὸ	_	_
7.3	1276	[116]	,	b	_
7.3	1277	[49]	καὶ	_	_
7.3	1278	[2]	μάλιστα	_	_
7.3	1279	[32]	τῶν	_	_
7.3	1280	[2]	ἀρτηριῶν	_	_
7.3	1281	[117]	,	b	_
7.3	1282	[6]	εἰς	_	_
7.3	1283	[10]	τὰς	_	_
7.3	1284	[4]	κοιλίας	_	_
7.3	1285	[17]	τοῦ	_	_
7.3	1286	[11]	ἐγκεφάλου	_	_
7.3	1287	[118]	,	b	_
7.3	1288	[1]	τό	_	_
7.3	1289	[1]	δικτυοειδὲς	_	_
7.3	1290	[1]	ἰδὼν	_	_
7.3	1291	[1]	πλέγμα	_	_
7.3	1292	[1]	γιγνόμενον	_	_
7.3	1293	[3]	ἐκ	_	_
7.3	1294	[33]	τῶν	_	_
7.3	1295	[1]	ἐρχομένων	_	_
7.3	1296	[7]	εἰς	_	_
7.3	1297	[25]	τὴν	_	_
7.3	1298	[2]	κεφαλὴν	_	_
7.3	1299	[3]	ἀρτηριῶν	_	_
7.3	1300	[119]	,	b	_
7.3	1301	[3]	ὅταν	_	_
7.3	1302	[4]	πρῶτον	_	_
7.3	1303	[1]	ὑπερβᾶσαι	_	_
7.3	1304	[26]	τὸ	_	_
7.3	1305	[1]	κρανίον	_	_
7.3	1306	[1]	ἐντὸς	_	_
7.3	1307	[6]	αὐτοῦ	_	_
7.3	1308	[1]	γένωνται	_	_
7.3	1309	[14]	κατὰ	_	_
7.3	1310	[26]	τὴν	_	_
7.3	1311	[2]	καλουμένην	_	_
7.3	1312	[12]	ἐγκεφάλου	_	_
7.3	1313	[1]	βάσιν	_	_
7.3	1314	[29]	.	b	_
7.3	1315	[2]	ἐνταῦθα	_	_
7.3	1316	[7]	γὰρ	_	_
7.3	1317	[4]	οὐκ	_	_
7.3	1318	[1]	ὀλίγην	_	_
7.3	1319	[1]	χώραν	_	_
7.3	1320	[13]	ἡ	_	_
7.3	1321	[1]	φύσις	_	_
7.3	1322	[3]	οἷον	_	_
7.3	1323	[1]	θαλάμην	_	_
7.3	1324	[1]	τινὰ	_	_
7.3	1325	[11]	τῷ	_	_
7.3	1326	[1]	δικτυοειδεῖ	_	_
7.3	1327	[1]	τῷδε	_	_
7.3	1328	[1]	παρεσκεύασε	_	_
7.3	1329	[1]	πλέγματι	_	_
7.3	1330	[1]	περιεχομένην	_	_
7.3	1331	[2]	ὑπὸ	_	_
7.3	1332	[27]	τῆς	_	_
7.3	1333	[4]	παχείας	_	_
7.3	1334	[5]	μήνιγγος	_	_
7.3	1335	[120]	,	b	_
7.3	1336	[8]	εἰς	_	_
7.3	1337	[3]	ἣν	_	_
7.3	1338	[2]	χώραν	_	_
7.3	1339	[7]	ἀπὸ	_	_
7.3	1340	[34]	τῶν	_	_
7.3	1341	[1]	καρωτίδων	_	_
7.3	1342	[1]	ὀνομαζομένων	_	_
7.3	1343	[4]	ἀρτηριῶν	_	_
7.3	1344	[2]	οὐ	_	_
7.3	1345	[1]	σμικρά	_	_
7.3	1346	[3]	τις	_	_
7.3	1347	[1]	ἀφικνουμένη	_	_
7.3	1348	[1]	μοῖρα	_	_
7.3	1349	[121]	,	b	_
7.3	1350	[8]	καθ	_	_
7.3	1351	[43]	’	b	_
7.3	1352	[1]	ἑκάτερον	_	_
7.3	1353	[6]	μέρος	_	_
7.3	1354	[1]	ἓν	_	_
7.3	1355	[1]	ἀγγεῖον	_	_
7.3	1356	[122]	,	b	_
7.3	1357	[1]	εἶτα	_	_
7.3	1358	[1]	κατασχιζόμεναι	_	_
7.3	1359	[1]	πολυειδῶς	_	_
7.3	1360	[3]	οὐχ	_	_
7.3	1361	[1]	ἁπλοῦν	_	_
7.3	1362	[2]	ἐργάζονται	_	_
7.3	1363	[50]	καὶ	_	_
7.3	1364	[27]	τὸ	_	_
7.3	1365	[1]	δίκτυον	_	_
7.3	1366	[123]	,	b	_
7.3	1367	[4]	ἀλλ	_	_
7.3	1368	[44]	’	b	_
7.3	1369	[1]	ἐπ	_	_
7.3	1370	[45]	’	b	_
7.3	1371	[1]	ἀλλήλοις	_	_
7.3	1372	[1]	κείμενα	_	_
7.3	1373	[1]	πολλὰ	_	_
7.3	1374	[1]	μετὰ	_	_
7.3	1375	[18]	τοῦ	_	_
7.3	1376	[1]	συνῆφθαί	_	_
7.3	1377	[11]	τε	_	_
7.3	1378	[51]	καὶ	_	_
7.3	1379	[1]	συμπεφυκέναι	_	_
7.3	1380	[1]	πάντα	_	_
7.3	1381	[30]	.	b	_
7.3	1382	[52]	καὶ	_	_
7.3	1383	[1]	πάλιν	_	_
7.3	1384	[4]	γε	_	_
7.3	1385	[15]	κατὰ	_	_
7.3	1386	[19]	τοῦ	_	_
7.3	1387	[1]	πλέγματος	_	_
7.3	1388	[1]	τοῦδε	_	_
7.3	1389	[1]	τηλικούτου	_	_
7.3	1390	[1]	ζεύγους	_	_
7.3	1391	[5]	ἀρτηριῶν	_	_
7.3	1392	[1]	ἐκφυομένου	_	_
7.3	1393	[124]	,	b	_
7.3	1394	[1]	ἡλίκον	_	_
7.3	1395	[4]	ἐξ	_	_
7.3	1396	[1]	ἀρχῆς	_	_
7.3	1397	[4]	ἦν	_	_
7.3	1398	[28]	τὸ	_	_
7.3	1399	[2]	παρὰ	_	_
7.3	1400	[35]	τῶν	_	_
7.3	1401	[2]	καρωτίδων	_	_
7.3	1402	[1]	ἧκον	_	_
7.3	1403	[125]	,	b	_
7.3	1404	[9]	εἰς	_	_
7.3	1405	[9]	τὸν	_	_
7.3	1406	[5]	ἐγκέφαλον	_	_
7.3	1407	[1]	ἀναφέρεται	_	_
7.3	1408	[1]	τά	_	_
7.3	1409	[3]	τ	_	_
7.3	1410	[46]	’	b	_
7.3	1411	[1]	ἄλλα	_	_
7.3	1412	[1]	μέρη	_	_
7.3	1413	[1]	διαπλέκον	_	_
7.3	1414	[7]	αὐτοῦ	_	_
7.3	1415	[1]	παμπόλλαις	_	_
7.3	1416	[1]	ἀπονεμήσεσι	_	_
7.3	1417	[53]	καὶ	_	_
7.3	1418	[11]	τὰ	_	_
7.3	1419	[16]	κατὰ	_	_
7.3	1420	[11]	τὰς	_	_
7.3	1421	[5]	κοιλίας	_	_
7.3	1422	[1]	ἐργαζόμενα	_	_
7.3	1423	[2]	πλέγματα	_	_
7.3	1424	[31]	.	b	_
7.3	1425	[29]	τὸ	_	_
7.3	1426	[20]	μὲν	_	_
7.3	1427	[7]	οὖν	_	_
7.3	1428	[17]	κατὰ	_	_
7.3	1429	[12]	τὰς	_	_
7.3	1430	[2]	ἀρτηρίας	_	_
7.3	1431	[7]	πνεῦμα	_	_
7.3	1432	[1]	ζωτικόν	_	_
7.3	1433	[1]	ἐστί	_	_
7.3	1434	[12]	τε	_	_
7.3	1435	[54]	καὶ	_	_
7.3	1436	[1]	προσαγορεύεται	_	_
7.3	1437	[126]	,	b	_
7.3	1438	[30]	τὸ	_	_
7.3	1439	[23]	δὲ	_	_
7.3	1440	[18]	κατὰ	_	_
7.3	1441	[10]	τὸν	_	_
7.3	1442	[6]	ἐγκέφαλον	_	_
7.3	1443	[1]	ψυχικὸν	_	_
7.3	1444	[127]	,	b	_
7.3	1445	[4]	οὐχ	_	_
7.3	1446	[4]	ὡς	_	_
7.3	1447	[2]	οὐσία	_	_
7.3	1448	[5]	ψυχῆς	_	_
7.3	1449	[1]	ὑπάρχον	_	_
7.3	1450	[128]	,	b	_
7.3	1451	[5]	ἀλλ	_	_
7.3	1452	[47]	’	b	_
7.3	1453	[5]	ὡς	_	_
7.3	1454	[3]	ὄργανον	_	_
7.3	1455	[5]	πρῶτον	_	_
7.3	1456	[6]	αὐτῆς	_	_
7.3	1457	[1]	οἰκούσης	_	_
7.3	1458	[19]	κατὰ	_	_
7.3	1459	[11]	τὸν	_	_
7.3	1460	[7]	ἐγκέφαλον	_	_
7.3	1461	[129]	,	b	_
7.3	1462	[1]	ὁποία	_	_
7.3	1463	[4]	τις	_	_
7.3	1464	[9]	ἂν	_	_
7.3	1465	[2]	ᾖ	_	_
7.3	1466	[27]	τὴν	_	_
7.3	1467	[4]	οὐσίαν	_	_
7.3	1468	[32]	.	b	_
7.3	1469	[3]	ὥσπερ	_	_
7.3	1470	[24]	δὲ	_	_
7.3	1471	[31]	τὸ	_	_
7.3	1472	[1]	ζωτικὸν	_	_
7.3	1473	[8]	πνεῦμα	_	_
7.3	1474	[20]	κατὰ	_	_
7.3	1475	[13]	τὰς	_	_
7.3	1476	[3]	ἀρτηρίας	_	_
7.3	1477	[13]	τε	_	_
7.3	1478	[55]	καὶ	_	_
7.3	1479	[28]	τὴν	_	_
7.3	1480	[1]	καρδίαν	_	_
7.3	1481	[1]	γεννᾶται	_	_
7.3	1482	[130]	,	b	_
7.3	1483	[29]	τὴν	_	_
7.3	1484	[1]	ὕλην	_	_
7.3	1485	[2]	ἔχον	_	_
7.3	1486	[28]	τῆς	_	_
7.3	1487	[2]	γενέσεως	_	_
7.3	1488	[1]	ἔκ	_	_
7.3	1489	[14]	τε	_	_
7.3	1490	[29]	τῆς	_	_
7.3	1491	[1]	εἰσπνοῆς	_	_
7.3	1492	[56]	καὶ	_	_
7.3	1493	[30]	τῆς	_	_
7.3	1494	[36]	τῶν	_	_
7.3	1495	[1]	χυμῶν	_	_
7.3	1496	[1]	ἀναθυμιάσεως	_	_
7.3	1497	[131]	,	b	_
7.3	1498	[2]	οὕτω	_	_
7.3	1499	[32]	τὸ	_	_
7.3	1500	[2]	ψυχικὸν	_	_
7.3	1501	[4]	ἐκ	_	_
7.3	1502	[20]	τοῦ	_	_
7.3	1503	[1]	ζωτικοῦ	_	_
7.3	1504	[1]	κατεργασθέντος	_	_
7.3	1505	[11]	ἐπὶ	_	_
7.3	1506	[2]	πλέον	_	_
7.3	1507	[3]	ἔχει	_	_
7.3	1508	[30]	τὴν	_	_
7.3	1509	[1]	γένεσιν	_	_
7.3	1510	[33]	.	b	_
7.3	1511	[1]	ἐχρῆν	_	_
7.3	1512	[8]	γὰρ	_	_
7.3	1513	[1]	δήπου	_	_
7.3	1514	[5]	μᾶλλον	_	_
7.3	1515	[1]	ἁπάντων	_	_
7.3	1516	[5]	αὐτὸ	_	_
7.3	1517	[1]	μεταβολῆς	_	_
7.3	1518	[1]	ἀκριβοῦς	_	_
7.3	1519	[1]	τυχεῖν	_	_
7.3	1520	[34]	.	b	_
7.3	1521	[2]	εἴπερ	_	_
7.3	1522	[8]	οὖν	_	_
7.3	1523	[2]	τό	_	_
7.3	1524	[15]	τε	_	_
7.3	1525	[1]	σπέρμα	_	_
7.3	1526	[57]	καὶ	_	_
7.3	1527	[33]	τὸ	_	_
7.3	1528	[1]	γάλα	_	_
7.3	1529	[132]	,	b	_
7.3	1530	[2]	καίτοι	_	_
7.3	1531	[1]	γ	_	_
7.3	1532	[48]	’	b	_
7.3	1533	[1]	ἀπολειπόμενα	_	_
7.3	1534	[6]	τῇ	_	_
7.3	1535	[1]	δυνάμει	_	_
7.3	1536	[21]	τοῦ	_	_
7.3	1537	[1]	ψυχικοῦ	_	_
7.3	1538	[1]	πνεύματος	_	_
7.3	1539	[133]	,	b	_
7.3	1540	[1]	ὅμως	_	_
7.3	1541	[14]	ἡ	_	_
7.3	1542	[2]	φύσις	_	_
7.3	1543	[2]	ἀκριβῶς	_	_
7.3	1544	[1]	κατεργάζεσθαι	_	_
7.3	1545	[1]	δεομένη	_	_
7.3	1546	[1]	πολυχρόνιον	_	_
7.3	1547	[1]	αὐτοῖς	_	_
7.3	1548	[1]	ἐμηχανήσατο	_	_
7.3	1549	[31]	τὴν	_	_
7.3	1550	[12]	ἐν	_	_
7.3	1551	[8]	τοῖς	_	_
7.3	1552	[1]	πεπτικοῖς	_	_
7.3	1553	[1]	ὀργάνοις	_	_
7.3	1554	[1]	διατριβὴν	_	_
7.3	1555	[134]	,	b	_
7.3	1556	[58]	καὶ	_	_
7.3	1557	[5]	διὰ	_	_
7.3	1558	[3]	τοῦτο	_	_
7.3	1559	[12]	τῷ	_	_
7.3	1560	[21]	μὲν	_	_
7.3	1561	[1]	σπέρματι	_	_
7.3	1562	[32]	τὴν	_	_
7.3	1563	[1]	πρὸ	_	_
7.3	1564	[37]	τῶν	_	_
7.3	1565	[1]	ὄρχεων	_	_
7.3	1566	[1]	ἕλικα	_	_
7.3	1567	[2]	παρεσκεύασε	_	_
7.3	1568	[135]	,	b	_
7.3	1569	[13]	τῷ	_	_
7.3	1570	[25]	δὲ	_	_
7.3	1571	[1]	γάλακτι	_	_
7.3	1572	[34]	τὸ	_	_
7.3	1573	[1]	μῆκος	_	_
7.3	1574	[38]	τῶν	_	_
7.3	1575	[10]	εἰς	_	_
7.3	1576	[4]	τοὺς	_	_
7.3	1577	[1]	τιτθοὺς	_	_
7.3	1578	[1]	ἰόντων	_	_
7.3	1579	[2]	ἀγγείων	_	_
7.3	1580	[136]	,	b	_
7.3	1581	[1]	εἰκότως	_	_
7.3	1582	[59]	καὶ	_	_
7.3	1583	[21]	κατὰ	_	_
7.3	1584	[12]	τὸν	_	_
7.3	1585	[8]	ἐγκέφαλον	_	_
7.3	1586	[5]	ἐκ	_	_
7.3	1587	[22]	τοῦ	_	_
7.3	1588	[2]	ζωτικοῦ	_	_
7.3	1589	[2]	πνεύματος	_	_
7.3	1590	[1]	ἐργαζομένη	_	_
7.3	1591	[35]	τὸ	_	_
7.3	1592	[3]	ψυχικὸν	_	_
7.3	1593	[4]	οἷον	_	_
7.3	1594	[1]	λαβύρινθόν	_	_
7.3	1595	[2]	τινα	_	_
7.3	1596	[1]	ποικίλον	_	_
7.3	1597	[1]	ἐδημιούργησε	_	_
7.3	1598	[1]	πλησίον	_	_
7.3	1599	[13]	ἐγκεφάλου	_	_
7.3	1600	[36]	τὸ	_	_
7.3	1601	[2]	δικτυοειδὲς	_	_
7.3	1602	[2]	πλέγμα	_	_
7.3	1603	[35]	.	b	_
7.3	1604	[1]	τοῦτό	_	_
7.3	1605	[16]	τε	_	_
7.3	1606	[9]	οὖν	_	_
7.3	1607	[6]	αὐτὸ	_	_
7.3	1608	[137]	,	b	_
7.3	1609	[31]	τῆς	_	_
7.3	1610	[1]	κατασκευῆς	_	_
7.3	1611	[39]	τῶν	_	_
7.3	1612	[1]	μορίων	_	_
7.3	1613	[1]	ἐνδειξαμένης	_	_
7.3	1614	[138]	,	b	_
7.3	1615	[1]	ἐδιδάχθημεν	_	_
7.3	1616	[139]	,	b	_
7.3	1617	[2]	ὅτι	_	_
7.3	1618	[17]	τε	_	_
7.3	1619	[37]	τὸ	_	_
7.3	1620	[4]	ψυχικὸν	_	_
7.3	1621	[9]	πνεῦμα	_	_
7.3	1622	[1]	μήτ	_	_
7.3	1623	[49]	’	b	_
7.3	1624	[3]	οὐσία	_	_
7.3	1625	[6]	ψυχῆς	_	_
7.3	1626	[2]	ἐστι	_	_
7.3	1627	[1]	μήτε	_	_
7.3	1628	[1]	οἶκος	_	_
7.3	1629	[7]	αὐτῆς	_	_
7.3	1630	[140]	,	b	_
7.3	1631	[6]	ἀλλ	_	_
7.3	1632	[50]	’	b	_
7.3	1633	[4]	ὄργανον	_	_
7.3	1634	[6]	πρῶτον	_	_
7.3	1635	[141]	,	b	_
7.3	1636	[6]	ἐκ	_	_
7.3	1637	[23]	τοῦ	_	_
7.3	1638	[1]	κενωθέντος	_	_
7.3	1639	[8]	αὐτοῦ	_	_
7.3	1640	[22]	κατὰ	_	_
7.3	1641	[14]	τὰς	_	_
7.3	1642	[1]	τρώσεις	_	_
7.3	1643	[1]	αὐτίκα	_	_
7.3	1644	[22]	μὲν	_	_
7.3	1645	[2]	οἷόν	_	_
7.3	1646	[1]	περ	_	_
7.3	1647	[1]	νεκρὸν	_	_
7.3	1648	[2]	γίγνεσθαι	_	_
7.3	1649	[38]	τὸ	_	_
7.3	1650	[8]	ζῶον	_	_
7.3	1651	[142]	,	b	_
7.3	1652	[1]	ἀθροισθέντος	_	_
7.3	1653	[26]	δὲ	_	_
7.3	1654	[4]	αὖθις	_	_
7.3	1655	[1]	ἀναβιώσκεσθαι	_	_
7.3	1656	[36]	.	b	_
7.3	1657	[60]	καὶ	_	_
7.3	1658	[1]	πάνθ	_	_
7.3	1659	[51]	’	b	_
7.3	1660	[1]	ἁπλῶς	_	_
7.3	1661	[143]	,	b	_
7.3	1662	[1]	ὅσα	_	_
7.3	1663	[2]	περ	_	_
7.3	1664	[1]	εἴρηταί	_	_
7.3	1665	[18]	τε	_	_
7.3	1666	[61]	καὶ	_	_
7.3	1667	[1]	μέλλει	_	_
7.3	1668	[1]	λεχθήσεσθαι	_	_
7.3	1669	[144]	,	b	_
7.3	1670	[12]	τὰ	_	_
7.3	1671	[23]	μὲν	_	_
7.3	1672	[7]	ἐκ	_	_
7.3	1673	[32]	τῆς	_	_
7.3	1674	[40]	τῶν	_	_
7.3	1675	[2]	μορίων	_	_
7.3	1676	[2]	κατασκευῆς	_	_
7.3	1677	[145]	,	b	_
7.3	1678	[13]	τὰ	_	_
7.3	1679	[27]	δὲ	_	_
7.3	1680	[8]	ἐκ	_	_
7.3	1681	[41]	τῶν	_	_
7.3	1682	[1]	ἑπομένων	_	_
7.3	1683	[1]	συμπτωμάτων	_	_
7.3	1684	[12]	ἐπὶ	_	_
7.3	1685	[4]	ταῖς	_	_
7.3	1686	[2]	τομαῖς	_	_
7.3	1687	[9]	ἢ	_	_
7.3	1688	[1]	θλίψεσιν	_	_
7.3	1689	[4]	ἔχει	_	_
7.3	1690	[33]	τὴν	_	_
7.3	1691	[2]	εὕρεσιν	_	_
7.3	1692	[37]	.	b	_
7.3	1693	[2]	αὐτίκα	_	_
7.3	1694	[1]	γέ	_	_
7.3	1695	[1]	τοι	_	_
7.3	1696	[42]	τῶν	_	_
7.3	1697	[23]	κατὰ	_	_
7.3	1698	[13]	τὸν	_	_
7.3	1699	[9]	ἐγκέφαλον	_	_
7.3	1700	[1]	πόρων	_	_
7.3	1701	[1]	οἱ	_	_
7.3	1702	[24]	μὲν	_	_
7.3	1703	[6]	διὰ	_	_
7.3	1704	[33]	τῆς	_	_
7.3	1705	[1]	καλουμένης	_	_
7.3	1706	[1]	χώνης	_	_
7.3	1707	[11]	εἰς	_	_
7.3	1708	[1]	ὑπερῴαν	_	_
7.3	1709	[1]	καθήκουσιν	_	_
7.3	1710	[146]	,	b	_
7.3	1711	[2]	οἱ	_	_
7.3	1712	[12]	δ	_	_
7.3	1713	[52]	’	b	_
7.3	1714	[12]	εἰς	_	_
7.3	1715	[34]	τὴν	_	_
7.3	1716	[3]	ἀρχὴν	_	_
7.3	1717	[34]	τῆς	_	_
7.3	1718	[1]	ῥινὸς	_	_
7.3	1719	[1]	τελευτῶσιν	_	_
7.3	1720	[147]	,	b	_
7.3	1721	[3]	οἱ	_	_
7.3	1722	[13]	δ	_	_
7.3	1723	[53]	’	b	_
7.3	1724	[13]	ἐν	_	_
7.3	1725	[9]	τοῖς	_	_
7.3	1726	[1]	ὀπτικοῖς	_	_
7.3	1727	[1]	φαίνονται	_	_
7.3	1728	[2]	νεύροις	_	_
7.3	1729	[38]	.	b	_
7.3	1730	[1]	καί	_	_
7.3	1731	[5]	τις	_	_
7.3	1732	[1]	ἄλλος	_	_
7.3	1733	[13]	εἰς	_	_
7.3	1734	[1]	γῆς	_	_
7.3	1735	[1]	ἐμβάλλει	_	_
7.3	1736	[7]	τῇ	_	_
7.3	1737	[2]	πρώτῃ	_	_
7.3	1738	[1]	γενέσει	_	_
7.3	1739	[24]	τοῦ	_	_
7.3	1740	[1]	νωτιαίου	_	_
7.3	1741	[148]	,	b	_
7.3	1742	[9]	καθ	_	_
7.3	1743	[54]	’	b	_
7.3	1744	[1]	ὃ	_	_
7.3	1745	[7]	μέρος	_	_
7.3	1746	[3]	μάλιστα	_	_
7.3	1747	[35]	τῆς	_	_
7.3	1748	[5]	παχείας	_	_
7.3	1749	[6]	μήνιγγος	_	_
7.3	1750	[1]	τρωθείσης	_	_
7.3	1751	[7]	ὁ	_	_
7.3	1752	[1]	πόρος	_	_
7.3	1753	[1]	ὅλος	_	_
7.3	1754	[3]	γίγνεται	_	_
7.3	1755	[1]	γυμνὸς	_	_
7.3	1756	[1]	ἅμα	_	_
7.3	1757	[14]	τῷ	_	_
7.3	1758	[1]	πέρατι	_	_
7.3	1759	[36]	τῆς	_	_
7.3	1760	[2]	ὄπισθεν	_	_
7.3	1761	[14]	ἐγκεφάλου	_	_
7.3	1762	[6]	κοιλίας	_	_
7.3	1763	[149]	,	b	_
7.3	1764	[2]	ὅπερ	_	_
7.3	1765	[5]	οὐχ	_	_
7.3	1766	[1]	ἥκιστα	_	_
7.3	1767	[14]	τὸν	_	_
7.3	1768	[1]	Ἐρασίστρατον	_	_
7.3	1769	[1]	ἠπάτησεν	_	_
7.3	1770	[150]	,	b	_
7.3	1771	[6]	ὡς	_	_
7.3	1772	[1]	οἰηθῆναι	_	_
7.3	1773	[151]	,	b	_
7.3	1774	[7]	διὰ	_	_
7.3	1775	[35]	τὴν	_	_
7.3	1776	[37]	τῆς	_	_
7.3	1777	[7]	μήνιγγος	_	_
7.3	1778	[1]	τρῶσιν	_	_
7.3	1779	[4]	ἀκίνητον	_	_
7.3	1780	[3]	αὐτίκα	_	_
7.3	1781	[3]	γίγνεσθαι	_	_
7.3	1782	[39]	τὸ	_	_
7.3	1783	[9]	ζῶον	_	_
7.3	1784	[39]	.	b	_
7.3	1785	[1]	ἑώρα	_	_
7.3	1786	[9]	γὰρ	_	_
7.3	1787	[13]	ἐπὶ	_	_
7.3	1788	[43]	τῶν	_	_
7.3	1789	[24]	κατὰ	_	_
7.3	1790	[15]	τὸν	_	_
7.3	1791	[7]	πρῶτον	_	_
7.3	1792	[1]	σπόνδυλον	_	_
7.3	1793	[1]	τιτρωσκομένων	_	_
7.3	1794	[1]	βοῶν	_	_
7.3	1795	[2]	ἅμα	_	_
7.3	1796	[15]	τῷ	_	_
7.3	1797	[1]	διαιρεθῆναι	_	_
7.3	1798	[36]	τὴν	_	_
7.3	1799	[2]	μήνιγγα	_	_
7.3	1800	[5]	ἀκίνητον	_	_
7.3	1801	[4]	αὐτίκα	_	_
7.3	1802	[40]	τὸ	_	_
7.3	1803	[10]	ζῶον	_	_
7.3	1804	[1]	γινόμενον	_	_
7.3	1805	[40]	.	b	_
7.3	1806	[7]	ἀλλ	_	_
7.3	1807	[55]	’	b	_
7.3	1808	[3]	οὐ	_	_
7.3	1809	[16]	τῷ	_	_
7.3	1810	[1]	πάθει	_	_
7.3	1811	[38]	τῆς	_	_
7.3	1812	[8]	μήνιγγος	_	_
7.3	1813	[152]	,	b	_
7.3	1814	[3]	ἀλλὰ	_	_
7.3	1815	[17]	τῷ	_	_
7.3	1816	[1]	γυμνοῦσθαι	_	_
7.3	1817	[37]	τὴν	_	_
7.3	1818	[2]	ὀπίσω	_	_
7.3	1819	[2]	κοιλίαν	_	_
7.3	1820	[4]	γίγνεται	_	_
7.3	1821	[4]	τοῦτο	_	_
7.3	1822	[41]	.	b	_
7.3	1823	[1]	δῆλον	_	_
7.3	1824	[14]	δ	_	_
7.3	1825	[56]	’	b	_
7.3	1826	[5]	ἐστὶν	_	_
7.3	1827	[9]	ἐκ	_	_
7.3	1828	[25]	τοῦ	_	_
7.3	1829	[25]	κατὰ	_	_
7.3	1830	[2]	πάντα	_	_
7.3	1831	[1]	τἄλλα	_	_
7.3	1832	[2]	μέρη	_	_
7.3	1833	[38]	τὴν	_	_
7.3	1834	[3]	μήνιγγα	_	_
7.3	1835	[1]	μηδὲν	_	_
7.3	1836	[2]	τοιοῦτον	_	_
7.3	1837	[1]	τιτρωσκομένην	_	_
7.3	1838	[2]	ἐργάζεσθαι	_	_
7.3	1839	[42]	.	b	_
7.3	1840	[5]	περὶ	_	_
7.3	1841	[25]	μὲν	_	_
7.3	1842	[10]	οὖν	_	_
7.3	1843	[39]	τῆς	_	_
7.3	1844	[1]	ὅλης	_	_
7.3	1845	[1]	φύσεως	_	_
7.3	1846	[15]	ἐγκεφάλου	_	_
7.3	1847	[2]	δι	_	_
7.3	1848	[57]	’	b	_
7.3	1849	[1]	ἑτέρων	_	_
7.3	1850	[2]	λέγεται	_	_
7.3	1851	[1]	πραγματειῶν	_	_
7.3	1852	[153]	,	b	_
7.3	1853	[14]	τὰ	_	_
7.3	1854	[26]	μὲν	_	_
7.3	1855	[5]	ἐξ	_	_
7.3	1856	[2]	ἀνατομῆς	_	_
7.3	1857	[1]	φαινόμενα	_	_
7.3	1858	[26]	κατὰ	_	_
7.3	1859	[39]	τὴν	_	_
7.3	1860	[44]	τῶν	_	_
7.3	1861	[1]	ἀνατομικῶν	_	_
7.3	1862	[1]	ἐγχειρήσεων	_	_
7.3	1863	[154]	,	b	_
7.3	1864	[15]	ἡ	_	_
7.3	1865	[28]	δὲ	_	_
7.3	1866	[1]	χρεία	_	_
7.3	1867	[40]	τῆς	_	_
7.3	1868	[3]	κατασκευῆς	_	_
7.3	1869	[1]	ἑκάστου	_	_
7.3	1870	[45]	τῶν	_	_
7.3	1871	[1]	μελῶν	_	_
7.3	1872	[14]	ἐν	_	_
7.3	1873	[8]	τῇ	_	_
7.3	1874	[6]	περὶ	_	_
7.3	1875	[1]	χρείας	_	_
7.3	1876	[3]	μορίων	_	_
7.3	1877	[1]	εἴρηται	_	_
7.3	1878	[155]	,	b	_
7.3	1879	[5]	οὐκ	_	_
7.3	1880	[1]	ὀλίγα	_	_
7.3	1881	[29]	δὲ	_	_
7.3	1882	[1]	κᾀν	_	_
7.3	1883	[10]	τοῖς	_	_
7.3	1884	[7]	περὶ	_	_
7.3	1885	[41]	τῆς	_	_
7.3	1886	[1]	Ἱπποκράτους	_	_
7.3	1887	[3]	ἀνατομῆς	_	_
7.3	1888	[1]	ὑπομνήμασιν	_	_
7.3	1889	[43]	.	b	_
7.3	1890	[15]	ἐν	_	_
7.3	1891	[30]	δὲ	_	_
7.3	1892	[18]	τῷ	_	_
7.3	1893	[2]	παρόντι	_	_
7.3	1894	[15]	τὰ	_	_
7.3	1895	[1]	χρήσιμα	_	_
7.3	1896	[1]	μόνα	_	_
7.3	1897	[2]	πρὸς	_	_
7.3	1898	[16]	τὰ	_	_
7.3	1899	[1]	προκείμενα	_	_
7.3	1900	[1]	διέρχομαι	_	_
7.3	1901	[44]	.	b	_
7.3	1902	[46]	τῶν	_	_
7.3	1903	[1]	γάρ	_	_
7.3	1904	[2]	τοι	_	_
7.3	1905	[7]	νεύρων	_	_
7.3	1906	[1]	ἐκπεφυκότων	_	_
7.3	1907	[16]	ἐγκεφάλου	_	_
7.3	1908	[19]	τε	_	_
7.3	1909	[62]	καὶ	_	_
7.3	1910	[47]	τῶν	_	_
7.3	1911	[1]	περικειμένων	_	_
7.3	1912	[3]	αὐτῷ	_	_
7.3	1913	[1]	μηνίγγων	_	_
7.3	1914	[156]	,	b	_
7.3	1915	[8]	διὰ	_	_
7.3	1916	[27]	μὲν	_	_
7.3	1917	[42]	τῆς	_	_
7.3	1918	[27]	κατὰ	_	_
7.3	1919	[16]	τὸν	_	_
7.3	1920	[10]	ἐγκέφαλον	_	_
7.3	1921	[1]	ἀποφύσεως	_	_
7.3	1922	[4]	ἥ	_	_
7.3	1923	[4]	τ	_	_
7.3	1924	[58]	’	b	_
7.3	1925	[2]	αἴσθησις	_	_
7.3	1926	[1]	ἅπασι	_	_
7.3	1927	[11]	τοῖς	_	_
7.3	1928	[1]	μέλεσι	_	_
7.3	1929	[63]	καὶ	_	_
7.3	1930	[16]	ἡ	_	_
7.3	1931	[1]	κίνησις	_	_
7.3	1932	[1]	χορηγεῖται	_	_
7.3	1933	[157]	,	b	_
7.3	1934	[2]	ὃ	_	_
7.3	1935	[15]	δ	_	_
7.3	1936	[59]	’	b	_
7.3	1937	[1]	ἑκατέρας	_	_
7.3	1938	[48]	τῶν	_	_
7.3	1939	[2]	μηνίγγων	_	_
7.3	1940	[6]	ἐστὶν	_	_
7.3	1941	[1]	ἀποβλάστημα	_	_
7.3	1942	[158]	,	b	_
7.3	1943	[40]	τὴν	_	_
7.3	1944	[2]	αὐτὴν	_	_
7.3	1945	[1]	χρείαν	_	_
7.3	1946	[1]	παρέχει	_	_
7.3	1947	[12]	τοῖς	_	_
7.3	1948	[3]	νεύροις	_	_
7.3	1949	[159]	,	b	_
7.3	1950	[1]	ἥν	_	_
7.3	1951	[3]	περ	_	_
7.3	1952	[2]	ἐγκεφάλῳ	_	_
7.3	1953	[1]	παρεῖχον	_	_
7.3	1954	[1]	ἐκεῖναι	_	_
7.3	1955	[45]	.	b	_
7.3	1956	[2]	διὸ	_	_
7.3	1957	[160]	,	b	_
7.3	1958	[1]	κᾂν	_	_
7.3	1959	[1]	ἄμφω	_	_
7.3	1960	[1]	περιέλῃς	_	_
7.3	1961	[161]	,	b	_
7.3	1962	[1]	οὐδὲν	_	_
7.3	1963	[1]	βλάπτεται	_	_
7.3	1964	[41]	τὸ	_	_
7.3	1965	[1]	μόριον	_	_
7.3	1966	[162]	,	b	_
7.3	1967	[14]	εἰς	_	_
7.3	1968	[3]	ὃ	_	_
7.3	1969	[42]	τὸ	_	_
7.3	1970	[2]	νεῦρον	_	_
7.3	1971	[1]	ἀφικνεῖται	_	_
7.3	1972	[163]	,	b	_
7.3	1973	[2]	καθάπερ	_	_
7.3	1974	[6]	οὐδ	_	_
7.3	1975	[60]	’	b	_
7.3	1976	[6]	εἰ	_	_
7.3	1977	[17]	τὸν	_	_
7.3	1978	[11]	ἐγκέφαλον	_	_
7.3	1979	[2]	αὐτὸν	_	_
7.3	1980	[1]	ἀφέλοιο	_	_
7.3	1981	[15]	τὰς	_	_
7.3	1982	[2]	ἔξωθεν	_	_
7.3	1983	[1]	μήνιγγας	_	_
7.3	1984	[46]	.	b	_
7.3	1985	[2]	οὐδὲν	_	_
7.3	1986	[10]	γὰρ	_	_
7.3	1987	[7]	οὐδ	_	_
7.3	1988	[61]	’	b	_
7.3	1989	[14]	ἐπὶ	_	_
7.3	1990	[1]	ταύταις	_	_
7.3	1991	[2]	βλάπτεται	_	_
7.3	1992	[43]	τὸ	_	_
7.3	1993	[11]	ζῶον	_	_
7.3	1994	[1]	ἔν	_	_
7.3	1995	[5]	γε	_	_
7.3	1996	[19]	τῷ	_	_
7.3	1997	[1]	παραυτίκα	_	_
7.3	1998	[1]	χρόνῳ	_	_
7.3	1999	[47]	.	b	_
7.3	2000	[2]	ὕστερον	_	_
7.3	2001	[16]	δ	_	_
7.3	2002	[62]	’	b	_
7.3	2003	[7]	εἰ	_	_
7.3	2004	[28]	κατὰ	_	_
7.3	2005	[1]	συμπάθειαν	_	_
7.3	2006	[1]	ἕπεται	_	_
7.3	2007	[1]	κίνδυνος	_	_
7.3	2008	[164]	,	b	_
7.3	2009	[3]	οὐδὲν	_	_
7.3	2010	[5]	τοῦτο	_	_
7.3	2011	[4]	ἐστὶ	_	_
7.3	2012	[3]	πρὸς	_	_
7.3	2013	[44]	τὸ	_	_
7.3	2014	[1]	ζητούμενον	_	_
7.3	2015	[48]	.	b	_
7.4	1	[1]	Πότερον	_	_
7.4	2	[1]	οὖν	_	_
7.4	3	[1]	,	b	_
7.4	4	[1]	ὥσπερ	_	_
7.4	5	[1]	ἐπὶ	_	_
7.4	6	[1]	τῶν	_	_
7.4	7	[1]	κοιλιῶν	_	_
7.4	8	[1]	τοῦ	_	_
7.4	9	[1]	ἐγκεφάλου	_	_
7.4	10	[1]	κενωθέντος	_	_
7.4	11	[2]	τοῦ	_	_
7.4	12	[1]	πνεύματος	_	_
7.4	13	[1]	ὅλον	_	_
7.4	14	[1]	τὸ	_	_
7.4	15	[1]	ζῶον	_	_
7.4	16	[1]	ἀναί	_	_
7.4	17	[1]	σθητον	_	_
7.4	18	[1]	ἐγίνετο	_	_
7.4	19	[2]	,	b	_
7.4	20	[1]	καὶ	_	_
7.4	21	[1]	διὰ	_	_
7.4	22	[1]	τοῦτ	_	_
7.4	23	[1]	’	b	_
7.4	24	[1]	ἔφαμεν	_	_
7.4	25	[1]	αὐτὸ	_	_
7.4	26	[1]	χρήσιμον	_	_
7.4	27	[1]	ὑπάρχειν	_	_
7.4	28	[1]	εἰς	_	_
7.4	29	[1]	τὰς	_	_
7.4	30	[2]	τῶν	_	_
7.4	31	[1]	μορίων	_	_
7.4	32	[1]	αἰσθήσεις	_	_
7.4	33	[1]	τε	_	_
7.4	34	[2]	καὶ	_	_
7.4	35	[1]	κινήσεις	_	_
7.4	36	[3]	,	b	_
7.4	37	[1]	οὕτως	_	_
7.4	38	[1]	ἡγητέον	_	_
7.4	39	[1]	ἐστὶ	_	_
7.4	40	[4]	,	b	_
7.4	41	[3]	καὶ	_	_
7.4	42	[1]	καθ	_	_
7.4	43	[2]	’	b	_
7.4	44	[1]	ἕκαστον	_	_
7.4	45	[1]	νεῦρον	_	_
7.4	46	[1]	εἶναί	_	_
7.4	47	[1]	τι	_	_
7.4	48	[1]	πνεῦμα	_	_
7.4	49	[5]	,	b	_
7.4	50	[4]	καὶ	_	_
7.4	51	[1]	πότερον	_	_
7.4	52	[1]	ἐγχώριόν	_	_
7.4	53	[1]	τέ	_	_
7.4	54	[2]	τι	_	_
7.4	55	[5]	καὶ	_	_
7.4	56	[1]	σύμφυτον	_	_
7.4	57	[1]	αὐτοῖς	_	_
7.4	58	[1]	εἶναι	_	_
7.4	59	[1]	τοῦτο	_	_
7.4	60	[2]	τὸ	_	_
7.4	61	[1]	πληττόμενον	_	_
7.4	62	[1]	ὑπὸ	_	_
7.4	63	[3]	τοῦ	_	_
7.4	64	[1]	παρὰ	_	_
7.4	65	[1]	τῆς	_	_
7.4	66	[1]	ἀρχῆς	_	_
7.4	67	[1]	ἥκοντος	_	_
7.4	68	[2]	ὥσπερ	_	_
7.4	69	[1]	ἀγγέλου	_	_
7.4	70	[1]	τινὸς	_	_
7.4	71	[6]	,	b	_
7.4	72	[1]	ἢ	_	_
7.4	73	[2]	σύμφυτον	_	_
7.4	74	[1]	μέν	_	_
7.4	75	[1]	ἐστιν	_	_
7.4	76	[2]	αὐτοῖς	_	_
7.4	77	[1]	οὐδὲν	_	_
7.4	78	[7]	,	b	_
7.4	79	[1]	ἐπιῤῥεῖ	_	_
7.4	80	[1]	δ	_	_
7.4	81	[3]	’	b	_
7.4	82	[1]	ἐξ	_	_
7.4	83	[2]	ἐγκεφάλου	_	_
7.4	84	[1]	κατ	_	_
7.4	85	[4]	’	b	_
7.4	86	[1]	ἐκεῖνον	_	_
7.4	87	[1]	τὸν	_	_
7.4	88	[1]	καιρὸν	_	_
7.4	89	[8]	,	b	_
7.4	90	[1]	ἐν	_	_
7.4	91	[1]	ᾧ	_	_
7.4	92	[1]	κινῆσαι	_	_
7.4	93	[1]	προαιρούμεθα	_	_
7.4	94	[3]	τὸ	_	_
7.4	95	[1]	μέρος	_	_
7.4	96	[9]	,	b	_
7.4	97	[1]	ἐγὼ	_	_
7.4	98	[1]	μὲν	_	_
7.4	99	[1]	οὐκ	_	_
7.4	100	[1]	ἔχω	_	_
7.4	101	[1]	προχείρως	_	_
7.4	102	[1]	ἀποφῄνασθαι	_	_
7.4	103	[10]	,	b	_
7.4	104	[1]	προκείσθω	_	_
7.4	105	[2]	δ	_	_
7.4	106	[5]	’	b	_
7.4	107	[2]	ἐν	_	_
7.4	108	[1]	κοινῷ	_	_
7.4	109	[1]	σκοπεῖσθαι	_	_
7.4	110	[6]	καὶ	_	_
7.4	111	[1]	ταῦτα	_	_
7.4	112	[2]	μὲν	_	_
7.4	113	[1]	ἄμφω	_	_
7.4	114	[1]	τὰ	_	_
7.4	115	[1]	νῦν	_	_
7.4	116	[1]	εἰρημένα	_	_
7.4	117	[11]	,	b	_
7.4	118	[7]	καὶ	_	_
7.4	119	[1]	πρὸς	_	_
7.4	120	[1]	τοῖσδε	_	_
7.4	121	[1]	τρίτον	_	_
7.4	122	[1]	ἡ	_	_
7.4	123	[1]	κατὰ	_	_
7.4	124	[1]	ποιότητα	_	_
7.4	125	[3]	τῶν	_	_
7.4	126	[1]	συνεχῶν	_	_
7.4	127	[1]	ἀλλοίωσις	_	_
7.4	128	[12]	,	b	_
7.4	129	[1]	ὅπερ	_	_
7.4	130	[1]	αἰνίττεσθαί	_	_
7.4	131	[1]	μοι	_	_
7.4	132	[1]	δοκοῦσιν	_	_
7.4	133	[1]	οἱ	_	_
7.4	134	[2]	κατὰ	_	_
7.4	135	[1]	δύναμιν	_	_
7.4	136	[1]	ἐπιῤῥεῖν	_	_
7.4	137	[1]	τινα	_	_
7.4	138	[1]	χωρὶς	_	_
7.4	139	[1]	οὐσίας	_	_
7.4	140	[1]	φάσκοντες	_	_
7.4	141	[1]	.	b	_
7.4	142	[1]	αἱ	_	_
7.4	143	[1]	γὰρ	_	_
7.4	144	[2]	κατ	_	_
7.4	145	[6]	’	b	_
7.4	146	[1]	ἀλλοίωσιν	_	_
7.4	147	[2]	εἰς	_	_
7.4	148	[2]	τὰ	_	_
7.4	149	[1]	συνεχῆ	_	_
7.4	150	[1]	σώματα	_	_
7.4	151	[1]	διαδόσεις	_	_
7.4	152	[4]	τῶν	_	_
7.4	153	[1]	ποιοτήτων	_	_
7.4	154	[1]	ἐπιῤῥοαὶ	_	_
7.4	155	[1]	δυνάμεως	_	_
7.4	156	[1]	ὑπ	_	_
7.4	157	[7]	’	b	_
7.4	158	[1]	αὐτῶν	_	_
7.4	159	[1]	λέγονται	_	_
7.4	160	[13]	,	b	_
7.4	161	[1]	καθάπερ	_	_
7.4	162	[14]	,	b	_
7.4	163	[1]	ὅταν	_	_
7.4	164	[2]	ἐπὶ	_	_
7.4	165	[4]	τοῦ	_	_
7.4	166	[1]	περιέχοντος	_	_
7.4	167	[1]	ἀέρος	_	_
7.4	168	[1]	ἐκ	_	_
7.4	169	[2]	τῆς	_	_
7.4	170	[1]	ἡλιακῆς	_	_
7.4	171	[1]	αὐγῆς	_	_
7.4	172	[1]	ὁρμηθεῖσά	_	_
7.4	173	[1]	τις	_	_
7.4	174	[1]	ποιότης	_	_
7.4	175	[3]	εἰς	_	_
7.4	176	[1]	ἅπαν	_	_
7.4	177	[1]	αὐτοῦ	_	_
7.4	178	[2]	μέρος	_	_
7.4	179	[1]	ἀφικνῆται	_	_
7.4	180	[15]	,	b	_
7.4	181	[1]	διάδοσις	_	_
7.4	182	[1]	αὐτῆς	_	_
7.4	183	[3]	τῆς	_	_
7.4	184	[2]	οὐσίας	_	_
7.4	185	[5]	τοῦ	_	_
7.4	186	[1]	ἡλίου	_	_
7.4	187	[1]	μενούσης	_	_
7.4	188	[3]	κατὰ	_	_
7.4	189	[1]	χώραν	_	_
7.4	190	[2]	.	b	_
7.4	191	[1]	ἐπιδέδεικται	_	_
7.4	192	[2]	γὰρ	_	_
7.4	193	[1]	ἡμῖν	_	_
7.4	194	[2]	τοῦτο	_	_
7.4	195	[4]	κατὰ	_	_
7.4	196	[1]	τὴν	_	_
7.4	197	[1]	περὶ	_	_
7.4	198	[4]	τῆς	_	_
7.4	199	[1]	ἀποδείξεως	_	_
7.4	200	[1]	πραγματείαν	_	_
7.4	201	[3]	.	b	_
7.4	202	[1]	οὔκουν	_	_
7.4	203	[1]	οἷόν	_	_
7.4	204	[2]	τε	_	_
7.4	205	[2]	προχείρως	_	_
7.4	206	[2]	ἀποφῄνασθαι	_	_
7.4	207	[16]	,	b	_
7.4	208	[2]	πότερον	_	_
7.4	209	[2]	οὕτως	_	_
7.4	210	[2]	ἐξ	_	_
7.4	211	[3]	ἐγκεφάλου	_	_
7.4	212	[1]	δύναμις	_	_
7.4	213	[2]	ἐπιῤῥεῖ	_	_
7.4	214	[1]	τοῖς	_	_
7.4	215	[1]	μέλεσι	_	_
7.4	216	[2]	διὰ	_	_
7.4	217	[1]	νεύρων	_	_
7.4	218	[17]	,	b	_
7.4	219	[2]	ἢ	_	_
7.4	220	[5]	τῆς	_	_
7.4	221	[6]	τοῦ	_	_
7.4	222	[2]	πνεύματος	_	_
7.4	223	[3]	οὐσίας	_	_
7.4	224	[1]	παραγινομένης	_	_
7.4	225	[1]	ἄχρι	_	_
7.4	226	[5]	τῶν	_	_
7.4	227	[1]	αἰσθανομένων	_	_
7.4	228	[8]	καὶ	_	_
7.4	229	[1]	κινουμένων	_	_
7.4	230	[2]	μορίων	_	_
7.4	231	[18]	,	b	_
7.4	232	[3]	ἢ	_	_
7.4	233	[1]	μέχρι	_	_
7.4	234	[2]	τινὸς	_	_
7.4	235	[1]	ἐμπιπτούσης	_	_
7.4	236	[2]	τοῖς	_	_
7.4	237	[1]	νεύροις	_	_
7.4	238	[19]	,	b	_
7.4	239	[1]	ὡς	_	_
7.4	240	[1]	ἀλλοιῶσαι	_	_
7.4	241	[1]	σφοδρῶς	_	_
7.4	242	[1]	αὐτὰ	_	_
7.4	243	[20]	,	b	_
7.4	244	[1]	κᾄπειθ	_	_
7.4	245	[8]	’	b	_
7.4	246	[3]	οὕτως	_	_
7.4	247	[6]	τῆς	_	_
7.4	248	[1]	ἀλλοιώσεως	_	_
7.4	249	[2]	ἄχρι	_	_
7.4	250	[6]	τῶν	_	_
7.4	251	[2]	κινουμένων	_	_
7.4	252	[1]	μελῶν	_	_
7.4	253	[1]	διαδιδομένης	_	_
7.4	254	[4]	.	b	_
7.4	255	[1]	τοιοῦτον	_	_
7.4	256	[1]	γοῦν	_	_
7.4	257	[3]	τι	_	_
7.4	258	[9]	καὶ	_	_
7.4	259	[5]	κατὰ	_	_
7.4	260	[2]	τὴν	_	_
7.4	261	[1]	ὀπτικὴν	_	_
7.4	262	[1]	αἴσθησιν	_	_
7.4	263	[3]	ἐν	_	_
7.4	264	[3]	τοῖς	_	_
7.4	265	[2]	περὶ	_	_
7.4	266	[7]	τῆς	_	_
7.4	267	[2]	ἀποδείξεως	_	_
7.4	268	[1]	ἐδείχθη	_	_
7.4	269	[1]	γιγνόμενον	_	_
7.4	270	[5]	.	b	_
7.4	271	[1]	ὅτι	_	_
7.4	272	[3]	γὰρ	_	_
7.4	273	[1]	ἐπ	_	_
7.4	274	[9]	’	b	_
7.4	275	[1]	ἐκείνων	_	_
7.4	276	[7]	τῶν	_	_
7.4	277	[2]	νεύρων	_	_
7.4	278	[1]	αὐγοειδὲς	_	_
7.4	279	[1]	φέρεται	_	_
7.4	280	[2]	πνεῦμα	_	_
7.4	281	[21]	,	b	_
7.4	282	[1]	τρήματα	_	_
7.4	283	[1]	ἐχόντων	_	_
7.4	284	[1]	σαφῆ	_	_
7.4	285	[1]	κατά	_	_
7.4	286	[3]	τε	_	_
7.4	287	[3]	τὴν	_	_
7.4	288	[1]	ἄνωθεν	_	_
7.4	289	[1]	ἀρχὴν	_	_
7.4	290	[10]	καὶ	_	_
7.4	291	[4]	τὴν	_	_
7.4	292	[4]	εἰς	_	_
7.4	293	[1]	τοὺς	_	_
7.4	294	[1]	ὀφθαλμοὺς	_	_
7.4	295	[1]	ἔμφυσιν	_	_
7.4	296	[22]	,	b	_
7.4	297	[4]	ἐν	_	_
7.4	298	[1]	ταῖς	_	_
7.4	299	[8]	τῶν	_	_
7.4	300	[1]	μεγάλων	_	_
7.4	301	[1]	ζώων	_	_
7.4	302	[1]	ἀνατομαῖς	_	_
7.4	303	[1]	ἔστι	_	_
7.4	304	[1]	θεάσασθαι	_	_
7.4	305	[6]	.	b	_
7.4	306	[4]	τὸ	_	_
7.4	307	[3]	μὲν	_	_
7.4	308	[2]	οὖν	_	_
7.4	309	[1]	κάτωθεν	_	_
7.4	310	[11]	καὶ	_	_
7.4	311	[2]	πρὸς	_	_
7.4	312	[4]	τοῖς	_	_
7.4	313	[1]	ὀφθαλμοῖς	_	_
7.4	314	[2]	οἱ	_	_
7.4	315	[1]	πλεῖστοι	_	_
7.4	316	[9]	τῶν	_	_
7.4	317	[1]	ἀνατομικῶν	_	_
7.4	318	[1]	ἐγνώκασιν	_	_
7.4	319	[23]	,	b	_
7.4	320	[2]	ἡ	_	_
7.4	321	[3]	δ	_	_
7.4	322	[10]	’	b	_
7.4	323	[2]	ἄνωθεν	_	_
7.4	324	[1]	ἀρχὴ	_	_
7.4	325	[1]	τῶνδε	_	_
7.4	326	[10]	τῶν	_	_
7.4	327	[3]	νεύρων	_	_
7.4	328	[1]	σχεδὸν	_	_
7.4	329	[1]	ἅπασιν	_	_
7.4	330	[3]	αὐτοῖς	_	_
7.4	331	[1]	ἠγνόηται	_	_
7.4	332	[6]	κατὰ	_	_
7.4	333	[5]	τὴν	_	_
7.4	334	[5]	εἰς	_	_
7.4	335	[5]	τὸ	_	_
7.4	336	[1]	πλάγιον	_	_
7.4	337	[1]	ἐπιστροφὴν	_	_
7.4	338	[1]	οὖσαν	_	_
7.4	339	[11]	τῶν	_	_
7.4	340	[1]	προσθίων	_	_
7.4	341	[2]	κοιλιῶν	_	_
7.4	342	[24]	,	b	_
7.4	343	[1]	ἑκατέρας	_	_
7.4	344	[1]	γε	_	_
7.4	345	[2]	αὐτῶν	_	_
7.4	346	[1]	στενὴν	_	_
7.4	347	[12]	καὶ	_	_
7.4	348	[1]	προμήκη	_	_
7.4	349	[6]	τὴν	_	_
7.4	350	[1]	κάτω	_	_
7.4	351	[1]	τελευτὴν	_	_
7.4	352	[1]	ἐχούσης	_	_
7.4	353	[25]	,	b	_
7.4	354	[1]	ἔνθα	_	_
7.4	355	[12]	τῶν	_	_
7.4	356	[8]	τῆς	_	_
7.4	357	[1]	ῥινὸς	_	_
7.4	358	[1]	πόρων	_	_
7.4	359	[1]	ἐστὶν	_	_
7.4	360	[3]	ἡ	_	_
7.4	361	[1]	ῥίζα	_	_
7.4	362	[7]	.	b	_
7.4	363	[6]	τὸ	_	_
7.4	364	[1]	δὲ	_	_
7.4	365	[1]	ἄνω	_	_
7.4	366	[1]	πέρας	_	_
7.4	367	[26]	,	b	_
7.4	368	[1]	ὃ	_	_
7.4	369	[3]	πρὸς	_	_
7.4	370	[7]	τὴν	_	_
7.4	371	[1]	μέσην	_	_
7.4	372	[1]	ἀνήκει	_	_
7.4	373	[1]	κοιλίαν	_	_
7.4	374	[1]	εὐρυνόμενον	_	_
7.4	375	[27]	,	b	_
7.4	376	[1]	ἐπιστροφή	_	_
7.4	377	[2]	τις	_	_
7.4	378	[1]	ἐντεῦθεν	_	_
7.4	379	[6]	εἰς	_	_
7.4	380	[7]	τὸ	_	_
7.4	381	[2]	πλάγιον	_	_
7.4	382	[1]	γίγνεται	_	_
7.4	383	[1]	ῥέπουσα	_	_
7.4	384	[1]	βραχὺ	_	_
7.4	385	[1]	πρός	_	_
7.4	386	[4]	τε	_	_
7.4	387	[8]	τὸ	_	_
7.4	388	[2]	κάτω	_	_
7.4	389	[13]	καὶ	_	_
7.4	390	[8]	τὴν	_	_
7.4	391	[1]	βάσιν	_	_
7.4	392	[8]	.	b	_
7.4	393	[1]	οὐ	_	_
7.4	394	[1]	μὴν	_	_
7.4	395	[1]	ἐξικνοῦνταί	_	_
7.4	396	[1]	γ	_	_
7.4	397	[11]	’	b	_
7.4	398	[2]	ἐπ	_	_
7.4	399	[12]	’	b	_
7.4	400	[1]	ἐκείνην	_	_
7.4	401	[28]	,	b	_
7.4	402	[1]	ἀλλὰ	_	_
7.4	403	[3]	κατ	_	_
7.4	404	[13]	’	b	_
7.4	405	[1]	ὀλίγον	_	_
7.4	406	[1]	στενωθεῖσαι	_	_
7.4	407	[1]	παύονται	_	_
7.4	408	[1]	κέρατος	_	_
7.4	409	[1]	δίκην	_	_
7.4	410	[29]	,	b	_
7.4	411	[2]	οὐκ	_	_
7.4	412	[1]	ἀκριβῶς	_	_
7.4	413	[1]	εὐθέως	_	_
7.4	414	[30]	,	b	_
7.4	415	[1]	ἀλλ	_	_
7.4	416	[14]	’	b	_
7.4	417	[1]	ἀτρέμα	_	_
7.4	418	[1]	πως	_	_
7.4	419	[1]	ἀποστρεφομένου	_	_
7.4	420	[9]	.	b	_
7.4	421	[4]	πρὸς	_	_
7.4	422	[3]	τοῦτο	_	_
7.4	423	[3]	οὖν	_	_
7.4	424	[9]	τὸ	_	_
7.4	425	[2]	πέρας	_	_
7.4	426	[13]	τῶν	_	_
7.4	427	[3]	κοιλιῶν	_	_
7.4	428	[2]	ἀνήκει	_	_
7.4	429	[14]	τῶν	_	_
7.4	430	[1]	ὀπτικῶν	_	_
7.4	431	[4]	νεύρων	_	_
7.4	432	[4]	ἡ	_	_
7.4	433	[2]	ἀρχὴ	_	_
7.4	434	[31]	,	b	_
7.4	435	[1]	τρῆμα	_	_
7.4	436	[1]	δυσθεώρητον	_	_
7.4	437	[1]	ἔχουσα	_	_
7.4	438	[10]	.	b	_
7.4	439	[1]	θεάσῃ	_	_
7.4	440	[2]	δὲ	_	_
7.4	441	[2]	αὐτὸ	_	_
7.4	442	[1]	τριῶν	_	_
7.4	443	[1]	τούτων	_	_
7.4	444	[1]	στοχασάμενος	_	_
7.4	445	[32]	,	b	_
7.4	446	[1]	ἑνὸς	_	_
7.4	447	[4]	μὲν	_	_
7.4	448	[7]	τοῦ	_	_
7.4	449	[1]	μέγα	_	_
7.4	450	[10]	τὸ	_	_
7.4	451	[2]	ζῶον	_	_
7.4	452	[2]	εἶναι	_	_
7.4	453	[33]	,	b	_
7.4	454	[1]	δευτέρου	_	_
7.4	455	[3]	δὲ	_	_
7.4	456	[8]	τοῦ	_	_
7.4	457	[1]	παραχρῆμα	_	_
7.4	458	[1]	μετὰ	_	_
7.4	459	[2]	τὸν	_	_
7.4	460	[1]	θάνατον	_	_
7.4	461	[1]	ἀνατέμνεσθαι	_	_
7.4	462	[34]	,	b	_
7.4	463	[14]	καὶ	_	_
7.4	464	[1]	τρίτου	_	_
7.4	465	[9]	τοῦ	_	_
7.4	466	[3]	τὸν	_	_
7.4	467	[1]	πέριξ	_	_
7.4	468	[1]	ἀέρα	_	_
7.4	469	[1]	φωτεινὸν	_	_
7.4	470	[3]	εἶναι	_	_
7.4	471	[11]	.	b	_
7.4	472	[1]	ἐὰν	_	_
7.4	473	[4]	γὰρ	_	_
7.4	474	[3]	ἐπὶ	_	_
7.4	475	[1]	τούτοις	_	_
7.4	476	[1]	οὕτω	_	_
7.4	477	[1]	παρεσκευασμένοις	_	_
7.4	478	[1]	γυμνώσῃς	_	_
7.4	479	[35]	,	b	_
7.4	480	[1]	ἐπιτηδείως	_	_
7.4	481	[11]	τὸ	_	_
7.4	482	[3]	πέρας	_	_
7.4	483	[9]	τῆς	_	_
7.4	484	[1]	κοιλίας	_	_
7.4	485	[1]	ἀφελὼν	_	_
7.4	486	[36]	,	b	_
7.4	487	[1]	ἅπαντα	_	_
7.4	488	[3]	τὰ	_	_
7.4	489	[4]	κατ	_	_
7.4	490	[15]	’	b	_
7.4	491	[2]	αὐτῆς	_	_
7.4	492	[1]	ἐπικείμενα	_	_
7.4	493	[2]	σώματα	_	_
7.4	494	[2]	χωρὶς	_	_
7.4	495	[10]	τοῦ	_	_
7.4	496	[1]	διασπάσαι	_	_
7.4	497	[5]	τε	_	_
7.4	498	[15]	καὶ	_	_
7.4	499	[1]	θλάσαι	_	_
7.4	500	[9]	τὴν	_	_
7.4	501	[1]	ἔκφυσιν	_	_
7.4	502	[11]	τοῦ	_	_
7.4	503	[1]	νεύρου	_	_
7.4	504	[37]	,	b	_
7.4	505	[2]	θεάσῃ	_	_
7.4	506	[12]	τὸ	_	_
7.4	507	[7]	κατὰ	_	_
7.4	508	[10]	τὴν	_	_
7.4	509	[2]	ἀρχὴν	_	_
7.4	510	[2]	αὐτοῦ	_	_
7.4	511	[2]	τρῆμα	_	_
7.4	512	[12]	.	b	_
7.4	513	[2]	ὅτι	_	_
7.4	514	[5]	μὲν	_	_
7.4	515	[4]	οὖν	_	_
7.4	516	[1]	φέρεταί	_	_
7.4	517	[4]	τι	_	_
7.4	518	[3]	πνεῦμα	_	_
7.4	519	[3]	διὰ	_	_
7.4	520	[15]	τῶν	_	_
7.4	521	[2]	πόρων	_	_
7.4	522	[2]	τούτων	_	_
7.4	523	[4]	ἐπὶ	_	_
7.4	524	[2]	τοὺς	_	_
7.4	525	[2]	ὀφθαλμοὺς	_	_
7.4	526	[38]	,	b	_
7.4	527	[1]	ἥ	_	_
7.4	528	[6]	τε	_	_
7.4	529	[1]	κατασκευή	_	_
7.4	530	[1]	σε	_	_
7.4	531	[1]	διδάσκει	_	_
7.4	532	[16]	καὶ	_	_
7.4	533	[1]	προσέτι	_	_
7.4	534	[13]	τὸ	_	_
7.4	535	[1]	κλεισθέντος	_	_
7.4	536	[6]	μὲν	_	_
7.4	537	[3]	αὐτῶν	_	_
7.4	538	[2]	ἑνὸς	_	_
7.4	539	[1]	εὐρύνεσθαι	_	_
7.4	540	[1]	θατέρου	_	_
7.4	541	[11]	τὴν	_	_
7.4	542	[1]	κόρην	_	_
7.4	543	[39]	,	b	_
7.4	544	[1]	ἀνοιχθέντος	_	_
7.4	545	[4]	δὲ	_	_
7.4	546	[2]	παραχρῆμα	_	_
7.4	547	[1]	πάλιν	_	_
7.4	548	[7]	εἰς	_	_
7.4	549	[14]	τὸ	_	_
7.4	550	[8]	κατὰ	_	_
7.4	551	[1]	φύσιν	_	_
7.4	552	[1]	ἐπανέρχεσθαι	_	_
7.4	553	[1]	μέγεθος	_	_
7.4	554	[13]	.	b	_
7.4	555	[3]	ὅτι	_	_
7.4	556	[7]	τε	_	_
7.4	557	[5]	γὰρ	_	_
7.4	558	[1]	ὑπό	_	_
7.4	559	[1]	τινος	_	_
7.4	560	[4]	οὐσίας	_	_
7.4	561	[1]	διατεινομένου	_	_
7.4	562	[12]	τοῦ	_	_
7.4	563	[1]	ῥαγοειδοῦς	_	_
7.4	564	[1]	χιτῶνος	_	_
7.4	565	[5]	ἐν	_	_
7.4	566	[1]	τῷ	_	_
7.4	567	[1]	πληροῦσθαι	_	_
7.4	568	[12]	τὴν	_	_
7.4	569	[1]	ἔνδον	_	_
7.4	570	[3]	αὐτοῦ	_	_
7.4	571	[2]	χώραν	_	_
7.4	572	[1]	ἀναγκαῖόν	_	_
7.4	573	[2]	ἐστιν	_	_
7.4	574	[2]	εὐρύνεσθαι	_	_
7.4	575	[2]	τῷ	_	_
7.4	576	[9]	κατὰ	_	_
7.4	577	[13]	τὴν	_	_
7.4	578	[2]	κόρην	_	_
7.4	579	[1]	τρήματι	_	_
7.4	580	[17]	καὶ	_	_
7.4	581	[1]	ἄλλως	_	_
7.4	582	[1]	ἀμήχανον	_	_
7.4	583	[40]	,	b	_
7.4	584	[4]	ὅτι	_	_
7.4	585	[8]	τε	_	_
7.4	586	[15]	τὸ	_	_
7.4	587	[1]	τάχος	_	_
7.4	588	[10]	τῆς	_	_
7.4	589	[1]	κενώσεώς	_	_
7.4	590	[9]	τε	_	_
7.4	591	[18]	καὶ	_	_
7.4	592	[1]	πληρώσεως	_	_
7.4	593	[1]	οὐχ	_	_
7.4	594	[1]	ὑγροῦ	_	_
7.4	595	[2]	τινος	_	_
7.4	596	[1]	ἐπιῤῥέοντος	_	_
7.4	597	[41]	,	b	_
7.4	598	[2]	ἀλλὰ	_	_
7.4	599	[1]	μόνης	_	_
7.4	600	[2]	ἐστὶ	_	_
7.4	601	[1]	πνευματικῆς	_	_
7.4	602	[1]	ἔργον	_	_
7.4	603	[5]	οὐσίας	_	_
7.4	604	[42]	,	b	_
7.4	605	[2]	οὐ	_	_
7.4	606	[1]	χαλεπὸν	_	_
7.4	607	[1]	συνιδεῖν	_	_
7.4	608	[14]	.	b	_
7.4	609	[1]	ἐπεὶ	_	_
7.4	610	[4]	δ	_	_
7.4	611	[16]	’	b	_
7.4	612	[1]	ἐς	_	_
7.4	613	[1]	ταὐτὸ	_	_
7.4	614	[1]	ἀμφότεροι	_	_
7.4	615	[3]	οἱ	_	_
7.4	616	[1]	πόροι	_	_
7.4	617	[1]	παραγίγνονται	_	_
7.4	618	[43]	,	b	_
7.4	619	[1]	(	a	_
7.4	620	[19]	καὶ	_	_
7.4	621	[6]	γὰρ	_	_
7.4	622	[20]	καὶ	_	_
7.4	623	[2]	τοῦτ	_	_
7.4	624	[17]	’	b	_
7.4	625	[1]	ἐναργῶς	_	_
7.4	626	[1]	φαίνεται	_	_
7.4	627	[4]	διὰ	_	_
7.4	628	[11]	τῆς	_	_
7.4	629	[1]	ἀνατομῆς	_	_
7.4	630	[44]	,	b	_
7.4	631	[1]	)	b	_
7.4	632	[1]	εἰκός	_	_
7.4	633	[1]	ἐστι	_	_
7.4	634	[45]	,	b	_
7.4	635	[14]	τὴν	_	_
7.4	636	[1]	κοινὴν	_	_
7.4	637	[3]	χώραν	_	_
7.4	638	[3]	ἐξ	_	_
7.4	639	[1]	ἀμφοτέρων	_	_
7.4	640	[16]	τῶν	_	_
7.4	641	[3]	πόρων	_	_
7.4	642	[16]	τὸ	_	_
7.4	643	[4]	πνεῦμα	_	_
7.4	644	[1]	δεχομένην	_	_
7.4	645	[6]	ἐν	_	_
7.4	646	[3]	τῷ	_	_
7.4	647	[1]	μῦσαι	_	_
7.4	648	[4]	τὸν	_	_
7.4	649	[1]	ἕτερον	_	_
7.4	650	[1]	ὀφθαλμὸν	_	_
7.4	651	[1]	ἐπιπέμπειν	_	_
7.4	652	[4]	τῷ	_	_
7.4	653	[1]	λοιπῷ	_	_
7.4	654	[1]	σύμπαν	_	_
7.4	655	[1]	αὐτό	_	_
7.4	656	[15]	.	b	_
7.4	657	[1]	μέγιστον	_	_
7.4	658	[5]	δὲ	_	_
7.4	659	[1]	μαρτύριον	_	_
7.4	660	[13]	τοῦ	_	_
7.4	661	[1]	λεγομένου	_	_
7.4	662	[21]	καὶ	_	_
7.4	663	[17]	τὸ	_	_
7.4	664	[17]	τῶν	_	_
7.4	665	[1]	ὑποκεχυμένων	_	_
7.4	666	[46]	,	b	_
7.4	667	[1]	οἷς	_	_
7.4	668	[7]	μὲν	_	_
7.4	669	[1]	ἂν	_	_
7.4	670	[1]	εὐρύνηται	_	_
7.4	671	[18]	τὸ	_	_
7.4	672	[3]	τρῆμα	_	_
7.4	673	[47]	,	b	_
7.4	674	[2]	κλεισθέντος	_	_
7.4	675	[2]	θατέρου	_	_
7.4	676	[18]	τῶν	_	_
7.4	677	[1]	ὀφθαλμῶν	_	_
7.4	678	[48]	,	b	_
7.4	679	[1]	ἔτι	_	_
7.4	680	[1]	σώζεσθαι	_	_
7.4	681	[15]	τὴν	_	_
7.4	682	[2]	ὀπτικὴν	_	_
7.4	683	[2]	δύναμιν	_	_
7.4	684	[49]	,	b	_
7.4	685	[2]	οἷς	_	_
7.4	686	[5]	δ	_	_
7.4	687	[18]	’	b	_
7.4	688	[2]	ἂν	_	_
7.4	689	[1]	μὴ	_	_
7.4	690	[1]	γίγνηται	_	_
7.4	691	[4]	τοῦτο	_	_
7.4	692	[50]	,	b	_
7.4	693	[1]	τελέως	_	_
7.4	694	[1]	ἀπολωλέναι	_	_
7.4	695	[51]	,	b	_
7.4	696	[22]	καὶ	_	_
7.4	697	[5]	διὰ	_	_
7.4	698	[5]	τοῦτο	_	_
7.4	699	[52]	,	b	_
7.4	700	[1]	κᾂν	_	_
7.4	701	[1]	καλῶς	_	_
7.4	702	[1]	καταχθῇ	_	_
7.4	703	[19]	τὸ	_	_
7.4	704	[1]	ὑπόχυμα	_	_
7.4	705	[53]	,	b	_
7.4	706	[2]	μὴ	_	_
7.4	707	[1]	βλέπειν	_	_
7.4	708	[1]	αὐτούς	_	_
7.4	709	[16]	.	b	_
7.4	710	[1]	ἄλλοις	_	_
7.4	711	[1]	δέ	_	_
7.4	712	[1]	τισι	_	_
7.4	713	[1]	συνέβη	_	_
7.4	714	[3]	μὴ	_	_
7.4	715	[2]	βλέπειν	_	_
7.4	716	[1]	ὑποχύματος	_	_
7.4	717	[3]	χωρὶς	_	_
7.4	718	[54]	,	b	_
7.4	719	[1]	ἐφ	_	_
7.4	720	[19]	’	b	_
7.4	721	[1]	ὧν	_	_
7.4	722	[1]	εἰ	_	_
7.4	723	[1]	κλεισθείη	_	_
7.4	724	[3]	θατέρου	_	_
7.4	725	[20]	τὸ	_	_
7.4	726	[1]	βλέφαρον	_	_
7.4	727	[55]	,	b	_
7.4	728	[5]	ἡ	_	_
7.4	729	[1]	κόρη	_	_
7.4	730	[5]	τὸν	_	_
7.4	731	[1]	ἴσον	_	_
7.4	732	[1]	ὁρᾶται	_	_
7.4	733	[1]	κύκλον	_	_
7.4	734	[2]	ἔχουσα	_	_
7.4	735	[5]	τῷ	_	_
7.4	736	[1]	πρόσθεν	_	_
7.4	737	[56]	,	b	_
7.4	738	[2]	ὡς	_	_
7.4	739	[3]	ἂν	_	_
7.4	740	[1]	μηκέτι	_	_
7.4	741	[2]	πνευματικῆς	_	_
7.4	742	[6]	οὐσίας	_	_
7.4	743	[1]	ἀφικνουμένης	_	_
7.4	744	[8]	εἰς	_	_
7.4	745	[6]	τὸν	_	_
7.4	746	[2]	ὀφθαλμὸν	_	_
7.4	747	[57]	,	b	_
7.4	748	[1]	ὑφ	_	_
7.4	749	[20]	’	b	_
7.4	750	[1]	ἧς	_	_
7.4	751	[1]	διατείνεται	_	_
7.4	752	[1]	πληρούμενος	_	_
7.4	753	[1]	ἔνδοθεν	_	_
7.4	754	[1]	ὁ	_	_
7.4	755	[1]	ῥαγοειδὴς	_	_
7.4	756	[1]	χιτών	_	_
7.4	757	[17]	.	b	_
7.4	758	[1]	εἰκότως	_	_
7.4	759	[5]	οὖν	_	_
7.4	760	[5]	ἐπὶ	_	_
7.4	761	[3]	τούτων	_	_
7.4	762	[1]	ἐμπεφράχθαι	_	_
7.4	763	[3]	τοὺς	_	_
7.4	764	[1]	πόρους	_	_
7.4	765	[19]	τῶν	_	_
7.4	766	[2]	ὀπτικῶν	_	_
7.4	767	[5]	νεύρων	_	_
7.4	768	[2]	ὑπὸ	_	_
7.4	769	[1]	πολλῶν	_	_
7.4	770	[1]	εὐδοκίμων	_	_
7.4	771	[1]	ἰατρῶν	_	_
7.4	772	[1]	εἴρηται	_	_
7.4	773	[18]	.	b	_
7.4	774	[23]	καὶ	_	_
7.4	775	[1]	οἶδά	_	_
7.4	776	[1]	γέ	_	_
7.4	777	[2]	τινα	_	_
7.4	778	[20]	τῶν	_	_
7.4	779	[2]	οὕτω	_	_
7.4	780	[1]	παθόντων	_	_
7.4	781	[1]	διηγούμενον	_	_
7.4	782	[2]	ἡμῖν	_	_
7.4	783	[58]	,	b	_
7.4	784	[3]	ὡς	_	_
7.4	785	[59]	,	b	_
7.4	786	[1]	πρὶν	_	_
7.4	787	[8]	μὲν	_	_
7.4	788	[1]	παθεῖν	_	_
7.4	789	[60]	,	b	_
7.4	790	[6]	ἐπὶ	_	_
7.4	791	[5]	τοῖς	_	_
7.4	792	[1]	ὕπνοις	_	_
7.4	793	[61]	,	b	_
7.4	794	[1]	ἀνοιχθέντων	_	_
7.4	795	[21]	τῶν	_	_
7.4	796	[1]	βλεφάρων	_	_
7.4	797	[62]	,	b	_
7.4	798	[1]	ἑώρα	_	_
7.4	799	[1]	φῶς	_	_
7.4	800	[1]	πολὺ	_	_
7.4	801	[1]	πρὸ	_	_
7.4	802	[22]	τῶν	_	_
7.4	803	[2]	ὀφθαλμῶν	_	_
7.4	804	[63]	,	b	_
7.4	805	[2]	ὅπερ	_	_
7.4	806	[1]	ἀμέλει	_	_
7.4	807	[1]	κᾀμοὶ	_	_
7.4	808	[24]	καὶ	_	_
7.4	809	[1]	πολλοῖς	_	_
7.4	810	[2]	ἄλλοις	_	_
7.4	811	[2]	ὑπάρχειν	_	_
7.4	812	[64]	,	b	_
7.4	813	[10]	κατὰ	_	_
7.4	814	[2]	βραχὺ	_	_
7.4	815	[6]	δ	_	_
7.4	816	[21]	’	b	_
7.4	817	[1]	ἔφη	_	_
7.4	818	[1]	μειωθῆναι	_	_
7.4	819	[1]	τό	_	_
7.4	820	[10]	τε	_	_
7.4	821	[2]	φῶς	_	_
7.4	822	[4]	αὐτοῦ	_	_
7.4	823	[2]	μέχρι	_	_
7.4	824	[14]	τοῦ	_	_
7.4	825	[1]	μηδ	_	_
7.4	826	[22]	’	b	_
7.4	827	[1]	ὅλως	_	_
7.4	828	[2]	ἔτι	_	_
7.4	829	[1]	φαίνεσθαι	_	_
7.4	830	[65]	,	b	_
7.4	831	[25]	καὶ	_	_
7.4	832	[16]	τὴν	_	_
7.4	833	[3]	ὀπτικὴν	_	_
7.4	834	[2]	αἴσθησιν	_	_
7.4	835	[1]	ἀμαυρουμένην	_	_
7.4	836	[1]	ὁμοίως	_	_
7.4	837	[9]	εἰς	_	_
7.4	838	[1]	ἀπώλειαν	_	_
7.4	839	[1]	ἀφικέσθαι	_	_
7.4	840	[1]	παντελῶς	_	_
7.4	841	[19]	.	b	_
7.4	842	[1]	λέουσι	_	_
7.4	843	[6]	δὲ	_	_
7.4	844	[26]	καὶ	_	_
7.4	845	[1]	παρδάλεσι	_	_
7.4	846	[66]	,	b	_
7.4	847	[27]	καὶ	_	_
7.4	848	[23]	τῶν	_	_
7.4	849	[1]	ἄλλων	_	_
7.4	850	[2]	ζώων	_	_
7.4	851	[3]	οἷς	_	_
7.4	852	[1]	αὐγοειδής	_	_
7.4	853	[3]	ἐστιν	_	_
7.4	854	[1]	ἱκανῶς	_	_
7.4	855	[2]	ὁ	_	_
7.4	856	[1]	ὀφθαλμὸς	_	_
7.4	857	[67]	,	b	_
7.4	858	[1]	ἔνεστί	_	_
7.4	859	[1]	σοι	_	_
7.4	860	[2]	θεάσασθαι	_	_
7.4	861	[1]	νύκτωρ	_	_
7.4	862	[68]	,	b	_
7.4	863	[2]	ὅταν	_	_
7.4	864	[1]	ἐπιστρέψωσι	_	_
7.4	865	[17]	τὴν	_	_
7.4	866	[3]	κόρην	_	_
7.4	867	[7]	ἐπὶ	_	_
7.4	868	[18]	τὴν	_	_
7.4	869	[1]	ῥῖνα	_	_
7.4	870	[69]	,	b	_
7.4	871	[2]	κύκλον	_	_
7.4	872	[2]	αὐγῆς	_	_
7.4	873	[3]	ἐπ	_	_
7.4	874	[23]	’	b	_
7.4	875	[3]	αὐτῆς	_	_
7.4	876	[1]	φαινόμενον	_	_
7.4	877	[70]	,	b	_
7.4	878	[4]	ὡς	_	_
7.4	879	[1]	ἀναλογίσασθαι	_	_
7.4	880	[71]	,	b	_
7.4	881	[1]	τοσοῦτον	_	_
7.4	882	[1]	ἀπὸ	_	_
7.4	883	[12]	τῆς	_	_
7.4	884	[1]	κόρης	_	_
7.4	885	[7]	ἐν	_	_
7.4	886	[6]	τῷ	_	_
7.4	887	[1]	μεταξὺ	_	_
7.4	888	[7]	τὸν	_	_
7.4	889	[1]	ὀπτικὸν	_	_
7.4	890	[1]	ηὐξῆσθαι	_	_
7.4	891	[1]	κῶνον	_	_
7.4	892	[72]	,	b	_
7.4	893	[1]	ἡλίκος	_	_
7.4	894	[4]	ἂν	_	_
7.4	895	[1]	ᾖ	_	_
7.4	896	[11]	κατὰ	_	_
7.4	897	[19]	τὴν	_	_
7.4	898	[1]	ἀναλογίαν	_	_
7.4	899	[15]	τοῦ	_	_
7.4	900	[1]	διαστήματος	_	_
7.4	901	[3]	ὁ	_	_
7.4	902	[1]	κύκλος	_	_
7.4	903	[4]	αὐτῆς	_	_
7.4	904	[20]	.	b	_
7.4	905	[6]	τοῖς	_	_
7.4	906	[9]	μὲν	_	_
7.4	907	[7]	γὰρ	_	_
7.4	908	[1]	μείζονα	_	_
7.4	909	[1]	τοῦτον	_	_
7.4	910	[1]	ἔχουσι	_	_
7.4	911	[1]	φύσει	_	_
7.4	912	[28]	καὶ	_	_
7.4	913	[4]	ὁ	_	_
7.4	914	[13]	τῆς	_	_
7.4	915	[3]	αὐγῆς	_	_
7.4	916	[2]	κύκλος	_	_
7.4	917	[1]	μείζων	_	_
7.4	918	[2]	φαίνεται	_	_
7.4	919	[73]	,	b	_
7.4	920	[7]	τοῖς	_	_
7.4	921	[7]	δ	_	_
7.4	922	[24]	’	b	_
7.4	923	[1]	ἐλάττονα	_	_
7.4	924	[2]	τοσοῦτον	_	_
7.4	925	[1]	ἀνάλογον	_	_
7.4	926	[1]	ἐλάττων	_	_
7.4	927	[74]	,	b	_
7.4	928	[1]	ὅσον	_	_
7.4	929	[1]	κᾀκεῖνος	_	_
7.4	930	[21]	.	b	_
7.4	931	[3]	πότερον	_	_
7.4	932	[6]	οὖν	_	_
7.4	933	[75]	,	b	_
7.4	934	[3]	ὥσπερ	_	_
7.4	935	[8]	ἐπὶ	_	_
7.4	936	[4]	τοὺς	_	_
7.4	937	[3]	ὀφθαλμοὺς	_	_
7.4	938	[1]	ἀφικνεῖταί	_	_
7.4	939	[5]	τι	_	_
7.4	940	[5]	πνεῦμα	_	_
7.4	941	[6]	διὰ	_	_
7.4	942	[24]	τῶν	_	_
7.4	943	[3]	ὀπτικῶν	_	_
7.4	944	[6]	νεύρων	_	_
7.4	945	[76]	,	b	_
7.4	946	[3]	οὕτω	_	_
7.4	947	[29]	καὶ	_	_
7.4	948	[12]	κατὰ	_	_
7.4	949	[1]	τἄλλα	_	_
7.4	950	[1]	ἔχει	_	_
7.4	951	[1]	σύμπαντα	_	_
7.4	952	[77]	,	b	_
7.4	953	[1]	καί	_	_
7.4	954	[3]	τις	_	_
7.4	955	[1]	ὁδός	_	_
7.4	956	[2]	ἐστι	_	_
7.4	957	[2]	καθ	_	_
7.4	958	[25]	’	b	_
7.4	959	[2]	ἕκαστον	_	_
7.4	960	[4]	αὐτῶν	_	_
7.4	961	[1]	ἀόρατος	_	_
7.4	962	[3]	ὑπὸ	_	_
7.4	963	[1]	σμικρότητος	_	_
7.4	964	[78]	,	b	_
7.4	965	[4]	ἢ	_	_
7.4	966	[6]	τοῦτο	_	_
7.4	967	[1]	ἀδύνατον	_	_
7.4	968	[9]	ἐπὶ	_	_
7.4	969	[25]	τῶν	_	_
7.4	970	[8]	ἐν	_	_
7.4	971	[8]	τοῖς	_	_
7.4	972	[2]	νεύροις	_	_
7.4	973	[1]	λεπτοτάτων	_	_
7.4	974	[3]	ὑπάρχειν	_	_
7.4	975	[1]	ἰνῶν	_	_
7.4	976	[1]	;	b	_
7.4	977	[1]	δεήσει	_	_
7.4	978	[8]	γὰρ	_	_
7.4	979	[1]	ἡμᾶς	_	_
7.4	980	[1]	ἐπινοῆσαι	_	_
7.4	981	[7]	τῷ	_	_
7.4	982	[1]	πόρῳ	_	_
7.4	983	[1]	περικείμενον	_	_
7.4	984	[9]	ἐν	_	_
7.4	985	[1]	κύκλῳ	_	_
7.4	986	[6]	τι	_	_
7.4	987	[16]	τοῦ	_	_
7.4	988	[2]	νεύρου	_	_
7.4	989	[1]	σῶμα	_	_
7.4	990	[79]	,	b	_
7.4	991	[1]	λεπτότερον	_	_
7.4	992	[30]	καὶ	_	_
7.4	993	[26]	τῶν	_	_
7.4	994	[1]	ἀραχνίων	_	_
7.4	995	[80]	,	b	_
7.4	996	[1]	ὥστ	_	_
7.4	997	[26]	’	b	_
7.4	998	[2]	αὐτό	_	_
7.4	999	[11]	τε	_	_
7.4	1000	[1]	διασπασθήσεται	_	_
7.4	1001	[1]	τάχιστα	_	_
7.4	1002	[81]	,	b	_
7.4	1003	[31]	καὶ	_	_
7.4	1004	[5]	ὁ	_	_
7.4	1005	[1]	πόρος	_	_
7.4	1006	[1]	ἐμφραχθήσεται	_	_
7.4	1007	[1]	μόνον	_	_
7.4	1008	[3]	οὐ	_	_
7.4	1009	[3]	καθ	_	_
7.4	1010	[27]	’	b	_
7.4	1011	[1]	ἑκάστην	_	_
7.4	1012	[1]	ῥοπήν	_	_
7.4	1013	[22]	.	b	_
7.4	1014	[7]	διὰ	_	_
7.4	1015	[2]	ταῦτα	_	_
7.4	1016	[10]	μὲν	_	_
7.4	1017	[1]	ἡγοῦμαι	_	_
7.4	1018	[4]	μὴ	_	_
7.4	1019	[1]	πᾶσι	_	_
7.4	1020	[9]	τοῖς	_	_
7.4	1021	[3]	νεύροις	_	_
7.4	1022	[4]	ὑπάρχειν	_	_
7.4	1023	[2]	πόρους	_	_
7.4	1024	[23]	.	b	_
7.4	1025	[1]	ἴσως	_	_
7.4	1026	[7]	οὖν	_	_
7.4	1027	[1]	ἐρεῖ	_	_
7.4	1028	[4]	τις	_	_
7.4	1029	[82]	,	b	_
7.4	1030	[1]	εἴπερ	_	_
7.4	1031	[2]	ὅλως	_	_
7.4	1032	[1]	ἓν	_	_
7.4	1033	[2]	νεῦρον	_	_
7.4	1034	[2]	οἷόν	_	_
7.4	1035	[1]	τ	_	_
7.4	1036	[28]	’	b	_
7.4	1037	[3]	ἐστὶ	_	_
7.4	1038	[1]	διακομίζειν	_	_
7.4	1039	[10]	τοῖς	_	_
7.4	1040	[3]	κάτω	_	_
7.4	1041	[2]	μέλεσι	_	_
7.4	1042	[2]	τὰς	_	_
7.4	1043	[2]	ἀπὸ	_	_
7.4	1044	[14]	τῆς	_	_
7.4	1045	[2]	ἀρχῆς	_	_
7.4	1046	[1]	δυνάμεις	_	_
7.4	1047	[83]	,	b	_
7.4	1048	[1]	ἀκοίλιον	_	_
7.4	1049	[1]	ὑπάρχον	_	_
7.4	1050	[84]	,	b	_
7.4	1051	[1]	ἐγχωρήσειν	_	_
7.4	1052	[32]	καὶ	_	_
7.4	1053	[1]	πάντα	_	_
7.4	1054	[24]	.	b	_
7.4	1055	[1]	τί	_	_
7.4	1056	[1]	δήποτ	_	_
7.4	1057	[29]	’	b	_
7.4	1058	[8]	οὖν	_	_
7.4	1059	[1]	ὅγε	_	_
7.4	1060	[13]	κατὰ	_	_
7.4	1061	[20]	τὴν	_	_
7.4	1062	[2]	ἔκφυσιν	_	_
7.4	1063	[17]	τοῦ	_	_
7.4	1064	[1]	νωτιαίου	_	_
7.4	1065	[2]	πόρος	_	_
7.4	1066	[1]	αἰσθητός	_	_
7.4	1067	[4]	ἐστιν	_	_
7.4	1068	[4]	οὕτως	_	_
7.4	1069	[85]	,	b	_
7.4	1070	[5]	ὡς	_	_
7.4	1071	[10]	ἐν	_	_
7.4	1072	[11]	τοῖς	_	_
7.4	1073	[1]	ὀπτικοῖς	_	_
7.4	1074	[4]	νεύροις	_	_
7.4	1075	[2]	;	b	_
7.4	1076	[5]	ἢ	_	_
7.4	1077	[5]	ὅτι	_	_
7.4	1078	[8]	τῷ	_	_
7.4	1079	[11]	μὲν	_	_
7.4	1080	[1]	συνεχεῖ	_	_
7.4	1081	[6]	ἡ	_	_
7.4	1082	[1]	μετάδοσις	_	_
7.4	1083	[1]	ἀσθενὴς	_	_
7.4	1084	[2]	γίγνεται	_	_
7.4	1085	[27]	τῶν	_	_
7.4	1086	[1]	δυνάμεων	_	_
7.4	1087	[86]	,	b	_
7.4	1088	[33]	καὶ	_	_
7.4	1089	[1]	μάλισθ	_	_
7.4	1090	[30]	’	b	_
7.4	1091	[3]	ὅταν	_	_
7.4	1092	[1]	ἤτοι	_	_
7.4	1093	[1]	μεῖζον	_	_
7.4	1094	[6]	ἢ	_	_
7.4	1095	[1]	σκληρότερον	_	_
7.4	1096	[2]	ᾖ	_	_
7.4	1097	[21]	τὸ	_	_
7.4	1098	[1]	δεχόμενον	_	_
7.4	1099	[7]	ἢ	_	_
7.4	1100	[1]	σφοδροτέρας	_	_
7.4	1101	[2]	ἀλλοιώσεως	_	_
7.4	1102	[1]	δεόμενον	_	_
7.4	1103	[87]	,	b	_
7.4	1104	[2]	εἰ	_	_
7.4	1105	[2]	δέ	_	_
7.4	1106	[2]	γε	_	_
7.4	1107	[1]	λεπτομεροῦς	_	_
7.4	1108	[7]	οὐσίας	_	_
7.4	1109	[3]	ἄχρι	_	_
7.4	1110	[3]	τινὸς	_	_
7.4	1111	[1]	ἔμπτωσις	_	_
7.4	1112	[1]	γίγνοιτο	_	_
7.4	1113	[2]	μετὰ	_	_
7.4	1114	[1]	βίας	_	_
7.4	1115	[12]	τε	_	_
7.4	1116	[34]	καὶ	_	_
7.4	1117	[1]	πληγῆς	_	_
7.4	1118	[88]	,	b	_
7.4	1119	[1]	αὐξηθήσεται	_	_
7.4	1120	[4]	τὰ	_	_
7.4	1121	[15]	τῆς	_	_
7.4	1122	[3]	ἀλλοιώσεως	_	_
7.4	1123	[3]	;	b	_
7.4	1124	[1]	ἐλέχθη	_	_
7.4	1125	[9]	γὰρ	_	_
7.4	1126	[89]	,	b	_
7.4	1127	[6]	ὅτι	_	_
7.4	1128	[7]	τοῦτο	_	_
7.4	1129	[1]	δὴ	_	_
7.4	1130	[22]	τὸ	_	_
7.4	1131	[1]	καλούμενον	_	_
7.4	1132	[4]	ὑπὸ	_	_
7.4	1133	[28]	τῶν	_	_
7.4	1134	[2]	πολλῶν	_	_
7.4	1135	[2]	διάδοσις	_	_
7.4	1136	[2]	δυνάμεως	_	_
7.4	1137	[1]	ἀλλοιώσεώς	_	_
7.4	1138	[3]	ἐστι	_	_
7.4	1139	[2]	μετάδοσις	_	_
7.4	1140	[90]	,	b	_
7.4	1141	[1]	οἵα	_	_
7.4	1142	[35]	καὶ	_	_
7.4	1143	[14]	κατὰ	_	_
7.4	1144	[8]	τὸν	_	_
7.4	1145	[2]	ἀέρα	_	_
7.4	1146	[3]	γίγνεται	_	_
7.4	1147	[5]	πρὸς	_	_
7.4	1148	[16]	τῆς	_	_
7.4	1149	[2]	ἡλιακῆς	_	_
7.4	1150	[4]	αὐγῆς	_	_
7.4	1151	[25]	.	b	_
7.4	1152	[5]	οὕτως	_	_
7.4	1153	[2]	γοῦν	_	_
7.4	1154	[2]	εἰκός	_	_
7.4	1155	[4]	ἐστι	_	_
7.4	1156	[36]	καὶ	_	_
7.4	1157	[23]	τὸ	_	_
7.4	1158	[1]	παραγι	_	_
7.4	1159	[1]	γνόμενον	_	_
7.4	1160	[10]	εἰς	_	_
7.4	1161	[4]	ὀφθαλμοὺς	_	_
7.4	1162	[6]	πνεῦμα	_	_
7.4	1163	[15]	κατὰ	_	_
7.4	1164	[12]	μὲν	_	_
7.4	1165	[21]	τὴν	_	_
7.4	1166	[1]	πρώτην	_	_
7.4	1167	[1]	ἔμπτωσιν	_	_
7.4	1168	[1]	ἑνοῦσθαί	_	_
7.4	1169	[13]	τε	_	_
7.4	1170	[9]	τῷ	_	_
7.4	1171	[1]	περιέχοντι	_	_
7.4	1172	[37]	καὶ	_	_
7.4	1173	[1]	συναλλοιοῦν	_	_
7.4	1174	[3]	αὐτὸ	_	_
7.4	1175	[6]	πρὸς	_	_
7.4	1176	[22]	τὴν	_	_
7.4	1177	[1]	ἰδιότητα	_	_
7.4	1178	[17]	τῆς	_	_
7.4	1179	[1]	ἑαυτοῦ	_	_
7.4	1180	[1]	φύσεως	_	_
7.4	1181	[91]	,	b	_
7.4	1182	[4]	οὐ	_	_
7.4	1183	[2]	μὴν	_	_
7.4	1184	[10]	ἐπὶ	_	_
7.4	1185	[1]	πλεῖστόν	_	_
7.4	1186	[2]	γ	_	_
7.4	1187	[31]	’	b	_
7.4	1188	[1]	ἐκτείνεσθαι	_	_
7.4	1189	[26]	.	b	_
7.5	1	[1]	Μάλιστα	_	_
7.5	2	[1]	δ	_	_
7.5	3	[1]	’	b	_
7.5	4	[1]	ἂν	_	_
7.5	5	[1]	πεισθείη	_	_
7.5	6	[1]	τις	_	_
7.5	7	[1]	τοῦτο	_	_
7.5	8	[1]	γίνεσθαι	_	_
7.5	9	[1]	μαθὼν	_	_
7.5	10	[1]	,	b	_
7.5	11	[1]	ὅπως	_	_
7.5	12	[1]	εὔλογόν	_	_
7.5	13	[1]	ἐστιν	_	_
7.5	14	[1]	ὁρᾷν	_	_
7.5	15	[1]	ἡμᾶς	_	_
7.5	16	[1]	.	b	_
7.5	17	[1]	ἀρχὴ	_	_
7.5	18	[1]	δὲ	_	_
7.5	19	[1]	καὶ	_	_
7.5	20	[1]	τοῦδε	_	_
7.5	21	[1]	τοῦ	_	_
7.5	22	[1]	λόγου	_	_
7.5	23	[1]	τοιάδε	_	_
7.5	24	[2]	.	b	_
7.5	25	[1]	τὸ	_	_
7.5	26	[1]	βλεπόμενον	_	_
7.5	27	[1]	σῶμα	_	_
7.5	28	[1]	δυοῖν	_	_
7.5	29	[1]	θάτερον	_	_
7.5	30	[1]	ἢ	_	_
7.5	31	[1]	πέμπον	_	_
7.5	32	[1]	τι	_	_
7.5	33	[1]	πρὸς	_	_
7.5	34	[2]	ἡμᾶς	_	_
7.5	35	[1]	ἀφ	_	_
7.5	36	[2]	’	b	_
7.5	37	[1]	ἑαυτοῦ	_	_
7.5	38	[1]	σὺν	_	_
7.5	39	[1]	ἐκείνῳ	_	_
7.5	40	[2]	καὶ	_	_
7.5	41	[1]	τὴν	_	_
7.5	42	[1]	ἰδίαν	_	_
7.5	43	[1]	ἐνδείκνυται	_	_
7.5	44	[1]	διάγνωσιν	_	_
7.5	45	[2]	,	b	_
7.5	46	[2]	ἢ	_	_
7.5	47	[3]	,	b	_
7.5	48	[1]	εἴπερ	_	_
7.5	49	[1]	αὐτὸ	_	_
7.5	50	[1]	μηδὲν	_	_
7.5	51	[1]	πέμπει	_	_
7.5	52	[4]	,	b	_
7.5	53	[1]	περιμένει	_	_
7.5	54	[1]	τινὰ	_	_
7.5	55	[1]	παρ	_	_
7.5	56	[3]	’	b	_
7.5	57	[1]	ἡμῶν	_	_
7.5	58	[1]	ἀφικέσθαι	_	_
7.5	59	[1]	δύναμιν	_	_
7.5	60	[1]	αἰσθητικὴν	_	_
7.5	61	[1]	ἑαυτῷ	_	_
7.5	62	[3]	.	b	_
7.5	63	[1]	πότερον	_	_
7.5	64	[1]	οὖν	_	_
7.5	65	[1]	αὐτῶν	_	_
7.5	66	[2]	ἐστιν	_	_
7.5	67	[1]	ἀληθέστερον	_	_
7.5	68	[5]	,	b	_
7.5	69	[1]	ὧδ	_	_
7.5	70	[4]	’	b	_
7.5	71	[2]	ἂν	_	_
7.5	72	[1]	μάλιστα	_	_
7.5	73	[1]	κριθείη	_	_
7.5	74	[4]	.	b	_
7.5	75	[1]	διὰ	_	_
7.5	76	[2]	τοῦ	_	_
7.5	77	[1]	κατὰ	_	_
7.5	78	[2]	τὴν	_	_
7.5	79	[1]	κόρην	_	_
7.5	80	[1]	τρήματος	_	_
7.5	81	[1]	ὁρῶμεν	_	_
7.5	82	[6]	,	b	_
7.5	83	[1]	ὅπερ	_	_
7.5	84	[1]	εἰ	_	_
7.5	85	[1]	περιέμενε	_	_
7.5	86	[2]	πρὸς	_	_
7.5	87	[1]	ἑαυτὸ	_	_
7.5	88	[1]	παραγενέσθαι	_	_
7.5	89	[2]	τινὰ	_	_
7.5	90	[1]	μοῖραν	_	_
7.5	91	[7]	,	b	_
7.5	92	[3]	ἢ	_	_
7.5	93	[2]	δύναμιν	_	_
7.5	94	[8]	,	b	_
7.5	95	[4]	ἢ	_	_
7.5	96	[1]	εἴδωλον	_	_
7.5	97	[9]	,	b	_
7.5	98	[5]	ἢ	_	_
7.5	99	[1]	ποιότητα	_	_
7.5	100	[1]	τῶν	_	_
7.5	101	[1]	ἐκτὸς	_	_
7.5	102	[1]	ὑποκειμένων	_	_
7.5	103	[1]	σωμάτων	_	_
7.5	104	[10]	,	b	_
7.5	105	[1]	οὐκ	_	_
7.5	106	[3]	ἂν	_	_
7.5	107	[3]	τοῦ	_	_
7.5	108	[1]	βλεπομένου	_	_
7.5	109	[2]	τὸ	_	_
7.5	110	[1]	μέγεθος	_	_
7.5	111	[1]	ἐγνώκειμεν	_	_
7.5	112	[11]	,	b	_
7.5	113	[1]	οἷον	_	_
7.5	114	[1]	ὄρους	_	_
7.5	115	[12]	,	b	_
7.5	116	[2]	εἰ	_	_
7.5	117	[1]	τύχοι	_	_
7.5	118	[13]	,	b	_
7.5	119	[1]	μεγίστου	_	_
7.5	120	[5]	.	b	_
7.5	121	[1]	τηλικοῦτον	_	_
7.5	122	[1]	γὰρ	_	_
7.5	123	[2]	εἴδωλον	_	_
7.5	124	[1]	ἐνέπιπτεν	_	_
7.5	125	[4]	ἂν	_	_
7.5	126	[1]	ἀπ	_	_
7.5	127	[5]	’	b	_
7.5	128	[1]	αὐτοῦ	_	_
7.5	129	[1]	τοῖς	_	_
7.5	130	[1]	ὀφθαλμοῖς	_	_
7.5	131	[2]	ἡμῶν	_	_
7.5	132	[14]	,	b	_
7.5	133	[1]	ἡλίκον	_	_
7.5	134	[1]	ἐστὶν	_	_
7.5	135	[2]	αὐτὸ	_	_
7.5	136	[15]	,	b	_
7.5	137	[2]	ὅπερ	_	_
7.5	138	[1]	παντάπασιν	_	_
7.5	139	[1]	ἄλογον	_	_
7.5	140	[16]	,	b	_
7.5	141	[1]	ἅμα	_	_
7.5	142	[1]	τῷ	_	_
7.5	143	[3]	καὶ	_	_
7.5	144	[2]	κατὰ	_	_
7.5	145	[1]	μίαν	_	_
7.5	146	[1]	ῥοπὴν	_	_
7.5	147	[1]	καιροῦ	_	_
7.5	148	[3]	πρὸς	_	_
7.5	149	[1]	ἕκαστον	_	_
7.5	150	[2]	τῶν	_	_
7.5	151	[1]	ὁρώντων	_	_
7.5	152	[17]	,	b	_
7.5	153	[3]	εἰ	_	_
7.5	154	[4]	καὶ	_	_
7.5	155	[1]	μυρίοι	_	_
7.5	156	[1]	τύχοιεν	_	_
7.5	157	[1]	ὄντες	_	_
7.5	158	[18]	,	b	_
7.5	159	[1]	ἀφικνεῖσθαι	_	_
7.5	160	[6]	.	b	_
7.5	161	[2]	τῷ	_	_
7.5	162	[1]	τε	_	_
7.5	163	[1]	ὀπτικῷ	_	_
7.5	164	[1]	οὐχ	_	_
7.5	165	[1]	οἷόν	_	_
7.5	166	[2]	τε	_	_
7.5	167	[1]	τοσαύτην	_	_
7.5	168	[1]	ῥύσιν	_	_
7.5	169	[1]	ἐκτεινομένῳ	_	_
7.5	170	[1]	λαμβάνειν	_	_
7.5	171	[19]	,	b	_
7.5	172	[1]	ὡς	_	_
7.5	173	[1]	περιχεῖσθαι	_	_
7.5	174	[1]	παντὶ	_	_
7.5	175	[3]	τῷ	_	_
7.5	176	[1]	βλεπομένῳ	_	_
7.5	177	[1]	σώματι	_	_
7.5	178	[7]	.	b	_
7.5	179	[2]	τοῦτο	_	_
7.5	180	[2]	γὰρ	_	_
7.5	181	[1]	ὅμοιόν	_	_
7.5	182	[1]	ἐστι	_	_
7.5	183	[4]	τῷ	_	_
7.5	184	[3]	τῶν	_	_
7.5	185	[1]	Στωϊκῶν	_	_
7.5	186	[1]	σταλαγμῷ	_	_
7.5	187	[1]	κεραννυμένῳ	_	_
7.5	188	[1]	τῇ	_	_
7.5	189	[1]	πάσῃ	_	_
7.5	190	[1]	θαλάττῃ	_	_
7.5	191	[8]	.	b	_
7.5	192	[1]	λείπεται	_	_
7.5	193	[2]	οὖν	_	_
7.5	194	[1]	ἔτι	_	_
7.5	195	[1]	τὸν	_	_
7.5	196	[1]	πέριξ	_	_
7.5	197	[1]	ἀέρα	_	_
7.5	198	[1]	τοιοῦτον	_	_
7.5	199	[1]	ὄργανον	_	_
7.5	200	[1]	ἡμῖν	_	_
7.5	201	[1]	γίγνεσθαι	_	_
7.5	202	[20]	,	b	_
7.5	203	[1]	καθ	_	_
7.5	204	[6]	’	b	_
7.5	205	[1]	ὃν	_	_
7.5	206	[2]	ὁρῶμεν	_	_
7.5	207	[1]	χρόνον	_	_
7.5	208	[21]	,	b	_
7.5	209	[1]	ὁποῖον	_	_
7.5	210	[1]	ἐν	_	_
7.5	211	[1]	τῶ	_	_
7.5	212	[2]	σώματι	_	_
7.5	213	[3]	τὸ	_	_
7.5	214	[1]	νεῦρον	_	_
7.5	215	[1]	ὑπάρχει	_	_
7.5	216	[2]	διὰ	_	_
7.5	217	[1]	παντός	_	_
7.5	218	[9]	.	b	_
7.5	219	[2]	τοιοῦτον	_	_
7.5	220	[1]	γάρ	_	_
7.5	221	[2]	τι	_	_
7.5	222	[1]	πάσχειν	_	_
7.5	223	[1]	ἔοικεν	_	_
7.5	224	[1]	ὁ	_	_
7.5	225	[1]	περιέχων	_	_
7.5	226	[3]	ἡμᾶς	_	_
7.5	227	[1]	ἀὴρ	_	_
7.5	228	[1]	ὑπὸ	_	_
7.5	229	[1]	τῆς	_	_
7.5	230	[4]	τοῦ	_	_
7.5	231	[1]	πνεύματος	_	_
7.5	232	[1]	ἐκπτώσεως	_	_
7.5	233	[22]	,	b	_
7.5	234	[1]	ὁποῖόν	_	_
7.5	235	[3]	τι	_	_
7.5	236	[5]	καὶ	_	_
7.5	237	[4]	πρὸς	_	_
7.5	238	[2]	τῆς	_	_
7.5	239	[1]	ἡλιακῆς	_	_
7.5	240	[1]	αὐγῆς	_	_
7.5	241	[10]	.	b	_
7.5	242	[1]	ἐκείνη	_	_
7.5	243	[3]	τε	_	_
7.5	244	[3]	γὰρ	_	_
7.5	245	[1]	ψαύουσα	_	_
7.5	246	[5]	τοῦ	_	_
7.5	247	[1]	ἄνω	_	_
7.5	248	[1]	πέρατος	_	_
7.5	249	[2]	αὐτοῦ	_	_
7.5	250	[1]	δίδωσιν	_	_
7.5	251	[1]	εἰς	_	_
7.5	252	[1]	ὅλην	_	_
7.5	253	[3]	τὴν	_	_
7.5	254	[3]	δύναμιν	_	_
7.5	255	[23]	,	b	_
7.5	256	[1]	ἥ	_	_
7.5	257	[4]	τε	_	_
7.5	258	[3]	διὰ	_	_
7.5	259	[4]	τῶν	_	_
7.5	260	[1]	ὀπτικῶν	_	_
7.5	261	[1]	νεύρων	_	_
7.5	262	[1]	ὄψις	_	_
7.5	263	[1]	φαινομένη	_	_
7.5	264	[4]	τὴν	_	_
7.5	265	[1]	μὲν	_	_
7.5	266	[1]	οὐσίαν	_	_
7.5	267	[1]	ἔχει	_	_
7.5	268	[1]	πνευματικὴν	_	_
7.5	269	[24]	,	b	_
7.5	270	[1]	ἐμπίπτουσα	_	_
7.5	271	[2]	δὲ	_	_
7.5	272	[5]	τῷ	_	_
7.5	273	[1]	περιέχοντι	_	_
7.5	274	[6]	καὶ	_	_
7.5	275	[2]	τῇ	_	_
7.5	276	[1]	πρώτῃ	_	_
7.5	277	[1]	προσβολῇ	_	_
7.5	278	[5]	τὴν	_	_
7.5	279	[1]	ἀλλοίωσιν	_	_
7.5	280	[1]	ἐργαζομένη	_	_
7.5	281	[1]	διαδίδωσιν	_	_
7.5	282	[1]	ἄχρι	_	_
7.5	283	[1]	πλείστου	_	_
7.5	284	[1]	συνεχοῦς	_	_
7.5	285	[1]	αὐτῷ	_	_
7.5	286	[25]	,	b	_
7.5	287	[1]	δηλονότι	_	_
7.5	288	[6]	τοῦ	_	_
7.5	289	[2]	πέριξ	_	_
7.5	290	[1]	σώματος	_	_
7.5	291	[1]	ὑπάρχοντος	_	_
7.5	292	[26]	,	b	_
7.5	293	[2]	ὡς	_	_
7.5	294	[2]	ἐν	_	_
7.5	295	[1]	ἀκαρεῖ	_	_
7.5	296	[1]	χρόνῳ	_	_
7.5	297	[6]	τὴν	_	_
7.5	298	[2]	ἀλλοίωσιν	_	_
7.5	299	[2]	εἰς	_	_
7.5	300	[1]	ὅλον	_	_
7.5	301	[3]	αὐτὸ	_	_
7.5	302	[1]	διαπέμπειν	_	_
7.5	303	[11]	.	b	_
7.5	304	[1]	ἐναργῶς	_	_
7.5	305	[4]	γὰρ	_	_
7.5	306	[3]	τοιοῦτον	_	_
7.5	307	[1]	φαίνεται	_	_
7.5	308	[1]	κᾀπὶ	_	_
7.5	309	[3]	τῆς	_	_
7.5	310	[3]	κατὰ	_	_
7.5	311	[2]	τὸν	_	_
7.5	312	[1]	ἥλιον	_	_
7.5	313	[1]	ὑπάρχον	_	_
7.5	314	[1]	δυνάμεως	_	_
7.5	315	[12]	.	b	_
7.5	316	[1]	θέντες	_	_
7.5	317	[1]	γοῦν	_	_
7.5	318	[4]	τι	_	_
7.5	319	[1]	στερεὸν	_	_
7.5	320	[2]	σῶμα	_	_
7.5	321	[1]	μεταξὺ	_	_
7.5	322	[3]	τὸν	_	_
7.5	323	[1]	ἐφεξῆς	_	_
7.5	324	[2]	ἀέρα	_	_
7.5	325	[1]	βλέπομεν	_	_
7.5	326	[1]	εὐθέως	_	_
7.5	327	[1]	ἀπολλύντα	_	_
7.5	328	[7]	τὴν	_	_
7.5	329	[1]	αὐγὴν	_	_
7.5	330	[27]	,	b	_
7.5	331	[3]	ὡς	_	_
7.5	332	[3]	ἐν	_	_
7.5	333	[6]	τῷ	_	_
7.5	334	[1]	μεταβάλλειν	_	_
7.5	335	[1]	φωτοειδῆ	_	_
7.5	336	[1]	γιγνόμενον	_	_
7.5	337	[28]	,	b	_
7.5	338	[2]	οὐκ	_	_
7.5	339	[4]	ἐν	_	_
7.5	340	[7]	τῷ	_	_
7.5	341	[1]	μεταβεβληκέναι	_	_
7.5	342	[1]	διαμένοντα	_	_
7.5	343	[13]	.	b	_
7.5	344	[1]	μόνιμον	_	_
7.5	345	[5]	γὰρ	_	_
7.5	346	[5]	ἂν	_	_
7.5	347	[1]	ἦν	_	_
7.5	348	[4]	τὸ	_	_
7.5	349	[1]	φῶς	_	_
7.5	350	[5]	ἐν	_	_
7.5	351	[2]	ἑαυτῷ	_	_
7.5	352	[1]	μέχρι	_	_
7.5	353	[1]	πολλοῦ	_	_
7.5	354	[29]	,	b	_
7.5	355	[1]	κᾂν	_	_
7.5	356	[1]	ᾔρθη	_	_
7.5	357	[1]	τὸ|	_	_
7.5	358	[1]	φωτίζον	_	_
7.5	359	[14]	.	b	_
7.5	360	[1]	οὕτω	_	_
7.5	361	[3]	δὲ	_	_
7.5	362	[7]	καὶ	_	_
7.5	363	[1]	νεύρου	_	_
7.5	364	[1]	τμηθέντος	_	_
7.5	365	[30]	,	b	_
7.5	366	[1]	ὅσον	_	_
7.5	367	[6]	ἂν	_	_
7.5	368	[1]	ἡ	_	_
7.5	369	[1]	τομὴ	_	_
7.5	370	[1]	χωρήσῃ	_	_
7.5	371	[4]	τῆς	_	_
7.5	372	[5]	πρὸς	_	_
7.5	373	[4]	τὸν	_	_
7.5	374	[1]	ἐγκέφαλον	_	_
7.5	375	[1]	συνεχείας	_	_
7.5	376	[31]	,	b	_
7.5	377	[1]	ἀναίσθητον	_	_
7.5	378	[2]	εὐθέως	_	_
7.5	379	[1]	γίγνεται	_	_
7.5	380	[15]	.	b	_
7.5	381	[2]	φαίνεται	_	_
7.5	382	[2]	γοῦν	_	_
7.5	383	[2]	ὅμοιόν	_	_
7.5	384	[5]	τι	_	_
7.5	385	[1]	πάθος	_	_
7.5	386	[1]	ἀμφοτέροις	_	_
7.5	387	[1]	συμβαῖνον	_	_
7.5	388	[32]	,	b	_
7.5	389	[8]	τῷ	_	_
7.5	390	[5]	τε	_	_
7.5	391	[1]	νεύρῳ	_	_
7.5	392	[8]	καὶ	_	_
7.5	393	[9]	τῷ	_	_
7.5	394	[3]	πέριξ	_	_
7.5	395	[1]	ἀέρι	_	_
7.5	396	[33]	,	b	_
7.5	397	[4]	κατὰ	_	_
7.5	398	[2]	μὲν	_	_
7.5	399	[8]	τὴν	_	_
7.5	400	[1]	ἑαυτῶν	_	_
7.5	401	[1]	φύσιν	_	_
7.5	402	[1]	ἔχουσιν	_	_
7.5	403	[1]	ἤδη	_	_
7.5	404	[3]	τινὰ	_	_
7.5	405	[1]	ὁμοιότητα	_	_
7.5	406	[34]	,	b	_
7.5	407	[1]	πρός	_	_
7.5	408	[6]	τε	_	_
7.5	409	[5]	τὸ	_	_
7.5	410	[1]	μεταβάλλον	_	_
7.5	411	[1]	ὁμοιουμένοις	_	_
7.5	412	[1]	ἀκριβῶς	_	_
7.5	413	[1]	ὡσαύτως	_	_
7.5	414	[3]	τῇ	_	_
7.5	415	[1]	συνεχείᾳ	_	_
7.5	416	[35]	,	b	_
7.5	417	[9]	καὶ	_	_
7.5	418	[7]	τοῦ	_	_
7.5	419	[2]	πάσχειν	_	_
7.5	420	[1]	ἀεὶ	_	_
7.5	421	[1]	δεομένοις	_	_
7.5	422	[36]	,	b	_
7.5	423	[1]	ὥσπερ	_	_
7.5	424	[2]	ὁ	_	_
7.5	425	[4]	πέριξ	_	_
7.5	426	[3]	ἡμῶν	_	_
7.5	427	[2]	ἀὴρ	_	_
7.5	428	[37]	,	b	_
7.5	429	[1]	ὁπότε	_	_
7.5	430	[1]	φωτίζεται	_	_
7.5	431	[16]	.	b	_
7.5	432	[1]	σαφῶς	_	_
7.5	433	[3]	γοῦν	_	_
7.5	434	[2]	ἡ	_	_
7.5	435	[3]	μὲν	_	_
7.5	436	[1]	κατ	_	_
7.5	437	[7]	’	b	_
7.5	438	[1]	αὐτὸν	_	_
7.5	439	[1]	θερμασία	_	_
7.5	440	[2]	μέχρι	_	_
7.5	441	[2]	πολλοῦ	_	_
7.5	442	[1]	διαμένει	_	_
7.5	443	[38]	,	b	_
7.5	444	[2]	κᾂν	_	_
7.5	445	[1]	χωρισθῇ	_	_
7.5	446	[6]	τὸ	_	_
7.5	447	[1]	θερμαῖνον	_	_
7.5	448	[39]	,	b	_
7.5	449	[2]	ὡσαύτως	_	_
7.5	450	[4]	δὲ	_	_
7.5	451	[10]	καὶ	_	_
7.5	452	[3]	ἡ	_	_
7.5	453	[1]	ψύξις	_	_
7.5	454	[40]	,	b	_
7.5	455	[1]	οὐκέτι	_	_
7.5	456	[1]	παρόντος	_	_
7.5	457	[8]	τοῦ	_	_
7.5	458	[1]	ψύχοντος	_	_
7.5	459	[41]	,	b	_
7.5	460	[4]	ἡ	_	_
7.5	461	[2]	δ	_	_
7.5	462	[8]	’	b	_
7.5	463	[1]	αὐγὴ	_	_
7.5	464	[1]	παραχρῆμα	_	_
7.5	465	[10]	τῷ	_	_
7.5	466	[1]	φωτίζοντι	_	_
7.5	467	[1]	συναπέρχεται	_	_
7.5	468	[17]	.	b	_
7.5	469	[3]	φαίνεται	_	_
7.5	470	[5]	δὲ	_	_
7.5	471	[11]	καὶ	_	_
7.5	472	[5]	κατὰ	_	_
7.5	473	[1]	τὰς	_	_
7.5	474	[1]	ἀρτηρίας	_	_
7.5	475	[5]	ἡ	_	_
7.5	476	[1]	αὐτὴ	_	_
7.5	477	[1]	φύσις	_	_
7.5	478	[18]	.	b	_
7.5	479	[1]	ὁμοίως	_	_
7.5	480	[4]	γοῦν	_	_
7.5	481	[2]	τοῖς	_	_
7.5	482	[1]	νεύροις	_	_
7.5	483	[12]	καὶ	_	_
7.5	484	[1]	αὗται	_	_
7.5	485	[1]	διατμηθεῖσαί	_	_
7.5	486	[7]	τε	_	_
7.5	487	[13]	καὶ	_	_
7.5	488	[1]	βρόχῳ	_	_
7.5	489	[1]	διαληφθεῖσαι	_	_
7.5	490	[1]	ἄσφυκτοι	_	_
7.5	491	[1]	γίνονται	_	_
7.5	492	[42]	,	b	_
7.5	493	[1]	στερηθεῖσαι	_	_
7.5	494	[2]	οὐχ	_	_
7.5	495	[43]	,	b	_
7.5	496	[4]	ὡς	_	_
7.5	497	[1]	Ἐρασίστρατος	_	_
7.5	498	[1]	οἴεται	_	_
7.5	499	[44]	,	b	_
7.5	500	[9]	τοῦ	_	_
7.5	501	[1]	παρὰ	_	_
7.5	502	[5]	τῆς	_	_
7.5	503	[1]	καρδίας	_	_
7.5	504	[1]	ἐπιπεμπομένου	_	_
7.5	505	[2]	πνεύματος	_	_
7.5	506	[45]	,	b	_
7.5	507	[1]	(	a	_
7.5	508	[1]	δέδεικται	_	_
7.5	509	[6]	γὰρ	_	_
7.5	510	[6]	ἐν	_	_
7.5	511	[1]	ἄλλοις	_	_
7.5	512	[1]	ὑφ	_	_
7.5	513	[9]	’	b	_
7.5	514	[4]	ἡμῶν	_	_
7.5	515	[1]	ἀδύνατον	_	_
7.5	516	[3]	τοῦτο	_	_
7.5	517	[46]	,	b	_
7.5	518	[1]	δειχθήσεταί	_	_
7.5	519	[8]	τε	_	_
7.5	520	[14]	καὶ	_	_
7.5	521	[1]	νῦν	_	_
7.5	522	[7]	ἐν	_	_
7.5	523	[3]	τοῖς	_	_
7.5	524	[2]	ἐφεξῆς	_	_
7.5	525	[47]	,	b	_
7.5	526	[5]	ὡς	_	_
7.5	527	[2]	μηδὲν	_	_
7.5	528	[11]	τῷ	_	_
7.5	529	[1]	λόγῳ	_	_
7.5	530	[1]	λείπειν	_	_
7.5	531	[48]	,	b	_
7.5	532	[1]	)	b	_
7.5	533	[1]	ἀλλὰ	_	_
7.5	534	[12]	τῷ	_	_
7.5	535	[1]	τοὺς	_	_
7.5	536	[1]	χιτῶνας	_	_
7.5	537	[2]	αὐτῶν	_	_
7.5	538	[1]	συνεχεῖς	_	_
7.5	539	[1]	ὑπάρχοντας	_	_
7.5	540	[13]	τῷ	_	_
7.5	541	[6]	τῆς	_	_
7.5	542	[2]	καρδίας	_	_
7.5	543	[3]	σώματι	_	_
7.5	544	[2]	παρ	_	_
7.5	545	[10]	’	b	_
7.5	546	[1]	ἐκείνου	_	_
7.5	547	[9]	τὴν	_	_
7.5	548	[4]	δύναμιν	_	_
7.5	549	[1]	ἐπιῤῥέουσαν	_	_
7.5	550	[1]	ἴσχειν	_	_
7.5	551	[1]	ἀεί	_	_
7.5	552	[19]	.	b	_
7.5	553	[1]	κοινὸν	_	_
7.5	554	[4]	μὲν	_	_
7.5	555	[3]	οὖν	_	_
7.5	556	[1]	ἁπασῶν	_	_
7.5	557	[2]	ἐστι	_	_
7.5	558	[5]	τῶν	_	_
7.5	559	[1]	αἰσθητικῶν	_	_
7.5	560	[1]	δυνάμεων	_	_
7.5	561	[2]	ἀπ	_	_
7.5	562	[11]	’	b	_
7.5	563	[1]	ἐγκεφάλου	_	_
7.5	564	[10]	τὴν	_	_
7.5	565	[1]	ἀρχὴν	_	_
7.5	566	[1]	ἐχουσῶν	_	_
7.5	567	[1]	φέρεσθαι	_	_
7.5	568	[4]	διὰ	_	_
7.5	569	[6]	τῶν	_	_
7.5	570	[2]	νεύρων	_	_
7.5	571	[2]	ἄχρι	_	_
7.5	572	[7]	τῶν	_	_
7.5	573	[1]	οἰκείων	_	_
7.5	574	[1]	ὀργάνων	_	_
7.5	575	[49]	,	b	_
7.5	576	[1]	ὁμοειδὲς	_	_
7.5	577	[6]	δὲ	_	_
7.5	578	[15]	καὶ	_	_
7.5	579	[6]	κατὰ	_	_
7.5	580	[11]	τὴν	_	_
7.5	581	[2]	οὐσίαν	_	_
7.5	582	[7]	τὸ	_	_
7.5	583	[2]	νεῦρον	_	_
7.5	584	[1]	ὑπάρχειν	_	_
7.5	585	[14]	τῷ	_	_
7.5	586	[1]	ἐγκεφάλῳ	_	_
7.5	587	[50]	,	b	_
7.5	588	[1]	πλὴν	_	_
7.5	589	[2]	ὅσον	_	_
7.5	590	[1]	ἐπιλήθη	_	_
7.5	591	[1]	δυσπαθείας	_	_
7.5	592	[1]	ἕνεκεν	_	_
7.5	593	[1]	εὐθὺς	_	_
7.5	594	[8]	ἐν	_	_
7.5	595	[2]	αὐτῷ	_	_
7.5	596	[1]	τούτῳ	_	_
7.5	597	[51]	,	b	_
7.5	598	[1]	τοσοῦτον	_	_
7.5	599	[1]	ἀπεχώρησε	_	_
7.5	600	[7]	τῆς	_	_
7.5	601	[2]	ἐγκεφάλου	_	_
7.5	602	[1]	φύσεως	_	_
7.5	603	[20]	.	b	_
7.5	604	[3]	ὅσον	_	_
7.5	605	[7]	δὲ	_	_
7.5	606	[1]	ἐσκληρύνθη	_	_
7.5	607	[1]	πιληθὲν	_	_
7.5	608	[52]	,	b	_
7.5	609	[2]	εὐθὺς	_	_
7.5	610	[16]	καὶ	_	_
7.5	611	[5]	διὰ	_	_
7.5	612	[1]	τοῦτ	_	_
7.5	613	[12]	’	b	_
7.5	614	[4]	αὐτὸ	_	_
7.5	615	[1]	δεῖται	_	_
7.5	616	[8]	τῆς	_	_
7.5	617	[2]	ἐκείνου	_	_
7.5	618	[1]	διηνεκοῦς	_	_
7.5	619	[1]	ἐπικουρίας	_	_
7.5	620	[53]	,	b	_
7.5	621	[6]	ὡς	_	_
7.5	622	[54]	,	b	_
7.5	623	[1]	εἴ	_	_
7.5	624	[1]	γε	_	_
7.5	625	[4]	τοιοῦτον	_	_
7.5	626	[1]	ἔμεινεν	_	_
7.5	627	[55]	,	b	_
7.5	628	[2]	οἷόν	_	_
7.5	629	[3]	ἐστιν	_	_
7.5	630	[3]	ὁ	_	_
7.5	631	[1]	ἐγκέφαλος	_	_
7.5	632	[56]	,	b	_
7.5	633	[3]	οὐκ	_	_
7.5	634	[7]	ἂν	_	_
7.5	635	[1]	ἐδεῖτο	_	_
7.5	636	[9]	τῆς	_	_
7.5	637	[1]	ἐξ	_	_
7.5	638	[3]	αὐτοῦ	_	_
7.5	639	[1]	βοηθείας	_	_
7.5	640	[21]	.	b	_
7.5	641	[1]	αἱ	_	_
7.5	642	[7]	γὰρ	_	_
7.5	643	[8]	τῶν	_	_
7.5	644	[1]	οὐσιῶν	_	_
7.5	645	[1]	ἰδιότητες	_	_
7.5	646	[1]	οἰκείας	_	_
7.5	647	[1]	ἑαυταῖς	_	_
7.5	648	[1]	ἔχουσι	_	_
7.5	649	[17]	καὶ	_	_
7.5	650	[2]	τὰς	_	_
7.5	651	[9]	τῶν	_	_
7.5	652	[2]	δυνάμεων	_	_
7.5	653	[1]	ἰδιότητας	_	_
7.5	654	[22]	.	b	_
7.5	655	[3]	εἰς	_	_
7.5	656	[4]	ὅσον	_	_
7.5	657	[4]	οὖν	_	_
7.5	658	[2]	ἕκαστον	_	_
7.5	659	[10]	τῶν	_	_
7.5	660	[2]	αἰσθητικῶν	_	_
7.5	661	[1]	ἰδίως	_	_
7.5	662	[1]	ὀνομαζομένων	_	_
7.5	663	[3]	νεύρων	_	_
7.5	664	[1]	ἀποκεχώρηκε	_	_
7.5	665	[10]	τῆς	_	_
7.5	666	[3]	ἐγκεφάλου	_	_
7.5	667	[2]	φύσεως	_	_
7.5	668	[57]	,	b	_
7.5	669	[4]	εἰς	_	_
7.5	670	[2]	τοσοῦτον	_	_
7.5	671	[18]	καὶ	_	_
7.5	672	[11]	τῆς	_	_
7.5	673	[2]	δυνάμεως	_	_
7.5	674	[4]	αὐτοῦ	_	_
7.5	675	[23]	.	b	_
7.5	676	[1]	καλεῖται	_	_
7.5	677	[3]	δ	_	_
7.5	678	[13]	’	b	_
7.5	679	[2]	ἰδίως	_	_
7.5	680	[1]	αἰσθητικὰ	_	_
7.5	681	[1]	νεῦρα	_	_
7.5	682	[1]	τὰ	_	_
7.5	683	[4]	τοῖς	_	_
7.5	684	[1]	αἰσθητικοῖς	_	_
7.5	685	[1]	ὀργάνοις	_	_
7.5	686	[1]	ἐπιπεμπόμενα	_	_
7.5	687	[58]	,	b	_
7.5	688	[1]	μαλακώτερα	_	_
7.5	689	[11]	τῶν	_	_
7.5	690	[1]	ἄλλων	_	_
7.5	691	[1]	ὑπάρχοντα	_	_
7.5	692	[12]	τῶν	_	_
7.5	693	[1]	κινούντων	_	_
7.5	694	[2]	τὰ	_	_
7.5	695	[1]	μόρια	_	_
7.5	696	[59]	,	b	_
7.5	697	[1]	προμηθῶς	_	_
7.5	698	[19]	καὶ	_	_
7.5	699	[4]	τοῦτο	_	_
7.5	700	[12]	τῆς	_	_
7.5	701	[3]	φύσεως	_	_
7.5	702	[1]	ἐργασαμένης	_	_
7.5	703	[24]	.	b	_
7.5	704	[1]	ἐπειδὴ	_	_
7.5	705	[8]	γὰρ	_	_
7.5	706	[6]	ἡ	_	_
7.5	707	[5]	μὲν	_	_
7.5	708	[1]	αἴσθησις	_	_
7.5	709	[4]	οὐκ	_	_
7.5	710	[1]	ἄνευ	_	_
7.5	711	[10]	τοῦ	_	_
7.5	712	[1]	διατεθῆναί	_	_
7.5	713	[1]	πως	_	_
7.5	714	[8]	τὸ	_	_
7.5	715	[3]	νεῦρον	_	_
7.5	716	[60]	,	b	_
7.5	717	[7]	ἡ	_	_
7.5	718	[8]	δὲ	_	_
7.5	719	[1]	κίνησις	_	_
7.5	720	[9]	ἐν	_	_
7.5	721	[15]	τῷ	_	_
7.5	722	[1]	δρᾷν	_	_
7.5	723	[1]	μόνῳ	_	_
7.5	724	[12]	τὴν	_	_
7.5	725	[1]	ἐνέργειαν	_	_
7.5	726	[2]	ἔχει	_	_
7.5	727	[61]	,	b	_
7.5	728	[7]	κατὰ	_	_
7.5	729	[1]	λόγον	_	_
7.5	730	[1]	ἁπαλώτερον	_	_
7.5	731	[6]	μὲν	_	_
7.5	732	[9]	τὸ	_	_
7.5	733	[1]	αἰσθητικὸν	_	_
7.5	734	[62]	,	b	_
7.5	735	[1]	σκληρότερον	_	_
7.5	736	[9]	δὲ	_	_
7.5	737	[10]	τὸ	_	_
7.5	738	[1]	κινητικὸν	_	_
7.5	739	[4]	νεῦρον	_	_
7.5	740	[1]	ἐγένετο	_	_
7.5	741	[25]	.	b	_
7.5	742	[1]	μέτεστι	_	_
7.5	743	[10]	δὲ	_	_
7.5	744	[20]	καὶ	_	_
7.5	745	[5]	τοῖς	_	_
7.5	746	[1]	κινητικοῖς	_	_
7.5	747	[1]	ἅπασιν	_	_
7.5	748	[1]	αἰσθήσεως	_	_
7.5	749	[1]	ἁπτικῆς	_	_
7.5	750	[63]	,	b	_
7.5	751	[2]	ἐπειδὴ	_	_
7.5	752	[1]	παχυμερές	_	_
7.5	753	[3]	ἐστι	_	_
7.5	754	[11]	τὸ	_	_
7.5	755	[1]	ταύτης	_	_
7.5	756	[1]	αἰσθητόν	_	_
7.5	757	[26]	.	b	_
7.5	758	[1]	ἔμπαλιν	_	_
7.5	759	[11]	δὲ	_	_
7.5	760	[2]	τούτῳ	_	_
7.5	761	[12]	τὸ	_	_
7.5	762	[13]	τῆς	_	_
7.5	763	[1]	ὄψεως	_	_
7.5	764	[5]	νεῦρον	_	_
7.5	765	[1]	οὐ	_	_
7.5	766	[16]	τῷ	_	_
7.5	767	[1]	τετρῆσθαι	_	_
7.5	768	[1]	μόνον	_	_
7.5	769	[1]	αἰσθητῷ	_	_
7.5	770	[1]	τρήματι	_	_
7.5	771	[13]	τὴν	_	_
7.5	772	[1]	ὑπεροχὴν	_	_
7.5	773	[2]	ἐνδείκνυται	_	_
7.5	774	[14]	τῆς	_	_
7.5	775	[3]	δυνάμεως	_	_
7.5	776	[64]	,	b	_
7.5	777	[2]	ἀλλὰ	_	_
7.5	778	[21]	καὶ	_	_
7.5	779	[4]	τῇ	_	_
7.5	780	[1]	μαλακότητι	_	_
7.5	781	[65]	,	b	_
7.5	782	[22]	καὶ	_	_
7.5	783	[17]	τῷ	_	_
7.5	784	[1]	μεγέθει	_	_
7.5	785	[66]	,	b	_
7.5	786	[23]	καὶ	_	_
7.5	787	[18]	τῷ	_	_
7.5	788	[1]	δύεσθαι	_	_
7.5	789	[1]	πάλιν	_	_
7.5	790	[10]	ἐν	_	_
7.5	791	[2]	ὀφθαλμοῖς	_	_
7.5	792	[1]	γενόμενον	_	_
7.5	793	[1]	ἐξομοιοῦσθαί	_	_
7.5	794	[9]	τε	_	_
7.5	795	[8]	κατὰ	_	_
7.5	796	[1]	πάντα	_	_
7.5	797	[2]	ἐγκεφάλῳ	_	_
7.5	798	[27]	.	b	_
7.5	799	[24]	καὶ	_	_
7.5	800	[5]	αὐτὸ	_	_
7.5	801	[12]	δὲ	_	_
7.5	802	[13]	τὸ	_	_
7.5	803	[6]	νεῦρον	_	_
7.5	804	[2]	ὅλον	_	_
7.5	805	[2]	ἐστὶν	_	_
7.5	806	[4]	ἐγκεφάλου	_	_
7.5	807	[10]	τε	_	_
7.5	808	[25]	καὶ	_	_
7.5	809	[1]	ὀφθαλμοῦ	_	_
7.5	810	[1]	μεταξύ	_	_
7.5	811	[1]	·	b	_
7.5	812	[14]	τὸ	_	_
7.5	813	[7]	μὲν	_	_
7.5	814	[1]	ἔνδον	_	_
7.5	815	[2]	ἑαυτοῦ	_	_
7.5	816	[1]	μαλακώτερον	_	_
7.5	817	[3]	ἔχει	_	_
7.5	818	[67]	,	b	_
7.5	819	[15]	τὸ	_	_
7.5	820	[4]	δ	_	_
7.5	821	[14]	’	b	_
7.5	822	[1]	ἔξω	_	_
7.5	823	[2]	σκληρότερον	_	_
7.5	824	[68]	,	b	_
7.5	825	[1]	ἀμφοτέρων	_	_
7.5	826	[1]	στοχασαμένου	_	_
7.5	827	[11]	τοῦ	_	_
7.5	828	[1]	δημιουργοῦ	_	_
7.5	829	[69]	,	b	_
7.5	830	[15]	τῆς	_	_
7.5	831	[11]	τε	_	_
7.5	832	[9]	κατὰ	_	_
7.5	833	[14]	τὴν	_	_
7.5	834	[1]	ὁδοιπορίαν	_	_
7.5	835	[1]	ἀσφαλείας	_	_
7.5	836	[26]	καὶ	_	_
7.5	837	[12]	τοῦ	_	_
7.5	838	[1]	διασώζειν	_	_
7.5	839	[70]	,	b	_
7.5	840	[5]	εἰς	_	_
7.5	841	[5]	ὅσον	_	_
7.5	842	[3]	οἷόν	_	_
7.5	843	[12]	τε	_	_
7.5	844	[71]	,	b	_
7.5	845	[15]	τὴν	_	_
7.5	846	[5]	ἐγκεφάλου	_	_
7.5	847	[2]	φύσιν	_	_
7.5	848	[28]	.	b	_
7.5	849	[1]	εἰκότως	_	_
7.5	850	[5]	οὖν	_	_
7.5	851	[1]	ἁπάντων	_	_
7.5	852	[4]	νεύρων	_	_
7.5	853	[72]	,	b	_
7.5	854	[2]	οὐ	_	_
7.5	855	[2]	μόνον	_	_
7.5	856	[13]	τῶν	_	_
7.5	857	[2]	ἐξ	_	_
7.5	858	[6]	ἐγκεφάλου	_	_
7.5	859	[1]	πεφυκότων	_	_
7.5	860	[73]	,	b	_
7.5	861	[3]	ἀλλὰ	_	_
7.5	862	[27]	καὶ	_	_
7.5	863	[14]	τῶν	_	_
7.5	864	[1]	ἐκ	_	_
7.5	865	[13]	τοῦ	_	_
7.5	866	[1]	νωτιαίου	_	_
7.5	867	[74]	,	b	_
7.5	868	[1]	μέγιστον	_	_
7.5	869	[1]	ἀπειργάσθη	_	_
7.5	870	[16]	τὸ	_	_
7.5	871	[16]	τῆς	_	_
7.5	872	[2]	ὄψεως	_	_
7.5	873	[29]	.	b	_
7.5	874	[1]	ἐξαίρετα	_	_
7.5	875	[9]	γὰρ	_	_
7.5	876	[1]	ἐχρῆν	_	_
7.5	877	[3]	αὐτῷ	_	_
7.5	878	[2]	παρὰ	_	_
7.5	879	[1]	τἄλλα	_	_
7.5	880	[2]	ὑπάρχειν	_	_
7.5	881	[1]	πολλὰ	_	_
7.5	882	[75]	,	b	_
7.5	883	[1]	τετρῆσθαί	_	_
7.5	884	[13]	τε	_	_
7.5	885	[6]	διὰ	_	_
7.5	886	[14]	τοῦ	_	_
7.5	887	[1]	βάθους	_	_
7.5	888	[76]	,	b	_
7.5	889	[28]	καὶ	_	_
7.5	890	[1]	μαλακὰ	_	_
7.5	891	[8]	μὲν	_	_
7.5	892	[1]	εἶναι	_	_
7.5	893	[1]	ταῦτα	_	_
7.5	894	[77]	,	b	_
7.5	895	[1]	σκληρὰ	_	_
7.5	896	[13]	δὲ	_	_
7.5	897	[3]	τὰ	_	_
7.5	898	[5]	πέριξ	_	_
7.5	899	[78]	,	b	_
7.5	900	[1]	ἀφικνεῖσθαί	_	_
7.5	901	[14]	τε	_	_
7.5	902	[1]	δι	_	_
7.5	903	[15]	’	b	_
7.5	904	[5]	αὐτοῦ	_	_
7.5	905	[1]	πολλὴν	_	_
7.5	906	[3]	ἐξ	_	_
7.5	907	[7]	ἐγκεφάλου	_	_
7.5	908	[2]	πνευματικὴν	_	_
7.5	909	[3]	οὐσίαν	_	_
7.5	910	[6]	εἰς	_	_
7.5	911	[3]	τὰς	_	_
7.5	912	[1]	χώρας	_	_
7.5	913	[15]	τῶν	_	_
7.5	914	[1]	ὀφθαλμῶν	_	_
7.5	915	[30]	.	b	_
7.5	916	[1]	τό	_	_
7.5	917	[1]	τ	_	_
7.5	918	[16]	’	b	_
7.5	919	[6]	οὖν	_	_
7.5	920	[1]	τρῆμα	_	_
7.5	921	[1]	πάντως	_	_
7.5	922	[2]	ἐχρῆν	_	_
7.5	923	[1]	ὑπό	_	_
7.5	924	[1]	τινος	_	_
7.5	925	[1]	οὐσίας	_	_
7.5	926	[1]	περιέχεσθαι	_	_
7.5	927	[1]	στεγανῆς	_	_
7.5	928	[79]	,	b	_
7.5	929	[1]	ἥτις	_	_
7.5	930	[2]	ἄνευ	_	_
7.5	931	[15]	τοῦ	_	_
7.5	932	[1]	παχυνθῆναι	_	_
7.5	933	[17]	τὸ	_	_
7.5	934	[7]	νεῦρον	_	_
7.5	935	[5]	οὐκ	_	_
7.5	936	[8]	ἂν	_	_
7.5	937	[2]	ἐγένετο	_	_
7.5	938	[80]	,	b	_
7.5	939	[2]	τό	_	_
7.5	940	[15]	τε	_	_
7.5	941	[1]	πάχος	_	_
7.5	942	[6]	αὐτοῦ	_	_
7.5	943	[1]	διττὴν	_	_
7.5	944	[4]	ἔχει	_	_
7.5	945	[1]	ἰδέαν	_	_
7.5	946	[81]	,	b	_
7.5	947	[1]	μαλακοῦ	_	_
7.5	948	[9]	μὲν	_	_
7.5	949	[2]	ἔνδον	_	_
7.5	950	[82]	,	b	_
7.5	951	[1]	ἔξωθεν	_	_
7.5	952	[14]	δὲ	_	_
7.5	953	[1]	σκληροῦ	_	_
7.5	954	[1]	γενομένου	_	_
7.5	955	[31]	.	b	_
7.5	956	[1]	ὅτι	_	_
7.5	957	[15]	δὲ	_	_
7.5	958	[29]	καὶ	_	_
7.5	959	[5]	τὸν	_	_
7.5	960	[1]	ὀφθαλμὸν	_	_
7.5	961	[6]	οὐκ	_	_
7.5	962	[1]	ὀλίγης	_	_
7.5	963	[3]	ἐχρῆν	_	_
7.5	964	[2]	οὐσίας	_	_
7.5	965	[8]	ἐγκεφάλου	_	_
7.5	966	[1]	μετειληφέναι	_	_
7.5	967	[83]	,	b	_
7.5	968	[1]	πεισθείης	_	_
7.5	969	[9]	ἂν	_	_
7.5	970	[2]	σαφῶς	_	_
7.5	971	[1]	ἀνατεμὼν	_	_
7.5	972	[1]	αὐτόν	_	_
7.5	973	[32]	.	b	_
7.5	974	[1]	εὑρήσεις	_	_
7.5	975	[10]	γὰρ	_	_
7.5	976	[2]	ὑπὸ	_	_
7.5	977	[6]	τοῖς	_	_
7.5	978	[1]	χιτῶσιν	_	_
7.5	979	[3]	ἔνδον	_	_
7.5	980	[1]	ὑγρὰ	_	_
7.5	981	[1]	σφαιροειδῆ	_	_
7.5	982	[1]	διττὰ	_	_
7.5	983	[84]	,	b	_
7.5	984	[18]	τὸ	_	_
7.5	985	[10]	μὲν	_	_
7.5	986	[2]	οὕτω	_	_
7.5	987	[1]	μαλακὸν	_	_
7.5	988	[85]	,	b	_
7.5	989	[1]	οἵαπέρ	_	_
7.5	990	[4]	ἐστιν	_	_
7.5	991	[1]	ὕαλος	_	_
7.5	992	[8]	ἡ	_	_
7.5	993	[1]	μετρίως	_	_
7.5	994	[1]	λυθεῖσα	_	_
7.5	995	[86]	,	b	_
7.5	996	[19]	τὸ	_	_
7.5	997	[5]	δ	_	_
7.5	998	[17]	’	b	_
7.5	999	[3]	οὕτω	_	_
7.5	1000	[1]	σκληρὸν	_	_
7.5	1001	[87]	,	b	_
7.5	1002	[1]	οἷος	_	_
7.5	1003	[4]	ὁ	_	_
7.5	1004	[2]	μετρίως	_	_
7.5	1005	[1]	παγεὶς	_	_
7.5	1006	[1]	κρύσταλλος	_	_
7.5	1007	[33]	.	b	_
7.5	1008	[1]	ὀνομάζεται	_	_
7.5	1009	[6]	δ	_	_
7.5	1010	[18]	’	b	_
7.5	1011	[3]	ὑπὸ	_	_
7.5	1012	[16]	τῶν	_	_
7.5	1013	[1]	ἰατρῶν	_	_
7.5	1014	[1]	ὑαλοειδὲς	_	_
7.5	1015	[11]	μὲν	_	_
7.5	1016	[20]	τὸ	_	_
7.5	1017	[2]	μαλακώτερον	_	_
7.5	1018	[88]	,	b	_
7.5	1019	[1]	κρυσταλλοειδὲς	_	_
7.5	1020	[16]	δὲ	_	_
7.5	1021	[21]	τὸ	_	_
7.5	1022	[3]	σκληρότερον	_	_
7.5	1023	[89]	,	b	_
7.5	1024	[1]	ἀπὸ	_	_
7.5	1025	[17]	τῆς	_	_
7.5	1026	[6]	πρὸς	_	_
7.5	1027	[1]	ὕαλόν	_	_
7.5	1028	[16]	τε	_	_
7.5	1029	[30]	καὶ	_	_
7.5	1030	[1]	κρύσταλλον	_	_
7.5	1031	[1]	ὁμοιότητος	_	_
7.5	1032	[90]	,	b	_
7.5	1033	[1]	οἷς	_	_
7.5	1034	[3]	οὐ	_	_
7.5	1035	[3]	μόνον	_	_
7.5	1036	[1]	ταῖς	_	_
7.5	1037	[1]	συστάσεσιν	_	_
7.5	1038	[91]	,	b	_
7.5	1039	[4]	ἀλλὰ	_	_
7.5	1040	[31]	καὶ	_	_
7.5	1041	[2]	ταῖς	_	_
7.5	1042	[1]	χροιαῖς	_	_
7.5	1043	[2]	ἔοικεν	_	_
7.5	1044	[2]	·	b	_
7.5	1045	[2]	ἀκριβῶς	_	_
7.5	1046	[2]	γάρ	_	_
7.5	1047	[4]	ἐστι	_	_
7.5	1048	[1]	καθαρὰ	_	_
7.5	1049	[92]	,	b	_
7.5	1050	[32]	καὶ	_	_
7.5	1051	[1]	διαυγὴς	_	_
7.5	1052	[93]	,	b	_
7.5	1053	[33]	καὶ	_	_
7.5	1054	[1]	λαμπρά	_	_
7.5	1055	[34]	.	b	_
7.5	1056	[1]	πρότερον	_	_
7.5	1057	[12]	μὲν	_	_
7.5	1058	[7]	οὖν	_	_
7.5	1059	[1]	ἐκδέχεται	_	_
7.5	1060	[6]	τὸν	_	_
7.5	1061	[4]	ἐξ	_	_
7.5	1062	[9]	ἐγκεφάλου	_	_
7.5	1063	[1]	καθήκοντα	_	_
7.5	1064	[1]	πόρον	_	_
7.5	1065	[7]	εἰς	_	_
7.5	1066	[1]	ἑκάτερον	_	_
7.5	1067	[3]	αὐτῶν	_	_
7.5	1068	[22]	τὸ	_	_
7.5	1069	[2]	ὑαλοειδὲς	_	_
7.5	1070	[94]	,	b	_
7.5	1071	[3]	ἐφεξῆς	_	_
7.5	1072	[7]	δ	_	_
7.5	1073	[19]	’	b	_
7.5	1074	[4]	αὐτῷ	_	_
7.5	1075	[23]	τὸ	_	_
7.5	1076	[2]	κρυσταλλοειδὲς	_	_
7.5	1077	[1]	ἐοικὸς	_	_
7.5	1078	[1]	ἀτρέμα	_	_
7.5	1079	[1]	πεπλατυσμένῃ	_	_
7.5	1080	[1]	σφαίρᾳ	_	_
7.5	1081	[35]	.	b	_
7.5	1082	[34]	καὶ	_	_
7.5	1083	[1]	τοίνυν	_	_
7.5	1084	[5]	ὁ	_	_
7.5	1085	[1]	πόρος	_	_
7.5	1086	[1]	αὐτὸς	_	_
7.5	1087	[2]	ἅμα	_	_
7.5	1088	[19]	τῷ	_	_
7.5	1089	[2]	περιέχοντι	_	_
7.5	1090	[2]	νεύρῳ	_	_
7.5	1091	[1]	διεξελθὼν	_	_
7.5	1092	[7]	τὸν	_	_
7.5	1093	[2]	ἔξωθεν	_	_
7.5	1094	[1]	χιτῶνα	_	_
7.5	1095	[10]	κατὰ	_	_
7.5	1096	[8]	τὸν	_	_
7.5	1097	[2]	ὀφθαλμὸν	_	_
7.5	1098	[1]	ἄμφω	_	_
7.5	1099	[2]	ταῦτα	_	_
7.5	1100	[1]	πάσχει	_	_
7.5	1101	[11]	κατὰ	_	_
7.5	1102	[16]	τὴν	_	_
7.5	1103	[1]	πρώτην	_	_
7.5	1104	[1]	ἔκπτωσιν	_	_
7.5	1105	[95]	,	b	_
7.5	1106	[1]	ἣν	_	_
7.5	1107	[8]	εἰς	_	_
7.5	1108	[17]	τὴν	_	_
7.5	1109	[1]	χώραν	_	_
7.5	1110	[7]	αὐτοῦ	_	_
7.5	1111	[1]	ποιεῖται	_	_
7.5	1112	[96]	,	b	_
7.5	1113	[1]	ἐκεῖ	_	_
7.5	1114	[13]	μὲν	_	_
7.5	1115	[24]	τὸ	_	_
7.5	1116	[1]	πνεῦμα	_	_
7.5	1117	[1]	κεραννύον	_	_
7.5	1118	[7]	τοῖς	_	_
7.5	1119	[1]	ὑγροῖς	_	_
7.5	1120	[2]	ὑγροῖς	_	_
7.5	1121	[1]	ἕνεκα	_	_
7.5	1122	[16]	τοῦ	_	_
7.5	1123	[1]	γενέσθαι	_	_
7.5	1124	[18]	τὴν	_	_
7.5	1125	[4]	οὐσίαν	_	_
7.5	1126	[4]	αὐτῶν	_	_
7.5	1127	[2]	ὅλην	_	_
7.5	1128	[1]	αἰσθητικήν	_	_
7.5	1129	[3]	·	b	_
7.5	1130	[1]	περιλαμβάνει	_	_
7.5	1131	[8]	δ	_	_
7.5	1132	[20]	’	b	_
7.5	1133	[1]	αὖθις	_	_
7.5	1134	[1]	λυθείσῃ	_	_
7.5	1135	[17]	τε	_	_
7.5	1136	[35]	καὶ	_	_
7.5	1137	[1]	πλατυνθείσῃ	_	_
7.5	1138	[5]	τῇ	_	_
7.5	1139	[12]	κατὰ	_	_
7.5	1140	[25]	τὸ	_	_
7.5	1141	[8]	νεῦρον	_	_
7.5	1142	[1]	οὐσίᾳ	_	_
7.5	1143	[26]	τὸ	_	_
7.5	1144	[3]	ὑαλοειδὲς	_	_
7.5	1145	[1]	ὑγρὸν	_	_
7.5	1146	[1]	ἐμφυόμενος	_	_
7.5	1147	[13]	κατὰ	_	_
7.5	1148	[27]	τὸ	_	_
7.5	1149	[1]	πέρας	_	_
7.5	1150	[3]	ἑαυτοῦ	_	_
7.5	1151	[20]	τῷ	_	_
7.5	1152	[1]	μεγίστῳ	_	_
7.5	1153	[1]	κύκλῳ	_	_
7.5	1154	[17]	τοῦ	_	_
7.5	1155	[1]	κρυσταλλοειδοῦς	_	_
7.5	1156	[36]	.	b	_
7.5	1157	[1]	ὥστε	_	_
7.5	1158	[1]	σοι	_	_
7.5	1159	[28]	τὸ	_	_
7.5	1160	[1]	σχῆμα	_	_
7.5	1161	[1]	δόξει	_	_
7.5	1162	[18]	τοῦ	_	_
7.5	1163	[1]	πλατυνθέντος	_	_
7.5	1164	[2]	νεύρου	_	_
7.5	1165	[1]	παραπλήσιον	_	_
7.5	1166	[1]	ἀμφιβλήστρῳ	_	_
7.5	1167	[1]	γεγονέναι	_	_
7.5	1168	[4]	·	b	_
7.5	1169	[1]	διὸ	_	_
7.5	1170	[36]	καὶ	_	_
7.5	1171	[1]	προσηγορεύκασιν	_	_
7.5	1172	[1]	ἀμφιβληστροειδῆ	_	_
7.5	1173	[2]	χιτῶνα	_	_
7.5	1174	[1]	τουτὶ	_	_
7.5	1175	[29]	τὸ	_	_
7.5	1176	[3]	σῶμα	_	_
7.5	1177	[37]	.	b	_
7.5	1178	[37]	καὶ	_	_
7.5	1179	[4]	εἰ	_	_
7.5	1180	[1]	περιελὼν	_	_
7.5	1181	[3]	ὅλον	_	_
7.5	1182	[6]	αὐτὸ	_	_
7.5	1183	[1]	πειραθείης	_	_
7.5	1184	[1]	ὁμοῦ	_	_
7.5	1185	[1]	πᾶν	_	_
7.5	1186	[1]	ἀθροῖσαι	_	_
7.5	1187	[1]	μόριον	_	_
7.5	1188	[97]	,	b	_
7.5	1189	[1]	ἐγκέφαλός	_	_
7.5	1190	[2]	σοι	_	_
7.5	1191	[1]	φανεῖται	_	_
7.5	1192	[98]	,	b	_
7.5	1193	[38]	καὶ	_	_
7.5	1194	[5]	εἰ	_	_
7.5	1195	[1]	δείξαις	_	_
7.5	1196	[1]	γέ	_	_
7.5	1197	[1]	τινι	_	_
7.5	1198	[1]	μὴ	_	_
7.5	1199	[1]	τεθεαμένῳ	_	_
7.5	1200	[99]	,	b	_
7.5	1201	[1]	πόθεν	_	_
7.5	1202	[1]	ἠθροίσθη	_	_
7.5	1203	[100]	,	b	_
7.5	1204	[1]	φήσει	_	_
7.5	1205	[1]	μέρος	_	_
7.5	1206	[3]	ὑπάρχειν	_	_
7.5	1207	[10]	ἐγκεφάλου	_	_
7.5	1208	[30]	τὸ	_	_
7.5	1209	[1]	δεικνύμενον	_	_
7.5	1210	[4]	σῶμα	_	_
7.5	1211	[101]	,	b	_
7.5	1212	[39]	καὶ	_	_
7.5	1213	[1]	ἀπιστήσει	_	_
7.5	1214	[14]	κατὰ	_	_
7.5	1215	[2]	τοὺς	_	_
7.5	1216	[1]	ὀφθαλμοὺς	_	_
7.5	1217	[7]	αὐτὸ	_	_
7.5	1218	[2]	περιέχεσθαι	_	_
7.5	1219	[38]	.	b	_
7.5	1220	[1]	τοσαύτῃ	_	_
7.5	1221	[14]	μὲν	_	_
7.5	1222	[1]	ὑπεροχῇ	_	_
7.5	1223	[18]	τῆς	_	_
7.5	1224	[1]	κατασκευῆς	_	_
7.5	1225	[1]	ὀφθαλμὸς	_	_
7.5	1226	[1]	κέχρηται	_	_
7.5	1227	[3]	παρὰ	_	_
7.5	1228	[2]	τἄλλα	_	_
7.5	1229	[17]	τῶν	_	_
7.5	1230	[1]	αἰσθήσεων	_	_
7.5	1231	[1]	ὄργανα	_	_
7.5	1232	[5]	·	b	_
7.5	1233	[40]	καὶ	_	_
7.5	1234	[1]	θαυμαστὸν	_	_
7.5	1235	[1]	οὐδὲν	_	_
7.5	1236	[102]	,	b	_
7.5	1237	[9]	εἰς	_	_
7.5	1238	[6]	ὅσον	_	_
7.5	1239	[8]	αὐτοῦ	_	_
7.5	1240	[31]	τὸ	_	_
7.5	1241	[1]	πρῶτον	_	_
7.5	1242	[1]	αἰσθητὸν	_	_
7.5	1243	[1]	ἀκριβέστερόν	_	_
7.5	1244	[2]	τ	_	_
7.5	1245	[21]	’	b	_
7.5	1246	[1]	ἐστὶ	_	_
7.5	1247	[41]	καὶ	_	_
7.5	1248	[1]	λεπτομερέστερον	_	_
7.5	1249	[103]	,	b	_
7.5	1250	[6]	ἢ	_	_
7.5	1251	[8]	τοῖς	_	_
7.5	1252	[2]	ἄλλοις	_	_
7.5	1253	[104]	,	b	_
7.5	1254	[10]	εἰς	_	_
7.5	1255	[3]	τοσοῦτον	_	_
7.5	1256	[42]	καὶ	_	_
7.5	1257	[19]	τῆς	_	_
7.5	1258	[11]	ἐγκεφάλου	_	_
7.5	1259	[4]	φύσεως	_	_
7.5	1260	[8]	αὐτὸ	_	_
7.5	1261	[1]	ἐπὶ	_	_
7.5	1262	[1]	πλέον	_	_
7.5	1263	[1]	ἐκείνων	_	_
7.5	1264	[2]	μετειληφέναι	_	_
7.5	1265	[39]	.	b	_
7.5	1266	[1]	οὔτε	_	_
7.5	1267	[11]	γὰρ	_	_
7.5	1268	[2]	εὑρήσεις	_	_
7.5	1269	[1]	αὐτὴν	_	_
7.5	1270	[2]	ἔτι	_	_
7.5	1271	[19]	τὴν	_	_
7.5	1272	[15]	κατὰ	_	_
7.5	1273	[9]	τὸν	_	_
7.5	1274	[2]	ἐγκέφαλον	_	_
7.5	1275	[5]	οὐσίαν	_	_
7.5	1276	[11]	ἐν	_	_
7.5	1277	[1]	οὐδενὶ	_	_
7.5	1278	[18]	τῶν	_	_
7.5	1279	[2]	ἄλλων	_	_
7.5	1280	[2]	ὀργάνων	_	_
7.5	1281	[105]	,	b	_
7.5	1282	[2]	οὔτε	_	_
7.5	1283	[16]	κατὰ	_	_
7.5	1284	[4]	τὰς	_	_
7.5	1285	[1]	κοιλίας	_	_
7.5	1286	[106]	,	b	_
7.5	1287	[7]	ὡς	_	_
7.5	1288	[12]	ἐν	_	_
7.5	1289	[5]	αὐτῷ	_	_
7.5	1290	[107]	,	b	_
7.5	1291	[3]	πνεύματος	_	_
7.5	1292	[1]	ψυχικοῦ	_	_
7.5	1293	[4]	τοσοῦτον	_	_
7.5	1294	[1]	πλῆθος	_	_
7.5	1295	[40]	.	b	_
7.5	1296	[2]	εἰκότως	_	_
7.5	1297	[9]	δ	_	_
7.5	1298	[22]	’	b	_
7.5	1299	[108]	,	b	_
7.5	1300	[8]	ὡς	_	_
7.5	1301	[1]	ἔφην	_	_
7.5	1302	[109]	,	b	_
7.5	1303	[4]	οὕτω	_	_
7.5	1304	[1]	κατεσκευάσθη	_	_
7.5	1305	[110]	,	b	_
7.5	1306	[1]	δεόμενος	_	_
7.5	1307	[1]	ὀργάνῳ	_	_
7.5	1308	[1]	χρῆσθαι	_	_
7.5	1309	[21]	τῷ	_	_
7.5	1310	[6]	πέριξ	_	_
7.5	1311	[2]	ἀέρι	_	_
7.5	1312	[41]	.	b	_
7.5	1313	[43]	καὶ	_	_
7.5	1314	[2]	γίγνεται	_	_
7.5	1315	[17]	δὲ	_	_
7.5	1316	[5]	τοιοῦτον	_	_
7.5	1317	[2]	ὄργανον	_	_
7.5	1318	[6]	αὐτῷ	_	_
7.5	1319	[7]	πρὸς	_	_
7.5	1320	[20]	τὴν	_	_
7.5	1321	[19]	τῶν	_	_
7.5	1322	[1]	αἰσθητῶν	_	_
7.5	1323	[1]	οἰκείαν	_	_
7.5	1324	[2]	διάγνωσιν	_	_
7.5	1325	[111]	,	b	_
7.5	1326	[2]	οἷον	_	_
7.5	1327	[3]	ἐγκεφάλῳ	_	_
7.5	1328	[32]	τὸ	_	_
7.5	1329	[9]	νεῦρον	_	_
7.5	1330	[112]	,	b	_
7.5	1331	[1]	ὥσθ	_	_
7.5	1332	[23]	’	b	_
7.5	1333	[113]	,	b	_
7.5	1334	[2]	ὃν	_	_
7.5	1335	[5]	ἔχει	_	_
7.5	1336	[2]	λόγον	_	_
7.5	1337	[2]	ἐγκέφαλος	_	_
7.5	1338	[8]	πρὸς	_	_
7.5	1339	[33]	τὸ	_	_
7.5	1340	[10]	νεῦρον	_	_
7.5	1341	[114]	,	b	_
7.5	1342	[6]	τοιοῦτον	_	_
7.5	1343	[2]	ὀφθαλμὸς	_	_
7.5	1344	[6]	ἔχει	_	_
7.5	1345	[9]	πρὸς	_	_
7.5	1346	[10]	τὸν	_	_
7.5	1347	[3]	ἀέρα	_	_
7.5	1348	[42]	.	b	_
7.5	1349	[34]	τὸ	_	_
7.5	1350	[10]	δ	_	_
7.5	1351	[24]	’	b	_
7.5	1352	[1]	οἰκεῖον	_	_
7.5	1353	[2]	αἰσθητὸν	_	_
7.5	1354	[3]	ὄψεως	_	_
7.5	1355	[115]	,	b	_
7.5	1356	[3]	ὅπερ	_	_
7.5	1357	[44]	καὶ	_	_
7.5	1358	[2]	πρῶτον	_	_
7.5	1359	[1]	αὐτῆς	_	_
7.5	1360	[3]	αἰσθητὸν	_	_
7.5	1361	[1]	ὠνόμασα	_	_
7.5	1362	[116]	,	b	_
7.5	1363	[35]	τὸ	_	_
7.5	1364	[20]	τῶν	_	_
7.5	1365	[1]	χρωμάτων	_	_
7.5	1366	[2]	ἐστὶ	_	_
7.5	1367	[1]	γένος	_	_
7.5	1368	[43]	.	b	_
7.5	1369	[3]	ἐκείνου	_	_
7.5	1370	[15]	μὲν	_	_
7.5	1371	[12]	γὰρ	_	_
7.5	1372	[1]	πρώτου	_	_
7.5	1373	[18]	τε	_	_
7.5	1374	[45]	καὶ	_	_
7.5	1375	[2]	καθ	_	_
7.5	1376	[25]	’	b	_
7.5	1377	[1]	αὑτὴν	_	_
7.5	1378	[46]	καὶ	_	_
7.5	1379	[1]	μόνη	_	_
7.5	1380	[21]	τῶν	_	_
7.5	1381	[3]	ἄλλων	_	_
7.5	1382	[1]	αἰσθάνεται	_	_
7.5	1383	[117]	,	b	_
7.5	1384	[1]	καθάπερ	_	_
7.5	1385	[9]	ἡ	_	_
7.5	1386	[1]	γεῦσις	_	_
7.5	1387	[22]	τῶν	_	_
7.5	1388	[1]	χυμῶν	_	_
7.5	1389	[44]	.	b	_
7.5	1390	[1]	συνδιαγιγνώσκει	_	_
7.5	1391	[11]	δ	_	_
7.5	1392	[26]	’	b	_
7.5	1393	[7]	αὐτῷ	_	_
7.5	1394	[36]	τὸ	_	_
7.5	1395	[1]	κεχρωσμένον	_	_
7.5	1396	[5]	σῶμα	_	_
7.5	1397	[118]	,	b	_
7.5	1398	[2]	καθάπερ	_	_
7.5	1399	[10]	ἡ	_	_
7.5	1400	[2]	γεῦσις	_	_
7.5	1401	[37]	τὸ	_	_
7.5	1402	[3]	τοὺς	_	_
7.5	1403	[1]	χυμοὺς	_	_
7.5	1404	[1]	ἔχον	_	_
7.5	1405	[45]	.	b	_
7.5	1406	[1]	ἀλλ	_	_
7.5	1407	[27]	’	b	_
7.5	1408	[11]	ἡ	_	_
7.5	1409	[16]	μὲν	_	_
7.5	1410	[3]	γεῦσις	_	_
7.5	1411	[2]	ὁμοίως	_	_
7.5	1412	[3]	ταῖς	_	_
7.5	1413	[1]	ἄλλαις	_	_
7.5	1414	[1]	αἰσθήσεσιν	_	_
7.5	1415	[2]	ἐπὶ	_	_
7.5	1416	[38]	τὸ	_	_
7.5	1417	[19]	τοῦ	_	_
7.5	1418	[1]	ζώου	_	_
7.5	1419	[6]	σῶμα	_	_
7.5	1420	[2]	περιμένει	_	_
7.5	1421	[2]	παραγενέσθαι	_	_
7.5	1422	[39]	τὸ	_	_
7.5	1423	[2]	αἰσθητόν	_	_
7.5	1424	[6]	·	b	_
7.5	1425	[12]	ἡ	_	_
7.5	1426	[12]	δ	_	_
7.5	1427	[28]	’	b	_
7.5	1428	[2]	ὄψις	_	_
7.5	1429	[1]	ἐκτείνεται	_	_
7.5	1430	[7]	διὰ	_	_
7.5	1431	[1]	μέσου	_	_
7.5	1432	[20]	τοῦ	_	_
7.5	1433	[1]	ἀέρος	_	_
7.5	1434	[3]	ἐπὶ	_	_
7.5	1435	[40]	τὸ	_	_
7.5	1436	[2]	κεχρωσμένον	_	_
7.5	1437	[46]	.	b	_
7.5	1438	[1]	ὅθεν	_	_
7.5	1439	[1]	αὐτῇ	_	_
7.5	1440	[1]	μόνῃ	_	_
7.5	1441	[1]	συνδιαγιγνώσκειν	_	_
7.5	1442	[2]	ὑπάρχει	_	_
7.5	1443	[6]	τῇ	_	_
7.5	1444	[1]	χροιᾷ	_	_
7.5	1445	[21]	τοῦ	_	_
7.5	1446	[2]	βλεπομένου	_	_
7.5	1447	[3]	τό	_	_
7.5	1448	[19]	τε	_	_
7.5	1449	[2]	μέγεθος	_	_
7.5	1450	[9]	αὐτοῦ	_	_
7.5	1451	[47]	καὶ	_	_
7.5	1452	[41]	τὸ	_	_
7.5	1453	[2]	σχῆμα	_	_
7.5	1454	[119]	,	b	_
7.5	1455	[1]	μηδὲ	_	_
7.5	1456	[1]	τούτου	_	_
7.5	1457	[1]	δυναμένης	_	_
7.5	1458	[1]	αἰσθάνεσθαι	_	_
7.5	1459	[2]	αἰσθήσεως	_	_
7.5	1460	[1]	ἄλλης	_	_
7.5	1461	[120]	,	b	_
7.5	1462	[2]	ὅτι	_	_
7.5	1463	[2]	μὴ	_	_
7.5	1464	[17]	κατὰ	_	_
7.5	1465	[1]	συμβεβηκὸς	_	_
7.5	1466	[1]	ἐνίοτε	_	_
7.5	1467	[20]	τῆς	_	_
7.5	1468	[1]	ἁφῆς	_	_
7.5	1469	[47]	.	b	_
7.5	1470	[1]	ἐξείργασται	_	_
7.5	1471	[5]	γοῦν	_	_
7.5	1472	[5]	τοσοῦτον	_	_
7.5	1473	[6]	ὁ	_	_
7.5	1474	[1]	λόγος	_	_
7.5	1475	[13]	ἐν	_	_
7.5	1476	[22]	τῷ	_	_
7.5	1477	[1]	πέμπτῳ	_	_
7.5	1478	[1]	περὶ	_	_
7.5	1479	[1]	ἀποδείξεως	_	_
7.5	1480	[48]	.	b	_
7.5	1481	[7]	τῇ	_	_
7.5	1482	[13]	δ	_	_
7.5	1483	[29]	’	b	_
7.5	1484	[8]	οὖν	_	_
7.5	1485	[1]	ὄψει	_	_
7.5	1486	[10]	πρὸς	_	_
7.5	1487	[9]	τοῖς	_	_
7.5	1488	[3]	ἄλλοις	_	_
7.5	1489	[3]	ὑπάρχει	_	_
7.5	1490	[48]	καὶ	_	_
7.5	1491	[1]	θέσιν	_	_
7.5	1492	[49]	καὶ	_	_
7.5	1493	[1]	διάστημα	_	_
7.5	1494	[2]	συνδιαγιγνώσκειν	_	_
7.5	1495	[22]	τοῦ	_	_
7.5	1496	[1]	κεχρωσμένου	_	_
7.5	1497	[2]	σώματος	_	_
7.5	1498	[121]	,	b	_
7.5	1499	[1]	οὐδενὸς	_	_
7.5	1500	[23]	τῶν	_	_
7.5	1501	[4]	ἄλλων	_	_
7.5	1502	[1]	αἰσθέσθαι	_	_
7.5	1503	[1]	δυναμένου	_	_
7.5	1504	[1]	ὅσοι	_	_
7.5	1505	[14]	δ	_	_
7.5	1506	[30]	’	b	_
7.5	1507	[1]	ἐπιχειροῦσι	_	_
7.5	1508	[50]	καὶ	_	_
7.5	1509	[1]	ὀσφρήσει	_	_
7.5	1510	[51]	καὶ	_	_
7.5	1511	[1]	ἀκοῇ	_	_
7.5	1512	[21]	τὴν	_	_
7.5	1513	[2]	θέσιν	_	_
7.5	1514	[11]	τὸν	_	_
7.5	1515	[1]	ἀτμὸν	_	_
7.5	1516	[1]	ἀποπέμποντος	_	_
7.5	1517	[3]	σώματος	_	_
7.5	1518	[122]	,	b	_
7.5	1519	[7]	ἢ	_	_
7.5	1520	[23]	τοῦ	_	_
7.5	1521	[1]	πλήξαντος	_	_
7.5	1522	[12]	τὸν	_	_
7.5	1523	[4]	ἀέρα	_	_
7.5	1524	[1]	μεταδιδόναι	_	_
7.5	1525	[21]	τῆς	_	_
7.5	1526	[1]	διαγνώσεως	_	_
7.5	1527	[123]	,	b	_
7.5	1528	[2]	ὅπως	_	_
7.5	1529	[1]	ἁμαρτάνουσιν	_	_
7.5	1530	[124]	,	b	_
7.5	1531	[4]	οὐ	_	_
7.5	1532	[2]	νῦν	_	_
7.5	1533	[1]	καιρὸς	_	_
7.5	1534	[1]	ἐρεῖν	_	_
7.5	1535	[49]	.	b	_
7.5	1536	[1]	εἴρηται	_	_
7.5	1537	[13]	γὰρ	_	_
7.5	1538	[4]	ἐπὶ	_	_
7.5	1539	[1]	πλεῖστον	_	_
7.5	1540	[1]	ὑπὲρ	_	_
7.5	1541	[2]	ἁπάντων	_	_
7.5	1542	[24]	τῶν	_	_
7.5	1543	[18]	κατὰ	_	_
7.5	1544	[5]	τὰς	_	_
7.5	1545	[1]	δύο	_	_
7.5	1546	[1]	αἰσθήσεις	_	_
7.5	1547	[1]	φαινομένων	_	_
7.5	1548	[14]	ἐν	_	_
7.5	1549	[23]	τῷ	_	_
7.5	1550	[2]	πέμπτῳ	_	_
7.5	1551	[2]	περὶ	_	_
7.5	1552	[22]	τῆς	_	_
7.5	1553	[2]	ἀποδείξεως	_	_
7.5	1554	[125]	,	b	_
7.5	1555	[2]	ὥσπερ	_	_
7.5	1556	[1]	γ	_	_
7.5	1557	[31]	’	b	_
7.5	1558	[1]	ἔφαμεν	_	_
7.5	1559	[7]	·	b	_
7.5	1560	[15]	ἐν	_	_
7.5	1561	[1]	ᾗ	_	_
7.5	1562	[1]	πραγματείᾳ	_	_
7.5	1563	[1]	γυμνασάμενός	_	_
7.5	1564	[2]	τις	_	_
7.5	1565	[1]	ἑτοιμότερον	_	_
7.5	1566	[1]	ἀκολουθήσει	_	_
7.5	1567	[10]	τοῖς	_	_
7.5	1568	[3]	νῦν	_	_
7.5	1569	[1]	λεγομένοις	_	_
7.5	1570	[50]	.	b	_
7.5	1571	[1]	ἐπι	_	_
7.5	1572	[2]	δέδεικται	_	_
7.5	1573	[14]	γὰρ	_	_
7.5	1574	[16]	ἐν	_	_
7.5	1575	[1]	ἐκείνοις	_	_
7.5	1576	[1]	ἅπαντα	_	_
7.5	1577	[1]	μαρτυροῦντα	_	_
7.5	1578	[24]	τῷ	_	_
7.5	1579	[42]	τὸ	_	_
7.5	1580	[2]	βλεπόμενον	_	_
7.5	1581	[7]	σῶμα	_	_
7.5	1582	[3]	καθ	_	_
7.5	1583	[32]	’	b	_
7.5	1584	[3]	ὃν	_	_
7.5	1585	[10]	ἂν	_	_
7.5	1586	[1]	ὑπάρχῃ	_	_
7.5	1587	[1]	τόπον	_	_
7.5	1588	[1]	ὁρᾶσθαι	_	_
7.5	1589	[51]	.	b	_
7.5	1590	[4]	φαίνεται	_	_
7.5	1591	[18]	δὲ	_	_
7.5	1592	[2]	τοῦτ	_	_
7.5	1593	[33]	’	b	_
7.5	1594	[2]	ἐναργῶς	_	_
7.5	1595	[52]	καὶ	_	_
7.5	1596	[2]	δι	_	_
7.5	1597	[34]	’	b	_
7.5	1598	[2]	αὐτῆς	_	_
7.5	1599	[23]	τῆς	_	_
7.5	1600	[3]	αἰσθήσεως	_	_
7.5	1601	[8]	·	b	_
7.5	1602	[2]	ὅθεν	_	_
7.5	1603	[1]	οὐδ	_	_
7.5	1604	[35]	’	b	_
7.5	1605	[1]	οἱ	_	_
7.5	1606	[1]	γεωμετρικοὶ	_	_
7.5	1607	[1]	μετ	_	_
7.5	1608	[36]	’	b	_
7.5	1609	[3]	ἀποδείξεως	_	_
7.5	1610	[126]	,	b	_
7.5	1611	[2]	ἀλλ	_	_
7.5	1612	[37]	’	b	_
7.5	1613	[1]	αὐτόθεν	_	_
7.5	1614	[9]	ὡς	_	_
7.5	1615	[1]	ἐναργὲς	_	_
7.5	1616	[9]	αὐτὸ	_	_
7.5	1617	[1]	τιθέασι	_	_
7.5	1618	[127]	,	b	_
7.5	1619	[1]	καίτοι	_	_
7.5	1620	[24]	τοῦ	_	_
7.5	1621	[2]	γε	_	_
7.5	1622	[2]	κατ	_	_
7.5	1623	[38]	’	b	_
7.5	1624	[1]	εὐθείας	_	_
7.5	1625	[2]	ὁρᾷν	_	_
7.5	1626	[4]	ἡμᾶς	_	_
7.5	1627	[1]	γραμμὰς	_	_
7.5	1628	[128]	,	b	_
7.5	1629	[8]	ἢ	_	_
7.5	1630	[25]	τοῦ	_	_
7.5	1631	[22]	τὴν	_	_
7.5	1632	[1]	ὄψιν	_	_
7.5	1633	[129]	,	b	_
7.5	1634	[1]	ἐπειδὰν	_	_
7.5	1635	[3]	ἀκριβῶς	_	_
7.5	1636	[2]	τινι	_	_
7.5	1637	[1]	λείῳ	_	_
7.5	1638	[53]	καὶ	_	_
7.5	1639	[1]	στίλβοντι	_	_
7.5	1640	[1]	προσπέσῃ	_	_
7.5	1641	[130]	,	b	_
7.5	1642	[19]	κατὰ	_	_
7.5	1643	[23]	τὴν	_	_
7.5	1644	[1]	ἴσην	_	_
7.5	1645	[1]	ἀνακλᾶσθαι	_	_
7.5	1646	[1]	γωνίαν	_	_
7.5	1647	[2]	ᾗ	_	_
7.5	1648	[1]	προσέπεσεν	_	_
7.5	1649	[131]	,	b	_
7.5	1650	[1]	ἀποδείξεις	_	_
7.5	1651	[1]	φέρονταί	_	_
7.5	1652	[1]	τινες	_	_
7.5	1653	[52]	.	b	_
7.5	1654	[2]	εἴπερ	_	_
7.5	1655	[9]	οὖν	_	_
7.5	1656	[13]	ἡ	_	_
7.5	1657	[3]	ὄψις	_	_
7.5	1658	[2]	μόνη	_	_
7.5	1659	[25]	τῶν	_	_
7.5	1660	[5]	ἄλλων	_	_
7.5	1661	[2]	αἰσθήσεων	_	_
7.5	1662	[2]	αἰσθάνεται	_	_
7.5	1663	[26]	τοῦ	_	_
7.5	1664	[1]	κινοῦντος	_	_
7.5	1665	[2]	αὐτὴν	_	_
7.5	1666	[1]	αἰσθητοῦ	_	_
7.5	1667	[8]	διὰ	_	_
7.5	1668	[2]	μέσου	_	_
7.5	1669	[27]	τοῦ	_	_
7.5	1670	[2]	ἀέρος	_	_
7.5	1671	[132]	,	b	_
7.5	1672	[3]	οὐχ	_	_
7.5	1673	[10]	ὡς	_	_
7.5	1674	[1]	βακτηρίας	_	_
7.5	1675	[1]	τινὸς	_	_
7.5	1676	[133]	,	b	_
7.5	1677	[3]	ἀλλ	_	_
7.5	1678	[39]	’	b	_
7.5	1679	[11]	ὡς	_	_
7.5	1680	[1]	ὁμοειδοῦς	_	_
7.5	1681	[20]	τε	_	_
7.5	1682	[54]	καὶ	_	_
7.5	1683	[1]	συμφυοῦς	_	_
7.5	1684	[1]	ἑαυτῇ	_	_
7.5	1685	[1]	μορίου	_	_
7.5	1686	[134]	,	b	_
7.5	1687	[55]	καὶ	_	_
7.5	1688	[2]	μόνῃ	_	_
7.5	1689	[3]	τοῦτ	_	_
7.5	1690	[40]	’	b	_
7.5	1691	[1]	ἐξαίρετον	_	_
7.5	1692	[2]	αὐτῇ	_	_
7.5	1693	[1]	δέδοται	_	_
7.5	1694	[1]	μετὰ	_	_
7.5	1695	[28]	τοῦ	_	_
7.5	1696	[56]	καὶ	_	_
7.5	1697	[3]	δι	_	_
7.5	1698	[41]	’	b	_
7.5	1699	[1]	ἀνακλάσεως	_	_
7.5	1700	[3]	ὁρᾷν	_	_
7.5	1701	[135]	,	b	_
7.5	1702	[3]	εἰκότως	_	_
7.5	1703	[1]	ἐδεήθη	_	_
7.5	1704	[4]	πνεύματος	_	_
7.5	1705	[1]	ἄνωθεν	_	_
7.5	1706	[1]	ἐπιῤῥέοντος	_	_
7.5	1707	[1]	αὐγοειδοῦς	_	_
7.5	1708	[136]	,	b	_
7.5	1709	[1]	ὃ	_	_
7.5	1710	[1]	προσπίπτον	_	_
7.5	1711	[25]	τῷ	_	_
7.5	1712	[7]	πέριξ	_	_
7.5	1713	[3]	ἀέρι	_	_
7.5	1714	[57]	καὶ	_	_
7.5	1715	[3]	οἷον	_	_
7.5	1716	[1]	ἐπιπλῆττον	_	_
7.5	1717	[2]	αὐτὸν	_	_
7.5	1718	[3]	ἑαυτῷ	_	_
7.5	1719	[1]	συνεξομοιώσει	_	_
7.5	1720	[53]	.	b	_
7.5	1721	[1]	δεόντως	_	_
7.5	1722	[10]	οὖν	_	_
7.5	1723	[1]	ἐροῦμεν	_	_
7.5	1724	[137]	,	b	_
7.5	1725	[1]	αὐγοειδὲς	_	_
7.5	1726	[17]	μὲν	_	_
7.5	1727	[2]	εἶναι	_	_
7.5	1728	[43]	τὸ	_	_
7.5	1729	[24]	τῆς	_	_
7.5	1730	[4]	ὄψεως	_	_
7.5	1731	[3]	ὄργανον	_	_
7.5	1732	[138]	,	b	_
7.5	1733	[1]	ἀεροειδὲς	_	_
7.5	1734	[19]	δὲ	_	_
7.5	1735	[44]	τὸ	_	_
7.5	1736	[25]	τῆς	_	_
7.5	1737	[1]	ἀκοῆς	_	_
7.5	1738	[139]	,	b	_
7.5	1739	[1]	ἀτμοειδὲς	_	_
7.5	1740	[20]	δὲ	_	_
7.5	1741	[45]	τὸ	_	_
7.5	1742	[26]	τῆς	_	_
7.5	1743	[1]	ὀδμῆς	_	_
7.5	1744	[140]	,	b	_
7.5	1745	[58]	καὶ	_	_
7.5	1746	[46]	τὸ	_	_
7.5	1747	[18]	μὲν	_	_
7.5	1748	[27]	τῆς	_	_
7.5	1749	[1]	γεύσεως	_	_
7.5	1750	[2]	ὑγρὸν	_	_
7.5	1751	[141]	,	b	_
7.5	1752	[47]	τὸ	_	_
7.5	1753	[21]	δὲ	_	_
7.5	1754	[28]	τῆς	_	_
7.5	1755	[2]	ἁφῆς	_	_
7.5	1756	[1]	γεῶδες	_	_
7.5	1757	[54]	.	b	_
7.5	1758	[1]	οὐδὲ	_	_
7.5	1759	[15]	γὰρ	_	_
7.5	1760	[4]	οἷόν	_	_
7.5	1761	[3]	τ	_	_
7.5	1762	[42]	’	b	_
7.5	1763	[2]	ἦν	_	_
7.5	1764	[1]	ἑτέρως	_	_
7.5	1765	[1]	ἔχειν	_	_
7.5	1766	[1]	αὐτὰ	_	_
7.5	1767	[29]	τῆς	_	_
7.5	1768	[2]	ἐκ	_	_
7.5	1769	[26]	τῶν	_	_
7.5	1770	[1]	ὁμοίων	_	_
7.5	1771	[1]	ἀλλοιώσεως	_	_
7.5	1772	[1]	χρῄζοντα	_	_
7.5	1773	[142]	,	b	_
7.5	1774	[59]	καὶ	_	_
7.5	1775	[4]	τοῦτ	_	_
7.5	1776	[43]	’	b	_
7.5	1777	[1]	ἄρ	_	_
7.5	1778	[44]	’	b	_
7.5	1779	[3]	ἦν	_	_
7.5	1780	[143]	,	b	_
7.5	1781	[2]	ὃ	_	_
7.5	1782	[1]	βούλεται	_	_
7.5	1783	[1]	δηλοῦν	_	_
7.5	1784	[7]	ὁ	_	_
7.5	1785	[1]	Ἐμπεδοκλῆς	_	_
7.5	1786	[17]	ἐν	_	_
7.5	1787	[2]	οἷς	_	_
7.5	1788	[1]	φησι	_	_
7.5	1789	[9]	·	b	_
7.5	1790	[1]	Γαίῃ	_	_
7.5	1791	[19]	μὲν	_	_
7.5	1792	[16]	γὰρ	_	_
7.5	1793	[1]	γαῖαν	_	_
7.5	1794	[1]	ὀπώπαμεν	_	_
7.5	1795	[144]	,	b	_
7.5	1796	[1]	ὕδατι	_	_
7.5	1797	[15]	δ	_	_
7.5	1798	[45]	’	b	_
7.5	1799	[1]	ὕδωρ	_	_
7.5	1800	[145]	,	b	_
7.5	1801	[1]	Αἰθέρι	_	_
7.5	1802	[16]	δ	_	_
7.5	1803	[46]	’	b	_
7.5	1804	[1]	αἰθέρα	_	_
7.5	1805	[1]	δῖον	_	_
7.5	1806	[146]	,	b	_
7.5	1807	[1]	ἀτὰρ	_	_
7.5	1808	[1]	πυρὶ	_	_
7.5	1809	[1]	πῦρ	_	_
7.5	1810	[1]	ἀΐδηλον	_	_
7.5	1811	[55]	.	b	_
7.5	1812	[1]	αἰσθανόμεθα	_	_
7.5	1813	[17]	γὰρ	_	_
7.5	1814	[1]	ὄντως	_	_
7.5	1815	[26]	τῷ	_	_
7.5	1816	[20]	μὲν	_	_
7.5	1817	[1]	γεωδεστέρῳ	_	_
7.5	1818	[27]	τῶν	_	_
7.5	1819	[1]	αἰσθητηριῶν	_	_
7.5	1820	[147]	,	b	_
7.5	1821	[4]	ὅπερ	_	_
7.5	1822	[3]	ἐστὶν	_	_
7.5	1823	[14]	ἡ	_	_
7.5	1824	[1]	ἁφὴ	_	_
7.5	1825	[148]	,	b	_
7.5	1826	[30]	τῆς	_	_
7.5	1827	[1]	γεώδους	_	_
7.5	1828	[5]	φύσεως	_	_
7.5	1829	[18]	ἐν	_	_
7.5	1830	[11]	τοῖς	_	_
7.5	1831	[1]	αἰσθητοῖς	_	_
7.5	1832	[149]	,	b	_
7.5	1833	[27]	τῷ	_	_
7.5	1834	[17]	δ	_	_
7.5	1835	[47]	’	b	_
7.5	1836	[1]	αὐγοειδεστάτῳ	_	_
7.5	1837	[150]	,	b	_
7.5	1838	[28]	τῷ	_	_
7.5	1839	[31]	τῆς	_	_
7.5	1840	[5]	ὄψεως	_	_
7.5	1841	[151]	,	b	_
7.5	1842	[32]	τῆς	_	_
7.5	1843	[2]	αὐγοειδοῦς	_	_
7.5	1844	[152]	,	b	_
7.5	1845	[3]	καθάπερ	_	_
7.5	1846	[3]	γε	_	_
7.5	1847	[60]	καὶ	_	_
7.5	1848	[29]	τῷ	_	_
7.5	1849	[20]	κατὰ	_	_
7.5	1850	[24]	τὴν	_	_
7.5	1851	[1]	ἀκοὴν	_	_
7.5	1852	[1]	ἀεροειδεῖ	_	_
7.5	1853	[1]	γιγνομένῳ	_	_
7.5	1854	[28]	τῶν	_	_
7.5	1855	[1]	ἰδίων	_	_
7.5	1856	[3]	ἀέρος	_	_
7.5	1857	[1]	παθημάτων	_	_
7.5	1858	[15]	ἡ	_	_
7.5	1859	[1]	διάγνωσις	_	_
7.5	1860	[1]	ἀποτελεῖται	_	_
7.5	1861	[56]	.	b	_
7.5	1862	[61]	καὶ	_	_
7.5	1863	[21]	μὲν	_	_
7.5	1864	[1]	δὴ	_	_
7.5	1865	[62]	καὶ	_	_
7.5	1866	[30]	τῷ	_	_
7.5	1867	[21]	κατὰ	_	_
7.5	1868	[25]	τὴν	_	_
7.5	1869	[1]	|γεῦσιν	_	_
7.5	1870	[1]	ὑγρῷ	_	_
7.5	1871	[63]	καὶ	_	_
7.5	1872	[1]	σπογγοειδεῖ	_	_
7.5	1873	[26]	τὴν	_	_
7.5	1874	[3]	φύσιν	_	_
7.5	1875	[1]	ὄντι	_	_
7.5	1876	[29]	τῶν	_	_
7.5	1877	[2]	χυμῶν	_	_
7.5	1878	[2]	ἡμῖν	_	_
7.5	1879	[2]	αἴσθησις	_	_
7.5	1880	[3]	γίγνεται	_	_
7.5	1881	[57]	.	b	_
7.5	1882	[1]	λοιπὸν	_	_
7.5	1883	[18]	δ	_	_
7.5	1884	[48]	’	b	_
7.5	1885	[3]	ἐστὶ	_	_
7.5	1886	[48]	τὸ	_	_
7.5	1887	[33]	τῆς	_	_
7.5	1888	[1]	ὀσφρήσεως	_	_
7.5	1889	[4]	ὄργανον	_	_
7.5	1890	[153]	,	b	_
7.5	1891	[7]	οὐκ	_	_
7.5	1892	[19]	ἐν	_	_
7.5	1893	[12]	τοῖς	_	_
7.5	1894	[22]	κατὰ	_	_
7.5	1895	[27]	τὴν	_	_
7.5	1896	[1]	ῥῖνα	_	_
7.5	1897	[1]	πόροις	_	_
7.5	1898	[154]	,	b	_
7.5	1899	[12]	ὡς	_	_
7.5	1900	[2]	οἱ	_	_
7.5	1901	[1]	πολλοὶ	_	_
7.5	1902	[1]	νομίζουσιν	_	_
7.5	1903	[155]	,	b	_
7.5	1904	[4]	ἀλλ	_	_
7.5	1905	[49]	’	b	_
7.5	1906	[20]	ἐν	_	_
7.5	1907	[13]	τοῖς	_	_
7.5	1908	[1]	πέρασι	_	_
7.5	1909	[30]	τῶν	_	_
7.5	1910	[1]	ἐμπροσθίων	_	_
7.5	1911	[12]	ἐγκεφάλου	_	_
7.5	1912	[1]	κοιλιῶν	_	_
7.5	1913	[156]	,	b	_
7.5	1914	[11]	εἰς	_	_
7.5	1915	[1]	ἅπερ	_	_
7.5	1916	[1]	ἀνήκουσιν	_	_
7.5	1917	[3]	οἱ	_	_
7.5	1918	[23]	κατὰ	_	_
7.5	1919	[28]	τὴν	_	_
7.5	1920	[2]	ῥῖνα	_	_
7.5	1921	[1]	πόροι	_	_
7.5	1922	[10]	·	b	_
7.5	1923	[24]	κατὰ	_	_
7.5	1924	[5]	τοῦτο	_	_
7.5	1925	[3]	γάρ	_	_
7.5	1926	[1]	τοι	_	_
7.5	1927	[49]	τὸ	_	_
7.5	1928	[2]	μόριον	_	_
7.5	1929	[1]	ἀτμοειδεστάτας	_	_
7.5	1930	[3]	εἶναι	_	_
7.5	1931	[1]	συμβέβηκε	_	_
7.5	1932	[6]	τὰς	_	_
7.5	1933	[2]	κοιλίας	_	_
7.5	1934	[10]	αὐτοῦ	_	_
7.5	1935	[58]	.	b	_
7.5	1936	[1]	γέγραπται	_	_
7.5	1937	[22]	δὲ	_	_
7.5	1938	[31]	τῷ	_	_
7.5	1939	[1]	βουλομένῳ	_	_
7.5	1940	[64]	καὶ	_	_
7.5	1941	[3]	περὶ	_	_
7.5	1942	[2]	τοῦδε	_	_
7.5	1943	[1]	βιβλίον	_	_
7.5	1944	[1]	ἓν	_	_
7.5	1945	[1]	ἡμέτερον	_	_
7.5	1946	[157]	,	b	_
7.5	1947	[1]	ᾧ	_	_
7.5	1948	[65]	καὶ	_	_
7.5	1949	[50]	τὸ	_	_
7.5	1950	[1]	ἐπίγραμμά	_	_
7.5	1951	[5]	ἐστι	_	_
7.5	1952	[4]	περὶ	_	_
7.5	1953	[29]	τοῦ	_	_
7.5	1954	[34]	τῆς	_	_
7.5	1955	[2]	ὀσφρήσεως	_	_
7.5	1956	[1]	ὀργάνου	_	_
7.5	1957	[59]	.	b	_
7.6	1	[1]	Πέμπτον	_	_
7.6	2	[1]	γὰρ	_	_
7.6	3	[1]	δὴ	_	_
7.6	4	[1]	τοῦτ	_	_
7.6	5	[1]	’	b	_
7.6	6	[1]	ἔστιν	_	_
7.6	7	[1]	αἰσθητήριον	_	_
7.6	8	[1]	,	b	_
7.6	9	[1]	οὐκ	_	_
7.6	10	[1]	ὄντων	_	_
7.6	11	[1]	πέντε	_	_
7.6	12	[1]	στοιχείων	_	_
7.6	13	[2]	,	b	_
7.6	14	[1]	ἐπειδὴ	_	_
7.6	15	[1]	τὸ	_	_
7.6	16	[1]	τῶν	_	_
7.6	17	[1]	ὀσμῶν	_	_
7.6	18	[1]	γένος	_	_
7.6	19	[1]	ἐν	_	_
7.6	20	[1]	τῷ	_	_
7.6	21	[1]	μεταξὺ	_	_
7.6	22	[1]	τὴν	_	_
7.6	23	[1]	φύσιν	_	_
7.6	24	[1]	ἐστὶν	_	_
7.6	25	[1]	ἀέρος	_	_
7.6	26	[1]	καὶ	_	_
7.6	27	[1]	ὕδατος	_	_
7.6	28	[3]	,	b	_
7.6	29	[1]	ὡς	_	_
7.6	30	[2]	καὶ	_	_
7.6	31	[1]	Πλάτων	_	_
7.6	32	[1]	εἶπεν	_	_
7.6	33	[2]	ἐν	_	_
7.6	34	[1]	Τιμαίῳ	_	_
7.6	35	[1]	μετὰ	_	_
7.6	36	[1]	τήνδε	_	_
7.6	37	[2]	τὴν	_	_
7.6	38	[1]	ῥῆσιν	_	_
7.6	39	[1]	·	b	_
7.6	40	[1]	μεταβάλλοντος	_	_
7.6	41	[2]	γὰρ	_	_
7.6	42	[2]	ὕδατος	_	_
7.6	43	[1]	εἰς	_	_
7.6	44	[1]	ἀέρα	_	_
7.6	45	[4]	,	b	_
7.6	46	[2]	ἀέρος	_	_
7.6	47	[1]	τε	_	_
7.6	48	[2]	εἰς	_	_
7.6	49	[1]	ὕδωρ	_	_
7.6	50	[5]	,	b	_
7.6	51	[3]	ἐν	_	_
7.6	52	[2]	τῷ	_	_
7.6	53	[2]	μεταξὺ	_	_
7.6	54	[1]	γεγόνασιν	_	_
7.6	55	[1]	ὀδμαὶ	_	_
7.6	56	[1]	σύμπασαι	_	_
7.6	57	[1]	.	b	_
7.6	58	[1]	λέγει	_	_
7.6	59	[1]	δὲ	_	_
7.6	60	[3]	καὶ	_	_
7.6	61	[1]	περὶ	_	_
7.6	62	[1]	τοῦ	_	_
7.6	63	[1]	τῆς	_	_
7.6	64	[1]	ὄψεως	_	_
7.6	65	[1]	ὀργάνου	_	_
7.6	66	[6]	,	b	_
7.6	67	[1]	ὅτι	_	_
7.6	68	[1]	πυρός	_	_
7.6	69	[1]	ἐστι	_	_
7.6	70	[2]	τοῦ	_	_
7.6	71	[1]	καθαρωτάτου	_	_
7.6	72	[1]	γένους	_	_
7.6	73	[7]	,	b	_
7.6	74	[1]	ὅπερ	_	_
7.6	75	[1]	αὐτὸς	_	_
7.6	76	[1]	αὐγήν	_	_
7.6	77	[2]	τε	_	_
7.6	78	[4]	καὶ	_	_
7.6	79	[1]	φῶς	_	_
7.6	80	[1]	ὀνομάζει	_	_
7.6	81	[8]	,	b	_
7.6	82	[1]	διαφέρον	_	_
7.6	83	[1]	ἄνθρακός	_	_
7.6	84	[3]	τε	_	_
7.6	85	[5]	καὶ	_	_
7.6	86	[1]	φλογός	_	_
7.6	87	[2]	.	b	_
7.6	88	[1]	φησὶ	_	_
7.6	89	[1]	γοῦν	_	_
7.6	90	[2]	·	b	_
7.6	91	[2]	μετὰ	_	_
7.6	92	[2]	δὲ	_	_
7.6	93	[1]	ταῦτα	_	_
7.6	94	[1]	δεῖ	_	_
7.6	95	[1]	νοεῖν	_	_
7.6	96	[9]	,	b	_
7.6	97	[2]	ὅτι	_	_
7.6	98	[2]	πυρός	_	_
7.6	99	[4]	τε	_	_
7.6	100	[1]	γένη	_	_
7.6	101	[1]	πολλὰ	_	_
7.6	102	[1]	γέγονεν	_	_
7.6	103	[10]	,	b	_
7.6	104	[1]	οἶον	_	_
7.6	105	[1]	φλὸξ	_	_
7.6	106	[1]	τό	_	_
7.6	107	[1]	τ	_	_
7.6	108	[2]	’	b	_
7.6	109	[1]	ἀπὸ	_	_
7.6	110	[2]	τῆς	_	_
7.6	111	[1]	φλογὸς	_	_
7.6	112	[1]	ἀπιὸν	_	_
7.6	113	[11]	,	b	_
7.6	114	[1]	ὃ	_	_
7.6	115	[1]	καίει	_	_
7.6	116	[1]	μὲν	_	_
7.6	117	[1]	οὒ	_	_
7.6	118	[12]	,	b	_
7.6	119	[2]	φῶς	_	_
7.6	120	[3]	δὲ	_	_
7.6	121	[1]	τοῖς	_	_
7.6	122	[1]	ὄμμασι	_	_
7.6	123	[1]	παρέχει	_	_
7.6	124	[13]	,	b	_
7.6	125	[2]	τό	_	_
7.6	126	[5]	τε	_	_
7.6	127	[2]	φλογὸς	_	_
7.6	128	[1]	ἀποσβεσθείσης	_	_
7.6	129	[4]	ἐν	_	_
7.6	130	[2]	τοῖς	_	_
7.6	131	[1]	διαπύροις	_	_
7.6	132	[1]	καταλειπόμενον	_	_
7.6	133	[1]	αὐτοῦ	_	_
7.6	134	[3]	.	b	_
7.6	135	[1]	τούτων	_	_
7.6	136	[1]	οὖν	_	_
7.6	137	[2]	τῶν	_	_
7.6	138	[1]	τριῶν	_	_
7.6	139	[1]	γενῶν	_	_
7.6	140	[2]	τὸ	_	_
7.6	141	[1]	μὴ	_	_
7.6	142	[1]	καῖον	_	_
7.6	143	[2]	μὲν	_	_
7.6	144	[14]	,	b	_
7.6	145	[2]	ὡς	_	_
7.6	146	[2]	αὐτὸς	_	_
7.6	147	[1]	ἔφη	_	_
7.6	148	[15]	,	b	_
7.6	149	[3]	φῶς	_	_
7.6	150	[4]	δὲ	_	_
7.6	151	[3]	τοῖς	_	_
7.6	152	[2]	ὄμμασι	_	_
7.6	153	[1]	παρέχον	_	_
7.6	154	[5]	ἐν	_	_
7.6	155	[3]	τῷ	_	_
7.6	156	[3]	τῆς	_	_
7.6	157	[2]	ὄψεως	_	_
7.6	158	[1]	ὀργάνῳ	_	_
7.6	159	[1]	πλεῖστόν	_	_
7.6	160	[1]	ἐστιν	_	_
7.6	161	[16]	,	b	_
7.6	162	[2]	ὃ	_	_
7.6	163	[6]	καὶ	_	_
7.6	164	[1]	τοῦτο	_	_
7.6	165	[1]	πάλιν	_	_
7.6	166	[3]	αὐτὸς	_	_
7.6	167	[1]	ἐδήλωσεν	_	_
7.6	168	[6]	ἐν	_	_
7.6	169	[1]	ταὐτῷ	_	_
7.6	170	[1]	βιβλίῳ	_	_
7.6	171	[4]	τῷ	_	_
7.6	172	[2]	Τιμαίῳ	_	_
7.6	173	[1]	κατὰ	_	_
7.6	174	[2]	τήνδε	_	_
7.6	175	[3]	τὴν	_	_
7.6	176	[2]	ῥῆσιν	_	_
7.6	177	[4]	.	b	_
7.6	178	[3]	τῶν	_	_
7.6	179	[1]	δ	_	_
7.6	180	[3]	’	b	_
7.6	181	[1]	ὀργάνων	_	_
7.6	182	[1]	πρῶτον	_	_
7.6	183	[3]	μὲν	_	_
7.6	184	[1]	φωσφόρα	_	_
7.6	185	[1]	συνετεκτήναντο	_	_
7.6	186	[1]	ὄμματα	_	_
7.6	187	[17]	,	b	_
7.6	188	[1]	τοιᾷδε	_	_
7.6	189	[1]	ἐνδήσαντες	_	_
7.6	190	[1]	αἰτίᾳ	_	_
7.6	191	[3]	·	b	_
7.6	192	[3]	τοῦ	_	_
7.6	193	[1]	πυρὸς	_	_
7.6	194	[1]	ὅσον	_	_
7.6	195	[3]	τὸ	_	_
7.6	196	[4]	μὲν	_	_
7.6	197	[1]	καίειν	_	_
7.6	198	[2]	οὐκ	_	_
7.6	199	[1]	ἔσχε	_	_
7.6	200	[18]	,	b	_
7.6	201	[4]	τὸ	_	_
7.6	202	[5]	δὲ	_	_
7.6	203	[1]	παρέχειν	_	_
7.6	204	[4]	φῶς	_	_
7.6	205	[1]	ἥμερον	_	_
7.6	206	[19]	,	b	_
7.6	207	[1]	οἰκεῖον	_	_
7.6	208	[1]	ἑκάστης	_	_
7.6	209	[1]	ἡμέρας	_	_
7.6	210	[1]	σῶμα	_	_
7.6	211	[1]	ἐμηχανήσαντο	_	_
7.6	212	[1]	γίγνεσθαι	_	_
7.6	213	[5]	.	b	_
7.6	214	[5]	τὸ	_	_
7.6	215	[3]	γὰρ	_	_
7.6	216	[1]	ἐντὸς	_	_
7.6	217	[1]	ἡμῶν	_	_
7.6	218	[1]	ἀδελφὸν	_	_
7.6	219	[1]	ὂν	_	_
7.6	220	[1]	τούτου	_	_
7.6	221	[1]	πῦρ	_	_
7.6	222	[1]	εἰλικρινὲς	_	_
7.6	223	[1]	ἐποίησαν	_	_
7.6	224	[1]	διὰ	_	_
7.6	225	[4]	τῶν	_	_
7.6	226	[1]	ὀμμάτων	_	_
7.6	227	[1]	ῥεῖν	_	_
7.6	228	[1]	λεῖον	_	_
7.6	229	[7]	καὶ	_	_
7.6	230	[1]	πυκνὸν	_	_
7.6	231	[20]	,	b	_
7.6	232	[1]	ὅλον	_	_
7.6	233	[5]	μὲν	_	_
7.6	234	[21]	,	b	_
7.6	235	[1]	μάλιστα	_	_
7.6	236	[6]	δὲ	_	_
7.6	237	[6]	τὸ	_	_
7.6	238	[1]	μέσον	_	_
7.6	239	[1]	ξυμπιλήσαντες	_	_
7.6	240	[5]	τῶν	_	_
7.6	241	[2]	ὀμμάτων	_	_
7.6	242	[4]	·	b	_
7.6	243	[1]	ὥστε	_	_
7.6	244	[7]	τὸ	_	_
7.6	245	[6]	μὲν	_	_
7.6	246	[1]	ἄλλο	_	_
7.6	247	[22]	,	b	_
7.6	248	[2]	ὅσον	_	_
7.6	249	[1]	παχύτερον	_	_
7.6	250	[23]	,	b	_
7.6	251	[1]	στέγειν	_	_
7.6	252	[1]	πᾶν	_	_
7.6	253	[24]	,	b	_
7.6	254	[8]	τὸ	_	_
7.6	255	[1]	τοιοῦτον	_	_
7.6	256	[7]	δὲ	_	_
7.6	257	[1]	μόνον	_	_
7.6	258	[1]	αὐτὸ	_	_
7.6	259	[1]	καθαρὸν	_	_
7.6	260	[1]	διηθεῖν	_	_
7.6	261	[6]	.	b	_
7.6	262	[1]	ὁποῖον	_	_
7.6	263	[7]	μὲν	_	_
7.6	264	[2]	οὖν	_	_
7.6	265	[1]	τι	_	_
7.6	266	[9]	τὸ	_	_
7.6	267	[4]	τῆς	_	_
7.6	268	[1]	ὄψεώς	_	_
7.6	269	[2]	ἐστιν	_	_
7.6	270	[1]	ὄργανον	_	_
7.6	271	[25]	,	b	_
7.6	272	[7]	ἐν	_	_
7.6	273	[1]	τούτοις	_	_
7.6	274	[2]	ἐδήλωσεν	_	_
7.6	275	[5]	·	b	_
7.6	276	[1]	ὅπως	_	_
7.6	277	[8]	δὲ	_	_
7.6	278	[1]	ὁρῶμεν	_	_
7.6	279	[26]	,	b	_
7.6	280	[8]	ἐν	_	_
7.6	281	[4]	τοῖς	_	_
7.6	282	[1]	ἐφεξῆς	_	_
7.6	283	[7]	.	b	_
7.6	284	[1]	συνάπτων	_	_
7.6	285	[2]	γοῦν	_	_
7.6	286	[5]	τοῖς	_	_
7.6	287	[1]	προειρημένοις	_	_
7.6	288	[1]	φησίν	_	_
7.6	289	[6]	·	b	_
7.6	290	[1]	ὅταν	_	_
7.6	291	[8]	μὲν	_	_
7.6	292	[3]	οὖν	_	_
7.6	293	[1]	μεθημερινὸν	_	_
7.6	294	[1]	ᾖ	_	_
7.6	295	[5]	φῶς	_	_
7.6	296	[2]	περὶ	_	_
7.6	297	[10]	τὸ	_	_
7.6	298	[5]	τῆς	_	_
7.6	299	[3]	ὄψεως	_	_
7.6	300	[1]	ῥεῦμα	_	_
7.6	301	[27]	,	b	_
7.6	302	[3]	τό	_	_
7.6	303	[2]	τ	_	_
7.6	304	[4]	’	b	_
7.6	305	[1]	ἐκπίπτον	_	_
7.6	306	[1]	ὅμοιον	_	_
7.6	307	[1]	πρὸς	_	_
7.6	308	[2]	ὅμοιον	_	_
7.6	309	[1]	ξυμπαγὲς	_	_
7.6	310	[1]	γενόμενον	_	_
7.6	311	[28]	,	b	_
7.6	312	[1]	ἓν	_	_
7.6	313	[2]	σῶμα	_	_
7.6	314	[1]	οἰκειωθὲν	_	_
7.6	315	[1]	ξυνέστη	_	_
7.6	316	[2]	κατὰ	_	_
7.6	317	[4]	τὴν	_	_
7.6	318	[6]	τῶν	_	_
7.6	319	[3]	ὀμμάτων	_	_
7.6	320	[1]	εὐθυωρίαν	_	_
7.6	321	[29]	,	b	_
7.6	322	[1]	ὅπηπερ	_	_
7.6	323	[1]	ἂν	_	_
7.6	324	[1]	ἀντερείδῃ	_	_
7.6	325	[11]	τὸ	_	_
7.6	326	[1]	προσπίπτον	_	_
7.6	327	[1]	ἔνδοθεν	_	_
7.6	328	[30]	,	b	_
7.6	329	[2]	πρὸς	_	_
7.6	330	[3]	ὃ	_	_
7.6	331	[12]	τὸ	_	_
7.6	332	[1]	ἔξω	_	_
7.6	333	[1]	συνέπεσεν	_	_
7.6	334	[8]	.	b	_
7.6	335	[1]	ὁμοιοπαθὲς	_	_
7.6	336	[2]	δὴ	_	_
7.6	337	[1]	δι	_	_
7.6	338	[5]	’	b	_
7.6	339	[1]	ὁμοιότητα	_	_
7.6	340	[2]	πᾶν	_	_
7.6	341	[2]	γενόμενον	_	_
7.6	342	[31]	,	b	_
7.6	343	[1]	ὅτου	_	_
7.6	344	[6]	τε	_	_
7.6	345	[2]	ἂν	_	_
7.6	346	[1]	αὐτό	_	_
7.6	347	[1]	ποτε	_	_
7.6	348	[1]	ἐφάπτηται	_	_
7.6	349	[32]	,	b	_
7.6	350	[8]	καὶ	_	_
7.6	351	[4]	ὃ	_	_
7.6	352	[3]	ἂν	_	_
7.6	353	[2]	ἄλλο	_	_
7.6	354	[1]	ἐκείνου	_	_
7.6	355	[33]	,	b	_
7.6	356	[1]	τούτῳ	_	_
7.6	357	[1]	τὰς	_	_
7.6	358	[1]	κινήσεις	_	_
7.6	359	[1]	διαδιδὸν	_	_
7.6	360	[3]	εἰς	_	_
7.6	361	[1]	ἅπαν	_	_
7.6	362	[13]	τὸ	_	_
7.6	363	[3]	σῶμα	_	_
7.6	364	[1]	μέχρι	_	_
7.6	365	[6]	τῆς	_	_
7.6	366	[1]	ψυχῆς	_	_
7.6	367	[1]	αἴσθησιν	_	_
7.6	368	[1]	παρέχεται	_	_
7.6	369	[1]	ταύτην	_	_
7.6	370	[34]	,	b	_
7.6	371	[1]	ᾗ	_	_
7.6	372	[3]	δὴ	_	_
7.6	373	[1]	ὁρᾷν	_	_
7.6	374	[1]	φαμεν	_	_
7.6	375	[9]	.	b	_
7.6	376	[1]	αὗται	_	_
7.6	377	[9]	μὲν	_	_
7.6	378	[1]	αἱ	_	_
7.6	379	[4]	τοῦ	_	_
7.6	380	[1]	Πλάτωνος	_	_
7.6	381	[1]	ῥήσεις	_	_
7.6	382	[35]	,	b	_
7.6	383	[1]	αὐγοειδὲς	_	_
7.6	384	[14]	τὸ	_	_
7.6	385	[7]	τῆς	_	_
7.6	386	[4]	ὄψεως	_	_
7.6	387	[2]	ὄργανον	_	_
7.6	388	[1]	εἶναι	_	_
7.6	389	[1]	λέγοντος	_	_
7.6	390	[36]	,	b	_
7.6	391	[1]	αἴσθησίν	_	_
7.6	392	[7]	τε	_	_
7.6	393	[2]	γίγνεσθαι	_	_
7.6	394	[2]	δι	_	_
7.6	395	[6]	’	b	_
7.6	396	[2]	αὐτοῦ	_	_
7.6	397	[7]	τῶν	_	_
7.6	398	[3]	κατὰ	_	_
7.6	399	[5]	τὴν	_	_
7.6	400	[1]	αὐγὴν	_	_
7.6	401	[1]	παθημάτων	_	_
7.6	402	[37]	,	b	_
7.6	403	[1]	ὥσπερ	_	_
7.6	404	[8]	τῶν	_	_
7.6	405	[4]	κατὰ	_	_
7.6	406	[1]	τὸν	_	_
7.6	407	[2]	ἀέρα	_	_
7.6	408	[2]	διὰ	_	_
7.6	409	[8]	τῆς	_	_
7.6	410	[1]	ἀκοῆς	_	_
7.6	411	[10]	.	b	_
7.6	412	[5]	τῷ	_	_
7.6	413	[4]	γὰρ	_	_
7.6	414	[1]	ὁμοίῳ	_	_
7.6	415	[15]	τὸ	_	_
7.6	416	[3]	ὅμοιον	_	_
7.6	417	[4]	εἰς	_	_
7.6	418	[6]	τὴν	_	_
7.6	419	[9]	τῶν	_	_
7.6	420	[2]	παθημάτων	_	_
7.6	421	[1]	ἀφικνεῖται	_	_
7.6	422	[1]	κοινωνίαν	_	_
7.6	423	[11]	.	b	_
7.6	424	[1]	δύο	_	_
7.6	425	[9]	δὲ	_	_
7.6	426	[1]	σημαινούσης	_	_
7.6	427	[1]	ἁπάσης	_	_
7.6	428	[9]	τῆς	_	_
7.6	429	[1]	τοιαύτης	_	_
7.6	430	[1]	λέξεως	_	_
7.6	431	[38]	,	b	_
7.6	432	[1]	οἵαν	_	_
7.6	433	[9]	καὶ	_	_
7.6	434	[1]	ὁ	_	_
7.6	435	[1]	Ἐμπεδοκλῆς	_	_
7.6	436	[1]	ἐποιήσατο	_	_
7.6	437	[1]	λέγων	_	_
7.6	438	[39]	,	b	_
7.6	439	[1]	γαίῃ	_	_
7.6	440	[10]	μὲν	_	_
7.6	441	[5]	γὰρ	_	_
7.6	442	[1]	γαῖαν	_	_
7.6	443	[1]	ὀπώπαμεν	_	_
7.6	444	[40]	,	b	_
7.6	445	[1]	ὕδατι	_	_
7.6	446	[2]	δ	_	_
7.6	447	[7]	’	b	_
7.6	448	[2]	ὕδωρ	_	_
7.6	449	[41]	,	b	_
7.6	450	[2]	ἓν	_	_
7.6	451	[11]	μὲν	_	_
7.6	452	[42]	,	b	_
7.6	453	[3]	ὅτι	_	_
7.6	454	[3]	δι	_	_
7.6	455	[8]	’	b	_
7.6	456	[2]	ὀργάνου	_	_
7.6	457	[1]	τοιοῦδε	_	_
7.6	458	[43]	,	b	_
7.6	459	[1]	δεύτερον	_	_
7.6	460	[10]	δὲ	_	_
7.6	461	[44]	,	b	_
7.6	462	[4]	ὅτι	_	_
7.6	463	[3]	διὰ	_	_
7.6	464	[1]	δυνάμεως	_	_
7.6	465	[1]	τοιᾶσδε	_	_
7.6	466	[45]	,	b	_
7.6	467	[16]	τὸ	_	_
7.6	468	[12]	μὲν	_	_
7.6	469	[46]	,	b	_
7.6	470	[3]	ὡς	_	_
7.6	471	[4]	δι	_	_
7.6	472	[9]	’	b	_
7.6	473	[3]	ὀργάνου	_	_
7.6	474	[47]	,	b	_
7.6	475	[1]	συγχωρητέον	_	_
7.6	476	[1]	ἀληθὲς	_	_
7.6	477	[2]	εἶναι	_	_
7.6	478	[48]	,	b	_
7.6	479	[17]	τὸ	_	_
7.6	480	[3]	δ	_	_
7.6	481	[10]	’	b	_
7.6	482	[49]	,	b	_
7.6	483	[4]	ὡς	_	_
7.6	484	[4]	διὰ	_	_
7.6	485	[2]	δυνάμεως	_	_
7.6	486	[50]	,	b	_
7.6	487	[1]	οὐκέτι	_	_
7.6	488	[12]	.	b	_
7.6	489	[18]	τὸ	_	_
7.6	490	[1]	γάρ	_	_
7.6	491	[1]	τοι	_	_
7.6	492	[2]	πρῶτον	_	_
7.6	493	[1]	αἰσθητικὸν	_	_
7.6	494	[51]	,	b	_
7.6	495	[1]	ὅ	_	_
7.6	496	[2]	τι	_	_
7.6	497	[1]	περ	_	_
7.6	498	[4]	ἂν	_	_
7.6	499	[2]	ᾖ	_	_
7.6	500	[52]	,	b	_
7.6	501	[1]	κοινὸν	_	_
7.6	502	[1]	ἁπασῶν	_	_
7.6	503	[2]	ἐστι	_	_
7.6	504	[10]	τῶν	_	_
7.6	505	[5]	κατὰ	_	_
7.6	506	[1]	μέρος	_	_
7.6	507	[1]	αἰσθήσεων	_	_
7.6	508	[53]	,	b	_
7.6	509	[5]	ὡς	_	_
7.6	510	[10]	καὶ	_	_
7.6	511	[2]	τοῦτο	_	_
7.6	512	[2]	Πλάτων	_	_
7.6	513	[9]	ἐν	_	_
7.6	514	[1]	ἄλλοις	_	_
7.6	515	[1]	τέ	_	_
7.6	516	[1]	τισι	_	_
7.6	517	[11]	καὶ	_	_
7.6	518	[1]	μέντοι	_	_
7.6	519	[12]	καὶ	_	_
7.6	520	[1]	Θεαιτήτῳ	_	_
7.6	521	[1]	διδάσκει	_	_
7.6	522	[1]	κατ	_	_
7.6	523	[11]	’	b	_
7.6	524	[1]	ἐκεῖνο	_	_
7.6	525	[19]	τὸ	_	_
7.6	526	[2]	μέρος	_	_
7.6	527	[5]	τοῦ	_	_
7.6	528	[1]	συγγράμματος	_	_
7.6	529	[54]	,	b	_
7.6	530	[1]	ἔνθα	_	_
7.6	531	[1]	φησί	_	_
7.6	532	[7]	·	b	_
7.6	533	[1]	δεινὸν	_	_
7.6	534	[2]	γάρ	_	_
7.6	535	[1]	που	_	_
7.6	536	[55]	,	b	_
7.6	537	[1]	ὦ	_	_
7.6	538	[1]	παῖ	_	_
7.6	539	[56]	,	b	_
7.6	540	[1]	εἰ	_	_
7.6	541	[1]	πολλαί	_	_
7.6	542	[1]	τινες	_	_
7.6	543	[10]	ἐν	_	_
7.6	544	[1]	ἡμῖν	_	_
7.6	545	[2]	ὥσπερ	_	_
7.6	546	[11]	ἐν	_	_
7.6	547	[1]	δουρείοις	_	_
7.6	548	[1]	ἵπποις	_	_
7.6	549	[1]	αἰσθήσεις	_	_
7.6	550	[1]	ἐγκάθηνται	_	_
7.6	551	[57]	,	b	_
7.6	552	[1]	ἀλλὰ	_	_
7.6	553	[2]	μὴ	_	_
7.6	554	[5]	εἰς	_	_
7.6	555	[1]	μίαν	_	_
7.6	556	[1]	τινὰ	_	_
7.6	557	[1]	ἰδέαν	_	_
7.6	558	[58]	,	b	_
7.6	559	[1]	εἴτε	_	_
7.6	560	[1]	ψυχὴν	_	_
7.6	561	[59]	,	b	_
7.6	562	[1]	εἴθ	_	_
7.6	563	[12]	’	b	_
7.6	564	[5]	ὅτι	_	_
7.6	565	[2]	δεῖ	_	_
7.6	566	[1]	καλεῖν	_	_
7.6	567	[60]	,	b	_
7.6	568	[1]	πάντα	_	_
7.6	569	[2]	ταῦτα	_	_
7.6	570	[1]	συντείνει	_	_
7.6	571	[61]	,	b	_
7.6	572	[2]	ᾗ	_	_
7.6	573	[5]	διὰ	_	_
7.6	574	[2]	τούτων	_	_
7.6	575	[1]	οἷον	_	_
7.6	576	[2]	ὀργάνων	_	_
7.6	577	[1]	αἰσθανόμεθα	_	_
7.6	578	[62]	,	b	_
7.6	579	[1]	ὅσα	_	_
7.6	580	[1]	αἰσθητά	_	_
7.6	581	[13]	.	b	_
7.6	582	[13]	καὶ	_	_
7.6	583	[1]	κατασκευάζων	_	_
7.6	584	[1]	γε	_	_
7.6	585	[6]	διὰ	_	_
7.6	586	[1]	πλειόνων	_	_
7.6	587	[1]	ἑξῆς	_	_
7.6	588	[2]	ὁ	_	_
7.6	589	[3]	Πλάτων	_	_
7.6	590	[2]	τὸν	_	_
7.6	591	[1]	λόγον	_	_
7.6	592	[1]	ᾧδέ	_	_
7.6	593	[1]	φησι	_	_
7.6	594	[8]	·	b	_
7.6	595	[1]	θερμὰ	_	_
7.6	596	[14]	καὶ	_	_
7.6	597	[1]	σκληρὰ	_	_
7.6	598	[15]	καὶ	_	_
7.6	599	[1]	κοῦφα	_	_
7.6	600	[16]	καὶ	_	_
7.6	601	[1]	γλυκέα	_	_
7.6	602	[63]	,	b	_
7.6	603	[5]	δι	_	_
7.6	604	[13]	’	b	_
7.6	605	[1]	ὧν	_	_
7.6	606	[1]	αἰσθάνῃ	_	_
7.6	607	[64]	,	b	_
7.6	608	[1]	ἆρ	_	_
7.6	609	[14]	’	b	_
7.6	610	[3]	αὐτοῦ	_	_
7.6	611	[6]	τοῦ	_	_
7.6	612	[1]	σώματος	_	_
7.6	613	[1]	ἕκαστα	_	_
7.6	614	[1]	τίθης	_	_
7.6	615	[65]	,	b	_
7.6	616	[1]	ἢ	_	_
7.6	617	[1]	ἄλλου	_	_
7.6	618	[1]	τινός	_	_
7.6	619	[1]	;	b	_
7.6	620	[1]	οὐδενὸς	_	_
7.6	621	[2]	ἄλλου	_	_
7.6	622	[14]	.	b	_
7.6	623	[2]	ἢ	_	_
7.6	624	[17]	καὶ	_	_
7.6	625	[1]	ἐθελήσεις	_	_
7.6	626	[1]	ὁμολογεῖν	_	_
7.6	627	[66]	,	b	_
7.6	628	[1]	ἃ	_	_
7.6	629	[6]	δι	_	_
7.6	630	[15]	’	b	_
7.6	631	[1]	ἑτέρας	_	_
7.6	632	[3]	δυνάμεως	_	_
7.6	633	[2]	αἰσθάνῃ	_	_
7.6	634	[67]	,	b	_
7.6	635	[1]	ἀδύνατον	_	_
7.6	636	[3]	εἶναι	_	_
7.6	637	[7]	δι	_	_
7.6	638	[16]	’	b	_
7.6	639	[1]	ἄλλης	_	_
7.6	640	[1]	ταῦτ	_	_
7.6	641	[17]	’	b	_
7.6	642	[1]	αἰσθέσθαι	_	_
7.6	643	[68]	,	b	_
7.6	644	[2]	οἷον	_	_
7.6	645	[2]	ἃ	_	_
7.6	646	[8]	δι	_	_
7.6	647	[18]	’	b	_
7.6	648	[2]	ἀκοῆς	_	_
7.6	649	[69]	,	b	_
7.6	650	[9]	δι	_	_
7.6	651	[19]	’	b	_
7.6	652	[5]	ὄψεως	_	_
7.6	653	[70]	,	b	_
7.6	654	[3]	ἢ	_	_
7.6	655	[3]	ἃ	_	_
7.6	656	[10]	δι	_	_
7.6	657	[20]	’	b	_
7.6	658	[6]	ὄψεως	_	_
7.6	659	[71]	,	b	_
7.6	660	[11]	δι	_	_
7.6	661	[21]	’	b	_
7.6	662	[3]	ἀκοῆς	_	_
7.6	663	[2]	;	b	_
7.6	664	[1]	πῶς	_	_
7.6	665	[6]	γὰρ	_	_
7.6	666	[3]	οὐκ	_	_
7.6	667	[1]	ἐθελήσω	_	_
7.6	668	[3]	;	b	_
7.6	669	[1]	εἴ	_	_
7.6	670	[3]	τι	_	_
7.6	671	[1]	ἄρα	_	_
7.6	672	[3]	περὶ	_	_
7.6	673	[1]	ἀμφοτέρων	_	_
7.6	674	[1]	διανοῇ	_	_
7.6	675	[72]	,	b	_
7.6	676	[4]	οὐκ	_	_
7.6	677	[5]	ἂν	_	_
7.6	678	[1]	διά	_	_
7.6	679	[2]	γε	_	_
7.6	680	[7]	τοῦ	_	_
7.6	681	[1]	ἑτέρου	_	_
7.6	682	[4]	ὀργάνου	_	_
7.6	683	[73]	,	b	_
7.6	684	[1]	οὐδ	_	_
7.6	685	[22]	’	b	_
7.6	686	[1]	αὖ	_	_
7.6	687	[7]	διὰ	_	_
7.6	688	[8]	τοῦ	_	_
7.6	689	[2]	ἑτέρου	_	_
7.6	690	[4]	περὶ	_	_
7.6	691	[2]	ἀμφοτέρων	_	_
7.6	692	[1]	αἰσθάνοιο	_	_
7.6	693	[1]	ἄν	_	_
7.6	694	[4]	;	b	_
7.6	695	[1]	οὐ	_	_
7.6	696	[7]	γὰρ	_	_
7.6	697	[4]	οὖν	_	_
7.6	698	[15]	.	b	_
7.6	699	[5]	περὶ	_	_
7.6	700	[4]	δὴ	_	_
7.6	701	[1]	φωνῆς	_	_
7.6	702	[18]	καὶ	_	_
7.6	703	[10]	τῆς	_	_
7.6	704	[1]	χρόας	_	_
7.6	705	[74]	,	b	_
7.6	706	[3]	πρῶτον	_	_
7.6	707	[13]	μὲν	_	_
7.6	708	[2]	αὐτὸ	_	_
7.6	709	[3]	τοῦτο	_	_
7.6	710	[6]	περὶ	_	_
7.6	711	[3]	ἀμφοτέρων	_	_
7.6	712	[2]	διανοῇ	_	_
7.6	713	[75]	,	b	_
7.6	714	[6]	ὅτι	_	_
7.6	715	[1]	ἀμφοτέρω	_	_
7.6	716	[1]	ἐστόν	_	_
7.6	717	[5]	;	b	_
7.6	718	[1]	ἔγωγε	_	_
7.6	719	[16]	.	b	_
7.6	720	[1]	οὐκοῦν	_	_
7.6	721	[19]	καὶ	_	_
7.6	722	[7]	ὅτι	_	_
7.6	723	[1]	ἑκατέρου	_	_
7.6	724	[14]	μὲν	_	_
7.6	725	[1]	ἑκάτερον	_	_
7.6	726	[1]	ἕτερον	_	_
7.6	727	[76]	,	b	_
7.6	728	[1]	ἑαυτῷ	_	_
7.6	729	[11]	δὲ	_	_
7.6	730	[1]	ταὐτόν	_	_
7.6	731	[6]	;	b	_
7.6	732	[1]	τί	_	_
7.6	733	[1]	μήν	_	_
7.6	734	[7]	;	b	_
7.6	735	[20]	καὶ	_	_
7.6	736	[8]	ὅτι	_	_
7.6	737	[2]	ἀμφοτέρω	_	_
7.6	738	[2]	δύο	_	_
7.6	739	[77]	,	b	_
7.6	740	[2]	ἑκάτερον	_	_
7.6	741	[12]	δὲ	_	_
7.6	742	[1]	ἕν	_	_
7.6	743	[8]	;	b	_
7.6	744	[21]	καὶ	_	_
7.6	745	[4]	τοῦτο	_	_
7.6	746	[17]	.	b	_
7.6	747	[2]	οὐκοῦν	_	_
7.6	748	[22]	καὶ	_	_
7.6	749	[2]	εἴτε	_	_
7.6	750	[1]	ἀνομοίω	_	_
7.6	751	[78]	,	b	_
7.6	752	[3]	εἴτε	_	_
7.6	753	[1]	ὁμοίω	_	_
7.6	754	[1]	ἀλλήλοιν	_	_
7.6	755	[79]	,	b	_
7.6	756	[1]	δυνατὸς	_	_
7.6	757	[1]	εἶ	_	_
7.6	758	[1]	ἐπισκέψασθαι	_	_
7.6	759	[9]	;	b	_
7.6	760	[1]	ἴσως	_	_
7.6	761	[18]	.	b	_
7.6	762	[3]	ταῦτα	_	_
7.6	763	[5]	δὴ	_	_
7.6	764	[2]	πάντα	_	_
7.6	765	[2]	διά	_	_
7.6	766	[1]	τινος	_	_
7.6	767	[7]	περὶ	_	_
7.6	768	[1]	αὐτῶν	_	_
7.6	769	[3]	διανοῇ	_	_
7.6	770	[9]	·	b	_
7.6	771	[1]	οὔτε	_	_
7.6	772	[8]	γὰρ	_	_
7.6	773	[12]	δι	_	_
7.6	774	[23]	’	b	_
7.6	775	[4]	ἀκοῆς	_	_
7.6	776	[80]	,	b	_
7.6	777	[2]	οὔτε	_	_
7.6	778	[13]	δι	_	_
7.6	779	[24]	’	b	_
7.6	780	[7]	ὄψεως	_	_
7.6	781	[1]	οἷόν	_	_
7.6	782	[8]	τε	_	_
7.6	783	[20]	τὸ	_	_
7.6	784	[2]	κοινὸν	_	_
7.6	785	[1]	λαμβάνειν	_	_
7.6	786	[8]	περὶ	_	_
7.6	787	[2]	αὐτῶν	_	_
7.6	788	[19]	.	b	_
7.6	789	[1]	ἔτι	_	_
7.6	790	[13]	δὲ	_	_
7.6	791	[23]	καὶ	_	_
7.6	792	[1]	τόδε	_	_
7.6	793	[1]	τεκμήριον	_	_
7.6	794	[9]	περὶ	_	_
7.6	795	[1]	οὗ	_	_
7.6	796	[1]	λέγομεν	_	_
7.6	797	[20]	.	b	_
7.6	798	[2]	εἰ	_	_
7.6	799	[9]	γὰρ	_	_
7.6	800	[1]	δυνατὸν	_	_
7.6	801	[1]	εἴη	_	_
7.6	802	[3]	ἀμφοτέρω	_	_
7.6	803	[1]	σκέψασθαι	_	_
7.6	804	[81]	,	b	_
7.6	805	[2]	ἆρ	_	_
7.6	806	[25]	’	b	_
7.6	807	[1]	ἐστὸν	_	_
7.6	808	[1]	ἁλμυρὸν	_	_
7.6	809	[4]	ἢ	_	_
7.6	810	[2]	οὒ	_	_
7.6	811	[82]	,	b	_
7.6	812	[1]	οἶσθ	_	_
7.6	813	[26]	’	b	_
7.6	814	[9]	ὅτι	_	_
7.6	815	[1]	ἔξεις	_	_
7.6	816	[1]	εἰπεῖν	_	_
7.6	817	[83]	,	b	_
7.6	818	[1]	ᾧ	_	_
7.6	819	[1]	ἐπισκέψῃ	_	_
7.6	820	[84]	,	b	_
7.6	821	[24]	καὶ	_	_
7.6	822	[5]	τοῦτο	_	_
7.6	823	[3]	οὔτε	_	_
7.6	824	[1]	ὄψις	_	_
7.6	825	[4]	οὔτε	_	_
7.6	826	[1]	ἀκοὴ	_	_
7.6	827	[1]	φαίνεται	_	_
7.6	828	[85]	,	b	_
7.6	829	[1]	ἀλλά	_	_
7.6	830	[4]	τι	_	_
7.6	831	[3]	ἄλλο	_	_
7.6	832	[21]	.	b	_
7.6	833	[2]	τί	_	_
7.6	834	[4]	δ	_	_
7.6	835	[27]	’	b	_
7.6	836	[2]	οὐ	_	_
7.6	837	[1]	μέλλει	_	_
7.6	838	[1]	ἥ	_	_
7.6	839	[3]	γε	_	_
7.6	840	[8]	διὰ	_	_
7.6	841	[11]	τῆς	_	_
7.6	842	[1]	γλώττης	_	_
7.6	843	[1]	δύναμις	_	_
7.6	844	[10]	;	b	_
7.6	845	[1]	καλῶς	_	_
7.6	846	[1]	λέγεις	_	_
7.6	847	[22]	.	b	_
7.6	848	[1]	ἡ	_	_
7.6	849	[14]	δὲ	_	_
7.6	850	[6]	δὴ	_	_
7.6	851	[3]	διά	_	_
7.6	852	[2]	τινος	_	_
7.6	853	[2]	δύναμις	_	_
7.6	854	[4]	τό	_	_
7.6	855	[3]	τ	_	_
7.6	856	[28]	’	b	_
7.6	857	[1]	ἐφ	_	_
7.6	858	[29]	’	b	_
7.6	859	[1]	ἅπασι	_	_
7.6	860	[3]	κοινὸν	_	_
7.6	861	[25]	καὶ	_	_
7.6	862	[21]	τὸ	_	_
7.6	863	[1]	ἐπὶ	_	_
7.6	864	[2]	τούτοις	_	_
7.6	865	[1]	δηλοῖ	_	_
7.6	866	[1]	σοι	_	_
7.6	867	[86]	,	b	_
7.6	868	[2]	ᾧ	_	_
7.6	869	[22]	τὸ	_	_
7.6	870	[2]	ἔστιν	_	_
7.6	871	[1]	ὀνομάζεις	_	_
7.6	872	[87]	,	b	_
7.6	873	[26]	καὶ	_	_
7.6	874	[23]	τὸ	_	_
7.6	875	[5]	οὐκ	_	_
7.6	876	[1]	ἔστι	_	_
7.6	877	[88]	,	b	_
7.6	878	[27]	καὶ	_	_
7.6	879	[4]	ἃ	_	_
7.6	880	[1]	νῦν	_	_
7.6	881	[7]	δὴ	_	_
7.6	882	[1]	ἐρωτῶμεν	_	_
7.6	883	[10]	περὶ	_	_
7.6	884	[3]	αὐτῶν	_	_
7.6	885	[89]	,	b	_
7.6	886	[1]	πᾶσι	_	_
7.6	887	[1]	ποιὰ	_	_
7.6	888	[1]	ἀποδώσεις	_	_
7.6	889	[1]	ὄργανα	_	_
7.6	890	[90]	,	b	_
7.6	891	[14]	δι	_	_
7.6	892	[30]	’	b	_
7.6	893	[2]	ὧν	_	_
7.6	894	[1]	αἰσθάνεται	_	_
7.6	895	[2]	ἡμῶν	_	_
7.6	896	[24]	τὸ	_	_
7.6	897	[1]	αἰσθανόμενον	_	_
7.6	898	[2]	ἕκαστα	_	_
7.6	899	[23]	.	b	_
7.6	900	[1]	ἔν	_	_
7.6	901	[9]	τε	_	_
7.6	902	[5]	οὖν	_	_
7.6	903	[3]	τούτοις	_	_
7.6	904	[3]	ὁ	_	_
7.6	905	[4]	Πλάτων	_	_
7.6	906	[91]	,	b	_
7.6	907	[3]	ὥσπερ	_	_
7.6	908	[6]	οὖν	_	_
7.6	909	[1]	κᾀν	_	_
7.6	910	[6]	τοῖς	_	_
7.6	911	[2]	ἐφεξῆς	_	_
7.6	912	[92]	,	b	_
7.6	913	[12]	ἐν	_	_
7.6	914	[2]	ἄλλοις	_	_
7.6	915	[2]	τέ	_	_
7.6	916	[2]	τισι	_	_
7.6	917	[1]	διαλόγοις	_	_
7.6	918	[1]	ἐδίδαξεν	_	_
7.6	919	[1]	ἡμᾶς	_	_
7.6	920	[1]	ὑπὲρ	_	_
7.6	921	[12]	τῆς	_	_
7.6	922	[1]	κοινῆς	_	_
7.6	923	[4]	δυνάμεως	_	_
7.6	924	[93]	,	b	_
7.6	925	[1]	ἥτις	_	_
7.6	926	[1]	ἐξ	_	_
7.6	927	[1]	ἐγκεφάλου	_	_
7.6	928	[9]	διὰ	_	_
7.6	929	[11]	τῶν	_	_
7.6	930	[1]	νεύρων	_	_
7.6	931	[6]	εἰς	_	_
7.6	932	[1]	ἕκαστον	_	_
7.6	933	[12]	τῶν	_	_
7.6	934	[1]	αἰσθητηρίων	_	_
7.6	935	[1]	ἀφικνουμένη	_	_
7.6	936	[13]	τῶν	_	_
7.6	937	[13]	ἐν	_	_
7.6	938	[1]	αὐτοῖς	_	_
7.6	939	[1]	ἀλλοιώσεων	_	_
7.6	940	[2]	αἰσθάνεται	_	_
7.6	941	[24]	.	b	_
7.6	942	[6]	ὡς	_	_
7.6	943	[94]	,	b	_
7.6	944	[2]	εἴ	_	_
7.6	945	[4]	γε	_	_
7.6	946	[2]	δυνατὸν	_	_
7.6	947	[1]	ἦν	_	_
7.6	948	[7]	τοῖς	_	_
7.6	949	[1]	ἰδίοις	_	_
7.6	950	[1]	παθήμασιν	_	_
7.6	951	[1]	αὐτῆς	_	_
7.6	952	[4]	ἄλλο	_	_
7.6	953	[5]	τι	_	_
7.6	954	[1]	συναλλοιωθῆναι	_	_
7.6	955	[1]	παρὰ	_	_
7.6	956	[25]	τὸ	_	_
7.6	957	[1]	φωτοειδὲς	_	_
7.6	958	[3]	ὄργανον	_	_
7.6	959	[95]	,	b	_
7.6	960	[5]	ἢ	_	_
7.6	961	[8]	τοῖς	_	_
7.6	962	[14]	τῶν	_	_
7.6	963	[1]	ἀτμῶν	_	_
7.6	964	[1]	ἕτερόν	_	_
7.6	965	[6]	τι	_	_
7.6	966	[9]	τοῦ	_	_
7.6	967	[1]	ἀτμοειδοῦς	_	_
7.6	968	[96]	,	b	_
7.6	969	[6]	ἢ	_	_
7.6	970	[9]	τοῖς	_	_
7.6	971	[10]	τοῦ	_	_
7.6	972	[3]	ἀέρος	_	_
7.6	973	[5]	ἄλλο	_	_
7.6	974	[7]	τι	_	_
7.6	975	[2]	παρὰ	_	_
7.6	976	[26]	τὸ	_	_
7.6	977	[1]	ἀεροειδὲς	_	_
7.6	978	[97]	,	b	_
7.6	979	[7]	ἢ	_	_
7.6	980	[10]	τοῖς	_	_
7.6	981	[15]	τῶν	_	_
7.6	982	[1]	ὑγρῶν	_	_
7.6	983	[2]	ἕτερόν	_	_
7.6	984	[8]	τι	_	_
7.6	985	[3]	παρὰ	_	_
7.6	986	[27]	τὸ	_	_
7.6	987	[1]	γευστόν	_	_
7.6	988	[10]	τε	_	_
7.6	989	[28]	καὶ	_	_
7.6	990	[1]	πλῆρες	_	_
7.6	991	[1]	χυμῶν	_	_
7.6	992	[98]	,	b	_
7.6	993	[6]	οὐκ	_	_
7.6	994	[6]	ἂν	_	_
7.6	995	[1]	ἐγεγόνει	_	_
7.6	996	[1]	τὰ	_	_
7.6	997	[16]	τῶν	_	_
7.6	998	[2]	αἰσθητηρίων	_	_
7.6	999	[2]	ὄργανα	_	_
7.6	1000	[10]	·	b	_
7.6	1001	[1]	νυνὶ	_	_
7.6	1002	[5]	δ	_	_
7.6	1003	[31]	’	b	_
7.6	1004	[1]	οὐχ	_	_
7.6	1005	[1]	οὕτως	_	_
7.6	1006	[1]	ἔχει	_	_
7.6	1007	[25]	.	b	_
7.6	1008	[2]	τὰ	_	_
7.6	1009	[15]	μὲν	_	_
7.6	1010	[10]	γὰρ	_	_
7.6	1011	[14]	ἐν	_	_
7.6	1012	[11]	τοῖς	_	_
7.6	1013	[1]	ἀντιβαίνουσι	_	_
7.6	1014	[1]	σώμασιν	_	_
7.6	1015	[99]	,	b	_
7.6	1016	[2]	ὅσα	_	_
7.6	1017	[2]	περ	_	_
7.6	1018	[2]	ἦν	_	_
7.6	1019	[1]	ἴδια	_	_
7.6	1020	[13]	τῆς	_	_
7.6	1021	[1]	οἰκείας	_	_
7.6	1022	[1]	διαφορᾶς	_	_
7.6	1023	[100]	,	b	_
7.6	1024	[1]	ἅπαντι	_	_
7.6	1025	[1]	μορίῳ	_	_
7.6	1026	[2]	νεύρων	_	_
7.6	1027	[1]	μεταλαβόντι	_	_
7.6	1028	[3]	δυνατὸν	_	_
7.6	1029	[1]	αἰσθάνεσθαι	_	_
7.6	1030	[101]	,	b	_
7.6	1031	[1]	διότι	_	_
7.6	1032	[1]	μηδὲ	_	_
7.6	1033	[1]	παθεῖν	_	_
7.6	1034	[2]	ἅπαν	_	_
7.6	1035	[1]	ὑπὸ	_	_
7.6	1036	[14]	τῆς	_	_
7.6	1037	[11]	τοῦ	_	_
7.6	1038	[1]	γηΐνου	_	_
7.6	1039	[2]	σώματος	_	_
7.6	1040	[1]	προσβολῆς	_	_
7.6	1041	[1]	ἐπιτήδειόν	_	_
7.6	1042	[3]	ἐστιν	_	_
7.6	1043	[26]	.	b	_
7.6	1044	[3]	ἦν	_	_
7.6	1045	[6]	δ	_	_
7.6	1046	[32]	’	b	_
7.6	1047	[4]	αὐτῶν	_	_
7.6	1048	[1]	πρώτη	_	_
7.6	1049	[16]	μὲν	_	_
7.6	1050	[2]	ἡ	_	_
7.6	1051	[2]	κατ	_	_
7.6	1052	[33]	’	b	_
7.6	1053	[1]	ὀξύτητα	_	_
7.6	1054	[29]	καὶ	_	_
7.6	1055	[1]	ἀμβλύτητα	_	_
7.6	1056	[102]	,	b	_
7.6	1057	[1]	δευτέρα	_	_
7.6	1058	[7]	δ	_	_
7.6	1059	[34]	’	b	_
7.6	1060	[3]	ἡ	_	_
7.6	1061	[6]	κατὰ	_	_
7.6	1062	[1]	θερμότητα	_	_
7.6	1063	[30]	καὶ	_	_
7.6	1064	[1]	ψυχρότητα	_	_
7.6	1065	[103]	,	b	_
7.6	1066	[7]	κατὰ	_	_
7.6	1067	[1]	συμβεβηκὸς	_	_
7.6	1068	[8]	δ	_	_
7.6	1069	[35]	’	b	_
7.6	1070	[2]	αἱ	_	_
7.6	1071	[1]	λοιπαὶ	_	_
7.6	1072	[104]	,	b	_
7.6	1073	[1]	μέγεθός	_	_
7.6	1074	[11]	τε	_	_
7.6	1075	[31]	καὶ	_	_
7.6	1076	[1]	σχῆμα	_	_
7.6	1077	[105]	,	b	_
7.6	1078	[32]	καὶ	_	_
7.6	1079	[1]	κίνησις	_	_
7.6	1080	[106]	,	b	_
7.6	1081	[33]	καὶ	_	_
7.6	1082	[1]	ἀριθμὸς	_	_
7.6	1083	[107]	,	b	_
7.6	1084	[1]	αἳ	_	_
7.6	1085	[34]	καὶ	_	_
7.6	1086	[3]	μετὰ	_	_
7.6	1087	[1]	συλλογισμοῦ	_	_
7.6	1088	[108]	,	b	_
7.6	1089	[35]	καὶ	_	_
7.6	1090	[1]	μνήμης	_	_
7.6	1091	[109]	,	b	_
7.6	1092	[3]	οὐ	_	_
7.6	1093	[2]	μόνον	_	_
7.6	1094	[1]	ἧς	_	_
7.6	1095	[1]	αἰσθήσεως	_	_
7.6	1096	[1]	ἐδείχθησαν	_	_
7.6	1097	[1]	γινόμεναι	_	_
7.6	1098	[1]	κατά	_	_
7.6	1099	[12]	τε	_	_
7.6	1100	[7]	τὴν	_	_
7.6	1101	[1]	ἁφὴν	_	_
7.6	1102	[36]	καὶ	_	_
7.6	1103	[8]	τὴν	_	_
7.6	1104	[1]	ὄψιν	_	_
7.6	1105	[15]	ἐν	_	_
7.6	1106	[1]	τῇ	_	_
7.6	1107	[11]	περὶ	_	_
7.6	1108	[15]	τῆς	_	_
7.6	1109	[1]	ἀποδείξεως	_	_
7.6	1110	[1]	πραγματείᾳ	_	_
7.6	1111	[110]	,	b	_
7.6	1112	[1]	καθ	_	_
7.6	1113	[36]	’	b	_
7.6	1114	[1]	ἣν	_	_
7.6	1115	[1]	πρώτην	_	_
7.6	1116	[1]	ἀξιῶ	_	_
7.6	1117	[1]	γεγυμνάσθαι	_	_
7.6	1118	[3]	τὸν	_	_
7.6	1119	[1]	ἀκριβῶς	_	_
7.6	1120	[1]	ἕπεσθαι	_	_
7.6	1121	[12]	τοῖς	_	_
7.6	1122	[2]	νῦν	_	_
7.6	1123	[1]	λεγομένοις	_	_
7.6	1124	[1]	ἐφιέμενον	_	_
7.6	1125	[27]	.	b	_
7.6	1126	[4]	ὥσπερ	_	_
7.6	1127	[15]	δὲ	_	_
7.6	1128	[3]	τὰ	_	_
7.6	1129	[16]	τῆς	_	_
7.6	1130	[1]	ἁπτικῆς	_	_
7.6	1131	[2]	αἰσθήσεως	_	_
7.6	1132	[1]	αἰσθητὰ	_	_
7.6	1133	[15]	δι	_	_
7.6	1134	[37]	’	b	_
7.6	1135	[1]	ἀντιβάσεως	_	_
7.6	1136	[111]	,	b	_
7.6	1137	[1]	οὕτω	_	_
7.6	1138	[4]	τὰ	_	_
7.6	1139	[17]	τῆς	_	_
7.6	1140	[1]	γευστικῆς	_	_
7.6	1141	[16]	δι	_	_
7.6	1142	[38]	’	b	_
7.6	1143	[1]	ὑγρότητός	_	_
7.6	1144	[13]	τε	_	_
7.6	1145	[37]	καὶ	_	_
7.6	1146	[2]	χυμῶν	_	_
7.6	1147	[7]	εἰς	_	_
7.6	1148	[1]	γνῶσιν	_	_
7.6	1149	[1]	ἥκει	_	_
7.6	1150	[28]	.	b	_
7.6	1151	[38]	καὶ	_	_
7.6	1152	[1]	ἢν	_	_
7.6	1153	[1]	ξηρανθεῖσά	_	_
7.6	1154	[2]	ποτε	_	_
7.6	1155	[1]	τύχῃ	_	_
7.6	1156	[1]	σφοδρῶς	_	_
7.6	1157	[4]	ἡ	_	_
7.6	1158	[1]	γλῶττα	_	_
7.6	1159	[112]	,	b	_
7.6	1160	[1]	διαφθείρεται	_	_
7.6	1161	[17]	τῶν	_	_
7.6	1162	[3]	χυμῶν	_	_
7.6	1163	[5]	ἡ	_	_
7.6	1164	[1]	διάγνωσις	_	_
7.6	1165	[113]	,	b	_
7.6	1166	[3]	μὴ	_	_
7.6	1167	[1]	δυναμένου	_	_
7.6	1168	[12]	τοῦ	_	_
7.6	1169	[1]	παθόντος	_	_
7.6	1170	[3]	αὐτὸ	_	_
7.6	1171	[1]	διακρῖναι	_	_
7.6	1172	[114]	,	b	_
7.6	1173	[3]	τί	_	_
7.6	1174	[17]	μὲν	_	_
7.6	1175	[1]	ὀξὺ	_	_
7.6	1176	[115]	,	b	_
7.6	1177	[4]	τί	_	_
7.6	1178	[16]	δὲ	_	_
7.6	1179	[1]	πικρόν	_	_
7.6	1180	[4]	ἐστιν	_	_
7.6	1181	[116]	,	b	_
7.6	1182	[8]	ἢ	_	_
7.6	1183	[1]	δριμὺ	_	_
7.6	1184	[117]	,	b	_
7.6	1185	[5]	τί	_	_
7.6	1186	[17]	δὲ	_	_
7.6	1187	[1]	αὐστηρὸν	_	_
7.6	1188	[118]	,	b	_
7.6	1189	[9]	ἢ	_	_
7.6	1190	[1]	στρυφνὸν	_	_
7.6	1191	[119]	,	b	_
7.6	1192	[10]	ἢ	_	_
7.6	1193	[1]	ὅλως	_	_
7.6	1194	[1]	στῦφον	_	_
7.6	1195	[120]	,	b	_
7.6	1196	[5]	ὥσπερ	_	_
7.6	1197	[1]	οὐδὲ	_	_
7.6	1198	[121]	,	b	_
7.6	1199	[6]	τί	_	_
7.6	1200	[18]	μὲν	_	_
7.6	1201	[1]	γλυκὺ	_	_
7.6	1202	[122]	,	b	_
7.6	1203	[7]	τί	_	_
7.6	1204	[9]	δ	_	_
7.6	1205	[39]	’	b	_
7.6	1206	[1]	ἁλμυρόν	_	_
7.6	1207	[29]	.	b	_
7.6	1208	[1]	ἐμφράξεως	_	_
7.6	1209	[18]	δὲ	_	_
7.6	1210	[1]	γενομένης	_	_
7.6	1211	[18]	τῶν	_	_
7.6	1212	[1]	πόρων	_	_
7.6	1213	[18]	τῆς	_	_
7.6	1214	[1]	ῥινὸς	_	_
7.6	1215	[123]	,	b	_
7.6	1216	[6]	ἡ	_	_
7.6	1217	[1]	ἐκ	_	_
7.6	1218	[19]	τῶν	_	_
7.6	1219	[1]	ὀδμῶν	_	_
7.6	1220	[1]	αἴσθησις	_	_
7.6	1221	[1]	ἀπόλλυται	_	_
7.6	1222	[124]	,	b	_
7.6	1223	[1]	καθάπερ	_	_
7.6	1224	[5]	γε	_	_
7.6	1225	[39]	καὶ	_	_
7.6	1226	[7]	ἡ	_	_
7.6	1227	[20]	τῶν	_	_
7.6	1228	[1]	φωνῶν	_	_
7.6	1229	[125]	,	b	_
7.6	1230	[1]	ἐὰν	_	_
7.6	1231	[1]	ἐμφραχθῇ	_	_
7.6	1232	[5]	τὰ	_	_
7.6	1233	[1]	ὦτα	_	_
7.6	1234	[126]	,	b	_
7.6	1235	[4]	μὴ	_	_
7.6	1236	[1]	διϊκνουμένης	_	_
7.6	1237	[8]	εἰς	_	_
7.6	1238	[3]	ἑκάτερον	_	_
7.6	1239	[21]	τῶν	_	_
7.6	1240	[3]	ὀργάνων	_	_
7.6	1241	[19]	τῆς	_	_
7.6	1242	[2]	οἰκείας	_	_
7.6	1243	[1]	ἀλλοιώσεως	_	_
7.6	1244	[127]	,	b	_
7.6	1245	[9]	εἰς	_	_
7.6	1246	[19]	μὲν	_	_
7.6	1247	[28]	τὸ	_	_
7.6	1248	[1]	ἀτμοειδὲς	_	_
7.6	1249	[128]	,	b	_
7.6	1250	[2]	ἐκ	_	_
7.6	1251	[22]	τῶν	_	_
7.6	1252	[2]	ὀδμῶν	_	_
7.6	1253	[129]	,	b	_
7.6	1254	[1]	(	a	_
7.6	1255	[1]	ἀτμὸς	_	_
7.6	1256	[11]	γὰρ	_	_
7.6	1257	[8]	ἡ	_	_
7.6	1258	[3]	τούτων	_	_
7.6	1259	[1]	οὐσία	_	_
7.6	1260	[130]	,	b	_
7.6	1261	[1]	)	b	_
7.6	1262	[10]	εἰς	_	_
7.6	1263	[19]	δὲ	_	_
7.6	1264	[29]	τὸ	_	_
7.6	1265	[2]	ἀεροειδὲς	_	_
7.6	1266	[3]	ἐκ	_	_
7.6	1267	[23]	τῶν	_	_
7.6	1268	[2]	φωνῶν	_	_
7.6	1269	[131]	,	b	_
7.6	1270	[2]	ἐπειδὴ	_	_
7.6	1271	[40]	καὶ	_	_
7.6	1272	[4]	τούτων	_	_
7.6	1273	[1]	ἀήρ	_	_
7.6	1274	[5]	ἐστιν	_	_
7.6	1275	[9]	ἡ	_	_
7.6	1276	[2]	οὐσία	_	_
7.6	1277	[30]	.	b	_
7.6	1278	[1]	ταῖς	_	_
7.6	1279	[1]	τοιαύταις	_	_
7.6	1280	[1]	ἐμφράξεσιν	_	_
7.6	1281	[1]	ἀνάλογόν	_	_
7.6	1282	[3]	ἐστι	_	_
7.6	1283	[41]	καὶ	_	_
7.6	1284	[30]	τὸ	_	_
7.6	1285	[24]	τῶν	_	_
7.6	1286	[1]	ὀφθαλμῶν	_	_
7.6	1287	[1]	πάθημα	_	_
7.6	1288	[11]	·	b	_
7.6	1289	[1]	καλεῖται	_	_
7.6	1290	[20]	δὲ	_	_
7.6	1291	[1]	ὑπόχυσις	_	_
7.6	1292	[31]	.	b	_
7.6	1293	[1]	ἐμφράττεται	_	_
7.6	1294	[21]	δὲ	_	_
7.6	1295	[16]	ἐν	_	_
7.6	1296	[1]	αὐτῷ	_	_
7.6	1297	[20]	τῆς	_	_
7.6	1298	[1]	ἡλιοειδοῦς	_	_
7.6	1299	[1]	αὐγῆς	_	_
7.6	1300	[4]	ὁ	_	_
7.6	1301	[8]	κατὰ	_	_
7.6	1302	[4]	τὸν	_	_
7.6	1303	[1]	ῥαγοειδῆ	_	_
7.6	1304	[1]	χιτῶνα	_	_
7.6	1305	[1]	πόρος	_	_
7.6	1306	[132]	,	b	_
7.6	1307	[7]	ὡς	_	_
7.6	1308	[1]	μηκέτι	_	_
7.6	1309	[1]	συνάπτεσθαι	_	_
7.6	1310	[31]	τὸ	_	_
7.6	1311	[21]	τῆς	_	_
7.6	1312	[8]	ὄψεως	_	_
7.6	1313	[1]	ἴδιον	_	_
7.6	1314	[4]	ὄργανον	_	_
7.6	1315	[6]	τῷ	_	_
7.6	1316	[1]	περιέχοντι	_	_
7.6	1317	[5]	τὸν	_	_
7.6	1318	[2]	ὅλον	_	_
7.6	1319	[1]	ὀφθαλμὸν	_	_
7.6	1320	[1]	ἔξωθεν	_	_
7.6	1321	[1]	ἀέρι	_	_
7.6	1322	[32]	.	b	_
7.6	1323	[2]	τοῦτ	_	_
7.6	1324	[40]	’	b	_
7.6	1325	[7]	οὖν	_	_
7.6	1326	[4]	αὐτὸ	_	_
7.6	1327	[42]	καὶ	_	_
7.6	1328	[3]	κατ	_	_
7.6	1329	[41]	’	b	_
7.6	1330	[1]	ἐκείνην	_	_
7.6	1331	[9]	τὴν	_	_
7.6	1332	[3]	ῥῆσιν	_	_
7.6	1333	[5]	ὁ	_	_
7.6	1334	[5]	Πλάτων	_	_
7.6	1335	[3]	ἐδήλωσεν	_	_
7.6	1336	[133]	,	b	_
7.6	1337	[2]	ἔνθα	_	_
7.6	1338	[2]	φησί	_	_
7.6	1339	[12]	·	b	_
7.6	1340	[1]	σωματοειδὲς	_	_
7.6	1341	[8]	δὴ	_	_
7.6	1342	[43]	καὶ	_	_
7.6	1343	[1]	ὁρατὸν	_	_
7.6	1344	[5]	αὐτὸ	_	_
7.6	1345	[1]	τέλειον	_	_
7.6	1346	[3]	γενόμενον	_	_
7.6	1347	[4]	εἶναι	_	_
7.6	1348	[134]	,	b	_
7.6	1349	[1]	χωρισθὲν	_	_
7.6	1350	[22]	δὲ	_	_
7.6	1351	[2]	πυρὸς	_	_
7.6	1352	[135]	,	b	_
7.6	1353	[1]	οὐδὲν	_	_
7.6	1354	[2]	ἄν	_	_
7.6	1355	[3]	ποτε	_	_
7.6	1356	[2]	ὁρατὸν	_	_
7.6	1357	[1]	γένοιτο	_	_
7.6	1358	[136]	,	b	_
7.6	1359	[2]	οὐδὲ	_	_
7.6	1360	[1]	ἁπτὸν	_	_
7.6	1361	[1]	ἄνευ	_	_
7.6	1362	[1]	τινὸς	_	_
7.6	1363	[1]	στερεοῦ	_	_
7.6	1364	[13]	·	b	_
7.6	1365	[1]	στερεὸν	_	_
7.6	1366	[23]	δὲ	_	_
7.6	1367	[7]	οὐκ	_	_
7.6	1368	[2]	ἄνευ	_	_
7.6	1369	[1]	γῆς	_	_
7.6	1370	[137]	,	b	_
7.6	1371	[1]	ὅθεν	_	_
7.6	1372	[4]	ἐκ	_	_
7.6	1373	[3]	πυρὸς	_	_
7.6	1374	[44]	καὶ	_	_
7.6	1375	[2]	γῆς	_	_
7.6	1376	[32]	τὸ	_	_
7.6	1377	[13]	τοῦ	_	_
7.6	1378	[1]	παντὸς	_	_
7.6	1379	[4]	σῶμα	_	_
7.6	1380	[1]	ἀρχόμενον	_	_
7.6	1381	[1]	συνιστᾷν	_	_
7.6	1382	[6]	ὁ	_	_
7.6	1383	[1]	θεὸς	_	_
7.6	1384	[1]	ἐποίει	_	_
7.6	1385	[33]	.	b	_
7.6	1386	[5]	ἐκ	_	_
7.6	1387	[4]	πυρὸς	_	_
7.6	1388	[12]	γὰρ	_	_
7.6	1389	[45]	καὶ	_	_
7.6	1390	[3]	γῆς	_	_
7.6	1391	[1]	πεποιῆσθαί	_	_
7.6	1392	[2]	φησι	_	_
7.6	1393	[33]	τὸ	_	_
7.6	1394	[5]	σῶμα	_	_
7.6	1395	[14]	τοῦ	_	_
7.6	1396	[2]	παντὸς	_	_
7.6	1397	[138]	,	b	_
7.6	1398	[1]	ἵν	_	_
7.6	1399	[42]	’	b	_
7.6	1400	[1]	ὁρατόν	_	_
7.6	1401	[14]	τε	_	_
7.6	1402	[46]	καὶ	_	_
7.6	1403	[2]	ἁπτὸν	_	_
7.6	1404	[3]	ᾖ	_	_
7.6	1405	[34]	.	b	_
7.6	1406	[10]	διὰ	_	_
7.6	1407	[3]	τοῦτ	_	_
7.6	1408	[43]	’	b	_
7.6	1409	[8]	οὖν	_	_
7.6	1410	[47]	καὶ	_	_
7.6	1411	[6]	τὰ	_	_
7.6	1412	[25]	τῶν	_	_
7.6	1413	[1]	ζώων	_	_
7.6	1414	[1]	σώματα	_	_
7.6	1415	[139]	,	b	_
7.6	1416	[34]	τὸ	_	_
7.6	1417	[20]	μὲν	_	_
7.6	1418	[1]	ἁπτικὸν	_	_
7.6	1419	[5]	ὄργανον	_	_
7.6	1420	[1]	γεῶδές	_	_
7.6	1421	[4]	ἐστι	_	_
7.6	1422	[140]	,	b	_
7.6	1423	[35]	τὸ	_	_
7.6	1424	[10]	δ	_	_
7.6	1425	[44]	’	b	_
7.6	1426	[1]	ὀπτικὸν	_	_
7.6	1427	[1]	πυροειδὲς	_	_
7.6	1428	[141]	,	b	_
7.6	1429	[1]	ἅπερ	_	_
7.6	1430	[1]	ἀλλοιοῦσθαι	_	_
7.6	1431	[21]	μὲν	_	_
7.6	1432	[1]	ἠδύνατο	_	_
7.6	1433	[48]	καὶ	_	_
7.6	1434	[1]	χωρὶς	_	_
7.6	1435	[3]	αἰσθήσεως	_	_
7.6	1436	[142]	,	b	_
7.6	1437	[3]	εἰ	_	_
7.6	1438	[5]	μὴ	_	_
7.6	1439	[1]	μετέσχεν	_	_
7.6	1440	[3]	νεύρων	_	_
7.6	1441	[143]	,	b	_
7.6	1442	[3]	αἰσθάνεται	_	_
7.6	1443	[24]	δὲ	_	_
7.6	1444	[22]	τῆς	_	_
7.6	1445	[2]	ἀλλοιώσεως	_	_
7.6	1446	[1]	μετουσία	_	_
7.6	1447	[5]	τούτων	_	_
7.6	1448	[35]	.	b	_
7.6	1449	[1]	οὔκουν	_	_
7.6	1450	[1]	ἀλλοίωσίς	_	_
7.6	1451	[6]	ἐστιν	_	_
7.6	1452	[10]	ἡ	_	_
7.6	1453	[2]	αἴσθησις	_	_
7.6	1454	[144]	,	b	_
7.6	1455	[8]	ὡς	_	_
7.6	1456	[1]	ἔνιοί	_	_
7.6	1457	[1]	φασιν	_	_
7.6	1458	[145]	,	b	_
7.6	1459	[2]	ἀλλὰ	_	_
7.6	1460	[2]	διάγνωσις	_	_
7.6	1461	[3]	ἀλλοιώσεως	_	_
7.6	1462	[36]	.	b	_
7.6	1463	[4]	οὐ	_	_
7.6	1464	[1]	μὴν	_	_
7.6	1465	[2]	οὐδ	_	_
7.6	1466	[45]	’	b	_
7.6	1467	[1]	ἀρκεῖ	_	_
7.6	1468	[1]	λείαν	_	_
7.6	1469	[11]	ἢ	_	_
7.6	1470	[1]	τραχεῖαν	_	_
7.6	1471	[17]	ἐν	_	_
7.6	1472	[7]	τῷ	_	_
7.6	1473	[1]	σώματι	_	_
7.6	1474	[1]	γενέσθαι	_	_
7.6	1475	[1]	κίνησιν	_	_
7.6	1476	[11]	εἰς	_	_
7.6	1477	[1]	ἡδονῆς	_	_
7.6	1478	[12]	ἢ	_	_
7.6	1479	[1]	πόνου	_	_
7.6	1480	[1]	γένεσιν	_	_
7.6	1481	[146]	,	b	_
7.6	1482	[3]	ἀλλὰ	_	_
7.6	1483	[1]	χρὴ	_	_
7.6	1484	[1]	προσελθεῖν	_	_
7.6	1485	[2]	αἴσθησιν	_	_
7.6	1486	[1]	ἑκατέρᾳ	_	_
7.6	1487	[26]	τῶν	_	_
7.6	1488	[1]	τοιούτων	_	_
7.6	1489	[1]	κινήσεων	_	_
7.6	1490	[37]	.	b	_
7.6	1491	[4]	εἰ	_	_
7.6	1492	[25]	δὲ	_	_
7.6	1493	[49]	καὶ	_	_
7.6	1494	[10]	τὴν	_	_
7.6	1495	[1]	διάθεσιν	_	_
7.6	1496	[1]	αὐτὴν	_	_
7.6	1497	[1]	ἐθέλοις	_	_
7.6	1498	[2]	καλεῖν	_	_
7.6	1499	[1]	ὀδύνην	_	_
7.6	1500	[13]	ἢ	_	_
7.6	1501	[1]	πόνον	_	_
7.6	1502	[147]	,	b	_
7.6	1503	[1]	οὔ	_	_
7.6	1504	[1]	μοι	_	_
7.6	1505	[1]	διαφέρει	_	_
7.6	1506	[38]	.	b	_
7.6	1507	[3]	μόνον	_	_
7.6	1508	[13]	γὰρ	_	_
7.6	1509	[2]	ἀξιῶ	_	_
7.6	1510	[1]	σε	_	_
7.6	1511	[1]	μεμνῆσθαι	_	_
7.6	1512	[15]	τοῦ	_	_
7.6	1513	[1]	διαφέρειν	_	_
7.6	1514	[1]	ἀλλήλων	_	_
7.6	1515	[1]	τήν	_	_
7.6	1516	[15]	τε	_	_
7.6	1517	[2]	διάθεσιν	_	_
7.6	1518	[148]	,	b	_
7.6	1519	[2]	ἣν	_	_
7.6	1520	[1]	ἴσχει	_	_
7.6	1521	[7]	τὰ	_	_
7.6	1522	[2]	σώματα	_	_
7.6	1523	[23]	τῆς	_	_
7.6	1524	[1]	φύσεως	_	_
7.6	1525	[1]	ἐξιστάμενα	_	_
7.6	1526	[149]	,	b	_
7.6	1527	[50]	καὶ	_	_
7.6	1528	[11]	τὴν	_	_
7.6	1529	[3]	αἴσθησιν	_	_
7.6	1530	[2]	αὐτῆς	_	_
7.6	1531	[150]	,	b	_
7.6	1532	[1]	ἐπεί	_	_
7.6	1533	[1]	τισί	_	_
7.6	1534	[6]	γε	_	_
7.6	1535	[151]	,	b	_
7.6	1536	[2]	καθάπερ	_	_
7.6	1537	[1]	Ἱπποκράτει	_	_
7.6	1538	[152]	,	b	_
7.6	1539	[1]	κέκληταί	_	_
7.6	1540	[1]	ποθ	_	_
7.6	1541	[46]	’	b	_
7.6	1542	[11]	ἡ	_	_
7.6	1543	[3]	αἴσθησις	_	_
7.6	1544	[1]	μόνη	_	_
7.6	1545	[1]	πόνος	_	_
7.6	1546	[153]	,	b	_
7.6	1547	[3]	ἔνθα	_	_
7.6	1548	[2]	φησίν	_	_
7.6	1549	[14]	·	b	_
7.6	1550	[1]	ὁκόσοι	_	_
7.6	1551	[1]	πονέοντές	_	_
7.6	1552	[9]	τι	_	_
7.6	1553	[16]	τοῦ	_	_
7.6	1554	[3]	σώματος	_	_
7.6	1555	[8]	τὰ	_	_
7.6	1556	[2]	πολλὰ	_	_
7.6	1557	[27]	τῶν	_	_
7.6	1558	[1]	πόνων	_	_
7.6	1559	[8]	οὐκ	_	_
7.6	1560	[1]	αἰσθάνονται	_	_
7.6	1561	[154]	,	b	_
7.6	1562	[1]	τούτοισιν	_	_
7.6	1563	[12]	ἡ	_	_
7.6	1564	[1]	γνώμη	_	_
7.6	1565	[1]	νοσεῖ	_	_
7.6	1566	[39]	.	b	_
7.6	1567	[1]	τοὺς	_	_
7.6	1568	[14]	γὰρ	_	_
7.6	1569	[1]	βεβλαμμένους	_	_
7.6	1570	[1]	ὁτιοῦν	_	_
7.6	1571	[3]	μέρος	_	_
7.6	1572	[2]	οὕτως	_	_
7.6	1573	[2]	σφοδρῶς	_	_
7.6	1574	[155]	,	b	_
7.6	1575	[9]	ὡς	_	_
7.6	1576	[156]	,	b	_
7.6	1577	[5]	εἰ	_	_
7.6	1578	[6]	μὴ	_	_
7.6	1579	[1]	παρεφρόνουν	_	_
7.6	1580	[157]	,	b	_
7.6	1581	[1]	ἀλγεῖν	_	_
7.6	1582	[158]	,	b	_
7.6	1583	[1]	ὠνόμασε	_	_
7.6	1584	[1]	πονοῦντας	_	_
7.6	1585	[40]	.	b	_
7.6	1586	[1]	ὅτε	_	_
7.6	1587	[9]	οὖν	_	_
7.6	1588	[3]	φησι	_	_
7.6	1589	[41]	.	b	_
7.6	1590	[1]	ὀδύνη	_	_
7.6	1591	[1]	γίγνεται	_	_
7.6	1592	[51]	καὶ	_	_
7.6	1593	[11]	διὰ	_	_
7.6	1594	[36]	τὸ	_	_
7.6	1595	[1]	θερμὸν	_	_
7.6	1596	[159]	,	b	_
7.6	1597	[52]	καὶ	_	_
7.6	1598	[12]	διὰ	_	_
7.6	1599	[37]	τὸ	_	_
7.6	1600	[1]	ψυχρὸν	_	_
7.6	1601	[160]	,	b	_
7.6	1602	[53]	καὶ	_	_
7.6	1603	[13]	διὰ	_	_
7.6	1604	[38]	τὸ	_	_
7.6	1605	[1]	πλέον	_	_
7.6	1606	[161]	,	b	_
7.6	1607	[54]	καὶ	_	_
7.6	1608	[14]	διὰ	_	_
7.6	1609	[39]	τὸ	_	_
7.6	1610	[1]	ἔλαττον	_	_
7.6	1611	[162]	,	b	_
7.6	1612	[55]	καὶ	_	_
7.6	1613	[18]	ἐν	_	_
7.6	1614	[22]	μὲν	_	_
7.6	1615	[1]	τοῖσιν	_	_
7.6	1616	[1]	ἐψυγμένοισι	_	_
7.6	1617	[17]	τοῦ	_	_
7.6	1618	[4]	σώματος	_	_
7.6	1619	[15]	διὰ	_	_
7.6	1620	[40]	τὸ	_	_
7.6	1621	[2]	θερμὸν	_	_
7.6	1622	[163]	,	b	_
7.6	1623	[19]	ἐν	_	_
7.6	1624	[26]	δὲ	_	_
7.6	1625	[1]	τοῖσι	_	_
7.6	1626	[1]	τεθερμασμένοισι	_	_
7.6	1627	[16]	διὰ	_	_
7.6	1628	[41]	τὸ	_	_
7.6	1629	[2]	ψυχρὸν	_	_
7.6	1630	[164]	,	b	_
7.6	1631	[56]	καὶ	_	_
7.6	1632	[2]	τοῖσι	_	_
7.6	1633	[12]	τὴν	_	_
7.6	1634	[2]	φύσιν	_	_
7.6	1635	[1]	διαφθειρομένοισιν	_	_
7.6	1636	[1]	ὀδύναι	_	_
7.6	1637	[1]	γίγνονται	_	_
7.6	1638	[165]	,	b	_
7.6	1639	[7]	μὴ	_	_
7.6	1640	[1]	νομίσῃς	_	_
7.6	1641	[1]	αὐτὸν	_	_
7.6	1642	[1]	ἀλλοίωσίν	_	_
7.6	1643	[1]	τινα	_	_
7.6	1644	[1]	βραχεῖαν	_	_
7.6	1645	[1]	φάναι	_	_
7.6	1646	[166]	,	b	_
7.6	1647	[4]	ἀλλὰ	_	_
7.6	1648	[1]	σφοδρᾶς	_	_
7.6	1649	[4]	ἀλλοιώσεως	_	_
7.6	1650	[4]	αἴσθησιν	_	_
7.6	1651	[167]	,	b	_
7.6	1652	[2]	ἥτις	_	_
7.6	1653	[4]	αἴσθησις	_	_
7.6	1654	[5]	οὐ	_	_
7.6	1655	[1]	δύναται	_	_
7.6	1656	[2]	γενέσθαι	_	_
7.6	1657	[2]	χωρὶς	_	_
7.6	1658	[24]	τῆς	_	_
7.6	1659	[18]	τοῦ	_	_
7.6	1660	[1]	πάσχοντος	_	_
7.6	1661	[5]	σώματος	_	_
7.6	1662	[12]	εἰς	_	_
7.6	1663	[42]	τὸ	_	_
7.6	1664	[4]	παρὰ	_	_
7.6	1665	[3]	φύσιν	_	_
7.6	1666	[1]	ἐξαλλαγῆς	_	_
7.6	1667	[42]	.	b	_
7.6	1668	[13]	ἡ	_	_
7.6	1669	[1]	δέ	_	_
7.6	1670	[7]	γε	_	_
7.6	1671	[1]	βραχεῖα	_	_
7.6	1672	[1]	μεταβολὴ	_	_
7.6	1673	[28]	τῶν	_	_
7.6	1674	[1]	σωμάτων	_	_
7.6	1675	[5]	αἴσθησιν	_	_
7.6	1676	[23]	μὲν	_	_
7.6	1677	[1]	ἐργάζεται	_	_
7.6	1678	[1]	διαγνωστικὴν	_	_
7.6	1679	[25]	τῆς	_	_
7.6	1680	[19]	τοῦ	_	_
7.6	1681	[1]	ποιήσαντος	_	_
7.6	1682	[5]	δυνάμεως	_	_
7.6	1683	[168]	,	b	_
7.6	1684	[2]	ὅταν	_	_
7.6	1685	[1]	γ	_	_
7.6	1686	[47]	’	b	_
7.6	1687	[2]	αἰσθητικὸν	_	_
7.6	1688	[1]	ὑπάρχῃ	_	_
7.6	1689	[1]	δηλονότι	_	_
7.6	1690	[43]	τὸ	_	_
7.6	1691	[1]	ἀλλοιούμενον	_	_
7.6	1692	[169]	,	b	_
7.6	1693	[2]	ὀδύνην	_	_
7.6	1694	[11]	δ	_	_
7.6	1695	[48]	’	b	_
7.6	1696	[1]	οὐδέπω	_	_
7.6	1697	[2]	παρέχει	_	_
7.6	1698	[43]	.	b	_
7.6	1699	[1]	πάσχει	_	_
7.6	1700	[12]	δ	_	_
7.6	1701	[49]	’	b	_
7.6	1702	[1]	ἑτοίμως	_	_
7.6	1703	[2]	τὰς	_	_
7.6	1704	[1]	βραχείας	_	_
7.6	1705	[1]	μεταβολὰς	_	_
7.6	1706	[2]	ἀπὸ	_	_
7.6	1707	[29]	τῶν	_	_
7.6	1708	[1]	ὁμογενῶν	_	_
7.6	1709	[3]	ἓν	_	_
7.6	1710	[2]	ἕκαστον	_	_
7.6	1711	[44]	.	b	_
7.7	1	[1]	Αὐτίκα	_	_
7.7	2	[1]	γέ	_	_
7.7	3	[1]	τοι	_	_
7.7	4	[1]	τὸ	_	_
7.7	5	[1]	τῆς	_	_
7.7	6	[1]	ὄψεως	_	_
7.7	7	[1]	ὄργανον	_	_
7.7	8	[1]	,	b	_
7.7	9	[1]	ἐπειδὴ	_	_
7.7	10	[1]	χρωμάτων	_	_
7.7	11	[1]	ἐχρῆν	_	_
7.7	12	[1]	αὐτὸ	_	_
7.7	13	[1]	διαγνωστικὸν	_	_
7.7	14	[1]	ὑπάρχειν	_	_
7.7	15	[2]	,	b	_
7.7	16	[1]	αὐγοειδὲς	_	_
7.7	17	[1]	ἐγένετο	_	_
7.7	18	[3]	,	b	_
7.7	19	[1]	μόνων	_	_
7.7	20	[1]	τῶν	_	_
7.7	21	[1]	τοιούτων	_	_
7.7	22	[1]	σωμάτων	_	_
7.7	23	[1]	ἀλλοιοῦσθαι	_	_
7.7	24	[1]	πεφυκότων	_	_
7.7	25	[1]	ὑπὸ	_	_
7.7	26	[2]	χρωμάτων	_	_
7.7	27	[4]	,	b	_
7.7	28	[1]	ὡς	_	_
7.7	29	[1]	δηλοῖ	_	_
7.7	30	[1]	καὶ	_	_
7.7	31	[1]	ὁ	_	_
7.7	32	[1]	περιέχων	_	_
7.7	33	[1]	ἀὴρ	_	_
7.7	34	[5]	,	b	_
7.7	35	[1]	ἡνίκα	_	_
7.7	36	[1]	μάλιστα	_	_
7.7	37	[1]	καθαρὸς	_	_
7.7	38	[1]	ὑπάρχῃ	_	_
7.7	39	[6]	,	b	_
7.7	40	[1]	τηνικαῦθ	_	_
7.7	41	[1]	’	b	_
7.7	42	[2]	ὑπὸ	_	_
7.7	43	[3]	χρωμάτων	_	_
7.7	44	[1]	ἀλλοιούμενος	_	_
7.7	45	[1]	.	b	_
7.7	46	[1]	ἰδεῖν	_	_
7.7	47	[1]	γοῦν	_	_
7.7	48	[1]	ἔστιν	_	_
7.7	49	[7]	,	b	_
7.7	50	[1]	ὅταν	_	_
7.7	51	[1]	ἐν	_	_
7.7	52	[1]	ἀέρι	_	_
7.7	53	[1]	τοιούτῳ	_	_
7.7	54	[1]	τις	_	_
7.7	55	[3]	ὑπὸ	_	_
7.7	56	[1]	δένδρῳ	_	_
7.7	57	[1]	κατακείμενος	_	_
7.7	58	[1]	ᾖ	_	_
7.7	59	[8]	,	b	_
7.7	60	[2]	τὸ	_	_
7.7	61	[1]	τοῦ	_	_
7.7	62	[1]	δένδρου	_	_
7.7	63	[1]	χρῶμα	_	_
7.7	64	[1]	περιεχόμενον	_	_
7.7	65	[1]	αὐτῷ	_	_
7.7	66	[2]	.	b	_
7.7	67	[2]	καὶ	_	_
7.7	68	[3]	τὸ	_	_
7.7	69	[2]	τοῦ	_	_
7.7	70	[1]	τείχους	_	_
7.7	71	[1]	δὲ	_	_
7.7	72	[2]	χρῶμα	_	_
7.7	73	[1]	πολλάκις	_	_
7.7	74	[2]	ἀὴρ	_	_
7.7	75	[1]	λαμπρὸς	_	_
7.7	76	[1]	ψαύσας	_	_
7.7	77	[1]	ἐδέξατό	_	_
7.7	78	[1]	τε	_	_
7.7	79	[3]	καὶ	_	_
7.7	80	[1]	διεκόμισεν	_	_
7.7	81	[1]	ἐφ	_	_
7.7	82	[2]	’	b	_
7.7	83	[1]	ἕτερον	_	_
7.7	84	[1]	σῶμα	_	_
7.7	85	[9]	,	b	_
7.7	86	[4]	καὶ	_	_
7.7	87	[1]	μάλισθ	_	_
7.7	88	[3]	’	b	_
7.7	89	[2]	ὅταν	_	_
7.7	90	[2]	ᾖ	_	_
7.7	91	[4]	τὸ	_	_
7.7	92	[3]	χρῶμα	_	_
7.7	93	[1]	κυανοῦν	_	_
7.7	94	[10]	,	b	_
7.7	95	[1]	ἢ	_	_
7.7	96	[1]	ξανθὸν	_	_
7.7	97	[11]	,	b	_
7.7	98	[2]	ἢ	_	_
7.7	99	[1]	ὁπωσοῦν	_	_
7.7	100	[1]	ἑτέρως	_	_
7.7	101	[1]	εὐανθές	_	_
7.7	102	[3]	.	b	_
7.7	103	[5]	καὶ	_	_
7.7	104	[1]	μὲν	_	_
7.7	105	[1]	δὴ	_	_
7.7	106	[6]	καὶ	_	_
7.7	107	[1]	ὥσπερ	_	_
7.7	108	[4]	ὑπὸ	_	_
7.7	109	[2]	τῆς	_	_
7.7	110	[1]	ἡλιακῆς	_	_
7.7	111	[1]	αὐγῆς	_	_
7.7	112	[2]	αὐτῷ	_	_
7.7	113	[1]	τῷ	_	_
7.7	114	[1]	ψαῦσαι	_	_
7.7	115	[1]	μόνον	_	_
7.7	116	[2]	ὁ	_	_
7.7	117	[1]	πᾶς	_	_
7.7	118	[3]	ἀὴρ	_	_
7.7	119	[1]	ἀθρόως	_	_
7.7	120	[1]	ὁμοιοῦται	_	_
7.7	121	[12]	,	b	_
7.7	122	[1]	κατὰ	_	_
7.7	123	[1]	τὸν	_	_
7.7	124	[1]	αὐτὸν	_	_
7.7	125	[1]	τρόπον	_	_
7.7	126	[5]	ὑπὸ	_	_
7.7	127	[3]	τοῦ	_	_
7.7	128	[1]	χρώματος	_	_
7.7	129	[1]	αὐτίκα	_	_
7.7	130	[1]	μεταβάλλεται	_	_
7.7	131	[4]	.	b	_
7.7	132	[1]	ταυτὶ	_	_
7.7	133	[2]	μὲν	_	_
7.7	134	[1]	οὖν	_	_
7.7	135	[1]	ὀρθότατα	_	_
7.7	136	[7]	καὶ	_	_
7.7	137	[1]	πρὸς	_	_
7.7	138	[1]	Ἀριστοτέλους	_	_
7.7	139	[1]	εἴρηται	_	_
7.7	140	[1]	περί	_	_
7.7	141	[2]	τε	_	_
7.7	142	[3]	τῆς	_	_
7.7	143	[1]	παραχρῆμα	_	_
7.7	144	[1]	μεταβολῆς	_	_
7.7	145	[2]	τῶν	_	_
7.7	146	[1]	οὕτως	_	_
7.7	147	[1]	ἀλλοιουμένων	_	_
7.7	148	[13]	,	b	_
7.7	149	[2]	ὡς	_	_
7.7	150	[1]	κινδυνεύειν	_	_
7.7	151	[1]	ἄχρονον	_	_
7.7	152	[1]	εἶναι	_	_
7.7	153	[8]	καὶ	_	_
7.7	154	[1]	ἐπὶ	_	_
7.7	155	[1]	ταύτην	_	_
7.7	156	[14]	,	b	_
7.7	157	[9]	καὶ	_	_
7.7	158	[1]	διότι	_	_
7.7	159	[1]	πέφυκεν	_	_
7.7	160	[6]	ὑπὸ	_	_
7.7	161	[4]	χρωμάτων	_	_
7.7	162	[3]	ὁ	_	_
7.7	163	[2]	λαμπρὸς	_	_
7.7	164	[4]	ἀὴρ	_	_
7.7	165	[2]	ἀλλοιούμενος	_	_
7.7	166	[15]	,	b	_
7.7	167	[1]	ἄχρι	_	_
7.7	168	[4]	τοῦ	_	_
7.7	169	[4]	τῆς	_	_
7.7	170	[2]	ὄψεως	_	_
7.7	171	[1]	ὀργάνου	_	_
7.7	172	[1]	διαπέμπων	_	_
7.7	173	[1]	τὴν	_	_
7.7	174	[1]	ἀλλοίωσιν	_	_
7.7	175	[5]	.	b	_
7.7	176	[1]	οὐ	_	_
7.7	177	[1]	μὴν	_	_
7.7	178	[1]	ὅπως	_	_
7.7	179	[1]	γε	_	_
7.7	180	[2]	τὴν	_	_
7.7	181	[1]	θέσιν	_	_
7.7	182	[16]	,	b	_
7.7	183	[3]	ἢ	_	_
7.7	184	[5]	τὸ	_	_
7.7	185	[1]	μέγεθος	_	_
7.7	186	[17]	,	b	_
7.7	187	[4]	ἢ	_	_
7.7	188	[6]	τὸ	_	_
7.7	189	[1]	διάστημα	_	_
7.7	190	[1]	γνωρίζομεν	_	_
7.7	191	[1]	ἑκάστου	_	_
7.7	192	[3]	τῶν	_	_
7.7	193	[1]	αἰσθητῶν	_	_
7.7	194	[18]	,	b	_
7.7	195	[1]	εἶπεν	_	_
7.7	196	[4]	ὁ	_	_
7.7	197	[1]	Ἀριστοτέλης	_	_
7.7	198	[6]	.	b	_
7.7	199	[1]	ἀλλὰ	_	_
7.7	200	[10]	καὶ	_	_
7.7	201	[1]	συλλογιζόμενοι	_	_
7.7	202	[1]	περὶ	_	_
7.7	203	[7]	τὸ	_	_
7.7	204	[1]	δόγμα	_	_
7.7	205	[1]	πολλοὶ	_	_
7.7	206	[4]	τῶν	_	_
7.7	207	[1]	ἀπ	_	_
7.7	208	[4]	’	b	_
7.7	209	[1]	αὐτοῦ	_	_
7.7	210	[1]	κατάφωροι	_	_
7.7	211	[1]	γίγνονται	_	_
7.7	212	[1]	ψευδόμενοι	_	_
7.7	213	[19]	,	b	_
7.7	214	[1]	μήτ	_	_
7.7	215	[5]	’	b	_
7.7	216	[1]	ὀσμῶν	_	_
7.7	217	[20]	,	b	_
7.7	218	[1]	μήτε	_	_
7.7	219	[1]	φωνῶν	_	_
7.7	220	[1]	συνενδεικνυμένων	_	_
7.7	221	[2]	τὸν	_	_
7.7	222	[1]	τόπον	_	_
7.7	223	[21]	,	b	_
7.7	224	[1]	ὅθεν	_	_
7.7	225	[1]	ἥκουσιν	_	_
7.7	226	[22]	,	b	_
7.7	227	[3]	ὡς	_	_
7.7	228	[2]	ἐν	_	_
7.7	229	[2]	τῷ	_	_
7.7	230	[1]	πρώτῳ	_	_
7.7	231	[1]	δέδεικται	_	_
7.7	232	[2]	περὶ	_	_
7.7	233	[1]	ἀποδείξεως	_	_
7.7	234	[7]	.	b	_
7.7	235	[11]	καὶ	_	_
7.7	236	[3]	μὲν	_	_
7.7	237	[2]	δὴ	_	_
7.7	238	[12]	καὶ	_	_
7.7	239	[8]	τὸ	_	_
7.7	240	[1]	διὰ	_	_
7.7	241	[5]	τῶν	_	_
7.7	242	[1]	κατόπτρων	_	_
7.7	243	[23]	,	b	_
7.7	244	[1]	ὅσα	_	_
7.7	245	[3]	τε	_	_
7.7	246	[1]	ἄλλα	_	_
7.7	247	[1]	στιλπνὰ	_	_
7.7	248	[1]	σώματα	_	_
7.7	249	[24]	,	b	_
7.7	250	[1]	ποτὲ	_	_
7.7	251	[4]	μὲν	_	_
7.7	252	[1]	ἡμᾶς	_	_
7.7	253	[1]	αὐτοὺς	_	_
7.7	254	[1]	θεᾶσθαι	_	_
7.7	255	[25]	,	b	_
7.7	256	[2]	ποτὲ	_	_
7.7	257	[2]	δὲ	_	_
7.7	258	[1]	ἄλλους	_	_
7.7	259	[1]	τινὰς	_	_
7.7	260	[1]	ἐκ	_	_
7.7	261	[1]	πλαγίων	_	_
7.7	262	[5]	ἢ	_	_
7.7	263	[1]	ὄπισθεν	_	_
7.7	264	[26]	,	b	_
7.7	265	[2]	ὥσπερ	_	_
7.7	266	[1]	τοῖς	_	_
7.7	267	[1]	ἄλλοις	_	_
7.7	268	[1]	ἅπασιν	_	_
7.7	269	[27]	,	b	_
7.7	270	[1]	πλὴν	_	_
7.7	271	[1]	Πλάτωνος	_	_
7.7	272	[28]	,	b	_
7.7	273	[1]	οὕτω	_	_
7.7	274	[13]	καὶ	_	_
7.7	275	[1]	Ἀριστοτέλει	_	_
7.7	276	[1]	μάχεται	_	_
7.7	277	[29]	,	b	_
7.7	278	[1]	μόνου	_	_
7.7	279	[5]	τοῦ	_	_
7.7	280	[2]	χρώματος	_	_
7.7	281	[1]	δυναμένου	_	_
7.7	282	[1]	κατ	_	_
7.7	283	[6]	’	b	_
7.7	284	[1]	ἀνάκλασιν	_	_
7.7	285	[1]	ἀπὸ	_	_
7.7	286	[6]	τῶν	_	_
7.7	287	[1]	ὁρωμένων	_	_
7.7	288	[2]	ἐπὶ	_	_
7.7	289	[3]	τὴν	_	_
7.7	290	[1]	ἡμετέραν	_	_
7.7	291	[1]	ὄψιν	_	_
7.7	292	[1]	ἀφικέσθαι	_	_
7.7	293	[30]	,	b	_
7.7	294	[1]	μορφῆς	_	_
7.7	295	[1]	δ	_	_
7.7	296	[7]	’	b	_
7.7	297	[6]	ἢ	_	_
7.7	298	[1]	μεγέθους	_	_
7.7	299	[1]	οὐκέτι	_	_
7.7	300	[8]	.	b	_
7.7	301	[1]	μορφὴν	_	_
7.7	302	[5]	μὲν	_	_
7.7	303	[1]	γὰρ	_	_
7.7	304	[5]	τῆς	_	_
7.7	305	[1]	ποικιλίας	_	_
7.7	306	[7]	τῶν	_	_
7.7	307	[3]	περὶ	_	_
7.7	308	[1]	τὰ	_	_
7.7	309	[1]	μόρια	_	_
7.7	310	[1]	σχημάτων	_	_
7.7	311	[1]	ἐργαζομένης	_	_
7.7	312	[31]	,	b	_
7.7	313	[1]	οὔτ	_	_
7.7	314	[8]	’	b	_
7.7	315	[1]	ἐπινοῆσαι	_	_
7.7	316	[1]	δυνατὸν	_	_
7.7	317	[32]	,	b	_
7.7	318	[2]	ἀπ	_	_
7.7	319	[9]	’	b	_
7.7	320	[1]	αὐτῶν	_	_
7.7	321	[1]	τινα	_	_
7.7	322	[1]	γενέσθαι	_	_
7.7	323	[1]	προσβολὴν	_	_
7.7	324	[2]	τοῖς	_	_
7.7	325	[1]	κατόπτροις	_	_
7.7	326	[33]	,	b	_
7.7	327	[2]	οὔτ	_	_
7.7	328	[10]	’	b	_
7.7	329	[34]	,	b	_
7.7	330	[1]	εἰ	_	_
7.7	331	[14]	καὶ	_	_
7.7	332	[1]	γένοιτο	_	_
7.7	333	[35]	,	b	_
7.7	334	[1]	χωρὶς	_	_
7.7	335	[6]	τοῦ	_	_
7.7	336	[1]	κλασθῆναι	_	_
7.7	337	[4]	τὴν	_	_
7.7	338	[2]	ἀνάκλασιν	_	_
7.7	339	[2]	ἐφ	_	_
7.7	340	[11]	’	b	_
7.7	341	[2]	ἡμᾶς	_	_
7.7	342	[2]	ἀφικέσθαι	_	_
7.7	343	[1]	·	b	_
7.7	344	[1]	πιθανώτερα	_	_
7.7	345	[2]	γὰρ	_	_
7.7	346	[1]	ὅσον	_	_
7.7	347	[3]	ἐπὶ	_	_
7.7	348	[1]	τῷδε	_	_
7.7	349	[2]	τὰ	_	_
7.7	350	[2]	κατ	_	_
7.7	351	[12]	’	b	_
7.7	352	[1]	Ἐπίκουρον	_	_
7.7	353	[1]	εἴδωλα	_	_
7.7	354	[2]	·	b	_
7.7	355	[9]	τὸ	_	_
7.7	356	[3]	δὲ	_	_
7.7	357	[2]	μέγεθος	_	_
7.7	358	[1]	ἔτ	_	_
7.7	359	[13]	’	b	_
7.7	360	[1]	ἀδυνατώτερον	_	_
7.7	361	[1]	ἐγκαταβαίνειν	_	_
7.7	362	[1]	τῇ	_	_
7.7	363	[1]	κόρῃ	_	_
7.7	364	[9]	.	b	_
7.7	365	[1]	καίτοι	_	_
7.7	366	[1]	τοῦτό	_	_
7.7	367	[2]	γε	_	_
7.7	368	[1]	τὰς	_	_
7.7	369	[1]	ἁπάντων	_	_
7.7	370	[8]	τῶν	_	_
7.7	371	[1]	ἄλλων	_	_
7.7	372	[1]	καταβάλλον	_	_
7.7	373	[1]	δόξας	_	_
7.7	374	[3]	ὥσπερ	_	_
7.7	375	[1]	τι	_	_
7.7	376	[1]	μικρὸν	_	_
7.7	377	[1]	παρέρχονται	_	_
7.7	378	[36]	,	b	_
7.7	379	[4]	περὶ	_	_
7.7	380	[6]	μὲν	_	_
7.7	381	[7]	τοῦ	_	_
7.7	382	[1]	διαστήματός	_	_
7.7	383	[4]	τε	_	_
7.7	384	[15]	καὶ	_	_
7.7	385	[6]	τῆς	_	_
7.7	386	[1]	θέσεως	_	_
7.7	387	[1]	ἐπιχειροῦντες	_	_
7.7	388	[1]	σοφίζεσθαι	_	_
7.7	389	[37]	,	b	_
7.7	390	[5]	τὴν	_	_
7.7	391	[4]	δὲ	_	_
7.7	392	[8]	τοῦ	_	_
7.7	393	[2]	μεγέθους	_	_
7.7	394	[1]	διάγνωσιν	_	_
7.7	395	[38]	,	b	_
7.7	396	[2]	ὅπως	_	_
7.7	397	[1]	γίγνεται	_	_
7.7	398	[39]	,	b	_
7.7	399	[1]	παρερχόμενοι	_	_
7.7	400	[40]	,	b	_
7.7	401	[1]	καίπερ	_	_
7.7	402	[1]	διαῤῥήδην	_	_
7.7	403	[2]	αὐτῶν	_	_
7.7	404	[1]	ἀνατρέπουσαν	_	_
7.7	405	[2]	τὰς	_	_
7.7	406	[2]	δόξας	_	_
7.7	407	[10]	.	b	_
7.7	408	[1]	ἀδύνατον	_	_
7.7	409	[3]	γὰρ	_	_
7.7	410	[1]	αἰσθέσθαι	_	_
7.7	411	[9]	τοῦ	_	_
7.7	412	[3]	μεγέθους	_	_
7.7	413	[9]	τῶν	_	_
7.7	414	[1]	ὁρατῶν	_	_
7.7	415	[1]	ἄνευ	_	_
7.7	416	[10]	τοῦ	_	_
7.7	417	[1]	θεωρεῖσθαι	_	_
7.7	418	[10]	τὸ	_	_
7.7	419	[1]	βλεπόμενον	_	_
7.7	420	[41]	,	b	_
7.7	421	[3]	ἐν	_	_
7.7	422	[1]	ᾧπερ	_	_
7.7	423	[1]	ἂν	_	_
7.7	424	[2]	ὑπάρχῃ	_	_
7.7	425	[1]	τόπῳ	_	_
7.7	426	[11]	.	b	_
7.7	427	[2]	καίτοι	_	_
7.7	428	[5]	περὶ	_	_
7.7	429	[7]	τῆς	_	_
7.7	430	[1]	ἀνακλάσεως	_	_
7.7	431	[42]	,	b	_
7.7	432	[1]	ἣν	_	_
7.7	433	[2]	ἀπὸ	_	_
7.7	434	[10]	τῶν	_	_
7.7	435	[2]	αἰσθητῶν	_	_
7.7	436	[3]	ἐφ	_	_
7.7	437	[14]	’	b	_
7.7	438	[3]	ἡμᾶς	_	_
7.7	439	[5]	ὁ	_	_
7.7	440	[2]	Ἀριστοτέλης	_	_
7.7	441	[1]	ἥκειν	_	_
7.7	442	[1]	λέγει	_	_
7.7	443	[43]	,	b	_
7.7	444	[3]	τῷ	_	_
7.7	445	[1]	λόγῳ	_	_
7.7	446	[1]	δοκεῖ	_	_
7.7	447	[1]	μοι	_	_
7.7	448	[1]	κατανενοηκέναι	_	_
7.7	449	[6]	τὴν	_	_
7.7	450	[1]	ἀτοπίαν	_	_
7.7	451	[44]	,	b	_
7.7	452	[1]	οὐδαμόθι	_	_
7.7	453	[1]	τολμῶν	_	_
7.7	454	[1]	αὐτῇ	_	_
7.7	455	[1]	χρῆσθαι	_	_
7.7	456	[45]	,	b	_
7.7	457	[1]	παρελκόμενος	_	_
7.7	458	[2]	δ	_	_
7.7	459	[15]	’	b	_
7.7	460	[4]	ὡς	_	_
7.7	461	[1]	ἀπίθανον	_	_
7.7	462	[1]	ἀεί	_	_
7.7	463	[12]	.	b	_
7.7	464	[16]	καὶ	_	_
7.7	465	[4]	γὰρ	_	_
7.7	466	[3]	ὅπως	_	_
7.7	467	[1]	ἡ	_	_
7.7	468	[1]	ἶρις	_	_
7.7	469	[2]	γίγνεται	_	_
7.7	470	[46]	,	b	_
7.7	471	[17]	καὶ	_	_
7.7	472	[4]	ὅπως	_	_
7.7	473	[1]	ἅλως	_	_
7.7	474	[1]	ἤτοι	_	_
7.7	475	[6]	περὶ	_	_
7.7	476	[3]	τὸν	_	_
7.7	477	[1]	ἥλιον	_	_
7.7	478	[7]	ἢ	_	_
7.7	479	[7]	τὴν	_	_
7.7	480	[1]	σελήνην	_	_
7.7	481	[47]	,	b	_
7.7	482	[1]	οἵ	_	_
7.7	483	[1]	τ	_	_
7.7	484	[16]	’	b	_
7.7	485	[1]	ἀνθήλιοι	_	_
7.7	486	[18]	καὶ	_	_
7.7	487	[1]	οἱ	_	_
7.7	488	[1]	προήλιοι	_	_
7.7	489	[1]	καλούμενοι	_	_
7.7	490	[48]	,	b	_
7.7	491	[1]	τά	_	_
7.7	492	[5]	τε	_	_
7.7	493	[2]	διὰ	_	_
7.7	494	[11]	τῶν	_	_
7.7	495	[2]	κατόπτρων	_	_
7.7	496	[1]	ὁρώμενα	_	_
7.7	497	[1]	διερχόμενος	_	_
7.7	498	[49]	,	b	_
7.7	499	[1]	εἰς	_	_
7.7	500	[3]	ἀνάκλασιν	_	_
7.7	501	[3]	ὄψεως	_	_
7.7	502	[1]	ἀναφέρει	_	_
7.7	503	[1]	πάντα	_	_
7.7	504	[50]	,	b	_
7.7	505	[1]	μηδενὶ	_	_
7.7	506	[1]	διαφέρειν	_	_
7.7	507	[1]	λέγων	_	_
7.7	508	[51]	,	b	_
7.7	509	[8]	ἢ	_	_
7.7	510	[8]	τὴν	_	_
7.7	511	[2]	ὄψιν	_	_
7.7	512	[1]	ἀνακλᾶσθαι	_	_
7.7	513	[1]	νομίζειν	_	_
7.7	514	[52]	,	b	_
7.7	515	[9]	ἢ	_	_
7.7	516	[3]	τὰς	_	_
7.7	517	[3]	ἀπὸ	_	_
7.7	518	[12]	τῶν	_	_
7.7	519	[2]	ὁρωμένων	_	_
7.7	520	[1]	ἀλλοιώσεις	_	_
7.7	521	[11]	τοῦ	_	_
7.7	522	[1]	περιέχοντος	_	_
7.7	523	[4]	ἡμᾶς	_	_
7.7	524	[1]	ἀέρος	_	_
7.7	525	[53]	,	b	_
7.7	526	[1]	ὁμοιότατον	_	_
7.7	527	[1]	κατά	_	_
7.7	528	[3]	γε	_	_
7.7	529	[1]	τοῦτο	_	_
7.7	530	[1]	σοφιζόμενος	_	_
7.7	531	[1]	Ἀσκληπιάδῃ	_	_
7.7	532	[4]	τῷ	_	_
7.7	533	[8]	τῆς	_	_
7.7	534	[1]	ὁλκῆς	_	_
7.7	535	[1]	ἀντὶ	_	_
7.7	536	[12]	τοῦ	_	_
7.7	537	[9]	τῆς	_	_
7.7	538	[1]	φορᾶς	_	_
7.7	539	[1]	ὀνόματι	_	_
7.7	540	[1]	χρωμένῳ	_	_
7.7	541	[3]	·	b	_
7.7	542	[11]	τὸ	_	_
7.7	543	[5]	γὰρ	_	_
7.7	544	[2]	ἀπίθανον	_	_
7.7	545	[10]	τῆς	_	_
7.7	546	[2]	φορᾶς	_	_
7.7	547	[1]	ὑπειδόμενος	_	_
7.7	548	[1]	ἐπετόλμησε	_	_
7.7	549	[2]	τῇ	_	_
7.7	550	[1]	μεταθέσει	_	_
7.7	551	[11]	τῆς	_	_
7.7	552	[1]	προσηγορίας	_	_
7.7	553	[13]	.	b	_
7.7	554	[2]	οὕτως	_	_
7.7	555	[2]	οὖν	_	_
7.7	556	[19]	καὶ	_	_
7.7	557	[6]	ὁ	_	_
7.7	558	[3]	Ἀριστοτέλης	_	_
7.7	559	[54]	,	b	_
7.7	560	[2]	ἐπειδὴ	_	_
7.7	561	[1]	σαφῶς	_	_
7.7	562	[1]	ἠπίστατο	_	_
7.7	563	[3]	τὰ	_	_
7.7	564	[2]	κατὰ	_	_
7.7	565	[1]	μέρος	_	_
7.7	566	[1]	ἀπιθάνους	_	_
7.7	567	[1]	ἐρεῖν	_	_
7.7	568	[4]	τὰς	_	_
7.7	569	[1]	ὀπτικὰς	_	_
7.7	570	[1]	αἰτίας	_	_
7.7	571	[55]	,	b	_
7.7	572	[2]	εἰ	_	_
7.7	573	[1]	φυλάττοι	_	_
7.7	574	[9]	τὴν	_	_
7.7	575	[1]	ἑαυτοῦ	_	_
7.7	576	[1]	δόξαν	_	_
7.7	577	[56]	,	b	_
7.7	578	[4]	ἐπὶ	_	_
7.7	579	[10]	τὴν	_	_
7.7	580	[1]	ἀλλοτρίαν	_	_
7.7	581	[1]	ἀφίκετο	_	_
7.7	582	[57]	,	b	_
7.7	583	[1]	μηδὲν	_	_
7.7	584	[2]	διαφέρειν	_	_
7.7	585	[2]	λέγων	_	_
7.7	586	[58]	,	b	_
7.7	587	[1]	ὁποτέρως	_	_
7.7	588	[2]	ἂν	_	_
7.7	589	[1]	ἑρμηνεύῃ	_	_
7.7	590	[14]	.	b	_
7.7	591	[3]	καίτοι	_	_
7.7	592	[1]	δικαιότατ	_	_
7.7	593	[17]	’	b	_
7.7	594	[1]	εἴποι	_	_
7.7	595	[2]	πρὸς	_	_
7.7	596	[2]	αὐτὸν	_	_
7.7	597	[1]	ἄν	_	_
7.7	598	[2]	τις	_	_
7.7	599	[4]	·	b	_
7.7	600	[1]	Εἰ	_	_
7.7	601	[2]	μηδὲν	_	_
7.7	602	[1]	διαφέρει	_	_
7.7	603	[1]	λέγειν	_	_
7.7	604	[3]	οὕτως	_	_
7.7	605	[10]	ἢ	_	_
7.7	606	[1]	ἐκείνως	_	_
7.7	607	[59]	,	b	_
7.7	608	[1]	τί	_	_
7.7	609	[1]	καταλιπὼν	_	_
7.7	610	[11]	τὴν	_	_
7.7	611	[1]	ἀληθῆ	_	_
7.7	612	[6]	τε	_	_
7.7	613	[20]	καὶ	_	_
7.7	614	[1]	σὴν	_	_
7.7	615	[2]	δόξαν	_	_
7.7	616	[1]	ἀλλοτρίᾳ	_	_
7.7	617	[1]	χρῇ	_	_
7.7	618	[1]	ψευδεῖ	_	_
7.7	619	[1]	;	b	_
7.7	620	[2]	εἰς	_	_
7.7	621	[6]	γὰρ	_	_
7.7	622	[1]	τοὐναντίον	_	_
7.7	623	[1]	σοι	_	_
7.7	624	[1]	περιτραπήσεται	_	_
7.7	625	[12]	τὸ	_	_
7.7	626	[1]	σόφισμα	_	_
7.7	627	[60]	,	b	_
7.7	628	[1]	μηδεμίαν	_	_
7.7	629	[1]	αἰτίαν	_	_
7.7	630	[1]	εἰπόντι	_	_
7.7	631	[12]	τῆς	_	_
7.7	632	[1]	ἀλόγου	_	_
7.7	633	[13]	τῶν	_	_
7.7	634	[1]	δογμάτων	_	_
7.7	635	[1]	μεταλλαγῆς	_	_
7.7	636	[61]	,	b	_
7.7	637	[1]	ὥστε	_	_
7.7	638	[1]	ὑποπτευθήσῃ	_	_
7.7	639	[1]	μᾶλλον	_	_
7.7	640	[11]	ἢ	_	_
7.7	641	[1]	πιστευθήσῃ	_	_
7.7	642	[15]	.	b	_
7.7	643	[21]	καὶ	_	_
7.7	644	[2]	μὴν	_	_
7.7	645	[3]	εἰ	_	_
7.7	646	[62]	,	b	_
7.7	647	[2]	διότι	_	_
7.7	648	[1]	πιθανώτερόν	_	_
7.7	649	[2]	σοι	_	_
7.7	650	[13]	τὸ	_	_
7.7	651	[2]	λέγειν	_	_
7.7	652	[1]	ἐστὶν	_	_
7.7	653	[63]	,	b	_
7.7	654	[3]	διὰ	_	_
7.7	655	[2]	τοῦτο	_	_
7.7	656	[1]	φαίης	_	_
7.7	657	[1]	προσχρῆσθαι	_	_
7.7	658	[1]	δόγμασιν	_	_
7.7	659	[1]	ἀλλοτρίοις	_	_
7.7	660	[64]	,	b	_
7.7	661	[1]	ἐρωτηθήσεται	_	_
7.7	662	[1]	πάλιν	_	_
7.7	663	[2]	αὐτοῦ	_	_
7.7	664	[13]	τοῦ	_	_
7.7	665	[1]	πιθανοῦ	_	_
7.7	666	[12]	τὴν	_	_
7.7	667	[2]	αἰτίαν	_	_
7.7	668	[16]	.	b	_
7.7	669	[4]	εἰ	_	_
7.7	670	[7]	γὰρ	_	_
7.7	671	[2]	ἡ	_	_
7.7	672	[1]	ψευδὴς	_	_
7.7	673	[1]	δόξα	_	_
7.7	674	[5]	τὰς	_	_
7.7	675	[3]	κατὰ	_	_
7.7	676	[2]	μέρος	_	_
7.7	677	[1]	ἁπάσας	_	_
7.7	678	[2]	αἰτίας	_	_
7.7	679	[1]	πιθανωτέρας	_	_
7.7	680	[1]	ἔχει	_	_
7.7	681	[13]	τῆς	_	_
7.7	682	[1]	ἀληθοῦς	_	_
7.7	683	[65]	,	b	_
7.7	684	[1]	ἀπιστηθήσεται	_	_
7.7	685	[1]	πάντ	_	_
7.7	686	[18]	’	b	_
7.7	687	[3]	αὐτοῦ	_	_
7.7	688	[4]	τὰ	_	_
7.7	689	[14]	τῶν	_	_
7.7	690	[1]	προβλημάτων	_	_
7.7	691	[1]	βιβλία	_	_
7.7	692	[17]	.	b	_
7.7	693	[14]	τὸ	_	_
7.7	694	[7]	μὲν	_	_
7.7	695	[3]	οὖν	_	_
7.7	696	[4]	διὰ	_	_
7.7	697	[1]	μέσου	_	_
7.7	698	[14]	τοῦ	_	_
7.7	699	[2]	ἀέρος	_	_
7.7	700	[1]	ὁρᾷν	_	_
7.7	701	[5]	ἡμᾶς	_	_
7.7	702	[1]	ἐναργές	_	_
7.7	703	[1]	ἐστι	_	_
7.7	704	[22]	καὶ	_	_
7.7	705	[1]	πᾶσιν	_	_
7.7	706	[1]	ὁμολογούμενον	_	_
7.7	707	[66]	,	b	_
7.7	708	[3]	ἡ	_	_
7.7	709	[1]	ζήτησις	_	_
7.7	710	[5]	δὲ	_	_
7.7	711	[5]	ἐπὶ	_	_
7.7	712	[2]	τῷδε	_	_
7.7	713	[3]	γίγνεται	_	_
7.7	714	[67]	,	b	_
7.7	715	[1]	πότερον	_	_
7.7	716	[5]	ὡς	_	_
7.7	717	[1]	δι	_	_
7.7	718	[19]	’	b	_
7.7	719	[1]	ὁδοῦ	_	_
7.7	720	[1]	τινος	_	_
7.7	721	[1]	μέσης	_	_
7.7	722	[4]	ἀπὸ	_	_
7.7	723	[15]	τῶν	_	_
7.7	724	[3]	ὁρωμένων	_	_
7.7	725	[1]	ἀφικνεῖταί	_	_
7.7	726	[2]	τι	_	_
7.7	727	[3]	πρὸς	_	_
7.7	728	[6]	ἡμᾶς	_	_
7.7	729	[68]	,	b	_
7.7	730	[12]	ἢ	_	_
7.7	731	[1]	τοιοῦτον	_	_
7.7	732	[2]	ὄργανον	_	_
7.7	733	[7]	ὁ	_	_
7.7	734	[1]	ἀήρ	_	_
7.7	735	[1]	ἐστιν	_	_
7.7	736	[1]	ἡμῖν	_	_
7.7	737	[3]	εἰς	_	_
7.7	738	[13]	τὴν	_	_
7.7	739	[16]	τῶν	_	_
7.7	740	[2]	ὁρατῶν	_	_
7.7	741	[2]	διάγνωσιν	_	_
7.7	742	[69]	,	b	_
7.7	743	[1]	οἷόν	_	_
7.7	744	[1]	περ	_	_
7.7	745	[15]	τὸ	_	_
7.7	746	[1]	νεῦρον	_	_
7.7	747	[4]	εἰς	_	_
7.7	748	[14]	τὴν	_	_
7.7	749	[17]	τῶν	_	_
7.7	750	[1]	ἁπτῶν	_	_
7.7	751	[18]	.	b	_
7.7	752	[1]	οἴονται	_	_
7.7	753	[8]	μὲν	_	_
7.7	754	[4]	οὖν	_	_
7.7	755	[2]	οἱ	_	_
7.7	756	[1]	πλεῖστοι	_	_
7.7	757	[70]	,	b	_
7.7	758	[23]	καὶ	_	_
7.7	759	[5]	διὰ	_	_
7.7	760	[15]	τοῦ	_	_
7.7	761	[1]	νεύρου	_	_
7.7	762	[15]	τὴν	_	_
7.7	763	[5]	ἀπὸ	_	_
7.7	764	[18]	τῶν	_	_
7.7	765	[1]	προσπιπτόντων	_	_
7.7	766	[2]	ἀλλοίωσιν	_	_
7.7	767	[1]	ἀναδιδομένην	_	_
7.7	768	[6]	ἐπὶ	_	_
7.7	769	[16]	τὸ	_	_
7.7	770	[14]	τῆς	_	_
7.7	771	[1]	ψυχῆς	_	_
7.7	772	[1]	ἡγεμονικὸν	_	_
7.7	773	[5]	εἰς	_	_
7.7	774	[3]	διάγνωσιν	_	_
7.7	775	[1]	ἄγειν	_	_
7.7	776	[7]	ἡμᾶς	_	_
7.7	777	[3]	αὐτῶν	_	_
7.7	778	[71]	,	b	_
7.7	779	[1]	οὐκ	_	_
7.7	780	[1]	ἐννοοῦντες	_	_
7.7	781	[72]	,	b	_
7.7	782	[6]	ὡς	_	_
7.7	783	[2]	οὐκ	_	_
7.7	784	[3]	ἂν	_	_
7.7	785	[4]	ἡ	_	_
7.7	786	[15]	τῆς	_	_
7.7	787	[1]	ὀδύνης	_	_
7.7	788	[1]	αἴσθησις	_	_
7.7	789	[1]	ἐγίγνετο	_	_
7.7	790	[4]	κατὰ	_	_
7.7	791	[17]	τὸ	_	_
7.7	792	[1]	τεμνόμενον	_	_
7.7	793	[13]	ἢ	_	_
7.7	794	[1]	θλώμενον	_	_
7.7	795	[14]	ἢ	_	_
7.7	796	[1]	καιόμενον	_	_
7.7	797	[1]	μόριον	_	_
7.7	798	[73]	,	b	_
7.7	799	[5]	εἰ	_	_
7.7	800	[1]	μὴ	_	_
7.7	801	[24]	καὶ	_	_
7.7	802	[16]	τῆς	_	_
7.7	803	[1]	αἰσθήσεως	_	_
7.7	804	[5]	ἡ	_	_
7.7	805	[1]	δύναμις	_	_
7.7	806	[1]	ἦν	_	_
7.7	807	[4]	ἐν	_	_
7.7	808	[1]	αὐτοῖς	_	_
7.7	809	[19]	.	b	_
7.7	810	[2]	ἔχει	_	_
7.7	811	[3]	δ	_	_
7.7	812	[20]	’	b	_
7.7	813	[1]	ἐναντίως	_	_
7.7	814	[15]	ἢ	_	_
7.7	815	[1]	δοξάζουσιν	_	_
7.7	816	[1]	ἐκεῖνοι	_	_
7.7	817	[18]	τὸ	_	_
7.7	818	[1]	ἀληθές	_	_
7.7	819	[20]	.	b	_
7.7	820	[1]	αὐτό	_	_
7.7	821	[7]	τε	_	_
7.7	822	[8]	γὰρ	_	_
7.7	823	[19]	τὸ	_	_
7.7	824	[2]	νεῦρον	_	_
7.7	825	[1]	ἐγκεφάλου	_	_
7.7	826	[3]	μέρος	_	_
7.7	827	[2]	ἐστὶν	_	_
7.7	828	[74]	,	b	_
7.7	829	[2]	οἷόν	_	_
7.7	830	[2]	περ	_	_
7.7	831	[1]	ἀκρέμων	_	_
7.7	832	[16]	ἢ	_	_
7.7	833	[1]	βλάστημα	_	_
7.7	834	[2]	δένδρου	_	_
7.7	835	[75]	,	b	_
7.7	836	[1]	τό	_	_
7.7	837	[8]	τε	_	_
7.7	838	[4]	μέρος	_	_
7.7	839	[76]	,	b	_
7.7	840	[6]	εἰς	_	_
7.7	841	[1]	ὃ	_	_
7.7	842	[1]	ἐμφύεται	_	_
7.7	843	[77]	,	b	_
7.7	844	[16]	τὴν	_	_
7.7	845	[1]	δύναμιν	_	_
7.7	846	[4]	αὐτοῦ	_	_
7.7	847	[1]	δεχόμενον	_	_
7.7	848	[7]	εἰς	_	_
7.7	849	[1]	ὅλον	_	_
7.7	850	[1]	ἑαυτῷ	_	_
7.7	851	[2]	διαγνωστικὸν	_	_
7.7	852	[1]	γίνεται	_	_
7.7	853	[19]	τῶν	_	_
7.7	854	[1]	ψαυόντων	_	_
7.7	855	[5]	αὐτοῦ	_	_
7.7	856	[21]	.	b	_
7.7	857	[1]	παραπλήσιον	_	_
7.7	858	[5]	οὖν	_	_
7.7	859	[3]	τι	_	_
7.7	860	[1]	κᾀπὶ	_	_
7.7	861	[16]	τοῦ	_	_
7.7	862	[2]	περιέχοντος	_	_
7.7	863	[8]	ἡμᾶς	_	_
7.7	864	[3]	ἀέρος	_	_
7.7	865	[4]	γίγνεται	_	_
7.7	866	[22]	.	b	_
7.7	867	[1]	πεφωτισμένος	_	_
7.7	868	[9]	γὰρ	_	_
7.7	869	[1]	ὑφ	_	_
7.7	870	[21]	’	b	_
7.7	871	[1]	ἡλίου	_	_
7.7	872	[1]	τοιοῦτόν	_	_
7.7	873	[2]	ἐστιν	_	_
7.7	874	[1]	ἤδη	_	_
7.7	875	[20]	τὸ	_	_
7.7	876	[17]	τῆς	_	_
7.7	877	[4]	ὄψεως	_	_
7.7	878	[3]	ὄργανον	_	_
7.7	879	[78]	,	b	_
7.7	880	[1]	οἷον	_	_
7.7	881	[21]	τὸ	_	_
7.7	882	[1]	παραγιγνόμενον	_	_
7.7	883	[1]	ἐξ	_	_
7.7	884	[2]	ἐγκεφάλου	_	_
7.7	885	[1]	πνεῦμα	_	_
7.7	886	[5]	·	b	_
7.7	887	[1]	πρὶν	_	_
7.7	888	[1]	φωτισθῆναι	_	_
7.7	889	[6]	δὲ	_	_
7.7	890	[5]	κατὰ	_	_
7.7	891	[17]	τὴν	_	_
7.7	892	[7]	ὑπὸ	_	_
7.7	893	[17]	τοῦ	_	_
7.7	894	[1]	πνεύματος	_	_
7.7	895	[8]	εἰς	_	_
7.7	896	[3]	αὐτὸν	_	_
7.7	897	[2]	ἐκ	_	_
7.7	898	[18]	τῆς	_	_
7.7	899	[1]	βολῆς	_	_
7.7	900	[1]	ἐναποτελουμένην	_	_
7.7	901	[3]	ἀλλοίωσιν	_	_
7.7	902	[1]	ὁμοιοπαθὲς	_	_
7.7	903	[4]	ὄργανον	_	_
7.7	904	[2]	οὐ	_	_
7.7	905	[5]	γίγνεται	_	_
7.7	906	[23]	.	b	_
7.7	907	[2]	μὴ	_	_
7.7	908	[1]	τοίνυν	_	_
7.7	909	[7]	ὡς	_	_
7.7	910	[6]	διὰ	_	_
7.7	911	[1]	βακτηρίας	_	_
7.7	912	[18]	τοῦ	_	_
7.7	913	[1]	πέριξ	_	_
7.7	914	[4]	ἀέρος	_	_
7.7	915	[2]	ὁρᾷν	_	_
7.7	916	[9]	ἡμᾶς	_	_
7.7	917	[3]	οἱ	_	_
7.7	918	[1]	Στωϊκοὶ	_	_
7.7	919	[1]	λεγέτωσαν	_	_
7.7	920	[24]	.	b	_
7.7	921	[6]	ἡ	_	_
7.7	922	[10]	γὰρ	_	_
7.7	923	[1]	τοιαύτη	_	_
7.7	924	[1]	διάγνωσις	_	_
7.7	925	[1]	ἀντιβαινόντων	_	_
7.7	926	[1]	ἐστὶ	_	_
7.7	927	[2]	σωμάτων	_	_
7.7	928	[6]	κατὰ	_	_
7.7	929	[1]	συλλογισμὸν	_	_
7.7	930	[79]	,	b	_
7.7	931	[1]	ἔτι	_	_
7.7	932	[7]	δὲ	_	_
7.7	933	[2]	μᾶλλον	_	_
7.7	934	[3]	οὐ	_	_
7.7	935	[1]	πιλητοῦ	_	_
7.7	936	[1]	αἰσθητικὴ	_	_
7.7	937	[7]	ἡ	_	_
7.7	938	[19]	τοῦ	_	_
7.7	939	[1]	ὄμματος	_	_
7.7	940	[2]	αἴσθησις	_	_
7.7	941	[2]	ἡμῖν	_	_
7.7	942	[3]	ἐστιν	_	_
7.7	943	[80]	,	b	_
7.7	944	[1]	οὔτε	_	_
7.7	945	[19]	τῆς	_	_
7.7	946	[1]	σκληρότητος	_	_
7.7	947	[81]	,	b	_
7.7	948	[17]	ἢ	_	_
7.7	949	[1]	μαλακότητος	_	_
7.7	950	[82]	,	b	_
7.7	951	[2]	ἀλλὰ	_	_
7.7	952	[1]	χρόας	_	_
7.7	953	[83]	,	b	_
7.7	954	[25]	καὶ	_	_
7.7	955	[4]	μεγέθους	_	_
7.7	956	[84]	,	b	_
7.7	957	[26]	καὶ	_	_
7.7	958	[2]	θέσεως	_	_
7.7	959	[85]	,	b	_
7.7	960	[1]	ὧν	_	_
7.7	961	[1]	οὐδὲν	_	_
7.7	962	[8]	ἡ	_	_
7.7	963	[1]	βακτηρία	_	_
7.7	964	[1]	διαγνῶναι	_	_
7.7	965	[1]	δύναται	_	_
7.7	966	[25]	.	b	_
7.7	967	[1]	πολὺ	_	_
7.7	968	[2]	τοίνυν	_	_
7.7	969	[1]	ἄμεινον	_	_
7.7	970	[86]	,	b	_
7.7	971	[2]	ὃ	_	_
7.7	972	[5]	ἐν	_	_
7.7	973	[1]	ἐσφαλμένοις	_	_
7.7	974	[1]	Ἐπίκουρος	_	_
7.7	975	[1]	ἀπεφῄνατο	_	_
7.7	976	[20]	τῶν	_	_
7.7	977	[1]	Στωϊκῶν	_	_
7.7	978	[26]	.	b	_
7.7	979	[2]	ἐκεῖνοι	_	_
7.7	980	[9]	μὲν	_	_
7.7	981	[11]	γὰρ	_	_
7.7	982	[21]	τῶν	_	_
7.7	983	[3]	ὁρατῶν	_	_
7.7	984	[2]	οὐδὲν	_	_
7.7	985	[1]	ἄγουσιν	_	_
7.7	986	[2]	ἄχρι	_	_
7.7	987	[20]	τῆς	_	_
7.7	988	[1]	ὀπτικῆς	_	_
7.7	989	[1]	δυνάμεως	_	_
7.7	990	[6]	·	b	_
7.7	991	[8]	ὁ	_	_
7.7	992	[4]	δ	_	_
7.7	993	[22]	’	b	_
7.7	994	[2]	Ἐπίκουρος	_	_
7.7	995	[87]	,	b	_
7.7	996	[27]	καὶ	_	_
7.7	997	[1]	πολύ	_	_
7.7	998	[4]	γε	_	_
7.7	999	[1]	τούτου	_	_
7.7	1000	[1]	κρεῖττον	_	_
7.7	1001	[4]	Ἀριστοτέλης	_	_
7.7	1002	[88]	,	b	_
7.7	1003	[3]	οὐκ	_	_
7.7	1004	[1]	εἴδωλον	_	_
7.7	1005	[1]	σωματικὸν	_	_
7.7	1006	[89]	,	b	_
7.7	1007	[3]	ἀλλὰ	_	_
7.7	1008	[1]	ποιότητα	_	_
7.7	1009	[2]	δι	_	_
7.7	1010	[23]	’	b	_
7.7	1011	[1]	ἀλλοιώσεως	_	_
7.7	1012	[20]	τοῦ	_	_
7.7	1013	[2]	πέριξ	_	_
7.7	1014	[5]	ἀέρος	_	_
7.7	1015	[6]	ἀπὸ	_	_
7.7	1016	[22]	τῶν	_	_
7.7	1017	[4]	ὁρατῶν	_	_
7.7	1018	[1]	ἄγων	_	_
7.7	1019	[3]	ἄχρι	_	_
7.7	1020	[21]	τῆς	_	_
7.7	1021	[5]	ὄψεως	_	_
7.7	1022	[27]	.	b	_
7.7	1023	[1]	εὐλαβήθη	_	_
7.7	1024	[12]	γὰρ	_	_
7.7	1025	[1]	ὅλως	_	_
7.7	1026	[1]	αἰσθητικὸν	_	_
7.7	1027	[1]	ποιῆσαι	_	_
7.7	1028	[4]	τὸν	_	_
7.7	1029	[3]	πέριξ	_	_
7.7	1030	[1]	ἀέρα	_	_
7.7	1031	[90]	,	b	_
7.7	1032	[4]	καίτοι	_	_
7.7	1033	[1]	τήν	_	_
7.7	1034	[5]	γε	_	_
7.7	1035	[1]	σάρκα	_	_
7.7	1036	[2]	σαφῶς	_	_
7.7	1037	[1]	ὁρῶν	_	_
7.7	1038	[1]	αἰσθητικὴν	_	_
7.7	1039	[1]	γιγνομένην	_	_
7.7	1040	[3]	ἐκ	_	_
7.7	1041	[22]	τῆς	_	_
7.7	1042	[1]	ἀφικνουμένης	_	_
7.7	1043	[9]	εἰς	_	_
7.7	1044	[1]	αὐτὴν	_	_
7.7	1045	[7]	ἀπὸ	_	_
7.7	1046	[23]	τῆς	_	_
7.7	1047	[1]	ἀρχῆς	_	_
7.7	1048	[2]	δυνάμεως	_	_
7.7	1049	[28]	.	b	_
7.7	1050	[2]	τί	_	_
7.7	1051	[8]	δὲ	_	_
7.7	1052	[1]	χαλεπόν	_	_
7.7	1053	[2]	ἐστι	_	_
7.7	1054	[18]	τὴν	_	_
7.7	1055	[1]	ἡλιακὴν	_	_
7.7	1056	[1]	αὐγὴν	_	_
7.7	1057	[2]	αἰσθητικὴν	_	_
7.7	1058	[1]	ὑποθέσθαι	_	_
7.7	1059	[91]	,	b	_
7.7	1060	[2]	οἷον	_	_
7.7	1061	[2]	μάλιστα	_	_
7.7	1062	[22]	τὸ	_	_
7.7	1063	[7]	κατὰ	_	_
7.7	1064	[1]	τοὺς	_	_
7.7	1065	[1]	ὀφθαλμοὺς	_	_
7.7	1066	[2]	πνεῦμα	_	_
7.7	1067	[23]	τὸ	_	_
7.7	1068	[1]	παραγόμενον	_	_
7.7	1069	[2]	ἐξ	_	_
7.7	1070	[3]	ἐγκεφάλου	_	_
7.7	1071	[1]	προδήλως	_	_
7.7	1072	[1]	ὁρᾶται	_	_
7.7	1073	[2]	;	b	_
7.7	1074	[28]	καὶ	_	_
7.7	1075	[13]	γὰρ	_	_
7.7	1076	[1]	φωτοειδές	_	_
7.7	1077	[4]	ἐστιν	_	_
7.7	1078	[29]	.	b	_
7.7	1079	[6]	εἰ	_	_
7.7	1080	[9]	δὲ	_	_
7.7	1081	[29]	καὶ	_	_
7.7	1082	[7]	περὶ	_	_
7.7	1083	[2]	ψυχῆς	_	_
7.7	1084	[1]	οὐσίας	_	_
7.7	1085	[1]	ἀποφῄνασθαι	_	_
7.7	1086	[1]	χρὴ	_	_
7.7	1087	[92]	,	b	_
7.7	1088	[1]	δυοῖν	_	_
7.7	1089	[1]	θάτερον	_	_
7.7	1090	[1]	ἀναγκαῖον	_	_
7.7	1091	[1]	εἰπεῖν	_	_
7.7	1092	[93]	,	b	_
7.7	1093	[1]	ἤγουν	_	_
7.7	1094	[2]	εἶναι	_	_
7.7	1095	[24]	τὸ	_	_
7.7	1096	[3]	οἷον	_	_
7.7	1097	[1]	αὐγοειδές	_	_
7.7	1098	[9]	τε	_	_
7.7	1099	[30]	καὶ	_	_
7.7	1100	[1]	αἰθερῶδες	_	_
7.7	1101	[2]	σῶμα	_	_
7.7	1102	[1]	λεκτέον	_	_
7.7	1103	[2]	αὐτὴν	_	_
7.7	1104	[94]	,	b	_
7.7	1105	[10]	εἰς	_	_
7.7	1106	[3]	ὃ	_	_
7.7	1107	[95]	,	b	_
7.7	1108	[1]	κᾂν	_	_
7.7	1109	[3]	μὴ	_	_
7.7	1110	[1]	βούλωνται	_	_
7.7	1111	[96]	,	b	_
7.7	1112	[3]	κατ	_	_
7.7	1113	[24]	’	b	_
7.7	1114	[1]	ἀκολουθίαν	_	_
7.7	1115	[1]	ἀφικνοῦνται	_	_
7.7	1116	[1]	Στωϊκοί	_	_
7.7	1117	[10]	τε	_	_
7.7	1118	[31]	καὶ	_	_
7.7	1119	[5]	Ἀριστοτέλης	_	_
7.7	1120	[97]	,	b	_
7.7	1121	[18]	ἢ	_	_
7.7	1122	[3]	αὐτὴν	_	_
7.7	1123	[10]	μὲν	_	_
7.7	1124	[1]	ἀσώματον	_	_
7.7	1125	[2]	ὑπάρχειν	_	_
7.7	1126	[1]	οὐσίαν	_	_
7.7	1127	[98]	,	b	_
7.7	1128	[1]	ὄχημά	_	_
7.7	1129	[11]	τε	_	_
7.7	1130	[25]	τὸ	_	_
7.7	1131	[1]	πρῶτον	_	_
7.7	1132	[1]	αὐτῆς	_	_
7.7	1133	[3]	εἶναι	_	_
7.7	1134	[1]	τουτὶ	_	_
7.7	1135	[26]	τὸ	_	_
7.7	1136	[3]	σῶμα	_	_
7.7	1137	[99]	,	b	_
7.7	1138	[3]	δι	_	_
7.7	1139	[25]	’	b	_
7.7	1140	[1]	οὗ	_	_
7.7	1141	[2]	μέσου	_	_
7.7	1142	[19]	τὴν	_	_
7.7	1143	[4]	πρὸς	_	_
7.7	1144	[1]	τἄλλα	_	_
7.7	1145	[2]	σώματα	_	_
7.7	1146	[1]	κοινωνίαν	_	_
7.7	1147	[1]	λαμβάνει	_	_
7.7	1148	[30]	.	b	_
7.7	1149	[3]	τοῦτο	_	_
7.7	1150	[11]	μὲν	_	_
7.7	1151	[6]	οὖν	_	_
7.7	1152	[2]	αὐτὸ	_	_
7.7	1153	[4]	δι	_	_
7.7	1154	[26]	’	b	_
7.7	1155	[1]	ὅλου	_	_
7.7	1156	[2]	λεκτέον	_	_
7.7	1157	[3]	ἡμῖν	_	_
7.7	1158	[1]	ἐκτετάσθαι	_	_
7.7	1159	[21]	τοῦ	_	_
7.7	1160	[4]	ἐγκεφάλου	_	_
7.7	1161	[100]	,	b	_
7.7	1162	[3]	τῇ	_	_
7.7	1163	[1]	δέ	_	_
7.7	1164	[6]	γε	_	_
7.7	1165	[5]	πρὸς	_	_
7.7	1166	[3]	αὐτὸ	_	_
7.7	1167	[1]	κοινωνίᾳ	_	_
7.7	1168	[27]	τὸ	_	_
7.7	1169	[8]	κατὰ	_	_
7.7	1170	[6]	τὰς	_	_
7.7	1171	[1]	ὄψεις	_	_
7.7	1172	[4]	αὐτῶν	_	_
7.7	1173	[3]	πνεῦμα	_	_
7.7	1174	[1]	φωτοειδὲς	_	_
7.7	1175	[1]	γίγνεσθαι	_	_
7.7	1176	[31]	.	b	_
7.8	1	[1]	Περὶ	_	_
7.8	2	[1]	μὲν	_	_
7.8	3	[1]	|οὖν	_	_
7.8	4	[1]	τῆς	_	_
7.8	5	[1]	Ἀριστοτέλους	_	_
7.8	6	[1]	τε	_	_
7.8	7	[1]	καὶ	_	_
7.8	8	[1]	τῶν	_	_
7.8	9	[1]	Στωϊκῶν	_	_
7.8	10	[1]	δόξης	_	_
7.8	11	[1]	ὀλίγον	_	_
7.8	12	[1]	ἀναβάλλομαι	_	_
7.8	13	[1]	,	b	_
7.8	14	[1]	τὸ	_	_
7.8	15	[1]	δὲ	_	_
7.8	16	[1]	τὴν	_	_
7.8	17	[1]	αἴσθησιν	_	_
7.8	18	[2]	τῶν	_	_
7.8	19	[1]	αἰσθητῶν	_	_
7.8	20	[1]	γίγνεσθαι	_	_
7.8	21	[1]	δι	_	_
7.8	22	[1]	’	b	_
7.8	23	[1]	ἀλλοιώσεώς	_	_
7.8	24	[2]	τε	_	_
7.8	25	[2]	καὶ	_	_
7.8	26	[1]	διαγνώσεως	_	_
7.8	27	[1]	ἐξ	_	_
7.8	28	[1]	ὧν	_	_
7.8	29	[1]	εἶπον	_	_
7.8	30	[1]	δῆλον	_	_
7.8	31	[1]	.	b	_
7.8	32	[1]	ἀλλοιοῦται	_	_
7.8	33	[2]	μὲν	_	_
7.8	34	[1]	οὖν	_	_
7.8	35	[2]	τὸ	_	_
7.8	36	[2]	τῆς	_	_
7.8	37	[1]	αἰσθήσεως	_	_
7.8	38	[1]	ὄργανον	_	_
7.8	39	[2]	,	b	_
7.8	40	[1]	ἡ	_	_
7.8	41	[1]	διάγνωσις	_	_
7.8	42	[1]	δ	_	_
7.8	43	[2]	’	b	_
7.8	44	[1]	αὐτοῦ	_	_
7.8	45	[3]	τῆς	_	_
7.8	46	[1]	ἀλλοιώσεως	_	_
7.8	47	[1]	γίγνεται	_	_
7.8	48	[1]	ἐκ	_	_
7.8	49	[1]	μιᾶς	_	_
7.8	50	[1]	δυνάμεως	_	_
7.8	51	[1]	κοινῆς	_	_
7.8	52	[1]	πάντων	_	_
7.8	53	[3]	τῶν	_	_
7.8	54	[1]	αἰσθητηρίων	_	_
7.8	55	[2]	ἐκ	_	_
7.8	56	[4]	τῆς	_	_
7.8	57	[1]	ἀρχῆς	_	_
7.8	58	[1]	ἐπιῤῥεούσης	_	_
7.8	59	[2]	.	b	_
7.8	60	[2]	τὴν	_	_
7.8	61	[2]	δὲ	_	_
7.8	62	[1]	ἀρχὴν	_	_
7.8	63	[1]	αὐτῶν	_	_
7.8	64	[1]	εἴτε	_	_
7.8	65	[1]	κοινὴν	_	_
7.8	66	[2]	αἴσθησιν	_	_
7.8	67	[3]	,	b	_
7.8	68	[2]	εἴτε	_	_
7.8	69	[1]	πρῶτον	_	_
7.8	70	[1]	αἰσθητικὸν	_	_
7.8	71	[1]	ἐθέλοις	_	_
7.8	72	[1]	ὀνομάζειν	_	_
7.8	73	[4]	,	b	_
7.8	74	[1]	οὐ	_	_
7.8	75	[1]	διοίσει	_	_
7.8	76	[3]	.	b	_
7.8	77	[3]	καὶ	_	_
7.8	78	[1]	ταύτην	_	_
7.8	79	[1]	ἔδειξεν	_	_
7.8	80	[1]	ὁ	_	_
7.8	81	[1]	πρόσθεν	_	_
7.8	82	[1]	λόγος	_	_
7.8	83	[1]	ἐγκέφαλον	_	_
7.8	84	[1]	οὖσαν	_	_
7.8	85	[5]	,	b	_
7.8	86	[1]	ἀφ	_	_
7.8	87	[3]	’	b	_
7.8	88	[1]	οὗ	_	_
7.8	89	[1]	πάντα	_	_
7.8	90	[1]	τὰ	_	_
7.8	91	[1]	μόρια	_	_
7.8	92	[1]	αἴσθησίν	_	_
7.8	93	[3]	τε	_	_
7.8	94	[4]	καὶ	_	_
7.8	95	[1]	κίνησιν	_	_
7.8	96	[1]	ἔχει	_	_
7.8	97	[6]	,	b	_
7.8	98	[1]	καθηκόντων	_	_
7.8	99	[1]	ἑτέρων	_	_
7.8	100	[3]	μὲν	_	_
7.8	101	[1]	νεύρων	_	_
7.8	102	[1]	εἰς	_	_
7.8	103	[2]	τὰ	_	_
7.8	104	[4]	τῶν	_	_
7.8	105	[1]	αἰσθήσεων	_	_
7.8	106	[1]	ὄργανα	_	_
7.8	107	[2]	διαγνώσεως	_	_
7.8	108	[1]	ἕνεκα	_	_
7.8	109	[5]	τῶν	_	_
7.8	110	[2]	αἰσθητῶν	_	_
7.8	111	[7]	,	b	_
7.8	112	[2]	ἑτέρων	_	_
7.8	113	[3]	δὲ	_	_
7.8	114	[6]	τῶν	_	_
7.8	115	[1]	κινούντων	_	_
7.8	116	[1]	αὐτὰ	_	_
7.8	117	[8]	,	b	_
7.8	118	[1]	τά	_	_
7.8	119	[1]	γε	_	_
7.8	120	[1]	κινεῖσθαι	_	_
7.8	121	[1]	δεόμενα	_	_
7.8	122	[9]	,	b	_
7.8	123	[1]	καθάπερ	_	_
7.8	124	[1]	ὀφθαλμούς	_	_
7.8	125	[4]	τε	_	_
7.8	126	[5]	καὶ	_	_
7.8	127	[1]	γλῶτταν	_	_
7.8	128	[6]	καὶ	_	_
7.8	129	[1]	ὦτα	_	_
7.8	130	[4]	.	b	_
7.8	131	[7]	καὶ	_	_
7.8	132	[1]	γὰρ	_	_
7.8	133	[2]	οὖν	_	_
7.8	134	[8]	καὶ	_	_
7.8	135	[1]	ταῦτα	_	_
7.8	136	[1]	τοῖς	_	_
7.8	137	[1]	πλείστοις	_	_
7.8	138	[7]	τῶν	_	_
7.8	139	[1]	ζώων	_	_
7.8	140	[1]	κινεῖται	_	_
7.8	141	[10]	,	b	_
7.8	142	[1]	μυῶν	_	_
7.8	143	[8]	τῶν	_	_
7.8	144	[1]	ἐν	_	_
7.8	145	[1]	τῇ	_	_
7.8	146	[1]	κεφαλῇ	_	_
7.8	147	[1]	περιλαμβανόντων	_	_
7.8	148	[2]	αὐτὰ	_	_
7.8	149	[11]	,	b	_
7.8	150	[2]	δι	_	_
7.8	151	[4]	’	b	_
7.8	152	[2]	ὧν	_	_
7.8	153	[1]	αἱ	_	_
7.8	154	[1]	καθ	_	_
7.8	155	[5]	’	b	_
7.8	156	[1]	ὁρμὴν	_	_
7.8	157	[1]	ἅπασαι	_	_
7.8	158	[1]	κινήσεις	_	_
7.8	159	[2]	τοῖς	_	_
7.8	160	[1]	ζώοις	_	_
7.8	161	[1]	εἰσίν	_	_
7.8	162	[5]	.	b	_
7.8	163	[2]	ἐξ	_	_
7.8	164	[3]	ὧν	_	_
7.8	165	[1]	ἁπάντων	_	_
7.8	166	[1]	μαρτυρεῖται	_	_
7.8	167	[12]	,	b	_
7.8	168	[1]	προσηκόντως	_	_
7.8	169	[1]	εἰρῆσθαι	_	_
7.8	170	[13]	,	b	_
7.8	171	[1]	τὸν	_	_
7.8	172	[2]	ἐγκέφαλον	_	_
7.8	173	[2]	ἀρχὴν	_	_
7.8	174	[1]	εἶναι	_	_
7.8	175	[1]	τοῦτο	_	_
7.8	176	[4]	μὲν	_	_
7.8	177	[2]	αἰσθήσεως	_	_
7.8	178	[1]	ἁπάσης	_	_
7.8	179	[3]	τοῖς	_	_
7.8	180	[2]	ζώοις	_	_
7.8	181	[14]	,	b	_
7.8	182	[2]	τοῦτο	_	_
7.8	183	[4]	δὲ	_	_
7.8	184	[5]	τῆς	_	_
7.8	185	[2]	καθ	_	_
7.8	186	[6]	’	b	_
7.8	187	[2]	ὁρμὴν	_	_
7.8	188	[1]	κινήσεως	_	_
7.8	189	[6]	.	b	_
7.8	190	[1]	εἰ	_	_
7.8	191	[1]	δέ	_	_
7.8	192	[2]	γε	_	_
7.8	193	[1]	μὴ	_	_
7.8	194	[1]	διὰ	_	_
7.8	195	[2]	ταῦτα	_	_
7.8	196	[15]	,	b	_
7.8	197	[1]	τίνος	_	_
7.8	198	[2]	ἕνεκα	_	_
7.8	199	[1]	ἄλλου	_	_
7.8	200	[1]	γέγονεν	_	_
7.8	201	[1]	;	b	_
7.8	202	[1]	ἢ	_	_
7.8	203	[1]	διότι	_	_
7.8	204	[1]	τὰς	_	_
7.8	205	[1]	μήνιγγας	_	_
7.8	206	[1]	ἔξωθεν	_	_
7.8	207	[1]	αὐτῷ	_	_
7.8	208	[1]	περιέτεινεν	_	_
7.8	209	[2]	ἡ	_	_
7.8	210	[1]	φύσις	_	_
7.8	211	[16]	,	b	_
7.8	212	[1]	εἴ	_	_
7.8	213	[1]	περ	_	_
7.8	214	[2]	ἐν	_	_
7.8	215	[1]	ἐκείναις	_	_
7.8	216	[1]	μέν	_	_
7.8	217	[1]	ἐστιν	_	_
7.8	218	[3]	ἡ	_	_
7.8	219	[6]	τῆς	_	_
7.8	220	[1]	ψυχῆς	_	_
7.8	221	[1]	ἀρχὴ	_	_
7.8	222	[17]	,	b	_
7.8	223	[1]	μάτην	_	_
7.8	224	[1]	ἐγκέφαλος	_	_
7.8	225	[1]	ἐγένετο	_	_
7.8	226	[2]	;	b	_
7.8	227	[2]	διὰ	_	_
7.8	228	[1]	τί	_	_
7.8	229	[2]	δ	_	_
7.8	230	[7]	’	b	_
7.8	231	[1]	ἑκάστη	_	_
7.8	232	[9]	τῶν	_	_
7.8	233	[1]	κοιλιῶν	_	_
7.8	234	[2]	αὐτοῦ	_	_
7.8	235	[1]	τιτρωσκομένη	_	_
7.8	236	[1]	κίνδυνον	_	_
7.8	237	[1]	ὀξύτατον	_	_
7.8	238	[1]	ἐπιφέρει	_	_
7.8	239	[3]	;	b	_
7.8	240	[3]	διὰ	_	_
7.8	241	[2]	τί	_	_
7.8	242	[3]	δ	_	_
7.8	243	[8]	’	b	_
7.8	244	[1]	ἀπ	_	_
7.8	245	[9]	’	b	_
7.8	246	[3]	αὐτοῦ	_	_
7.8	247	[2]	πάντα	_	_
7.8	248	[1]	πέφυκε	_	_
7.8	249	[3]	τὰ	_	_
7.8	250	[1]	νεῦρα	_	_
7.8	251	[9]	καὶ	_	_
7.8	252	[2]	ὁ	_	_
7.8	253	[1]	νωτιαῖος	_	_
7.8	254	[1]	μυελός	_	_
7.8	255	[4]	;	b	_
7.8	256	[1]	ὃς	_	_
7.8	257	[1]	ὅτι	_	_
7.8	258	[5]	μὲν	_	_
7.8	259	[1]	ἀποβλάστημα	_	_
7.8	260	[7]	τῆς	_	_
7.8	261	[1]	κατὰ	_	_
7.8	262	[2]	τὸν	_	_
7.8	263	[3]	ἐγκέφαλον	_	_
7.8	264	[1]	οὐσίας	_	_
7.8	265	[1]	ἐστὶν	_	_
7.8	266	[18]	,	b	_
7.8	267	[1]	ἐναργῶς	_	_
7.8	268	[1]	φαίνεται	_	_
7.8	269	[4]	διὰ	_	_
7.8	270	[10]	τῶν	_	_
7.8	271	[1]	ἀνατομῶν	_	_
7.8	272	[19]	,	b	_
7.8	273	[1]	ὡς	_	_
7.8	274	[1]	μηδὲ	_	_
7.8	275	[1]	τοὺς	_	_
7.8	276	[1]	μαγείρους	_	_
7.8	277	[1]	ἀγνοεῖν	_	_
7.8	278	[7]	.	b	_
7.8	279	[1]	ὁποίαν	_	_
7.8	280	[2]	δέ	_	_
7.8	281	[1]	τινα	_	_
7.8	282	[3]	τὴν	_	_
7.8	283	[1]	δύναμιν	_	_
7.8	284	[2]	ἔχει	_	_
7.8	285	[20]	,	b	_
7.8	286	[1]	μάθοις	_	_
7.8	287	[1]	ἂν	_	_
7.8	288	[1]	ῥᾳδίως	_	_
7.8	289	[21]	,	b	_
7.8	290	[2]	εἰ	_	_
7.8	291	[1]	πρότερον	_	_
7.8	292	[6]	μὲν	_	_
7.8	293	[1]	ἐπὶ	_	_
7.8	294	[4]	τὴν	_	_
7.8	295	[1]	ἀνατομὴν	_	_
7.8	296	[1]	ἀφικόμενος	_	_
7.8	297	[1]	ἴδοις	_	_
7.8	298	[2]	ἀπ	_	_
7.8	299	[10]	’	b	_
7.8	300	[4]	αὐτοῦ	_	_
7.8	301	[2]	νεῦρα	_	_
7.8	302	[1]	φυόμενα	_	_
7.8	303	[3]	τὸν	_	_
7.8	304	[1]	ἀριθμὸν	_	_
7.8	305	[1]	ἑξήκοντά	_	_
7.8	306	[1]	που	_	_
7.8	307	[22]	,	b	_
7.8	308	[1]	καταμάθοις	_	_
7.8	309	[4]	δ	_	_
7.8	310	[11]	’	b	_
7.8	311	[1]	ἑκάστου	_	_
7.8	312	[5]	τὴν	_	_
7.8	313	[1]	χρείαν	_	_
7.8	314	[23]	,	b	_
7.8	315	[1]	ἐνδειξαμένης	_	_
7.8	316	[8]	τῆς	_	_
7.8	317	[1]	κατασκευῆς	_	_
7.8	318	[2]	αὐτῶν	_	_
7.8	319	[1]	ἅμα	_	_
7.8	320	[4]	τοῖς	_	_
7.8	321	[1]	γιγνομένοις	_	_
7.8	322	[1]	πάθεσιν	_	_
7.8	323	[2]	ἐπὶ	_	_
7.8	324	[1]	ταῖς	_	_
7.8	325	[1]	τομαῖς	_	_
7.8	326	[8]	.	b	_
7.8	327	[4]	ἡ	_	_
7.8	328	[2]	μέν	_	_
7.8	329	[3]	γε	_	_
7.8	330	[1]	κατασκευὴ	_	_
7.8	331	[1]	παραπλησία	_	_
7.8	332	[5]	τοῖς	_	_
7.8	333	[3]	ἀπ	_	_
7.8	334	[12]	’	b	_
7.8	335	[1]	ἐγκεφάλου	_	_
7.8	336	[1]	φυομένοις	_	_
7.8	337	[24]	,	b	_
7.8	338	[9]	τῆς	_	_
7.8	339	[7]	μὲν	_	_
7.8	340	[1]	οἷον	_	_
7.8	341	[1]	ἐντεριώνης	_	_
7.8	342	[2]	ἑκάστου	_	_
7.8	343	[11]	τῶν	_	_
7.8	344	[2]	νεύρων	_	_
7.8	345	[4]	ἀπ	_	_
7.8	346	[13]	’	b	_
7.8	347	[5]	αὐτοῦ	_	_
7.8	348	[1]	τοῦ	_	_
7.8	349	[1]	νωτιαίου	_	_
7.8	350	[1]	βλαστανούσης	_	_
7.8	351	[25]	,	b	_
7.8	352	[3]	ἐν	_	_
7.8	353	[1]	κύκλῳ	_	_
7.8	354	[5]	δ	_	_
7.8	355	[14]	’	b	_
7.8	356	[1]	αὐτὸ	_	_
7.8	357	[12]	τῶν	_	_
7.8	358	[1]	μηνίγγων	_	_
7.8	359	[1]	περιλαμβανουσῶν	_	_
7.8	360	[9]	.	b	_
7.8	361	[3]	ἔχει	_	_
7.8	362	[2]	γὰρ	_	_
7.8	363	[1]	δὴ	_	_
7.8	364	[10]	καὶ	_	_
7.8	365	[3]	ὁ	_	_
7.8	366	[2]	νωτιαῖος	_	_
7.8	367	[1]	ὁμοίως	_	_
7.8	368	[1]	ἐγκεφάλῳ	_	_
7.8	369	[2]	τὰς	_	_
7.8	370	[2]	μήνιγγας	_	_
7.8	371	[3]	ἕνεκα	_	_
7.8	372	[10]	τῆς	_	_
7.8	373	[1]	αὐτῆς	_	_
7.8	374	[1]	χρείας	_	_
7.8	375	[26]	,	b	_
7.8	376	[1]	ἃς	_	_
7.8	377	[3]	εἰ	_	_
7.8	378	[11]	καὶ	_	_
7.8	379	[1]	περιέλοις	_	_
7.8	380	[3]	ἑκάστου	_	_
7.8	381	[13]	τῶν	_	_
7.8	382	[1]	ἀποφυομένων	_	_
7.8	383	[3]	νεύρων	_	_
7.8	384	[27]	,	b	_
7.8	385	[1]	οὐδὲν	_	_
7.8	386	[1]	βλάπτεται	_	_
7.8	387	[3]	τὸ	_	_
7.8	388	[1]	μέλος	_	_
7.8	389	[28]	,	b	_
7.8	390	[2]	εἰς	_	_
7.8	391	[1]	ὃ	_	_
7.8	392	[4]	τὸ	_	_
7.8	393	[1]	νεῦρον	_	_
7.8	394	[1]	ἐμφύεται	_	_
7.8	395	[29]	,	b	_
7.8	396	[1]	μαρτυροῦντος	_	_
7.8	397	[12]	καὶ	_	_
7.8	398	[1]	τοῦδε	_	_
7.8	399	[2]	τοῦ	_	_
7.8	400	[1]	φαινομένου	_	_
7.8	401	[30]	,	b	_
7.8	402	[1]	σκεπάσματα	_	_
7.8	403	[8]	μὲν	_	_
7.8	404	[2]	εἶναι	_	_
7.8	405	[3]	τὰς	_	_
7.8	406	[3]	μήνιγγας	_	_
7.8	407	[2]	ἐγκεφάλου	_	_
7.8	408	[5]	τε	_	_
7.8	409	[13]	καὶ	_	_
7.8	410	[2]	νωτιαίου	_	_
7.8	411	[31]	,	b	_
7.8	412	[6]	τὴν	_	_
7.8	413	[5]	δὲ	_	_
7.8	414	[11]	τῆς	_	_
7.8	415	[1]	αἰσθήσεώς	_	_
7.8	416	[6]	τε	_	_
7.8	417	[14]	καὶ	_	_
7.8	418	[2]	κινήσεως	_	_
7.8	419	[2]	δύναμιν	_	_
7.8	420	[4]	ἐν	_	_
7.8	421	[6]	τοῖς	_	_
7.8	422	[1]	ὑπ	_	_
7.8	423	[15]	’	b	_
7.8	424	[3]	αὐτῶν	_	_
7.8	425	[1]	περιεχομένοις	_	_
7.8	426	[1]	ὑπάρχειν	_	_
7.8	427	[10]	.	b	_
7.8	428	[1]	ὅταν	_	_
7.8	429	[3]	οὖν	_	_
7.8	430	[1]	διατέμῃς	_	_
7.8	431	[7]	τὴν	_	_
7.8	432	[1]	ἐντεριώνην	_	_
7.8	433	[3]	τοῦ	_	_
7.8	434	[1]	νεύρου	_	_
7.8	435	[32]	,	b	_
7.8	436	[1]	παραχρῆμα	_	_
7.8	437	[5]	τὸ	_	_
7.8	438	[2]	μέλος	_	_
7.8	439	[33]	,	b	_
7.8	440	[3]	εἰς	_	_
7.8	441	[2]	ὃ	_	_
7.8	442	[6]	τὸ	_	_
7.8	443	[2]	νεῦρον	_	_
7.8	444	[1]	ἀφικνεῖται	_	_
7.8	445	[34]	,	b	_
7.8	446	[2]	φαίνεται	_	_
7.8	447	[1]	παντάπασιν	_	_
7.8	448	[1]	ἀναίσθητόν	_	_
7.8	449	[7]	τε	_	_
7.8	450	[15]	καὶ	_	_
7.8	451	[1]	ἀκίνητον	_	_
7.8	452	[11]	.	b	_
7.8	453	[2]	ὅτι	_	_
7.8	454	[6]	δὲ	_	_
7.8	455	[16]	καὶ	_	_
7.8	456	[4]	ὁ	_	_
7.8	457	[3]	νωτιαῖος	_	_
7.8	458	[1]	αὐτὸς	_	_
7.8	459	[5]	ἀπ	_	_
7.8	460	[16]	’	b	_
7.8	461	[3]	ἐγκεφάλου	_	_
7.8	462	[8]	τὴν	_	_
7.8	463	[3]	ἀρχὴν	_	_
7.8	464	[4]	ἔχει	_	_
7.8	465	[14]	τῶν	_	_
7.8	466	[1]	δυνάμεων	_	_
7.8	467	[35]	,	b	_
7.8	468	[1]	εὔδηλον	_	_
7.8	469	[3]	ἐκ	_	_
7.8	470	[4]	τοῦ	_	_
7.8	471	[36]	,	b	_
7.8	472	[1]	διατμηθέντος	_	_
7.8	473	[6]	αὐτοῦ	_	_
7.8	474	[3]	καθ	_	_
7.8	475	[17]	’	b	_
7.8	476	[1]	ὁτιοῦν	_	_
7.8	477	[1]	μέρος	_	_
7.8	478	[37]	,	b	_
7.8	479	[1]	ὅσον	_	_
7.8	480	[9]	μὲν	_	_
7.8	481	[1]	ἀνωτέρω	_	_
7.8	482	[12]	τῆς	_	_
7.8	483	[1]	τομῆς	_	_
7.8	484	[2]	ἐστιν	_	_
7.8	485	[38]	,	b	_
7.8	486	[1]	ὑγιὲς	_	_
7.8	487	[1]	διαφυλάττεσθαι	_	_
7.8	488	[39]	,	b	_
7.8	489	[5]	τοῦ	_	_
7.8	490	[1]	κατωτέρω	_	_
7.8	491	[7]	δὲ	_	_
7.8	492	[9]	τὴν	_	_
7.8	493	[3]	αἴσθησιν	_	_
7.8	494	[1]	ἀπόλλυσθαι	_	_
7.8	495	[2]	παραχρῆμα	_	_
7.8	496	[17]	καὶ	_	_
7.8	497	[10]	τὴν	_	_
7.8	498	[2]	κίνησιν	_	_
7.8	499	[40]	,	b	_
7.8	500	[2]	ἁπάντων	_	_
7.8	501	[15]	τῶν	_	_
7.8	502	[6]	ἀπ	_	_
7.8	503	[18]	’	b	_
7.8	504	[7]	αὐτοῦ	_	_
7.8	505	[1]	λαμβανόντων	_	_
7.8	506	[4]	τὰ	_	_
7.8	507	[3]	νεῦρα	_	_
7.8	508	[2]	μυῶν	_	_
7.8	509	[1]	ἀναισθήτων	_	_
7.8	510	[8]	τε	_	_
7.8	511	[18]	καὶ	_	_
7.8	512	[1]	ἀκινήτων	_	_
7.8	513	[1]	γιγνομένων	_	_
7.8	514	[12]	.	b	_
7.8	515	[1]	Ἐρασίστρατος	_	_
7.8	516	[10]	μὲν	_	_
7.8	517	[4]	οὖν	_	_
7.8	518	[41]	,	b	_
7.8	519	[4]	εἰ	_	_
7.8	520	[19]	καὶ	_	_
7.8	521	[2]	μὴ	_	_
7.8	522	[2]	πρόσθεν	_	_
7.8	523	[42]	,	b	_
7.8	524	[1]	ἀλλ	_	_
7.8	525	[19]	’	b	_
7.8	526	[3]	ἐπὶ	_	_
7.8	527	[1]	γήρως	_	_
7.8	528	[4]	γε	_	_
7.8	529	[11]	τὴν	_	_
7.8	530	[1]	ἀληθῆ	_	_
7.8	531	[16]	τῶν	_	_
7.8	532	[4]	νεύρων	_	_
7.8	533	[4]	ἀρχὴν	_	_
7.8	534	[1]	κατενόησεν	_	_
7.8	535	[13]	.	b	_
7.8	536	[1]	Ἀριστοτέλης	_	_
7.8	537	[8]	δὲ	_	_
7.8	538	[43]	,	b	_
7.8	539	[1]	μέχρι	_	_
7.8	540	[1]	παντὸς	_	_
7.8	541	[1]	ἀγνοήσας	_	_
7.8	542	[44]	,	b	_
7.8	543	[1]	εἰκότως	_	_
7.8	544	[1]	ἀπορεῖ	_	_
7.8	545	[2]	χρείαν	_	_
7.8	546	[1]	εἰπεῖν	_	_
7.8	547	[4]	ἐγκεφάλου	_	_
7.8	548	[14]	.	b	_
7.8	549	[1]	τίνα	_	_
7.8	550	[6]	δ	_	_
7.8	551	[20]	’	b	_
7.8	552	[2]	ἐστὶν	_	_
7.8	553	[45]	,	b	_
7.8	554	[1]	ἃ	_	_
7.8	555	[1]	λέγει	_	_
7.8	556	[46]	,	b	_
7.8	557	[20]	καὶ	_	_
7.8	558	[1]	ὅπως	_	_
7.8	559	[1]	ἐξελέγχεται	_	_
7.8	560	[47]	,	b	_
7.8	561	[1]	μαθεῖν	_	_
7.8	562	[1]	ἔνεστί	_	_
7.8	563	[1]	σοι	_	_
7.8	564	[7]	τὸ	_	_
7.8	565	[1]	περὶ	_	_
7.8	566	[2]	χρείας	_	_
7.8	567	[1]	μορίων	_	_
7.8	568	[1]	ὄγδοον	_	_
7.8	569	[1]	ὑπόμνημα	_	_
7.8	570	[13]	τῆς	_	_
7.8	571	[1]	ἡμετέρας	_	_
7.8	572	[1]	πραγματείας	_	_
7.8	573	[1]	ἀναγνόντι	_	_
7.8	574	[48]	,	b	_
7.8	575	[2]	καθάπερ	_	_
7.8	576	[5]	γε	_	_
7.8	577	[21]	καὶ	_	_
7.8	578	[3]	ὅτι	_	_
7.8	579	[1]	τούτων	_	_
7.8	580	[3]	ἁπάντων	_	_
7.8	581	[17]	τῶν	_	_
7.8	582	[1]	δογμάτων	_	_
7.8	583	[4]	ὧν	_	_
7.8	584	[1]	διῆλθον	_	_
7.8	585	[1]	Ἱπποκράτης	_	_
7.8	586	[3]	ἐστὶν	_	_
7.8	587	[1]	ἡγεμὼν	_	_
7.8	588	[49]	,	b	_
7.8	589	[5]	ἐν	_	_
7.8	590	[1]	ἄλλοις	_	_
7.8	591	[1]	τέ	_	_
7.8	592	[1]	τισι	_	_
7.8	593	[1]	κᾀν	_	_
7.8	594	[7]	τοῖς	_	_
7.8	595	[2]	περὶ	_	_
7.8	596	[1]	Ἱπποκράτους	_	_
7.8	597	[1]	ἀνατομῆς	_	_
7.8	598	[1]	ὑπομνήμασι	_	_
7.8	599	[1]	δέδεικται	_	_
7.8	600	[15]	.	b	_
7.8	601	[1]	διὸ	_	_
7.8	602	[22]	καὶ	_	_
7.8	603	[1]	νῦν	_	_
7.8	604	[2]	οὐ	_	_
7.8	605	[1]	γέγραφα	_	_
7.8	606	[4]	τὰς	_	_
7.8	607	[1]	ῥήσεις	_	_
7.8	608	[50]	,	b	_
7.8	609	[1]	ὥσπερ	_	_
7.8	610	[5]	τὰς	_	_
7.8	611	[1]	Πλάτωνος	_	_
7.8	612	[51]	,	b	_
7.8	613	[2]	ὅπως	_	_
7.8	614	[3]	μὴ	_	_
7.8	615	[1]	δὶς	_	_
7.8	616	[1]	ὑπὲρ	_	_
7.8	617	[18]	τῶν	_	_
7.8	618	[4]	αὐτῶν	_	_
7.8	619	[1]	λέγοιμι	_	_
7.8	620	[16]	.	b	_
7.8	621	[19]	τῶν	_	_
7.8	622	[2]	Πλάτωνος	_	_
7.8	623	[9]	δὲ	_	_
7.8	624	[1]	κατ	_	_
7.8	625	[21]	’	b	_
7.8	626	[1]	ἄλλην	_	_
7.8	627	[1]	οὐδεμίαν	_	_
7.8	628	[1]	μεμνημονευκὼς	_	_
7.8	629	[1]	πραγματείαν	_	_
7.8	630	[52]	,	b	_
7.8	631	[2]	εἰκότως	_	_
7.8	632	[6]	ἐν	_	_
7.8	633	[1]	τῇδε	_	_
7.8	634	[1]	παρεθέμην	_	_
7.8	635	[17]	.	b	_
8.1	1	[1]	ΓΑΛΗΝΟΥ	_	_
8.1	2	[1]	ΠΕΡΙ	_	_
8.1	3	[1]	ΤΩΝ	_	_
8.1	4	[1]	ΚΑΘ	_	_
8.1	5	[1]	’	b	_
8.1	6	[1]	ΠΙΠΟΚΡΑΤΗΝ	_	_
8.1	7	[1]	ΚΑΙ	_	_
8.1	8	[1]	ΠΛΑΤΩΝΑ	_	_
8.1	9	[1]	ΔΟΓΜΑΤΩΝ	_	_
8.1	10	[1]	ΒΙΒΛΙΟΝ	_	_
8.1	11	[1]	ΟΓΔΟΟΝ	_	_
8.1	12	[1]	.	b	_
8.1	13	[1]	Περὶ	_	_
8.1	14	[1]	τῶν	_	_
8.1	15	[1]	Ἱπποκράτους	_	_
8.1	16	[1]	καὶ	_	_
8.1	17	[1]	Πλάτωνος	_	_
8.1	18	[1]	δογμάτων	_	_
8.1	19	[1]	ἐπισκέψασθαι	_	_
8.1	20	[1]	προθέμενοι	_	_
8.1	21	[1]	,	b	_
8.1	22	[1]	πρῶτον	_	_
8.1	23	[1]	μὲν	_	_
8.1	24	[1]	ἐδιδάξαμεν	_	_
8.1	25	[2]	,	b	_
8.1	26	[1]	ἀναγκαιότατον	_	_
8.1	27	[1]	ὑπάρχειν	_	_
8.1	28	[1]	ἰατρικῇ	_	_
8.1	29	[1]	τε	_	_
8.1	30	[2]	καὶ	_	_
8.1	31	[1]	φιλοσοφίᾳ	_	_
8.1	32	[3]	,	b	_
8.1	33	[1]	εἴτε	_	_
8.1	34	[1]	πλείους	_	_
8.1	35	[1]	εἰσὶ	_	_
8.1	36	[1]	δυνάμεις	_	_
8.1	37	[1]	αἱ	_	_
8.1	38	[1]	διοικοῦσαι	_	_
8.1	39	[1]	τὸν	_	_
8.1	40	[1]	ἄνθρωπον	_	_
8.1	41	[4]	,	b	_
8.1	42	[2]	εἴτε	_	_
8.1	43	[1]	μία	_	_
8.1	44	[5]	,	b	_
8.1	45	[1]	βεβαίως	_	_
8.1	46	[1]	ἐξευρεῖν	_	_
8.1	47	[1]	·	b	_
8.1	48	[1]	ἐφεξῆς	_	_
8.1	49	[1]	δ	_	_
8.1	50	[2]	’	b	_
8.1	51	[1]	ἐπὶ	_	_
8.1	52	[1]	τὴν	_	_
8.1	53	[1]	ζήτησιν	_	_
8.1	54	[1]	αὐτῶν	_	_
8.1	55	[1]	τραπόμενοι	_	_
8.1	56	[1]	κατὰ	_	_
8.1	57	[2]	τὸν	_	_
8.1	58	[1]	ἀποδεικτικὸν	_	_
8.1	59	[1]	νόμον	_	_
8.1	60	[6]	,	b	_
8.1	61	[1]	ἔννοιαν	_	_
8.1	62	[1]	ὁμολογουμένην	_	_
8.1	63	[1]	ἔφαμεν	_	_
8.1	64	[1]	εἶναι	_	_
8.1	65	[1]	τοῦ	_	_
8.1	66	[1]	τῆς	_	_
8.1	67	[1]	ψυχῆς	_	_
8.1	68	[1]	ἡγεμονικοῦ	_	_
8.1	69	[1]	τὸ	_	_
8.1	70	[1]	κατάρχον	_	_
8.1	71	[1]	αἰσθήσεώς	_	_
8.1	72	[2]	τε	_	_
8.1	73	[3]	καὶ	_	_
8.1	74	[1]	κινήσεως	_	_
8.1	75	[2]	τῆς	_	_
8.1	76	[2]	κατὰ	_	_
8.1	77	[1]	προαίρεσιν	_	_
8.1	78	[7]	,	b	_
8.1	79	[1]	οὐδὲν	_	_
8.1	80	[1]	ὡς	_	_
8.1	81	[1]	πρὸς	_	_
8.1	82	[1]	τὰ	_	_
8.1	83	[1]	παρόντα	_	_
8.1	84	[1]	διαφέροντος	_	_
8.1	85	[8]	,	b	_
8.1	86	[1]	ἢ	_	_
8.1	87	[3]	κατὰ	_	_
8.1	88	[2]	προαίρεσιν	_	_
8.1	89	[9]	,	b	_
8.1	90	[2]	ἢ	_	_
8.1	91	[1]	καθ	_	_
8.1	92	[3]	’	b	_
8.1	93	[1]	ὁρμὴν	_	_
8.1	94	[1]	εἰπεῖν	_	_
8.1	95	[2]	.	b	_
8.1	96	[1]	εὔδηλον	_	_
8.1	97	[1]	δὲ	_	_
8.1	98	[10]	,	b	_
8.1	99	[1]	ὅτι	_	_
8.1	100	[1]	ἕτεραι	_	_
8.1	101	[1]	μέν	_	_
8.1	102	[1]	εἰσιν	_	_
8.1	103	[2]	αἱ	_	_
8.1	104	[1]	κινήσεις	_	_
8.1	105	[1]	ἐκτεινόντων	_	_
8.1	106	[3]	τε	_	_
8.1	107	[4]	καὶ	_	_
8.1	108	[1]	συστελλόντων	_	_
8.1	109	[2]	τὰ	_	_
8.1	110	[1]	κῶλα	_	_
8.1	111	[11]	,	b	_
8.1	112	[1]	βαδιζόντων	_	_
8.1	113	[4]	τε	_	_
8.1	114	[5]	καὶ	_	_
8.1	115	[1]	τρεχόντων	_	_
8.1	116	[12]	,	b	_
8.1	117	[1]	ἑστώτων	_	_
8.1	118	[5]	τε	_	_
8.1	119	[6]	καὶ	_	_
8.1	120	[1]	καθημένων	_	_
8.1	121	[13]	,	b	_
8.1	122	[1]	ὅσα	_	_
8.1	123	[1]	τ	_	_
8.1	124	[4]	’	b	_
8.1	125	[1]	ἄλλα	_	_
8.1	126	[1]	τοιαῦτα	_	_
8.1	127	[1]	πραττόντων	_	_
8.1	128	[14]	,	b	_
8.1	129	[2]	ἕτεραι	_	_
8.1	130	[2]	δ	_	_
8.1	131	[5]	’	b	_
8.1	132	[3]	αἱ	_	_
8.1	133	[4]	κατὰ	_	_
8.1	134	[2]	τὴν	_	_
8.1	135	[1]	καρδίαν	_	_
8.1	136	[6]	τε	_	_
8.1	137	[7]	καὶ	_	_
8.1	138	[1]	τὰς	_	_
8.1	139	[1]	ἀρτηρίας	_	_
8.1	140	[15]	,	b	_
8.1	141	[1]	οὐ	_	_
8.1	142	[5]	κατὰ	_	_
8.1	143	[3]	τὴν	_	_
8.1	144	[1]	ἡμετέραν	_	_
8.1	145	[3]	προαίρεσιν	_	_
8.1	146	[1]	ἀποτελούμεναι	_	_
8.1	147	[16]	,	b	_
8.1	148	[1]	καθάπερ	_	_
8.1	149	[8]	καὶ	_	_
8.1	150	[1]	τρίτον	_	_
8.1	151	[1]	ἄλλο	_	_
8.1	152	[1]	γένος	_	_
8.1	153	[1]	κινήσεων	_	_
8.1	154	[17]	,	b	_
8.1	155	[4]	αἱ	_	_
8.1	156	[1]	περὶ	_	_
8.1	157	[4]	τὴν	_	_
8.1	158	[3]	τῆς	_	_
8.1	159	[1]	τροφῆς	_	_
8.1	160	[1]	οἰκονομίαν	_	_
8.1	161	[3]	.	b	_
8.1	162	[1]	ἀλλ	_	_
8.1	163	[6]	’	b	_
8.1	164	[1]	ἀπό	_	_
8.1	165	[1]	γε	_	_
8.1	166	[2]	τῶν	_	_
8.1	167	[1]	προαιρετικῶν	_	_
8.1	168	[1]	ἀρξάμενοι	_	_
8.1	169	[18]	,	b	_
8.1	170	[2]	καθ	_	_
8.1	171	[7]	’	b	_
8.1	172	[1]	ἃς	_	_
8.1	173	[9]	καὶ	_	_
8.1	174	[2]	τὸ	_	_
8.1	175	[1]	καλούμενον	_	_
8.1	176	[1]	ἰδίως	_	_
8.1	177	[1]	ἡγεμονικόν	_	_
8.1	178	[1]	ἐστι	_	_
8.1	179	[4]	τῆς	_	_
8.1	180	[2]	ψυχῆς	_	_
8.1	181	[19]	,	b	_
8.1	182	[1]	ἕνα	_	_
8.1	183	[1]	λόγον	_	_
8.1	184	[1]	ἐδείκνυμεν	_	_
8.1	185	[1]	ἠρωτῆσθαι	_	_
8.1	186	[1]	μόνον	_	_
8.1	187	[1]	ἐπιστημονικῶς	_	_
8.1	188	[20]	,	b	_
8.1	189	[1]	ἀπ	_	_
8.1	190	[8]	’	b	_
8.1	191	[1]	αὐτοῦ	_	_
8.1	192	[2]	τοῦ	_	_
8.1	193	[1]	ζητουμένου	_	_
8.1	194	[5]	τῆς	_	_
8.1	195	[1]	οὐσίας	_	_
8.1	196	[1]	ἔχοντα	_	_
8.1	197	[2]	τὰς	_	_
8.1	198	[1]	προτάσεις	_	_
8.1	199	[21]	,	b	_
8.1	200	[1]	ὄντα	_	_
8.1	201	[1]	τοιοῦτον	_	_
8.1	202	[2]	·	b	_
8.1	203	[1]	ὅπου	_	_
8.1	204	[3]	τῶν	_	_
8.1	205	[1]	νεύρων	_	_
8.1	206	[1]	ἡ	_	_
8.1	207	[1]	ἀρχὴ	_	_
8.1	208	[22]	,	b	_
8.1	209	[1]	ἐνταῦθα	_	_
8.1	210	[10]	καὶ	_	_
8.1	211	[3]	τὸ	_	_
8.1	212	[6]	τῆς	_	_
8.1	213	[3]	ψυχῆς	_	_
8.1	214	[2]	ἡγεμονικόν	_	_
8.1	215	[4]	.	b	_
8.1	216	[1]	αὕτη	_	_
8.1	217	[2]	μὲν	_	_
8.1	218	[2]	ἡ	_	_
8.1	219	[3]	τοῦ	_	_
8.1	220	[1]	λόγου	_	_
8.1	221	[1]	κυριωτάτη	_	_
8.1	222	[1]	πρότασις	_	_
8.1	223	[1]	ὡμολογημένη	_	_
8.1	224	[1]	πᾶσιν	_	_
8.1	225	[1]	ἰατροῖς	_	_
8.1	226	[7]	τε	_	_
8.1	227	[11]	καὶ	_	_
8.1	228	[1]	φιλοσόφοις	_	_
8.1	229	[5]	.	b	_
8.1	230	[3]	ἡ	_	_
8.1	231	[3]	δ	_	_
8.1	232	[9]	’	b	_
8.1	233	[1]	οἷον	_	_
8.1	234	[1]	πρόσληψις	_	_
8.1	235	[1]	αὐτῆς	_	_
8.1	236	[1]	ἀληθὴς	_	_
8.1	237	[3]	μὲν	_	_
8.1	238	[23]	,	b	_
8.1	239	[4]	ἡ	_	_
8.1	240	[2]	ἀρχὴ	_	_
8.1	241	[4]	τῶν	_	_
8.1	242	[2]	νεύρων	_	_
8.1	243	[1]	ἐν	_	_
8.1	244	[1]	τῷ	_	_
8.1	245	[1]	ἐγκεφάλῳ	_	_
8.1	246	[24]	,	b	_
8.1	247	[1]	ψευδὴς	_	_
8.1	248	[2]	δὲ	_	_
8.1	249	[25]	,	b	_
8.1	250	[5]	ἡ	_	_
8.1	251	[3]	ἀρχὴ	_	_
8.1	252	[5]	τῶν	_	_
8.1	253	[3]	νεύρων	_	_
8.1	254	[2]	ἐν	_	_
8.1	255	[1]	τῇ	_	_
8.1	256	[1]	καρδίᾳ	_	_
8.1	257	[26]	,	b	_
8.1	258	[1]	γράφειν	_	_
8.1	259	[4]	μὲν	_	_
8.1	260	[1]	ταύτην	_	_
8.1	261	[5]	τὴν	_	_
8.1	262	[1]	πρότασιν	_	_
8.1	263	[3]	ἢ	_	_
8.1	264	[12]	καὶ	_	_
8.1	265	[1]	λέγειν	_	_
8.1	266	[1]	τοῖς	_	_
8.1	267	[1]	ἀπείροις	_	_
8.1	268	[1]	ἀνατομῆς	_	_
8.1	269	[1]	δυναμένου	_	_
8.1	270	[1]	τινὸς	_	_
8.1	271	[27]	,	b	_
8.1	272	[2]	οὐ	_	_
8.1	273	[1]	μὴν	_	_
8.1	274	[1]	δεῖξαί	_	_
8.1	275	[2]	γε	_	_
8.1	276	[2]	δυναμένου	_	_
8.1	277	[6]	.	b	_
8.1	278	[1]	πάντα	_	_
8.1	279	[1]	γὰρ	_	_
8.1	280	[3]	ἐν	_	_
8.1	281	[2]	τοῖς	_	_
8.1	282	[1]	ζώοις	_	_
8.1	283	[3]	τὰ	_	_
8.1	284	[1]	μόρια	_	_
8.1	285	[4]	νεύρων	_	_
8.1	286	[1]	μετέχει	_	_
8.1	287	[28]	,	b	_
8.1	288	[4]	τὰ	_	_
8.1	289	[5]	μὲν	_	_
8.1	290	[1]	ἄντικρυς	_	_
8.1	291	[1]	ἐξ	_	_
8.1	292	[1]	ἐγκεφάλου	_	_
8.1	293	[1]	παραγιγνομένων	_	_
8.1	294	[1]	εἰς	_	_
8.1	295	[1]	αὐτὰ	_	_
8.1	296	[29]	,	b	_
8.1	297	[5]	τὰ	_	_
8.1	298	[3]	δὲ	_	_
8.1	299	[1]	διὰ	_	_
8.1	300	[1]	μέσου	_	_
8.1	301	[4]	τοῦ	_	_
8.1	302	[1]	νωτιαίου	_	_
8.1	303	[7]	.	b	_
8.1	304	[1]	πρῶτοι	_	_
8.1	305	[1]	οὖν	_	_
8.1	306	[1]	μακρολογίας	_	_
8.1	307	[1]	αἴτιοι	_	_
8.1	308	[1]	κατέστησαν	_	_
8.1	309	[1]	οἱ	_	_
8.1	310	[1]	καταψευσάμενοι	_	_
8.1	311	[6]	τῶν	_	_
8.1	312	[1]	φαινομένων	_	_
8.1	313	[30]	,	b	_
8.1	314	[1]	οὐχ	_	_
8.1	315	[1]	Ἱπποκράτης	_	_
8.1	316	[31]	,	b	_
8.1	317	[4]	ἢ	_	_
8.1	318	[1]	Ἐρασίστρατος	_	_
8.1	319	[32]	,	b	_
8.1	320	[5]	ἢ	_	_
8.1	321	[1]	Εὔδημος	_	_
8.1	322	[33]	,	b	_
8.1	323	[6]	ἢ	_	_
8.1	324	[1]	Ἡρόφιλος	_	_
8.1	325	[34]	,	b	_
8.1	326	[7]	ἢ	_	_
8.1	327	[1]	Μαρῖνος	_	_
8.1	328	[35]	,	b	_
8.1	329	[2]	οἱ	_	_
8.1	330	[1]	μετὰ	_	_
8.1	331	[1]	τοὺς	_	_
8.1	332	[1]	παλαιοὺς	_	_
8.1	333	[4]	ἐν	_	_
8.1	334	[2]	τῷ	_	_
8.1	335	[1]	μεταξὺ	_	_
8.1	336	[1]	χρόνῳ	_	_
8.1	337	[6]	τὴν	_	_
8.1	338	[1]	ἀνατομικὴν	_	_
8.1	339	[1]	θεωρίαν	_	_
8.1	340	[1]	ἠμελημένην	_	_
8.1	341	[1]	ἀνακτησάμενοι	_	_
8.1	342	[3]	·	b	_
8.1	343	[2]	ὡς	_	_
8.1	344	[36]	,	b	_
8.1	345	[1]	εἴ	_	_
8.1	346	[3]	γε	_	_
8.1	347	[4]	τὸ	_	_
8.1	348	[1]	φαινόμενον	_	_
8.1	349	[1]	ἐκ	_	_
8.1	350	[7]	τῆς	_	_
8.1	351	[2]	ἀνατομῆς	_	_
8.1	352	[1]	εἶπον	_	_
8.1	353	[37]	,	b	_
8.1	354	[1]	οὐκ	_	_
8.1	355	[1]	ἂν	_	_
8.1	356	[1]	ἐμακρολογοῦμεν	_	_
8.1	357	[38]	,	b	_
8.1	358	[1]	δι	_	_
8.1	359	[10]	’	b	_
8.1	360	[1]	ἀποδείξεως	_	_
8.1	361	[1]	μιᾶς	_	_
8.1	362	[1]	εὑρημένου	_	_
8.1	363	[5]	τοῦ	_	_
8.1	364	[2]	ζητουμένου	_	_
8.1	365	[8]	.	b	_
8.1	366	[1]	μακροτέρων	_	_
8.1	367	[2]	οὖν	_	_
8.1	368	[1]	λόγων	_	_
8.1	369	[1]	ἐδεήθημεν	_	_
8.1	370	[1]	εὐθὺς	_	_
8.1	371	[5]	ἐν	_	_
8.1	372	[3]	τῷ	_	_
8.1	373	[1]	πρώτῳ	_	_
8.1	374	[1]	βιβλίῳ	_	_
8.1	375	[2]	διὰ	_	_
8.1	376	[2]	τοὺς	_	_
8.1	377	[39]	,	b	_
8.1	378	[1]	ἃ	_	_
8.1	379	[1]	μηδ	_	_
8.1	380	[11]	’	b	_
8.1	381	[1]	ὅλως	_	_
8.1	382	[1]	εἶδον	_	_
8.1	383	[40]	,	b	_
8.1	384	[3]	ὡς	_	_
8.1	385	[1]	ἀκριβῶς	_	_
8.1	386	[1]	ἰδόντας	_	_
8.1	387	[1]	ἐπιχειρήσαντας	_	_
8.1	388	[2]	γράφειν	_	_
8.1	389	[41]	,	b	_
8.1	390	[1]	ἠναγκάσθημέν	_	_
8.1	391	[8]	τε	_	_
8.1	392	[13]	καὶ	_	_
8.1	393	[5]	νεύρων	_	_
8.1	394	[14]	καὶ	_	_
8.1	395	[1]	ἀρτηριῶν	_	_
8.1	396	[1]	ἀνατομὴν	_	_
8.1	397	[2]	ἐπὶ	_	_
8.1	398	[1]	κεφαλαίων	_	_
8.1	399	[6]	ἐν	_	_
8.1	400	[1]	αὐτῷ	_	_
8.1	401	[1]	διελθεῖν	_	_
8.1	402	[9]	.	b	_
8.1	403	[7]	ἐν	_	_
8.1	404	[4]	δὲ	_	_
8.1	405	[4]	τῷ	_	_
8.1	406	[1]	δευτέρῳ	_	_
8.1	407	[2]	βιβλίῳ	_	_
8.1	408	[7]	τῶν	_	_
8.1	409	[1]	ἠρωτημένων	_	_
8.1	410	[2]	λόγων	_	_
8.1	411	[2]	περὶ	_	_
8.1	412	[4]	ψυχῆς	_	_
8.1	413	[2]	ἡγεμονικοῦ	_	_
8.1	414	[3]	τοὺς	_	_
8.1	415	[1]	πιθανωτάτους	_	_
8.1	416	[1]	ἀπεδείξαμεν	_	_
8.1	417	[42]	,	b	_
8.1	418	[3]	οὐ	_	_
8.1	419	[6]	κατὰ	_	_
8.1	420	[7]	τὴν	_	_
8.1	421	[1]	ἀποδεικτικὴν	_	_
8.1	422	[1]	μέθοδον	_	_
8.1	423	[1]	ὑπ	_	_
8.1	424	[12]	’	b	_
8.1	425	[2]	αὐτῶν	_	_
8.1	426	[1]	συντεθέντας	_	_
8.1	427	[43]	,	b	_
8.1	428	[1]	ἀλλὰ	_	_
8.1	429	[4]	τοὺς	_	_
8.1	430	[6]	μὲν	_	_
8.1	431	[1]	ἐγγὺς	_	_
8.1	432	[3]	αὐτῶν	_	_
8.1	433	[44]	,	b	_
8.1	434	[1]	οὓς	_	_
8.1	435	[1]	διαλεκτικοὺς	_	_
8.1	436	[1]	ἔθος	_	_
8.1	437	[1]	ἐστὶν	_	_
8.1	438	[1]	Ἀριστοτέλει	_	_
8.1	439	[1]	καλεῖν	_	_
8.1	440	[45]	,	b	_
8.1	441	[1]	ἐνίους	_	_
8.1	442	[5]	δὲ	_	_
8.1	443	[1]	ποῤῥώτερον	_	_
8.1	444	[46]	,	b	_
8.1	445	[2]	οὓς	_	_
8.1	446	[1]	διαιροῦμεν	_	_
8.1	447	[1]	εἴς	_	_
8.1	448	[9]	τε	_	_
8.1	449	[5]	τοὺς	_	_
8.1	450	[1]	ῥητορικοὺς	_	_
8.1	451	[15]	καὶ	_	_
8.1	452	[6]	τοὺς	_	_
8.1	453	[1]	σοφιστικούς	_	_
8.1	454	[10]	.	b	_
8.1	455	[1]	ἔπραξα	_	_
8.1	456	[6]	δὲ	_	_
8.1	457	[1]	τοῦτο	_	_
8.1	458	[16]	καὶ	_	_
8.1	459	[6]	τοῦ	_	_
8.1	460	[1]	ὑποκειμένου	_	_
8.1	461	[7]	μὲν	_	_
8.1	462	[1]	ἕνεκεν	_	_
8.1	463	[2]	αὐτοῦ	_	_
8.1	464	[47]	,	b	_
8.1	465	[17]	καὶ	_	_
8.1	466	[3]	διὰ	_	_
8.1	467	[7]	τοὺς	_	_
8.1	468	[1]	ἑταίρους	_	_
8.1	469	[7]	δὲ	_	_
8.1	470	[1]	βουλομένους	_	_
8.1	471	[2]	ἐκ	_	_
8.1	472	[1]	παραλλήλου	_	_
8.1	473	[8]	τῶν	_	_
8.1	474	[3]	λόγων	_	_
8.1	475	[1]	ἔχειν	_	_
8.1	476	[3]	τὰς	_	_
8.1	477	[1]	διαφορὰς	_	_
8.1	478	[1]	ἐφ	_	_
8.1	479	[13]	’	b	_
8.1	480	[1]	ἑνὸς	_	_
8.1	481	[1]	προβλήματος	_	_
8.1	482	[48]	,	b	_
8.1	483	[1]	ἐσομένης	_	_
8.1	484	[8]	τῆς	_	_
8.1	485	[1]	γυμνασίας	_	_
8.1	486	[1]	ταύτης	_	_
8.1	487	[2]	εἰς	_	_
8.1	488	[1]	πολλὰ	_	_
8.1	489	[1]	χρησίμης	_	_
8.1	490	[11]	.	b	_
8.1	491	[1]	ἐπεὶ	_	_
8.1	492	[8]	δὲ	_	_
8.1	493	[18]	καὶ	_	_
8.1	494	[1]	τοιοῦτόν	_	_
8.1	495	[1]	τινα	_	_
8.1	496	[2]	λόγον	_	_
8.1	497	[1]	ὁ	_	_
8.1	498	[1]	Χρύσιππος	_	_
8.1	499	[1]	ἔγραψεν	_	_
8.1	500	[4]	·	b	_
8.1	501	[1]	ἔνθα	_	_
8.1	502	[6]	τὰ	_	_
8.1	503	[1]	πάθη	_	_
8.1	504	[9]	τῆς	_	_
8.1	505	[5]	ψυχῆς	_	_
8.1	506	[49]	,	b	_
8.1	507	[2]	ἐνταῦθα	_	_
8.1	508	[19]	καὶ	_	_
8.1	509	[5]	τὸ	_	_
8.1	510	[3]	ἡγεμονικόν	_	_
8.1	511	[5]	·	b	_
8.1	512	[7]	τὰ	_	_
8.1	513	[9]	δὲ	_	_
8.1	514	[2]	πάθη	_	_
8.1	515	[10]	τῆς	_	_
8.1	516	[6]	ψυχῆς	_	_
8.1	517	[8]	ἐν	_	_
8.1	518	[2]	καρδίᾳ	_	_
8.1	519	[6]	·	b	_
8.1	520	[9]	ἐν	_	_
8.1	521	[1]	ταύτῃ	_	_
8.1	522	[1]	ἄρα	_	_
8.1	523	[20]	καὶ	_	_
8.1	524	[6]	τὸ	_	_
8.1	525	[4]	ἡγεμονικόν	_	_
8.1	526	[7]	·	b	_
8.1	527	[1]	ἐδείκνυον	_	_
8.1	528	[1]	αὐτὸ	_	_
8.1	529	[7]	τὸ	_	_
8.1	530	[1]	ζητούμενον	_	_
8.1	531	[1]	αὐτὸν	_	_
8.1	532	[10]	ἐν	_	_
8.1	533	[5]	τῷ	_	_
8.1	534	[1]	κυριωτάτῳ	_	_
8.1	535	[1]	λήμματι	_	_
8.1	536	[1]	λαμβάνοντα	_	_
8.1	537	[12]	.	b	_
8.1	538	[2]	Πλάτωνος	_	_
8.1	539	[2]	γὰρ	_	_
8.1	540	[1]	εἰρηκότος	_	_
8.1	541	[50]	,	b	_
8.1	542	[11]	ἐν	_	_
8.1	543	[8]	μὲν	_	_
8.1	544	[2]	τῇ	_	_
8.1	545	[1]	κεφαλῇ	_	_
8.1	546	[8]	τὸ	_	_
8.1	547	[1]	λογιστικὸν	_	_
8.1	548	[2]	ὑπάρχειν	_	_
8.1	549	[51]	,	b	_
8.1	550	[12]	ἐν	_	_
8.1	551	[10]	δὲ	_	_
8.1	552	[3]	τῇ	_	_
8.1	553	[3]	καρδίᾳ	_	_
8.1	554	[9]	τὸ	_	_
8.1	555	[1]	θυμοειδὲς	_	_
8.1	556	[52]	,	b	_
8.1	557	[13]	ἐν	_	_
8.1	558	[1]	ἥπατι	_	_
8.1	559	[11]	δὲ	_	_
8.1	560	[10]	τὸ	_	_
8.1	561	[1]	ἐπιθυμητικὸν	_	_
8.1	562	[53]	,	b	_
8.1	563	[1]	ἐχρῆν	_	_
8.1	564	[2]	αὐτὸν	_	_
8.1	565	[1]	ἐλέγξαι	_	_
8.1	566	[1]	πρότερον	_	_
8.1	567	[54]	,	b	_
8.1	568	[2]	ὅσα	_	_
8.1	569	[1]	κατασκευάζων	_	_
8.1	570	[1]	ἑαυτοῦ	_	_
8.1	571	[11]	τὸ	_	_
8.1	572	[1]	δόγμα	_	_
8.1	573	[1]	διῆλθεν	_	_
8.1	574	[2]	ὁ	_	_
8.1	575	[1]	Πλάτων	_	_
8.1	576	[55]	,	b	_
8.1	577	[2]	οὐχ	_	_
8.1	578	[1]	ἁπλῶς	_	_
8.1	579	[1]	ἀποφῃνάμενον	_	_
8.1	580	[1]	ἀξιοπιστοτέραν|	_	_
8.1	581	[1]	ἡγεῖσθαι	_	_
8.1	582	[8]	τὴν	_	_
8.1	583	[1]	ἰδίαν	_	_
8.1	584	[1]	ἀπόφασιν	_	_
8.1	585	[9]	τῶν	_	_
8.1	586	[1]	ὑπὸ	_	_
8.1	587	[3]	Πλάτωνος	_	_
8.1	588	[1]	εἰρημένων	_	_
8.1	589	[4]	λόγων	_	_
8.1	590	[13]	.	b	_
8.1	591	[2]	ἐδείκνυον	_	_
8.1	592	[12]	δὲ	_	_
8.1	593	[21]	καὶ	_	_
8.1	594	[4]	ὡς	_	_
8.1	595	[1]	οὐδ	_	_
8.1	596	[14]	’	b	_
8.1	597	[1]	ἐπεχείρησέ	_	_
8.1	598	[1]	που	_	_
8.1	599	[10]	τῶν	_	_
8.1	600	[2]	ἑαυτοῦ	_	_
8.1	601	[1]	συγγραμμάτων	_	_
8.1	602	[3]	ὁ	_	_
8.1	603	[2]	Χρύσιππος	_	_
8.1	604	[1]	ἀντειπεῖν	_	_
8.1	605	[3]	τοῖς	_	_
8.1	606	[7]	τοῦ	_	_
8.1	607	[4]	Πλάτωνος	_	_
8.1	608	[1]	λόγοις	_	_
8.1	609	[14]	.	b	_
8.1	610	[1]	ἅπαντες	_	_
8.1	611	[9]	μὲν	_	_
8.1	612	[3]	οὖν	_	_
8.1	613	[1]	ὅσοι	_	_
8.1	614	[1]	μηδέπω	_	_
8.1	615	[1]	φιλοσοφίας	_	_
8.1	616	[1]	ἦσαν	_	_
8.1	617	[1]	ἡμμένοι	_	_
8.1	618	[1]	γεωμέτραι	_	_
8.1	619	[56]	,	b	_
8.1	620	[22]	καὶ	_	_
8.1	621	[1]	ἀριθμητικοὶ	_	_
8.1	622	[57]	,	b	_
8.1	623	[23]	καὶ	_	_
8.1	624	[1]	λογιστικοὶ	_	_
8.1	625	[58]	,	b	_
8.1	626	[24]	καὶ	_	_
8.1	627	[1]	ἀστρονόμοι	_	_
8.1	628	[59]	,	b	_
8.1	629	[25]	καὶ	_	_
8.1	630	[1]	ἀρχιτέκτονες	_	_
8.1	631	[60]	,	b	_
8.1	632	[1]	ἔτι	_	_
8.1	633	[10]	τε	_	_
8.1	634	[1]	μουσικοὶ	_	_
8.1	635	[61]	,	b	_
8.1	636	[26]	καὶ	_	_
8.1	637	[1]	γνωμονικοὶ	_	_
8.1	638	[62]	,	b	_
8.1	639	[27]	καὶ	_	_
8.1	640	[1]	ῥητορικοὶ	_	_
8.1	641	[63]	,	b	_
8.1	642	[28]	καὶ	_	_
8.1	643	[1]	γραμματικοὶ	_	_
8.1	644	[64]	,	b	_
8.1	645	[29]	καὶ	_	_
8.1	646	[2]	ὅλως	_	_
8.1	647	[2]	εἴ	_	_
8.1	648	[1]	τις	_	_
8.1	649	[14]	ἐν	_	_
8.1	650	[1]	τέχνῃ	_	_
8.1	651	[1]	λογικῇ	_	_
8.1	652	[1]	γεγύμναστο	_	_
8.1	653	[65]	,	b	_
8.1	654	[1]	πίστιν	_	_
8.1	655	[1]	βεβαίαν	_	_
8.1	656	[1]	ἔσχον	_	_
8.1	657	[66]	,	b	_
8.1	658	[1]	ἐξηλέγχθαι	_	_
8.1	659	[10]	μὲν	_	_
8.1	660	[8]	τοὺς	_	_
8.1	661	[11]	τῶν	_	_
8.1	662	[1]	ἄλλων	_	_
8.1	663	[1]	λόγους	_	_
8.1	664	[67]	,	b	_
8.1	665	[1]	ὅσους	_	_
8.1	666	[1]	ἐγεγράφεσαν	_	_
8.1	667	[1]	ὑπὲρ	_	_
8.1	668	[3]	ἡγεμονικοῦ	_	_
8.1	669	[7]	ψυχῆς	_	_
8.1	670	[68]	,	b	_
8.1	671	[1]	ἀληθεῖς	_	_
8.1	672	[4]	δ	_	_
8.1	673	[15]	’	b	_
8.1	674	[2]	εἶναι	_	_
8.1	675	[9]	τοὺς	_	_
8.1	676	[2]	Ἱπποκράτους	_	_
8.1	677	[30]	καὶ	_	_
8.1	678	[5]	Πλάτωνος	_	_
8.1	679	[15]	.	b	_
8.1	680	[2]	ἐπεὶ	_	_
8.1	681	[13]	δὲ	_	_
8.1	682	[8]	τὰ	_	_
8.1	683	[8]	τοῦ	_	_
8.1	684	[1]	Χρυσίππου	_	_
8.1	685	[1]	βιβλία	_	_
8.1	686	[3]	περὶ	_	_
8.1	687	[1]	παθῶν	_	_
8.1	688	[1]	γεγραμμένα	_	_
8.1	689	[69]	,	b	_
8.1	690	[31]	καὶ	_	_
8.1	691	[3]	οἱ	_	_
8.1	692	[2]	ἀπ	_	_
8.1	693	[16]	’	b	_
8.1	694	[1]	ἐκείνου	_	_
8.1	695	[70]	,	b	_
8.1	696	[5]	ὡς	_	_
8.1	697	[15]	ἐν	_	_
8.1	698	[1]	ἐκείνοις	_	_
8.1	699	[1]	ἀπέδειξεν	_	_
8.1	700	[4]	ὁ	_	_
8.1	701	[1]	ἀνὴρ	_	_
8.1	702	[71]	,	b	_
8.1	703	[16]	ἐν	_	_
8.1	704	[6]	τῷ	_	_
8.1	705	[1]	λογιστικῷ	_	_
8.1	706	[11]	τῆς	_	_
8.1	707	[8]	ψυχῆς	_	_
8.1	708	[3]	εἶναι	_	_
8.1	709	[9]	τὰ	_	_
8.1	710	[3]	πάθη	_	_
8.1	711	[72]	,	b	_
8.1	712	[10]	τοὺς	_	_
8.1	713	[1]	θυμοὺς	_	_
8.1	714	[73]	,	b	_
8.1	715	[32]	καὶ	_	_
8.1	716	[11]	τοὺς	_	_
8.1	717	[1]	φόβους	_	_
8.1	718	[74]	,	b	_
8.1	719	[33]	καὶ	_	_
8.1	720	[4]	τὰς	_	_
8.1	721	[1]	λύπας	_	_
8.1	722	[75]	,	b	_
8.1	723	[3]	ὅσα	_	_
8.1	724	[2]	τ	_	_
8.1	725	[17]	’	b	_
8.1	726	[2]	ἄλλα	_	_
8.1	727	[2]	τοιαῦτα	_	_
8.1	728	[76]	,	b	_
8.1	729	[2]	δι	_	_
8.1	730	[18]	’	b	_
8.1	731	[1]	ἐκείνους	_	_
8.1	732	[1]	ἠναγκάσθην	_	_
8.1	733	[1]	ἐπιδεικνύναι	_	_
8.1	734	[1]	μὴ	_	_
8.1	735	[2]	μόνον	_	_
8.1	736	[1]	ψευδῶς	_	_
8.1	737	[1]	εἰρηκότα	_	_
8.1	738	[2]	πολλὰ	_	_
8.1	739	[7]	κατὰ	_	_
8.1	740	[10]	τὰ	_	_
8.1	741	[4]	περὶ	_	_
8.1	742	[12]	τῶν	_	_
8.1	743	[2]	παθῶν	_	_
8.1	744	[2]	βιβλία	_	_
8.1	745	[3]	τὸν	_	_
8.1	746	[1]	Χρύσιππον	_	_
8.1	747	[77]	,	b	_
8.1	748	[2]	ἀλλὰ	_	_
8.1	749	[34]	καὶ	_	_
8.1	750	[1]	μαχόμενα	_	_
8.1	751	[2]	αὐτῷ	_	_
8.1	752	[16]	.	b	_
8.1	753	[35]	καὶ	_	_
8.1	754	[8]	κατὰ	_	_
8.1	755	[2]	τοῦτο	_	_
8.1	756	[1]	προσέθηκα	_	_
8.1	757	[4]	τοῖς	_	_
8.1	758	[1]	πρώτοις	_	_
8.1	759	[1]	δύο	_	_
8.1	760	[1]	βιβλίοις	_	_
8.1	761	[1]	ἕτερα	_	_
8.1	762	[1]	τρία	_	_
8.1	763	[78]	,	b	_
8.1	764	[1]	δείξας	_	_
8.1	765	[1]	εὐθέως	_	_
8.1	766	[17]	ἐν	_	_
8.1	767	[1]	αὐτοῖς	_	_
8.1	768	[79]	,	b	_
8.1	769	[2]	ὅτι	_	_
8.1	770	[36]	καὶ	_	_
8.1	771	[1]	Ποσειδώνιος	_	_
8.1	772	[5]	ὁ	_	_
8.1	773	[1]	ἐπιστημονικώτατος	_	_
8.1	774	[13]	τῶν	_	_
8.1	775	[1]	Στωϊκῶν	_	_
8.1	776	[4]	διὰ	_	_
8.1	777	[12]	τὸ	_	_
8.1	778	[1]	γεγυμνάσθαι	_	_
8.1	779	[9]	κατὰ	_	_
8.1	780	[1]	γεωμετρίαν	_	_
8.1	781	[1]	ἀπέστη	_	_
8.1	782	[11]	τε	_	_
8.1	783	[9]	τοῦ	_	_
8.1	784	[2]	Χρυσίππου	_	_
8.1	785	[37]	καὶ	_	_
8.1	786	[1]	δείκνυσιν	_	_
8.1	787	[18]	ἐν	_	_
8.1	788	[4]	τῇ	_	_
8.1	789	[5]	περὶ	_	_
8.1	790	[3]	παθῶν	_	_
8.1	791	[1]	πραγματείᾳ	_	_
8.1	792	[1]	διοικουμένους	_	_
8.1	793	[1]	ἡμᾶς	_	_
8.1	794	[2]	ὑπὸ	_	_
8.1	795	[1]	τριῶν	_	_
8.1	796	[1]	δυνάμεων	_	_
8.1	797	[80]	,	b	_
8.1	798	[1]	ἐπιθυμητικῆς	_	_
8.1	799	[12]	τε	_	_
8.1	800	[38]	καὶ	_	_
8.1	801	[1]	θυμοειδοῦς	_	_
8.1	802	[39]	καὶ	_	_
8.1	803	[1]	λογιστικῆς	_	_
8.1	804	[17]	.	b	_
8.1	805	[12]	τῆς	_	_
8.1	806	[5]	δ	_	_
8.1	807	[19]	’	b	_
8.1	808	[2]	αὐτῆς	_	_
8.1	809	[1]	δόξης	_	_
8.1	810	[18]	.	b	_
8.1	811	[6]	ὁ	_	_
8.1	812	[2]	Ποσειδώνιος	_	_
8.1	813	[1]	ἔδειξεν	_	_
8.1	814	[4]	εἶναι	_	_
8.1	815	[40]	καὶ	_	_
8.1	816	[4]	τὸν	_	_
8.1	817	[1]	Κλεάνθην	_	_
8.1	818	[19]	.	b	_
8.1	819	[41]	καὶ	_	_
8.1	820	[1]	μέντοι	_	_
8.1	821	[42]	καὶ	_	_
8.1	822	[5]	τὸν	_	_
8.1	823	[6]	περὶ	_	_
8.1	824	[14]	τῶν	_	_
8.1	825	[1]	ἀρετῶν	_	_
8.1	826	[3]	λόγον	_	_
8.1	827	[3]	ἐπὶ	_	_
8.1	828	[1]	ταύταις	_	_
8.1	829	[1]	ταῖς	_	_
8.1	830	[1]	ἀρχαῖς	_	_
8.1	831	[1]	ὀρθῶς	_	_
8.1	832	[1]	φησι	_	_
8.1	833	[1]	περαίνεσθαι	_	_
8.1	834	[81]	,	b	_
8.1	835	[43]	καὶ	_	_
8.1	836	[2]	δείκνυσιν	_	_
8.1	837	[2]	αὐτὸ	_	_
8.1	838	[3]	τοῦτο	_	_
8.1	839	[5]	διὰ	_	_
8.1	840	[1]	μεγάλης	_	_
8.1	841	[1]	πραγματείας	_	_
8.1	842	[1]	ἰδίᾳ	_	_
8.1	843	[1]	γεγραμμένης	_	_
8.1	844	[3]	αὐτῷ	_	_
8.1	845	[20]	.	b	_
8.1	846	[1]	ὥστ	_	_
8.1	847	[20]	’	b	_
8.1	848	[2]	οὐκ	_	_
8.1	849	[1]	ἐγὼ	_	_
8.1	850	[10]	τοῦ	_	_
8.1	851	[1]	μήκους	_	_
8.1	852	[15]	τῶν	_	_
8.1	853	[5]	λόγων	_	_
8.1	854	[1]	αἴτιος	_	_
8.1	855	[82]	,	b	_
8.1	856	[2]	ἀλλ	_	_
8.1	857	[21]	’	b	_
8.1	858	[4]	οἱ	_	_
8.1	859	[1]	προπετῶς	_	_
8.1	860	[1]	ἐπαινοῦντες	_	_
8.1	861	[11]	τὰ	_	_
8.1	862	[2]	γεγραμμένα	_	_
8.1	863	[1]	Χρυσίππῳ	_	_
8.1	864	[1]	περί	_	_
8.1	865	[13]	τε	_	_
8.1	866	[11]	τοῦ	_	_
8.1	867	[13]	τῆς	_	_
8.1	868	[9]	ψυχῆς	_	_
8.1	869	[4]	ἡγεμονικοῦ	_	_
8.1	870	[44]	καὶ	_	_
8.1	871	[1]	|περὶ	_	_
8.1	872	[4]	παθῶν	_	_
8.1	873	[83]	,	b	_
8.1	874	[2]	ἃ	_	_
8.1	875	[1]	πάντ	_	_
8.1	876	[22]	’	b	_
8.1	877	[1]	ἐγνώκειν	_	_
8.1	878	[2]	ἐγὼ	_	_
8.1	879	[1]	παρελθεῖν	_	_
8.1	880	[1]	ἐάσας	_	_
8.1	881	[1]	ἀνέλεγκτα	_	_
8.1	882	[21]	.	b	_
8.1	883	[1]	θεοὺς	_	_
8.1	884	[6]	δ	_	_
8.1	885	[23]	’	b	_
8.1	886	[1]	ἅπαντας	_	_
8.1	887	[1]	ἐπικαλοῦμαι	_	_
8.1	888	[1]	μάρτυρας	_	_
8.1	889	[84]	,	b	_
8.1	890	[6]	ὡς	_	_
8.1	891	[12]	τοὺς	_	_
8.1	892	[1]	ἀναισχύντους	_	_
8.1	893	[16]	τῶν	_	_
8.1	894	[6]	λόγων	_	_
8.1	895	[1]	ἐλέγχους	_	_
8.1	896	[1]	αὐτὸς	_	_
8.1	897	[1]	αἰδοῦμαι	_	_
8.1	898	[85]	,	b	_
8.1	899	[1]	βέλτιον	_	_
8.1	900	[5]	εἶναι	_	_
8.1	901	[1]	νομίζων	_	_
8.1	902	[1]	ἀγνοεῖσθαι	_	_
8.1	903	[5]	τοῖς	_	_
8.1	904	[1]	πολλοῖς	_	_
8.1	905	[1]	αὐτοὺς	_	_
8.1	906	[86]	,	b	_
8.1	907	[1]	ὅπως	_	_
8.1	908	[2]	μὴ	_	_
8.1	909	[1]	βλάπτοιντο	_	_
8.1	910	[1]	θεώμενοι	_	_
8.1	911	[1]	φιλοσόφους	_	_
8.1	912	[1]	ἄνδρας	_	_
8.1	913	[87]	,	b	_
8.1	914	[3]	ἃ	_	_
8.1	915	[1]	μηδέποτ	_	_
8.1	916	[24]	’	b	_
8.1	917	[2]	εἶδον	_	_
8.1	918	[88]	,	b	_
8.1	919	[7]	ὡς	_	_
8.1	920	[2]	ἰδόντας	_	_
8.1	921	[1]	γράφοντας	_	_
8.1	922	[8]	·	b	_
8.1	923	[1]	ἧττον	_	_
8.1	924	[3]	γὰρ	_	_
8.1	925	[1]	αἰδοῦνται	_	_
8.1	926	[45]	καὶ	_	_
8.1	927	[1]	αὐτοὶ	_	_
8.1	928	[1]	φωραθῆναι	_	_
8.1	929	[1]	ψευδόμενοι	_	_
8.1	930	[22]	.	b	_
8.1	931	[1]	αἰδεσθῆναι	_	_
8.1	932	[7]	δ	_	_
8.1	933	[25]	’	b	_
8.1	934	[1]	ἔστι	_	_
8.1	935	[46]	καὶ	_	_
8.1	936	[1]	οἳ	_	_
8.1	937	[3]	μὴ	_	_
8.1	938	[1]	γινώσκουσιν	_	_
8.1	939	[89]	,	b	_
8.1	940	[19]	ἐν	_	_
8.1	941	[2]	φιλοσοφίᾳ	_	_
8.1	942	[1]	γεγηρακότες	_	_
8.1	943	[1]	ἄνδρες	_	_
8.1	944	[90]	,	b	_
8.1	945	[8]	ὡς	_	_
8.1	946	[1]	εἷς	_	_
8.1	947	[1]	μόνος	_	_
8.1	948	[1]	οὗτος	_	_
8.1	949	[1]	ἠρώτηται	_	_
8.1	950	[1]	λόγος	_	_
8.1	951	[1]	ἀποδεικτικῷ	_	_
8.1	952	[1]	νόμῳ	_	_
8.1	953	[7]	περὶ	_	_
8.1	954	[10]	ψυχῆς	_	_
8.1	955	[5]	ἡγεμονικοῦ	_	_
8.1	956	[91]	,	b	_
8.1	957	[3]	καθ	_	_
8.1	958	[26]	’	b	_
8.1	959	[1]	ὃν	_	_
8.1	960	[6]	ἡ	_	_
8.1	961	[11]	μὲν	_	_
8.1	962	[2]	ἀληθὴς	_	_
8.1	963	[1]	πρόσληψίς	_	_
8.1	964	[1]	ἐστιν	_	_
8.1	965	[92]	,	b	_
8.1	966	[1]	ἐγκέφαλον	_	_
8.1	967	[6]	εἶναι	_	_
8.1	968	[17]	τῶν	_	_
8.1	969	[6]	νεύρων	_	_
8.1	970	[1]	ἀρχὴν	_	_
8.1	971	[93]	,	b	_
8.1	972	[7]	ἡ	_	_
8.1	973	[2]	ψευδὴς	_	_
8.1	974	[14]	δὲ	_	_
8.1	975	[94]	,	b	_
8.1	976	[9]	τὴν	_	_
8.1	977	[2]	καρδίαν	_	_
8.1	978	[23]	.	b	_
8.1	979	[1]	ὥστε	_	_
8.1	980	[4]	οὐ	_	_
8.1	981	[3]	μόνον	_	_
8.1	982	[20]	ἐν	_	_
8.1	983	[1]	πέντε	_	_
8.1	984	[2]	βιβλίοις	_	_
8.1	985	[3]	οὐκ	_	_
8.1	986	[1]	ἦν	_	_
8.1	987	[1]	ἀνάγκη	_	_
8.1	988	[1]	γραφῆναι	_	_
8.1	989	[6]	τὸν	_	_
8.1	990	[8]	περὶ	_	_
8.1	991	[11]	ψυχῆς	_	_
8.1	992	[6]	ἡγεμονικοῦ	_	_
8.1	993	[4]	λόγον	_	_
8.1	994	[95]	,	b	_
8.1	995	[3]	ἀλλ	_	_
8.1	996	[27]	’	b	_
8.1	997	[1]	οὐδὲ	_	_
8.1	998	[3]	δι	_	_
8.1	999	[28]	’	b	_
8.1	1000	[2]	ἑνὸς	_	_
8.1	1001	[1]	ὅλου	_	_
8.1	1002	[1]	πρός	_	_
8.1	1003	[4]	γε	_	_
8.1	1004	[13]	τοὺς	_	_
8.1	1005	[1]	μεμαθηκότας	_	_
8.1	1006	[96]	,	b	_
8.1	1007	[1]	ὁποῖόν	_	_
8.1	1008	[1]	τι	_	_
8.1	1009	[1]	πρᾶγμά	_	_
8.1	1010	[2]	ἐστιν	_	_
8.1	1011	[1]	ἀπόδειξις	_	_
8.1	1012	[1]	ἐπιστημονικὴ	_	_
8.1	1013	[97]	,	b	_
8.1	1014	[1]	προσήκουσα	_	_
8.1	1015	[12]	μὲν	_	_
8.1	1016	[98]	,	b	_
8.1	1017	[9]	ὡς	_	_
8.1	1018	[1]	ἐγώ	_	_
8.1	1019	[1]	φημι	_	_
8.1	1020	[99]	,	b	_
8.1	1021	[2]	φιλοσόφοις	_	_
8.1	1022	[1]	μᾶλλον	_	_
8.1	1023	[100]	,	b	_
8.1	1024	[8]	ἢ	_	_
8.1	1025	[1]	γεωμέτραις	_	_
8.1	1026	[101]	,	b	_
8.1	1027	[1]	ἀριθμητικοῖς	_	_
8.1	1028	[14]	τε	_	_
8.1	1029	[47]	καὶ	_	_
8.1	1030	[1]	λογιστικοῖς	_	_
8.1	1031	[102]	,	b	_
8.1	1032	[1]	ἀστρονόμοις	_	_
8.1	1033	[15]	τε	_	_
8.1	1034	[48]	καὶ	_	_
8.1	1035	[1]	ἀρχιτέκτοσιν	_	_
8.1	1036	[103]	,	b	_
8.1	1037	[5]	οὐ	_	_
8.1	1038	[2]	μὴν	_	_
8.1	1039	[1]	ἠσκημένοις	_	_
8.1	1040	[1]	γ	_	_
8.1	1041	[29]	’	b	_
8.1	1042	[2]	αὐτοῖς	_	_
8.1	1043	[104]	,	b	_
8.1	1044	[1]	ὥσπερ	_	_
8.1	1045	[2]	ἐκείνοις	_	_
8.1	1046	[24]	.	b	_
8.1	1047	[6]	διὰ	_	_
8.1	1048	[1]	τοῦτ	_	_
8.1	1049	[30]	’	b	_
8.1	1050	[4]	οὖν	_	_
8.1	1051	[1]	Εὐκλείδης	_	_
8.1	1052	[13]	μὲν	_	_
8.1	1053	[1]	ἑνὶ	_	_
8.1	1054	[1]	θεωρήματι	_	_
8.1	1055	[7]	τῷ	_	_
8.1	1056	[2]	πρώτῳ	_	_
8.1	1057	[10]	κατὰ	_	_
8.1	1058	[13]	τὸ	_	_
8.1	1059	[18]	τῶν	_	_
8.1	1060	[2]	φαινομένων	_	_
8.1	1061	[1]	βιβλίον	_	_
8.1	1062	[1]	ἐπέδειξε	_	_
8.1	1063	[4]	δι	_	_
8.1	1064	[31]	’	b	_
8.1	1065	[1]	ὀλιγίστων	_	_
8.1	1066	[1]	ἐπῶν	_	_
8.1	1067	[105]	,	b	_
8.1	1068	[10]	τὴν	_	_
8.1	1069	[1]	γῆν	_	_
8.1	1070	[1]	μέσην	_	_
8.1	1071	[7]	εἶναι	_	_
8.1	1072	[12]	τοῦ	_	_
8.1	1073	[1]	κόσμου	_	_
8.1	1074	[106]	,	b	_
8.1	1075	[49]	καὶ	_	_
8.1	1076	[1]	σημείου	_	_
8.1	1077	[50]	καὶ	_	_
8.1	1078	[1]	κέντρου	_	_
8.1	1079	[5]	λόγον	_	_
8.1	1080	[2]	ἔχειν	_	_
8.1	1081	[2]	πρὸς	_	_
8.1	1082	[3]	αὐτὸν	_	_
8.1	1083	[107]	,	b	_
8.1	1084	[1]	ἣν	_	_
8.1	1085	[5]	οἱ	_	_
8.1	1086	[1]	μαθόντες	_	_
8.1	1087	[1]	οὕτω	_	_
8.1	1088	[1]	πιστεύουσι	_	_
8.1	1089	[8]	τῷ	_	_
8.1	1090	[1]	συμπεράσματι	_	_
8.1	1091	[14]	τῆς	_	_
8.1	1092	[2]	ἀποδείξεως	_	_
8.1	1093	[108]	,	b	_
8.1	1094	[10]	ὡς	_	_
8.1	1095	[51]	καὶ	_	_
8.1	1096	[14]	τὸ	_	_
8.1	1097	[12]	τὰ	_	_
8.1	1098	[1]	δὶς	_	_
8.1	1099	[2]	δύο	_	_
8.1	1100	[1]	τέτταρα	_	_
8.1	1101	[8]	εἶναι	_	_
8.1	1102	[25]	.	b	_
8.1	1103	[19]	τῶν	_	_
8.1	1104	[1]	φιλοσόφων	_	_
8.1	1105	[8]	δ	_	_
8.1	1106	[32]	’	b	_
8.1	1107	[1]	ἔνιοι	_	_
8.1	1108	[3]	τοιαῦτα	_	_
8.1	1109	[1]	ληροῦσι	_	_
8.1	1110	[9]	περὶ	_	_
8.1	1111	[1]	μεγέθους	_	_
8.1	1112	[16]	τε	_	_
8.1	1113	[52]	καὶ	_	_
8.1	1114	[1]	θέσεως	_	_
8.1	1115	[1]	γῆς	_	_
8.1	1116	[109]	,	b	_
8.1	1117	[11]	ὡς	_	_
8.1	1118	[1]	αἰδεσθῆναί	_	_
8.1	1119	[2]	τινα	_	_
8.1	1120	[10]	περὶ	_	_
8.1	1121	[13]	τοῦ	_	_
8.1	1122	[1]	παντὸς	_	_
8.1	1123	[1]	ἐπιτηδεύματος	_	_
8.1	1124	[26]	.	b	_
8.1	1125	[2]	ὅπου	_	_
8.1	1126	[4]	γὰρ	_	_
8.1	1127	[6]	οἱ	_	_
8.1	1128	[14]	μὲν	_	_
8.1	1129	[1]	ἀεὶ	_	_
8.1	1130	[1]	παρακελευόμενοι	_	_
8.1	1131	[1]	μηδὲν	_	_
8.1	1132	[1]	μήτε	_	_
8.1	1133	[1]	πράττειν	_	_
8.1	1134	[2]	μήτε	_	_
8.1	1135	[2]	λέγειν	_	_
8.1	1136	[2]	προπετῶς	_	_
8.1	1137	[1]	ἔργῳ	_	_
8.1	1138	[1]	φαίνονται	_	_
8.1	1139	[1]	τοιοῦτοι	_	_
8.1	1140	[110]	,	b	_
8.1	1141	[20]	τῶν	_	_
8.1	1142	[9]	δ	_	_
8.1	1143	[33]	’	b	_
8.1	1144	[2]	εἰρημένων	_	_
8.1	1145	[1]	ἄνωθεν	_	_
8.1	1146	[1]	ἀντιτεχνιτῶν	_	_
8.1	1147	[1]	οὐδεὶς	_	_
8.1	1148	[15]	μὲν	_	_
8.1	1149	[1]	ἑαυτὸν	_	_
8.1	1150	[1]	νομίζει	_	_
8.1	1151	[1]	σοφὸν	_	_
8.1	1152	[111]	,	b	_
8.1	1153	[12]	ὡς	_	_
8.1	1154	[1]	ἐκεῖνοι	_	_
8.1	1155	[112]	,	b	_
8.1	1156	[2]	ταῖς	_	_
8.1	1157	[10]	δ	_	_
8.1	1158	[34]	’	b	_
8.1	1159	[1]	ἀποδείξεσι	_	_
8.1	1160	[1]	προσηκόντως	_	_
8.1	1161	[1]	χρῶνται	_	_
8.1	1162	[113]	,	b	_
8.1	1163	[1]	μηδαμόθεν	_	_
8.1	1164	[1]	μαχόμενοι	_	_
8.1	1165	[114]	,	b	_
8.1	1166	[1]	μηδὲ	_	_
8.1	1167	[1]	διαφωνοῦντες	_	_
8.1	1168	[1]	ἀλλήλοις	_	_
8.1	1169	[115]	,	b	_
8.1	1170	[2]	μηδὲ	_	_
8.1	1171	[1]	ἀναισχύντως	_	_
8.1	1172	[1]	ἀποφαινόμενοι	_	_
8.1	1173	[11]	περὶ	_	_
8.1	1174	[1]	ὧν	_	_
8.1	1175	[4]	οὐκ	_	_
8.1	1176	[1]	ἴσασι	_	_
8.1	1177	[116]	,	b	_
8.1	1178	[1]	πῶς	_	_
8.1	1179	[5]	οὐκ	_	_
8.1	1180	[1]	ἄν	_	_
8.1	1181	[2]	τις	_	_
8.1	1182	[1]	αἰδεσθείη	_	_
8.1	1183	[12]	περὶ	_	_
8.1	1184	[2]	παντὸς	_	_
8.1	1185	[14]	τοῦ	_	_
8.1	1186	[15]	τῆς	_	_
8.1	1187	[2]	φιλοσοφίας	_	_
8.1	1188	[2]	ἐπιτηδεύματος	_	_
8.1	1189	[1]	;	b	_
8.1	1190	[1]	οὕτως	_	_
8.1	1191	[1]	γοῦν	_	_
8.1	1192	[7]	ὁ	_	_
8.1	1193	[3]	ἀληθὴς	_	_
8.1	1194	[2]	λόγος	_	_
8.1	1195	[1]	ἐστὶ	_	_
8.1	1196	[1]	βραχὺς	_	_
8.1	1197	[117]	,	b	_
8.1	1198	[13]	ὡς	_	_
8.1	1199	[3]	ἐγὼ	_	_
8.1	1200	[1]	δείξω	_	_
8.1	1201	[1]	σοι	_	_
8.1	1202	[5]	δι	_	_
8.1	1203	[35]	’	b	_
8.1	1204	[1]	ὀλίγων	_	_
8.1	1205	[1]	συλλαβῶν	_	_
8.1	1206	[1]	περαινόμενον	_	_
8.1	1207	[4]	αὐτὸν	_	_
8.1	1208	[2]	ὄντα	_	_
8.1	1209	[2]	τοιοῦτον	_	_
8.1	1210	[9]	·	b	_
8.1	1211	[2]	ἔνθα	_	_
8.1	1212	[21]	τῶν	_	_
8.1	1213	[7]	νεύρων	_	_
8.1	1214	[8]	ἡ	_	_
8.1	1215	[4]	ἀρχὴ	_	_
8.1	1216	[118]	,	b	_
8.1	1217	[3]	ἐνταῦθα	_	_
8.1	1218	[15]	τὸ	_	_
8.1	1219	[5]	ἡγεμονικόν	_	_
8.1	1220	[10]	·	b	_
8.1	1221	[9]	ἡ	_	_
8.1	1222	[11]	δ	_	_
8.1	1223	[36]	’	b	_
8.1	1224	[5]	ἀρχὴ	_	_
8.1	1225	[22]	τῶν	_	_
8.1	1226	[8]	νεύρων	_	_
8.1	1227	[21]	ἐν	_	_
8.1	1228	[2]	ἐγκεφάλῳ	_	_
8.1	1229	[1]	ἐστίν	_	_
8.1	1230	[11]	·	b	_
8.1	1231	[4]	ἐνταῦθα	_	_
8.1	1232	[2]	ἄρα	_	_
8.1	1233	[16]	τὸ	_	_
8.1	1234	[6]	ἡγεμονικόν	_	_
8.1	1235	[27]	.	b	_
8.1	1236	[2]	εἷς	_	_
8.1	1237	[16]	μὲν	_	_
8.1	1238	[2]	οὗτος	_	_
8.1	1239	[8]	ὁ	_	_
8.1	1240	[3]	λόγος	_	_
8.1	1241	[1]	ἐννέα	_	_
8.1	1242	[53]	καὶ	_	_
8.1	1243	[1]	τριάκοντα	_	_
8.1	1244	[2]	συλλαβῶν	_	_
8.1	1245	[119]	,	b	_
8.1	1246	[1]	ὅπερ	_	_
8.1	1247	[2]	ἐστὶ	_	_
8.1	1248	[1]	δυοῖν	_	_
8.1	1249	[54]	καὶ	_	_
8.1	1250	[1]	ἡμίσεως	_	_
8.1	1251	[2]	ἐπῶν	_	_
8.1	1252	[1]	ἑξαμέτρων	_	_
8.1	1253	[28]	.	b	_
8.1	1254	[1]	ἕτερος	_	_
8.1	1255	[12]	δ	_	_
8.1	1256	[37]	’	b	_
8.1	1257	[2]	ἐστὶν	_	_
8.1	1258	[2]	πέντε	_	_
8.1	1259	[23]	τῶν	_	_
8.1	1260	[1]	πάντων	_	_
8.1	1261	[3]	ἐπῶν	_	_
8.1	1262	[12]	·	b	_
8.1	1263	[3]	ἔνθα	_	_
8.1	1264	[13]	τὰ	_	_
8.1	1265	[4]	πάθη	_	_
8.1	1266	[16]	τῆς	_	_
8.1	1267	[12]	ψυχῆς	_	_
8.1	1268	[1]	ἐπιφανέστερον	_	_
8.1	1269	[1]	κινεῖ	_	_
8.1	1270	[14]	τὰ	_	_
8.1	1271	[2]	μόρια	_	_
8.1	1272	[15]	τοῦ	_	_
8.1	1273	[1]	σώματος	_	_
8.1	1274	[120]	,	b	_
8.1	1275	[5]	ἐνταῦθα	_	_
8.1	1276	[17]	τὸ	_	_
8.1	1277	[1]	παθητικὸν	_	_
8.1	1278	[17]	τῆς	_	_
8.1	1279	[13]	ψυχῆς	_	_
8.1	1280	[3]	ἐστιν	_	_
8.1	1281	[13]	·	b	_
8.1	1282	[3]	ἀλλὰ	_	_
8.1	1283	[3]	μὴν	_	_
8.1	1284	[10]	ἡ	_	_
8.1	1285	[1]	καρδία	_	_
8.1	1286	[1]	φαίνεται	_	_
8.1	1287	[1]	μεγάλην	_	_
8.1	1288	[1]	ἐξαλλαγὴν	_	_
8.1	1289	[1]	ἴσχουσα	_	_
8.1	1290	[18]	τῆς	_	_
8.1	1291	[2]	κινήσεως	_	_
8.1	1292	[22]	ἐν	_	_
8.1	1293	[1]	θυμοῖς	_	_
8.1	1294	[55]	καὶ	_	_
8.1	1295	[1]	φόβοις	_	_
8.1	1296	[14]	·	b	_
8.1	1297	[23]	ἐν	_	_
8.1	1298	[2]	ταύτῃ	_	_
8.1	1299	[3]	ἄρα	_	_
8.1	1300	[18]	τὸ	_	_
8.1	1301	[2]	παθητικὸν	_	_
8.1	1302	[19]	τῆς	_	_
8.1	1303	[14]	ψυχῆς	_	_
8.1	1304	[4]	ἐστιν	_	_
8.1	1305	[29]	.	b	_
8.1	1306	[1]	εἰ	_	_
8.1	1307	[15]	δὲ	_	_
8.1	1308	[1]	συνθείης	_	_
8.1	1309	[1]	ὡδὶ	_	_
8.1	1310	[1]	τούτους	_	_
8.1	1311	[14]	τοὺς	_	_
8.1	1312	[3]	δύο	_	_
8.1	1313	[2]	λόγους	_	_
8.1	1314	[121]	,	b	_
8.1	1315	[6]	οὐ	_	_
8.1	1316	[1]	πλείονες	_	_
8.1	1317	[24]	τῶν	_	_
8.1	1318	[1]	ὀκτὼ	_	_
8.1	1319	[2]	ἑξαμέτρων	_	_
8.1	1320	[19]	τὸ	_	_
8.1	1321	[1]	συγκείμενον	_	_
8.1	1322	[2]	ἐξ	_	_
8.1	1323	[4]	αὐτῶν	_	_
8.1	1324	[1]	πλῆθος	_	_
8.1	1325	[1]	ἔσται	_	_
8.1	1326	[30]	.	b	_
8.1	1327	[1]	τίνες	_	_
8.1	1328	[5]	οὖν	_	_
8.1	1329	[2]	αἴτιοι	_	_
8.1	1330	[16]	τοῦ	_	_
8.1	1331	[3]	πέντε	_	_
8.1	1332	[3]	βιβλία	_	_
8.1	1333	[2]	γραφῆναι	_	_
8.1	1334	[13]	περὶ	_	_
8.1	1335	[1]	τούτων	_	_
8.1	1336	[122]	,	b	_
8.1	1337	[4]	ἃ	_	_
8.1	1338	[7]	διὰ	_	_
8.1	1339	[2]	ὀκτὼ	_	_
8.1	1340	[1]	στίχων	_	_
8.1	1341	[1]	ἡρωϊκῶν	_	_
8.1	1342	[1]	ἐπιστημονικὴν	_	_
8.1	1343	[1]	ἀπόδειξιν	_	_
8.1	1344	[1]	εἶχεν	_	_
8.1	1345	[2]	;	b	_
8.1	1346	[3]	οὐχ	_	_
8.1	1347	[1]	ἡμεῖς	_	_
8.1	1348	[1]	δήπουθεν	_	_
8.1	1349	[123]	,	b	_
8.1	1350	[4]	ἀλλ	_	_
8.1	1351	[38]	’	b	_
8.1	1352	[7]	οἱ	_	_
8.1	1353	[4]	μὴ	_	_
8.1	1354	[1]	βουλόμενοι	_	_
8.1	1355	[1]	γραμμικαῖς	_	_
8.1	1356	[1]	χρῆσθαι	_	_
8.1	1357	[2]	ἀποδείξεσι	_	_
8.1	1358	[1]	φιλόσοφοι	_	_
8.1	1359	[124]	,	b	_
8.1	1360	[14]	περὶ	_	_
8.1	1361	[2]	ὧν	_	_
8.1	1362	[1]	ἔφην	_	_
8.1	1363	[1]	αἰδεῖσθαι	_	_
8.1	1364	[31]	.	b	_
8.1	1365	[2]	τίνες	_	_
8.1	1366	[16]	δὲ	_	_
8.1	1367	[3]	αἴτιοι	_	_
8.1	1368	[17]	τοῦ	_	_
8.1	1369	[56]	καὶ	_	_
8.1	1370	[20]	τὸ	_	_
8.1	1371	[1]	ἕκτον	_	_
8.1	1372	[2]	βιβλίον	_	_
8.1	1373	[1]	ἐπ	_	_
8.1	1374	[39]	’	b	_
8.1	1375	[3]	αὐτοῖς	_	_
8.1	1376	[3]	γραφῆναι	_	_
8.1	1377	[15]	περὶ	_	_
8.1	1378	[20]	τῆς	_	_
8.1	1379	[1]	τρίτης	_	_
8.1	1380	[1]	ἀρχῆς	_	_
8.1	1381	[125]	,	b	_
8.1	1382	[1]	μακροτέρου	_	_
8.1	1383	[17]	μὲν	_	_
8.1	1384	[2]	λόγου	_	_
8.1	1385	[1]	δεομένης	_	_
8.1	1386	[126]	,	b	_
8.1	1387	[7]	οὐ	_	_
8.1	1388	[4]	μὴν	_	_
8.1	1389	[1]	ὥσθ	_	_
8.1	1390	[40]	’	b	_
8.1	1391	[1]	ὅλον	_	_
8.1	1392	[1]	ἓν	_	_
8.1	1393	[1]	πληρωθῆναι	_	_
8.1	1394	[3]	βιβλίον	_	_
8.1	1395	[3]	;	b	_
8.1	1396	[8]	οἱ	_	_
8.1	1397	[5]	μὴ	_	_
8.1	1398	[1]	γεγυμνασμένοι	_	_
8.1	1399	[1]	γραμμικῶν	_	_
8.1	1400	[1]	ἀποδείξεων	_	_
8.1	1401	[1]	ἀκούειν	_	_
8.1	1402	[127]	,	b	_
8.1	1403	[1]	ἐπεί	_	_
8.1	1404	[1]	τοι	_	_
8.1	1405	[57]	καὶ	_	_
8.1	1406	[1]	τούτου	_	_
8.1	1407	[18]	τοῦ	_	_
8.1	1408	[1]	σκέμματος	_	_
8.1	1409	[24]	ἐν	_	_
8.1	1410	[1]	ὀλίγοις	_	_
8.1	1411	[1]	κεφαλαίοις	_	_
8.1	1412	[3]	ἐστὶν	_	_
8.1	1413	[11]	ἡ	_	_
8.1	1414	[2]	ἀπόδειξις	_	_
8.1	1415	[32]	.	b	_
8.1	1416	[1]	ἐδείχθη	_	_
8.1	1417	[5]	γὰρ	_	_
8.1	1418	[1]	ἔν	_	_
8.1	1419	[17]	τε	_	_
8.1	1420	[6]	τοῖς	_	_
8.1	1421	[1]	φυτοῖς	_	_
8.1	1422	[15]	τὰ	_	_
8.1	1423	[1]	παχύτατα	_	_
8.1	1424	[1]	μέρη	_	_
8.1	1425	[21]	τῆς	_	_
8.1	1426	[2]	ἀρχῆς	_	_
8.1	1427	[5]	αὐτῶν	_	_
8.1	1428	[1]	ἐκφυόμενα	_	_
8.1	1429	[128]	,	b	_
8.1	1430	[58]	καὶ	_	_
8.1	1431	[25]	τῶν	_	_
8.1	1432	[1]	προδεδειγμένων	_	_
8.1	1433	[2]	δυοῖν	_	_
8.1	1434	[1]	ἀρχῶν	_	_
8.1	1435	[129]	,	b	_
8.1	1436	[22]	τῆς	_	_
8.1	1437	[26]	τῶν	_	_
8.1	1438	[9]	νεύρων	_	_
8.1	1439	[59]	καὶ	_	_
8.1	1440	[27]	τῶν	_	_
8.1	1441	[2]	ἀρτηριῶν	_	_
8.1	1442	[130]	,	b	_
8.1	1443	[16]	τὰ	_	_
8.1	1444	[18]	μὲν	_	_
8.1	1445	[2]	οἷον	_	_
8.1	1446	[1]	στελέχη	_	_
8.1	1447	[3]	πρὸς	_	_
8.1	1448	[3]	ταῖς	_	_
8.1	1449	[2]	ἀρχαῖς	_	_
8.1	1450	[9]	εἶναι	_	_
8.1	1451	[131]	,	b	_
8.1	1452	[17]	τὰ	_	_
8.1	1453	[17]	δὲ	_	_
8.1	1454	[1]	ἀνάλογον	_	_
8.1	1455	[1]	κλάδοις	_	_
8.1	1456	[25]	ἐν	_	_
8.1	1457	[9]	τῷ	_	_
8.1	1458	[1]	προϊέναι	_	_
8.1	1459	[18]	τὰ	_	_
8.1	1460	[2]	στελέχη	_	_
8.1	1461	[1]	γεννώμενα	_	_
8.1	1462	[33]	.	b	_
8.1	1463	[4]	τοῦτο	_	_
8.1	1464	[19]	μὲν	_	_
8.1	1465	[2]	ἓν	_	_
8.1	1466	[1]	λῆμμα	_	_
8.1	1467	[6]	δι	_	_
8.1	1468	[41]	’	b	_
8.1	1469	[1]	ἐναργῶν	_	_
8.1	1470	[2]	ἀποδείξεων	_	_
8.1	1471	[2]	ἐδείχθη	_	_
8.1	1472	[15]	·	b	_
8.1	1473	[1]	δεύτερον	_	_
8.1	1474	[18]	δὲ	_	_
8.1	1475	[2]	ἐπ	_	_
8.1	1476	[42]	’	b	_
8.1	1477	[4]	αὐτῷ	_	_
8.1	1478	[132]	,	b	_
8.1	1479	[23]	τῆς	_	_
8.1	1480	[1]	φυτικῆς	_	_
8.1	1481	[26]	ἐν	_	_
8.1	1482	[1]	ἡμῖν	_	_
8.1	1483	[1]	δυνάμεως	_	_
8.1	1484	[133]	,	b	_
8.1	1485	[2]	ἣν	_	_
8.1	1486	[1]	κοινὴν	_	_
8.1	1487	[1]	ἔχομεν	_	_
8.1	1488	[4]	πρὸς	_	_
8.1	1489	[19]	τὰ	_	_
8.1	1490	[1]	φυτὰ	_	_
8.1	1491	[134]	,	b	_
8.1	1492	[5]	τὰς	_	_
8.1	1493	[1]	φλέβας	_	_
8.1	1494	[3]	ὑπάρχειν	_	_
8.1	1495	[1]	ὄργανα	_	_
8.1	1496	[135]	,	b	_
8.1	1497	[1]	καθηκουσῶν	_	_
8.1	1498	[20]	μὲν	_	_
8.1	1499	[2]	εἴς	_	_
8.1	1500	[18]	τε	_	_
8.1	1501	[11]	τὴν	_	_
8.1	1502	[1]	γαστέρα	_	_
8.1	1503	[60]	καὶ	_	_
8.1	1504	[20]	τὰ	_	_
8.1	1505	[1]	ἔντερα	_	_
8.1	1506	[1]	λεπτῶν	_	_
8.1	1507	[1]	φλεβῶν	_	_
8.1	1508	[136]	,	b	_
8.1	1509	[2]	ὥσπερ	_	_
8.1	1510	[3]	εἰς	_	_
8.1	1511	[12]	τὴν	_	_
8.1	1512	[2]	γῆν	_	_
8.1	1513	[5]	αἱ	_	_
8.1	1514	[1]	ῥίζαι	_	_
8.1	1515	[28]	τῶν	_	_
8.1	1516	[1]	δένδρων	_	_
8.1	1517	[137]	,	b	_
8.1	1518	[1]	ἁπασῶν	_	_
8.1	1519	[19]	δὲ	_	_
8.1	1520	[1]	ἀπὸ	_	_
8.1	1521	[2]	μιᾶς	_	_
8.1	1522	[1]	φλεβὸς	_	_
8.1	1523	[1]	πεφυκυιῶν	_	_
8.1	1524	[138]	,	b	_
8.1	1525	[24]	τῆς	_	_
8.1	1526	[4]	ἐπὶ	_	_
8.1	1527	[1]	πύλαις	_	_
8.1	1528	[1]	ἥπατος	_	_
8.1	1529	[139]	,	b	_
8.1	1530	[1]	αὖθις	_	_
8.1	1531	[20]	δὲ	_	_
8.1	1532	[3]	ἐκ	_	_
8.1	1533	[19]	τοῦ	_	_
8.1	1534	[2]	ἥπατος	_	_
8.1	1535	[1]	ἐκφυομένης	_	_
8.1	1536	[1]	μεγίστης	_	_
8.1	1537	[2]	φλεβὸς	_	_
8.1	1538	[140]	,	b	_
8.1	1539	[3]	ἣν	_	_
8.1	1540	[1]	κοίλην	_	_
8.1	1541	[1]	ὀνομάζουσιν	_	_
8.1	1542	[141]	,	b	_
8.1	1543	[1]	ἧς	_	_
8.1	1544	[3]	ὥσπερ	_	_
8.1	1545	[1]	κλάδοι	_	_
8.1	1546	[1]	τινὲς	_	_
8.1	1547	[1]	σχίζονται	_	_
8.1	1548	[1]	φλέβες	_	_
8.1	1549	[1]	ἄλλαι	_	_
8.1	1550	[1]	πάντη	_	_
8.1	1551	[20]	τοῦ	_	_
8.1	1552	[2]	σώματος	_	_
8.1	1553	[1]	φερόμεναι	_	_
8.1	1554	[34]	.	b	_
8.1	1555	[3]	ἐξ	_	_
8.1	1556	[3]	ὧν	_	_
8.1	1557	[1]	ἐπεραίνετο	_	_
8.1	1558	[12]	ἡ	_	_
8.1	1559	[29]	τῶν	_	_
8.1	1560	[2]	φλεβῶν	_	_
8.1	1561	[6]	ἀρχὴ	_	_
8.1	1562	[21]	τὸ	_	_
8.1	1563	[1]	ἧπαρ	_	_
8.1	1564	[4]	ὑπάρχειν	_	_
8.1	1565	[142]	,	b	_
8.1	1566	[1]	ᾧ	_	_
8.1	1567	[1]	πάλιν	_	_
8.1	1568	[1]	εἵπετο	_	_
8.1	1569	[143]	,	b	_
8.1	1570	[61]	καὶ	_	_
8.1	1571	[25]	τῆς	_	_
8.1	1572	[1]	κοινῆς	_	_
8.1	1573	[5]	πρὸς	_	_
8.1	1574	[21]	τὰ	_	_
8.1	1575	[2]	φυτὰ	_	_
8.1	1576	[2]	δυνάμεως	_	_
8.1	1577	[2]	ἀρχὴν	_	_
8.1	1578	[10]	εἶναι	_	_
8.1	1579	[5]	τοῦτο	_	_
8.1	1580	[22]	τὸ	_	_
8.1	1581	[1]	σπλάγχνον	_	_
8.1	1582	[144]	,	b	_
8.1	1583	[1]	ἥντινα	_	_
8.1	1584	[1]	δύναμιν	_	_
8.1	1585	[9]	ὁ	_	_
8.1	1586	[2]	Πλάτων	_	_
8.1	1587	[1]	ἐπιθυμητικὴν	_	_
8.1	1588	[1]	ὀνομάζει	_	_
8.1	1589	[35]	.	b	_
8.1	1590	[2]	αὕτη	_	_
8.1	1591	[21]	μὲν	_	_
8.1	1592	[3]	ἀπόδειξις	_	_
8.1	1593	[2]	μία	_	_
8.1	1594	[21]	τοῦ	_	_
8.1	1595	[23]	τὸ	_	_
8.1	1596	[2]	ἧπαρ	_	_
8.1	1597	[3]	ἀρχὴν	_	_
8.1	1598	[11]	εἶναι	_	_
8.1	1599	[26]	τῆς	_	_
8.1	1600	[2]	ἐπιθυμητικῆς	_	_
8.1	1601	[3]	δυνάμεως	_	_
8.1	1602	[62]	καὶ	_	_
8.1	1603	[30]	τῶν	_	_
8.1	1604	[3]	φλεβῶν	_	_
8.1	1605	[16]	·	b	_
8.1	1606	[1]	ἑτέρα	_	_
8.1	1607	[13]	δ	_	_
8.1	1608	[43]	’	b	_
8.1	1609	[4]	ἐκ	_	_
8.1	1610	[22]	τοῦ	_	_
8.1	1611	[2]	μηδὲν	_	_
8.1	1612	[2]	ἄλλο	_	_
8.1	1613	[1]	μόριον	_	_
8.1	1614	[1]	εὑρίσκεσθαι	_	_
8.1	1615	[11]	κατὰ	_	_
8.1	1616	[1]	τό	_	_
8.1	1617	[1]	ζῶον	_	_
8.1	1618	[145]	,	b	_
8.1	1619	[2]	ᾧ	_	_
8.1	1620	[1]	συμφυεῖς	_	_
8.1	1621	[2]	εἰσιν	_	_
8.1	1622	[6]	αἱ	_	_
8.1	1623	[2]	φλέβες	_	_
8.1	1624	[1]	ἅπασαι	_	_
8.1	1625	[146]	,	b	_
8.1	1626	[1]	λαμβανομένη	_	_
8.1	1627	[36]	.	b	_
8.1	1628	[13]	τὴν	_	_
8.1	1629	[6]	γὰρ	_	_
8.1	1630	[5]	ἐκ	_	_
8.1	1631	[31]	τῶν	_	_
8.1	1632	[1]	κυρτῶν	_	_
8.1	1633	[23]	τοῦ	_	_
8.1	1634	[3]	ἥπατος	_	_
8.1	1635	[1]	ἐκφυομένην	_	_
8.1	1636	[1]	φλέβα	_	_
8.1	1637	[14]	τὴν	_	_
8.1	1638	[2]	κοίλην	_	_
8.1	1639	[1]	ἔνιοί	_	_
8.1	1640	[1]	φασι	_	_
8.1	1641	[27]	τῆς	_	_
8.1	1642	[1]	δεξιᾶς	_	_
8.1	1643	[27]	ἐν	_	_
8.1	1644	[5]	τῇ	_	_
8.1	1645	[4]	καρδίᾳ	_	_
8.1	1646	[1]	κοιλίας	_	_
8.1	1647	[1]	ἐκπεφυκέναι	_	_
8.1	1648	[37]	.	b	_
8.1	1649	[1]	εἴπερ	_	_
8.1	1650	[6]	οὖν	_	_
8.1	1651	[3]	ἀπ	_	_
8.1	1652	[44]	’	b	_
8.1	1653	[1]	ἐκείνης	_	_
8.1	1654	[2]	ἀνάλογον	_	_
8.1	1655	[2]	κλάδοις	_	_
8.1	1656	[7]	αἱ	_	_
8.1	1657	[12]	κατὰ	_	_
8.1	1658	[24]	τὸ	_	_
8.1	1659	[1]	σῶμα	_	_
8.1	1660	[1]	πᾶν	_	_
8.1	1661	[1]	ἀποσχίζονται	_	_
8.1	1662	[3]	φλέβες	_	_
8.1	1663	[147]	,	b	_
8.1	1664	[1]	εἴη	_	_
8.1	1665	[2]	ἂν	_	_
8.1	1666	[2]	ἁπασῶν	_	_
8.1	1667	[6]	αὐτῶν	_	_
8.1	1668	[7]	ἀρχὴ	_	_
8.1	1669	[13]	ἡ	_	_
8.1	1670	[2]	καρδία	_	_
8.1	1671	[38]	.	b	_
8.1	1672	[5]	ἀλλ	_	_
8.1	1673	[45]	’	b	_
8.1	1674	[1]	αἵ	_	_
8.1	1675	[2]	γ	_	_
8.1	1676	[46]	’	b	_
8.1	1677	[6]	ἐκ	_	_
8.1	1678	[32]	τῶν	_	_
8.1	1679	[1]	σιμῶν	_	_
8.1	1680	[24]	τοῦ	_	_
8.1	1681	[4]	ἥπατος	_	_
8.1	1682	[3]	ἀνάλογον	_	_
8.1	1683	[1]	ῥίζαις	_	_
8.1	1684	[4]	εἰς	_	_
8.1	1685	[15]	τὴν	_	_
8.1	1686	[2]	γαστέρα	_	_
8.1	1687	[148]	,	b	_
8.1	1688	[1]	τήν	_	_
8.1	1689	[19]	τε	_	_
8.1	1690	[1]	νῆστιν	_	_
8.1	1691	[63]	καὶ	_	_
8.1	1692	[25]	τὸ	_	_
8.1	1693	[1]	λεπτὸν	_	_
8.1	1694	[1]	ἔντερον	_	_
8.1	1695	[149]	,	b	_
8.1	1696	[64]	καὶ	_	_
8.1	1697	[26]	τὸ	_	_
8.1	1698	[1]	τυφλὸν	_	_
8.1	1699	[150]	,	b	_
8.1	1700	[65]	καὶ	_	_
8.1	1701	[27]	τὸ	_	_
8.1	1702	[1]	κῶλον	_	_
8.1	1703	[151]	,	b	_
8.1	1704	[3]	εἴς	_	_
8.1	1705	[20]	τε	_	_
8.1	1706	[28]	τὸ	_	_
8.1	1707	[1]	ἀπευθυσμένον	_	_
8.1	1708	[1]	ὀνομαζόμενον	_	_
8.1	1709	[152]	,	b	_
8.1	1710	[66]	καὶ	_	_
8.1	1711	[7]	τὸν	_	_
8.1	1712	[1]	σπλῆνα	_	_
8.1	1713	[153]	,	b	_
8.1	1714	[67]	καὶ	_	_
8.1	1715	[29]	τὸ	_	_
8.1	1716	[1]	ἐπίπλοον	_	_
8.1	1717	[1]	ἥκουσαι	_	_
8.1	1718	[4]	φλέβες	_	_
8.1	1719	[6]	οὐκ	_	_
8.1	1720	[2]	ἀπὸ	_	_
8.1	1721	[2]	ταύτης	_	_
8.1	1722	[1]	πεφύκασιν	_	_
8.1	1723	[154]	,	b	_
8.1	1724	[6]	ἀλλ	_	_
8.1	1725	[47]	’	b	_
8.1	1726	[1]	ἔστιν	_	_
8.1	1727	[2]	ἑτέρα	_	_
8.1	1728	[1]	φλὲψ	_	_
8.1	1729	[3]	ἁπασῶν	_	_
8.1	1730	[2]	τούτων	_	_
8.1	1731	[8]	ἀρχὴ	_	_
8.1	1732	[13]	κατὰ	_	_
8.1	1733	[6]	τὰς	_	_
8.1	1734	[1]	πύλας	_	_
8.1	1735	[25]	τοῦ	_	_
8.1	1736	[5]	ἥπατος	_	_
8.1	1737	[1]	τεταγμένη	_	_
8.1	1738	[39]	.	b	_
8.1	1739	[2]	πῶς	_	_
8.1	1740	[7]	οὖν	_	_
8.1	1741	[2]	ἔτι	_	_
8.1	1742	[9]	ἀρχὴ	_	_
8.1	1743	[33]	τῶν	_	_
8.1	1744	[4]	φλεβῶν	_	_
8.1	1745	[14]	ἡ	_	_
8.1	1746	[1]	δεξιὰ	_	_
8.1	1747	[28]	τῆς	_	_
8.1	1748	[1]	καρδίας	_	_
8.1	1749	[2]	ἔσται	_	_
8.1	1750	[1]	κοιλία	_	_
8.1	1751	[155]	,	b	_
8.1	1752	[3]	μήτε	_	_
8.1	1753	[34]	τῶν	_	_
8.1	1754	[3]	εἰρημένων	_	_
8.1	1755	[5]	φλεβῶν	_	_
8.1	1756	[156]	,	b	_
8.1	1757	[4]	μήτε	_	_
8.1	1758	[6]	πρὸς	_	_
8.1	1759	[1]	αὐταῖς	_	_
8.1	1760	[35]	τῶν	_	_
8.1	1761	[28]	ἐν	_	_
8.1	1762	[7]	τοῖς	_	_
8.1	1763	[1]	σιμοῖς	_	_
8.1	1764	[26]	τοῦ	_	_
8.1	1765	[6]	ἥπατος	_	_
8.1	1766	[1]	συναπτομένων	_	_
8.1	1767	[6]	τῇ	_	_
8.1	1768	[5]	καρδίᾳ	_	_
8.1	1769	[4]	;	b	_
8.1	1770	[3]	ἧπαρ	_	_
8.1	1771	[21]	δὲ	_	_
8.1	1772	[68]	καὶ	_	_
8.1	1773	[2]	ταύταις	_	_
8.1	1774	[1]	ἁπάσαις	_	_
8.1	1775	[1]	συνῆπται	_	_
8.1	1776	[4]	ταῖς	_	_
8.1	1777	[1]	φλεψὶ	_	_
8.1	1778	[69]	καὶ	_	_
8.1	1779	[5]	ταῖς	_	_
8.1	1780	[4]	καθ	_	_
8.1	1781	[48]	’	b	_
8.1	1782	[2]	ὅλον	_	_
8.1	1783	[30]	τὸ	_	_
8.1	1784	[2]	σῶμα	_	_
8.1	1785	[8]	διὰ	_	_
8.1	1786	[29]	τῆς	_	_
8.1	1787	[7]	ἐκ	_	_
8.1	1788	[36]	τῶν	_	_
8.1	1789	[2]	κυρτῶν	_	_
8.1	1790	[3]	αὐτοῦ	_	_
8.1	1791	[1]	μερῶν	_	_
8.1	1792	[1]	ἐκπεφυκυίας	_	_
8.1	1793	[157]	,	b	_
8.1	1794	[4]	ἣν	_	_
8.1	1795	[9]	οἱ	_	_
8.1	1796	[22]	μὲν	_	_
8.1	1797	[1]	πλεῖστοι	_	_
8.1	1798	[37]	τῶν	_	_
8.1	1799	[1]	ἰατρῶν	_	_
8.1	1800	[3]	κοίλην	_	_
8.1	1801	[1]	ὀνομάζουσι	_	_
8.1	1802	[9]	διὰ	_	_
8.1	1803	[31]	τὸ	_	_
8.1	1804	[1]	μέγεθος	_	_
8.1	1805	[158]	,	b	_
8.1	1806	[2]	Ἱπποκράτης	_	_
8.1	1807	[22]	δὲ	_	_
8.1	1808	[70]	καὶ	_	_
8.1	1809	[2]	ὅσοι	_	_
8.1	1810	[22]	τὰ	_	_
8.1	1811	[2]	τούτου	_	_
8.1	1812	[1]	πρεσβεύουσιν	_	_
8.1	1813	[159]	,	b	_
8.1	1814	[1]	ἡπατῖτιν	_	_
8.1	1815	[3]	ἀπὸ	_	_
8.1	1816	[27]	τοῦ	_	_
8.1	1817	[1]	σπλάγχνου	_	_
8.1	1818	[1]	προσονομάζουσιν	_	_
8.1	1819	[160]	,	b	_
8.1	1820	[1]	ὅθεν	_	_
8.1	1821	[1]	ἐκπέφυκεν	_	_
8.1	1822	[3]	αὕτη	_	_
8.1	1823	[40]	.	b	_
8.1	1824	[1]	τοιγαροῦν	_	_
8.1	1825	[1]	ἤδη	_	_
8.1	1826	[2]	σοι	_	_
8.1	1827	[1]	δευτέρα	_	_
8.1	1828	[16]	περὶ	_	_
8.1	1829	[7]	ἥπατος	_	_
8.1	1830	[4]	ἀπόδειξις	_	_
8.1	1831	[161]	,	b	_
8.1	1832	[14]	ὡς	_	_
8.1	1833	[4]	ἁπασῶν	_	_
8.1	1834	[2]	ἐστι	_	_
8.1	1835	[6]	φλεβῶν	_	_
8.1	1836	[10]	ἀρχὴ	_	_
8.1	1837	[162]	,	b	_
8.1	1838	[10]	διὰ	_	_
8.1	1839	[6]	τοῦτο	_	_
8.1	1840	[23]	δὲ	_	_
8.1	1841	[71]	καὶ	_	_
8.1	1842	[30]	τῆς	_	_
8.1	1843	[1]	θρεπτικῆς	_	_
8.1	1844	[4]	δυνάμεως	_	_
8.1	1845	[41]	.	b	_
8.1	1846	[1]	ἄλλη	_	_
8.1	1847	[14]	δ	_	_
8.1	1848	[49]	’	b	_
8.1	1849	[8]	ἐκ	_	_
8.1	1850	[1]	περιουσίας	_	_
8.1	1851	[1]	τρίτη	_	_
8.1	1852	[1]	τοιάδε	_	_
8.1	1853	[3]	τις	_	_
8.1	1854	[42]	.	b	_
8.1	1855	[1]	ἐὰν	_	_
8.1	1856	[16]	τὴν	_	_
8.1	1857	[1]	δεξιὰν	_	_
8.1	1858	[31]	τῆς	_	_
8.1	1859	[2]	καρδίας	_	_
8.1	1860	[1]	κοιλίαν	_	_
8.1	1861	[4]	ἀρχὴν	_	_
8.1	1862	[1]	ὑποθώμεθα	_	_
8.1	1863	[32]	τῆς	_	_
8.1	1864	[1]	κοίλης	_	_
8.1	1865	[3]	φλεβὸς	_	_
8.1	1866	[163]	,	b	_
8.1	1867	[1]	ἐναντίως	_	_
8.1	1868	[3]	ἔσται	_	_
8.1	1869	[10]	τῷ	_	_
8.1	1870	[1]	φαινομένῳ	_	_
8.1	1871	[72]	καὶ	_	_
8.1	1872	[29]	ἐν	_	_
8.1	1873	[6]	ταῖς	_	_
8.1	1874	[38]	τῶν	_	_
8.1	1875	[1]	ἰχθύων	_	_
8.1	1876	[1]	ἀνατομαῖς	_	_
8.1	1877	[1]	εὑρισκομένῳ	_	_
8.1	1878	[43]	.	b	_
8.1	1879	[1]	οὐδενὸς	_	_
8.1	1880	[8]	οὖν	_	_
8.1	1881	[7]	αὐτῶν	_	_
8.1	1882	[15]	ἡ	_	_
8.1	1883	[3]	καρδία	_	_
8.1	1884	[2]	δεξιὰν	_	_
8.1	1885	[1]	ἔχει	_	_
8.1	1886	[2]	κοιλίαν	_	_
8.1	1887	[164]	,	b	_
8.1	1888	[3]	ὅτι	_	_
8.1	1889	[3]	μηδὲ	_	_
8.1	1890	[1]	πνεύμων	_	_
8.1	1891	[3]	ἐστὶ	_	_
8.1	1892	[8]	τοῖς	_	_
8.1	1893	[2]	ζώοις	_	_
8.1	1894	[3]	ἐκείνοις	_	_
8.1	1895	[44]	.	b	_
8.1	1896	[11]	διὰ	_	_
8.1	1897	[1]	τί	_	_
8.1	1898	[24]	δὲ	_	_
8.1	1899	[1]	γεννᾶταί	_	_
8.1	1900	[21]	τε	_	_
8.1	1901	[73]	καὶ	_	_
8.1	1902	[1]	συναπόλλυται	_	_
8.1	1903	[1]	πνεύμονι	_	_
8.1	1904	[33]	τῆς	_	_
8.1	1905	[3]	καρδίας	_	_
8.1	1906	[16]	ἡ	_	_
8.1	1907	[2]	δεξιὰ	_	_
8.1	1908	[2]	κοιλία	_	_
8.1	1909	[165]	,	b	_
8.1	1910	[1]	δέδεικταί	_	_
8.1	1911	[1]	μοι	_	_
8.1	1912	[14]	κατὰ	_	_
8.1	1913	[17]	τὴν	_	_
8.1	1914	[17]	περὶ	_	_
8.1	1915	[1]	χρείας	_	_
8.1	1916	[1]	μορίων	_	_
8.1	1917	[1]	πραγματείαν	_	_
8.1	1918	[45]	.	b	_
8.1	1919	[9]	ἐκ	_	_
8.1	1920	[2]	περιουσίας	_	_
8.1	1921	[23]	μὲν	_	_
8.1	1922	[166]	,	b	_
8.1	1923	[15]	ὡς	_	_
8.1	1924	[2]	ἔφην	_	_
8.1	1925	[167]	,	b	_
8.1	1926	[8]	οὐ	_	_
8.1	1927	[1]	σμικρὰ	_	_
8.1	1928	[11]	τῷ	_	_
8.1	1929	[1]	δόγματι	_	_
8.1	1930	[1]	πίστις	_	_
8.1	1931	[4]	ἐστὶ	_	_
8.1	1932	[74]	καὶ	_	_
8.1	1933	[10]	ἐκ	_	_
8.1	1934	[28]	τοῦ	_	_
8.1	1935	[1]	νῦν	_	_
8.1	1936	[1]	εἰρημένου	_	_
8.1	1937	[3]	λόγου	_	_
8.1	1938	[46]	.	b	_
8.1	1939	[1]	προσέρχεται	_	_
8.1	1940	[25]	δὲ	_	_
8.1	1941	[75]	καὶ	_	_
8.1	1942	[2]	ἄλλη	_	_
8.1	1943	[4]	τις	_	_
8.1	1944	[1]	ὁμοία	_	_
8.1	1945	[1]	τῇδε	_	_
8.1	1946	[168]	,	b	_
8.1	1947	[18]	τὴν	_	_
8.1	1948	[1]	εὐθύτητα	_	_
8.1	1949	[34]	τῆς	_	_
8.1	1950	[2]	κοίλης	_	_
8.1	1951	[1]	ἡμῶν	_	_
8.1	1952	[1]	ἐπισκεπτομένων	_	_
8.1	1953	[47]	.	b	_
8.1	1954	[1]	ὁρᾶται	_	_
8.1	1955	[7]	γὰρ	_	_
8.1	1956	[4]	ἀπὸ	_	_
8.1	1957	[39]	τῶν	_	_
8.1	1958	[3]	κυρτῶν	_	_
8.1	1959	[29]	τοῦ	_	_
8.1	1960	[8]	ἥπατος	_	_
8.1	1961	[1]	ἄχρι	_	_
8.1	1962	[40]	τῶν	_	_
8.1	1963	[1]	σφαγῶν	_	_
8.1	1964	[1]	ἅπαν	_	_
8.1	1965	[24]	μὲν	_	_
8.1	1966	[3]	αὐτῆς	_	_
8.1	1967	[32]	τὸ	_	_
8.1	1968	[1]	δεξιὸν	_	_
8.1	1969	[1]	μέρος	_	_
8.1	1970	[1]	εὐθείᾳ	_	_
8.1	1971	[1]	μιᾷ	_	_
8.1	1972	[1]	ἄκλαστον	_	_
8.1	1973	[1]	φυλάττον	_	_
8.1	1974	[1]	αὐτὴν	_	_
8.1	1975	[169]	,	b	_
8.1	1976	[11]	ἐκ	_	_
8.1	1977	[26]	δὲ	_	_
8.1	1978	[41]	τῶν	_	_
8.1	1979	[1]	ἀριστερῶν	_	_
8.1	1980	[1]	ἀπόφυσις	_	_
8.1	1981	[5]	εἰς	_	_
8.1	1982	[19]	τὴν	_	_
8.1	1983	[3]	δεξιὰν	_	_
8.1	1984	[3]	κοιλίαν	_	_
8.1	1985	[35]	τῆς	_	_
8.1	1986	[4]	καρδίας	_	_
8.1	1987	[1]	γιγνομένη	_	_
8.1	1988	[170]	,	b	_
8.1	1989	[2]	ἥντινα	_	_
8.1	1990	[2]	φλέβα	_	_
8.1	1991	[1]	νομίζουσιν	_	_
8.1	1992	[2]	ἔνιοι	_	_
8.1	1993	[33]	τὸ	_	_
8.1	1994	[1]	πρέμνον	_	_
8.1	1995	[171]	,	b	_
8.1	1996	[16]	ὡς	_	_
8.1	1997	[3]	ἂν	_	_
8.1	1998	[1]	εἴποι	_	_
8.1	1999	[5]	τις	_	_
8.1	2000	[172]	,	b	_
8.1	2001	[12]	εἶναι	_	_
8.1	2002	[42]	τῶν	_	_
8.1	2003	[5]	καθ	_	_
8.1	2004	[50]	’	b	_
8.1	2005	[3]	ὅλον	_	_
8.1	2006	[34]	τὸ	_	_
8.1	2007	[3]	σῶμα	_	_
8.1	2008	[7]	φλεβῶν	_	_
8.1	2009	[48]	.	b	_
8.1	2010	[2]	εἰ	_	_
8.1	2011	[1]	δέ	_	_
8.1	2012	[1]	περ	_	_
8.1	2013	[2]	ἦν	_	_
8.1	2014	[1]	ἀληθὲς	_	_
8.1	2015	[7]	τοῦτο	_	_
8.1	2016	[173]	,	b	_
8.1	2017	[1]	πάντως	_	_
8.1	2018	[4]	ἂν	_	_
8.1	2019	[1]	ἐσχίζετο	_	_
8.1	2020	[76]	καὶ	_	_
8.1	2021	[4]	αὕτη	_	_
8.1	2022	[2]	μετὰ	_	_
8.1	2023	[20]	τὴν	_	_
8.1	2024	[1]	ἔκφυσιν	_	_
8.1	2025	[1]	ὡσαύτως	_	_
8.1	2026	[7]	τῇ	_	_
8.1	2027	[1]	μεγάλῃ	_	_
8.1	2028	[1]	ἀρτηρίᾳ	_	_
8.1	2029	[174]	,	b	_
8.1	2030	[5]	ἣν	_	_
8.1	2031	[1]	ὁμολογουμένως	_	_
8.1	2032	[5]	ἁπασῶν	_	_
8.1	2033	[43]	τῶν	_	_
8.1	2034	[6]	καθ	_	_
8.1	2035	[51]	’	b	_
8.1	2036	[4]	ὅλον	_	_
8.1	2037	[35]	τὸ	_	_
8.1	2038	[2]	ζῶον	_	_
8.1	2039	[3]	ἀρτηριῶν	_	_
8.1	2040	[5]	ἀρχὴν	_	_
8.1	2041	[1]	οὖσαν	_	_
8.1	2042	[1]	ἰδεῖν	_	_
8.1	2043	[2]	ἔστι	_	_
8.1	2044	[15]	κατὰ	_	_
8.1	2045	[36]	τὸ	_	_
8.1	2046	[2]	πρῶτον	_	_
8.1	2047	[1]	ἐκφῦναι	_	_
8.1	2048	[36]	τῆς	_	_
8.1	2049	[5]	καρδίας	_	_
8.1	2050	[1]	δίχα	_	_
8.1	2051	[1]	σχιζομένην	_	_
8.1	2052	[175]	,	b	_
8.1	2053	[2]	ὅπως	_	_
8.1	2054	[44]	τῶν	_	_
8.1	2055	[2]	μερῶν	_	_
8.1	2056	[4]	αὐτῆς	_	_
8.1	2057	[37]	τὸ	_	_
8.1	2058	[25]	μὲν	_	_
8.1	2059	[1]	ἕτερον	_	_
8.1	2060	[1]	ἄνω	_	_
8.1	2061	[176]	,	b	_
8.1	2062	[38]	τὸ	_	_
8.1	2063	[27]	δὲ	_	_
8.1	2064	[2]	ἕτερον	_	_
8.1	2065	[1]	ἐνεχθείη	_	_
8.1	2066	[1]	κάτω	_	_
8.1	2067	[30]	τοῦ	_	_
8.1	2068	[3]	σώματος	_	_
8.1	2069	[49]	.	b	_
8.1	2070	[2]	ὥστε	_	_
8.1	2071	[77]	καὶ	_	_
8.1	2072	[3]	εἰ	_	_
8.1	2073	[17]	ἡ	_	_
8.1	2074	[1]	κοίλη	_	_
8.1	2075	[2]	φλὲψ	_	_
8.1	2076	[37]	τῆς	_	_
8.1	2077	[6]	καρδίας	_	_
8.1	2078	[1]	ἐφύετο	_	_
8.1	2079	[177]	,	b	_
8.1	2080	[2]	πάντως	_	_
8.1	2081	[5]	ἂν	_	_
8.1	2082	[78]	καὶ	_	_
8.1	2083	[5]	αὕτη	_	_
8.1	2084	[1]	παραπλησίως	_	_
8.1	2085	[8]	τῇ	_	_
8.1	2086	[2]	ἀρτηρίᾳ	_	_
8.1	2087	[2]	δίχα	_	_
8.1	2088	[1]	σχισθεῖσα	_	_
8.1	2089	[12]	τῷ	_	_
8.1	2090	[26]	μὲν	_	_
8.1	2091	[1]	ἑτέρῳ	_	_
8.1	2092	[1]	μέρει	_	_
8.1	2093	[7]	πρὸς	_	_
8.1	2094	[7]	τὰς	_	_
8.1	2095	[1]	σφαγὰς	_	_
8.1	2096	[1]	ἀνηνέχθη	_	_
8.1	2097	[178]	,	b	_
8.1	2098	[13]	τῷ	_	_
8.1	2099	[28]	δὲ	_	_
8.1	2100	[2]	ἑτέρῳ	_	_
8.1	2101	[1]	κατηνέχθη	_	_
8.1	2102	[8]	πρὸς	_	_
8.1	2103	[39]	τὸ	_	_
8.1	2104	[4]	ἧπαρ	_	_
8.1	2105	[17]	·	b	_
8.1	2106	[1]	οὗ	_	_
8.1	2107	[6]	μὴ	_	_
8.1	2108	[1]	φαινομένου	_	_
8.1	2109	[1]	δῆλόν	_	_
8.1	2110	[5]	ἐστιν	_	_
8.1	2111	[179]	,	b	_
8.1	2112	[2]	οὐδὲ	_	_
8.1	2113	[12]	ἐκ	_	_
8.1	2114	[38]	τῆς	_	_
8.1	2115	[7]	καρδίας	_	_
8.1	2116	[2]	αὐτὴν	_	_
8.1	2117	[1]	ἄρχεσθαι	_	_
8.1	2118	[50]	.	b	_
8.1	2119	[1]	αὗται	_	_
8.1	2120	[1]	τέτταρες	_	_
8.1	2121	[1]	ἀποδείξεις	_	_
8.1	2122	[1]	εἰσὶν	_	_
8.1	2123	[1]	εἰρημέναι	_	_
8.1	2124	[16]	κατὰ	_	_
8.1	2125	[40]	τὸ	_	_
8.1	2126	[39]	τῆς	_	_
8.1	2127	[1]	προκειμένης	_	_
8.1	2128	[2]	πραγματείας	_	_
8.1	2129	[2]	ἕκτον	_	_
8.1	2130	[1]	γράμμα	_	_
8.1	2131	[9]	τοῖς	_	_
8.1	2132	[1]	εἰδόσι	_	_
8.1	2133	[180]	,	b	_
8.1	2134	[2]	τί	_	_
8.1	2135	[1]	ποτ	_	_
8.1	2136	[52]	’	b	_
8.1	2137	[4]	ἐστὶν	_	_
8.1	2138	[5]	ἀπόδειξις	_	_
8.1	2139	[181]	,	b	_
8.1	2140	[1]	αὐτάρκως	_	_
8.1	2141	[51]	.	b	_
8.1	2142	[1]	εἴρηται	_	_
8.1	2143	[29]	δὲ	_	_
8.1	2144	[79]	καὶ	_	_
8.1	2145	[3]	ἄλλα	_	_
8.1	2146	[1]	τινὰ	_	_
8.1	2147	[17]	κατὰ	_	_
8.1	2148	[41]	τὸ	_	_
8.1	2149	[4]	βιβλίον	_	_
8.1	2150	[6]	εἰς	_	_
8.1	2151	[2]	πίστιν	_	_
8.1	2152	[31]	τοῦ	_	_
8.1	2153	[1]	δόγματος	_	_
8.1	2154	[182]	,	b	_
8.1	2155	[9]	οὐ	_	_
8.1	2156	[5]	μὴν	_	_
8.1	2157	[1]	ἐπιστημονικήν	_	_
8.1	2158	[5]	γε	_	_
8.1	2159	[21]	τὴν	_	_
8.1	2160	[2]	ἀπόδειξιν	_	_
8.1	2161	[2]	ἔχοντα	_	_
8.1	2162	[183]	,	b	_
8.1	2163	[2]	καθάπερ	_	_
8.1	2164	[10]	οἱ	_	_
8.1	2165	[2]	πρῶτοι	_	_
8.1	2166	[4]	δύο	_	_
8.1	2167	[1]	λόγοι	_	_
8.1	2168	[52]	.	b	_
8.1	2169	[80]	καὶ	_	_
8.1	2170	[2]	μέντοι	_	_
8.1	2171	[81]	καὶ	_	_
8.1	2172	[1]	ἀντιλογία	_	_
8.1	2173	[6]	τις	_	_
8.1	2174	[2]	εἴρηται	_	_
8.1	2175	[9]	πρὸς	_	_
8.1	2176	[15]	τοὺς	_	_
8.1	2177	[1]	ἑτέρως	_	_
8.1	2178	[1]	δοξάζοντας	_	_
8.1	2179	[53]	.	b	_
8.1	2180	[3]	ὥστε	_	_
8.1	2181	[184]	,	b	_
8.1	2182	[1]	ὅσον	_	_
8.1	2183	[3]	ἐπ	_	_
8.1	2184	[53]	’	b	_
8.1	2185	[1]	ἐμοὶ	_	_
8.1	2186	[185]	,	b	_
8.1	2187	[12]	διὰ	_	_
8.1	2188	[1]	βραχυτάτων	_	_
8.1	2189	[2]	ἤδη	_	_
8.1	2190	[42]	τὸ	_	_
8.1	2191	[1]	προκείμενον	_	_
8.1	2192	[1]	ἀποδέδεικται	_	_
8.1	2193	[186]	,	b	_
8.1	2194	[82]	καὶ	_	_
8.1	2195	[1]	χρὴ	_	_
8.1	2196	[32]	τοῦ	_	_
8.1	2197	[2]	μήκους	_	_
8.1	2198	[45]	τῶν	_	_
8.1	2199	[7]	λόγων	_	_
8.1	2200	[4]	οὐχ	_	_
8.1	2201	[2]	ἡμῖν	_	_
8.1	2202	[1]	ἐλέγχουσιν	_	_
8.1	2203	[187]	,	b	_
8.1	2204	[3]	οὓς	_	_
8.1	2205	[1]	ἡμαρτημένους	_	_
8.1	2206	[1]	ἔγραψαν	_	_
8.1	2207	[2]	ἐκεῖνοι	_	_
8.1	2208	[3]	λόγους	_	_
8.1	2209	[188]	,	b	_
8.1	2210	[4]	ἀλλὰ	_	_
8.1	2211	[10]	τοῖς	_	_
8.1	2212	[1]	συνθεῖσιν	_	_
8.1	2213	[2]	αὐτοὺς	_	_
8.1	2214	[1]	μέμφεσθαι	_	_
8.1	2215	[54]	.	b	_
8.1	2216	[2]	τριῶν	_	_
8.1	2217	[9]	οὖν	_	_
8.1	2218	[1]	βιβλίων	_	_
8.1	2219	[1]	λογικῶν	_	_
8.1	2220	[18]	περὶ	_	_
8.1	2221	[5]	παθῶν	_	_
8.1	2222	[1]	γεγραμμένων	_	_
8.1	2223	[2]	Χρυσίππῳ	_	_
8.1	2224	[189]	,	b	_
8.1	2225	[1]	δυνάμενος	_	_
8.1	2226	[2]	ἀντειπεῖν	_	_
8.1	2227	[190]	,	b	_
8.1	2228	[5]	ἃ	_	_
8.1	2229	[10]	πρὸς	_	_
8.1	2230	[5]	αὐτὸν	_	_
8.1	2231	[1]	διηνέχθην	_	_
8.1	2232	[1]	διελέγχων	_	_
8.1	2233	[191]	,	b	_
8.1	2234	[1]	μηκύνειν	_	_
8.1	2235	[192]	,	b	_
8.1	2236	[5]	οὐχ	_	_
8.1	2237	[1]	ὑπέμεινα	_	_
8.1	2238	[8]	τοῦτο	_	_
8.1	2239	[1]	πρᾶξαι	_	_
8.1	2240	[193]	,	b	_
8.1	2241	[3]	καθάπερ	_	_
8.1	2242	[2]	οὐδ	_	_
8.1	2243	[54]	’	b	_
8.1	2244	[4]	ὅσα	_	_
8.1	2245	[19]	περὶ	_	_
8.1	2246	[40]	τῆς	_	_
8.1	2247	[46]	τῶν	_	_
8.1	2248	[2]	ἀρετῶν	_	_
8.1	2249	[1]	διαφορᾶς	_	_
8.1	2250	[2]	ἔγραψεν	_	_
8.1	2251	[30]	ἐν	_	_
8.1	2252	[1]	τέτταρσι	_	_
8.1	2253	[3]	βιβλίοις	_	_
8.1	2254	[194]	,	b	_
8.1	2255	[2]	ὑπὲρ	_	_
8.1	2256	[4]	ὧν	_	_
8.1	2257	[5]	αὐτῷ	_	_
8.1	2258	[83]	καὶ	_	_
8.1	2259	[10]	ὁ	_	_
8.1	2260	[3]	Ποσειδώνιος	_	_
8.1	2261	[1]	μέμφεται	_	_
8.1	2262	[55]	.	b	_
8.1	2263	[5]	ἀλλὰ	_	_
8.1	2264	[84]	καὶ	_	_
8.1	2265	[20]	περὶ	_	_
8.1	2266	[3]	τούτων	_	_
8.1	2267	[1]	ἐνδειξάμενος	_	_
8.1	2268	[11]	τοῖς	_	_
8.1	2269	[2]	ἀκούειν	_	_
8.1	2270	[1]	δυναμένοις	_	_
8.1	2271	[1]	ἐπιστημονικῶν	_	_
8.1	2272	[3]	ἀποδείξεων	_	_
8.1	2273	[195]	,	b	_
8.1	2274	[1]	ἀνεβαλόμην	_	_
8.1	2275	[5]	ἐπὶ	_	_
8.1	2276	[1]	σχολῆς	_	_
8.1	2277	[2]	αὖθις	_	_
8.1	2278	[1]	ἐπιδείξειν	_	_
8.1	2279	[196]	,	b	_
8.1	2280	[5]	ὅσα	_	_
8.1	2281	[85]	καὶ	_	_
8.1	2282	[11]	πρὸς	_	_
8.1	2283	[6]	αὐτὸν	_	_
8.1	2284	[1]	ἐναντιολογούμενος	_	_
8.1	2285	[1]	ἔγραψε	_	_
8.1	2286	[197]	,	b	_
8.1	2287	[86]	καὶ	_	_
8.1	2288	[12]	πρὸς	_	_
8.1	2289	[22]	τὴν	_	_
8.1	2290	[47]	τῶν	_	_
8.1	2291	[1]	ἐναργῶς	_	_
8.1	2292	[3]	φαινομένων	_	_
8.1	2293	[1]	ἀλήθειαν	_	_
8.1	2294	[56]	.	b	_
8.1	2295	[1]	ἐκείνη	_	_
8.1	2296	[27]	μὲν	_	_
8.1	2297	[10]	οὖν	_	_
8.1	2298	[18]	ἡ	_	_
8.1	2299	[1]	πραγματεία	_	_
8.1	2300	[7]	καθ	_	_
8.1	2301	[55]	’	b	_
8.1	2302	[1]	ἑαυτὴν	_	_
8.1	2303	[1]	γέγραπται	_	_
8.1	2304	[57]	.	b	_
8.2	1	[1]	Νῦν	_	_
8.2	2	[1]	δὲ	_	_
8.2	3	[1]	ποθοῦσιν	_	_
8.2	4	[1]	ἔχειν	_	_
8.2	5	[1]	ἤδη	_	_
8.2	6	[1]	πολλοῖς	_	_
8.2	7	[1]	τῶν	_	_
8.2	8	[1]	φίλων	_	_
8.2	9	[1]	τὰ	_	_
8.2	10	[1]	κατάλοιπα	_	_
8.2	11	[2]	τῶν	_	_
8.2	12	[1]	Ἱπποκράτους	_	_
8.2	13	[1]	καὶ	_	_
8.2	14	[1]	Πλάτωνος	_	_
8.2	15	[1]	δογμάτων	_	_
8.2	16	[1]	ἐνταῦθα	_	_
8.2	17	[1]	τρέψομαι	_	_
8.2	18	[1]	,	b	_
8.2	19	[1]	ἀρχὴν	_	_
8.2	20	[1]	ἀπὸ	_	_
8.2	21	[3]	τῶν	_	_
8.2	22	[1]	φυσικῶν	_	_
8.2	23	[1]	στοιχείων	_	_
8.2	24	[1]	ποιησάμενος	_	_
8.2	25	[1]	.	b	_
8.2	26	[1]	ὀνομάζεται	_	_
8.2	27	[1]	μὲν	_	_
8.2	28	[1]	οὖν	_	_
8.2	29	[1]	στοιχεῖον	_	_
8.2	30	[2]	,	b	_
8.2	31	[1]	ὅπερ	_	_
8.2	32	[1]	ἂν	_	_
8.2	33	[1]	ἐλάχιστον	_	_
8.2	34	[1]	ᾖ	_	_
8.2	35	[1]	μέρος	_	_
8.2	36	[1]	ἐκείνου	_	_
8.2	37	[1]	τοῦ	_	_
8.2	38	[1]	πράγματος	_	_
8.2	39	[3]	,	b	_
8.2	40	[1]	οὗπερ	_	_
8.2	41	[2]	ἂν	_	_
8.2	42	[2]	ᾖ	_	_
8.2	43	[2]	στοιχεῖον	_	_
8.2	44	[1]	·	b	_
8.2	45	[1]	ἐκ	_	_
8.2	46	[1]	γὰρ	_	_
8.2	47	[2]	τοῦ	_	_
8.2	48	[1]	τῆς	_	_
8.2	49	[1]	πρός	_	_
8.2	50	[1]	τι	_	_
8.2	51	[1]	κατηγορίας	_	_
8.2	52	[1]	ἐστὶν	_	_
8.2	53	[1]	ἡ	_	_
8.2	54	[3]	στοιχεῖον	_	_
8.2	55	[1]	φωνὴ	_	_
8.2	56	[4]	,	b	_
8.2	57	[1]	καθάπερ	_	_
8.2	58	[2]	καὶ	_	_
8.2	59	[3]	τοῦ	_	_
8.2	60	[1]	μέρους	_	_
8.2	61	[2]	.	b	_
8.2	62	[1]	τό	_	_
8.2	63	[1]	τε	_	_
8.2	64	[2]	γὰρ	_	_
8.2	65	[4]	στοιχεῖον	_	_
8.2	66	[1]	τινός	_	_
8.2	67	[1]	ἐστι	_	_
8.2	68	[5]	στοιχεῖον	_	_
8.2	69	[5]	,	b	_
8.2	70	[2]	τό	_	_
8.2	71	[2]	τε	_	_
8.2	72	[2]	μέρος	_	_
8.2	73	[2]	τινός	_	_
8.2	74	[2]	ἐστι	_	_
8.2	75	[3]	μέρος	_	_
8.2	76	[3]	.	b	_
8.2	77	[1]	ὥσπερ	_	_
8.2	78	[2]	οὖν	_	_
8.2	79	[2]	τῆς	_	_
8.2	80	[1]	φωνῆς	_	_
8.2	81	[1]	ἡμῶν	_	_
8.2	82	[6]	,	b	_
8.2	83	[1]	ᾗ	_	_
8.2	84	[1]	χρώμεθα	_	_
8.2	85	[1]	διαλεγόμενοι	_	_
8.2	86	[1]	πρὸς	_	_
8.2	87	[1]	ἀλλήλους	_	_
8.2	88	[7]	,	b	_
8.2	89	[1]	τέτταρα	_	_
8.2	90	[3]	καὶ	_	_
8.2	91	[1]	εἴκοσί	_	_
8.2	92	[3]	ἐστι	_	_
8.2	93	[1]	στοιχεῖα	_	_
8.2	94	[8]	,	b	_
8.2	95	[1]	κατὰ	_	_
8.2	96	[1]	τὸν	_	_
8.2	97	[1]	αὐτὸν	_	_
8.2	98	[1]	τρόπον	_	_
8.2	99	[1]	ἁπάντων	_	_
8.2	100	[4]	τῶν	_	_
8.2	101	[1]	γεννητῶν	_	_
8.2	102	[4]	καὶ	_	_
8.2	103	[1]	φθαρτῶν	_	_
8.2	104	[1]	σωμάτων	_	_
8.2	105	[1]	ἐλάχιστα	_	_
8.2	106	[1]	μόρια	_	_
8.2	107	[1]	γῆ	_	_
8.2	108	[5]	καὶ	_	_
8.2	109	[1]	ἀήρ	_	_
8.2	110	[1]	ἐστιν	_	_
8.2	111	[1]	ὕδωρ	_	_
8.2	112	[3]	τε	_	_
8.2	113	[6]	καὶ	_	_
8.2	114	[1]	πῦρ	_	_
8.2	115	[9]	,	b	_
8.2	116	[1]	ἐλαχίστου	_	_
8.2	117	[2]	δὲ	_	_
8.2	118	[1]	λεγομένου	_	_
8.2	119	[4]	τοῦ	_	_
8.2	120	[1]	μηκέτι	_	_
8.2	121	[1]	τομὴν	_	_
8.2	122	[1]	ἐγχωροῦντος	_	_
8.2	123	[4]	.	b	_
8.2	124	[2]	ἡ	_	_
8.2	125	[2]	μὲν	_	_
8.2	126	[3]	γὰρ	_	_
8.2	127	[2]	κατὰ	_	_
8.2	128	[1]	τὸ	_	_
8.2	129	[1]	μέγεθος	_	_
8.2	130	[1]	τομὴ	_	_
8.2	131	[1]	τοιοῦτον	_	_
8.2	132	[1]	οὐδὲν	_	_
8.2	133	[2]	ἐλάχιστον	_	_
8.2	134	[1]	ἔχει	_	_
8.2	135	[10]	,	b	_
8.2	136	[1]	μόνη	_	_
8.2	137	[3]	δὲ	_	_
8.2	138	[3]	ἡ	_	_
8.2	139	[1]	κατ	_	_
8.2	140	[1]	’	b	_
8.2	141	[1]	εἶδος	_	_
8.2	142	[1]	ἵσταταί	_	_
8.2	143	[1]	ποτε	_	_
8.2	144	[11]	,	b	_
8.2	145	[2]	καθάπερ	_	_
8.2	146	[1]	ἐπὶ	_	_
8.2	147	[3]	τῆς	_	_
8.2	148	[2]	φωνῆς	_	_
8.2	149	[5]	.	b	_
8.2	150	[1]	οὔσης	_	_
8.2	151	[1]	γάρ	_	_
8.2	152	[1]	τινος	_	_
8.2	153	[1]	συνθέτου	_	_
8.2	154	[1]	τοιᾶσδε	_	_
8.2	155	[12]	,	b	_
8.2	156	[1]	Μῆνιν	_	_
8.2	157	[1]	ἄειδε	_	_
8.2	158	[13]	,	b	_
8.2	159	[1]	θεὰ	_	_
8.2	160	[14]	,	b	_
8.2	161	[1]	Πηληϊάδεω	_	_
8.2	162	[1]	Ἀχιλῆος	_	_
8.2	163	[15]	,	b	_
8.2	164	[1]	ὅλη	_	_
8.2	165	[1]	μέν	_	_
8.2	166	[2]	ἐστιν	_	_
8.2	167	[1]	αὕτη	_	_
8.2	168	[16]	,	b	_
8.2	169	[1]	μέρη	_	_
8.2	170	[4]	δὲ	_	_
8.2	171	[2]	τὸ	_	_
8.2	172	[1]	μῆνιν	_	_
8.2	173	[17]	,	b	_
8.2	174	[7]	καὶ	_	_
8.2	175	[3]	τὸ	_	_
8.2	176	[2]	ἄειδε	_	_
8.2	177	[18]	,	b	_
8.2	178	[8]	καὶ	_	_
8.2	179	[4]	τὸ	_	_
8.2	180	[2]	θεὰ	_	_
8.2	181	[19]	,	b	_
8.2	182	[9]	καὶ	_	_
8.2	183	[5]	τὸ	_	_
8.2	184	[2]	Πηληϊάδεω	_	_
8.2	185	[20]	,	b	_
8.2	186	[10]	καὶ	_	_
8.2	187	[6]	τὸ	_	_
8.2	188	[2]	Ἀχιλῆος	_	_
8.2	189	[6]	.	b	_
8.2	190	[1]	ἕκαστον	_	_
8.2	191	[5]	δὲ	_	_
8.2	192	[1]	τούτων	_	_
8.2	193	[1]	πάλιν	_	_
8.2	194	[1]	εἰς	_	_
8.2	195	[1]	τὰς	_	_
8.2	196	[1]	συλλαβὰς	_	_
8.2	197	[1]	τέμνεται	_	_
8.2	198	[21]	,	b	_
8.2	199	[11]	καὶ	_	_
8.2	200	[5]	τῶν	_	_
8.2	201	[1]	συλλαβῶν	_	_
8.2	202	[1]	αὖθις	_	_
8.2	203	[1]	ἑκάστη	_	_
8.2	204	[1]	διαίρεσιν	_	_
8.2	205	[2]	εἰς	_	_
8.2	206	[2]	τὰ	_	_
8.2	207	[2]	στοιχεῖα	_	_
8.2	208	[1]	λαμβάνει	_	_
8.2	209	[7]	.	b	_
8.2	210	[4]	τῆς	_	_
8.2	211	[1]	γοῦν	_	_
8.2	212	[1]	πρώτης	_	_
8.2	213	[1]	συλλαβῆς	_	_
8.2	214	[5]	τῆς	_	_
8.2	215	[1]	μὴ	_	_
8.2	216	[1]	συγκειμένης	_	_
8.2	217	[2]	ἐκ	_	_
8.2	218	[1]	δυοῖν	_	_
8.2	219	[2]	στοιχείων	_	_
8.2	220	[22]	,	b	_
8.2	221	[1]	οὐδέτερον	_	_
8.2	222	[1]	αὐτῶν	_	_
8.2	223	[3]	εἰς	_	_
8.2	224	[1]	ἄλλας	_	_
8.2	225	[1]	ἑαυτοῦ	_	_
8.2	226	[1]	φωνὰς	_	_
8.2	227	[1]	ἐλάττους	_	_
8.2	228	[1]	δύναται	_	_
8.2	229	[1]	τμηθῆναι	_	_
8.2	230	[23]	,	b	_
8.2	231	[12]	καὶ	_	_
8.2	232	[1]	διὰ	_	_
8.2	233	[1]	τοῦτο	_	_
8.2	234	[1]	τὴν	_	_
8.2	235	[2]	μὴ	_	_
8.2	236	[1]	φωνὴν	_	_
8.2	237	[1]	ἐλαχίστην	_	_
8.2	238	[4]	τε	_	_
8.2	239	[13]	καὶ	_	_
8.2	240	[1]	ἄτμητον	_	_
8.2	241	[1]	εἷναί	_	_
8.2	242	[1]	φαμεν	_	_
8.2	243	[24]	,	b	_
8.2	244	[1]	ὡς	_	_
8.2	245	[14]	καὶ	_	_
8.2	246	[2]	τὸν	_	_
8.2	247	[1]	Δίωνα	_	_
8.2	248	[1]	καλεῖν	_	_
8.2	249	[1]	ἔθος	_	_
8.2	250	[1]	ἐστὶ	_	_
8.2	251	[1]	τοῖς	_	_
8.2	252	[1]	φιλοσόφοις	_	_
8.2	253	[1]	ἄτομον	_	_
8.2	254	[1]	οὐσίαν	_	_
8.2	255	[8]	.	b	_
8.2	256	[1]	οὕτως	_	_
8.2	257	[6]	δὲ	_	_
8.2	258	[15]	καὶ	_	_
8.2	259	[1]	λόγον	_	_
8.2	260	[1]	βραχύτατον	_	_
8.2	261	[1]	εἴρηκεν	_	_
8.2	262	[1]	ὁ	_	_
8.2	263	[1]	Πλάτων	_	_
8.2	264	[3]	τὸν	_	_
8.2	265	[1]	συγκείμενον	_	_
8.2	266	[1]	ἐξ	_	_
8.2	267	[1]	ὀνόματος	_	_
8.2	268	[16]	καὶ	_	_
8.2	269	[1]	ῥήματος	_	_
8.2	270	[25]	,	b	_
8.2	271	[2]	ὡς	_	_
8.2	272	[2]	λόγον	_	_
8.2	273	[1]	δηλονότι	_	_
8.2	274	[1]	καλῶν	_	_
8.2	275	[2]	βραχύτατον	_	_
8.2	276	[1]	αὐτόν	_	_
8.2	277	[9]	.	b	_
8.2	278	[2]	ἕκαστον	_	_
8.2	279	[4]	γὰρ	_	_
8.2	280	[6]	τῶν	_	_
8.2	281	[2]	κατ	_	_
8.2	282	[2]	’	b	_
8.2	283	[2]	εἶδος	_	_
8.2	284	[1]	λεγομένων	_	_
8.2	285	[5]	τε	_	_
8.2	286	[17]	καὶ	_	_
8.2	287	[1]	νοουμένων	_	_
8.2	288	[26]	,	b	_
8.2	289	[1]	ὅταν	_	_
8.2	290	[2]	μηκέτι	_	_
8.2	291	[1]	χωρῇ	_	_
8.2	292	[2]	τομὴν	_	_
8.2	293	[4]	εἰς	_	_
8.2	294	[1]	εἴδη	_	_
8.2	295	[1]	πλείω	_	_
8.2	296	[27]	,	b	_
8.2	297	[2]	τοῖς	_	_
8.2	298	[1]	τοιούτοις	_	_
8.2	299	[1]	ὀνόμασι	_	_
8.2	300	[1]	προσαγορεύομεν	_	_
8.2	301	[28]	,	b	_
8.2	302	[3]	βραχύτατον	_	_
8.2	303	[29]	,	b	_
8.2	304	[2]	ἄτμητον	_	_
8.2	305	[30]	,	b	_
8.2	306	[6]	στοιχεῖον	_	_
8.2	307	[10]	.	b	_
8.2	308	[1]	περὶ	_	_
8.2	309	[3]	μὲν	_	_
8.2	310	[3]	οὖν	_	_
8.2	311	[5]	τοῦ	_	_
8.2	312	[7]	στοιχεῖον	_	_
8.2	313	[2]	ὀνόματος	_	_
8.2	314	[1]	ὅλον	_	_
8.2	315	[1]	ἔχεις	_	_
8.2	316	[1]	γεγραμμένον	_	_
8.2	317	[1]	βιβλίον	_	_
8.2	318	[1]	ἐν	_	_
8.2	319	[1]	τῇ	_	_
8.2	320	[7]	τῶν	_	_
8.2	321	[1]	ἰατρικῶν	_	_
8.2	322	[1]	ὀνομάτων	_	_
8.2	323	[1]	πραγματείᾳ	_	_
8.2	324	[11]	.	b	_
8.2	325	[2]	περὶ	_	_
8.2	326	[7]	δὲ	_	_
8.2	327	[6]	τῆς	_	_
8.2	328	[3]	κατὰ	_	_
8.2	329	[2]	μέγεθος	_	_
8.2	330	[1]	τομῆς	_	_
8.2	331	[8]	τῶν	_	_
8.2	332	[2]	σωμάτων	_	_
8.2	333	[1]	ἐπιδέδεικται	_	_
8.2	334	[3]	τοῖς	_	_
8.2	335	[1]	γεωμετρικοῖς	_	_
8.2	336	[1]	ἀνδράσιν	_	_
8.2	337	[31]	,	b	_
8.2	338	[3]	ὡς	_	_
8.2	339	[1]	οὐδέποτε	_	_
8.2	340	[1]	στῆναι	_	_
8.2	341	[1]	δυναμένης	_	_
8.2	342	[32]	,	b	_
8.2	343	[1]	ἀλλ	_	_
8.2	344	[3]	’	b	_
8.2	345	[1]	αἰεὶ	_	_
8.2	346	[6]	τοῦ	_	_
8.2	347	[1]	τεμνομένου	_	_
8.2	348	[1]	μικρότερον	_	_
8.2	349	[2]	ἑαυτοῦ	_	_
8.2	350	[7]	τὸ	_	_
8.2	351	[3]	μέγεθος	_	_
8.2	352	[1]	ἔχοντος	_	_
8.2	353	[12]	.	b	_
8.2	354	[1]	ἀπολειπομένης	_	_
8.2	355	[8]	δὲ	_	_
8.2	356	[1]	μόνης	_	_
8.2	357	[7]	τῆς	_	_
8.2	358	[3]	κατ	_	_
8.2	359	[4]	’	b	_
8.2	360	[3]	εἶδος	_	_
8.2	361	[2]	τομῆς	_	_
8.2	362	[33]	,	b	_
8.2	363	[1]	ὡμολόγηται	_	_
8.2	364	[2]	πάλιν	_	_
8.2	365	[2]	αὖθις	_	_
8.2	366	[3]	περὶ	_	_
8.2	367	[8]	τῆς	_	_
8.2	368	[1]	καθ	_	_
8.2	369	[5]	’	b	_
8.2	370	[3]	ἕκαστον	_	_
8.2	371	[1]	γένος	_	_
8.2	372	[9]	τῶν	_	_
8.2	373	[1]	ὄντων	_	_
8.2	374	[34]	,	b	_
8.2	375	[2]	ἄτομον	_	_
8.2	376	[4]	εἶδος	_	_
8.2	377	[1]	εἶναί	_	_
8.2	378	[2]	τι	_	_
8.2	379	[2]	τοιοῦτον	_	_
8.2	380	[35]	,	b	_
8.2	381	[1]	ὁποῖόν	_	_
8.2	382	[3]	ἐστιν	_	_
8.2	383	[2]	ἐν	_	_
8.2	384	[4]	τοῖς	_	_
8.2	385	[1]	φυσικοῖς	_	_
8.2	386	[1]	σώμασι	_	_
8.2	387	[8]	στοιχεῖον	_	_
8.2	388	[36]	,	b	_
8.2	389	[4]	ἡ	_	_
8.2	390	[2]	γῆ	_	_
8.2	391	[18]	καὶ	_	_
8.2	392	[8]	τὸ	_	_
8.2	393	[2]	ὕδωρ	_	_
8.2	394	[1]	ὅ	_	_
8.2	395	[6]	τε	_	_
8.2	396	[1]	ἀὴρ	_	_
8.2	397	[19]	καὶ	_	_
8.2	398	[9]	τὸ	_	_
8.2	399	[2]	πῦρ	_	_
8.2	400	[13]	.	b	_
8.2	401	[1]	ἀποδείξεις	_	_
8.2	402	[9]	δὲ	_	_
8.2	403	[2]	τούτων	_	_
8.2	404	[1]	οὐ	_	_
8.2	405	[1]	δέομαι	_	_
8.2	406	[1]	γράφειν	_	_
8.2	407	[2]	ἐνταῦθα	_	_
8.2	408	[37]	,	b	_
8.2	409	[1]	φθάσαντος	_	_
8.2	410	[1]	γραφῆναι	_	_
8.2	411	[1]	ὑπομνήματος	_	_
8.2	412	[1]	ἑτέρωθι	_	_
8.2	413	[4]	περὶ	_	_
8.2	414	[10]	τῶν	_	_
8.2	415	[2]	καθ	_	_
8.2	416	[6]	’	b	_
8.2	417	[1]	Ἱπποκράτην	_	_
8.2	418	[3]	στοιχείων	_	_
8.2	419	[38]	,	b	_
8.2	420	[1]	ὃ	_	_
8.2	421	[1]	σαφέστερον	_	_
8.2	422	[4]	μὲν	_	_
8.2	423	[3]	ἂν	_	_
8.2	424	[1]	ἐγέγραπτο	_	_
8.2	425	[39]	,	b	_
8.2	426	[3]	καθάπερ	_	_
8.2	427	[20]	καὶ	_	_
8.2	428	[1]	ἄλλα	_	_
8.2	429	[1]	πολλὰ	_	_
8.2	430	[40]	,	b	_
8.2	431	[3]	μὴ	_	_
8.2	432	[2]	πρὸς	_	_
8.2	433	[1]	μόνον	_	_
8.2	434	[1]	ἀποβλέποντι	_	_
8.2	435	[4]	τὸν	_	_
8.2	436	[1]	λαμβάνοντά	_	_
8.2	437	[1]	μου	_	_
8.2	438	[10]	τὸ	_	_
8.2	439	[2]	βιβλίον	_	_
8.2	440	[41]	,	b	_
8.2	441	[2]	ἀλλ	_	_
8.2	442	[7]	’	b	_
8.2	443	[4]	ὡς	_	_
8.2	444	[21]	καὶ	_	_
8.2	445	[11]	τῶν	_	_
8.2	446	[1]	ἀμαθεστέρων	_	_
8.2	447	[2]	ἐκείνου	_	_
8.2	448	[1]	μελλόντων	_	_
8.2	449	[1]	ὁμιλήσειν	_	_
8.2	450	[1]	αὐτῷ	_	_
8.2	451	[14]	.	b	_
8.2	452	[1]	πολλῶν	_	_
8.2	453	[1]	δ	_	_
8.2	454	[8]	’	b	_
8.2	455	[2]	ἔχειν	_	_
8.2	456	[1]	φθασάντων	_	_
8.2	457	[42]	,	b	_
8.2	458	[1]	οὐκ	_	_
8.2	459	[1]	ἔτ	_	_
8.2	460	[9]	’	b	_
8.2	461	[1]	ἔδοξέ	_	_
8.2	462	[1]	μοι	_	_
8.2	463	[2]	γράφειν	_	_
8.2	464	[1]	ἄλλο	_	_
8.2	465	[43]	,	b	_
8.2	466	[1]	τῷ	_	_
8.2	467	[1]	εἶναι	_	_
8.2	468	[1]	ὀλίγους	_	_
8.2	469	[1]	τινὰς	_	_
8.2	470	[3]	ἐν	_	_
8.2	471	[2]	αὐτῷ	_	_
8.2	472	[1]	λόγους	_	_
8.2	473	[1]	μακροτέρας	_	_
8.2	474	[1]	ἐξεργασίας	_	_
8.2	475	[1]	δεομένους	_	_
8.2	476	[44]	,	b	_
8.2	477	[1]	ὧν	_	_
8.2	478	[1]	οὐχ	_	_
8.2	479	[1]	ἥκιστα	_	_
8.2	480	[22]	καὶ	_	_
8.2	481	[1]	οὗτος	_	_
8.2	482	[1]	αὐτὸς	_	_
8.2	483	[2]	ὁ	_	_
8.2	484	[1]	νῦν	_	_
8.2	485	[1]	εἰρημένος	_	_
8.2	486	[1]	ὑπὲρ	_	_
8.2	487	[9]	τῆς	_	_
8.2	488	[4]	κατὰ	_	_
8.2	489	[11]	τὸ	_	_
8.2	490	[9]	στοιχεῖον	_	_
8.2	491	[1]	ἐννοίας	_	_
8.2	492	[45]	,	b	_
8.2	493	[2]	ἐπὶ	_	_
8.2	494	[1]	πλεῖστον	_	_
8.2	495	[5]	μὲν	_	_
8.2	496	[1]	ἐξειργασμένος	_	_
8.2	497	[46]	,	b	_
8.2	498	[5]	ὡς	_	_
8.2	499	[1]	ἔφην	_	_
8.2	500	[47]	,	b	_
8.2	501	[4]	ἐν	_	_
8.2	502	[1]	ἑνὶ	_	_
8.2	503	[1]	βιβλίῳ	_	_
8.2	504	[2]	·	b	_
8.2	505	[2]	διὰ	_	_
8.2	506	[1]	κεφαλαίων	_	_
8.2	507	[10]	δὲ	_	_
8.2	508	[2]	νῦν	_	_
8.2	509	[1]	εἴρηται	_	_
8.2	510	[6]	μὲν	_	_
8.2	511	[48]	,	b	_
8.2	512	[1]	ὅσα	_	_
8.2	513	[1]	που	_	_
8.2	514	[1]	μᾶλλον	_	_
8.2	515	[4]	ἂν	_	_
8.2	516	[1]	εἴρητο	_	_
8.2	517	[1]	κᾀν	_	_
8.2	518	[2]	τῷ	_	_
8.2	519	[5]	περὶ	_	_
8.2	520	[12]	τῶν	_	_
8.2	521	[3]	καθ	_	_
8.2	522	[10]	’	b	_
8.2	523	[2]	Ἱπποκράτην	_	_
8.2	524	[4]	στοιχείων	_	_
8.2	525	[49]	,	b	_
8.2	526	[1]	εἴπερ	_	_
8.2	527	[2]	αὐτῶν	_	_
8.2	528	[13]	τῶν	_	_
8.2	529	[2]	συλλαβῶν	_	_
8.2	530	[12]	τὸ	_	_
8.2	531	[10]	στοιχεῖον	_	_
8.2	532	[1]	ἐδεῖτο	_	_
8.2	533	[15]	.	b	_
8.2	534	[1]	γεγραμμένου	_	_
8.2	535	[11]	δὲ	_	_
8.2	536	[3]	τῷ	_	_
8.2	537	[1]	Ἱπποκράτει	_	_
8.2	538	[1]	βιβλίου	_	_
8.2	539	[6]	περὶ	_	_
8.2	540	[1]	φύσεως	_	_
8.2	541	[1]	ἀνθρώπου	_	_
8.2	542	[50]	,	b	_
8.2	543	[1]	προστεθέντος	_	_
8.2	544	[2]	δ	_	_
8.2	545	[11]	’	b	_
8.2	546	[3]	αὐτῷ	_	_
8.2	547	[23]	καὶ	_	_
8.2	548	[7]	τοῦ	_	_
8.2	549	[7]	περὶ	_	_
8.2	550	[1]	διαίτης	_	_
8.2	551	[1]	μικροῦ	_	_
8.2	552	[1]	βιβλιδίου	_	_
8.2	553	[51]	,	b	_
8.2	554	[1]	καί	_	_
8.2	555	[2]	τινος	_	_
8.2	556	[1]	παρεντεθείσης	_	_
8.2	557	[1]	ἀνατομῆς	_	_
8.2	558	[1]	φλεβῶν	_	_
8.2	559	[52]	,	b	_
8.2	560	[1]	ἣν	_	_
8.2	561	[3]	ὁ	_	_
8.2	562	[1]	διασκευάσας	_	_
8.2	563	[1]	δοκεῖ	_	_
8.2	564	[2]	μοι	_	_
8.2	565	[1]	προσθεῖναι	_	_
8.2	566	[4]	τῷ	_	_
8.2	567	[8]	περὶ	_	_
8.2	568	[2]	φύσεως	_	_
8.2	569	[2]	ἀνθρώπου	_	_
8.2	570	[24]	καὶ	_	_
8.2	571	[5]	τῷ	_	_
8.2	572	[9]	περὶ	_	_
8.2	573	[2]	διαίτης	_	_
8.2	574	[53]	,	b	_
8.2	575	[1]	ἐξήγησίς	_	_
8.2	576	[4]	ἐστι	_	_
8.2	577	[13]	τὸ	_	_
8.2	578	[1]	ἡμέτερον	_	_
8.2	579	[1]	γράμμα	_	_
8.2	580	[14]	τὸ	_	_
8.2	581	[10]	περὶ	_	_
8.2	582	[14]	τῶν	_	_
8.2	583	[4]	καθ	_	_
8.2	584	[12]	’	b	_
8.2	585	[3]	Ἱπποκράτην	_	_
8.2	586	[5]	στοιχείων	_	_
8.2	587	[8]	τοῦ	_	_
8.2	588	[2]	γεγραμμένου	_	_
8.2	589	[11]	περὶ	_	_
8.2	590	[3]	φύσεως	_	_
8.2	591	[3]	ἀνθρώπου	_	_
8.2	592	[16]	.	b	_
8.2	593	[2]	τὴν	_	_
8.2	594	[12]	δὲ	_	_
8.2	595	[1]	ἐξήγησιν	_	_
8.2	596	[2]	οὐχ	_	_
8.2	597	[2]	οὕτως	_	_
8.2	598	[2]	ἔχει	_	_
8.2	599	[1]	γεγονυῖαν	_	_
8.2	600	[54]	,	b	_
8.2	601	[6]	ὡς	_	_
8.2	602	[1]	εἰώθασιν	_	_
8.2	603	[1]	οἱ	_	_
8.2	604	[2]	τὰς	_	_
8.2	605	[1]	ἐξηγήσεις	_	_
8.2	606	[1]	γράφοντες	_	_
8.2	607	[1]	ποιεῖσθαι	_	_
8.2	608	[5]	καθ	_	_
8.2	609	[13]	’	b	_
8.2	610	[1]	ἑκάστην	_	_
8.2	611	[1]	λέξιν	_	_
8.2	612	[55]	,	b	_
8.2	613	[1]	ἀλλὰ	_	_
8.2	614	[15]	τῶν	_	_
8.2	615	[1]	συνεχόντων	_	_
8.2	616	[15]	τὸ	_	_
8.2	617	[1]	δόγμα	_	_
8.2	618	[1]	μόνων	_	_
8.2	619	[1]	ἅμα	_	_
8.2	620	[1]	ταῖς	_	_
8.2	621	[1]	οἰκείαις	_	_
8.2	622	[1]	ἀποδείξεσιν	_	_
8.2	623	[56]	,	b	_
8.2	624	[1]	ἃς	_	_
8.2	625	[2]	εἴπερ	_	_
8.2	626	[1]	ἐθέλεις	_	_
8.2	627	[1]	μανθάνειν	_	_
8.2	628	[57]	,	b	_
8.2	629	[1]	ἐπ	_	_
8.2	630	[14]	’	b	_
8.2	631	[1]	ἐκεῖνο	_	_
8.2	632	[1]	μετάβηθι	_	_
8.2	633	[16]	τὸ	_	_
8.2	634	[3]	βιβλίον	_	_
8.2	635	[17]	.	b	_
8.2	636	[1]	ἐγὼ	_	_
8.2	637	[3]	δ	_	_
8.2	638	[15]	’	b	_
8.2	639	[2]	οὐκ	_	_
8.2	640	[1]	εἴωθα	_	_
8.2	641	[1]	πολλάκις	_	_
8.2	642	[3]	τὰ	_	_
8.2	643	[1]	αὐτὰ	_	_
8.2	644	[3]	γράφειν	_	_
8.2	645	[5]	ἐν	_	_
8.2	646	[1]	διαφόροις	_	_
8.2	647	[1]	ὑπομνήμασιν	_	_
8.2	648	[58]	,	b	_
8.2	649	[3]	ἀλλ	_	_
8.2	650	[16]	’	b	_
8.2	651	[3]	ἐνταῦθα	_	_
8.2	652	[3]	τὰς	_	_
8.2	653	[1]	μόνου	_	_
8.2	654	[9]	τοῦ	_	_
8.2	655	[2]	Πλάτωνος	_	_
8.2	656	[1]	παραγράψω	_	_
8.2	657	[1]	ῥήσεις	_	_
8.2	658	[59]	,	b	_
8.2	659	[6]	ἐν	_	_
8.2	660	[1]	αἷς	_	_
8.2	661	[1]	ἠκολούθησε	_	_
8.2	662	[6]	τῷ	_	_
8.2	663	[2]	Ἱπποκράτει	_	_
8.2	664	[60]	,	b	_
8.2	665	[4]	τὰ	_	_
8.2	666	[1]	σώματα	_	_
8.2	667	[2]	ἡμῶν	_	_
8.2	668	[3]	ἐκ	_	_
8.2	669	[1]	γῆς	_	_
8.2	670	[25]	καὶ	_	_
8.2	671	[1]	πυρὸς	_	_
8.2	672	[1]	ἀέρος	_	_
8.2	673	[7]	τε	_	_
8.2	674	[26]	καὶ	_	_
8.2	675	[1]	ὕδατος	_	_
8.2	676	[1]	συγκεῖσθαι	_	_
8.2	677	[1]	λέγων	_	_
8.2	678	[18]	.	b	_
8.2	679	[1]	εἰρημένου	_	_
8.2	680	[4]	δ	_	_
8.2	681	[17]	’	b	_
8.2	682	[1]	αὐτοῦ	_	_
8.2	683	[1]	τούτου	_	_
8.2	684	[27]	καὶ	_	_
8.2	685	[5]	κατὰ	_	_
8.2	686	[2]	ἄλλα	_	_
8.2	687	[1]	βιβλία	_	_
8.2	688	[61]	,	b	_
8.2	689	[3]	νῦν	_	_
8.2	690	[1]	ἡμῖν	_	_
8.2	691	[1]	ἀρκέσει	_	_
8.2	692	[3]	τὴν	_	_
8.2	693	[4]	ἐκ	_	_
8.2	694	[10]	τοῦ	_	_
8.2	695	[1]	Τιμαίου	_	_
8.2	696	[1]	παραγράψαι	_	_
8.2	697	[1]	ῥῆσιν	_	_
8.2	698	[1]	ἔχουσαν	_	_
8.2	699	[1]	ᾧδε	_	_
8.2	700	[19]	.	b	_
8.2	701	[1]	τεττάρων	_	_
8.2	702	[5]	γὰρ	_	_
8.2	703	[2]	ὄντων	_	_
8.2	704	[1]	γενῶν	_	_
8.2	705	[62]	,	b	_
8.2	706	[2]	ἐξ	_	_
8.2	707	[2]	ὧν	_	_
8.2	708	[1]	συμπέπηγε	_	_
8.2	709	[17]	τὸ	_	_
8.2	710	[1]	σῶμα	_	_
8.2	711	[63]	,	b	_
8.2	712	[2]	γῆς	_	_
8.2	713	[64]	,	b	_
8.2	714	[2]	πυρὸς	_	_
8.2	715	[65]	,	b	_
8.2	716	[1]	ὕδατός	_	_
8.2	717	[8]	τε	_	_
8.2	718	[28]	καὶ	_	_
8.2	719	[2]	ἀέρος	_	_
8.2	720	[66]	,	b	_
8.2	721	[3]	τούτων	_	_
8.2	722	[5]	ἡ	_	_
8.2	723	[1]	παρὰ	_	_
8.2	724	[1]	φύσιν	_	_
8.2	725	[1]	πλεονεξία	_	_
8.2	726	[29]	καὶ	_	_
8.2	727	[1]	ἔνδεια	_	_
8.2	728	[67]	,	b	_
8.2	729	[30]	καὶ	_	_
8.2	730	[10]	τῆς	_	_
8.2	731	[1]	χώρας	_	_
8.2	732	[1]	μετάστασις	_	_
8.2	733	[3]	ἐξ	_	_
8.2	734	[1]	οἰκείας	_	_
8.2	735	[2]	ἐπ	_	_
8.2	736	[18]	’	b	_
8.2	737	[1]	ἀλλοτρίαν	_	_
8.2	738	[1]	γιγνομένη	_	_
8.2	739	[68]	,	b	_
8.2	740	[1]	πυρός	_	_
8.2	741	[1]	τ	_	_
8.2	742	[19]	’	b	_
8.2	743	[1]	αὖ	_	_
8.2	744	[31]	καὶ	_	_
8.2	745	[16]	τῶν	_	_
8.2	746	[1]	ἑτέρων	_	_
8.2	747	[69]	,	b	_
8.2	748	[1]	ἐπειδή	_	_
8.2	749	[1]	γε	_	_
8.2	750	[1]	πλέω	_	_
8.2	751	[1]	ἑνὸς	_	_
8.2	752	[1]	ὄντα	_	_
8.2	753	[1]	τυγχάνει	_	_
8.2	754	[70]	,	b	_
8.2	755	[18]	τὸ	_	_
8.2	756	[4]	μὴ	_	_
8.2	757	[1]	προσῆκον	_	_
8.2	758	[4]	ἕκαστον	_	_
8.2	759	[1]	ἑαυτῷ	_	_
8.2	760	[1]	προσλαμβάνει	_	_
8.2	761	[71]	,	b	_
8.2	762	[32]	καὶ	_	_
8.2	763	[1]	πάνθ	_	_
8.2	764	[20]	’	b	_
8.2	765	[2]	ὅσα	_	_
8.2	766	[1]	τοιαῦτα	_	_
8.2	767	[72]	,	b	_
8.2	768	[1]	στάσεις	_	_
8.2	769	[33]	καὶ	_	_
8.2	770	[1]	νόσους	_	_
8.2	771	[1]	παρέχει	_	_
8.2	772	[20]	.	b	_
8.2	773	[7]	ἐν	_	_
8.2	774	[1]	ταύτῃ	_	_
8.2	775	[2]	τῇ	_	_
8.2	776	[1]	ῥήσει	_	_
8.2	777	[1]	σαφῶς	_	_
8.2	778	[1]	ἐδήλωσεν	_	_
8.2	779	[4]	ὁ	_	_
8.2	780	[2]	Πλάτων	_	_
8.2	781	[73]	,	b	_
8.2	782	[2]	οὐ	_	_
8.2	783	[2]	μόνον	_	_
8.2	784	[5]	ἐκ	_	_
8.2	785	[3]	γῆς	_	_
8.2	786	[34]	καὶ	_	_
8.2	787	[2]	ὕδατος	_	_
8.2	788	[35]	καὶ	_	_
8.2	789	[3]	ἀέρος	_	_
8.2	790	[36]	καὶ	_	_
8.2	791	[3]	πυρὸς	_	_
8.2	792	[1]	γεγονέναι	_	_
8.2	793	[5]	τὰ	_	_
8.2	794	[1]	σώμαθ	_	_
8.2	795	[21]	’	b	_
8.2	796	[3]	ἡμῶν	_	_
8.2	797	[74]	,	b	_
8.2	798	[2]	ἀλλὰ	_	_
8.2	799	[37]	καὶ	_	_
8.2	800	[1]	διότι	_	_
8.2	801	[3]	διὰ	_	_
8.2	802	[1]	ταῦτα	_	_
8.2	803	[1]	μέτρῳ	_	_
8.2	804	[7]	μὲν	_	_
8.2	805	[1]	ἀλλήλοις	_	_
8.2	806	[1]	κεκραμένα	_	_
8.2	807	[6]	κατὰ	_	_
8.2	808	[2]	φύσιν	_	_
8.2	809	[1]	ἔχομεν	_	_
8.2	810	[75]	,	b	_
8.2	811	[2]	ὅπερ	_	_
8.2	812	[1]	ταὐτόν	_	_
8.2	813	[5]	ἐστι	_	_
8.2	814	[7]	τῷ	_	_
8.2	815	[1]	ὑγιαίνομεν	_	_
8.2	816	[76]	,	b	_
8.2	817	[1]	ἐλλείποντες	_	_
8.2	818	[1]	δέ	_	_
8.2	819	[3]	τινος	_	_
8.2	820	[77]	,	b	_
8.2	821	[1]	ἢ	_	_
8.2	822	[1]	πλεονάσαντος	_	_
8.2	823	[78]	,	b	_
8.2	824	[2]	ἢ	_	_
8.2	825	[1]	μεταστάντος	_	_
8.2	826	[5]	εἰς	_	_
8.2	827	[2]	ἀλλοτρίαν	_	_
8.2	828	[1]	χώραν	_	_
8.2	829	[79]	,	b	_
8.2	830	[1]	νοσοῦμεν	_	_
8.2	831	[21]	.	b	_
8.2	832	[1]	ὅτι	_	_
8.2	833	[8]	μὲν	_	_
8.2	834	[4]	οὖν	_	_
8.2	835	[1]	ἥ	_	_
8.2	836	[9]	τε	_	_
8.2	837	[2]	πλεονεξία	_	_
8.2	838	[38]	καὶ	_	_
8.2	839	[6]	ἡ	_	_
8.2	840	[2]	ἔνδεια	_	_
8.2	841	[1]	διαφθείρει	_	_
8.2	842	[4]	τὴν	_	_
8.2	843	[1]	εὐκρασίαν	_	_
8.2	844	[80]	,	b	_
8.2	845	[8]	ἐν	_	_
8.2	846	[2]	ᾗ	_	_
8.2	847	[17]	τῶν	_	_
8.2	848	[1]	πρώτων	_	_
8.2	849	[3]	σωμάτων	_	_
8.2	850	[7]	ἡ	_	_
8.2	851	[1]	ὑγίεια	_	_
8.2	852	[81]	,	b	_
8.2	853	[1]	πρόδηλον	_	_
8.2	854	[3]	·	b	_
8.2	855	[2]	πρόδηλον	_	_
8.2	856	[5]	δ	_	_
8.2	857	[22]	’	b	_
8.2	858	[82]	,	b	_
8.2	859	[2]	ὅτι	_	_
8.2	860	[39]	καὶ	_	_
8.2	861	[8]	ἡ	_	_
8.2	862	[2]	μετάστασις	_	_
8.2	863	[83]	,	b	_
8.2	864	[1]	ἐὰν	_	_
8.2	865	[1]	ἐννοήσωμεν	_	_
8.2	866	[84]	,	b	_
8.2	867	[7]	ὡς	_	_
8.2	868	[85]	,	b	_
8.2	869	[5]	τοῖς	_	_
8.2	870	[7]	κατὰ	_	_
8.2	871	[5]	τὸν	_	_
8.2	872	[1]	θώρακα	_	_
8.2	873	[40]	καὶ	_	_
8.2	874	[4]	τὰς	_	_
8.2	875	[1]	τραχείας	_	_
8.2	876	[1]	ἀρτηρίας	_	_
8.2	877	[1]	ὀργάνοις	_	_
8.2	878	[1]	αἵματος	_	_
8.2	879	[1]	ἤ	_	_
8.2	880	[4]	τινος	_	_
8.2	881	[1]	ἄλλου	_	_
8.2	882	[1]	χυμοῦ	_	_
8.2	883	[1]	παρεμπεσόντος	_	_
8.2	884	[86]	,	b	_
8.2	885	[1]	συγχωρεῖσθαι	_	_
8.2	886	[5]	τὴν	_	_
8.2	887	[1]	ἄμεμπτον	_	_
8.2	888	[1]	ὑγίειαν	_	_
8.2	889	[3]	αὐτῶν	_	_
8.2	890	[87]	,	b	_
8.2	891	[1]	ἔν	_	_
8.2	892	[10]	τε	_	_
8.2	893	[6]	τοῖς	_	_
8.2	894	[8]	κατὰ	_	_
8.2	895	[1]	γαστέρα	_	_
8.2	896	[88]	,	b	_
8.2	897	[41]	καὶ	_	_
8.2	898	[1]	ἔντερα	_	_
8.2	899	[89]	,	b	_
8.2	900	[42]	καὶ	_	_
8.2	901	[1]	φλέβας	_	_
8.2	902	[90]	,	b	_
8.2	903	[43]	καὶ	_	_
8.2	904	[1]	σάρκας	_	_
8.2	905	[91]	,	b	_
8.2	906	[1]	ἀερώδους	_	_
8.2	907	[1]	οὐσίας	_	_
8.2	908	[1]	ἀθροισθείσης	_	_
8.2	909	[22]	.	b	_
8.2	910	[3]	ἀλλὰ	_	_
8.2	911	[44]	καὶ	_	_
8.2	912	[2]	αὐτὸς	_	_
8.2	913	[5]	ὁ	_	_
8.2	914	[3]	Πλάτων	_	_
8.2	915	[4]	διὰ	_	_
8.2	916	[18]	τῶν	_	_
8.2	917	[1]	συνεχῶν	_	_
8.2	918	[3]	τῇ	_	_
8.2	919	[1]	προειρημένῃ	_	_
8.2	920	[2]	ῥήσει	_	_
8.2	921	[1]	διδάξει	_	_
8.2	922	[1]	σε	_	_
8.2	923	[2]	τοῦτο	_	_
8.2	924	[2]	λέγων	_	_
8.2	925	[1]	ὡδί	_	_
8.2	926	[4]	·	b	_
8.2	927	[2]	παρὰ	_	_
8.2	928	[3]	φύσιν	_	_
8.2	929	[6]	γὰρ	_	_
8.2	930	[1]	ἑκάστου	_	_
8.2	931	[1]	γιγνομένου	_	_
8.2	932	[45]	καὶ	_	_
8.2	933	[1]	μεθισταμένου	_	_
8.2	934	[92]	,	b	_
8.2	935	[1]	θερμαίνεται	_	_
8.2	936	[9]	μὲν	_	_
8.2	937	[93]	,	b	_
8.2	938	[3]	ὅσα	_	_
8.2	939	[5]	ἂν	_	_
8.2	940	[1]	πρότερον	_	_
8.2	941	[1]	ψύχηται	_	_
8.2	942	[94]	,	b	_
8.2	943	[1]	ξηρὰ	_	_
8.2	944	[6]	δ	_	_
8.2	945	[23]	’	b	_
8.2	946	[2]	ὄντα	_	_
8.2	947	[6]	εἰς	_	_
8.2	948	[1]	ὕστερον	_	_
8.2	949	[1]	γίγνεται	_	_
8.2	950	[1]	ὑγρότερα	_	_
8.2	951	[95]	,	b	_
8.2	952	[46]	καὶ	_	_
8.2	953	[1]	κοῦφα	_	_
8.2	954	[1]	δὴ	_	_
8.2	955	[47]	καὶ	_	_
8.2	956	[1]	βαρέα	_	_
8.2	957	[96]	,	b	_
8.2	958	[48]	καὶ	_	_
8.2	959	[1]	πάσας	_	_
8.2	960	[1]	πάντη	_	_
8.2	961	[1]	μεταβολὰς	_	_
8.2	962	[1]	δέχεται	_	_
8.2	963	[23]	.	b	_
8.2	964	[1]	μόνως	_	_
8.2	965	[7]	γὰρ	_	_
8.2	966	[1]	δή	_	_
8.2	967	[2]	φαμεν	_	_
8.2	968	[9]	κατὰ	_	_
8.2	969	[1]	ταὐτὸν	_	_
8.2	970	[1]	ταὐτὸ	_	_
8.2	971	[97]	,	b	_
8.2	972	[49]	καὶ	_	_
8.2	973	[1]	ὡσαύτως	_	_
8.2	974	[1]	ἀνάλογον	_	_
8.2	975	[1]	προσγιγνόμενον	_	_
8.2	976	[50]	καὶ	_	_
8.2	977	[1]	ἀπογιγνόμενον	_	_
8.2	978	[1]	ἐάσει	_	_
8.2	979	[2]	ταὐτὸν	_	_
8.2	980	[1]	ὂν	_	_
8.2	981	[1]	αὑτῷ	_	_
8.2	982	[1]	σῶον	_	_
8.2	983	[51]	καὶ	_	_
8.2	984	[1]	ὑγιὲς	_	_
8.2	985	[1]	μένειν	_	_
8.2	986	[24]	.	b	_
8.2	987	[2]	ὃ	_	_
8.2	988	[7]	δ	_	_
8.2	989	[24]	’	b	_
8.2	990	[6]	ἂν	_	_
8.2	991	[1]	πλημμελήσῃ	_	_
8.2	992	[3]	τι	_	_
8.2	993	[4]	τούτων	_	_
8.2	994	[1]	ἐκτὸς	_	_
8.2	995	[1]	ἀπιὸν	_	_
8.2	996	[3]	ἢ	_	_
8.2	997	[1]	προσιὸν	_	_
8.2	998	[98]	,	b	_
8.2	999	[1]	ἀλλοιότητας	_	_
8.2	1000	[1]	παμποικίλας	_	_
8.2	1001	[52]	καὶ	_	_
8.2	1002	[2]	νόσους	_	_
8.2	1003	[1]	φθοράς	_	_
8.2	1004	[11]	τε	_	_
8.2	1005	[1]	ἀπείρους	_	_
8.2	1006	[1]	παρέξεται	_	_
8.2	1007	[25]	.	b	_
8.2	1008	[3]	ὅτι	_	_
8.2	1009	[10]	μὲν	_	_
8.2	1010	[5]	οὖν	_	_
8.2	1011	[6]	ἐκ	_	_
8.2	1012	[4]	γῆς	_	_
8.2	1013	[53]	καὶ	_	_
8.2	1014	[4]	πυρὸς	_	_
8.2	1015	[4]	ἀέρος	_	_
8.2	1016	[12]	τε	_	_
8.2	1017	[54]	καὶ	_	_
8.2	1018	[3]	ὕδατος	_	_
8.2	1019	[9]	ἡ	_	_
8.2	1020	[11]	τοῦ	_	_
8.2	1021	[1]	σώματος	_	_
8.2	1022	[4]	ἡμῶν	_	_
8.2	1023	[6]	ἐστι	_	_
8.2	1024	[1]	σύστασις	_	_
8.2	1025	[99]	,	b	_
8.2	1026	[4]	ὅτι	_	_
8.2	1027	[13]	τε	_	_
8.2	1028	[5]	διὰ	_	_
8.2	1029	[6]	τὴν	_	_
8.2	1030	[5]	τούτων	_	_
8.2	1031	[1]	ἔνδειαν	_	_
8.2	1032	[100]	,	b	_
8.2	1033	[4]	ἢ	_	_
8.2	1034	[1]	πλεονεξίαν	_	_
8.2	1035	[101]	,	b	_
8.2	1036	[5]	ἢ	_	_
8.2	1037	[1]	μετάστασιν	_	_
8.2	1038	[1]	αἱ	_	_
8.2	1039	[1]	νόσοι	_	_
8.2	1040	[1]	γίγνονται	_	_
8.2	1041	[102]	,	b	_
8.2	1042	[2]	σαφῶς	_	_
8.2	1043	[1]	ἐδήλωσε	_	_
8.2	1044	[26]	.	b	_
8.3	1	[1]	Δόξει	_	_
8.3	2	[1]	δ	_	_
8.3	3	[1]	’	b	_
8.3	4	[1]	ἐν	_	_
8.3	5	[1]	τῷ	_	_
8.3	6	[1]	μὴ	_	_
8.3	7	[1]	καλεῖν	_	_
8.3	8	[1]	αὐτὰ	_	_
8.3	9	[1]	στοιχεῖα	_	_
8.3	10	[1]	διαφέρεσθαι	_	_
8.3	11	[1]	πρὸς	_	_
8.3	12	[1]	Ἱπποκράτην	_	_
8.3	13	[1]	.	b	_
8.3	14	[1]	καίτοι	_	_
8.3	15	[1]	γε	_	_
8.3	16	[1]	οὐδὲ	_	_
8.3	17	[1]	ἐκεῖνος	_	_
8.3	18	[1]	ὠνόμασεν	_	_
8.3	19	[2]	αὐτὰ	_	_
8.3	20	[2]	στοιχεῖα	_	_
8.3	21	[1]	,	b	_
8.3	22	[1]	μόνον	_	_
8.3	23	[2]	δ	_	_
8.3	24	[2]	’	b	_
8.3	25	[2]	,	b	_
8.3	26	[1]	ὅτι	_	_
8.3	27	[3]	,	b	_
8.3	28	[1]	τούτων	_	_
8.3	29	[1]	συνιόντων	_	_
8.3	30	[1]	καὶ	_	_
8.3	31	[1]	κεραννυμένων	_	_
8.3	32	[4]	,	b	_
8.3	33	[1]	τὰ	_	_
8.3	34	[1]	φυσικὰ	_	_
8.3	35	[1]	γίγνεται	_	_
8.3	36	[1]	σώματα	_	_
8.3	37	[2]	.	b	_
8.3	38	[2]	καὶ	_	_
8.3	39	[2]	τούτων	_	_
8.3	40	[1]	προσωτέρω	_	_
8.3	41	[1]	χωρεῖν	_	_
8.3	42	[1]	ὁ	_	_
8.3	43	[1]	μὲν	_	_
8.3	44	[1]	Ἱπποκράτης	_	_
8.3	45	[1]	οὐδεμίαν	_	_
8.3	46	[1]	ἀνάγκην	_	_
8.3	47	[1]	εἶναί	_	_
8.3	48	[1]	φησι	_	_
8.3	49	[5]	,	b	_
8.3	50	[1]	πρακτικὴν	_	_
8.3	51	[6]	,	b	_
8.3	52	[1]	οὐ	_	_
8.3	53	[1]	θεωρητικὴν	_	_
8.3	54	[1]	μετερχόμενος	_	_
8.3	55	[1]	τέχνην	_	_
8.3	56	[3]	.	b	_
8.3	57	[2]	ὁ	_	_
8.3	58	[1]	δὲ	_	_
8.3	59	[1]	Πλάτων	_	_
8.3	60	[7]	,	b	_
8.3	61	[1]	ὡς	_	_
8.3	62	[1]	ἂν	_	_
8.3	63	[1]	τὴν	_	_
8.3	64	[2]	θεωρητικὴν	_	_
8.3	65	[1]	φιλοσοφίαν	_	_
8.3	66	[1]	ἡγούμενος	_	_
8.3	67	[1]	εἶναι	_	_
8.3	68	[1]	τιμιωτάτην	_	_
8.3	69	[8]	,	b	_
8.3	70	[1]	οὐκ	_	_
8.3	71	[1]	ἠρκέσθη	_	_
8.3	72	[1]	μόναις	_	_
8.3	73	[1]	ταῖς	_	_
8.3	74	[1]	φαινομέναις	_	_
8.3	75	[2]	ἐν	_	_
8.3	76	[1]	τοῖς	_	_
8.3	77	[1]	στοιχείοις	_	_
8.3	78	[1]	δυνάμεσιν	_	_
8.3	79	[9]	,	b	_
8.3	80	[1]	ἀλλὰ	_	_
8.3	81	[3]	καὶ	_	_
8.3	82	[2]	τὴν	_	_
8.3	83	[1]	αἰτίαν	_	_
8.3	84	[1]	ἐπιζητεῖ	_	_
8.3	85	[1]	τῆς	_	_
8.3	86	[1]	γενέσεως	_	_
8.3	87	[1]	αὐτῶν	_	_
8.3	88	[10]	,	b	_
8.3	89	[1]	ἄχρηστον	_	_
8.3	90	[1]	ἰατρῷ	_	_
8.3	91	[1]	σκέμμα	_	_
8.3	92	[4]	.	b	_
8.3	93	[1]	διὰ	_	_
8.3	94	[1]	τί	_	_
8.3	95	[1]	γὰρ	_	_
8.3	96	[1]	ὑγραίνει	_	_
8.3	97	[2]	μὲν	_	_
8.3	98	[1]	τὸ	_	_
8.3	99	[1]	ὕδωρ	_	_
8.3	100	[11]	,	b	_
8.3	101	[1]	καίει	_	_
8.3	102	[2]	δὲ	_	_
8.3	103	[2]	τὸ	_	_
8.3	104	[1]	πῦρ	_	_
8.3	105	[12]	,	b	_
8.3	106	[1]	ἢ	_	_
8.3	107	[2]	διὰ	_	_
8.3	108	[2]	τί	_	_
8.3	109	[1]	ῥεῖ	_	_
8.3	110	[3]	μὲν	_	_
8.3	111	[3]	τὸ	_	_
8.3	112	[2]	ὕδωρ	_	_
8.3	113	[13]	,	b	_
8.3	114	[1]	ἄνω	_	_
8.3	115	[3]	δὲ	_	_
8.3	116	[1]	φέρεται	_	_
8.3	117	[4]	τὸ	_	_
8.3	118	[2]	πῦρ	_	_
8.3	119	[14]	,	b	_
8.3	120	[1]	ἑδραιοτάτη	_	_
8.3	121	[4]	δὲ	_	_
8.3	122	[4]	καὶ	_	_
8.3	123	[1]	βαρυτάτη	_	_
8.3	124	[1]	τῶν	_	_
8.3	125	[1]	στοιχείων	_	_
8.3	126	[1]	ἐστὶν	_	_
8.3	127	[1]	ἡ	_	_
8.3	128	[1]	γῆ	_	_
8.3	129	[15]	,	b	_
8.3	130	[2]	πρὸς	_	_
8.3	131	[1]	τὰς	_	_
8.3	132	[2]	τῶν	_	_
8.3	133	[1]	νόσων	_	_
8.3	134	[1]	ἰάσεις	_	_
8.3	135	[1]	οὐδὲν	_	_
8.3	136	[1]	συντελεῖ	_	_
8.3	137	[5]	.	b	_
8.3	138	[2]	μόνον	_	_
8.3	139	[2]	γὰρ	_	_
8.3	140	[1]	ἀρκεῖ	_	_
8.3	141	[2]	τῷ	_	_
8.3	142	[1]	φυλάξοντι	_	_
8.3	143	[4]	μὲν	_	_
8.3	144	[3]	τὴν	_	_
8.3	145	[1]	ὑγίειαν	_	_
8.3	146	[16]	,	b	_
8.3	147	[1]	ἰασομένῳ	_	_
8.3	148	[5]	δὲ	_	_
8.3	149	[2]	τὰς	_	_
8.3	150	[1]	νόσους	_	_
8.3	151	[1]	ἐπίστασθαι	_	_
8.3	152	[17]	,	b	_
8.3	153	[1]	διά	_	_
8.3	154	[1]	τε	_	_
8.3	155	[4]	τὴν	_	_
8.3	156	[1]	εὐκρασίαν	_	_
8.3	157	[1]	τοῦ	_	_
8.3	158	[1]	θερμοῦ	_	_
8.3	159	[18]	,	b	_
8.3	160	[5]	καὶ	_	_
8.3	161	[1]	ψυχροῦ	_	_
8.3	162	[19]	,	b	_
8.3	163	[6]	καὶ	_	_
8.3	164	[1]	ξηροῦ	_	_
8.3	165	[20]	,	b	_
8.3	166	[7]	καὶ	_	_
8.3	167	[1]	ὑγροῦ	_	_
8.3	168	[5]	τὴν	_	_
8.3	169	[2]	ὑγίειαν	_	_
8.3	170	[1]	ὑπάρχειν	_	_
8.3	171	[2]	τοῖς	_	_
8.3	172	[1]	ζώοις	_	_
8.3	173	[21]	,	b	_
8.3	174	[1]	ἐπὶ	_	_
8.3	175	[6]	δὲ	_	_
8.3	176	[2]	ταῖς	_	_
8.3	177	[3]	τούτων	_	_
8.3	178	[1]	δυσκρασίαις	_	_
8.3	179	[3]	τὰς	_	_
8.3	180	[2]	νόσους	_	_
8.3	181	[1]	γίγνεσθαι	_	_
8.3	182	[6]	.	b	_
8.3	183	[5]	τὸ	_	_
8.3	184	[3]	δ	_	_
8.3	185	[3]	’	b	_
8.3	186	[1]	ἐκζητεῖν	_	_
8.3	187	[22]	,	b	_
8.3	188	[1]	εἴτ	_	_
8.3	189	[4]	’	b	_
8.3	190	[1]	ἐκ	_	_
8.3	191	[1]	πυραμοειδῶν	_	_
8.3	192	[3]	τῷ	_	_
8.3	193	[1]	σχήματι	_	_
8.3	194	[1]	μορίων	_	_
8.3	195	[1]	σύγκειται	_	_
8.3	196	[6]	τὸ	_	_
8.3	197	[3]	πῦρ	_	_
8.3	198	[23]	,	b	_
8.3	199	[2]	εἴτ	_	_
8.3	200	[5]	’	b	_
8.3	201	[1]	ἄλλη	_	_
8.3	202	[1]	τίς	_	_
8.3	203	[1]	ἐστιν	_	_
8.3	204	[1]	αἰτία	_	_
8.3	205	[24]	,	b	_
8.3	206	[1]	δι	_	_
8.3	207	[6]	’	b	_
8.3	208	[1]	ἣν	_	_
8.3	209	[1]	τέμνει	_	_
8.3	210	[2]	τε	_	_
8.3	211	[8]	καὶ	_	_
8.3	212	[1]	διαιρεῖ	_	_
8.3	213	[2]	τὰ	_	_
8.3	214	[1]	πλησιάζοντα	_	_
8.3	215	[2]	σώματα	_	_
8.3	216	[25]	,	b	_
8.3	217	[2]	τῆς	_	_
8.3	218	[1]	θεωρητικῆς	_	_
8.3	219	[1]	φιλοσοφίας	_	_
8.3	220	[1]	ἔργον	_	_
8.3	221	[2]	ἐστὶν	_	_
8.3	222	[26]	,	b	_
8.3	223	[2]	ἣν	_	_
8.3	224	[1]	μεταχειριζόμενος	_	_
8.3	225	[3]	ὁ	_	_
8.3	226	[2]	Πλάτων	_	_
8.3	227	[27]	,	b	_
8.3	228	[3]	τὰ	_	_
8.3	229	[5]	μὲν	_	_
8.3	230	[2]	τοῦ	_	_
8.3	231	[1]	πυρὸς	_	_
8.3	232	[1]	μόρια	_	_
8.3	233	[1]	πυραμοειδῆ	_	_
8.3	234	[1]	φησιν	_	_
8.3	235	[2]	εἶναι	_	_
8.3	236	[28]	,	b	_
8.3	237	[4]	τὰ	_	_
8.3	238	[7]	δὲ	_	_
8.3	239	[3]	τῆς	_	_
8.3	240	[1]	γῆς	_	_
8.3	241	[1]	κυβοειδῆ	_	_
8.3	242	[29]	,	b	_
8.3	243	[7]	τὸ	_	_
8.3	244	[8]	δὲ	_	_
8.3	245	[1]	καλούμενον	_	_
8.3	246	[1]	ὀκτάεδρον	_	_
8.3	247	[1]	σχῆμα	_	_
8.3	248	[3]	τοῦ	_	_
8.3	249	[1]	ἀέρος	_	_
8.3	250	[1]	ἴδιον	_	_
8.3	251	[3]	εἶναι	_	_
8.3	252	[1]	νομίζει	_	_
8.3	253	[30]	,	b	_
8.3	254	[1]	καθάπερ	_	_
8.3	255	[9]	καὶ	_	_
8.3	256	[8]	τὸ	_	_
8.3	257	[1]	εἰκοσάεδρον	_	_
8.3	258	[1]	ὕδατος	_	_
8.3	259	[7]	.	b	_
8.3	260	[1]	εἰ	_	_
8.3	261	[6]	μὲν	_	_
8.3	262	[1]	οὖν	_	_
8.3	263	[1]	ὀρθῶς	_	_
8.3	264	[2]	ἢ	_	_
8.3	265	[2]	οὐκ	_	_
8.3	266	[2]	ὀρθῶς	_	_
8.3	267	[1]	ἐδόξαζε	_	_
8.3	268	[1]	περὶ	_	_
8.3	269	[4]	τούτων	_	_
8.3	270	[4]	ὁ	_	_
8.3	271	[3]	Πλάτων	_	_
8.3	272	[31]	,	b	_
8.3	273	[3]	οὐκ	_	_
8.3	274	[1]	ἔστι	_	_
8.3	275	[4]	τοῦ	_	_
8.3	276	[1]	νῦν	_	_
8.3	277	[1]	ἡμῖν	_	_
8.3	278	[1]	προκειμένου	_	_
8.3	279	[1]	λόγου	_	_
8.3	280	[8]	.	b	_
8.3	281	[3]	διὰ	_	_
8.3	282	[3]	τί	_	_
8.3	283	[3]	γὰρ	_	_
8.3	284	[4]	οὐκ	_	_
8.3	285	[1]	ὀνομάζει	_	_
8.3	286	[3]	στοιχεῖα	_	_
8.3	287	[1]	γῆν	_	_
8.3	288	[10]	καὶ	_	_
8.3	289	[3]	ὕδωρ	_	_
8.3	290	[32]	,	b	_
8.3	291	[1]	ἀέρα	_	_
8.3	292	[3]	τε	_	_
8.3	293	[11]	καὶ	_	_
8.3	294	[4]	πῦρ	_	_
8.3	295	[33]	,	b	_
8.3	296	[1]	ἐζητοῦμεν	_	_
8.3	297	[1]	λόγον	_	_
8.3	298	[1]	ἡμεῖς	_	_
8.3	299	[1]	δοῦναι	_	_
8.3	300	[34]	,	b	_
8.3	301	[2]	ὡς	_	_
8.3	302	[1]	εἴρηται	_	_
8.3	303	[35]	,	b	_
8.3	304	[5]	οὐκ	_	_
8.3	305	[2]	εἰ	_	_
8.3	306	[1]	ψευδῶς	_	_
8.3	307	[1]	ἕκαστον	_	_
8.3	308	[1]	ὧν	_	_
8.3	309	[1]	εἶπε	_	_
8.3	310	[1]	σχημάτων	_	_
8.3	311	[1]	αὐτοῖς	_	_
8.3	312	[1]	ἀπονέ	_	_
8.3	313	[1]	μει	_	_
8.3	314	[9]	.	b	_
8.3	315	[2]	διαιρεῖ	_	_
8.3	316	[9]	δὲ	_	_
8.3	317	[4]	τῷ	_	_
8.3	318	[1]	λόγῳ	_	_
8.3	319	[1]	πάλιν	_	_
8.3	320	[3]	αὐτὰ	_	_
8.3	321	[1]	ταῦτα	_	_
8.3	322	[1]	κατ	_	_
8.3	323	[7]	’	b	_
8.3	324	[1]	ἐπίνοιαν	_	_
8.3	325	[1]	εἴς	_	_
8.3	326	[4]	τε	_	_
8.3	327	[6]	τὴν	_	_
8.3	328	[1]	ὕλην	_	_
8.3	329	[12]	καὶ	_	_
8.3	330	[9]	τὸ	_	_
8.3	331	[2]	σχῆμα	_	_
8.3	332	[10]	.	b	_
8.3	333	[1]	κᾀπειδὴ	_	_
8.3	334	[10]	τὸ	_	_
8.3	335	[3]	σχῆμα	_	_
8.3	336	[1]	σύνθετόν	_	_
8.3	337	[1]	ἐστι	_	_
8.3	338	[36]	,	b	_
8.3	339	[11]	τὸ	_	_
8.3	340	[7]	μὲν	_	_
8.3	341	[4]	τῆς	_	_
8.3	342	[1]	πυραμίδος	_	_
8.3	343	[2]	ἐκ	_	_
8.3	344	[1]	τεσσάρων	_	_
8.3	345	[1]	ἰσοπλεύρων	_	_
8.3	346	[1]	τριγώνων	_	_
8.3	347	[37]	,	b	_
8.3	348	[12]	τὸ	_	_
8.3	349	[10]	δὲ	_	_
8.3	350	[1]	ἑξάεδρον	_	_
8.3	351	[5]	τοῦ	_	_
8.3	352	[1]	κύβου	_	_
8.3	353	[1]	τετραγώνων	_	_
8.3	354	[1]	ἓξ	_	_
8.3	355	[38]	,	b	_
8.3	356	[13]	τὸ	_	_
8.3	357	[11]	δὲ	_	_
8.3	358	[2]	ὀκτάεδρον	_	_
8.3	359	[1]	ὀκτὼ	_	_
8.3	360	[2]	τριγώνων	_	_
8.3	361	[2]	ἰσοπλεύρων	_	_
8.3	362	[39]	,	b	_
8.3	363	[1]	ὥσπερ	_	_
8.3	364	[2]	γε	_	_
8.3	365	[13]	καὶ	_	_
8.3	366	[14]	τὸ	_	_
8.3	367	[2]	εἰκοσάεδρον	_	_
8.3	368	[1]	εἴκοσι	_	_
8.3	369	[3]	τριγώνων	_	_
8.3	370	[40]	,	b	_
8.3	371	[2]	πάλιν	_	_
8.3	372	[1]	ἐπισκοπεῖται	_	_
8.3	373	[3]	τῶν	_	_
8.3	374	[5]	τὰ	_	_
8.3	375	[1]	στερεὰ	_	_
8.3	376	[1]	σχήματα	_	_
8.3	377	[1]	περιοριζόντων	_	_
8.3	378	[1]	ἐπιπέδων	_	_
8.3	379	[7]	τὴν	_	_
8.3	380	[1]	τάξιν	_	_
8.3	381	[41]	,	b	_
8.3	382	[1]	καί	_	_
8.3	383	[2]	φησι	_	_
8.3	384	[42]	,	b	_
8.3	385	[15]	τὸ	_	_
8.3	386	[8]	μὲν	_	_
8.3	387	[1]	ἰσόπλευρον	_	_
8.3	388	[1]	τρίγωνον	_	_
8.3	389	[3]	ἐκ	_	_
8.3	390	[4]	τριγώνων	_	_
8.3	391	[1]	ὀρθογωνίων	_	_
8.3	392	[1]	δυοῖν	_	_
8.3	393	[1]	γενέσθαι	_	_
8.3	394	[43]	,	b	_
8.3	395	[16]	τὸ	_	_
8.3	396	[12]	δὲ	_	_
8.3	397	[1]	τετράγωνον	_	_
8.3	398	[4]	ἐκ	_	_
8.3	399	[1]	τεττάρων	_	_
8.3	400	[11]	.	b	_
8.3	401	[1]	ἐπεὶ	_	_
8.3	402	[13]	δὲ	_	_
8.3	403	[1]	μηκέτι	_	_
8.3	404	[1]	ἀνωτέρω	_	_
8.3	405	[1]	προελθεῖν	_	_
8.3	406	[1]	εἶχεν	_	_
8.3	407	[44]	,	b	_
8.3	408	[3]	ὡς	_	_
8.3	409	[3]	ἐν	_	_
8.3	410	[1]	ἐλαχίστοις	_	_
8.3	411	[1]	ἵσταται	_	_
8.3	412	[1]	τούτοις	_	_
8.3	413	[45]	,	b	_
8.3	414	[14]	καὶ	_	_
8.3	415	[4]	διὰ	_	_
8.3	416	[1]	τοῦτ	_	_
8.3	417	[8]	’	b	_
8.3	418	[1]	αὐτὸ	_	_
8.3	419	[1]	προσαγορεύει	_	_
8.3	420	[4]	στοιχεῖα	_	_
8.3	421	[46]	,	b	_
8.3	422	[17]	τὸ	_	_
8.3	423	[9]	μὲν	_	_
8.3	424	[1]	ἕτερον	_	_
8.3	425	[1]	ἰσοπλεύρου	_	_
8.3	426	[1]	τριγώνου	_	_
8.3	427	[47]	,	b	_
8.3	428	[18]	τὸ	_	_
8.3	429	[4]	δ	_	_
8.3	430	[9]	’	b	_
8.3	431	[2]	ἕτερον	_	_
8.3	432	[1]	τετραγώνου	_	_
8.3	433	[12]	.	b	_
8.3	434	[1]	παραγράψω	_	_
8.3	435	[1]	δέ	_	_
8.3	436	[1]	σοι	_	_
8.3	437	[15]	καὶ	_	_
8.3	438	[4]	τὰς	_	_
8.3	439	[1]	ῥήσεις	_	_
8.3	440	[1]	αὐτοῦ	_	_
8.3	441	[48]	,	b	_
8.3	442	[1]	πρώτην	_	_
8.3	443	[10]	μὲν	_	_
8.3	444	[8]	τὴν	_	_
8.3	445	[2]	ἐπὶ	_	_
8.3	446	[5]	τῆς	_	_
8.3	447	[2]	πυραμίδος	_	_
8.3	448	[1]	εἰρημένην	_	_
8.3	449	[49]	,	b	_
8.3	450	[1]	ἔχουσαν	_	_
8.3	451	[1]	ᾧδε	_	_
8.3	452	[1]	κατὰ	_	_
8.3	453	[1]	λέξιν	_	_
8.3	454	[13]	.	b	_
8.3	455	[1]	ἄρξει	_	_
8.3	456	[1]	δὴ	_	_
8.3	457	[1]	τότε	_	_
8.3	458	[1]	πρῶτον	_	_
8.3	459	[11]	μὲν	_	_
8.3	460	[1]	εἶδος	_	_
8.3	461	[16]	καὶ	_	_
8.3	462	[1]	σμικρότατον	_	_
8.3	463	[1]	συνιστάμενον	_	_
8.3	464	[14]	.	b	_
8.3	465	[1]	στοιχεῖον	_	_
8.3	466	[5]	δ	_	_
8.3	467	[10]	’	b	_
8.3	468	[2]	αὐτοῦ	_	_
8.3	469	[19]	τὸ	_	_
8.3	470	[9]	τὴν	_	_
8.3	471	[1]	ὑποτείνουσαν	_	_
8.3	472	[6]	τῆς	_	_
8.3	473	[1]	ἐλάττονος	_	_
8.3	474	[1]	πλευρᾶς	_	_
8.3	475	[1]	διπλασίαν	_	_
8.3	476	[1]	ἔχον	_	_
8.3	477	[1]	μήκει	_	_
8.3	478	[15]	.	b	_
8.3	479	[1]	δευτέραν	_	_
8.3	480	[14]	δὲ	_	_
8.3	481	[3]	ἐπὶ	_	_
8.3	482	[1]	τῇδε	_	_
8.3	483	[50]	,	b	_
8.3	484	[10]	τὴν	_	_
8.3	485	[4]	ἐπὶ	_	_
8.3	486	[6]	τοῦ	_	_
8.3	487	[1]	εἰκοσαέδρου	_	_
8.3	488	[51]	,	b	_
8.3	489	[17]	καὶ	_	_
8.3	490	[1]	αὐτὴν	_	_
8.3	491	[1]	οὕτως	_	_
8.3	492	[2]	ἔχουσαν	_	_
8.3	493	[2]	αὐτοῖς	_	_
8.3	494	[1]	ὀνόμασι	_	_
8.3	495	[16]	.	b	_
8.3	496	[20]	τὸ	_	_
8.3	497	[15]	δὲ	_	_
8.3	498	[1]	τρίτον	_	_
8.3	499	[5]	ἐκ	_	_
8.3	500	[1]	δὶς	_	_
8.3	501	[1]	ἑξήκοντα	_	_
8.3	502	[4]	τῶν	_	_
8.3	503	[2]	στοιχείων	_	_
8.3	504	[1]	συμπαγέντων	_	_
8.3	505	[52]	,	b	_
8.3	506	[1]	στερεῶν	_	_
8.3	507	[16]	δὲ	_	_
8.3	508	[1]	γωνιῶν	_	_
8.3	509	[1]	δώδεκα	_	_
8.3	510	[53]	,	b	_
8.3	511	[1]	ὑπὸ	_	_
8.3	512	[1]	πέντε	_	_
8.3	513	[2]	ἐπιπέδων	_	_
8.3	514	[5]	τριγώνων	_	_
8.3	515	[3]	ἰσοπλεύρων	_	_
8.3	516	[54]	,	b	_
8.3	517	[1]	περιεχομένης	_	_
8.3	518	[1]	ἑκάστης	_	_
8.3	519	[2]	εἴκοσι	_	_
8.3	520	[1]	βάσεις	_	_
8.3	521	[55]	,	b	_
8.3	522	[2]	ἔχον	_	_
8.3	523	[1]	τριγώνους	_	_
8.3	524	[1]	ἰσοπλεύρους	_	_
8.3	525	[56]	,	b	_
8.3	526	[1]	γέγονε	_	_
8.3	527	[17]	.	b	_
8.3	528	[2]	νῦν	_	_
8.3	529	[12]	μὲν	_	_
8.3	530	[2]	οὖν	_	_
8.3	531	[6]	τὰ	_	_
8.3	532	[1]	συστατικὰ	_	_
8.3	533	[1]	τρίγωνα	_	_
8.3	534	[5]	τῶν	_	_
8.3	535	[1]	ὁριζόντων	_	_
8.3	536	[3]	ἐπιπέδων	_	_
8.3	537	[7]	τὰ	_	_
8.3	538	[2]	στερεὰ	_	_
8.3	539	[2]	σχήματα	_	_
8.3	540	[1]	κέκληται	_	_
8.3	541	[5]	στοιχεῖα	_	_
8.3	542	[18]	.	b	_
8.3	543	[1]	προελθὼν	_	_
8.3	544	[17]	δὲ	_	_
8.3	545	[18]	καὶ	_	_
8.3	546	[4]	αὐτὰ	_	_
8.3	547	[8]	τὰ	_	_
8.3	548	[1]	περιοριζόμενα	_	_
8.3	549	[3]	σώματα	_	_
8.3	550	[3]	πρὸς	_	_
8.3	551	[6]	τῶν	_	_
8.3	552	[1]	εἰρημένων	_	_
8.3	553	[4]	ἐπιπέδων	_	_
8.3	554	[2]	ὀνομάζει	_	_
8.3	555	[6]	στοιχεῖα	_	_
8.3	556	[57]	,	b	_
8.3	557	[1]	γράφων	_	_
8.3	558	[2]	οὕτως	_	_
8.3	559	[19]	.	b	_
8.3	560	[1]	ἔστω	_	_
8.3	561	[2]	δὴ	_	_
8.3	562	[2]	κατὰ	_	_
8.3	563	[1]	τὸν	_	_
8.3	564	[1]	αὐτὸν	_	_
8.3	565	[1]	ἄρτι	_	_
8.3	566	[2]	λόγον	_	_
8.3	567	[19]	καὶ	_	_
8.3	568	[3]	κατὰ	_	_
8.3	569	[2]	τὸν	_	_
8.3	570	[1]	εἰκότα	_	_
8.3	571	[58]	,	b	_
8.3	572	[21]	τὸ	_	_
8.3	573	[13]	μὲν	_	_
8.3	574	[7]	τῆς	_	_
8.3	575	[3]	πυραμίδος	_	_
8.3	576	[1]	γεγονὸς	_	_
8.3	577	[1]	στερεὸν	_	_
8.3	578	[2]	εἶδος	_	_
8.3	579	[59]	,	b	_
8.3	580	[2]	πυρὸς	_	_
8.3	581	[1]	στοιχεῖόν	_	_
8.3	582	[5]	τε	_	_
8.3	583	[20]	καὶ	_	_
8.3	584	[1]	σπέρμα	_	_
8.3	585	[60]	,	b	_
8.3	586	[22]	τὸ	_	_
8.3	587	[1]	αἰσθητὸν	_	_
8.3	588	[1]	τουτὶ	_	_
8.3	589	[5]	πῦρ	_	_
8.3	590	[1]	ἀθρόον	_	_
8.3	591	[1]	ἄθροισμα	_	_
8.3	592	[1]	νομίζειν	_	_
8.3	593	[1]	μικρῶν	_	_
8.3	594	[4]	εἶναι	_	_
8.3	595	[1]	σωμάτων	_	_
8.3	596	[61]	,	b	_
8.3	597	[23]	τὸ	_	_
8.3	598	[4]	σχῆμα	_	_
8.3	599	[1]	πάντων	_	_
8.3	600	[1]	ἐχόντων	_	_
8.3	601	[4]	πυραμίδος	_	_
8.3	602	[20]	.	b	_
8.3	603	[1]	ἐκείνων	_	_
8.3	604	[3]	οὖν	_	_
8.3	605	[2]	ἕκαστον	_	_
8.3	606	[2]	στοιχεῖον	_	_
8.3	607	[2]	εἶναί	_	_
8.3	608	[3]	φησι	_	_
8.3	609	[7]	τοῦ	_	_
8.3	610	[3]	πυρὸς	_	_
8.3	611	[62]	,	b	_
8.3	612	[4]	ὡς	_	_
8.3	613	[3]	εἰ	_	_
8.3	614	[21]	καὶ	_	_
8.3	615	[8]	τοῦ	_	_
8.3	616	[7]	τῶν	_	_
8.3	617	[1]	πυρῶν	_	_
8.3	618	[1]	σωροῦ	_	_
8.3	619	[3]	στοιχεῖον	_	_
8.3	620	[1]	ἔλεγεν	_	_
8.3	621	[3]	εἶναί	_	_
8.3	622	[1]	τις	_	_
8.3	623	[3]	ἕκαστον	_	_
8.3	624	[8]	τῶν	_	_
8.3	625	[2]	πυρῶν	_	_
8.3	626	[1]	·	b	_
8.3	627	[4]	κατὰ	_	_
8.3	628	[18]	δὲ	_	_
8.3	629	[3]	τὸν	_	_
8.3	630	[2]	αὐτὸν	_	_
8.3	631	[3]	λόγον	_	_
8.3	632	[22]	καὶ	_	_
8.3	633	[9]	τὰ	_	_
8.3	634	[14]	μὲν	_	_
8.3	635	[8]	τῆς	_	_
8.3	636	[1]	φωνῆς	_	_
8.3	637	[7]	στοιχεῖα	_	_
8.3	638	[1]	γεννᾷν	_	_
8.3	639	[1]	πρώτας	_	_
8.3	640	[15]	μὲν	_	_
8.3	641	[5]	τὰς	_	_
8.3	642	[1]	συλλαβὰς	_	_
8.3	643	[63]	,	b	_
8.3	644	[1]	εἶτ	_	_
8.3	645	[11]	’	b	_
8.3	646	[1]	ἐξ	_	_
8.3	647	[2]	αὐτῶν	_	_
8.3	648	[1]	γεννᾶσθαι	_	_
8.3	649	[1]	τό	_	_
8.3	650	[1]	τ	_	_
8.3	651	[12]	’	b	_
8.3	652	[1]	ὄνομα	_	_
8.3	653	[64]	,	b	_
8.3	654	[23]	καὶ	_	_
8.3	655	[24]	τὸ	_	_
8.3	656	[1]	ῥῆμα	_	_
8.3	657	[65]	,	b	_
8.3	658	[24]	καὶ	_	_
8.3	659	[11]	τὴν	_	_
8.3	660	[1]	πρόθεσιν	_	_
8.3	661	[66]	,	b	_
8.3	662	[1]	ἄρθρον	_	_
8.3	663	[6]	τε	_	_
8.3	664	[25]	καὶ	_	_
8.3	665	[1]	σύνδεσμον	_	_
8.3	666	[67]	,	b	_
8.3	667	[1]	ἃ	_	_
8.3	668	[3]	πάλιν	_	_
8.3	669	[5]	ὁ	_	_
8.3	670	[1]	Χρύσιππος	_	_
8.3	671	[3]	ὀνομάζει	_	_
8.3	672	[9]	τοῦ	_	_
8.3	673	[2]	λόγου	_	_
8.3	674	[8]	στοιχεῖα	_	_
8.3	675	[21]	.	b	_
8.3	676	[1]	ταυτὶ	_	_
8.3	677	[16]	μὲν	_	_
8.3	678	[4]	οὖν	_	_
8.3	679	[2]	σοι	_	_
8.3	680	[68]	,	b	_
8.3	681	[2]	καίτοι	_	_
8.3	682	[3]	γε	_	_
8.3	683	[6]	οὐκ	_	_
8.3	684	[1]	οὔσης	_	_
8.3	685	[1]	ἀνάγκης	_	_
8.3	686	[69]	,	b	_
8.3	687	[1]	διῆλθον	_	_
8.3	688	[70]	,	b	_
8.3	689	[1]	ὅπως	_	_
8.3	690	[1]	μή	_	_
8.3	691	[2]	τις	_	_
8.3	692	[1]	ἐριστικὸς	_	_
8.3	693	[1]	ἐπηρεάζῃ	_	_
8.3	694	[1]	μου	_	_
8.3	695	[5]	τῷ	_	_
8.3	696	[2]	λόγῳ	_	_
8.3	697	[71]	,	b	_
8.3	698	[2]	διαφέρεσθαι	_	_
8.3	699	[1]	φάσκων	_	_
8.3	700	[4]	ἐν	_	_
8.3	701	[6]	τῷ	_	_
8.3	702	[2]	περὶ	_	_
8.3	703	[9]	τῶν	_	_
8.3	704	[3]	στοιχείων	_	_
8.3	705	[1]	δόγματι	_	_
8.3	706	[4]	τὸν	_	_
8.3	707	[1]	Πλάτωνα	_	_
8.3	708	[7]	τῷ	_	_
8.3	709	[1]	Ἱπποκράτει	_	_
8.3	710	[22]	.	b	_
8.3	711	[12]	τὴν	_	_
8.3	712	[1]	ἀρχὴν	_	_
8.3	713	[17]	μὲν	_	_
8.3	714	[4]	γὰρ	_	_
8.3	715	[1]	οὐδ	_	_
8.3	716	[13]	’	b	_
8.3	717	[2]	ὠνόμασεν	_	_
8.3	718	[2]	Ἱπποκράτης	_	_
8.3	719	[9]	στοιχεῖα	_	_
8.3	720	[13]	τὴν	_	_
8.3	721	[2]	γῆν	_	_
8.3	722	[26]	καὶ	_	_
8.3	723	[25]	τὸ	_	_
8.3	724	[4]	ὕδωρ	_	_
8.3	725	[27]	καὶ	_	_
8.3	726	[5]	τὸν	_	_
8.3	727	[2]	ἀέρα	_	_
8.3	728	[28]	καὶ	_	_
8.3	729	[26]	τὸ	_	_
8.3	730	[6]	πῦρ	_	_
8.3	731	[72]	,	b	_
8.3	732	[1]	ἀλλ	_	_
8.3	733	[14]	’	b	_
8.3	734	[2]	ἐξ	_	_
8.3	735	[3]	αὐτῶν	_	_
8.3	736	[1]	ἡμᾶς	_	_
8.3	737	[1]	ἔφη	_	_
8.3	738	[1]	συνεστάναι	_	_
8.3	739	[73]	,	b	_
8.3	740	[2]	μηκέτι	_	_
8.3	741	[1]	ζητῶν	_	_
8.3	742	[74]	,	b	_
8.3	743	[5]	διὰ	_	_
8.3	744	[1]	τίνα	_	_
8.3	745	[2]	αἰτίαν	_	_
8.3	746	[4]	ἕκαστον	_	_
8.3	747	[4]	αὐτῶν	_	_
8.3	748	[1]	ἔχει	_	_
8.3	749	[1]	δύναμιν	_	_
8.3	750	[1]	ἰδίαν	_	_
8.3	751	[75]	,	b	_
8.3	752	[3]	ἣν	_	_
8.3	753	[1]	ἐναργῶς	_	_
8.3	754	[1]	ὁρῶμεν	_	_
8.3	755	[5]	ἐν	_	_
8.3	756	[3]	αὐτοῖς	_	_
8.3	757	[1]	ὑπάρχουσαν	_	_
8.3	758	[23]	.	b	_
8.3	759	[6]	ὁ	_	_
8.3	760	[4]	Πλάτων	_	_
8.3	761	[19]	δὲ	_	_
8.3	762	[29]	καὶ	_	_
8.3	763	[2]	τοῦτ	_	_
8.3	764	[15]	’	b	_
8.3	765	[1]	ἐζήτησε	_	_
8.3	766	[4]	πρὸς	_	_
8.3	767	[8]	τῷ	_	_
8.3	768	[1]	συγχωρεῖν	_	_
8.3	769	[76]	,	b	_
8.3	770	[6]	ἐκ	_	_
8.3	771	[10]	τῶν	_	_
8.3	772	[2]	τεττάρων	_	_
8.3	773	[1]	ἅπαντα	_	_
8.3	774	[10]	τὰ	_	_
8.3	775	[1]	γεννητὰ	_	_
8.3	776	[30]	καὶ	_	_
8.3	777	[1]	φθαρτὰ	_	_
8.3	778	[4]	σώματα	_	_
8.3	779	[1]	συμπεπηγέναι	_	_
8.3	780	[24]	.	b	_
8.4	1	[1]	Καὶ	_	_
8.4	2	[1]	μὴν	_	_
8.4	3	[1]	καὶ	_	_
8.4	4	[1]	τὸν	_	_
8.4	5	[1]	τρόπον	_	_
8.4	6	[1]	,	b	_
8.4	7	[1]	ὃν	_	_
8.4	8	[1]	ἐκ	_	_
8.4	9	[1]	τῶν	_	_
8.4	10	[1]	στοιχείων	_	_
8.4	11	[1]	τὰ	_	_
8.4	12	[1]	σώμαθ	_	_
8.4	13	[1]	’	b	_
8.4	14	[1]	ἡμῶν	_	_
8.4	15	[1]	συνίσταται	_	_
8.4	16	[2]	,	b	_
8.4	17	[2]	τὸν	_	_
8.4	18	[1]	αὐτὸν	_	_
8.4	19	[1]	ἀμφότεροι	_	_
8.4	20	[1]	λέγουσι	_	_
8.4	21	[3]	,	b	_
8.4	22	[1]	οὐ	_	_
8.4	23	[1]	δήπου	_	_
8.4	24	[1]	τῆς	_	_
8.4	25	[1]	γῆς	_	_
8.4	26	[1]	ὕδατι	_	_
8.4	27	[1]	φυραθείσης	_	_
8.4	28	[4]	,	b	_
8.4	29	[1]	εἶτ	_	_
8.4	30	[2]	’	b	_
8.4	31	[1]	ἐν	_	_
8.4	32	[1]	ἡλίῳ	_	_
8.4	33	[1]	θερμανθείσης	_	_
8.4	34	[1]	γεννᾶσθαι	_	_
8.4	35	[2]	τὰ	_	_
8.4	36	[1]	ζῶα	_	_
8.4	37	[1]	φάσκοντες	_	_
8.4	38	[5]	,	b	_
8.4	39	[1]	ἀλλὰ	_	_
8.4	40	[1]	διὰ	_	_
8.4	41	[1]	πλεόνων	_	_
8.4	42	[2]	τῶν	_	_
8.4	43	[1]	μεταξὺ	_	_
8.4	44	[1]	μεταβολῶν	_	_
8.4	45	[1]	.	b	_
8.4	46	[2]	ἐκ	_	_
8.4	47	[1]	μὲν	_	_
8.4	48	[1]	γὰρ	_	_
8.4	49	[3]	τῶν	_	_
8.4	50	[1]	τεττάρων	_	_
8.4	51	[2]	στοιχείων	_	_
8.4	52	[1]	ἥ	_	_
8.4	53	[1]	τε	_	_
8.4	54	[4]	τῶν	_	_
8.4	55	[1]	φυτῶν	_	_
8.4	56	[1]	ἐστι	_	_
8.4	57	[1]	γένεσις	_	_
8.4	58	[6]	,	b	_
8.4	59	[1]	οἵ	_	_
8.4	60	[1]	τ	_	_
8.4	61	[3]	’	b	_
8.4	62	[1]	ἐξ	_	_
8.4	63	[1]	αὐτῶν	_	_
8.4	64	[1]	καρποὶ	_	_
8.4	65	[2]	καὶ	_	_
8.4	66	[3]	τὰ	_	_
8.4	67	[1]	σπέρματα	_	_
8.4	68	[2]	.	b	_
8.4	69	[1]	τροφὴ	_	_
8.4	70	[1]	δὲ	_	_
8.4	71	[1]	ταῦτα	_	_
8.4	72	[1]	πάντα	_	_
8.4	73	[1]	προβάτοις	_	_
8.4	74	[2]	τε	_	_
8.4	75	[3]	καὶ	_	_
8.4	76	[1]	ὑσὶν	_	_
8.4	77	[7]	,	b	_
8.4	78	[1]	αἰξί	_	_
8.4	79	[3]	τε	_	_
8.4	80	[4]	καὶ	_	_
8.4	81	[1]	βουσὶ	_	_
8.4	82	[8]	,	b	_
8.4	83	[5]	καὶ	_	_
8.4	84	[1]	τοῖς	_	_
8.4	85	[1]	ἄλλοις	_	_
8.4	86	[1]	ζώοις	_	_
8.4	87	[9]	,	b	_
8.4	88	[1]	ὁπόσα	_	_
8.4	89	[1]	πόας	_	_
8.4	90	[10]	,	b	_
8.4	91	[1]	ἢ	_	_
8.4	92	[1]	καρποὺς	_	_
8.4	93	[1]	δένδρων	_	_
8.4	94	[11]	,	b	_
8.4	95	[2]	ἢ	_	_
8.4	96	[1]	ἀκρέμονας	_	_
8.4	97	[12]	,	b	_
8.4	98	[3]	ἢ	_	_
8.4	99	[1]	ῥίζας	_	_
8.4	100	[1]	ἐσθίει	_	_
8.4	101	[3]	.	b	_
8.4	102	[2]	τοῖς	_	_
8.4	103	[1]	δ	_	_
8.4	104	[4]	’	b	_
8.4	105	[1]	ἀνθρώποις	_	_
8.4	106	[1]	αὐτά	_	_
8.4	107	[4]	τε	_	_
8.4	108	[2]	ταῦτα	_	_
8.4	109	[1]	τροφαὶ	_	_
8.4	110	[4]	τὰ	_	_
8.4	111	[2]	ζῶα	_	_
8.4	112	[13]	,	b	_
8.4	113	[6]	καὶ	_	_
8.4	114	[1]	γεννᾶται	_	_
8.4	115	[2]	δ	_	_
8.4	116	[5]	’	b	_
8.4	117	[2]	ἐν	_	_
8.4	118	[1]	αὐτοῖς	_	_
8.4	119	[3]	ἐκ	_	_
8.4	120	[1]	τούτων	_	_
8.4	121	[1]	αἷμα	_	_
8.4	122	[14]	,	b	_
8.4	123	[7]	καὶ	_	_
8.4	124	[1]	φλέγμα	_	_
8.4	125	[15]	,	b	_
8.4	126	[8]	καὶ	_	_
8.4	127	[1]	χολαὶ	_	_
8.4	128	[1]	διτταί	_	_
8.4	129	[1]	·	b	_
8.4	130	[1]	πλεῖστον	_	_
8.4	131	[2]	μὲν	_	_
8.4	132	[2]	αἷμα	_	_
8.4	133	[16]	,	b	_
8.4	134	[1]	διὸ	_	_
8.4	135	[9]	καὶ	_	_
8.4	136	[1]	φαίνεται	_	_
8.4	137	[1]	μόνον	_	_
8.4	138	[3]	ἐν	_	_
8.4	139	[1]	ταῖς	_	_
8.4	140	[1]	φλεψίν	_	_
8.4	141	[2]	·	b	_
8.4	142	[1]	ὀλίγον	_	_
8.4	143	[2]	δὲ	_	_
8.4	144	[5]	τῶν	_	_
8.4	145	[1]	ἄλλων	_	_
8.4	146	[1]	ἑκάστου	_	_
8.4	147	[4]	.	b	_
8.4	148	[10]	καὶ	_	_
8.4	149	[1]	τοῦτό	_	_
8.4	150	[1]	ἐστιν	_	_
8.4	151	[1]	αὐτὸ	_	_
8.4	152	[1]	τὸ	_	_
8.4	153	[3]	αἷμα	_	_
8.4	154	[2]	τῆς	_	_
8.4	155	[1]	γενέσεως	_	_
8.4	156	[2]	ἡμῶν	_	_
8.4	157	[1]	ὡς	_	_
8.4	158	[1]	ὕλη	_	_
8.4	159	[17]	,	b	_
8.4	160	[2]	τὸ	_	_
8.4	161	[1]	συγκείμενον	_	_
8.4	162	[3]	μὲν	_	_
8.4	163	[4]	ἐκ	_	_
8.4	164	[6]	τῶν	_	_
8.4	165	[1]	τεσσάρων	_	_
8.4	166	[1]	χυμῶν	_	_
8.4	167	[18]	,	b	_
8.4	168	[1]	κατ	_	_
8.4	169	[6]	’	b	_
8.4	170	[1]	ἐπικράτειαν	_	_
8.4	171	[3]	δ	_	_
8.4	172	[7]	’	b	_
8.4	173	[1]	ὠνομασμένον	_	_
8.4	174	[1]	οὕτως	_	_
8.4	175	[5]	.	b	_
8.4	176	[1]	γεννώμεθα	_	_
8.4	177	[2]	γὰρ	_	_
8.4	178	[2]	ἐξ	_	_
8.4	179	[1]	αὐτοῦ	_	_
8.4	180	[1]	κατὰ	_	_
8.4	181	[1]	τὰς	_	_
8.4	182	[1]	μήτρας	_	_
8.4	183	[1]	κυούμενοι	_	_
8.4	184	[19]	,	b	_
8.4	185	[11]	καὶ	_	_
8.4	186	[1]	τήν	_	_
8.4	187	[5]	τε	_	_
8.4	188	[1]	πρώτην	_	_
8.4	189	[1]	διάπλασιν	_	_
8.4	190	[5]	ἐκ	_	_
8.4	191	[1]	τούτου	_	_
8.4	192	[1]	λαμβάνομεν	_	_
8.4	193	[20]	,	b	_
8.4	194	[1]	ἐφεξῆς	_	_
8.4	195	[3]	δὲ	_	_
8.4	196	[1]	ταύτῃ	_	_
8.4	197	[7]	τῶν	_	_
8.4	198	[1]	διαπλασθέντων	_	_
8.4	199	[1]	μορίων	_	_
8.4	200	[2]	τήν	_	_
8.4	201	[6]	τε	_	_
8.4	202	[1]	διάρθρωσιν	_	_
8.4	203	[12]	καὶ	_	_
8.4	204	[1]	τὴν	_	_
8.4	205	[1]	αὔξησιν	_	_
8.4	206	[13]	καὶ	_	_
8.4	207	[2]	τὴν	_	_
8.4	208	[1]	τελείωσιν	_	_
8.4	209	[6]	.	b	_
8.4	210	[1]	ἀποκυηθέντες	_	_
8.4	211	[4]	δὲ	_	_
8.4	212	[1]	πρῶτα	_	_
8.4	213	[4]	μὲν	_	_
8.4	214	[1]	τῷ	_	_
8.4	215	[1]	γάλακτι	_	_
8.4	216	[1]	τρεφόμεθα	_	_
8.4	217	[21]	,	b	_
8.4	218	[3]	τὴν	_	_
8.4	219	[1]	γένεσιν	_	_
8.4	220	[3]	ἐξ	_	_
8.4	221	[1]	αἵματος	_	_
8.4	222	[1]	ἔχοντες	_	_
8.4	223	[22]	,	b	_
8.4	224	[1]	μετὰ	_	_
8.4	225	[5]	δὲ	_	_
8.4	226	[3]	ταῦτα	_	_
8.4	227	[2]	ταῖς	_	_
8.4	228	[1]	αὐταῖς	_	_
8.4	229	[1]	τελείοις	_	_
8.4	230	[1]	τροφαῖς	_	_
8.4	231	[23]	,	b	_
8.4	232	[4]	ἐξ	_	_
8.4	233	[1]	ὧν	_	_
8.4	234	[1]	πάλιν	_	_
8.4	235	[4]	αἷμα	_	_
8.4	236	[14]	καὶ	_	_
8.4	237	[2]	φλέγμα	_	_
8.4	238	[15]	καὶ	_	_
8.4	239	[1]	χολὴ	_	_
8.4	240	[1]	ξανθὴ	_	_
8.4	241	[16]	καὶ	_	_
8.4	242	[1]	μέλαινα	_	_
8.4	243	[1]	γεννῶνται	_	_
8.4	244	[7]	.	b	_
8.4	245	[1]	διαφερέτω	_	_
8.4	246	[6]	δὲ	_	_
8.4	247	[1]	μηδὲν	_	_
8.4	248	[1]	εἰς	_	_
8.4	249	[5]	τὰ	_	_
8.4	250	[1]	παρόντα	_	_
8.4	251	[1]	ξανθὴν	_	_
8.4	252	[4]	ἢ	_	_
8.4	253	[1]	ὠχρὰν	_	_
8.4	254	[1]	ὀνομάζειν	_	_
8.4	255	[1]	χολήν	_	_
8.4	256	[8]	.	b	_
8.4	257	[2]	ἀλλὰ	_	_
8.4	258	[1]	ταῦτά	_	_
8.4	259	[1]	γε	_	_
8.4	260	[2]	πάντα	_	_
8.4	261	[1]	Ἱπποκράτης	_	_
8.4	262	[1]	ἁπάντων	_	_
8.4	263	[1]	πρῶτος	_	_
8.4	264	[2]	ὧν	_	_
8.4	265	[1]	ἴσμεν	_	_
8.4	266	[1]	ἰατρῶν	_	_
8.4	267	[7]	τε	_	_
8.4	268	[17]	καὶ	_	_
8.4	269	[1]	φιλοσόφων	_	_
8.4	270	[1]	ἀκριβῶς	_	_
8.4	271	[1]	ὡρίσατο	_	_
8.4	272	[24]	,	b	_
8.4	273	[18]	καὶ	_	_
8.4	274	[2]	διὰ	_	_
8.4	275	[1]	τοῦτο	_	_
8.4	276	[6]	τὰ	_	_
8.4	277	[1]	νοσήματα	_	_
8.4	278	[8]	τῶν	_	_
8.4	279	[1]	πρώτων	_	_
8.4	280	[1]	σωμάτων	_	_
8.4	281	[2]	κατὰ	_	_
8.4	282	[1]	δυσκρασίαν	_	_
8.4	283	[1]	ἔφη	_	_
8.4	284	[1]	γίνεσθαι	_	_
8.4	285	[9]	.	b	_
8.4	286	[1]	τίνα	_	_
8.4	287	[4]	δ	_	_
8.4	288	[8]	’	b	_
8.4	289	[1]	ὀνομάζω	_	_
8.4	290	[2]	πρῶτα	_	_
8.4	291	[1]	σώματα	_	_
8.4	292	[25]	,	b	_
8.4	293	[1]	δηλώσω	_	_
8.4	294	[1]	πρότερον	_	_
8.4	295	[26]	,	b	_
8.4	296	[1]	ὅπως	_	_
8.4	297	[2]	μηδὲν	_	_
8.4	298	[1]	ἀσαφὲς	_	_
8.4	299	[1]	ᾖ	_	_
8.4	300	[3]	κατὰ	_	_
8.4	301	[3]	τὸν	_	_
8.4	302	[1]	λόγον	_	_
8.4	303	[10]	.	b	_
8.4	304	[1]	αὐτὸς	_	_
8.4	305	[5]	μὲν	_	_
8.4	306	[3]	γὰρ	_	_
8.4	307	[2]	Ἱπποκράτης	_	_
8.4	308	[1]	οὐκ	_	_
8.4	309	[1]	ὠνόμασε	_	_
8.4	310	[1]	σῶμα	_	_
8.4	311	[1]	πρῶτον	_	_
8.4	312	[5]	ἢ	_	_
8.4	313	[1]	δεύτερον	_	_
8.4	314	[27]	,	b	_
8.4	315	[1]	ὥσπερ	_	_
8.4	316	[1]	Ἀριστοτέλης	_	_
8.4	317	[3]	·	b	_
8.4	318	[1]	ὁ	_	_
8.4	319	[7]	δὲ	_	_
8.4	320	[1]	Πλάτων	_	_
8.4	321	[1]	δευτέραν	_	_
8.4	322	[1]	μέν	_	_
8.4	323	[1]	τινα	_	_
8.4	324	[1]	σύστασιν	_	_
8.4	325	[1]	εἶπεν	_	_
8.4	326	[1]	εἶναι	_	_
8.4	327	[2]	σωμάτων	_	_
8.4	328	[28]	,	b	_
8.4	329	[2]	πρώτην	_	_
8.4	330	[5]	δ	_	_
8.4	331	[9]	’	b	_
8.4	332	[1]	οὐδ	_	_
8.4	333	[10]	’	b	_
8.4	334	[2]	αὐτὸς	_	_
8.4	335	[1]	ὠνόμασεν	_	_
8.4	336	[29]	,	b	_
8.4	337	[1]	ἀλλ	_	_
8.4	338	[11]	’	b	_
8.4	339	[6]	ἐκ	_	_
8.4	340	[1]	τοῦ	_	_
8.4	341	[2]	δευτέραν	_	_
8.4	342	[1]	τινὰ	_	_
8.4	343	[1]	φάναι	_	_
8.4	344	[1]	δῆλός	_	_
8.4	345	[2]	ἐστι	_	_
8.4	346	[1]	πρὸ	_	_
8.4	347	[1]	αὐτῆς	_	_
8.4	348	[1]	ἑτέραν	_	_
8.4	349	[1]	τιθέμενος	_	_
8.4	350	[30]	,	b	_
8.4	351	[1]	ἣν	_	_
8.4	352	[1]	ὀνόματι	_	_
8.4	353	[2]	τῷ	_	_
8.4	354	[9]	τῶν	_	_
8.4	355	[1]	ὁμοιομερῶν	_	_
8.4	356	[2]	ὁ	_	_
8.4	357	[2]	Ἀριστοτέλης	_	_
8.4	358	[2]	οὕτως	_	_
8.4	359	[2]	ὠνόμασεν	_	_
8.4	360	[31]	,	b	_
8.4	361	[2]	ὡς	_	_
8.4	362	[1]	ἂν	_	_
8.4	363	[1]	ἐπὶ	_	_
8.4	364	[1]	πλέον	_	_
8.4	365	[1]	περί	_	_
8.4	366	[8]	τε	_	_
8.4	367	[10]	τῶν	_	_
8.4	368	[4]	ἐν	_	_
8.4	369	[3]	τοῖς	_	_
8.4	370	[2]	ζώοις	_	_
8.4	371	[2]	μορίων	_	_
8.4	372	[19]	καὶ	_	_
8.4	373	[1]	περὶ	_	_
8.4	374	[3]	τῆς	_	_
8.4	375	[2]	γενέσεως	_	_
8.4	376	[2]	αὐτῶν	_	_
8.4	377	[1]	διελθών	_	_
8.4	378	[11]	.	b	_
8.4	379	[1]	ὅσον	_	_
8.4	380	[4]	γὰρ	_	_
8.4	381	[1]	ἄν	_	_
8.4	382	[1]	τις	_	_
8.4	383	[1]	ἀκριβέστερόν	_	_
8.4	384	[9]	τε	_	_
8.4	385	[20]	καὶ	_	_
8.4	386	[1]	λεπτομερέστερον	_	_
8.4	387	[1]	ἡντιναοῦν	_	_
8.4	388	[1]	φύσιν	_	_
8.4	389	[1]	πραγμάτων	_	_
8.4	390	[1]	ἐξεργάζηται	_	_
8.4	391	[32]	,	b	_
8.4	392	[1]	τοσούτῳ	_	_
8.4	393	[2]	πλεόνων	_	_
8.4	394	[1]	ὀνομάτων	_	_
8.4	395	[1]	αὐτῷ	_	_
8.4	396	[1]	γίγνεται	_	_
8.4	397	[1]	χρεία	_	_
8.4	398	[12]	.	b	_
8.4	399	[7]	τὰ	_	_
8.4	400	[1]	τοίνυν	_	_
8.4	401	[5]	ἐν	_	_
8.4	402	[1]	μιᾷ	_	_
8.4	403	[1]	περιγραφῇ	_	_
8.4	404	[2]	σώματα	_	_
8.4	405	[1]	πολλάκις	_	_
8.4	406	[6]	μὲν	_	_
8.4	407	[1]	ὁμοιομερῆ	_	_
8.4	408	[1]	καλεῖται	_	_
8.4	409	[3]	τῷ	_	_
8.4	410	[1]	πάντ	_	_
8.4	411	[12]	’	b	_
8.4	412	[1]	αὐτὰ	_	_
8.4	413	[8]	τὰ	_	_
8.4	414	[1]	μόρια	_	_
8.4	415	[21]	καὶ	_	_
8.4	416	[1]	ἀλλήλοις	_	_
8.4	417	[1]	ὑπάρχειν	_	_
8.4	418	[1]	ὅμοια	_	_
8.4	419	[22]	καὶ	_	_
8.4	420	[4]	τῷ	_	_
8.4	421	[1]	παντὶ	_	_
8.4	422	[33]	,	b	_
8.4	423	[2]	πολλάκις	_	_
8.4	424	[6]	δ	_	_
8.4	425	[13]	’	b	_
8.4	426	[1]	ἁπλᾶ	_	_
8.4	427	[23]	καὶ	_	_
8.4	428	[3]	πρῶτα	_	_
8.4	429	[13]	.	b	_
8.4	430	[24]	καὶ	_	_
8.4	431	[5]	γὰρ	_	_
8.4	432	[1]	συντίθεται	_	_
8.4	433	[5]	ἐξ	_	_
8.4	434	[3]	αὐτῶν	_	_
8.4	435	[9]	τὰ	_	_
8.4	436	[1]	σύνθετά	_	_
8.4	437	[10]	τε	_	_
8.4	438	[25]	καὶ	_	_
8.4	439	[1]	ὀργανικὰ	_	_
8.4	440	[1]	προσαγορευόμενα	_	_
8.4	441	[34]	,	b	_
8.4	442	[1]	δάκτυλοι	_	_
8.4	443	[35]	,	b	_
8.4	444	[26]	καὶ	_	_
8.4	445	[1]	καρπὸς	_	_
8.4	446	[1]	ὅλος	_	_
8.4	447	[36]	,	b	_
8.4	448	[27]	καὶ	_	_
8.4	449	[1]	πῆχυς	_	_
8.4	450	[2]	ὅλος	_	_
8.4	451	[37]	,	b	_
8.4	452	[28]	καὶ	_	_
8.4	453	[1]	βραχίων	_	_
8.4	454	[3]	ὅλος	_	_
8.4	455	[14]	.	b	_
8.4	456	[1]	ἀνάλογον	_	_
8.4	457	[7]	δ	_	_
8.4	458	[14]	’	b	_
8.4	459	[2]	αὐτοῖς	_	_
8.4	460	[10]	τὰ	_	_
8.4	461	[4]	κατὰ	_	_
8.4	462	[11]	τὰ	_	_
8.4	463	[1]	σκέλη	_	_
8.4	464	[2]	μόρια	_	_
8.4	465	[38]	,	b	_
8.4	466	[2]	δάκτυλοι	_	_
8.4	467	[29]	καὶ	_	_
8.4	468	[1]	ποὺς	_	_
8.4	469	[39]	,	b	_
8.4	470	[30]	καὶ	_	_
8.4	471	[1]	κνήμη	_	_
8.4	472	[40]	,	b	_
8.4	473	[31]	καὶ	_	_
8.4	474	[1]	μηρός	_	_
8.4	475	[4]	·	b	_
8.4	476	[32]	καὶ	_	_
8.4	477	[2]	μὴν	_	_
8.4	478	[33]	καὶ	_	_
8.4	479	[1]	ὀφθαλμὸς	_	_
8.4	480	[41]	,	b	_
8.4	481	[34]	καὶ	_	_
8.4	482	[1]	γλῶττα	_	_
8.4	483	[42]	,	b	_
8.4	484	[35]	καὶ	_	_
8.4	485	[1]	καρδία	_	_
8.4	486	[43]	,	b	_
8.4	487	[36]	καὶ	_	_
8.4	488	[1]	πνεύμων	_	_
8.4	489	[44]	,	b	_
8.4	490	[1]	ἅπαντά	_	_
8.4	491	[11]	τε	_	_
8.4	492	[12]	τὰ	_	_
8.4	493	[1]	σπλάγχνα	_	_
8.4	494	[45]	,	b	_
8.4	495	[37]	καὶ	_	_
8.4	496	[1]	ἡ	_	_
8.4	497	[1]	γαστὴρ	_	_
8.4	498	[46]	,	b	_
8.4	499	[38]	καὶ	_	_
8.4	500	[13]	τὰ	_	_
8.4	501	[1]	ἔντερα	_	_
8.4	502	[11]	τῶν	_	_
8.4	503	[1]	ὀργανικῶν	_	_
8.4	504	[3]	μορίων	_	_
8.4	505	[1]	ἐστὶν	_	_
8.4	506	[47]	,	b	_
8.4	507	[6]	ἐξ	_	_
8.4	508	[3]	ὧν	_	_
8.4	509	[2]	πάλιν	_	_
8.4	510	[1]	ὅλον	_	_
8.4	511	[3]	τὸ	_	_
8.4	512	[2]	σῶμα	_	_
8.4	513	[2]	συντίθεται	_	_
8.4	514	[15]	.	b	_
8.4	515	[1]	πρώτη	_	_
8.4	516	[7]	μὲν	_	_
8.4	517	[1]	οὖν	_	_
8.4	518	[3]	ἐστι	_	_
8.4	519	[2]	γένεσις	_	_
8.4	520	[3]	ἡμῶν	_	_
8.4	521	[7]	ἐκ	_	_
8.4	522	[2]	τοῦ	_	_
8.4	523	[2]	αἵματος	_	_
8.4	524	[3]	τοῦ	_	_
8.4	525	[1]	γινομένου	_	_
8.4	526	[8]	ἐκ	_	_
8.4	527	[4]	τῆς	_	_
8.4	528	[1]	λαμβανομένης	_	_
8.4	529	[1]	τροφῆς	_	_
8.4	530	[1]	εἴσω	_	_
8.4	531	[4]	τοῦ	_	_
8.4	532	[1]	σώματος	_	_
8.4	533	[5]	·	b	_
8.4	534	[1]	ἔστι	_	_
8.4	535	[8]	δὲ	_	_
8.4	536	[39]	καὶ	_	_
8.4	537	[1]	σπέρμα	_	_
8.4	538	[16]	.	b	_
8.4	539	[5]	αἷμα	_	_
8.4	540	[8]	δ	_	_
8.4	541	[15]	’	b	_
8.4	542	[2]	ὀνομάζω	_	_
8.4	543	[4]	τὸ	_	_
8.4	544	[2]	κατ	_	_
8.4	545	[16]	’	b	_
8.4	546	[2]	ἐπικράτειαν	_	_
8.4	547	[1]	οὕτω	_	_
8.4	548	[1]	καλούμενον	_	_
8.4	549	[48]	,	b	_
8.4	550	[1]	ὃ	_	_
8.4	551	[40]	καὶ	_	_
8.4	552	[1]	περιεχόμενον	_	_
8.4	553	[1]	ὁρᾶται	_	_
8.4	554	[5]	κατὰ	_	_
8.4	555	[2]	τὰς	_	_
8.4	556	[1]	φλέβας	_	_
8.4	557	[17]	.	b	_
8.4	558	[9]	ἐκ	_	_
8.4	559	[2]	τούτων	_	_
8.4	560	[9]	δὲ	_	_
8.4	561	[14]	τὰ	_	_
8.4	562	[4]	πρῶτα	_	_
8.4	563	[3]	μόρια	_	_
8.4	564	[2]	γεννᾶται	_	_
8.4	565	[49]	,	b	_
8.4	566	[1]	χόνδρος	_	_
8.4	567	[41]	καὶ	_	_
8.4	568	[1]	ὀστοῦν	_	_
8.4	569	[50]	,	b	_
8.4	570	[42]	καὶ	_	_
8.4	571	[1]	νεῦρον	_	_
8.4	572	[51]	,	b	_
8.4	573	[43]	καὶ	_	_
8.4	574	[1]	ὑμὴν	_	_
8.4	575	[52]	,	b	_
8.4	576	[44]	καὶ	_	_
8.4	577	[1]	σύνδεσμος	_	_
8.4	578	[53]	,	b	_
8.4	579	[45]	καὶ	_	_
8.4	580	[1]	ὅσα	_	_
8.4	581	[1]	τἄλλα	_	_
8.4	582	[1]	τοιαῦτα	_	_
8.4	583	[18]	.	b	_
8.4	584	[1]	κᾄπειτ	_	_
8.4	585	[17]	’	b	_
8.4	586	[10]	ἐκ	_	_
8.4	587	[3]	τούτων	_	_
8.4	588	[2]	ὀφθαλμὸς	_	_
8.4	589	[54]	,	b	_
8.4	590	[46]	καὶ	_	_
8.4	591	[2]	γλῶττα	_	_
8.4	592	[55]	,	b	_
8.4	593	[47]	καὶ	_	_
8.4	594	[1]	κεφαλὴ	_	_
8.4	595	[56]	,	b	_
8.4	596	[48]	καὶ	_	_
8.4	597	[15]	τὰ	_	_
8.4	598	[2]	σπλάγχνα	_	_
8.4	599	[57]	,	b	_
8.4	600	[49]	καὶ	_	_
8.4	601	[16]	τὰ	_	_
8.4	602	[1]	κῶλα	_	_
8.4	603	[58]	,	b	_
8.4	604	[50]	καὶ	_	_
8.4	605	[3]	πάλιν	_	_
8.4	606	[11]	ἐκ	_	_
8.4	607	[4]	τούτων	_	_
8.4	608	[2]	ὅλον	_	_
8.4	609	[5]	τὸ	_	_
8.4	610	[3]	σῶμα	_	_
8.4	611	[19]	.	b	_
8.4	612	[51]	καὶ	_	_
8.4	613	[3]	διὰ	_	_
8.4	614	[1]	τοῦθ	_	_
8.4	615	[18]	’	b	_
8.4	616	[3]	Ἱπποκράτης	_	_
8.4	617	[6]	ἐν	_	_
8.4	618	[5]	τῷ	_	_
8.4	619	[2]	περὶ	_	_
8.4	620	[1]	φύσιος	_	_
8.4	621	[1]	ἀνθρώπου	_	_
8.4	622	[4]	τὴν	_	_
8.4	623	[12]	ἐκ	_	_
8.4	624	[12]	τῶν	_	_
8.4	625	[3]	στοιχείων	_	_
8.4	626	[1]	ἕνωσιν	_	_
8.4	627	[2]	ἁπάντων	_	_
8.4	628	[13]	τῶν	_	_
8.4	629	[1]	φυσικῶν	_	_
8.4	630	[3]	σωμάτων	_	_
8.4	631	[1]	κοινὴν	_	_
8.4	632	[2]	εἶπεν	_	_
8.4	633	[2]	ὑπάρχειν	_	_
8.4	634	[59]	,	b	_
8.4	635	[7]	ἐξ	_	_
8.4	636	[1]	ἧς	_	_
8.4	637	[2]	ἐπὶ	_	_
8.4	638	[5]	τὴν	_	_
8.4	639	[14]	τῶν	_	_
8.4	640	[1]	ζώων	_	_
8.4	641	[1]	μετέβη	_	_
8.4	642	[60]	,	b	_
8.4	643	[52]	καὶ	_	_
8.4	644	[5]	τούτων	_	_
8.4	645	[1]	οὐχ	_	_
8.4	646	[3]	ἁπάντων	_	_
8.4	647	[61]	,	b	_
8.4	648	[3]	ἀλλὰ	_	_
8.4	649	[15]	τῶν	_	_
8.4	650	[1]	ἐναίμων	_	_
8.4	651	[62]	,	b	_
8.4	652	[7]	ἐν	_	_
8.4	653	[1]	οἶς	_	_
8.4	654	[4]	ἐστι	_	_
8.4	655	[53]	καὶ	_	_
8.4	656	[3]	ὁ	_	_
8.4	657	[1]	ἄνθρωπος	_	_
8.4	658	[63]	,	b	_
8.4	659	[1]	ἐφ	_	_
8.4	660	[19]	’	b	_
8.4	661	[2]	ὃν	_	_
8.4	662	[1]	ἑξῆς	_	_
8.4	663	[4]	ὁ	_	_
8.4	664	[1]	λόγος	_	_
8.4	665	[1]	ἔσπευδεν	_	_
8.4	666	[2]	αὐτῷ	_	_
8.4	667	[20]	.	b	_
8.4	668	[54]	καὶ	_	_
8.4	669	[2]	τοίνυν	_	_
8.4	670	[1]	φησὶ	_	_
8.4	671	[1]	ᾧδέ	_	_
8.4	672	[1]	πως	_	_
8.4	673	[1]	ὑπὲρ	_	_
8.4	674	[2]	αὐτοῦ	_	_
8.4	675	[21]	.	b	_
8.4	676	[6]	τὸ	_	_
8.4	677	[10]	δὲ	_	_
8.4	678	[4]	σῶμα	_	_
8.4	679	[5]	τοῦ	_	_
8.4	680	[2]	ἀνθρώπου	_	_
8.4	681	[1]	ἔχει	_	_
8.4	682	[8]	ἐν	_	_
8.4	683	[1]	ἑαυτῷ	_	_
8.4	684	[6]	αἷμα	_	_
8.4	685	[64]	,	b	_
8.4	686	[55]	καὶ	_	_
8.4	687	[3]	φλέγμα	_	_
8.4	688	[65]	,	b	_
8.4	689	[56]	καὶ	_	_
8.4	690	[1]	χολὴν	_	_
8.4	691	[1]	ξανθήν	_	_
8.4	692	[12]	τε	_	_
8.4	693	[57]	καὶ	_	_
8.4	694	[1]	μέλαιναν	_	_
8.4	695	[66]	,	b	_
8.4	696	[58]	καὶ	_	_
8.4	697	[2]	ταῦτά	_	_
8.4	698	[2]	ἐστιν	_	_
8.4	699	[3]	αὐτῷ	_	_
8.4	700	[1]	φύσις	_	_
8.4	701	[6]	τοῦ	_	_
8.4	702	[2]	σώματος	_	_
8.4	703	[67]	,	b	_
8.4	704	[59]	καὶ	_	_
8.4	705	[4]	διὰ	_	_
8.4	706	[1]	ταῦτ	_	_
8.4	707	[20]	’	b	_
8.4	708	[1]	ἀλγέει	_	_
8.4	709	[60]	καὶ	_	_
8.4	710	[1]	ὑγιαίνει	_	_
8.4	711	[22]	.	b	_
8.4	712	[2]	ὑγιαίνει	_	_
8.4	713	[8]	μὲν	_	_
8.4	714	[2]	οὖν	_	_
8.4	715	[1]	μάλιστα	_	_
8.4	716	[68]	,	b	_
8.4	717	[1]	ὅταν	_	_
8.4	718	[1]	μετρίως	_	_
8.4	719	[1]	ἔχῃ	_	_
8.4	720	[4]	ταῦτα	_	_
8.4	721	[5]	τῆς	_	_
8.4	722	[1]	πρὸς	_	_
8.4	723	[1]	ἄλληλα	_	_
8.4	724	[1]	δυνάμεως	_	_
8.4	725	[69]	,	b	_
8.4	726	[61]	καὶ	_	_
8.4	727	[7]	τοῦ	_	_
8.4	728	[1]	πλήθους	_	_
8.4	729	[70]	,	b	_
8.4	730	[62]	καὶ	_	_
8.4	731	[2]	μάλιστα	_	_
8.4	732	[9]	μὲν	_	_
8.4	733	[1]	μεμιγμένα	_	_
8.4	734	[2]	ᾖ	_	_
8.4	735	[6]	·	b	_
8.4	736	[2]	ἀλγέει	_	_
8.4	737	[9]	δ	_	_
8.4	738	[21]	’	b	_
8.4	739	[71]	,	b	_
8.4	740	[2]	ὅταν	_	_
8.4	741	[1]	τι	_	_
8.4	742	[6]	τούτων	_	_
8.4	743	[1]	ἔλαττον	_	_
8.4	744	[6]	ἢ	_	_
8.4	745	[2]	πλέον	_	_
8.4	746	[1]	χωρισθῇ	_	_
8.4	747	[6]	τῷ	_	_
8.4	748	[1]	σώματι	_	_
8.4	749	[72]	,	b	_
8.4	750	[63]	καὶ	_	_
8.4	751	[1]	μὴ	_	_
8.4	752	[1]	κεκρημένον	_	_
8.4	753	[3]	ᾖ	_	_
8.4	754	[1]	τοῖσι	_	_
8.4	755	[1]	πᾶσιν	_	_
8.4	756	[23]	.	b	_
8.4	757	[1]	ἀνάγκη	_	_
8.4	758	[6]	γὰρ	_	_
8.4	759	[73]	,	b	_
8.4	760	[3]	ὅταν	_	_
8.4	761	[2]	τι	_	_
8.4	762	[7]	τούτων	_	_
8.4	763	[2]	χωρισθῇ	_	_
8.4	764	[74]	,	b	_
8.4	765	[64]	καὶ	_	_
8.4	766	[2]	ἐφ	_	_
8.4	767	[22]	’	b	_
8.4	768	[1]	ἑωυτοῦ	_	_
8.4	769	[1]	στῇ	_	_
8.4	770	[75]	,	b	_
8.4	771	[2]	οὐ	_	_
8.4	772	[2]	μόνον	_	_
8.4	773	[7]	τὸ	_	_
8.4	774	[1]	χωρισθὲν	_	_
8.4	775	[1]	ἐπίνοσον	_	_
8.4	776	[1]	γενέσθαι	_	_
8.4	777	[76]	,	b	_
8.4	778	[4]	ἀλλὰ	_	_
8.4	779	[65]	καὶ	_	_
8.4	780	[77]	,	b	_
8.4	781	[1]	ἔνθα	_	_
8.4	782	[2]	ἂν	_	_
8.4	783	[2]	στῇ	_	_
8.4	784	[66]	καὶ	_	_
8.4	785	[1]	ἐπισχεθῇ	_	_
8.4	786	[1]	ὑπερεμπιπλάμενον	_	_
8.4	787	[78]	,	b	_
8.4	788	[1]	ὀδύνην	_	_
8.4	789	[13]	τε	_	_
8.4	790	[67]	καὶ	_	_
8.4	791	[1]	πόνον	_	_
8.4	792	[1]	παρέχειν	_	_
8.4	793	[24]	.	b	_
8.4	794	[68]	καὶ	_	_
8.4	795	[7]	γὰρ	_	_
8.4	796	[79]	,	b	_
8.4	797	[4]	ὅταν	_	_
8.4	798	[3]	τι	_	_
8.4	799	[8]	τούτων	_	_
8.4	800	[1]	ἔξω	_	_
8.4	801	[8]	τοῦ	_	_
8.4	802	[3]	σώματος	_	_
8.4	803	[1]	ἐκρυῇ	_	_
8.4	804	[3]	πλέον	_	_
8.4	805	[9]	τοῦ	_	_
8.4	806	[1]	ἐπιπολάζοντος	_	_
8.4	807	[80]	,	b	_
8.4	808	[2]	ὀδύνην	_	_
8.4	809	[1]	παρέχει	_	_
8.4	810	[81]	,	b	_
8.4	811	[7]	ἢ	_	_
8.4	812	[69]	καὶ	_	_
8.4	813	[1]	νόσον	_	_
8.4	814	[7]	·	b	_
8.4	815	[1]	ἤν	_	_
8.4	816	[2]	τ	_	_
8.4	817	[23]	’	b	_
8.4	818	[1]	αὖθις	_	_
8.4	819	[1]	ἔσω	_	_
8.4	820	[1]	ποιήσηται	_	_
8.4	821	[6]	τὴν	_	_
8.4	822	[1]	κίνησιν	_	_
8.4	823	[82]	,	b	_
8.4	824	[70]	καὶ	_	_
8.4	825	[7]	τὴν	_	_
8.4	826	[1]	μετάστασιν	_	_
8.4	827	[83]	,	b	_
8.4	828	[71]	καὶ	_	_
8.4	829	[8]	τὴν	_	_
8.4	830	[1]	ἀπόκρισιν	_	_
8.4	831	[1]	ἀπὸ	_	_
8.4	832	[16]	τῶν	_	_
8.4	833	[2]	ἄλλων	_	_
8.4	834	[84]	,	b	_
8.4	835	[1]	πολλή	_	_
8.4	836	[1]	γ	_	_
8.4	837	[24]	’	b	_
8.4	838	[4]	αὐτῷ	_	_
8.4	839	[2]	ἀνάγκη	_	_
8.4	840	[1]	διπλῆν	_	_
8.4	841	[9]	τὴν	_	_
8.4	842	[3]	ὀδύνην	_	_
8.4	843	[2]	παρέχειν	_	_
8.4	844	[6]	κατὰ	_	_
8.4	845	[17]	τὰ	_	_
8.4	846	[1]	εἰρημένα	_	_
8.4	847	[85]	,	b	_
8.4	848	[2]	ἔνθα	_	_
8.4	849	[14]	τε	_	_
8.4	850	[1]	ἐξέστη	_	_
8.4	851	[86]	,	b	_
8.4	852	[72]	καὶ	_	_
8.4	853	[1]	ὅθεν	_	_
8.4	854	[1]	ὑπερέβαλεν	_	_
8.4	855	[25]	.	b	_
8.4	856	[1]	αὕτη	_	_
8.4	857	[10]	μὲν	_	_
8.4	858	[2]	ἡ	_	_
8.4	859	[10]	τοῦ	_	_
8.4	860	[1]	Ἱπποκράτους	_	_
8.4	861	[1]	ῥῆσις	_	_
8.4	862	[87]	,	b	_
8.4	863	[1]	ᾗ	_	_
8.4	864	[1]	μοι	_	_
8.4	865	[1]	δοκεῖ	_	_
8.4	866	[1]	βουλόμενος	_	_
8.4	867	[1]	ἀκολουθεῖν	_	_
8.4	868	[5]	ὁ	_	_
8.4	869	[2]	Πλάτων	_	_
8.4	870	[1]	εἰπεῖν	_	_
8.4	871	[1]	ἐκεῖνα	_	_
8.4	872	[18]	τὰ	_	_
8.4	873	[1]	μικρὸν	_	_
8.4	874	[1]	ἀνωτέρω	_	_
8.4	875	[1]	γεγραμμένα	_	_
8.4	876	[2]	περί	_	_
8.4	877	[15]	τε	_	_
8.4	878	[17]	τῶν	_	_
8.4	879	[2]	τεσσάρων	_	_
8.4	880	[4]	στοιχείων	_	_
8.4	881	[6]	τῆς	_	_
8.4	882	[3]	γενέσεως	_	_
8.4	883	[4]	ἡμῶν	_	_
8.4	884	[73]	καὶ	_	_
8.4	885	[3]	περὶ	_	_
8.4	886	[11]	τοῦ	_	_
8.4	887	[1]	καθόλου	_	_
8.4	888	[1]	τρόπου	_	_
8.4	889	[18]	τῶν	_	_
8.4	890	[1]	νοσημάτων	_	_
8.4	891	[26]	.	b	_
8.4	892	[1]	ἀρχὴ	_	_
8.4	893	[11]	δὲ	_	_
8.4	894	[7]	τῆς	_	_
8.4	895	[1]	ῥήσεώς	_	_
8.4	896	[3]	ἐστιν	_	_
8.4	897	[1]	ἥδε	_	_
8.4	898	[27]	.	b	_
8.4	899	[2]	τεττάρων	_	_
8.4	900	[8]	γὰρ	_	_
8.4	901	[1]	ὄντων	_	_
8.4	902	[19]	τῶν	_	_
8.4	903	[1]	γενῶν	_	_
8.4	904	[88]	,	b	_
8.4	905	[8]	ἐξ	_	_
8.4	906	[4]	ὧν	_	_
8.4	907	[1]	συμπέπηγε	_	_
8.4	908	[8]	τὸ	_	_
8.4	909	[5]	σῶμα	_	_
8.4	910	[89]	,	b	_
8.4	911	[2]	γῆς	_	_
8.4	912	[90]	,	b	_
8.4	913	[1]	πυρὸς	_	_
8.4	914	[91]	,	b	_
8.4	915	[1]	ὕδατός	_	_
8.4	916	[16]	τε	_	_
8.4	917	[74]	καὶ	_	_
8.4	918	[1]	ἀέρος	_	_
8.4	919	[92]	,	b	_
8.4	920	[1]	ἀκριβέστερον	_	_
8.4	921	[2]	φαίνεται	_	_
8.4	922	[93]	,	b	_
8.4	923	[75]	καὶ	_	_
8.4	924	[1]	μέντοι	_	_
8.4	925	[76]	καὶ	_	_
8.4	926	[1]	χρησιμώτερον	_	_
8.4	927	[1]	ἰατρῷ	_	_
8.4	928	[4]	περὶ	_	_
8.4	929	[4]	αὐτῶν	_	_
8.4	930	[6]	ὁ	_	_
8.4	931	[4]	Ἱπποκράτης	_	_
8.4	932	[1]	γεγραφώς	_	_
8.4	933	[28]	.	b	_
8.4	934	[13]	ἐκ	_	_
8.4	935	[11]	μὲν	_	_
8.4	936	[9]	γὰρ	_	_
8.4	937	[20]	τῶν	_	_
8.4	938	[3]	τεσσάρων	_	_
8.4	939	[5]	στοιχείων	_	_
8.4	940	[2]	φησὶ	_	_
8.4	941	[1]	γεγονέναι	_	_
8.4	942	[9]	τὸ	_	_
8.4	943	[6]	σῶμα	_	_
8.4	944	[94]	,	b	_
8.4	945	[1]	καλῶν	_	_
8.4	946	[1]	τοὐπίπαν	_	_
8.4	947	[2]	ἀπὸ	_	_
8.4	948	[21]	τῶν	_	_
8.4	949	[1]	δραστικῶν	_	_
8.4	950	[1]	ποιοτήτων	_	_
8.4	951	[2]	αὐτὰ	_	_
8.4	952	[95]	,	b	_
8.4	953	[10]	τὸ	_	_
8.4	954	[12]	μὲν	_	_
8.4	955	[1]	ξηρὸν	_	_
8.4	956	[96]	,	b	_
8.4	957	[11]	τὸ	_	_
8.4	958	[10]	δ	_	_
8.4	959	[25]	’	b	_
8.4	960	[1]	ὑγρὸν	_	_
8.4	961	[97]	,	b	_
8.4	962	[77]	καὶ	_	_
8.4	963	[12]	τὸ	_	_
8.4	964	[13]	μὲν	_	_
8.4	965	[1]	θερμὸν	_	_
8.4	966	[98]	,	b	_
8.4	967	[13]	τὸ	_	_
8.4	968	[12]	δὲ	_	_
8.4	969	[1]	ψυχρόν	_	_
8.4	970	[29]	.	b	_
8.4	971	[3]	οὐ	_	_
8.4	972	[3]	μὴν	_	_
8.4	973	[3]	κατ	_	_
8.4	974	[26]	’	b	_
8.4	975	[2]	ἐκεῖνα	_	_
8.4	976	[4]	τὸν	_	_
8.4	977	[5]	περὶ	_	_
8.4	978	[22]	τῶν	_	_
8.4	979	[2]	νοσημάτων	_	_
8.4	980	[2]	λόγον	_	_
8.4	981	[1]	ἐποιήσατο	_	_
8.4	982	[30]	.	b	_
8.4	983	[1]	δυνάμει	_	_
8.4	984	[14]	μὲν	_	_
8.4	985	[1]	γάρ	_	_
8.4	986	[4]	ἐστιν	_	_
8.4	987	[9]	ἐν	_	_
8.4	988	[4]	τοῖς	_	_
8.4	989	[1]	σώμασιν	_	_
8.4	990	[99]	,	b	_
8.4	991	[1]	ἐνεργείᾳ	_	_
8.4	992	[13]	δὲ	_	_
8.4	993	[2]	οὐκ	_	_
8.4	994	[1]	ἔστιν	_	_
8.4	995	[100]	,	b	_
8.4	996	[5]	ἀλλὰ	_	_
8.4	997	[19]	τὰ	_	_
8.4	998	[9]	ἐξ	_	_
8.4	999	[5]	αὐτῶν	_	_
8.4	1000	[1]	γεγονότα	_	_
8.4	1001	[5]	διὰ	_	_
8.4	1002	[1]	μέσων	_	_
8.4	1003	[23]	τῶν	_	_
8.4	1004	[1]	τροφῶν	_	_
8.4	1005	[101]	,	b	_
8.4	1006	[7]	αἷμα	_	_
8.4	1007	[78]	καὶ	_	_
8.4	1008	[4]	φλέγμα	_	_
8.4	1009	[102]	,	b	_
8.4	1010	[79]	καὶ	_	_
8.4	1011	[3]	ἡ	_	_
8.4	1012	[2]	ξανθὴ	_	_
8.4	1013	[80]	καὶ	_	_
8.4	1014	[2]	μέλαινα	_	_
8.4	1015	[1]	χολή	_	_
8.4	1016	[8]	·	b	_
8.4	1017	[1]	πυρὶ	_	_
8.4	1018	[15]	μὲν	_	_
8.4	1019	[2]	ἀνάλογον	_	_
8.4	1020	[4]	ἡ	_	_
8.4	1021	[3]	ξανθὴ	_	_
8.4	1022	[2]	χολὴ	_	_
8.4	1023	[103]	,	b	_
8.4	1024	[5]	ἡ	_	_
8.4	1025	[14]	δὲ	_	_
8.4	1026	[3]	μέλαινα	_	_
8.4	1027	[1]	τῇ	_	_
8.4	1028	[1]	γῇ	_	_
8.4	1029	[104]	,	b	_
8.4	1030	[14]	τὸ	_	_
8.4	1031	[15]	δὲ	_	_
8.4	1032	[5]	φλέγμα	_	_
8.4	1033	[7]	τῷ	_	_
8.4	1034	[2]	ὕδατι	_	_
8.4	1035	[31]	.	b	_
8.4	1036	[81]	καὶ	_	_
8.4	1037	[6]	διὰ	_	_
8.4	1038	[2]	τοῦτο	_	_
8.4	1039	[1]	θερμὴ	_	_
8.4	1040	[16]	μὲν	_	_
8.4	1041	[82]	καὶ	_	_
8.4	1042	[1]	ξηρὰ	_	_
8.4	1043	[10]	τὴν	_	_
8.4	1044	[1]	δύναμίν	_	_
8.4	1045	[5]	ἐστιν	_	_
8.4	1046	[6]	ἡ	_	_
8.4	1047	[4]	ξανθὴ	_	_
8.4	1048	[3]	χολὴ	_	_
8.4	1049	[105]	,	b	_
8.4	1050	[1]	καθάπερ	_	_
8.4	1051	[15]	τὸ	_	_
8.4	1052	[1]	πῦρ	_	_
8.4	1053	[106]	,	b	_
8.4	1054	[1]	ψυχρὰ	_	_
8.4	1055	[16]	δὲ	_	_
8.4	1056	[7]	ἡ	_	_
8.4	1057	[4]	μέλαινα	_	_
8.4	1058	[83]	καὶ	_	_
8.4	1059	[2]	ξηρὰ	_	_
8.4	1060	[1]	παραπλησίως	_	_
8.4	1061	[2]	τῇ	_	_
8.4	1062	[2]	γῇ	_	_
8.4	1063	[107]	,	b	_
8.4	1064	[16]	τὸ	_	_
8.4	1065	[17]	δὲ	_	_
8.4	1066	[6]	φλέγμα	_	_
8.4	1067	[1]	ψυχρὸν	_	_
8.4	1068	[84]	καὶ	_	_
8.4	1069	[2]	ὑγρὸν	_	_
8.4	1070	[108]	,	b	_
8.4	1071	[2]	ὥσπερ	_	_
8.4	1072	[17]	τὸ	_	_
8.4	1073	[1]	ὕδωρ	_	_
8.4	1074	[32]	.	b	_
8.4	1075	[3]	μόνον	_	_
8.4	1076	[18]	δὲ	_	_
8.4	1077	[18]	τὸ	_	_
8.4	1078	[1]	ἀερῶδες	_	_
8.4	1079	[1]	στοιχεῖον	_	_
8.4	1080	[10]	ἐν	_	_
8.4	1081	[5]	τοῖς	_	_
8.4	1082	[24]	τῶν	_	_
8.4	1083	[2]	ζώων	_	_
8.4	1084	[2]	σώμασιν	_	_
8.4	1085	[2]	ὁρᾶται	_	_
8.4	1086	[1]	πλησίον	_	_
8.4	1087	[8]	τῆς	_	_
8.4	1088	[1]	ἑαυτοῦ	_	_
8.4	1089	[1]	φύσεως	_	_
8.4	1090	[109]	,	b	_
8.4	1091	[1]	ἔν	_	_
8.4	1092	[17]	τε	_	_
8.4	1093	[3]	ταῖς	_	_
8.4	1094	[1]	ἀναπνοαῖς	_	_
8.4	1095	[110]	,	b	_
8.4	1096	[85]	καὶ	_	_
8.4	1097	[7]	κατὰ	_	_
8.4	1098	[1]	τοὺς	_	_
8.4	1099	[1]	σφυγμοὺς	_	_
8.4	1100	[111]	,	b	_
8.4	1101	[1]	ἤδη	_	_
8.4	1102	[19]	δὲ	_	_
8.4	1103	[1]	κᾀν	_	_
8.4	1104	[6]	τοῖς	_	_
8.4	1105	[1]	παλμώδεσι	_	_
8.4	1106	[1]	πάθεσιν	_	_
8.4	1107	[1]	ἐμφυσήμασί	_	_
8.4	1108	[18]	τε	_	_
8.4	1109	[86]	καὶ	_	_
8.4	1110	[1]	οἰδήμασίν	_	_
8.4	1111	[6]	ἐστιν	_	_
8.4	1112	[112]	,	b	_
8.4	1113	[2]	ἔν	_	_
8.4	1114	[19]	τε	_	_
8.4	1115	[4]	ταῖς	_	_
8.4	1116	[1]	καλουμέναις	_	_
8.4	1117	[1]	πνευματώσεσιν	_	_
8.4	1118	[33]	.	b	_
8.4	1119	[8]	ἡ	_	_
8.4	1120	[11]	δ	_	_
8.4	1121	[27]	’	b	_
8.4	1122	[10]	ἐξ	_	_
8.4	1123	[4]	ἁπάντων	_	_
8.4	1124	[25]	τῶν	_	_
8.4	1125	[3]	τεττάρων	_	_
8.4	1126	[6]	στοιχείων	_	_
8.4	1127	[1]	σύμμετρος	_	_
8.4	1128	[1]	κρᾶσις	_	_
8.4	1129	[1]	ἐγέννησε	_	_
8.4	1130	[19]	τὸ	_	_
8.4	1131	[1]	ἀκριβὲς	_	_
8.4	1132	[8]	αἷμα	_	_
8.4	1133	[34]	.	b	_
8.4	1134	[87]	καὶ	_	_
8.4	1135	[1]	βέλτιόν	_	_
8.4	1136	[7]	ἐστιν	_	_
8.4	1137	[3]	ἐπὶ	_	_
8.4	1138	[26]	τῶν	_	_
8.4	1139	[2]	χυμῶν	_	_
8.4	1140	[1]	λέγειν	_	_
8.4	1141	[113]	,	b	_
8.4	1142	[1]	ἅπερ	_	_
8.4	1143	[7]	ὁ	_	_
8.4	1144	[3]	Πλάτων	_	_
8.4	1145	[4]	ἐπὶ	_	_
8.4	1146	[27]	τῶν	_	_
8.4	1147	[7]	στοιχείων	_	_
8.4	1148	[1]	ἔγραψεν	_	_
8.4	1149	[35]	.	b	_
8.4	1150	[2]	ἀλλ	_	_
8.4	1151	[28]	’	b	_
8.4	1152	[8]	ὁ	_	_
8.4	1153	[5]	Ἱπποκράτης	_	_
8.4	1154	[1]	προειπὼν	_	_
8.4	1155	[114]	,	b	_
8.4	1156	[20]	τὸ	_	_
8.4	1157	[20]	δὲ	_	_
8.4	1158	[7]	σῶμα	_	_
8.4	1159	[12]	τοῦ	_	_
8.4	1160	[3]	ἀνθρώπου	_	_
8.4	1161	[2]	ἔχει	_	_
8.4	1162	[11]	ἐν	_	_
8.4	1163	[2]	ἑαυτῷ	_	_
8.4	1164	[9]	αἷμα	_	_
8.4	1165	[115]	,	b	_
8.4	1166	[88]	καὶ	_	_
8.4	1167	[7]	φλέγμα	_	_
8.4	1168	[116]	,	b	_
8.4	1169	[89]	καὶ	_	_
8.4	1170	[2]	χολὴν	_	_
8.4	1171	[2]	ξανθήν	_	_
8.4	1172	[20]	τε	_	_
8.4	1173	[90]	καὶ	_	_
8.4	1174	[2]	μέλαιναν	_	_
8.4	1175	[117]	,	b	_
8.4	1176	[2]	ἐφεξῆς	_	_
8.4	1177	[1]	φησι	_	_
8.4	1178	[118]	,	b	_
8.4	1179	[91]	καὶ	_	_
8.4	1180	[7]	διὰ	_	_
8.4	1181	[5]	ταῦτα	_	_
8.4	1182	[3]	ἀλγέει	_	_
8.4	1183	[92]	καὶ	_	_
8.4	1184	[3]	ὑγιαίνει	_	_
8.4	1185	[36]	.	b	_
8.4	1186	[21]	τὸ	_	_
8.4	1187	[17]	μὲν	_	_
8.4	1188	[4]	ἀλγέει	_	_
8.4	1189	[4]	κατ	_	_
8.4	1190	[29]	’	b	_
8.4	1191	[1]	ἐξοχὴν	_	_
8.4	1192	[1]	μεγάλου	_	_
8.4	1193	[1]	νοσήματος	_	_
8.4	1194	[5]	ἐπὶ	_	_
8.4	1195	[1]	πάντων	_	_
8.4	1196	[28]	τῶν	_	_
8.4	1197	[1]	παρὰ	_	_
8.4	1198	[2]	φύσιν	_	_
8.4	1199	[1]	τάσσεται	_	_
8.4	1200	[119]	,	b	_
8.4	1201	[22]	τὸ	_	_
8.4	1202	[21]	δὲ	_	_
8.4	1203	[4]	ὑγιαίνει	_	_
8.4	1204	[8]	κατὰ	_	_
8.4	1205	[11]	τὴν	_	_
8.4	1206	[2]	πρὸς	_	_
8.4	1207	[20]	τὰ	_	_
8.4	1208	[2]	παρὰ	_	_
8.4	1209	[3]	φύσιν	_	_
8.4	1210	[1]	ἀντίθεσιν	_	_
8.4	1211	[3]	πάντα	_	_
8.4	1212	[37]	.	b	_
8.4	1213	[1]	κᾄπειτα	_	_
8.4	1214	[4]	πάλιν	_	_
8.4	1215	[3]	ἐφεξῆς	_	_
8.4	1216	[120]	,	b	_
8.4	1217	[2]	ὅπως	_	_
8.4	1218	[18]	μὲν	_	_
8.4	1219	[5]	ὑγιαίνει	_	_
8.4	1220	[121]	,	b	_
8.4	1221	[1]	διδάσκων	_	_
8.4	1222	[1]	φησίν	_	_
8.4	1223	[9]	·	b	_
8.4	1224	[6]	ὑγιαίνει	_	_
8.4	1225	[19]	μὲν	_	_
8.4	1226	[3]	οὖν	_	_
8.4	1227	[3]	μάλιστα	_	_
8.4	1228	[122]	,	b	_
8.4	1229	[5]	ὅταν	_	_
8.4	1230	[2]	μετρίως	_	_
8.4	1231	[2]	ἔχῃ	_	_
8.4	1232	[6]	ταῦτα	_	_
8.4	1233	[3]	πρὸς	_	_
8.4	1234	[2]	ἄλληλα	_	_
8.4	1235	[2]	δυνάμεως	_	_
8.4	1236	[93]	καὶ	_	_
8.4	1237	[13]	τοῦ	_	_
8.4	1238	[1]	πλήθεος	_	_
8.4	1239	[123]	,	b	_
8.4	1240	[94]	καὶ	_	_
8.4	1241	[4]	μάλιστα	_	_
8.4	1242	[2]	μεμιγμένα	_	_
8.4	1243	[4]	ᾖ	_	_
8.4	1244	[38]	.	b	_
8.4	1245	[2]	τίνα	_	_
8.4	1246	[7]	ταῦτα	_	_
8.4	1247	[1]	;	b	_
8.4	1248	[4]	οὐ	_	_
8.4	1249	[21]	τὰ	_	_
8.4	1250	[1]	στοιχεῖα	_	_
8.4	1251	[1]	δήπουθεν	_	_
8.4	1252	[124]	,	b	_
8.4	1253	[6]	ἀλλὰ	_	_
8.4	1254	[95]	καὶ	_	_
8.4	1255	[22]	τὰ	_	_
8.4	1256	[1]	προσεχῶς	_	_
8.4	1257	[1]	γεννητικὰ	_	_
8.4	1258	[29]	τῶν	_	_
8.4	1259	[14]	τοῦ	_	_
8.4	1260	[4]	σώματος	_	_
8.4	1261	[4]	μορίων	_	_
8.4	1262	[125]	,	b	_
8.4	1263	[10]	αἷμα	_	_
8.4	1264	[96]	καὶ	_	_
8.4	1265	[8]	φλέγμα	_	_
8.4	1266	[126]	,	b	_
8.4	1267	[97]	καὶ	_	_
8.4	1268	[1]	δύο	_	_
8.4	1269	[1]	χολαί	_	_
8.4	1270	[39]	.	b	_
8.4	1271	[5]	ἀλγέει	_	_
8.4	1272	[22]	δὲ	_	_
8.4	1273	[127]	,	b	_
8.4	1274	[1]	φησὶν	_	_
8.4	1275	[128]	,	b	_
8.4	1276	[6]	ὅταν	_	_
8.4	1277	[4]	τι	_	_
8.4	1278	[9]	τούτων	_	_
8.4	1279	[2]	ἔλαττον	_	_
8.4	1280	[8]	ἢ	_	_
8.4	1281	[4]	πλέον	_	_
8.4	1282	[5]	ᾖ	_	_
8.4	1283	[129]	,	b	_
8.4	1284	[9]	ἢ	_	_
8.4	1285	[3]	χωρισθῇ	_	_
8.4	1286	[12]	ἐν	_	_
8.4	1287	[8]	τῷ	_	_
8.4	1288	[2]	σώματι	_	_
8.4	1289	[98]	καὶ	_	_
8.4	1290	[2]	μὴ	_	_
8.4	1291	[2]	κεκρημένον	_	_
8.4	1292	[6]	ᾖ	_	_
8.4	1293	[2]	τοῖσι	_	_
8.4	1294	[2]	πᾶσιν	_	_
8.4	1295	[130]	,	b	_
8.4	1296	[1]	ὅπερ	_	_
8.4	1297	[9]	ὁ	_	_
8.4	1298	[4]	Πλάτων	_	_
8.4	1299	[1]	παραφράζων	_	_
8.4	1300	[2]	ἔφη	_	_
8.4	1301	[131]	,	b	_
8.4	1302	[99]	καὶ	_	_
8.4	1303	[9]	τῆς	_	_
8.4	1304	[1]	χώρας	_	_
8.4	1305	[2]	μετάστασιν	_	_
8.4	1306	[11]	ἐξ	_	_
8.4	1307	[1]	οἰκείας	_	_
8.4	1308	[1]	ἐπ	_	_
8.4	1309	[30]	’	b	_
8.4	1310	[1]	ἀλλοτρίαν	_	_
8.4	1311	[1]	γιγνομένην	_	_
8.4	1312	[40]	.	b	_
8.4	1313	[3]	ἀλλ	_	_
8.4	1314	[31]	’	b	_
8.4	1315	[1]	οὗτος	_	_
8.4	1316	[20]	μὲν	_	_
8.4	1317	[132]	,	b	_
8.4	1318	[3]	ὡς	_	_
8.4	1319	[1]	ἔφην	_	_
8.4	1320	[133]	,	b	_
8.4	1321	[1]	ἁμαρτάνει	_	_
8.4	1322	[134]	,	b	_
8.4	1323	[1]	προσθεὶς	_	_
8.4	1324	[135]	,	b	_
8.4	1325	[1]	πυρός	_	_
8.4	1326	[21]	τε	_	_
8.4	1327	[100]	καὶ	_	_
8.4	1328	[30]	τῶν	_	_
8.4	1329	[1]	ἑτέρων	_	_
8.4	1330	[136]	,	b	_
8.4	1331	[1]	ἐπειδὴ	_	_
8.4	1332	[101]	καὶ	_	_
8.4	1333	[1]	γένη	_	_
8.4	1334	[1]	πλέονα	_	_
8.4	1335	[1]	ἑνὸς	_	_
8.4	1336	[1]	ὄντα	_	_
8.4	1337	[1]	τυγχάνει	_	_
8.4	1338	[41]	.	b	_
8.4	1339	[8]	ταῦτα	_	_
8.4	1340	[10]	γὰρ	_	_
8.4	1341	[3]	οὐκ	_	_
8.4	1342	[2]	ἔστι	_	_
8.4	1343	[23]	τὰ	_	_
8.4	1344	[1]	μεθιστάμενα	_	_
8.4	1345	[102]	καὶ	_	_
8.4	1346	[1]	χώραν	_	_
8.4	1347	[1]	ἀμείβοντα	_	_
8.4	1348	[9]	κατὰ	_	_
8.4	1349	[24]	τὰ	_	_
8.4	1350	[31]	τῶν	_	_
8.4	1351	[3]	ζώων	_	_
8.4	1352	[3]	σώματα	_	_
8.4	1353	[137]	,	b	_
8.4	1354	[9]	φλέγμα	_	_
8.4	1355	[23]	δὲ	_	_
8.4	1356	[103]	καὶ	_	_
8.4	1357	[2]	χολαὶ	_	_
8.4	1358	[138]	,	b	_
8.4	1359	[104]	καὶ	_	_
8.4	1360	[2]	αὐτὸ	_	_
8.4	1361	[23]	τὸ	_	_
8.4	1362	[11]	αἷμα	_	_
8.4	1363	[42]	.	b	_
8.4	1364	[105]	καὶ	_	_
8.4	1365	[11]	γὰρ	_	_
8.4	1366	[106]	καὶ	_	_
8.4	1367	[3]	τοῦτο	_	_
8.4	1368	[3]	πολλάκις	_	_
8.4	1369	[2]	εἰς	_	_
8.4	1370	[2]	ἀλλοτρίαν	_	_
8.4	1371	[1]	ἀφικόμενον	_	_
8.4	1372	[1]	ἕδραν	_	_
8.4	1373	[1]	αἴτιον	_	_
8.4	1374	[1]	ὀλεθρίων	_	_
8.4	1375	[3]	νοσημάτων	_	_
8.4	1376	[2]	γίγνεται	_	_
8.4	1377	[43]	.	b	_
8.4	1378	[1]	ἄχρι	_	_
8.4	1379	[21]	μὲν	_	_
8.4	1380	[4]	οὖν	_	_
8.4	1381	[15]	τοῦ	_	_
8.4	1382	[5]	πλέον	_	_
8.4	1383	[10]	ἢ	_	_
8.4	1384	[1]	ἔλασσον	_	_
8.4	1385	[1]	ἕκαστον	_	_
8.4	1386	[32]	τῶν	_	_
8.4	1387	[1]	συντιθέντων	_	_
8.4	1388	[1]	ἡμᾶς	_	_
8.4	1389	[1]	γιγνόμενον	_	_
8.4	1390	[139]	,	b	_
8.4	1391	[1]	αἱ	_	_
8.4	1392	[1]	νόσοι	_	_
8.4	1393	[1]	καθίστανται	_	_
8.4	1394	[140]	,	b	_
8.4	1395	[1]	κοινὸς	_	_
8.4	1396	[10]	ὁ	_	_
8.4	1397	[2]	λόγος	_	_
8.4	1398	[2]	ἐστὶν	_	_
8.4	1399	[1]	ἐπί	_	_
8.4	1400	[22]	τε	_	_
8.4	1401	[33]	τῶν	_	_
8.4	1402	[3]	χυμῶν	_	_
8.4	1403	[107]	καὶ	_	_
8.4	1404	[34]	τῶν	_	_
8.4	1405	[8]	στοιχείων	_	_
8.4	1406	[44]	.	b	_
8.4	1407	[6]	ἐπὶ	_	_
8.4	1408	[24]	δὲ	_	_
8.4	1409	[16]	τοῦ	_	_
8.4	1410	[1]	καθ	_	_
8.4	1411	[32]	’	b	_
8.4	1412	[1]	ἑαυτό	_	_
8.4	1413	[1]	που	_	_
8.4	1414	[1]	στάντος	_	_
8.4	1415	[3]	ἔν	_	_
8.4	1416	[1]	τινι	_	_
8.4	1417	[1]	τόπῳ	_	_
8.4	1418	[17]	τοῦ	_	_
8.4	1419	[5]	σώματος	_	_
8.4	1420	[4]	οὐκ	_	_
8.4	1421	[1]	ἔθ	_	_
8.4	1422	[33]	’	b	_
8.4	1423	[1]	ὁμοίως	_	_
8.4	1424	[2]	ἐπ	_	_
8.4	1425	[34]	’	b	_
8.4	1426	[1]	ἀμφοῖν	_	_
8.4	1427	[11]	ὁ	_	_
8.4	1428	[3]	λόγος	_	_
8.4	1429	[1]	ἀληθής	_	_
8.4	1430	[45]	.	b	_
8.4	1431	[1]	οἱ	_	_
8.4	1432	[22]	μὲν	_	_
8.4	1433	[12]	γὰρ	_	_
8.4	1434	[1]	χυμοὶ	_	_
8.4	1435	[1]	σαφῶς	_	_
8.4	1436	[1]	ὁρῶνται	_	_
8.4	1437	[141]	,	b	_
8.4	1438	[2]	καθ	_	_
8.4	1439	[35]	’	b	_
8.4	1440	[2]	ὅπερ	_	_
8.4	1441	[3]	ἂν	_	_
8.4	1442	[13]	ἐν	_	_
8.4	1443	[9]	τῷ	_	_
8.4	1444	[3]	σώματι	_	_
8.4	1445	[1]	μόριον	_	_
8.4	1446	[1]	στῶσι	_	_
8.4	1447	[142]	,	b	_
8.4	1448	[1]	νόσους	_	_
8.4	1449	[1]	ἐργαζόμενοι	_	_
8.4	1450	[10]	·	b	_
8.4	1451	[25]	τὰ	_	_
8.4	1452	[1]	ἐρυσιπέλατα	_	_
8.4	1453	[108]	καὶ	_	_
8.4	1454	[2]	τοὺς	_	_
8.4	1455	[1]	ἕρπητας	_	_
8.4	1456	[9]	ἡ	_	_
8.4	1457	[5]	ξανθὴ	_	_
8.4	1458	[2]	χολή	_	_
8.4	1459	[11]	·	b	_
8.4	1460	[3]	τοὺς	_	_
8.4	1461	[1]	καρκίνους	_	_
8.4	1462	[25]	δὲ	_	_
8.4	1463	[10]	ἡ	_	_
8.4	1464	[5]	μέλαινα	_	_
8.4	1465	[12]	·	b	_
8.4	1466	[26]	τὰ	_	_
8.4	1467	[12]	δ	_	_
8.4	1468	[36]	’	b	_
8.4	1469	[1]	οἰδήματα	_	_
8.4	1470	[24]	τὸ	_	_
8.4	1471	[10]	φλέγμα	_	_
8.4	1472	[13]	·	b	_
8.4	1473	[25]	τὸ	_	_
8.4	1474	[13]	δ	_	_
8.4	1475	[37]	’	b	_
8.4	1476	[12]	αἷμα	_	_
8.4	1477	[1]	κατά	_	_
8.4	1478	[23]	τε	_	_
8.4	1479	[5]	τὸν	_	_
8.4	1480	[1]	πνεύμονα	_	_
8.4	1481	[109]	καὶ	_	_
8.4	1482	[2]	μεταξὺ	_	_
8.4	1483	[1]	θώρακός	_	_
8.4	1484	[24]	τε	_	_
8.4	1485	[110]	καὶ	_	_
8.4	1486	[1]	πνεύμονος	_	_
8.4	1487	[143]	,	b	_
8.4	1488	[7]	ὅταν	_	_
8.4	1489	[1]	ἐκχυθὲν	_	_
8.4	1490	[35]	τῶν	_	_
8.4	1491	[1]	οἰκείων	_	_
8.4	1492	[1]	ὀργάνων	_	_
8.4	1493	[3]	στῇ	_	_
8.4	1494	[1]	σηπόμενον	_	_
8.4	1495	[144]	,	b	_
8.4	1496	[14]	ἐν	_	_
8.4	1497	[10]	τῷ	_	_
8.4	1498	[1]	χρόνῳ	_	_
8.4	1499	[1]	φθορὰς	_	_
8.4	1500	[1]	ἐργάζεται	_	_
8.4	1501	[145]	,	b	_
8.4	1502	[111]	καὶ	_	_
8.4	1503	[10]	κατὰ	_	_
8.4	1504	[1]	γαστέρα	_	_
8.4	1505	[112]	καὶ	_	_
8.4	1506	[11]	κατὰ	_	_
8.4	1507	[27]	τὰ	_	_
8.4	1508	[1]	μεγάλα	_	_
8.4	1509	[36]	τῶν	_	_
8.4	1510	[1]	τραυμάτων	_	_
8.4	1511	[1]	θρομβούμενον	_	_
8.4	1512	[1]	ἐσχάτους	_	_
8.4	1513	[1]	κινδύνους	_	_
8.4	1514	[1]	ἐπιφέρει	_	_
8.4	1515	[46]	.	b	_
8.4	1516	[1]	γῆν	_	_
8.4	1517	[14]	δ	_	_
8.4	1518	[38]	’	b	_
8.4	1519	[1]	οὐδαμοῦ	_	_
8.4	1520	[3]	καθ	_	_
8.4	1521	[39]	’	b	_
8.4	1522	[1]	ἑαυτὴν	_	_
8.4	1523	[1]	ἰδεῖν	_	_
8.4	1524	[3]	ἔστι	_	_
8.4	1525	[1]	μόνην	_	_
8.4	1526	[15]	ἐν	_	_
8.4	1527	[11]	τῷ	_	_
8.4	1528	[4]	σώματι	_	_
8.4	1529	[1]	ἀθροισθεῖσαν	_	_
8.4	1530	[146]	,	b	_
8.4	1531	[3]	ὥσπερ	_	_
8.4	1532	[1]	οὐδὲ	_	_
8.4	1533	[2]	πῦρ	_	_
8.4	1534	[3]	αὐτὸ	_	_
8.4	1535	[4]	καθ	_	_
8.4	1536	[40]	’	b	_
8.4	1537	[1]	ἑαυτὸ	_	_
8.4	1538	[4]	μόνον	_	_
8.4	1539	[147]	,	b	_
8.4	1540	[2]	οὐδ	_	_
8.4	1541	[41]	’	b	_
8.4	1542	[2]	ὕδωρ	_	_
8.4	1543	[2]	στοιχεῖον	_	_
8.4	1544	[148]	,	b	_
8.4	1545	[4]	ἀλλ	_	_
8.4	1546	[42]	’	b	_
8.4	1547	[1]	ἰχῶράς	_	_
8.4	1548	[1]	τινας	_	_
8.4	1549	[149]	,	b	_
8.4	1550	[1]	ἐπιμιχθέντων	_	_
8.4	1551	[2]	ἀλλήλοις	_	_
8.4	1552	[18]	τοῦ	_	_
8.4	1553	[1]	θ	_	_
8.4	1554	[43]	’	b	_
8.4	1555	[1]	ὑδατώδους	_	_
8.4	1556	[1]	στοιχείου	_	_
8.4	1557	[113]	καὶ	_	_
8.4	1558	[19]	τοῦ	_	_
8.4	1559	[1]	πυρώδους	_	_
8.4	1560	[150]	,	b	_
8.4	1561	[5]	οὐ	_	_
8.4	1562	[5]	μόνον	_	_
8.4	1563	[3]	οὐδ	_	_
8.4	1564	[44]	’	b	_
8.4	1565	[1]	εἰλικρινῶν	_	_
8.4	1566	[151]	,	b	_
8.4	1567	[7]	ἀλλὰ	_	_
8.4	1568	[114]	καὶ	_	_
8.4	1569	[1]	πάχους	_	_
8.4	1570	[1]	ἰλυώδους	_	_
8.4	1571	[5]	τι	_	_
8.4	1572	[1]	προσλαβόντων	_	_
8.4	1573	[47]	.	b	_
8.4	1574	[2]	οὕτω	_	_
8.4	1575	[26]	δὲ	_	_
8.4	1576	[115]	καὶ	_	_
8.4	1577	[26]	τὸ	_	_
8.4	1578	[1]	φυσῶδες	_	_
8.4	1579	[1]	πνεῦμα	_	_
8.4	1580	[3]	γεννᾶται	_	_
8.4	1581	[12]	κατὰ	_	_
8.4	1582	[28]	τὰ	_	_
8.4	1583	[3]	ζῶα	_	_
8.4	1584	[152]	,	b	_
8.4	1585	[1]	προσλαβούσης	_	_
8.4	1586	[2]	γε	_	_
8.4	1587	[10]	τῆς	_	_
8.4	1588	[1]	ἀερώδους	_	_
8.4	1589	[1]	οὐσίας	_	_
8.4	1590	[1]	ὑγρὰν	_	_
8.4	1591	[1]	ἰκμάδα	_	_
8.4	1592	[48]	.	b	_
8.4	1593	[1]	καλῶς	_	_
8.4	1594	[23]	μὲν	_	_
8.4	1595	[5]	οὖν	_	_
8.4	1596	[6]	Ἱπποκράτης	_	_
8.4	1597	[7]	ἐπὶ	_	_
8.4	1598	[37]	τῶν	_	_
8.4	1599	[4]	χυμῶν	_	_
8.4	1600	[2]	ἔγραψεν	_	_
8.4	1601	[27]	τὸ	_	_
8.4	1602	[1]	χωριζομένους	_	_
8.4	1603	[25]	τε	_	_
8.4	1604	[38]	τῶν	_	_
8.4	1605	[3]	ἄλλων	_	_
8.4	1606	[116]	καὶ	_	_
8.4	1607	[5]	καθ	_	_
8.4	1608	[45]	’	b	_
8.4	1609	[1]	ἓν	_	_
8.4	1610	[1]	ὁτιοῦν	_	_
8.4	1611	[1]	ἱσταμένους	_	_
8.4	1612	[2]	μόριον	_	_
8.4	1613	[1]	αἰτίους	_	_
8.4	1614	[1]	γίγνεσθαι	_	_
8.4	1615	[4]	νοσημάτων	_	_
8.4	1616	[14]	·	b	_
8.4	1617	[5]	οὐκ	_	_
8.4	1618	[1]	ὀρθῶς	_	_
8.4	1619	[27]	δὲ	_	_
8.4	1620	[12]	ὁ	_	_
8.4	1621	[5]	Πλάτων	_	_
8.4	1622	[8]	ἐπὶ	_	_
8.4	1623	[39]	τῶν	_	_
8.4	1624	[9]	στοιχείων	_	_
8.4	1625	[3]	εἶπεν	_	_
8.4	1626	[1]	αὐτό	_	_
8.4	1627	[49]	.	b	_
8.5	1	[1]	Περὶ	_	_
8.5	2	[1]	μὲν	_	_
8.5	3	[1]	δὴ	_	_
8.5	4	[1]	τῆς	_	_
8.5	5	[1]	ἐκ	_	_
8.5	6	[1]	στοιχείων	_	_
8.5	7	[1]	γενέσεως	_	_
8.5	8	[1]	,	b	_
8.5	9	[1]	ὑγιείας	_	_
8.5	10	[1]	τε	_	_
8.5	11	[1]	καὶ	_	_
8.5	12	[1]	νόσου	_	_
8.5	13	[1]	τῶν	_	_
8.5	14	[1]	ὁμοιομερῶν	_	_
8.5	15	[2]	,	b	_
8.5	16	[2]	καὶ	_	_
8.5	17	[1]	πρώτων	_	_
8.5	18	[1]	σωμάτων	_	_
8.5	19	[1]	ἱκανὰ	_	_
8.5	20	[3]	καὶ	_	_
8.5	21	[1]	ταῦτα	_	_
8.5	22	[1]	.	b	_
8.5	23	[1]	μεταβῶμεν	_	_
8.5	24	[1]	δ	_	_
8.5	25	[1]	’	b	_
8.5	26	[1]	ἐπὶ	_	_
8.5	27	[1]	τὴν	_	_
8.5	28	[1]	ἑξῆς	_	_
8.5	29	[1]	ῥῆσιν	_	_
8.5	30	[1]	ἐν	_	_
8.5	31	[1]	τῷ	_	_
8.5	32	[1]	Τιμαίῳ	_	_
8.5	33	[1]	γεγραμμένην	_	_
8.5	34	[3]	,	b	_
8.5	35	[1]	ἣν	_	_
8.5	36	[1]	φθάνομεν	_	_
8.5	37	[1]	ἐξηγεῖσθαι	_	_
8.5	38	[1]	κατὰ	_	_
8.5	39	[1]	λέξιν	_	_
8.5	40	[1]	οὕτως	_	_
8.5	41	[1]	ἔχουσαν	_	_
8.5	42	[2]	.	b	_
8.5	43	[1]	δευτέρων	_	_
8.5	44	[2]	δὴ	_	_
8.5	45	[1]	συστάσεων	_	_
8.5	46	[1]	αὖ	_	_
8.5	47	[2]	κατὰ	_	_
8.5	48	[1]	φύσιν	_	_
8.5	49	[1]	συνεστηκυιῶν	_	_
8.5	50	[4]	,	b	_
8.5	51	[1]	δευτέρα	_	_
8.5	52	[1]	κατανόησις	_	_
8.5	53	[1]	νοσημάτων	_	_
8.5	54	[2]	τῷ	_	_
8.5	55	[1]	βουλομένῳ	_	_
8.5	56	[1]	συννοῆσαι	_	_
8.5	57	[1]	γίνεται	_	_
8.5	58	[3]	.	b	_
8.5	59	[1]	μυελοῦ	_	_
8.5	60	[1]	γὰρ	_	_
8.5	61	[1]	ἐξ	_	_
8.5	62	[1]	ἐκείνων	_	_
8.5	63	[1]	ὀστοῦ	_	_
8.5	64	[2]	τε	_	_
8.5	65	[4]	καὶ	_	_
8.5	66	[1]	σαρκὸς	_	_
8.5	67	[5]	καὶ	_	_
8.5	68	[1]	νεύρου	_	_
8.5	69	[1]	συμπαγέντος	_	_
8.5	70	[5]	,	b	_
8.5	71	[1]	ἔτι	_	_
8.5	72	[3]	τε	_	_
8.5	73	[1]	αἵματος	_	_
8.5	74	[1]	ἄλλον	_	_
8.5	75	[2]	μὲν	_	_
8.5	76	[1]	τρόπον	_	_
8.5	77	[6]	,	b	_
8.5	78	[2]	ἐκ	_	_
8.5	79	[1]	δὲ	_	_
8.5	80	[2]	τῶν	_	_
8.5	81	[1]	αὐτῶν	_	_
8.5	82	[1]	γεγονότος	_	_
8.5	83	[7]	,	b	_
8.5	84	[3]	τῶν	_	_
8.5	85	[3]	μὲν	_	_
8.5	86	[1]	ἄλλων	_	_
8.5	87	[1]	τὰ	_	_
8.5	88	[1]	πλεῖστα	_	_
8.5	89	[1]	ᾗπερ	_	_
8.5	90	[2]	τὰ	_	_
8.5	91	[1]	πρόσθεν	_	_
8.5	92	[8]	,	b	_
8.5	93	[3]	τὰ	_	_
8.5	94	[2]	δὲ	_	_
8.5	95	[1]	μέγιστα	_	_
8.5	96	[4]	τῶν	_	_
8.5	97	[2]	νοσημάτων	_	_
8.5	98	[1]	τῇδε	_	_
8.5	99	[1]	χαλεπὰ	_	_
8.5	100	[1]	συμπέπτωκε	_	_
8.5	101	[4]	.	b	_
8.5	102	[1]	τούτοις	_	_
8.5	103	[1]	πάλιν	_	_
8.5	104	[1]	ὁ	_	_
8.5	105	[1]	Πλάτων	_	_
8.5	106	[1]	ὀρθῶς	_	_
8.5	107	[4]	μὲν	_	_
8.5	108	[1]	ἔφη	_	_
8.5	109	[9]	,	b	_
8.5	110	[1]	δευτέραν	_	_
8.5	111	[1]	ἁπάντων	_	_
8.5	112	[2]	στοιχείων	_	_
8.5	113	[1]	εἶναι	_	_
8.5	114	[1]	σύστασιν	_	_
8.5	115	[10]	,	b	_
8.5	116	[2]	μυελοῦ	_	_
8.5	117	[6]	καὶ	_	_
8.5	118	[2]	ὀστοῦ	_	_
8.5	119	[7]	καὶ	_	_
8.5	120	[2]	σαρκὸς	_	_
8.5	121	[8]	καὶ	_	_
8.5	122	[2]	νεύρου	_	_
8.5	123	[1]	·	b	_
8.5	124	[2]	ταῦτα	_	_
8.5	125	[2]	γὰρ	_	_
8.5	126	[3]	ἐκ	_	_
8.5	127	[5]	τῶν	_	_
8.5	128	[1]	χυμῶν	_	_
8.5	129	[1]	γίγνεται	_	_
8.5	130	[2]	τὴν	_	_
8.5	131	[1]	πρώτην	_	_
8.5	132	[1]	ἐχόντων	_	_
8.5	133	[1]	γένεσιν	_	_
8.5	134	[2]	·	b	_
8.5	135	[1]	οὐκ	_	_
8.5	136	[2]	ὀρθῶς	_	_
8.5	137	[3]	δὲ	_	_
8.5	138	[1]	αὐτοῖς	_	_
8.5	139	[1]	συγκατέλεξε	_	_
8.5	140	[1]	τὸ	_	_
8.5	141	[1]	αἷμα	_	_
8.5	142	[2]	πρώτην	_	_
8.5	143	[1]	ἔχον	_	_
8.5	144	[11]	,	b	_
8.5	145	[1]	οὐ	_	_
8.5	146	[2]	δευτέραν	_	_
8.5	147	[2]	σύστασιν	_	_
8.5	148	[5]	.	b	_
8.5	149	[1]	εἰς	_	_
8.5	150	[1]	ἔννοιαν	_	_
8.5	151	[1]	οὖν	_	_
8.5	152	[1]	μοι	_	_
8.5	153	[1]	δοκεῖ	_	_
8.5	154	[9]	καὶ	_	_
8.5	155	[1]	αὐτὸς	_	_
8.5	156	[1]	ἀφικόμενος	_	_
8.5	157	[2]	τῆς	_	_
8.5	158	[1]	ἀνομοιότητος	_	_
8.5	159	[1]	τοῦ	_	_
8.5	160	[2]	αἵματος	_	_
8.5	161	[1]	πρὸς	_	_
8.5	162	[3]	ταῦτα	_	_
8.5	163	[1]	μὴ	_	_
8.5	164	[1]	ἁπλῶς	_	_
8.5	165	[1]	εἰπεῖν	_	_
8.5	166	[12]	,	b	_
8.5	167	[3]	μυελοῦ	_	_
8.5	168	[3]	γὰρ	_	_
8.5	169	[2]	ἐξ	_	_
8.5	170	[2]	ἐκείνων	_	_
8.5	171	[3]	ὀστοῦ	_	_
8.5	172	[4]	τε	_	_
8.5	173	[10]	καὶ	_	_
8.5	174	[3]	σαρκὸς	_	_
8.5	175	[11]	καὶ	_	_
8.5	176	[3]	νεύρου	_	_
8.5	177	[2]	συμπαγέντος	_	_
8.5	178	[13]	,	b	_
8.5	179	[2]	ἔτι	_	_
8.5	180	[5]	τε	_	_
8.5	181	[3]	αἵματος	_	_
8.5	182	[14]	,	b	_
8.5	183	[1]	ἀλλὰ	_	_
8.5	184	[1]	προσθεῖναι	_	_
8.5	185	[3]	τῷ	_	_
8.5	186	[1]	λόγῳ	_	_
8.5	187	[12]	καὶ	_	_
8.5	188	[2]	τὸ	_	_
8.5	189	[15]	,	b	_
8.5	190	[2]	ἄλλον	_	_
8.5	191	[5]	μὲν	_	_
8.5	192	[2]	τρόπον	_	_
8.5	193	[16]	,	b	_
8.5	194	[4]	ἐκ	_	_
8.5	195	[4]	δὲ	_	_
8.5	196	[6]	τῶν	_	_
8.5	197	[2]	αὐτῶν	_	_
8.5	198	[2]	γεγονότος	_	_
8.5	199	[6]	.	b	_
8.5	200	[1]	ὁμολογεῖ	_	_
8.5	201	[4]	γὰρ	_	_
8.5	202	[2]	ἐν	_	_
8.5	203	[2]	τούτοις	_	_
8.5	204	[17]	,	b	_
8.5	205	[2]	οὐ	_	_
8.5	206	[3]	κατὰ	_	_
8.5	207	[3]	τὴν	_	_
8.5	208	[1]	αὐτὴν	_	_
8.5	209	[3]	σύστασιν	_	_
8.5	210	[5]	ἐκ	_	_
8.5	211	[7]	τῶν	_	_
8.5	212	[1]	τεττάρων	_	_
8.5	213	[3]	στοιχείων	_	_
8.5	214	[1]	ὀστῷ	_	_
8.5	215	[13]	καὶ	_	_
8.5	216	[1]	μυελῷ	_	_
8.5	217	[14]	καὶ	_	_
8.5	218	[1]	σαρκὶ	_	_
8.5	219	[15]	καὶ	_	_
8.5	220	[1]	νεύρῳ	_	_
8.5	221	[1]	γεγονέναι	_	_
8.5	222	[3]	τὸ	_	_
8.5	223	[2]	αἷμα	_	_
8.5	224	[7]	.	b	_
8.5	225	[1]	πρότερον	_	_
8.5	226	[5]	γὰρ	_	_
8.5	227	[3]	αὐτῶν	_	_
8.5	228	[1]	ἐστι	_	_
8.5	229	[1]	κοινὴν	_	_
8.5	230	[1]	τοῖς	_	_
8.5	231	[1]	ἄλλοις	_	_
8.5	232	[1]	χυμοῖς	_	_
8.5	233	[2]	ἔχον	_	_
8.5	234	[4]	τὴν	_	_
8.5	235	[2]	γένεσιν	_	_
8.5	236	[18]	,	b	_
8.5	237	[3]	ἐξ	_	_
8.5	238	[1]	ὧν	_	_
8.5	239	[1]	συνίσταται	_	_
8.5	240	[4]	τὰ	_	_
8.5	241	[1]	πρῶτα	_	_
8.5	242	[1]	σώματα	_	_
8.5	243	[19]	,	b	_
8.5	244	[1]	μυελὸς	_	_
8.5	245	[20]	,	b	_
8.5	246	[16]	καὶ	_	_
8.5	247	[1]	σὰρξ	_	_
8.5	248	[21]	,	b	_
8.5	249	[17]	καὶ	_	_
8.5	250	[1]	νεῦρον	_	_
8.5	251	[22]	,	b	_
8.5	252	[18]	καὶ	_	_
8.5	253	[1]	ὀστοῦν	_	_
8.5	254	[23]	,	b	_
8.5	255	[1]	ἕτερά	_	_
8.5	256	[6]	τε	_	_
8.5	257	[1]	πολλά	_	_
8.5	258	[8]	.	b	_
8.5	259	[1]	βιβλίον	_	_
8.5	260	[6]	γὰρ	_	_
8.5	261	[1]	ὅλον	_	_
8.5	262	[1]	ἐμοὶ	_	_
8.5	263	[1]	γέγραπται	_	_
8.5	264	[1]	περὶ	_	_
8.5	265	[3]	τῆς	_	_
8.5	266	[8]	τῶν	_	_
8.5	267	[2]	ὁμοιομερῶν	_	_
8.5	268	[2]	σωμάτων	_	_
8.5	269	[1]	διαφορᾶς	_	_
8.5	270	[9]	.	b	_
8.5	271	[1]	εἰ	_	_
8.5	272	[1]	δέ	_	_
8.5	273	[1]	τις	_	_
8.5	274	[1]	ἠρώτησε	_	_
8.5	275	[1]	τὸν	_	_
8.5	276	[1]	Πλάτωνα	_	_
8.5	277	[24]	,	b	_
8.5	278	[1]	τίς	_	_
8.5	279	[1]	ἕτερος	_	_
8.5	280	[1]	τρόπος	_	_
8.5	281	[1]	ἐστὶ	_	_
8.5	282	[4]	τῆς	_	_
8.5	283	[2]	τοῦ	_	_
8.5	284	[1]	σώματος	_	_
8.5	285	[2]	γενέσεως	_	_
8.5	286	[25]	,	b	_
8.5	287	[1]	ὃν	_	_
8.5	288	[1]	αἰνίττῃ	_	_
8.5	289	[1]	;	b	_
8.5	290	[1]	θαυμάζοιμ	_	_
8.5	291	[2]	’	b	_
8.5	292	[1]	ἂν	_	_
8.5	293	[26]	,	b	_
8.5	294	[2]	εἰ	_	_
8.5	295	[3]	ἄλλον	_	_
8.5	296	[1]	τινὰ	_	_
8.5	297	[1]	παρὰ	_	_
8.5	298	[2]	τὸν	_	_
8.5	299	[1]	ὑφ	_	_
8.5	300	[3]	’	b	_
8.5	301	[1]	Ἱπποκράτους	_	_
8.5	302	[1]	εἰρημένον	_	_
8.5	303	[1]	ἔσχεν	_	_
8.5	304	[2]	εἰπεῖν	_	_
8.5	305	[10]	.	b	_
8.5	306	[2]	ἐπὶ	_	_
8.5	307	[1]	πλεῖστον	_	_
8.5	308	[7]	γὰρ	_	_
8.5	309	[2]	ὁ	_	_
8.5	310	[1]	ἀνὴρ	_	_
8.5	311	[1]	οὗτος	_	_
8.5	312	[1]	ἐξείργασται	_	_
8.5	313	[1]	τά	_	_
8.5	314	[7]	τε	_	_
8.5	315	[2]	περὶ	_	_
8.5	316	[3]	γενέσεως	_	_
8.5	317	[9]	τῶν	_	_
8.5	318	[2]	χυμῶν	_	_
8.5	319	[27]	,	b	_
8.5	320	[19]	καὶ	_	_
8.5	321	[2]	διαφορᾶς	_	_
8.5	322	[28]	,	b	_
8.5	323	[20]	καὶ	_	_
8.5	324	[1]	δυνάμεως	_	_
8.5	325	[29]	,	b	_
8.5	326	[1]	ὅστις	_	_
8.5	327	[8]	τε	_	_
8.5	328	[1]	καθ	_	_
8.5	329	[4]	’	b	_
8.5	330	[1]	ἥντινα	_	_
8.5	331	[1]	χώραν	_	_
8.5	332	[30]	,	b	_
8.5	333	[1]	ἢ	_	_
8.5	334	[1]	ὥραν	_	_
8.5	335	[31]	,	b	_
8.5	336	[2]	ἢ	_	_
8.5	337	[1]	ἡλικίαν	_	_
8.5	338	[32]	,	b	_
8.5	339	[3]	ἢ	_	_
8.5	340	[2]	σώματος	_	_
8.5	341	[1]	ἕξιν	_	_
8.5	342	[1]	ἐπικρατεῖ	_	_
8.5	343	[11]	.	b	_
8.5	344	[3]	οὐ	_	_
8.5	345	[1]	μὴν	_	_
8.5	346	[1]	ἀναγκαῖον	_	_
8.5	347	[1]	ἦν	_	_
8.5	348	[1]	Πλάτωνι	_	_
8.5	349	[1]	ταῦθ	_	_
8.5	350	[5]	’	b	_
8.5	351	[1]	ὁμοίως	_	_
8.5	352	[1]	Ἱπποκράτει	_	_
8.5	353	[1]	διέρχεσθαι	_	_
8.5	354	[1]	πάντα	_	_
8.5	355	[33]	,	b	_
8.5	356	[1]	καθάπερ	_	_
8.5	357	[1]	οὐδ	_	_
8.5	358	[6]	’	b	_
8.5	359	[2]	Ἱπποκράτει	_	_
8.5	360	[1]	ζητεῖν	_	_
8.5	361	[34]	,	b	_
8.5	362	[1]	διὰ	_	_
8.5	363	[1]	τί	_	_
8.5	364	[1]	λευκὸς	_	_
8.5	365	[6]	μὲν	_	_
8.5	366	[3]	ὁ	_	_
8.5	367	[3]	τοῦ	_	_
8.5	368	[1]	φλέγματος	_	_
8.5	369	[1]	χυμὸς	_	_
8.5	370	[35]	,	b	_
8.5	371	[1]	ἐρυθρὸς	_	_
8.5	372	[2]	δ	_	_
8.5	373	[7]	’	b	_
8.5	374	[4]	ὁ	_	_
8.5	375	[4]	τοῦ	_	_
8.5	376	[4]	αἵματος	_	_
8.5	377	[36]	,	b	_
8.5	378	[4]	ἢ	_	_
8.5	379	[1]	ξανθὸς	_	_
8.5	380	[5]	ὁ	_	_
8.5	381	[5]	τῆς	_	_
8.5	382	[1]	πικρᾶς	_	_
8.5	383	[1]	χολῆς	_	_
8.5	384	[37]	,	b	_
8.5	385	[5]	ἢ	_	_
8.5	386	[1]	μέλας	_	_
8.5	387	[6]	ὁ	_	_
8.5	388	[6]	τῆς	_	_
8.5	389	[1]	ὀξείας	_	_
8.5	390	[12]	.	b	_
8.5	391	[1]	ἀφορμὰς	_	_
8.5	392	[7]	μὲν	_	_
8.5	393	[8]	γὰρ	_	_
8.5	394	[2]	αὐτὸς	_	_
8.5	395	[1]	ἔδωκε	_	_
8.5	396	[7]	τῆς	_	_
8.5	397	[1]	τούτων	_	_
8.5	398	[1]	εὑρέσεως	_	_
8.5	399	[38]	,	b	_
8.5	400	[1]	ὥσπερ	_	_
8.5	401	[1]	ὅταν	_	_
8.5	402	[6]	ἐκ	_	_
8.5	403	[10]	τῶν	_	_
8.5	404	[8]	τῆς	_	_
8.5	405	[1]	γλώττης	_	_
8.5	406	[1]	χρωμάτων	_	_
8.5	407	[1]	διαγιγνώσκῃ	_	_
8.5	408	[1]	τὰς	_	_
8.5	409	[3]	ἐν	_	_
8.5	410	[4]	τῷ	_	_
8.5	411	[1]	σώματι	_	_
8.5	412	[1]	διαθέσεις	_	_
8.5	413	[39]	,	b	_
8.5	414	[1]	μελαίνας	_	_
8.5	415	[1]	λέγων	_	_
8.5	416	[1]	αὐτὰς	_	_
8.5	417	[1]	ἀπὸ	_	_
8.5	418	[1]	ἐγκαύσεως	_	_
8.5	419	[1]	λιγνυώδους	_	_
8.5	420	[1]	γίγνεσθαι	_	_
8.5	421	[13]	.	b	_
8.5	422	[2]	καθάπερ	_	_
8.5	423	[9]	γὰρ	_	_
8.5	424	[1]	ἐκτὸς	_	_
8.5	425	[1]	ἡ	_	_
8.5	426	[1]	λιγνὺς	_	_
8.5	427	[1]	κατά	_	_
8.5	428	[9]	τε	_	_
8.5	429	[1]	τοὺς	_	_
8.5	430	[1]	λύχνους	_	_
8.5	431	[40]	,	b	_
8.5	432	[21]	καὶ	_	_
8.5	433	[2]	τὰς	_	_
8.5	434	[1]	δᾷδας	_	_
8.5	435	[41]	,	b	_
8.5	436	[22]	καὶ	_	_
8.5	437	[1]	ἄλλα	_	_
8.5	438	[1]	πολλὰ	_	_
8.5	439	[11]	τῶν	_	_
8.5	440	[1]	λιπαρῶν	_	_
8.5	441	[1]	γεννᾶσθαι	_	_
8.5	442	[1]	πέφυκεν	_	_
8.5	443	[42]	,	b	_
8.5	444	[1]	οὕτω	_	_
8.5	445	[23]	καὶ	_	_
8.5	446	[4]	κατὰ	_	_
8.5	447	[5]	τὰ	_	_
8.5	448	[2]	σώματα	_	_
8.5	449	[12]	τῶν	_	_
8.5	450	[1]	ζώων	_	_
8.5	451	[1]	πολλάκις	_	_
8.5	452	[43]	,	b	_
8.5	453	[1]	ὑπερωπτημένων	_	_
8.5	454	[13]	τῶν	_	_
8.5	455	[3]	χυμῶν	_	_
8.5	456	[44]	,	b	_
8.5	457	[24]	καὶ	_	_
8.5	458	[1]	μάλιστα	_	_
8.5	459	[14]	τῶν	_	_
8.5	460	[2]	λιπαρῶν	_	_
8.5	461	[45]	,	b	_
8.5	462	[1]	γεννᾶταί	_	_
8.5	463	[1]	τι	_	_
8.5	464	[1]	παραπλήσιον	_	_
8.5	465	[1]	λιγνύϊ	_	_
8.5	466	[14]	.	b	_
8.5	467	[4]	τὸ	_	_
8.5	468	[8]	μὲν	_	_
8.5	469	[3]	δὴ	_	_
8.5	470	[1]	λευκὸν	_	_
8.5	471	[1]	φαίνεσθαι	_	_
8.5	472	[5]	τὸ	_	_
8.5	473	[1]	φλέγμα	_	_
8.5	474	[46]	,	b	_
8.5	475	[1]	διότι	_	_
8.5	476	[5]	κατὰ	_	_
8.5	477	[5]	τὴν	_	_
8.5	478	[3]	γένεσιν	_	_
8.5	479	[1]	αὐτοῦ	_	_
8.5	480	[1]	μικραὶ	_	_
8.5	481	[1]	πολλαὶ	_	_
8.5	482	[1]	πομφόλυγες	_	_
8.5	483	[1]	ἐναπολαμβάνονται	_	_
8.5	484	[47]	,	b	_
8.5	485	[1]	λέγειν	_	_
8.5	486	[1]	Ἱπποκράτης	_	_
8.5	487	[2]	οὐκ	_	_
8.5	488	[1]	ἐτόλμησεν	_	_
8.5	489	[48]	,	b	_
8.5	490	[1]	ὡς	_	_
8.5	491	[1]	μείζονος	_	_
8.5	492	[1]	ἤδη	_	_
8.5	493	[1]	φυσιολογίας	_	_
8.5	494	[49]	,	b	_
8.5	495	[6]	ἢ	_	_
8.5	496	[6]	κατὰ	_	_
8.5	497	[1]	τέχνην	_	_
8.5	498	[1]	ἰατρικὴν	_	_
8.5	499	[50]	,	b	_
8.5	500	[1]	ἀλλ	_	_
8.5	501	[8]	’	b	_
8.5	502	[1]	ὅ	_	_
8.5	503	[1]	γε	_	_
8.5	504	[2]	Πλάτων	_	_
8.5	505	[25]	καὶ	_	_
8.5	506	[1]	τοῦτ	_	_
8.5	507	[9]	’	b	_
8.5	508	[1]	εἶπεν	_	_
8.5	509	[51]	,	b	_
8.5	510	[26]	καὶ	_	_
8.5	511	[3]	περὶ	_	_
8.5	512	[9]	τῆς	_	_
8.5	513	[5]	τοῦ	_	_
8.5	514	[5]	αἵματος	_	_
8.5	515	[1]	χρόας	_	_
8.5	516	[4]	ἐν	_	_
8.5	517	[1]	ταὐτῷ	_	_
8.5	518	[1]	βιβλίῳ	_	_
8.5	519	[1]	διῆλθεν	_	_
8.5	520	[52]	,	b	_
8.5	521	[1]	ἃ	_	_
8.5	522	[1]	νῦν	_	_
8.5	523	[2]	ἐμοὶ	_	_
8.5	524	[1]	γράφειν	_	_
8.5	525	[3]	οὐκ	_	_
8.5	526	[2]	ἀναγκαῖον	_	_
8.5	527	[3]	·	b	_
8.5	528	[1]	ἄμεινον	_	_
8.5	529	[10]	γὰρ	_	_
8.5	530	[53]	,	b	_
8.5	531	[2]	ὡς	_	_
8.5	532	[1]	ἀξιοῦσιν	_	_
8.5	533	[1]	ἔνιοι	_	_
8.5	534	[15]	τῶν	_	_
8.5	535	[1]	φίλων	_	_
8.5	536	[54]	,	b	_
8.5	537	[1]	ἐξηγήσεις	_	_
8.5	538	[1]	ἑτέρωθι	_	_
8.5	539	[1]	ποιήσασθαί	_	_
8.5	540	[1]	με	_	_
8.5	541	[16]	τῶν	_	_
8.5	542	[1]	ἰατρικῶν	_	_
8.5	543	[5]	ἐν	_	_
8.5	544	[5]	τῷ	_	_
8.5	545	[2]	Τιμαίῳ	_	_
8.5	546	[1]	γεγραμμένων	_	_
8.5	547	[15]	.	b	_
8.5	548	[2]	εἰς	_	_
8.5	549	[9]	μὲν	_	_
8.5	550	[11]	γὰρ	_	_
8.5	551	[1]	τἄλλα	_	_
8.5	552	[1]	πολλοῖς	_	_
8.5	553	[1]	ὑπομνήματα	_	_
8.5	554	[2]	γέγραπται	_	_
8.5	555	[55]	,	b	_
8.5	556	[1]	καί	_	_
8.5	557	[1]	τισί	_	_
8.5	558	[1]	γ	_	_
8.5	559	[10]	’	b	_
8.5	560	[4]	αὐτῶν	_	_
8.5	561	[1]	μακρότερον	_	_
8.5	562	[6]	τοῦ	_	_
8.5	563	[1]	προσήκοντος	_	_
8.5	564	[56]	,	b	_
8.5	565	[3]	εἰς	_	_
8.5	566	[4]	ταῦτα	_	_
8.5	567	[3]	δ	_	_
8.5	568	[11]	’	b	_
8.5	569	[1]	ὀλίγοι	_	_
8.5	570	[10]	τε	_	_
8.5	571	[27]	καὶ	_	_
8.5	572	[2]	οὐδ	_	_
8.5	573	[12]	’	b	_
8.5	574	[1]	οὗτοι	_	_
8.5	575	[1]	καλῶς	_	_
8.5	576	[1]	ἔγραψαν	_	_
8.5	577	[16]	.	b	_
8.5	578	[1]	ἀρκεῖ	_	_
8.5	579	[1]	τοιγαροῦν	_	_
8.5	580	[1]	ἔν	_	_
8.5	581	[2]	γε	_	_
8.5	582	[6]	τῷ	_	_
8.5	583	[1]	παρόντι	_	_
8.5	584	[1]	τό	_	_
8.5	585	[3]	γε	_	_
8.5	586	[1]	τοσοῦτον	_	_
8.5	587	[3]	εἰπεῖν	_	_
8.5	588	[57]	,	b	_
8.5	589	[3]	ὡς	_	_
8.5	590	[2]	τοὺς	_	_
8.5	591	[1]	τέτταρας	_	_
8.5	592	[1]	χυμοὺς	_	_
8.5	593	[7]	ὁ	_	_
8.5	594	[3]	Πλάτων	_	_
8.5	595	[1]	αἰτιᾶται	_	_
8.5	596	[17]	τῶν	_	_
8.5	597	[1]	πλείστων	_	_
8.5	598	[3]	νοσημάτων	_	_
8.5	599	[1]	ὡσαύτως	_	_
8.5	600	[3]	Ἱπποκράτει	_	_
8.5	601	[58]	,	b	_
8.5	602	[28]	καὶ	_	_
8.5	603	[2]	καθ	_	_
8.5	604	[13]	’	b	_
8.5	605	[1]	ἕκαστόν	_	_
8.5	606	[4]	γε	_	_
8.5	607	[5]	αὐτῶν	_	_
8.5	608	[1]	ἔγραψεν	_	_
8.5	609	[3]	ἐπὶ	_	_
8.5	610	[1]	τῇ	_	_
8.5	611	[1]	τελευτῇ	_	_
8.5	612	[7]	τοῦ	_	_
8.5	613	[1]	βιβλίου	_	_
8.5	614	[17]	.	b	_
8.5	615	[1]	παραθήσομαι	_	_
8.5	616	[2]	δέ	_	_
8.5	617	[1]	σοι	_	_
8.5	618	[3]	τὰς	_	_
8.5	619	[1]	ἀρχὰς	_	_
8.5	620	[18]	τῶν	_	_
8.5	621	[1]	ῥήσεων	_	_
8.5	622	[1]	ἀναμνήσεως	_	_
8.5	623	[1]	ἕνεκα	_	_
8.5	624	[18]	.	b	_
8.5	625	[4]	περὶ	_	_
8.5	626	[10]	μὲν	_	_
8.5	627	[2]	οὖν	_	_
8.5	628	[10]	τῆς	_	_
8.5	629	[6]	ἐν	_	_
8.5	630	[1]	ταῖς	_	_
8.5	631	[1]	χολαῖς	_	_
8.5	632	[3]	διαφορᾶς	_	_
8.5	633	[1]	ἀρκέσει	_	_
8.5	634	[1]	παραγράψαι	_	_
8.5	635	[5]	ταῦτα	_	_
8.5	636	[19]	.	b	_
8.5	637	[1]	ὅσον	_	_
8.5	638	[11]	μὲν	_	_
8.5	639	[3]	οὖν	_	_
8.5	640	[2]	ἂν	_	_
8.5	641	[1]	παλαιότατον	_	_
8.5	642	[1]	ὂν	_	_
8.5	643	[11]	τῆς	_	_
8.5	644	[4]	σαρκὸς	_	_
8.5	645	[1]	τακῇ	_	_
8.5	646	[59]	,	b	_
8.5	647	[1]	δύσπεπτον	_	_
8.5	648	[1]	γιγνόμενον	_	_
8.5	649	[1]	μελαίνει	_	_
8.5	650	[12]	μὲν	_	_
8.5	651	[1]	ὑπὸ	_	_
8.5	652	[1]	πολλῆς	_	_
8.5	653	[1]	συγκαύσεως	_	_
8.5	654	[60]	,	b	_
8.5	655	[2]	διὰ	_	_
8.5	656	[5]	δὲ	_	_
8.5	657	[6]	τὸ	_	_
8.5	658	[1]	πάντη	_	_
8.5	659	[1]	διαβεβρῶσθαι	_	_
8.5	660	[1]	πικρὸν	_	_
8.5	661	[2]	ὂν	_	_
8.5	662	[2]	πάντη	_	_
8.5	663	[1]	χαλεπὸν	_	_
8.5	664	[1]	προσπίπτει	_	_
8.5	665	[8]	τοῦ	_	_
8.5	666	[3]	σώματος	_	_
8.5	667	[2]	ὅσον	_	_
8.5	668	[3]	ἂν	_	_
8.5	669	[1]	μήπω	_	_
8.5	670	[1]	διεφθαρμένον	_	_
8.5	671	[1]	ᾖ	_	_
8.5	672	[20]	.	b	_
8.5	673	[29]	καὶ	_	_
8.5	674	[1]	ποτὲ	_	_
8.5	675	[13]	μὲν	_	_
8.5	676	[1]	ἀντὶ	_	_
8.5	677	[12]	τῆς	_	_
8.5	678	[1]	πικρότητος	_	_
8.5	679	[1]	ὀξύτατον	_	_
8.5	680	[1]	ἔσχε	_	_
8.5	681	[7]	τὸ	_	_
8.5	682	[1]	μέλαν	_	_
8.5	683	[1]	χρῶμα	_	_
8.5	684	[61]	,	b	_
8.5	685	[1]	ἀπολεπτυνθέντος	_	_
8.5	686	[1]	μᾶλλον	_	_
8.5	687	[9]	τοῦ	_	_
8.5	688	[1]	πικροῦ	_	_
8.5	689	[62]	,	b	_
8.5	690	[2]	ποτὲ	_	_
8.5	691	[4]	δ	_	_
8.5	692	[14]	’	b	_
8.5	693	[2]	ἡ	_	_
8.5	694	[1]	πικρότης	_	_
8.5	695	[2]	αὖ	_	_
8.5	696	[1]	βαφεῖσα	_	_
8.5	697	[1]	αἵματι	_	_
8.5	698	[2]	χρῶμα	_	_
8.5	699	[2]	ἔσχεν	_	_
8.5	700	[1]	ἐρυθρότερον	_	_
8.5	701	[63]	,	b	_
8.5	702	[10]	τοῦ	_	_
8.5	703	[6]	δὲ	_	_
8.5	704	[1]	μέλανος	_	_
8.5	705	[1]	τούτῳ	_	_
8.5	706	[1]	συγκεραννυμένου	_	_
8.5	707	[64]	,	b	_
8.5	708	[1]	χλοῶδες	_	_
8.5	709	[21]	.	b	_
8.5	710	[3]	ἔτι	_	_
8.5	711	[7]	δὲ	_	_
8.5	712	[1]	συμμίγνυται	_	_
8.5	713	[1]	ξανθὸν	_	_
8.5	714	[3]	χρῶμα	_	_
8.5	715	[1]	μετὰ	_	_
8.5	716	[13]	τῆς	_	_
8.5	717	[2]	πικρότητος	_	_
8.5	718	[65]	,	b	_
8.5	719	[2]	ὅταν	_	_
8.5	720	[1]	νέα	_	_
8.5	721	[1]	συντακῇ	_	_
8.5	722	[2]	σὰρξ	_	_
8.5	723	[2]	ὑπὸ	_	_
8.5	724	[11]	τοῦ	_	_
8.5	725	[5]	περὶ	_	_
8.5	726	[6]	τὴν	_	_
8.5	727	[1]	φλόγα	_	_
8.5	728	[1]	πυρός	_	_
8.5	729	[22]	.	b	_
8.5	730	[30]	καὶ	_	_
8.5	731	[8]	τὸ	_	_
8.5	732	[14]	μὲν	_	_
8.5	733	[1]	κοινὸν	_	_
8.5	734	[1]	ὄνομα	_	_
8.5	735	[1]	πᾶσι	_	_
8.5	736	[3]	τούτοις	_	_
8.5	737	[66]	,	b	_
8.5	738	[1]	ἥν	_	_
8.5	739	[1]	τινες	_	_
8.5	740	[1]	ἰατρῶν	_	_
8.5	741	[1]	που	_	_
8.5	742	[1]	χολὴν	_	_
8.5	743	[1]	ἐπωνόμασαν	_	_
8.5	744	[67]	,	b	_
8.5	745	[7]	ἢ	_	_
8.5	746	[2]	καί	_	_
8.5	747	[2]	τις	_	_
8.5	748	[1]	ὢν	_	_
8.5	749	[1]	δυνατὸς	_	_
8.5	750	[4]	εἰς	_	_
8.5	751	[2]	πολλὰ	_	_
8.5	752	[15]	μὲν	_	_
8.5	753	[31]	καὶ	_	_
8.5	754	[1]	ἀνόμοια	_	_
8.5	755	[1]	βλέπειν	_	_
8.5	756	[68]	,	b	_
8.5	757	[1]	ὁρᾷν	_	_
8.5	758	[8]	δὲ	_	_
8.5	759	[7]	ἐν	_	_
8.5	760	[2]	αὐτοῖς	_	_
8.5	761	[1]	ἓν	_	_
8.5	762	[1]	γένος	_	_
8.5	763	[1]	ἐνὸν	_	_
8.5	764	[1]	ἄξιον	_	_
8.5	765	[1]	ἐπωνυμίας	_	_
8.5	766	[2]	πᾶσι	_	_
8.5	767	[23]	.	b	_
8.5	768	[6]	τὰ	_	_
8.5	769	[5]	δ	_	_
8.5	770	[15]	’	b	_
8.5	771	[2]	ἄλλα	_	_
8.5	772	[69]	,	b	_
8.5	773	[1]	ὅσα	_	_
8.5	774	[2]	χολῆς	_	_
8.5	775	[1]	εἴδη	_	_
8.5	776	[1]	λέγεται	_	_
8.5	777	[2]	παρὰ	_	_
8.5	778	[7]	τὴν	_	_
8.5	779	[1]	χρόαν	_	_
8.5	780	[70]	,	b	_
8.5	781	[1]	λόγον	_	_
8.5	782	[3]	ἔσχεν	_	_
8.5	783	[6]	αὐτῶν	_	_
8.5	784	[1]	ἕκαστον	_	_
8.5	785	[1]	ἴδιον	_	_
8.5	786	[24]	.	b	_
8.5	787	[6]	ταῦτα	_	_
8.5	788	[16]	μὲν	_	_
8.5	789	[4]	οὖν	_	_
8.5	790	[7]	τῷ	_	_
8.5	791	[2]	Πλάτωνι	_	_
8.5	792	[3]	γέγραπται	_	_
8.5	793	[6]	περὶ	_	_
8.5	794	[14]	τῆς	_	_
8.5	795	[19]	τῶν	_	_
8.5	796	[1]	χολῶν	_	_
8.5	797	[4]	διαφορᾶς	_	_
8.5	798	[71]	,	b	_
8.5	799	[1]	πάσας	_	_
8.5	800	[2]	αὐτὰς	_	_
8.5	801	[2]	γίγνεσθαι	_	_
8.5	802	[2]	βουλομένῳ	_	_
8.5	803	[72]	,	b	_
8.5	804	[3]	καθάπερ	_	_
8.5	805	[8]	ὁ	_	_
8.5	806	[2]	Ἱπποκράτης	_	_
8.5	807	[1]	εἶπε	_	_
8.5	808	[73]	,	b	_
8.5	809	[3]	διὰ	_	_
8.5	810	[1]	θερμασίας	_	_
8.5	811	[1]	ὑπερβολήν	_	_
8.5	812	[25]	.	b	_
8.5	813	[7]	περὶ	_	_
8.5	814	[9]	δὲ	_	_
8.5	815	[20]	τῶν	_	_
8.5	816	[4]	νοσημάτων	_	_
8.5	817	[74]	,	b	_
8.5	818	[2]	ὅσα	_	_
8.5	819	[4]	διὰ	_	_
8.5	820	[2]	χολὴν	_	_
8.5	821	[2]	γίγνεται	_	_
8.5	822	[75]	,	b	_
8.5	823	[3]	τὸν	_	_
8.5	824	[2]	λόγον	_	_
8.5	825	[1]	ποιούμενος	_	_
8.5	826	[9]	ὁ	_	_
8.5	827	[4]	Πλάτων	_	_
8.5	828	[1]	ᾧδέ	_	_
8.5	829	[1]	πως	_	_
8.5	830	[1]	ἄρχεται	_	_
8.5	831	[26]	.	b	_
8.5	832	[3]	ὅσα	_	_
8.5	833	[10]	δὲ	_	_
8.5	834	[1]	φλεγμαίνειν	_	_
8.5	835	[2]	λέγεται	_	_
8.5	836	[12]	τοῦ	_	_
8.5	837	[4]	σώματος	_	_
8.5	838	[76]	,	b	_
8.5	839	[2]	ἀπὸ	_	_
8.5	840	[13]	τοῦ	_	_
8.5	841	[1]	καίεσθαί	_	_
8.5	842	[11]	τε	_	_
8.5	843	[32]	καὶ	_	_
8.5	844	[1]	φλέγεσθαι	_	_
8.5	845	[5]	διὰ	_	_
8.5	846	[3]	χολὴν	_	_
8.5	847	[1]	γέγονε	_	_
8.5	848	[2]	πάντα	_	_
8.5	849	[27]	.	b	_
8.5	850	[33]	καὶ	_	_
8.5	851	[2]	μὴν	_	_
8.5	852	[34]	καὶ	_	_
8.5	853	[8]	περὶ	_	_
8.5	854	[2]	φλέγματος	_	_
8.5	855	[2]	ᾧδέ	_	_
8.5	856	[2]	πως	_	_
8.5	857	[1]	ἤρξατο	_	_
8.5	858	[28]	.	b	_
8.5	859	[2]	φλέγμα	_	_
8.5	860	[6]	δ	_	_
8.5	861	[16]	’	b	_
8.5	862	[1]	ὀξὺ	_	_
8.5	863	[35]	καὶ	_	_
8.5	864	[1]	ἁλμυρὸν	_	_
8.5	865	[1]	πηγὴ	_	_
8.5	866	[1]	πάντων	_	_
8.5	867	[5]	νοσημάτων	_	_
8.5	868	[77]	,	b	_
8.5	869	[4]	ὅσα	_	_
8.5	870	[3]	γίγνεται	_	_
8.5	871	[1]	καταῤῥοϊκά	_	_
8.5	872	[29]	.	b	_
8.5	873	[36]	καὶ	_	_
8.5	874	[9]	περὶ	_	_
8.5	875	[1]	μελαίνης	_	_
8.5	876	[3]	χολῆς	_	_
8.5	877	[3]	ἄλλα	_	_
8.5	878	[1]	τέ	_	_
8.5	879	[1]	τινα	_	_
8.5	880	[1]	λέγει	_	_
8.5	881	[37]	καὶ	_	_
8.5	882	[7]	ταῦτα	_	_
8.5	883	[30]	.	b	_
8.5	884	[1]	ἰχὼρ	_	_
8.5	885	[7]	δ	_	_
8.5	886	[17]	’	b	_
8.5	887	[10]	ὁ	_	_
8.5	888	[17]	μὲν	_	_
8.5	889	[6]	αἵματος	_	_
8.5	890	[1]	ὀῤῥὸς	_	_
8.5	891	[1]	πρᾷος	_	_
8.5	892	[78]	,	b	_
8.5	893	[11]	ὁ	_	_
8.5	894	[11]	δὲ	_	_
8.5	895	[2]	μελαίνης	_	_
8.5	896	[4]	χολῆς	_	_
8.5	897	[1]	ὀξὺς	_	_
8.5	898	[38]	καὶ	_	_
8.5	899	[1]	ἄγριος	_	_
8.5	900	[31]	.	b	_
8.5	901	[4]	οὐ	_	_
8.5	902	[1]	μόνος	_	_
8.5	903	[12]	δὲ	_	_
8.5	904	[5]	Πλάτων	_	_
8.5	905	[79]	,	b	_
8.5	906	[2]	ἀλλὰ	_	_
8.5	907	[39]	καὶ	_	_
8.5	908	[1]	Ἀριστοτέλης	_	_
8.5	909	[40]	καὶ	_	_
8.5	910	[1]	Θεόφραστος	_	_
8.5	911	[80]	,	b	_
8.5	912	[1]	οἵ	_	_
8.5	913	[12]	τε	_	_
8.5	914	[1]	ἄλλοι	_	_
8.5	915	[1]	μαθηταὶ	_	_
8.5	916	[1]	Πλάτωνός	_	_
8.5	917	[13]	τε	_	_
8.5	918	[41]	καὶ	_	_
8.5	919	[1]	Ἀριστοτέλους	_	_
8.5	920	[81]	,	b	_
8.5	921	[1]	οἳ	_	_
8.5	922	[4]	τὸν	_	_
8.5	923	[10]	περὶ	_	_
8.5	924	[21]	τῶν	_	_
8.5	925	[4]	χυμῶν	_	_
8.5	926	[3]	λόγον	_	_
8.5	927	[1]	ἐζήλωσαν	_	_
8.5	928	[2]	Ἱπποκράτους	_	_
8.5	929	[82]	,	b	_
8.5	930	[2]	ὥσπερ	_	_
8.5	931	[5]	γε	_	_
8.5	932	[42]	καὶ	_	_
8.5	933	[22]	τῶν	_	_
8.5	934	[1]	παλαιῶν	_	_
8.5	935	[2]	ἰατρῶν	_	_
8.5	936	[1]	οἱ	_	_
8.5	937	[1]	δοκιμώτατοι	_	_
8.5	938	[83]	,	b	_
8.5	939	[1]	Διοκλῆς	_	_
8.5	940	[84]	,	b	_
8.5	941	[1]	Πλειστόνικος	_	_
8.5	942	[85]	,	b	_
8.5	943	[1]	Μνησίθεος	_	_
8.5	944	[86]	,	b	_
8.5	945	[1]	Πραξαγόρας	_	_
8.5	946	[87]	,	b	_
8.5	947	[1]	Φιλότιμος	_	_
8.5	948	[88]	,	b	_
8.5	949	[1]	Ἡρόφιλος	_	_
8.5	950	[32]	.	b	_
8.5	951	[1]	Ἐρασίστρατος	_	_
8.5	952	[13]	δὲ	_	_
8.5	953	[1]	δῆλός	_	_
8.5	954	[2]	ἐστι	_	_
8.5	955	[2]	πρὸς	_	_
8.5	956	[3]	τοὺς	_	_
8.5	957	[3]	ἀπὸ	_	_
8.5	958	[1]	Κῶ	_	_
8.5	959	[1]	φιλοτιμούμενος	_	_
8.5	960	[89]	,	b	_
8.5	961	[4]	ὡς	_	_
8.5	962	[8]	ἐν	_	_
8.5	963	[1]	ἑτέροις	_	_
8.5	964	[1]	ἐδείξαμεν	_	_
8.5	965	[90]	,	b	_
8.5	966	[4]	οὐκ	_	_
8.5	967	[1]	ἀλήθειαν	_	_
8.5	968	[1]	τιμῶν	_	_
8.5	969	[91]	,	b	_
8.5	970	[43]	καὶ	_	_
8.5	971	[6]	διὰ	_	_
8.5	972	[1]	τοῦτο	_	_
8.5	973	[1]	δεδιὼς	_	_
8.5	974	[1]	φθέγξασθαι	_	_
8.5	975	[1]	θερμὸν	_	_
8.5	976	[92]	,	b	_
8.5	977	[8]	ἢ	_	_
8.5	978	[1]	ψυχρὸν	_	_
8.5	979	[93]	,	b	_
8.5	980	[9]	ἢ	_	_
8.5	981	[1]	ὑγρὸν	_	_
8.5	982	[94]	,	b	_
8.5	983	[10]	ἢ	_	_
8.5	984	[1]	ξηρόν	_	_
8.5	985	[2]	τινα	_	_
8.5	986	[23]	τῶν	_	_
8.5	987	[5]	χυμῶν	_	_
8.5	988	[33]	.	b	_
8.5	989	[12]	ὁ	_	_
8.5	990	[8]	δ	_	_
8.5	991	[18]	’	b	_
8.5	992	[3]	Ἱπποκράτης	_	_
8.5	993	[2]	ἔν	_	_
8.5	994	[6]	γε	_	_
8.5	995	[8]	τῷ	_	_
8.5	996	[11]	περὶ	_	_
8.5	997	[1]	φύσεως	_	_
8.5	998	[1]	ἀνθρώπου	_	_
8.5	999	[2]	βιβλίῳ	_	_
8.5	1000	[2]	τά	_	_
8.5	1001	[1]	τ	_	_
8.5	1002	[19]	’	b	_
8.5	1003	[4]	ἄλλα	_	_
8.5	1004	[44]	καὶ	_	_
8.5	1005	[8]	τὴν	_	_
8.5	1006	[1]	τάξιν	_	_
8.5	1007	[15]	τῆς	_	_
8.5	1008	[1]	διδασκαλίας	_	_
8.5	1009	[2]	ἄμεινον	_	_
8.5	1010	[1]	ἐποιήσατο	_	_
8.5	1011	[1]	Πλάτωνος	_	_
8.5	1012	[34]	.	b	_
8.5	1013	[1]	ὅτι	_	_
8.5	1014	[14]	τε	_	_
8.5	1015	[12]	γὰρ	_	_
8.5	1016	[2]	οἱ	_	_
8.5	1017	[1]	τέσσαρες	_	_
8.5	1018	[1]	χυμοὶ	_	_
8.5	1019	[7]	κατὰ	_	_
8.5	1020	[2]	φύσιν	_	_
8.5	1021	[1]	εἰσὶν	_	_
8.5	1022	[95]	,	b	_
8.5	1023	[1]	ἀπέδειξεν	_	_
8.5	1024	[96]	,	b	_
8.5	1025	[3]	οὐδ	_	_
8.5	1026	[20]	’	b	_
8.5	1027	[1]	ἐπιχειρήσαντος	_	_
8.5	1028	[2]	τοῦτο	_	_
8.5	1029	[1]	πρᾶξαι	_	_
8.5	1030	[14]	τοῦ	_	_
8.5	1031	[2]	Πλάτωνος	_	_
8.5	1032	[97]	,	b	_
8.5	1033	[2]	ὅτι	_	_
8.5	1034	[15]	τε	_	_
8.5	1035	[8]	κατὰ	_	_
8.5	1036	[4]	τὰς	_	_
8.5	1037	[1]	ὥρας	_	_
8.5	1038	[15]	τοῦ	_	_
8.5	1039	[1]	ἔτους	_	_
8.5	1040	[1]	ἄλλος	_	_
8.5	1041	[9]	ἐν	_	_
8.5	1042	[1]	ἄλλῃ	_	_
8.5	1043	[1]	πλεονάζει	_	_
8.5	1044	[35]	.	b	_
8.5	1045	[2]	παραθήσομαι	_	_
8.5	1046	[3]	δέ	_	_
8.5	1047	[2]	σοι	_	_
8.5	1048	[45]	καὶ	_	_
8.5	1049	[12]	περὶ	_	_
8.5	1050	[1]	τούτου	_	_
8.5	1051	[1]	ὀλίγα	_	_
8.5	1052	[24]	τῶν	_	_
8.5	1053	[2]	ῥήσεων	_	_
8.5	1054	[2]	αὐτοῦ	_	_
8.5	1055	[36]	.	b	_
8.5	1056	[1]	εἶπον	_	_
8.5	1057	[14]	δὲ	_	_
8.5	1058	[98]	,	b	_
8.5	1059	[2]	ἃ	_	_
8.5	1060	[4]	ἂν	_	_
8.5	1061	[1]	φήσω	_	_
8.5	1062	[5]	τὸν	_	_
8.5	1063	[1]	ἄνθρωπον	_	_
8.5	1064	[2]	εἶναι	_	_
8.5	1065	[99]	,	b	_
8.5	1066	[1]	ἀποφανεῖν	_	_
8.5	1067	[1]	αἰεὶ	_	_
8.5	1068	[8]	ταῦτα	_	_
8.5	1069	[1]	ἐόντα	_	_
8.5	1070	[100]	,	b	_
8.5	1071	[46]	καὶ	_	_
8.5	1072	[9]	κατὰ	_	_
8.5	1073	[1]	νόμον	_	_
8.5	1074	[101]	,	b	_
8.5	1075	[47]	καὶ	_	_
8.5	1076	[10]	κατὰ	_	_
8.5	1077	[3]	φύσιν	_	_
8.5	1078	[37]	.	b	_
8.5	1079	[1]	φημὶ	_	_
8.5	1080	[9]	δ	_	_
8.5	1081	[21]	’	b	_
8.5	1082	[102]	,	b	_
8.5	1083	[3]	εἶναι	_	_
8.5	1084	[3]	αἷμα	_	_
8.5	1085	[48]	καὶ	_	_
8.5	1086	[3]	φλέγμα	_	_
8.5	1087	[49]	καὶ	_	_
8.5	1088	[4]	χολὴν	_	_
8.5	1089	[1]	ξανθήν	_	_
8.5	1090	[16]	τε	_	_
8.5	1091	[50]	καὶ	_	_
8.5	1092	[1]	μέλαιναν	_	_
8.5	1093	[38]	.	b	_
8.5	1094	[1]	τουτέων	_	_
8.5	1095	[1]	πρῶτον	_	_
8.5	1096	[18]	μὲν	_	_
8.5	1097	[11]	κατὰ	_	_
8.5	1098	[6]	τὸν	_	_
8.5	1099	[2]	νόμον	_	_
8.5	1100	[7]	τὰ	_	_
8.5	1101	[1]	ὀνόματα	_	_
8.5	1102	[1]	διῃρῆσθαί	_	_
8.5	1103	[1]	φημι	_	_
8.5	1104	[103]	,	b	_
8.5	1105	[51]	καὶ	_	_
8.5	1106	[1]	οὐδενὶ	_	_
8.5	1107	[1]	αὐτέων	_	_
8.5	1108	[1]	τωὐτὸ	_	_
8.5	1109	[2]	ὄνομα	_	_
8.5	1110	[104]	,	b	_
8.5	1111	[1]	ἔπειτα	_	_
8.5	1112	[12]	κατὰ	_	_
8.5	1113	[4]	φύσιν	_	_
8.5	1114	[5]	τὰς	_	_
8.5	1115	[1]	ἰδέας	_	_
8.5	1116	[1]	κεχωρίσθαι	_	_
8.5	1117	[105]	,	b	_
8.5	1118	[52]	καὶ	_	_
8.5	1119	[1]	οὔτε	_	_
8.5	1120	[9]	τὸ	_	_
8.5	1121	[4]	φλέγμα	_	_
8.5	1122	[1]	οὐδὲν	_	_
8.5	1123	[1]	ἐοικέναι	_	_
8.5	1124	[9]	τῷ	_	_
8.5	1125	[2]	αἵματι	_	_
8.5	1126	[106]	,	b	_
8.5	1127	[2]	οὔτε	_	_
8.5	1128	[10]	τὸ	_	_
8.5	1129	[4]	αἷμα	_	_
8.5	1130	[2]	τῇ	_	_
8.5	1131	[1]	χολῇ	_	_
8.5	1132	[107]	,	b	_
8.5	1133	[3]	οὔτε	_	_
8.5	1134	[9]	τὴν	_	_
8.5	1135	[5]	χολὴν	_	_
8.5	1136	[10]	τῷ	_	_
8.5	1137	[1]	φλέγματι	_	_
8.5	1138	[39]	.	b	_
8.5	1139	[1]	πῶς	_	_
8.5	1140	[13]	γὰρ	_	_
8.5	1141	[5]	ἂν	_	_
8.5	1142	[1]	ἐοικότα	_	_
8.5	1143	[1]	εἴη	_	_
8.5	1144	[1]	ταῦτ	_	_
8.5	1145	[22]	’	b	_
8.5	1146	[1]	ἀλλήλοισιν	_	_
8.5	1147	[108]	,	b	_
8.5	1148	[2]	ὧν	_	_
8.5	1149	[4]	οὔτε	_	_
8.5	1150	[8]	τὰ	_	_
8.5	1151	[1]	χρώματα	_	_
8.5	1152	[1]	ὅμοια	_	_
8.5	1153	[1]	φαίνεται	_	_
8.5	1154	[1]	προσορώμενα	_	_
8.5	1155	[109]	,	b	_
8.5	1156	[5]	οὔτε	_	_
8.5	1157	[3]	τῇ	_	_
8.5	1158	[1]	χειρὶ	_	_
8.5	1159	[1]	ψαυούσῃ	_	_
8.5	1160	[2]	ὅμοια	_	_
8.5	1161	[1]	δοκέει	_	_
8.5	1162	[4]	εἶναι	_	_
8.5	1163	[2]	;	b	_
8.5	1164	[6]	οὔτε	_	_
8.5	1165	[14]	γὰρ	_	_
8.5	1166	[1]	θερμὰ	_	_
8.5	1167	[2]	ὁμοίως	_	_
8.5	1168	[1]	ἐστὶν	_	_
8.5	1169	[110]	,	b	_
8.5	1170	[7]	οὔτε	_	_
8.5	1171	[1]	ψυχρὰ	_	_
8.5	1172	[111]	,	b	_
8.5	1173	[8]	οὔτε	_	_
8.5	1174	[1]	ξηρὰ	_	_
8.5	1175	[112]	,	b	_
8.5	1176	[9]	οὔτε	_	_
8.5	1177	[1]	ὑγρά	_	_
8.5	1178	[40]	.	b	_
8.5	1179	[1]	ἀνάγκη	_	_
8.5	1180	[1]	τοίνυν	_	_
8.5	1181	[113]	,	b	_
8.5	1182	[3]	ὅτι	_	_
8.5	1183	[2]	τοσοῦτον	_	_
8.5	1184	[1]	διήλλακται	_	_
8.5	1185	[1]	ἀλλήλων	_	_
8.5	1186	[10]	τὴν	_	_
8.5	1187	[1]	ἰδέαν	_	_
8.5	1188	[17]	τε	_	_
8.5	1189	[53]	καὶ	_	_
8.5	1190	[11]	τὴν	_	_
8.5	1191	[1]	δύναμιν	_	_
8.5	1192	[114]	,	b	_
8.5	1193	[2]	μὴ	_	_
8.5	1194	[2]	ἓν	_	_
8.5	1195	[1]	αὐτὰ	_	_
8.5	1196	[5]	εἶναι	_	_
8.5	1197	[115]	,	b	_
8.5	1198	[1]	εἴπερ	_	_
8.5	1199	[3]	μὴ	_	_
8.5	1200	[1]	πῦρ	_	_
8.5	1201	[18]	τε	_	_
8.5	1202	[54]	καὶ	_	_
8.5	1203	[1]	ὕδωρ	_	_
8.5	1204	[1]	ταὐτόν	_	_
8.5	1205	[3]	ἐστι	_	_
8.5	1206	[41]	.	b	_
8.5	1207	[1]	γνοίης	_	_
8.5	1208	[10]	δ	_	_
8.5	1209	[23]	’	b	_
8.5	1210	[6]	ἂν	_	_
8.5	1211	[1]	τοῖσδε	_	_
8.5	1212	[116]	,	b	_
8.5	1213	[4]	ὅτι	_	_
8.5	1214	[1]	οὐχ	_	_
8.5	1215	[3]	ἓν	_	_
8.5	1216	[9]	ταῦτα	_	_
8.5	1217	[3]	πάντα	_	_
8.5	1218	[2]	ἐστὶν	_	_
8.5	1219	[117]	,	b	_
8.5	1220	[2]	ἀλλ	_	_
8.5	1221	[24]	’	b	_
8.5	1222	[2]	ἕκαστον	_	_
8.5	1223	[2]	αὐτέων	_	_
8.5	1224	[1]	ἔχει	_	_
8.5	1225	[1]	δύναμίν	_	_
8.5	1226	[19]	τε	_	_
8.5	1227	[55]	καὶ	_	_
8.5	1228	[5]	φύσιν	_	_
8.5	1229	[12]	τὴν	_	_
8.5	1230	[1]	ἑωυτοῦ	_	_
8.5	1231	[42]	.	b	_
8.5	1232	[3]	εἰ	_	_
8.5	1233	[1]	γάρ	_	_
8.5	1234	[1]	τινι	_	_
8.5	1235	[1]	δίδως	_	_
8.5	1236	[1]	ἀνθρώπῳ	_	_
8.5	1237	[1]	φάρμακον	_	_
8.5	1238	[118]	,	b	_
8.5	1239	[2]	ὅ	_	_
8.5	1240	[2]	τι	_	_
8.5	1241	[5]	φλέγμα	_	_
8.5	1242	[1]	ἄγει	_	_
8.5	1243	[119]	,	b	_
8.5	1244	[1]	ἐμεῖταί	_	_
8.5	1245	[3]	σοι	_	_
8.5	1246	[6]	φλέγμα	_	_
8.5	1247	[120]	,	b	_
8.5	1248	[56]	καὶ	_	_
8.5	1249	[1]	ἢν	_	_
8.5	1250	[1]	διδῷς	_	_
8.5	1251	[2]	φάρμακον	_	_
8.5	1252	[121]	,	b	_
8.5	1253	[3]	ὅ	_	_
8.5	1254	[3]	τι	_	_
8.5	1255	[6]	χολὴν	_	_
8.5	1256	[2]	ἄγει	_	_
8.5	1257	[122]	,	b	_
8.5	1258	[2]	ἐμεῖταί	_	_
8.5	1259	[4]	σοι	_	_
8.5	1260	[1]	χολήν	_	_
8.5	1261	[43]	.	b	_
8.5	1262	[13]	κατὰ	_	_
8.5	1263	[1]	ταὐτὰ	_	_
8.5	1264	[15]	δὲ	_	_
8.5	1265	[57]	καὶ	_	_
8.5	1266	[7]	χολὴν	_	_
8.5	1267	[2]	μέλαιναν	_	_
8.5	1268	[1]	καθαίρει	_	_
8.5	1269	[123]	,	b	_
8.5	1270	[2]	ἢν	_	_
8.5	1271	[2]	διδῷς	_	_
8.5	1272	[3]	φάρμακον	_	_
8.5	1273	[124]	,	b	_
8.5	1274	[4]	ὅ	_	_
8.5	1275	[4]	τι	_	_
8.5	1276	[8]	χολὴν	_	_
8.5	1277	[3]	μέλαιναν	_	_
8.5	1278	[3]	ἄγει	_	_
8.5	1279	[44]	.	b	_
8.5	1280	[58]	καὶ	_	_
8.5	1281	[3]	ἢν	_	_
8.5	1282	[1]	τρώσῃς	_	_
8.5	1283	[3]	αὖ	_	_
8.5	1284	[1]	σὺ	_	_
8.5	1285	[16]	τοῦ	_	_
8.5	1286	[5]	σώματος	_	_
8.5	1287	[1]	μέρος	_	_
8.5	1288	[5]	τι	_	_
8.5	1289	[125]	,	b	_
8.5	1290	[1]	ὥστε	_	_
8.5	1291	[1]	ἕλκος	_	_
8.5	1292	[1]	γενέσθαι	_	_
8.5	1293	[126]	,	b	_
8.5	1294	[1]	ῥυήσεται	_	_
8.5	1295	[1]	αὐτῷ	_	_
8.5	1296	[5]	αἷμα	_	_
8.5	1297	[45]	.	b	_
8.5	1298	[59]	καὶ	_	_
8.5	1299	[10]	ταῦτα	_	_
8.5	1300	[1]	ποιήσει	_	_
8.5	1301	[4]	πάντα	_	_
8.5	1302	[1]	πᾶσαν	_	_
8.5	1303	[1]	ἡμέραν	_	_
8.5	1304	[127]	,	b	_
8.5	1305	[60]	καὶ	_	_
8.5	1306	[1]	νύκτα	_	_
8.5	1307	[128]	,	b	_
8.5	1308	[61]	καὶ	_	_
8.5	1309	[1]	χειμῶνος	_	_
8.5	1310	[129]	,	b	_
8.5	1311	[62]	καὶ	_	_
8.5	1312	[1]	ἤρεος	_	_
8.5	1313	[130]	,	b	_
8.5	1314	[1]	μέχρις	_	_
8.5	1315	[7]	ἂν	_	_
8.5	1316	[2]	δυνατὸς	_	_
8.5	1317	[2]	ᾖ	_	_
8.5	1318	[11]	τὸ	_	_
8.5	1319	[1]	πνεῦμα	_	_
8.5	1320	[1]	ἕλκειν	_	_
8.5	1321	[5]	εἰς	_	_
8.5	1322	[1]	ἑωυτὸν	_	_
8.5	1323	[131]	,	b	_
8.5	1324	[63]	καὶ	_	_
8.5	1325	[2]	πάλιν	_	_
8.5	1326	[1]	μεθιέναι	_	_
8.5	1327	[132]	,	b	_
8.5	1328	[64]	καὶ	_	_
8.5	1329	[3]	δυνατὸς	_	_
8.5	1330	[1]	ἔσται	_	_
8.5	1331	[133]	,	b	_
8.5	1332	[1]	ἔστ	_	_
8.5	1333	[25]	’	b	_
8.5	1334	[1]	ἄν	_	_
8.5	1335	[1]	τινος	_	_
8.5	1336	[2]	τούτων	_	_
8.5	1337	[1]	στερηθῇ	_	_
8.5	1338	[25]	τῶν	_	_
8.5	1339	[1]	συγγεγονότων	_	_
8.5	1340	[46]	.	b	_
8.5	1341	[1]	συγγέγονε	_	_
8.5	1342	[16]	δὲ	_	_
8.5	1343	[11]	ταῦτα	_	_
8.5	1344	[9]	τὰ	_	_
8.5	1345	[1]	εἰρημένα	_	_
8.5	1346	[47]	.	b	_
8.5	1347	[2]	πῶς	_	_
8.5	1348	[15]	γὰρ	_	_
8.5	1349	[5]	οὐ	_	_
8.5	1350	[2]	συγγέγονε	_	_
8.5	1351	[3]	;	b	_
8.5	1352	[2]	πρῶτον	_	_
8.5	1353	[19]	μὲν	_	_
8.5	1354	[1]	φανερῶς	_	_
8.5	1355	[1]	ἐστιν	_	_
8.5	1356	[1]	ἄνθρωπος	_	_
8.5	1357	[1]	ἔχων	_	_
8.5	1358	[10]	ἐν	_	_
8.5	1359	[1]	ἑωυτῷ	_	_
8.5	1360	[5]	πάντα	_	_
8.5	1361	[12]	ταῦτα	_	_
8.5	1362	[1]	ἀεὶ	_	_
8.5	1363	[134]	,	b	_
8.5	1364	[1]	ἕως	_	_
8.5	1365	[8]	ἂν	_	_
8.5	1366	[1]	ζῇ	_	_
8.5	1367	[135]	,	b	_
8.5	1368	[2]	ἔπειτα	_	_
8.5	1369	[17]	δὲ	_	_
8.5	1370	[1]	γέγονεν	_	_
8.5	1371	[4]	ἐξ	_	_
8.5	1372	[2]	ἀνθρώπου	_	_
8.5	1373	[6]	πάντα	_	_
8.5	1374	[13]	ταῦτα	_	_
8.5	1375	[1]	ἔχοντος	_	_
8.5	1376	[136]	,	b	_
8.5	1377	[3]	ἔπειτα	_	_
8.5	1378	[1]	τέθραπται	_	_
8.5	1379	[11]	ἐν	_	_
8.5	1380	[2]	ἀνθρώπῳ	_	_
8.5	1381	[7]	πάντα	_	_
8.5	1382	[14]	ταῦτα	_	_
8.5	1383	[1]	ἔχοντι	_	_
8.5	1384	[137]	,	b	_
8.5	1385	[3]	ἃ	_	_
8.5	1386	[1]	ἐγώ	_	_
8.5	1387	[2]	τέ	_	_
8.5	1388	[2]	φημι	_	_
8.5	1389	[65]	καὶ	_	_
8.5	1390	[1]	ἀποδείκνυμι	_	_
8.5	1391	[48]	.	b	_
8.5	1392	[7]	διὰ	_	_
8.5	1393	[3]	τούτων	_	_
8.5	1394	[13]	ὁ	_	_
8.5	1395	[4]	Ἱπποκράτης	_	_
8.5	1396	[1]	ἀπέδειξε	_	_
8.5	1397	[4]	τοὺς	_	_
8.5	1398	[2]	τέτταρας	_	_
8.5	1399	[2]	χυμοὺς	_	_
8.5	1400	[14]	κατὰ	_	_
8.5	1401	[6]	φύσιν	_	_
8.5	1402	[12]	ἐν	_	_
8.5	1403	[1]	ἡμῖν	_	_
8.5	1404	[6]	εἶναι	_	_
8.5	1405	[138]	,	b	_
8.5	1406	[66]	καὶ	_	_
8.5	1407	[2]	οὐχ	_	_
8.5	1408	[139]	,	b	_
8.5	1409	[3]	ὥσπερ	_	_
8.5	1410	[2]	ἔνιοι	_	_
8.5	1411	[1]	νομίζουσι	_	_
8.5	1412	[140]	,	b	_
8.5	1413	[12]	τὸ	_	_
8.5	1414	[6]	αἷμα	_	_
8.5	1415	[1]	μόνον	_	_
8.5	1416	[141]	,	b	_
8.5	1417	[7]	ἐκ	_	_
8.5	1418	[1]	περιουσίας	_	_
8.5	1419	[7]	γε	_	_
8.5	1420	[3]	πάλιν	_	_
8.5	1421	[1]	ἐλέγχων	_	_
8.5	1422	[8]	διὰ	_	_
8.5	1423	[26]	τῶν	_	_
8.5	1424	[2]	ἑξῆς	_	_
8.5	1425	[5]	τοὺς	_	_
8.5	1426	[4]	ἓν	_	_
8.5	1427	[1]	ὁτιοῦν	_	_
8.5	1428	[4]	τούτων	_	_
8.5	1429	[1]	εἰπόντας	_	_
8.5	1430	[7]	εἶναι	_	_
8.5	1431	[7]	τὸν	_	_
8.5	1432	[2]	ἄνθρωπον	_	_
8.5	1433	[142]	,	b	_
8.5	1434	[5]	ὡς	_	_
8.5	1435	[67]	καὶ	_	_
8.5	1436	[9]	διὰ	_	_
8.5	1437	[27]	τῶν	_	_
8.5	1438	[1]	ἔμπροσθεν	_	_
8.5	1439	[1]	ἤλεγξε	_	_
8.5	1440	[6]	τοὺς	_	_
8.5	1441	[5]	ἓν	_	_
8.5	1442	[2]	εἰπόντας	_	_
8.5	1443	[8]	εἶναι	_	_
8.5	1444	[13]	τὸ	_	_
8.5	1445	[1]	στοιχεῖον	_	_
8.5	1446	[28]	τῶν	_	_
8.5	1447	[13]	ἐν	_	_
8.5	1448	[1]	γενέσει	_	_
8.5	1449	[68]	καὶ	_	_
8.5	1450	[1]	φθορᾷ	_	_
8.5	1451	[3]	σωμάτων	_	_
8.5	1452	[143]	,	b	_
8.5	1453	[1]	ὑπὲρ	_	_
8.5	1454	[3]	ὧν	_	_
8.5	1455	[16]	τῆς	_	_
8.5	1456	[1]	ἀποδείξεως	_	_
8.5	1457	[144]	,	b	_
8.5	1458	[6]	ὡς	_	_
8.5	1459	[1]	ἔφην	_	_
8.5	1460	[145]	,	b	_
8.5	1461	[1]	γέγραπταί	_	_
8.5	1462	[2]	μοι	_	_
8.5	1463	[1]	κατ	_	_
8.5	1464	[26]	’	b	_
8.5	1465	[1]	ἐκεῖνο	_	_
8.5	1466	[14]	τὸ	_	_
8.5	1467	[2]	βιβλίον	_	_
8.5	1468	[146]	,	b	_
8.5	1469	[1]	ὃ	_	_
8.5	1470	[13]	περὶ	_	_
8.5	1471	[29]	τῶν	_	_
8.5	1472	[3]	καθ	_	_
8.5	1473	[27]	’	b	_
8.5	1474	[1]	Ἱπποκράτην	_	_
8.5	1475	[4]	στοιχείων	_	_
8.5	1476	[1]	ἐπιγέγραπται	_	_
8.5	1477	[49]	.	b	_
8.5	1478	[69]	καὶ	_	_
8.5	1479	[1]	τοῦτον	_	_
8.5	1480	[5]	οὖν	_	_
8.5	1481	[8]	τὸν	_	_
8.5	1482	[4]	λόγον	_	_
8.5	1483	[14]	ὁ	_	_
8.5	1484	[6]	Πλάτων	_	_
8.5	1485	[1]	ἅπαντα	_	_
8.5	1486	[1]	παρέλιπεν	_	_
8.5	1487	[147]	,	b	_
8.5	1488	[15]	ὁ	_	_
8.5	1489	[11]	δ	_	_
8.5	1490	[28]	’	b	_
8.5	1491	[5]	Ἱπποκράτης	_	_
8.5	1492	[148]	,	b	_
8.5	1493	[7]	ὡς	_	_
8.5	1494	[2]	ἔφην	_	_
8.5	1495	[149]	,	b	_
8.5	1496	[1]	διῆλθε	_	_
8.5	1497	[10]	διὰ	_	_
8.5	1498	[30]	τῶν	_	_
8.5	1499	[1]	ἐφεξῆς	_	_
8.5	1500	[4]	τῇ	_	_
8.5	1501	[1]	προγεγραμμένῃ	_	_
8.5	1502	[1]	ῥήσει	_	_
8.5	1503	[50]	.	b	_
8.5	1504	[1]	μόνην	_	_
8.5	1505	[12]	δ	_	_
8.5	1506	[29]	’	b	_
8.5	1507	[2]	ἀρκέσει	_	_
8.5	1508	[3]	μοι	_	_
8.5	1509	[13]	τὴν	_	_
8.5	1510	[1]	ἀρχὴν	_	_
8.5	1511	[1]	αὐτῆς	_	_
8.5	1512	[2]	παραγράψαι	_	_
8.5	1513	[150]	,	b	_
8.5	1514	[15]	κατὰ	_	_
8.5	1515	[2]	λέξιν	_	_
8.5	1516	[2]	οὕτως	_	_
8.5	1517	[2]	ἔχουσαν	_	_
8.5	1518	[51]	.	b	_
8.5	1519	[3]	οἱ	_	_
8.5	1520	[18]	δὲ	_	_
8.5	1521	[1]	λέγοντες	_	_
8.5	1522	[151]	,	b	_
8.5	1523	[8]	ὡς	_	_
8.5	1524	[1]	ἕν	_	_
8.5	1525	[2]	ἐστιν	_	_
8.5	1526	[16]	ὁ	_	_
8.5	1527	[2]	ἄνθρωπος	_	_
8.5	1528	[152]	,	b	_
8.5	1529	[1]	δοκέουσί	_	_
8.5	1530	[4]	μοι	_	_
8.5	1531	[1]	ταύτῃ	_	_
8.5	1532	[5]	τῇ	_	_
8.5	1533	[1]	γνώμῃ	_	_
8.5	1534	[1]	χρῆσθαι	_	_
8.5	1535	[52]	.	b	_
8.5	1536	[1]	ὁρῶντες	_	_
8.5	1537	[7]	τοὺς	_	_
8.5	1538	[1]	πίνοντας	_	_
8.5	1539	[1]	ἀνθρώπους	_	_
8.5	1540	[10]	τὰ	_	_
8.5	1541	[1]	φάρμακα	_	_
8.5	1542	[1]	ἀπολλυμένους	_	_
8.5	1543	[14]	ἐν	_	_
8.5	1544	[1]	τῇσι	_	_
8.5	1545	[1]	καθάρσεσι	_	_
8.5	1546	[153]	,	b	_
8.5	1547	[8]	τοὺς	_	_
8.5	1548	[20]	μὲν	_	_
8.5	1549	[9]	χολὴν	_	_
8.5	1550	[1]	ἐμέοντας	_	_
8.5	1551	[154]	,	b	_
8.5	1552	[9]	τοὺς	_	_
8.5	1553	[4]	δέ	_	_
8.5	1554	[1]	τινας	_	_
8.5	1555	[7]	φλέγμα	_	_
8.5	1556	[155]	,	b	_
8.5	1557	[1]	τοῦθ	_	_
8.5	1558	[30]	’	b	_
8.5	1559	[3]	ἕκαστον	_	_
8.5	1560	[7]	αὐτῶν	_	_
8.5	1561	[1]	ἐνόμισαν	_	_
8.5	1562	[9]	εἶναι	_	_
8.5	1563	[9]	τὸν	_	_
8.5	1564	[3]	ἄνθρωπον	_	_
8.5	1565	[156]	,	b	_
8.5	1566	[5]	ὅτι	_	_
8.5	1567	[1]	καθαιρόμενον	_	_
8.5	1568	[1]	εἶδον	_	_
8.5	1569	[1]	ἀποθανόντα	_	_
8.5	1570	[53]	.	b	_
8.5	1571	[70]	καὶ	_	_
8.5	1572	[4]	οἱ	_	_
8.5	1573	[15]	τὸ	_	_
8.5	1574	[7]	αἷμα	_	_
8.5	1575	[1]	φάντες	_	_
8.5	1576	[10]	εἶναι	_	_
8.5	1577	[10]	τὸν	_	_
8.5	1578	[4]	ἄνθρωπον	_	_
8.5	1579	[6]	τῇ	_	_
8.5	1580	[1]	αὐτῇ	_	_
8.5	1581	[2]	γνώμῃ	_	_
8.5	1582	[1]	χρῶνται	_	_
8.5	1583	[54]	.	b	_
8.5	1584	[2]	ὁρῶντες	_	_
8.5	1585	[1]	ἀποσφαζομένους	_	_
8.5	1586	[10]	τοὺς	_	_
8.5	1587	[1]	ἀνθρώ	_	_
8.5	1588	[1]	πους	_	_
8.5	1589	[157]	,	b	_
8.5	1590	[71]	καὶ	_	_
8.5	1591	[16]	τὸ	_	_
8.5	1592	[8]	αἷμα	_	_
8.5	1593	[1]	καταῤῥέον	_	_
8.5	1594	[8]	ἐκ	_	_
8.5	1595	[17]	τοῦ	_	_
8.5	1596	[6]	σώματος	_	_
8.5	1597	[158]	,	b	_
8.5	1598	[3]	τοῦτο	_	_
8.5	1599	[1]	νομίζουσιν	_	_
8.5	1600	[11]	εἶναι	_	_
8.5	1601	[14]	τὴν	_	_
8.5	1602	[1]	ψυχὴν	_	_
8.5	1603	[31]	τῶν	_	_
8.5	1604	[1]	ἀνθρώπων	_	_
8.5	1605	[159]	,	b	_
8.5	1606	[72]	καὶ	_	_
8.5	1607	[1]	μαρτυρίοισι	_	_
8.5	1608	[1]	τούτοισι	_	_
8.5	1609	[2]	χρῶνται	_	_
8.5	1610	[15]	ἐν	_	_
8.5	1611	[1]	τοῖσι	_	_
8.5	1612	[1]	λόγοισι	_	_
8.5	1613	[55]	.	b	_
8.5	1614	[15]	ταῦτα	_	_
8.5	1615	[1]	προειπὼν	_	_
8.5	1616	[17]	ὁ	_	_
8.5	1617	[6]	Ἱπποκράτης	_	_
8.5	1618	[2]	ἐφεξῆς	_	_
8.5	1619	[1]	ἐλέγχει	_	_
8.5	1620	[15]	τὴν	_	_
8.5	1621	[1]	δόξαν	_	_
8.5	1622	[32]	τῶν	_	_
8.5	1623	[3]	οὕτως	_	_
8.5	1624	[1]	ὑπολαμβανόντων	_	_
8.5	1625	[160]	,	b	_
8.5	1626	[1]	ἅπερ	_	_
8.5	1627	[1]	εἴ	_	_
8.5	1628	[3]	τις	_	_
8.5	1629	[1]	μέλλει	_	_
8.5	1630	[8]	πάντα	_	_
8.5	1631	[1]	ἀναγιγνώσκειν	_	_
8.5	1632	[161]	,	b	_
8.5	1633	[9]	ἐκ	_	_
8.5	1634	[18]	τοῦ	_	_
8.5	1635	[14]	περὶ	_	_
8.5	1636	[1]	φύσιος	_	_
8.5	1637	[3]	ἀνθρώπου	_	_
8.5	1638	[2]	βιβλίου	_	_
8.5	1639	[1]	πάρεστιν	_	_
8.5	1640	[2]	αὐτῷ	_	_
8.5	1641	[56]	.	b	_
8.5	1642	[17]	τὸ	_	_
8.5	1643	[16]	γὰρ	_	_
8.5	1644	[1]	σύγγραμμα	_	_
8.5	1645	[3]	παρὰ	_	_
8.5	1646	[1]	πᾶσιν	_	_
8.5	1647	[1]	ἀνθρώποις	_	_
8.5	1648	[1]	ἐστί	_	_
8.5	1649	[57]	.	b	_
8.6	1	[1]	Ἐγὼ	_	_
8.6	2	[1]	δὲ	_	_
8.6	3	[1]	μήκους	_	_
8.6	4	[1]	φειδόμενος	_	_
8.6	5	[1]	ἐπὶ	_	_
8.6	6	[1]	τὰ	_	_
8.6	7	[1]	συνεχῆ	_	_
8.6	8	[1]	τοῦ	_	_
8.6	9	[1]	λόγου	_	_
8.6	10	[1]	τρέψομαι	_	_
8.6	11	[1]	.	b	_
8.6	12	[1]	μετὰ	_	_
8.6	13	[1]	γὰρ	_	_
8.6	14	[1]	τὸ	_	_
8.6	15	[1]	κατασκευάσαι	_	_
8.6	16	[1]	τοὺς	_	_
8.6	17	[1]	τέτταρας	_	_
8.6	18	[1]	χυμοὺς	_	_
8.6	19	[1]	ἡμῖν	_	_
8.6	20	[1]	εἶναι	_	_
8.6	21	[1]	κατὰ	_	_
8.6	22	[1]	φύσιν	_	_
8.6	23	[1]	,	b	_
8.6	24	[1]	ὑπερβάλλοντας	_	_
8.6	25	[2]	δὲ	_	_
8.6	26	[1]	ποσότητι	_	_
8.6	27	[1]	καὶ	_	_
8.6	28	[1]	ἀλλοιωμένους	_	_
8.6	29	[2]	κατὰ	_	_
8.6	30	[1]	ποιότητα	_	_
8.6	31	[1]	νόσων	_	_
8.6	32	[1]	αἰτίους	_	_
8.6	33	[1]	γίγνεσθαι	_	_
8.6	34	[2]	,	b	_
8.6	35	[2]	μετὰ	_	_
8.6	36	[1]	ταῦτα	_	_
8.6	37	[1]	δείκνυσιν	_	_
8.6	38	[1]	ἐν	_	_
8.6	39	[1]	μὲν	_	_
8.6	40	[1]	τῷ	_	_
8.6	41	[1]	χειμῶνι	_	_
8.6	42	[1]	πλεονάζον	_	_
8.6	43	[2]	τὸ	_	_
8.6	44	[1]	φλέγμα	_	_
8.6	45	[3]	,	b	_
8.6	46	[2]	τοῦ	_	_
8.6	47	[1]	δ	_	_
8.6	48	[1]	’	b	_
8.6	49	[1]	ἦρος	_	_
8.6	50	[3]	τὸ	_	_
8.6	51	[1]	αἷμα	_	_
8.6	52	[4]	,	b	_
8.6	53	[2]	καὶ	_	_
8.6	54	[3]	τοῦ	_	_
8.6	55	[1]	θέρους	_	_
8.6	56	[1]	τὴν	_	_
8.6	57	[1]	ξανθὴν	_	_
8.6	58	[1]	χολὴν	_	_
8.6	59	[5]	,	b	_
8.6	60	[3]	καὶ	_	_
8.6	61	[4]	τοῦ	_	_
8.6	62	[1]	φθινοπώρου	_	_
8.6	63	[2]	τὴν	_	_
8.6	64	[1]	μέλαιναν	_	_
8.6	65	[2]	.	b	_
8.6	66	[1]	ἄμεινον	_	_
8.6	67	[2]	δ	_	_
8.6	68	[2]	’	b	_
8.6	69	[1]	ἐστὶν	_	_
8.6	70	[1]	αὐτὴν	_	_
8.6	71	[3]	τὴν	_	_
8.6	72	[1]	ῥῆσιν	_	_
8.6	73	[1]	ὅλην	_	_
8.6	74	[1]	αὐτοῦ	_	_
8.6	75	[1]	παραγράψαι	_	_
8.6	76	[3]	κατὰ	_	_
8.6	77	[1]	λέξιν	_	_
8.6	78	[1]	οὕτως	_	_
8.6	79	[1]	ἔχουσαν	_	_
8.6	80	[3]	.	b	_
8.6	81	[1]	Αὔξεται	_	_
8.6	82	[3]	δ	_	_
8.6	83	[3]	’	b	_
8.6	84	[2]	ἐν	_	_
8.6	85	[2]	τῷ	_	_
8.6	86	[1]	ἀνθρώπῳ	_	_
8.6	87	[4]	τὸ	_	_
8.6	88	[2]	φλέγμα	_	_
8.6	89	[5]	τοῦ	_	_
8.6	90	[1]	χειμῶνος	_	_
8.6	91	[6]	,	b	_
8.6	92	[1]	τοῦτο	_	_
8.6	93	[2]	γὰρ	_	_
8.6	94	[3]	τῷ	_	_
8.6	95	[2]	χειμῶνι	_	_
8.6	96	[4]	κατὰ	_	_
8.6	97	[2]	φύσιν	_	_
8.6	98	[1]	μάλιστα	_	_
8.6	99	[1]	τῶν	_	_
8.6	100	[3]	ἐν	_	_
8.6	101	[4]	τῷ	_	_
8.6	102	[1]	σώματι	_	_
8.6	103	[1]	ἐνεόντων	_	_
8.6	104	[1]	ψυχρότατόν	_	_
8.6	105	[1]	ἐστι	_	_
8.6	106	[4]	.	b	_
8.6	107	[1]	τεκμήρια	_	_
8.6	108	[3]	δὲ	_	_
8.6	109	[1]	τούτων	_	_
8.6	110	[7]	,	b	_
8.6	111	[1]	ὅτι	_	_
8.6	112	[5]	τὸ	_	_
8.6	113	[3]	φλέγμα	_	_
8.6	114	[1]	ψυχρότατον	_	_
8.6	115	[8]	,	b	_
8.6	116	[1]	εἰ	_	_
8.6	117	[1]	θέλεις	_	_
8.6	118	[1]	ψαῦσαι	_	_
8.6	119	[1]	φλέγματος	_	_
8.6	120	[9]	,	b	_
8.6	121	[4]	καὶ	_	_
8.6	122	[1]	χολῆς	_	_
8.6	123	[10]	,	b	_
8.6	124	[5]	καὶ	_	_
8.6	125	[1]	αἵματος	_	_
8.6	126	[11]	,	b	_
8.6	127	[6]	τὸ	_	_
8.6	128	[4]	φλέγμα	_	_
8.6	129	[1]	εὑρήσεις	_	_
8.6	130	[2]	ψυχρότατον	_	_
8.6	131	[1]	ἐὸν	_	_
8.6	132	[12]	,	b	_
8.6	133	[1]	καίτοι	_	_
8.6	134	[1]	γλισχρότατόν	_	_
8.6	135	[2]	ἐστι	_	_
8.6	136	[13]	,	b	_
8.6	137	[6]	καὶ	_	_
8.6	138	[1]	βίῃ	_	_
8.6	139	[2]	μάλιστα	_	_
8.6	140	[1]	ἄγεται	_	_
8.6	141	[1]	μετά	_	_
8.6	142	[1]	γε	_	_
8.6	143	[2]	χολὴν	_	_
8.6	144	[2]	μέλαιναν	_	_
8.6	145	[5]	.	b	_
8.6	146	[1]	ὅσα	_	_
8.6	147	[4]	δὲ	_	_
8.6	148	[2]	βίῃ	_	_
8.6	149	[1]	ἔρχεται	_	_
8.6	150	[14]	,	b	_
8.6	151	[1]	θερμότερα	_	_
8.6	152	[1]	γίνεται	_	_
8.6	153	[1]	ἀναγκαζόμενα	_	_
8.6	154	[1]	ὑπὸ	_	_
8.6	155	[1]	τῆς	_	_
8.6	156	[1]	βίης	_	_
8.6	157	[6]	.	b	_
8.6	158	[1]	ἀλλ	_	_
8.6	159	[4]	’	b	_
8.6	160	[1]	ὅμως	_	_
8.6	161	[7]	καὶ	_	_
8.6	162	[1]	πρὸς	_	_
8.6	163	[2]	ταῦτα	_	_
8.6	164	[1]	πάντα	_	_
8.6	165	[3]	ψυχρότατον	_	_
8.6	166	[2]	ἐὸν	_	_
8.6	167	[7]	τὸ	_	_
8.6	168	[5]	φλέγμα	_	_
8.6	169	[1]	φαίνεται	_	_
8.6	170	[2]	ὑπὸ	_	_
8.6	171	[2]	τῆς	_	_
8.6	172	[1]	φύσιος	_	_
8.6	173	[3]	τῆς	_	_
8.6	174	[1]	ἑωυτοῦ	_	_
8.6	175	[7]	.	b	_
8.6	176	[2]	ὅτι	_	_
8.6	177	[4]	δ	_	_
8.6	178	[5]	’	b	_
8.6	179	[1]	ὁ	_	_
8.6	180	[1]	χειμὼν	_	_
8.6	181	[1]	πληροῖ	_	_
8.6	182	[2]	φλέγματος	_	_
8.6	183	[8]	τὸ	_	_
8.6	184	[1]	σῶμα	_	_
8.6	185	[15]	,	b	_
8.6	186	[1]	γνοίης	_	_
8.6	187	[1]	ἂν	_	_
8.6	188	[1]	τοῖσδε	_	_
8.6	189	[1]	·	b	_
8.6	190	[1]	οἱ	_	_
8.6	191	[1]	ἄνθρωποι	_	_
8.6	192	[1]	πτύουσι	_	_
8.6	193	[8]	καὶ	_	_
8.6	194	[1]	ἀπομύσσονται	_	_
8.6	195	[1]	φλεγματωδέστατον	_	_
8.6	196	[6]	τοῦ	_	_
8.6	197	[2]	χειμῶνος	_	_
8.6	198	[16]	,	b	_
8.6	199	[9]	καὶ	_	_
8.6	200	[2]	τὰ	_	_
8.6	201	[1]	οἰδήματα	_	_
8.6	202	[1]	λευκὰ	_	_
8.6	203	[1]	γίγνονται	_	_
8.6	204	[3]	μάλιστα	_	_
8.6	205	[5]	κατὰ	_	_
8.6	206	[1]	ταύτην	_	_
8.6	207	[4]	τὴν	_	_
8.6	208	[1]	ὥραν	_	_
8.6	209	[17]	,	b	_
8.6	210	[10]	καὶ	_	_
8.6	211	[1]	τἄλλα	_	_
8.6	212	[1]	νοσήματα	_	_
8.6	213	[1]	φλεγματώδεα	_	_
8.6	214	[8]	.	b	_
8.6	215	[7]	τοῦ	_	_
8.6	216	[5]	δ	_	_
8.6	217	[6]	’	b	_
8.6	218	[2]	ἦρος	_	_
8.6	219	[1]	ἔτι	_	_
8.6	220	[2]	μὲν	_	_
8.6	221	[1]	ἰσχυρὸν	_	_
8.6	222	[9]	τὸ	_	_
8.6	223	[6]	φλέγμα	_	_
8.6	224	[2]	ἐστὶν	_	_
8.6	225	[4]	ἐν	_	_
8.6	226	[5]	τῷ	_	_
8.6	227	[2]	σώματι	_	_
8.6	228	[18]	,	b	_
8.6	229	[11]	καὶ	_	_
8.6	230	[10]	τὸ	_	_
8.6	231	[2]	αἷμα	_	_
8.6	232	[1]	αὔξεται	_	_
8.6	233	[9]	.	b	_
8.6	234	[1]	τά	_	_
8.6	235	[1]	τε	_	_
8.6	236	[3]	γὰρ	_	_
8.6	237	[1]	ψύχεα	_	_
8.6	238	[1]	ἐξανίει	_	_
8.6	239	[12]	καὶ	_	_
8.6	240	[3]	τὰ	_	_
8.6	241	[1]	ὕδατα	_	_
8.6	242	[1]	ἐπιγίγνεται	_	_
8.6	243	[19]	,	b	_
8.6	244	[11]	τὸ	_	_
8.6	245	[6]	δ	_	_
8.6	246	[7]	’	b	_
8.6	247	[3]	αἷμα	_	_
8.6	248	[2]	αὔξεται	_	_
8.6	249	[1]	ὑπό	_	_
8.6	250	[2]	τε	_	_
8.6	251	[2]	τῶν	_	_
8.6	252	[1]	ὄμβρων	_	_
8.6	253	[13]	καὶ	_	_
8.6	254	[3]	ὑπὸ	_	_
8.6	255	[3]	τῶν	_	_
8.6	256	[1]	θερμημεριῶν	_	_
8.6	257	[10]	.	b	_
8.6	258	[6]	κατὰ	_	_
8.6	259	[3]	φύσιν	_	_
8.6	260	[4]	γὰρ	_	_
8.6	261	[1]	αὐτέῳ	_	_
8.6	262	[1]	ταῦτ	_	_
8.6	263	[8]	’	b	_
8.6	264	[3]	ἐστι	_	_
8.6	265	[4]	μάλιστα	_	_
8.6	266	[8]	τοῦ	_	_
8.6	267	[1]	ἐνιαυτοῦ	_	_
8.6	268	[20]	,	b	_
8.6	269	[1]	ὑγρόν	_	_
8.6	270	[3]	τε	_	_
8.6	271	[1]	γάρ	_	_
8.6	272	[4]	ἐστι	_	_
8.6	273	[14]	καὶ	_	_
8.6	274	[1]	θερμόν	_	_
8.6	275	[11]	.	b	_
8.6	276	[2]	γνοίης	_	_
8.6	277	[7]	δ	_	_
8.6	278	[9]	’	b	_
8.6	279	[2]	ἂν	_	_
8.6	280	[2]	τοῖσδε	_	_
8.6	281	[2]	·	b	_
8.6	282	[2]	οἱ	_	_
8.6	283	[2]	ἄνθρωποι	_	_
8.6	284	[9]	τοῦ	_	_
8.6	285	[3]	ἦρος	_	_
8.6	286	[15]	καὶ	_	_
8.6	287	[10]	τοῦ	_	_
8.6	288	[1]	θέρεος	_	_
8.6	289	[5]	μάλιστα	_	_
8.6	290	[4]	ὑπὸ	_	_
8.6	291	[4]	τῶν	_	_
8.6	292	[1]	δυσεντεριῶν	_	_
8.6	293	[1]	ἁλίσκονται	_	_
8.6	294	[21]	,	b	_
8.6	295	[16]	καὶ	_	_
8.6	296	[1]	ἐκ	_	_
8.6	297	[5]	τῶν	_	_
8.6	298	[1]	ῥινῶν	_	_
8.6	299	[4]	τὰ	_	_
8.6	300	[1]	αἵματα	_	_
8.6	301	[1]	ῥέει	_	_
8.6	302	[1]	αὐτοῖσι	_	_
8.6	303	[22]	,	b	_
8.6	304	[17]	καὶ	_	_
8.6	305	[1]	θερμότατοί	_	_
8.6	306	[1]	εἰσι	_	_
8.6	307	[18]	καὶ	_	_
8.6	308	[1]	ἐρυθροί	_	_
8.6	309	[12]	.	b	_
8.6	310	[11]	τοῦ	_	_
8.6	311	[5]	δὲ	_	_
8.6	312	[2]	θέρεος	_	_
8.6	313	[1]	τό	_	_
8.6	314	[4]	τε	_	_
8.6	315	[4]	αἷμα	_	_
8.6	316	[1]	ἰσχύει	_	_
8.6	317	[2]	ἔτι	_	_
8.6	318	[23]	,	b	_
8.6	319	[19]	καὶ	_	_
8.6	320	[1]	ἡ	_	_
8.6	321	[1]	χολὴ	_	_
8.6	322	[1]	αἴρεται	_	_
8.6	323	[5]	ἐν	_	_
8.6	324	[6]	τῷ	_	_
8.6	325	[3]	σώματι	_	_
8.6	326	[24]	,	b	_
8.6	327	[20]	καὶ	_	_
8.6	328	[1]	παρατείνει	_	_
8.6	329	[1]	εἰς	_	_
8.6	330	[12]	τὸ	_	_
8.6	331	[1]	φθινόπωρον	_	_
8.6	332	[13]	.	b	_
8.6	333	[6]	ἐν	_	_
8.6	334	[6]	δὲ	_	_
8.6	335	[7]	τῷ	_	_
8.6	336	[1]	φθινοπώρῳ	_	_
8.6	337	[13]	τὸ	_	_
8.6	338	[3]	μὲν	_	_
8.6	339	[5]	αἷμα	_	_
8.6	340	[1]	ὀλίγον	_	_
8.6	341	[1]	γίγνεται	_	_
8.6	342	[3]	·	b	_
8.6	343	[1]	ἐναντίον	_	_
8.6	344	[5]	γὰρ	_	_
8.6	345	[2]	αὐτοῦ	_	_
8.6	346	[1]	τῇ	_	_
8.6	347	[1]	φύσει	_	_
8.6	348	[14]	τὸ	_	_
8.6	349	[1]	φθινόπωρόν	_	_
8.6	350	[1]	ἐστιν	_	_
8.6	351	[4]	·	b	_
8.6	352	[2]	ἡ	_	_
8.6	353	[7]	δὲ	_	_
8.6	354	[2]	χολὴ	_	_
8.6	355	[15]	τὸ	_	_
8.6	356	[1]	θέρος	_	_
8.6	357	[1]	κατέχει	_	_
8.6	358	[16]	τὸ	_	_
8.6	359	[2]	σῶμα	_	_
8.6	360	[21]	καὶ	_	_
8.6	361	[17]	τὸ	_	_
8.6	362	[2]	φθινόπωρον	_	_
8.6	363	[14]	.	b	_
8.6	364	[1]	γνοίης|	_	_
8.6	365	[8]	δ	_	_
8.6	366	[10]	’	b	_
8.6	367	[3]	ἂν	_	_
8.6	368	[3]	τοῖσδε	_	_
8.6	369	[5]	·	b	_
8.6	370	[3]	οἱ	_	_
8.6	371	[3]	ἄνθρωποι	_	_
8.6	372	[1]	αὐτόματοι	_	_
8.6	373	[2]	ταύτην	_	_
8.6	374	[5]	τὴν	_	_
8.6	375	[1]	ὥρην	_	_
8.6	376	[3]	χολὴν	_	_
8.6	377	[1]	ἐμέουσι	_	_
8.6	378	[25]	,	b	_
8.6	379	[22]	καὶ	_	_
8.6	380	[7]	ἐν	_	_
8.6	381	[1]	τῇσι	_	_
8.6	382	[1]	φαρμακοποσίῃσι	_	_
8.6	383	[1]	χολωδέστατα	_	_
8.6	384	[1]	καθαίρονται	_	_
8.6	385	[15]	.	b	_
8.6	386	[1]	δῆλον	_	_
8.6	387	[8]	δὲ	_	_
8.6	388	[23]	καὶ	_	_
8.6	389	[1]	τοῖσι	_	_
8.6	390	[1]	πυρετοῖσι	_	_
8.6	391	[24]	καὶ	_	_
8.6	392	[2]	τοῖσι	_	_
8.6	393	[1]	χρώμασι	_	_
8.6	394	[6]	τῶν	_	_
8.6	395	[1]	ἀνθρώπων	_	_
8.6	396	[16]	.	b	_
8.6	397	[18]	τὸ	_	_
8.6	398	[9]	δὲ	_	_
8.6	399	[7]	φλέγμα	_	_
8.6	400	[12]	τοῦ	_	_
8.6	401	[3]	θέρεος	_	_
8.6	402	[1]	ἀσθενέστατόν	_	_
8.6	403	[2]	ἐστιν	_	_
8.6	404	[1]	αὐτὸ	_	_
8.6	405	[2]	ἑωυτοῦ	_	_
8.6	406	[17]	.	b	_
8.6	407	[1]	ἐναντίη	_	_
8.6	408	[6]	γὰρ	_	_
8.6	409	[3]	αὐτοῦ	_	_
8.6	410	[2]	τῇ	_	_
8.6	411	[2]	φύσει	_	_
8.6	412	[3]	ἡ	_	_
8.6	413	[1]	ὥρη	_	_
8.6	414	[1]	ἐστὶ	_	_
8.6	415	[26]	,	b	_
8.6	416	[1]	ξηρή	_	_
8.6	417	[5]	τε	_	_
8.6	418	[1]	οὖσα	_	_
8.6	419	[25]	καὶ	_	_
8.6	420	[1]	θερμή	_	_
8.6	421	[18]	.	b	_
8.6	422	[19]	τὸ	_	_
8.6	423	[9]	δ	_	_
8.6	424	[11]	’	b	_
8.6	425	[6]	αἷμα	_	_
8.6	426	[13]	τοῦ	_	_
8.6	427	[2]	φθινοπώρου	_	_
8.6	428	[1]	ἐλάχιστόν	_	_
8.6	429	[3]	ἐστιν	_	_
8.6	430	[8]	ἐν	_	_
8.6	431	[8]	τῷ	_	_
8.6	432	[2]	ἀνθρώπῳ	_	_
8.6	433	[27]	,	b	_
8.6	434	[1]	ξηρόν	_	_
8.6	435	[6]	τε	_	_
8.6	436	[2]	γάρ	_	_
8.6	437	[5]	ἐστι	_	_
8.6	438	[20]	τὸ	_	_
8.6	439	[3]	φθινόπωρον	_	_
8.6	440	[26]	καὶ	_	_
8.6	441	[1]	ψύχειν	_	_
8.6	442	[1]	ἄρχεται	_	_
8.6	443	[1]	ἤδη	_	_
8.6	444	[1]	τὸν	_	_
8.6	445	[1]	ἄνθρωπον	_	_
8.6	446	[19]	.	b	_
8.6	447	[4]	ἡ	_	_
8.6	448	[10]	δὲ	_	_
8.6	449	[1]	μέλαινα	_	_
8.6	450	[3]	χολὴ	_	_
8.6	451	[14]	τοῦ	_	_
8.6	452	[3]	φθινοπώρου	_	_
8.6	453	[1]	πλείστη	_	_
8.6	454	[7]	τε	_	_
8.6	455	[27]	καὶ	_	_
8.6	456	[1]	ἰσχυροτάτη	_	_
8.6	457	[1]	ἐστίν	_	_
8.6	458	[20]	.	b	_
8.6	459	[1]	ὅταν	_	_
8.6	460	[10]	δ	_	_
8.6	461	[12]	’	b	_
8.6	462	[2]	ὁ	_	_
8.6	463	[2]	χειμὼν	_	_
8.6	464	[1]	καταλαμβάνῃ	_	_
8.6	465	[28]	,	b	_
8.6	466	[1]	ἥ	_	_
8.6	467	[8]	τε	_	_
8.6	468	[4]	χολὴ	_	_
8.6	469	[1]	ψυχομένη	_	_
8.6	470	[1]	ὀλίγη	_	_
8.6	471	[2]	γίγνεται	_	_
8.6	472	[28]	καὶ	_	_
8.6	473	[21]	τὸ	_	_
8.6	474	[8]	φλέγμα	_	_
8.6	475	[3]	αὔξεται	_	_
8.6	476	[1]	πάλιν	_	_
8.6	477	[2]	ὑπό	_	_
8.6	478	[9]	τε	_	_
8.6	479	[7]	τῶν	_	_
8.6	480	[1]	ὑετῶν	_	_
8.6	481	[15]	τοῦ	_	_
8.6	482	[1]	πλήθεος	_	_
8.6	483	[29]	καὶ	_	_
8.6	484	[5]	ὑπὸ	_	_
8.6	485	[8]	τῶν	_	_
8.6	486	[1]	νυκτῶν	_	_
8.6	487	[16]	τοῦ	_	_
8.6	488	[1]	μήκεος	_	_
8.6	489	[21]	.	b	_
8.6	490	[1]	ἔχει	_	_
8.6	491	[4]	μὲν	_	_
8.6	492	[1]	οὖν	_	_
8.6	493	[3]	ταῦτα	_	_
8.6	494	[2]	πάντα	_	_
8.6	495	[1]	ἀεὶ	_	_
8.6	496	[22]	τὸ	_	_
8.6	497	[3]	σῶμα	_	_
8.6	498	[17]	τοῦ	_	_
8.6	499	[1]	ἀνθρώπου	_	_
8.6	500	[22]	.	b	_
8.6	501	[6]	ὑπὸ	_	_
8.6	502	[11]	δὲ	_	_
8.6	503	[4]	τῆς	_	_
8.6	504	[1]	ὥρης	_	_
8.6	505	[1]	περιϊσταμένης	_	_
8.6	506	[1]	ποτὲ	_	_
8.6	507	[5]	μὲν	_	_
8.6	508	[1]	πλείω	_	_
8.6	509	[3]	γίγνεται	_	_
8.6	510	[1]	αὐτὰ	_	_
8.6	511	[1]	ἑωυτῶν	_	_
8.6	512	[29]	,	b	_
8.6	513	[2]	ποτὲ	_	_
8.6	514	[11]	δ	_	_
8.6	515	[13]	’	b	_
8.6	516	[1]	ἐλάσσω	_	_
8.6	517	[1]	ἕκαστα	_	_
8.6	518	[7]	κατὰ	_	_
8.6	519	[1]	μέρος	_	_
8.6	520	[10]	τε	_	_
8.6	521	[30]	καὶ	_	_
8.6	522	[8]	κατὰ	_	_
8.6	523	[4]	φύσιν	_	_
8.6	524	[23]	.	b	_
8.6	525	[1]	ὡς	_	_
8.6	526	[7]	γὰρ	_	_
8.6	527	[3]	ὁ	_	_
8.6	528	[1]	ἐνιαυτὸς	_	_
8.6	529	[1]	μετέχει	_	_
8.6	530	[6]	μὲν	_	_
8.6	531	[1]	πᾶσι	_	_
8.6	532	[1]	πάντων	_	_
8.6	533	[30]	,	b	_
8.6	534	[31]	καὶ	_	_
8.6	535	[9]	τῶν	_	_
8.6	536	[1]	θερμῶν	_	_
8.6	537	[31]	,	b	_
8.6	538	[32]	καὶ	_	_
8.6	539	[10]	τῶν	_	_
8.6	540	[1]	ψυχρῶν	_	_
8.6	541	[32]	,	b	_
8.6	542	[33]	καὶ	_	_
8.6	543	[11]	τῶν	_	_
8.6	544	[1]	ξηρῶν	_	_
8.6	545	[33]	,	b	_
8.6	546	[34]	καὶ	_	_
8.6	547	[12]	τῶν	_	_
8.6	548	[1]	ὑγρῶν	_	_
8.6	549	[6]	·	b	_
8.6	550	[1]	οὐ	_	_
8.6	551	[8]	γὰρ	_	_
8.6	552	[4]	ἂν	_	_
8.6	553	[1]	μείνειε	_	_
8.6	554	[1]	τουτέων	_	_
8.6	555	[1]	οὐδὲν	_	_
8.6	556	[1]	οὐδένα	_	_
8.6	557	[1]	χρόνον	_	_
8.6	558	[1]	ἄνευ	_	_
8.6	559	[2]	πάντων	_	_
8.6	560	[13]	τῶν	_	_
8.6	561	[2]	ἐνεόντων	_	_
8.6	562	[9]	ἐν	_	_
8.6	563	[1]	τῷδε	_	_
8.6	564	[9]	τῷ	_	_
8.6	565	[1]	κόσμῳ	_	_
8.6	566	[34]	,	b	_
8.6	567	[2]	ἀλλ	_	_
8.6	568	[14]	’	b	_
8.6	569	[35]	,	b	_
8.6	570	[2]	εἰ	_	_
8.6	571	[1]	ἕν	_	_
8.6	572	[1]	τί	_	_
8.6	573	[2]	γε	_	_
8.6	574	[1]	ἐκλείποι	_	_
8.6	575	[36]	,	b	_
8.6	576	[3]	πάντα	_	_
8.6	577	[5]	ἂν	_	_
8.6	578	[1]	ἀφανισθείη	_	_
8.6	579	[37]	,	b	_
8.6	580	[1]	ἀπὸ	_	_
8.6	581	[9]	γὰρ	_	_
8.6	582	[5]	τῆς	_	_
8.6	583	[1]	αὐτῆς	_	_
8.6	584	[1]	ἀνάγκης	_	_
8.6	585	[4]	πάντα	_	_
8.6	586	[1]	συνέστηκέ	_	_
8.6	587	[11]	τε	_	_
8.6	588	[35]	καὶ	_	_
8.6	589	[1]	τρέφεται	_	_
8.6	590	[1]	ὑπ	_	_
8.6	591	[15]	’	b	_
8.6	592	[1]	ἀλλήλων	_	_
8.6	593	[7]	·	b	_
8.6	594	[1]	οὕτω	_	_
8.6	595	[12]	δὲ	_	_
8.6	596	[36]	καὶ	_	_
8.6	597	[1]	εἴτι	_	_
8.6	598	[2]	ἐκ	_	_
8.6	599	[18]	τοῦ	_	_
8.6	600	[2]	ἀνθρώπου	_	_
8.6	601	[2]	ἐκλείποι	_	_
8.6	602	[2]	τουτέων	_	_
8.6	603	[14]	τῶν	_	_
8.6	604	[1]	συγγεγονότων	_	_
8.6	605	[38]	,	b	_
8.6	606	[1]	οὐκ	_	_
8.6	607	[6]	ἂν	_	_
8.6	608	[1]	δύναιτο	_	_
8.6	609	[1]	ζῇν	_	_
8.6	610	[4]	ὁ	_	_
8.6	611	[1]	ἄνθρωπος	_	_
8.6	612	[24]	.	b	_
8.6	613	[2]	ἰσχύει	_	_
8.6	614	[12]	δ	_	_
8.6	615	[16]	’	b	_
8.6	616	[10]	ἐν	_	_
8.6	617	[10]	τῷ	_	_
8.6	618	[1]	ἐνιαυτῷ	_	_
8.6	619	[1]	τοτὲ	_	_
8.6	620	[7]	μὲν	_	_
8.6	621	[5]	ὁ	_	_
8.6	622	[3]	χειμὼν	_	_
8.6	623	[6]	μάλιστα	_	_
8.6	624	[39]	,	b	_
8.6	625	[2]	τοτὲ	_	_
8.6	626	[13]	δὲ	_	_
8.6	627	[23]	τὸ	_	_
8.6	628	[1]	ἔαρ	_	_
8.6	629	[40]	,	b	_
8.6	630	[3]	τοτὲ	_	_
8.6	631	[14]	δὲ	_	_
8.6	632	[24]	τὸ	_	_
8.6	633	[2]	θέρος	_	_
8.6	634	[41]	,	b	_
8.6	635	[4]	τοτὲ	_	_
8.6	636	[15]	δὲ	_	_
8.6	637	[25]	τὸ	_	_
8.6	638	[4]	φθινόπωρον	_	_
8.6	639	[25]	.	b	_
8.6	640	[2]	οὕτω	_	_
8.6	641	[16]	δὲ	_	_
8.6	642	[37]	καὶ	_	_
8.6	643	[11]	ἐν	_	_
8.6	644	[11]	τῷ	_	_
8.6	645	[3]	ἀνθρώπῳ	_	_
8.6	646	[5]	τοτὲ	_	_
8.6	647	[8]	μὲν	_	_
8.6	648	[26]	τὸ	_	_
8.6	649	[9]	φλέγμα	_	_
8.6	650	[3]	ἰσχύει	_	_
8.6	651	[42]	,	b	_
8.6	652	[6]	τοτὲ	_	_
8.6	653	[17]	δὲ	_	_
8.6	654	[27]	τὸ	_	_
8.6	655	[7]	αἷμα	_	_
8.6	656	[43]	,	b	_
8.6	657	[7]	τοτὲ	_	_
8.6	658	[13]	δ	_	_
8.6	659	[17]	’	b	_
8.6	660	[5]	ἡ	_	_
8.6	661	[5]	χολὴ	_	_
8.6	662	[44]	,	b	_
8.6	663	[1]	πρῶτον	_	_
8.6	664	[9]	μὲν	_	_
8.6	665	[6]	ἡ	_	_
8.6	666	[1]	ξανθὴ	_	_
8.6	667	[45]	,	b	_
8.6	668	[1]	ἔπειτα	_	_
8.6	669	[18]	δὲ	_	_
8.6	670	[7]	ἡ	_	_
8.6	671	[2]	μέλαινα	_	_
8.6	672	[1]	καλεομένη	_	_
8.6	673	[26]	.	b	_
8.6	674	[1]	μαρτύριον	_	_
8.6	675	[19]	δὲ	_	_
8.6	676	[1]	σαφέστατον	_	_
8.6	677	[8]	·	b	_
8.6	678	[3]	εἰ	_	_
8.6	679	[1]	θέλοις	_	_
8.6	680	[12]	τῷ	_	_
8.6	681	[1]	αὐτῷ	_	_
8.6	682	[4]	ἀνθρώπῳ	_	_
8.6	683	[1]	δοῦναι	_	_
8.6	684	[28]	τὸ	_	_
8.6	685	[2]	αὐτὸ	_	_
8.6	686	[1]	φάρμακον	_	_
8.6	687	[1]	τετράκις	_	_
8.6	688	[19]	τοῦ	_	_
8.6	689	[2]	ἐνιαυτοῦ	_	_
8.6	690	[46]	,	b	_
8.6	691	[1]	ἐμεῖται	_	_
8.6	692	[20]	τοῦ	_	_
8.6	693	[10]	μὲν	_	_
8.6	694	[3]	χειμῶνος	_	_
8.6	695	[1]	φλεγματωδέστερα	_	_
8.6	696	[47]	,	b	_
8.6	697	[21]	τοῦ	_	_
8.6	698	[14]	δ	_	_
8.6	699	[18]	’	b	_
8.6	700	[4]	ἦρος	_	_
8.6	701	[1]	ὑγρότερα	_	_
8.6	702	[48]	,	b	_
8.6	703	[22]	τοῦ	_	_
8.6	704	[20]	δὲ	_	_
8.6	705	[4]	θέρεος	_	_
8.6	706	[2]	χολωδέστατα	_	_
8.6	707	[49]	,	b	_
8.6	708	[23]	τοῦ	_	_
8.6	709	[21]	δὲ	_	_
8.6	710	[4]	φθινοπώρου	_	_
8.6	711	[1]	μελάντατα	_	_
8.6	712	[27]	.	b	_
8.6	713	[4]	ταῦτα	_	_
8.6	714	[1]	περὶ	_	_
8.6	715	[6]	τῆς	_	_
8.6	716	[9]	κατὰ	_	_
8.6	717	[1]	τὰς	_	_
8.6	718	[1]	ὥρας	_	_
8.6	719	[1]	διαφορᾶς	_	_
8.6	720	[1]	εἰπὼν	_	_
8.6	721	[6]	ὁ	_	_
8.6	722	[1]	Ἱπποκράτης	_	_
8.6	723	[50]	,	b	_
8.6	724	[1]	ἐδίδαξεν	_	_
8.6	725	[12]	ἐν	_	_
8.6	726	[1]	αὐτοῖς	_	_
8.6	727	[1]	δυνάμει	_	_
8.6	728	[2]	περὶ	_	_
8.6	729	[15]	τῶν	_	_
8.6	730	[1]	ἡλικιῶν	_	_
8.6	731	[38]	καὶ	_	_
8.6	732	[1]	χωρῶν	_	_
8.6	733	[28]	.	b	_
8.6	734	[2]	ἀεὶ	_	_
8.6	735	[10]	γὰρ	_	_
8.6	736	[13]	ἐν	_	_
8.6	737	[1]	ἅπασιν	_	_
8.6	738	[1]	οἷς	_	_
8.6	739	[7]	ἂν	_	_
8.6	740	[1]	ὑφηγῆται	_	_
8.6	741	[1]	καθ	_	_
8.6	742	[19]	’	b	_
8.6	743	[1]	ὁντιναοῦν	_	_
8.6	744	[1]	λόγον	_	_
8.6	745	[1]	ἐπιβλέπειν	_	_
8.6	746	[1]	κελεύει	_	_
8.6	747	[39]	καὶ	_	_
8.6	748	[2]	ὥρην	_	_
8.6	749	[51]	,	b	_
8.6	750	[40]	καὶ	_	_
8.6	751	[1]	χώραν	_	_
8.6	752	[52]	,	b	_
8.6	753	[41]	καὶ	_	_
8.6	754	[1]	ἡλικίην	_	_
8.6	755	[53]	,	b	_
8.6	756	[42]	καὶ	_	_
8.6	757	[1]	ὅ	_	_
8.6	758	[1]	τι	_	_
8.6	759	[22]	δὲ	_	_
8.6	760	[1]	ἐφ	_	_
8.6	761	[20]	’	b	_
8.6	762	[1]	ἑνὸς	_	_
8.6	763	[2]	τούτων	_	_
8.6	764	[1]	ἀκούεις	_	_
8.6	765	[54]	,	b	_
8.6	766	[1]	μεταφέρειν	_	_
8.6	767	[1]	ἀξιῶν	_	_
8.6	768	[1]	σε	_	_
8.6	769	[2]	τοῦτο	_	_
8.6	770	[43]	καὶ	_	_
8.6	771	[2]	ἐπὶ	_	_
8.6	772	[5]	τὰ	_	_
8.6	773	[1]	λοιπὰ	_	_
8.6	774	[1]	δύο	_	_
8.6	775	[2]	καθ	_	_
8.6	776	[21]	’	b	_
8.6	777	[1]	ὁμοιότητα	_	_
8.6	778	[29]	.	b	_
8.6	779	[2]	τὸν	_	_
8.6	780	[1]	αὐτὸν	_	_
8.6	781	[11]	γὰρ	_	_
8.6	782	[2]	λόγον	_	_
8.6	783	[14]	ἐν	_	_
8.6	784	[1]	ἡλικίαις	_	_
8.6	785	[7]	ὁ	_	_
8.6	786	[1]	παῖς	_	_
8.6	787	[2]	ἔχει	_	_
8.6	788	[3]	τῇ	_	_
8.6	789	[24]	τοῦ	_	_
8.6	790	[5]	ἦρος	_	_
8.6	791	[15]	ἐν	_	_
8.6	792	[1]	ὥραις	_	_
8.6	793	[55]	,	b	_
8.6	794	[1]	ὡσαύτως	_	_
8.6	795	[15]	δ	_	_
8.6	796	[22]	’	b	_
8.6	797	[8]	ὁ	_	_
8.6	798	[11]	μὲν	_	_
8.6	799	[1]	νεανίσκος	_	_
8.6	800	[4]	τῇ	_	_
8.6	801	[25]	τοῦ	_	_
8.6	802	[2]	θέρους	_	_
8.6	803	[56]	,	b	_
8.6	804	[9]	ὁ	_	_
8.6	805	[23]	δὲ	_	_
8.6	806	[1]	παρακμάζων	_	_
8.6	807	[5]	τῇ	_	_
8.6	808	[26]	τοῦ	_	_
8.6	809	[5]	φθινοπώρου	_	_
8.6	810	[57]	,	b	_
8.6	811	[44]	καὶ	_	_
8.6	812	[1]	τελευταῖος	_	_
8.6	813	[10]	ὁ	_	_
8.6	814	[1]	γέρων	_	_
8.6	815	[6]	τῇ	_	_
8.6	816	[27]	τοῦ	_	_
8.6	817	[4]	χειμῶνος	_	_
8.6	818	[30]	.	b	_
8.6	819	[1]	ὁμοίως	_	_
8.6	820	[24]	δὲ	_	_
8.6	821	[45]	καὶ	_	_
8.6	822	[16]	τῶν	_	_
8.6	823	[2]	χωρῶν	_	_
8.6	824	[8]	ἡ	_	_
8.6	825	[12]	μὲν	_	_
8.6	826	[1]	εὔκρατος	_	_
8.6	827	[7]	τῇ	_	_
8.6	828	[28]	τοῦ	_	_
8.6	829	[6]	ἦρος	_	_
8.6	830	[58]	,	b	_
8.6	831	[9]	ἡ	_	_
8.6	832	[31]	.	b	_
8.6	833	[25]	δὲ	_	_
8.6	834	[1]	θερμὴ	_	_
8.6	835	[8]	τῇ	_	_
8.6	836	[29]	τοῦ	_	_
8.6	837	[3]	θέρους	_	_
8.6	838	[59]	,	b	_
8.6	839	[10]	ἡ	_	_
8.6	840	[16]	δ	_	_
8.6	841	[23]	’	b	_
8.6	842	[1]	ἀνωμάλως	_	_
8.6	843	[1]	ἔχουσα	_	_
8.6	844	[10]	κατὰ	_	_
8.6	845	[1]	θερμότητα	_	_
8.6	846	[46]	καὶ	_	_
8.6	847	[1]	ψυχρότητα	_	_
8.6	848	[60]	,	b	_
8.6	849	[1]	πλεονεκτοῦσα	_	_
8.6	850	[17]	δ	_	_
8.6	851	[24]	’	b	_
8.6	852	[2]	ὅμως	_	_
8.6	853	[1]	ψυχρότητι	_	_
8.6	854	[47]	καὶ	_	_
8.6	855	[1]	ξηρότητι	_	_
8.6	856	[61]	,	b	_
8.6	857	[9]	τῇ	_	_
8.6	858	[30]	τοῦ	_	_
8.6	859	[6]	φθινοπώρου	_	_
8.6	860	[62]	,	b	_
8.6	861	[11]	ἡ	_	_
8.6	862	[18]	δ	_	_
8.6	863	[25]	’	b	_
8.6	864	[1]	ὑγρὰ	_	_
8.6	865	[48]	καὶ	_	_
8.6	866	[1]	ψυχρὰ	_	_
8.6	867	[10]	τῇ	_	_
8.6	868	[31]	τοῦ	_	_
8.6	869	[5]	χειμῶνος	_	_
8.6	870	[32]	.	b	_
8.6	871	[1]	ταῦτά	_	_
8.6	872	[12]	τε	_	_
8.6	873	[2]	οὖν	_	_
8.6	874	[1]	διδάξας	_	_
8.6	875	[63]	,	b	_
8.6	876	[49]	καὶ	_	_
8.6	877	[2]	πρὸς	_	_
8.6	878	[1]	τούτοις	_	_
8.6	879	[3]	ὅτι	_	_
8.6	880	[6]	τὰ	_	_
8.6	881	[1]	ἐναντία	_	_
8.6	882	[17]	τῶν	_	_
8.6	883	[1]	ἐναντίων	_	_
8.6	884	[3]	ἐστὶν	_	_
8.6	885	[1]	ἰάματα	_	_
8.6	886	[64]	,	b	_
8.6	887	[7]	τῆς	_	_
8.6	888	[11]	κατὰ	_	_
8.6	889	[6]	τὴν	_	_
8.6	890	[1]	τέχνην	_	_
8.6	891	[1]	μεθόδου	_	_
8.6	892	[7]	τὰ	_	_
8.6	893	[1]	στοιχεῖα	_	_
8.6	894	[1]	παρέδωκεν	_	_
8.6	895	[65]	,	b	_
8.6	896	[2]	οἷς	_	_
8.6	897	[1]	ἐφεξῆς	_	_
8.6	898	[8]	τὰ	_	_
8.6	899	[12]	κατὰ	_	_
8.6	900	[2]	τοὺς	_	_
8.6	901	[1]	ἀφορισμοὺς	_	_
8.6	902	[1]	διελθὼν	_	_
8.6	903	[3]	περὶ	_	_
8.6	904	[18]	τῶν	_	_
8.6	905	[1]	πλεοναζόντων	_	_
8.6	906	[3]	καθ	_	_
8.6	907	[26]	’	b	_
8.6	908	[1]	ἑκάστην	_	_
8.6	909	[2]	ὥραν	_	_
8.6	910	[13]	τε	_	_
8.6	911	[50]	καὶ	_	_
8.6	912	[1]	ἡλικίαν	_	_
8.6	913	[1]	νοσημάτων	_	_
8.6	914	[66]	,	b	_
8.6	915	[2]	τὰς	_	_
8.6	916	[1]	οἷον	_	_
8.6	917	[1]	συλλαβὰς	_	_
8.6	918	[3]	ἐπὶ	_	_
8.6	919	[1]	τοῖς	_	_
8.6	920	[1]	στοιχείοις	_	_
8.6	921	[1]	ὑφηγήσατο	_	_
8.6	922	[33]	.	b	_
8.6	923	[1]	παραγράψω	_	_
8.6	924	[1]	δέ	_	_
8.6	925	[1]	σοι	_	_
8.6	926	[51]	καὶ	_	_
8.6	927	[3]	τὰς	_	_
8.6	928	[1]	ῥήσεις	_	_
8.6	929	[4]	αὐτοῦ	_	_
8.6	930	[13]	κατὰ	_	_
8.6	931	[2]	λέξιν	_	_
8.6	932	[1]	ἐχούσας	_	_
8.6	933	[1]	ᾧδε	_	_
8.6	934	[34]	.	b	_
8.6	935	[1]	Νοσήματα	_	_
8.6	936	[26]	δὲ	_	_
8.6	937	[5]	πάντα	_	_
8.6	938	[13]	μὲν	_	_
8.6	939	[16]	ἐν	_	_
8.6	940	[1]	πάσῃσιν	_	_
8.6	941	[1]	ὥρῃσιν	_	_
8.6	942	[4]	γίγνεται	_	_
8.6	943	[67]	,	b	_
8.6	944	[1]	μᾶλλον	_	_
8.6	945	[19]	δ	_	_
8.6	946	[27]	’	b	_
8.6	947	[1]	ἔνια	_	_
8.6	948	[1]	κατ	_	_
8.6	949	[28]	’	b	_
8.6	950	[1]	ἐνίας	_	_
8.6	951	[1]	αὐτῶν	_	_
8.6	952	[52]	καὶ	_	_
8.6	953	[5]	γίγνεται	_	_
8.6	954	[68]	,	b	_
8.6	955	[53]	καὶ	_	_
8.6	956	[1]	παροξύνεται	_	_
8.6	957	[9]	·	b	_
8.6	958	[32]	τοῦ	_	_
8.6	959	[14]	μὲν	_	_
8.6	960	[7]	ἦρος	_	_
8.6	961	[9]	τὰ	_	_
8.6	962	[1]	μελαγχολικὰ	_	_
8.6	963	[69]	,	b	_
8.6	964	[54]	καὶ	_	_
8.6	965	[10]	τὰ	_	_
8.6	966	[1]	μανικὰ	_	_
8.6	967	[70]	,	b	_
8.6	968	[55]	καὶ	_	_
8.6	969	[11]	τὰ	_	_
8.6	970	[1]	ἐπιληπτικὰ	_	_
8.6	971	[71]	,	b	_
8.6	972	[56]	καὶ	_	_
8.6	973	[2]	αἵματος	_	_
8.6	974	[1]	ῥύσιες	_	_
8.6	975	[72]	,	b	_
8.6	976	[57]	καὶ	_	_
8.6	977	[1]	κυνάγχαι	_	_
8.6	978	[73]	,	b	_
8.6	979	[58]	καὶ	_	_
8.6	980	[1]	κόρυζαι	_	_
8.6	981	[74]	,	b	_
8.6	982	[59]	καὶ	_	_
8.6	983	[1]	βράγχοι	_	_
8.6	984	[75]	,	b	_
8.6	985	[60]	καὶ	_	_
8.6	986	[1]	βῆχες	_	_
8.6	987	[76]	,	b	_
8.6	988	[61]	καὶ	_	_
8.6	989	[1]	λέπρα	_	_
8.6	990	[77]	,	b	_
8.6	991	[62]	καὶ	_	_
8.6	992	[1]	λειχῆνες	_	_
8.6	993	[78]	,	b	_
8.6	994	[63]	καὶ	_	_
8.6	995	[1]	ἀλφοὶ	_	_
8.6	996	[79]	,	b	_
8.6	997	[64]	καὶ	_	_
8.6	998	[1]	ἐξανθήσιες	_	_
8.6	999	[1]	ἑλκώδεες	_	_
8.6	1000	[1]	πλεῖσται	_	_
8.6	1001	[80]	,	b	_
8.6	1002	[65]	καὶ	_	_
8.6	1003	[1]	φύματα	_	_
8.6	1004	[81]	,	b	_
8.6	1005	[66]	καὶ	_	_
8.6	1006	[1]	ἀρθριτικά	_	_
8.6	1007	[10]	·	b	_
8.6	1008	[33]	τοῦ	_	_
8.6	1009	[27]	δὲ	_	_
8.6	1010	[5]	θέρεος	_	_
8.6	1011	[1]	ἔνιά	_	_
8.6	1012	[14]	τε	_	_
8.6	1013	[3]	τουτέων	_	_
8.6	1014	[82]	,	b	_
8.6	1015	[67]	καὶ	_	_
8.6	1016	[1]	πυρετοὶ	_	_
8.6	1017	[1]	συνεχέες	_	_
8.6	1018	[68]	καὶ	_	_
8.6	1019	[1]	καῦσοι	_	_
8.6	1020	[83]	,	b	_
8.6	1021	[69]	καὶ	_	_
8.6	1022	[1]	τριταῖοι	_	_
8.6	1023	[2]	πυρετοὶ	_	_
8.6	1024	[84]	,	b	_
8.6	1025	[70]	καὶ	_	_
8.6	1026	[1]	τεταρταῖοι	_	_
8.6	1027	[85]	,	b	_
8.6	1028	[1]	ἔμετοί	_	_
8.6	1029	[15]	τε	_	_
8.6	1030	[71]	καὶ	_	_
8.6	1031	[1]	διάῤῥοιαι	_	_
8.6	1032	[86]	,	b	_
8.6	1033	[72]	καὶ	_	_
8.6	1034	[1]	ὀφθαλμίαι	_	_
8.6	1035	[87]	,	b	_
8.6	1036	[73]	καὶ	_	_
8.6	1037	[1]	ὤτων	_	_
8.6	1038	[1]	πόνοι	_	_
8.6	1039	[88]	,	b	_
8.6	1040	[74]	καὶ	_	_
8.6	1041	[1]	στομάτων	_	_
8.6	1042	[1]	ἑλκώσιες	_	_
8.6	1043	[89]	,	b	_
8.6	1044	[75]	καὶ	_	_
8.6	1045	[1]	σηπεδόνες	_	_
8.6	1046	[1]	αἰδοίων	_	_
8.6	1047	[90]	,	b	_
8.6	1048	[76]	καὶ	_	_
8.6	1049	[1]	ἱδρῶα	_	_
8.6	1050	[11]	·	b	_
8.6	1051	[34]	τοῦ	_	_
8.6	1052	[28]	δὲ	_	_
8.6	1053	[7]	φθινοπώρου	_	_
8.6	1054	[77]	καὶ	_	_
8.6	1055	[19]	τῶν	_	_
8.6	1056	[1]	θερινῶν	_	_
8.6	1057	[12]	τὰ	_	_
8.6	1058	[1]	πολλὰ	_	_
8.6	1059	[91]	,	b	_
8.6	1060	[78]	καὶ	_	_
8.6	1061	[3]	πυρετοὶ	_	_
8.6	1062	[2]	τεταρταῖοι	_	_
8.6	1063	[92]	,	b	_
8.6	1064	[79]	καὶ	_	_
8.6	1065	[1]	πλάνητες	_	_
8.6	1066	[93]	,	b	_
8.6	1067	[80]	καὶ	_	_
8.6	1068	[1]	σπλῆνες	_	_
8.6	1069	[94]	,	b	_
8.6	1070	[1]	ὕδρωπες	_	_
8.6	1071	[95]	,	b	_
8.6	1072	[1]	φθίσιες	_	_
8.6	1073	[96]	,	b	_
8.6	1074	[81]	καὶ	_	_
8.6	1075	[1]	στραγγουρίαι	_	_
8.6	1076	[97]	,	b	_
8.6	1077	[82]	καὶ	_	_
8.6	1078	[1]	λειεντερίαι	_	_
8.6	1079	[98]	,	b	_
8.6	1080	[83]	καὶ	_	_
8.6	1081	[1]	δυσεντερίαι	_	_
8.6	1082	[99]	,	b	_
8.6	1083	[84]	καὶ	_	_
8.6	1084	[1]	συνάγχαι	_	_
8.6	1085	[100]	,	b	_
8.6	1086	[85]	καὶ	_	_
8.6	1087	[1]	ἄσθματα	_	_
8.6	1088	[101]	,	b	_
8.6	1089	[86]	καὶ	_	_
8.6	1090	[1]	εἰλεοὶ	_	_
8.6	1091	[102]	,	b	_
8.6	1092	[87]	καὶ	_	_
8.6	1093	[1]	ἐπιληψίαι	_	_
8.6	1094	[103]	,	b	_
8.6	1095	[88]	καὶ	_	_
8.6	1096	[13]	τὰ	_	_
8.6	1097	[2]	μανικὰ	_	_
8.6	1098	[104]	,	b	_
8.6	1099	[89]	καὶ	_	_
8.6	1100	[14]	τὰ	_	_
8.6	1101	[1]	μελαγχολικά	_	_
8.6	1102	[12]	·	b	_
8.6	1103	[35]	τοῦ	_	_
8.6	1104	[29]	δὲ	_	_
8.6	1105	[6]	χειμῶνος	_	_
8.6	1106	[1]	πλευρίτιδες	_	_
8.6	1107	[105]	,	b	_
8.6	1108	[1]	περιπνευμονίαι	_	_
8.6	1109	[106]	,	b	_
8.6	1110	[2]	κόρυζαι	_	_
8.6	1111	[107]	,	b	_
8.6	1112	[1]	λήθαργαι	_	_
8.6	1113	[108]	,	b	_
8.6	1114	[2]	βράγχοι	_	_
8.6	1115	[109]	,	b	_
8.6	1116	[2]	βῆχες	_	_
8.6	1117	[110]	,	b	_
8.6	1118	[2]	πόνοι	_	_
8.6	1119	[1]	στηθέων	_	_
8.6	1120	[111]	,	b	_
8.6	1121	[1]	πλευρέων	_	_
8.6	1122	[112]	,	b	_
8.6	1123	[1]	ὀσφύος	_	_
8.6	1124	[113]	,	b	_
8.6	1125	[1]	κεφαλαλγίαι	_	_
8.6	1126	[114]	,	b	_
8.6	1127	[1]	ἴλιγγοι	_	_
8.6	1128	[115]	,	b	_
8.6	1129	[1]	ἀποπληξίαι	_	_
8.6	1130	[35]	.	b	_
8.6	1131	[5]	ταῦτα	_	_
8.6	1132	[4]	περὶ	_	_
8.6	1133	[20]	τῶν	_	_
8.6	1134	[1]	ὡρῶν	_	_
8.6	1135	[2]	εἰπὼν	_	_
8.6	1136	[11]	ὁ	_	_
8.6	1137	[2]	Ἱπποκράτης	_	_
8.6	1138	[116]	,	b	_
8.6	1139	[2]	ἐφεξῆς	_	_
8.6	1140	[5]	περὶ	_	_
8.6	1141	[21]	τῶν	_	_
8.6	1142	[2]	ἡλικιῶν	_	_
8.6	1143	[2]	ᾧδε	_	_
8.6	1144	[1]	γράφει	_	_
8.6	1145	[36]	.	b	_
8.6	1146	[17]	ἐν	_	_
8.6	1147	[30]	δὲ	_	_
8.6	1148	[1]	τῇσιν	_	_
8.6	1149	[1]	ἡλικίῃσι	_	_
8.6	1150	[1]	συμβαίνει	_	_
8.6	1151	[3]	τοῖσι	_	_
8.6	1152	[15]	μὲν	_	_
8.6	1153	[1]	μικροῖσι	_	_
8.6	1154	[90]	καὶ	_	_
8.6	1155	[1]	νεογνοῖσι	_	_
8.6	1156	[1]	παιδίοισιν	_	_
8.6	1157	[1]	ἄφθαι	_	_
8.6	1158	[117]	,	b	_
8.6	1159	[1]	ἔμετοι	_	_
8.6	1160	[118]	,	b	_
8.6	1161	[3]	βῆχες	_	_
8.6	1162	[119]	,	b	_
8.6	1163	[1]	ἀγρυπνίαι	_	_
8.6	1164	[120]	,	b	_
8.6	1165	[1]	φόβοι	_	_
8.6	1166	[121]	,	b	_
8.6	1167	[1]	ὀμφαλοῦ	_	_
8.6	1168	[1]	φλεγμοναὶ	_	_
8.6	1169	[122]	,	b	_
8.6	1170	[2]	ὤτων	_	_
8.6	1171	[1]	ὑγρότητες	_	_
8.6	1172	[123]	,	b	_
8.6	1173	[3]	πρὸς	_	_
8.6	1174	[31]	δὲ	_	_
8.6	1175	[29]	τὸ	_	_
8.6	1176	[1]	ὀδοντοφυεῖν	_	_
8.6	1177	[1]	προσάγουσιν	_	_
8.6	1178	[1]	οὔλων	_	_
8.6	1179	[1]	ὀδαξησμοὶ	_	_
8.6	1180	[124]	,	b	_
8.6	1181	[4]	πυρετοὶ	_	_
8.6	1182	[125]	,	b	_
8.6	1183	[1]	σπασμοὶ	_	_
8.6	1184	[126]	,	b	_
8.6	1185	[2]	διάῤῥοιαι	_	_
8.6	1186	[127]	,	b	_
8.6	1187	[91]	καὶ	_	_
8.6	1188	[7]	μάλιστα	_	_
8.6	1189	[2]	ὅταν	_	_
8.6	1190	[1]	ἀνάγωσι	_	_
8.6	1191	[3]	τοὺς	_	_
8.6	1192	[1]	κυνόδοντας	_	_
8.6	1193	[128]	,	b	_
8.6	1194	[92]	καὶ	_	_
8.6	1195	[4]	τοῖσι	_	_
8.6	1196	[1]	παχυτάτοισι	_	_
8.6	1197	[22]	τῶν	_	_
8.6	1198	[1]	παιδίων	_	_
8.6	1199	[93]	καὶ	_	_
8.6	1200	[5]	τοῖσι	_	_
8.6	1201	[1]	κοιλίας	_	_
8.6	1202	[1]	σκληρὰς	_	_
8.6	1203	[1]	ἔχουσι	_	_
8.6	1204	[13]	·	b	_
8.6	1205	[1]	πρεσβυτέροισι	_	_
8.6	1206	[32]	δὲ	_	_
8.6	1207	[1]	γιγνομένοισι	_	_
8.6	1208	[1]	παρίσθμια	_	_
8.6	1209	[129]	,	b	_
8.6	1210	[1]	σπονδύλου	_	_
8.6	1211	[36]	τοῦ	_	_
8.6	1212	[14]	κατὰ	_	_
8.6	1213	[1]	ἰνίον	_	_
8.6	1214	[1]	εἴσω	_	_
8.6	1215	[1]	ὤσιες	_	_
8.6	1216	[130]	,	b	_
8.6	1217	[2]	ἄσθματα	_	_
8.6	1218	[131]	,	b	_
8.6	1219	[1]	λιθιάσιες	_	_
8.6	1220	[132]	,	b	_
8.6	1221	[1]	ἕλμινθες	_	_
8.6	1222	[1]	στρογγύλαι	_	_
8.6	1223	[133]	,	b	_
8.6	1224	[1]	ἀσκαρίδες	_	_
8.6	1225	[134]	,	b	_
8.6	1226	[1]	ἀκροχορδόνες	_	_
8.6	1227	[135]	,	b	_
8.6	1228	[1]	σατυριάσεις	_	_
8.6	1229	[136]	,	b	_
8.6	1230	[1]	χοιράδες	_	_
8.6	1231	[137]	,	b	_
8.6	1232	[2]	στραγγουρίαι	_	_
8.6	1233	[138]	,	b	_
8.6	1234	[94]	καὶ	_	_
8.6	1235	[2]	τἄλλα	_	_
8.6	1236	[2]	φύματα	_	_
8.6	1237	[14]	·	b	_
8.6	1238	[6]	τοῖσι	_	_
8.6	1239	[20]	δ	_	_
8.6	1240	[29]	’	b	_
8.6	1241	[3]	ἔτι	_	_
8.6	1242	[2]	πρεσβυτέροισι	_	_
8.6	1243	[95]	καὶ	_	_
8.6	1244	[4]	πρὸς	_	_
8.6	1245	[7]	τὴν	_	_
8.6	1246	[1]	ἥβην	_	_
8.6	1247	[1]	προσάγουσι	_	_
8.6	1248	[4]	τουτέων	_	_
8.6	1249	[16]	τε	_	_
8.6	1250	[2]	πολλὰ	_	_
8.6	1251	[96]	καὶ	_	_
8.6	1252	[5]	πυρετοὶ	_	_
8.6	1253	[1]	χρόνιοι	_	_
8.6	1254	[2]	μᾶλλον	_	_
8.6	1255	[139]	,	b	_
8.6	1256	[97]	καὶ	_	_
8.6	1257	[3]	ἐκ	_	_
8.6	1258	[2]	ῥινῶν	_	_
8.6	1259	[3]	αἵματος	_	_
8.6	1260	[2]	ῥύσιες	_	_
8.6	1261	[37]	.	b	_
8.6	1262	[15]	τὰ	_	_
8.6	1263	[33]	δὲ	_	_
8.6	1264	[1]	πλεῖστα	_	_
8.6	1265	[7]	τοῖσι	_	_
8.6	1266	[1]	παιδίοισι	_	_
8.6	1267	[1]	πάθεα	_	_
8.6	1268	[1]	κρίνεται	_	_
8.6	1269	[140]	,	b	_
8.6	1270	[16]	τὰ	_	_
8.6	1271	[16]	μὲν	_	_
8.6	1272	[18]	ἐν	_	_
8.6	1273	[1]	τεσσαράκοντα	_	_
8.6	1274	[1]	ἡμέρῃσι	_	_
8.6	1275	[141]	,	b	_
8.6	1276	[17]	τὰ	_	_
8.6	1277	[34]	δὲ	_	_
8.6	1278	[19]	ἐν	_	_
8.6	1279	[1]	ἑπτὰ	_	_
8.6	1280	[1]	μησὶ	_	_
8.6	1281	[142]	,	b	_
8.6	1282	[18]	τὰ	_	_
8.6	1283	[35]	δὲ	_	_
8.6	1284	[20]	ἐν	_	_
8.6	1285	[2]	ἑπτὰ	_	_
8.6	1286	[1]	ἔτεσι	_	_
8.6	1287	[143]	,	b	_
8.6	1288	[19]	τὰ	_	_
8.6	1289	[36]	δὲ	_	_
8.6	1290	[5]	πρὸς	_	_
8.6	1291	[8]	τὴν	_	_
8.6	1292	[2]	ἥβην	_	_
8.6	1293	[2]	προσάγουσιν	_	_
8.6	1294	[38]	.	b	_
8.6	1295	[2]	ὅσα	_	_
8.6	1296	[21]	δ	_	_
8.6	1297	[30]	’	b	_
8.6	1298	[8]	ἂν	_	_
8.6	1299	[1]	διαμείνῃ	_	_
8.6	1300	[8]	τοῖσι	_	_
8.6	1301	[2]	παιδίοισι	_	_
8.6	1302	[144]	,	b	_
8.6	1303	[98]	καὶ	_	_
8.6	1304	[1]	μὴ	_	_
8.6	1305	[1]	ἀπολυθῇ	_	_
8.6	1306	[6]	περὶ	_	_
8.6	1307	[30]	τὸ	_	_
8.6	1308	[1]	ἡβάσκειν	_	_
8.6	1309	[145]	,	b	_
8.6	1310	[1]	ἢ	_	_
8.6	1311	[9]	τοῖσι	_	_
8.6	1312	[1]	θήλεσι	_	_
8.6	1313	[7]	περὶ	_	_
8.6	1314	[4]	τὰς	_	_
8.6	1315	[23]	τῶν	_	_
8.6	1316	[1]	καταμηνίων	_	_
8.6	1317	[1]	ῥήξιας	_	_
8.6	1318	[146]	,	b	_
8.6	1319	[1]	χρονίζειν	_	_
8.6	1320	[1]	εἴωθε	_	_
8.6	1321	[39]	.	b	_
8.6	1322	[10]	τοῖσι	_	_
8.6	1323	[37]	δὲ	_	_
8.6	1324	[1]	νεηνίσκοισιν	_	_
8.6	1325	[4]	αἵματος	_	_
8.6	1326	[1]	πτύσιες	_	_
8.6	1327	[147]	,	b	_
8.6	1328	[2]	φθίσιες	_	_
8.6	1329	[148]	,	b	_
8.6	1330	[6]	πυρετοὶ	_	_
8.6	1331	[1]	ὀξέες	_	_
8.6	1332	[149]	,	b	_
8.6	1333	[2]	ἐπιληψίαι	_	_
8.6	1334	[150]	,	b	_
8.6	1335	[99]	καὶ	_	_
8.6	1336	[3]	τἄλλα	_	_
8.6	1337	[2]	νοσήματα	_	_
8.6	1338	[151]	,	b	_
8.6	1339	[8]	μάλιστα	_	_
8.6	1340	[38]	δὲ	_	_
8.6	1341	[20]	τὰ	_	_
8.6	1342	[1]	εἰρημένα	_	_
8.6	1343	[40]	.	b	_
8.6	1344	[11]	τοῖσι	_	_
8.6	1345	[22]	δ	_	_
8.6	1346	[31]	’	b	_
8.6	1347	[1]	ὑπὲρ	_	_
8.6	1348	[9]	τὴν	_	_
8.6	1349	[2]	ἡλικίην	_	_
8.6	1350	[3]	ταύτην	_	_
8.6	1351	[2]	πλευρίτιδες	_	_
8.6	1352	[152]	,	b	_
8.6	1353	[2]	περιπνευμονίαι	_	_
8.6	1354	[153]	,	b	_
8.6	1355	[1]	λήθαργοι	_	_
8.6	1356	[154]	,	b	_
8.6	1357	[1]	φρενίτιδες	_	_
8.6	1358	[155]	,	b	_
8.6	1359	[2]	καῦσοι	_	_
8.6	1360	[156]	,	b	_
8.6	1361	[3]	διάῤῥοιαι	_	_
8.6	1362	[157]	,	b	_
8.6	1363	[1]	χολέραι	_	_
8.6	1364	[158]	,	b	_
8.6	1365	[2]	δυσεντερίαι	_	_
8.6	1366	[159]	,	b	_
8.6	1367	[1]	αἱμοῤῥοΐδες	_	_
8.6	1368	[41]	.	b	_
8.6	1369	[12]	τοῖσι	_	_
8.6	1370	[39]	δὲ	_	_
8.6	1371	[3]	πρεσβυτέροισι	_	_
8.6	1372	[1]	δύσπνοιαι	_	_
8.6	1373	[160]	,	b	_
8.6	1374	[1]	κατάῤῥοι	_	_
8.6	1375	[1]	βηχώδεες	_	_
8.6	1376	[161]	,	b	_
8.6	1377	[3]	στραγγουρίαι	_	_
8.6	1378	[162]	,	b	_
8.6	1379	[1]	δυσουρίαι	_	_
8.6	1380	[163]	,	b	_
8.6	1381	[1]	ἄρθρων	_	_
8.6	1382	[3]	πόνοι	_	_
8.6	1383	[164]	,	b	_
8.6	1384	[1]	νεφρίτιδες	_	_
8.6	1385	[165]	,	b	_
8.6	1386	[2]	ἴλιγγοι	_	_
8.6	1387	[166]	,	b	_
8.6	1388	[2]	ἀποπληξίαι	_	_
8.6	1389	[167]	,	b	_
8.6	1390	[1]	καχεξίαι	_	_
8.6	1391	[168]	,	b	_
8.6	1392	[1]	ξυσμοὶ	_	_
8.6	1393	[37]	τοῦ	_	_
8.6	1394	[1]	σώματος	_	_
8.6	1395	[169]	,	b	_
8.6	1396	[2]	ἀγρυπνίαι	_	_
8.6	1397	[170]	,	b	_
8.6	1398	[1]	κοιλίης	_	_
8.6	1399	[100]	καὶ	_	_
8.6	1400	[1]	ὀφθαλμῶν	_	_
8.6	1401	[101]	καὶ	_	_
8.6	1402	[3]	ῥινῶν	_	_
8.6	1403	[2]	ὑγρότητες	_	_
8.6	1404	[171]	,	b	_
8.6	1405	[1]	ἀμβλυωπίαι	_	_
8.6	1406	[172]	,	b	_
8.6	1407	[1]	γλαυκώσιες	_	_
8.6	1408	[173]	,	b	_
8.6	1409	[1]	βαρυηκοΐαι	_	_
8.6	1410	[42]	.	b	_
8.6	1411	[4]	ταύτην	_	_
8.6	1412	[10]	τὴν	_	_
8.6	1413	[1]	τάξιν	_	_
8.6	1414	[8]	τῆς	_	_
8.6	1415	[1]	διδασκαλίας	_	_
8.6	1416	[1]	ἐχρῆν	_	_
8.6	1417	[1]	πεποιῆσθαι	_	_
8.6	1418	[3]	τὸν	_	_
8.6	1419	[1]	Πλάτωνα	_	_
8.6	1420	[3]	μᾶλλον	_	_
8.6	1421	[174]	,	b	_
8.6	1422	[1]	εἴ	_	_
8.6	1423	[1]	πέρ	_	_
8.6	1424	[3]	γε	_	_
8.6	1425	[1]	φιλοσόφῳ	_	_
8.6	1426	[1]	προσήκει	_	_
8.6	1427	[31]	τὸ	_	_
8.6	1428	[1]	τάξει	_	_
8.6	1429	[102]	καὶ	_	_
8.6	1430	[1]	μεθόδῳ	_	_
8.6	1431	[1]	χρῆσθαι	_	_
8.6	1432	[103]	καὶ	_	_
8.6	1433	[1]	διδασκαλίᾳ	_	_
8.6	1434	[175]	,	b	_
8.6	1435	[104]	καὶ	_	_
8.6	1436	[4]	μᾶλλον	_	_
8.6	1437	[2]	ἢ	_	_
8.6	1438	[2]	τοῖς	_	_
8.6	1439	[1]	ἰατροῖς	_	_
8.6	1440	[43]	.	b	_
8.6	1441	[3]	ἀλλ	_	_
8.6	1442	[32]	’	b	_
8.6	1443	[1]	ἴσως	_	_
8.6	1444	[2]	οὐκ	_	_
8.6	1445	[1]	ἠδύνατο	_	_
8.6	1446	[8]	περὶ	_	_
8.6	1447	[24]	τῶν	_	_
8.6	1448	[1]	τοιούτων	_	_
8.6	1449	[1]	ἀκριβῶς	_	_
8.6	1450	[1]	διελθεῖν	_	_
8.6	1451	[1]	ἐμπειρίας	_	_
8.6	1452	[1]	δεομένων	_	_
8.6	1453	[176]	,	b	_
8.6	1454	[1]	αὐτὸς	_	_
8.6	1455	[3]	οὐκ	_	_
8.6	1456	[1]	ὢν	_	_
8.6	1457	[1]	τρίβων	_	_
8.6	1458	[25]	τῶν	_	_
8.6	1459	[1]	ἔργων	_	_
8.6	1460	[9]	τῆς	_	_
8.6	1461	[1]	ἰατρικῆς	_	_
8.6	1462	[44]	.	b	_
8.6	1463	[105]	καὶ	_	_
8.6	1464	[15]	κατὰ	_	_
8.6	1465	[3]	τοῦτο	_	_
8.6	1466	[1]	ἐπαινεῖν	_	_
8.6	1467	[2]	αὐτὸν	_	_
8.6	1468	[2]	προσήκει	_	_
8.6	1469	[177]	,	b	_
8.6	1470	[9]	περὶ	_	_
8.6	1471	[1]	ὧν	_	_
8.6	1472	[2]	ἀκριβῶς	_	_
8.6	1473	[4]	οὐκ	_	_
8.6	1474	[1]	ἠπίστατο	_	_
8.6	1475	[1]	μηδ	_	_
8.6	1476	[33]	’	b	_
8.6	1477	[1]	ἐπιχειρήσαντα	_	_
8.6	1478	[1]	λέγειν	_	_
8.6	1479	[45]	.	b	_
8.6	1480	[4]	ἀλλ	_	_
8.6	1481	[34]	’	b	_
8.6	1482	[1]	ἐκεῖνά	_	_
8.6	1483	[4]	γε	_	_
8.6	1484	[1]	δυνατὸν	_	_
8.6	1485	[1]	ἦν	_	_
8.6	1486	[2]	αὐτῷ	_	_
8.6	1487	[1]	παρ	_	_
8.6	1488	[35]	’	b	_
8.6	1489	[2]	αὐτῆς	_	_
8.6	1490	[10]	τῆς	_	_
8.6	1491	[26]	τῶν	_	_
8.6	1492	[1]	πραγμάτων	_	_
8.6	1493	[1]	φύσεως	_	_
8.6	1494	[1]	μεμαθηκέναι	_	_
8.6	1495	[21]	τὰ	_	_
8.6	1496	[1]	λελεγμένα	_	_
8.6	1497	[16]	κατὰ	_	_
8.6	1498	[4]	τοὺς	_	_
8.6	1499	[2]	ἀφορισμοὺς	_	_
8.6	1500	[21]	ἐν	_	_
8.6	1501	[1]	τῇδε	_	_
8.6	1502	[11]	τῇ	_	_
8.6	1503	[1]	ῥήσει	_	_
8.6	1504	[46]	.	b	_
8.6	1505	[17]	κατὰ	_	_
8.6	1506	[40]	δὲ	_	_
8.6	1507	[5]	τὰς	_	_
8.6	1508	[2]	ὥρας	_	_
8.6	1509	[38]	τοῦ	_	_
8.6	1510	[17]	μὲν	_	_
8.6	1511	[8]	ἦρος	_	_
8.6	1512	[106]	καὶ	_	_
8.6	1513	[1]	ἄκρου	_	_
8.6	1514	[39]	τοῦ	_	_
8.6	1515	[6]	θέρεος	_	_
8.6	1516	[4]	οἱ	_	_
8.6	1517	[1]	παῖδες	_	_
8.6	1518	[107]	καὶ	_	_
8.6	1519	[5]	οἱ	_	_
8.6	1520	[3]	τούτων	_	_
8.6	1521	[1]	ἐχόμενοι	_	_
8.6	1522	[2]	τῇσιν	_	_
8.6	1523	[1]	ἡλικίῃσιν	_	_
8.6	1524	[1]	ἄριστά	_	_
8.6	1525	[17]	τε	_	_
8.6	1526	[1]	διάγουσι	_	_
8.6	1527	[108]	καὶ	_	_
8.6	1528	[1]	ὑγιαίνουσι	_	_
8.6	1529	[9]	μάλιστα	_	_
8.6	1530	[15]	·	b	_
8.6	1531	[40]	τοῦ	_	_
8.6	1532	[41]	δὲ	_	_
8.6	1533	[7]	θέρεος	_	_
8.6	1534	[109]	καὶ	_	_
8.6	1535	[41]	τοῦ	_	_
8.6	1536	[8]	φθινοπώρου	_	_
8.6	1537	[1]	μέχρι	_	_
8.6	1538	[1]	μέν	_	_
8.6	1539	[1]	τινος	_	_
8.6	1540	[6]	οἱ	_	_
8.6	1541	[1]	γέροντες	_	_
8.6	1542	[178]	,	b	_
8.6	1543	[32]	τὸ	_	_
8.6	1544	[42]	δὲ	_	_
8.6	1545	[1]	λοιπὸν	_	_
8.6	1546	[110]	καὶ	_	_
8.6	1547	[42]	τοῦ	_	_
8.6	1548	[7]	χειμῶνος	_	_
8.6	1549	[7]	οἱ	_	_
8.6	1550	[1]	μέσοι	_	_
8.6	1551	[3]	τῇσιν	_	_
8.6	1552	[2]	ἡλικίῃσιν	_	_
8.6	1553	[47]	.	b	_
8.6	1554	[6]	ταῦτα	_	_
8.6	1555	[18]	μὲν	_	_
8.6	1556	[3]	οὖν	_	_
8.6	1557	[10]	περὶ	_	_
8.6	1558	[27]	τῶν	_	_
8.6	1559	[1]	εἰρημένων	_	_
8.6	1560	[3]	ἡλικιῶν	_	_
8.6	1561	[2]	ἐφ	_	_
8.6	1562	[36]	’	b	_
8.6	1563	[1]	ἑαυτοῦ	_	_
8.6	1564	[111]	καὶ	_	_
8.6	1565	[28]	τῶν	_	_
8.6	1566	[1]	ὁμοδιαίτων	_	_
8.6	1567	[1]	ἐξετάσαι	_	_
8.6	1568	[1]	τις	_	_
8.6	1569	[1]	δύναται	_	_
8.6	1570	[1]	προήκων	_	_
8.6	1571	[2]	ἤδη	_	_
8.6	1572	[18]	κατὰ	_	_
8.6	1573	[11]	τὴν	_	_
8.6	1574	[2]	ἡλικίαν	_	_
8.6	1575	[179]	,	b	_
8.6	1576	[2]	ὡς	_	_
8.6	1577	[1]	εἰκὸς	_	_
8.6	1578	[2]	ἦν	_	_
8.6	1579	[2]	Πλάτωνα	_	_
8.6	1580	[1]	προήκειν	_	_
8.6	1581	[180]	,	b	_
8.6	1582	[1]	ὅτε	_	_
8.6	1583	[1]	ἔγραφε	_	_
8.6	1584	[4]	τὸν	_	_
8.6	1585	[1]	Τίμαιον	_	_
8.6	1586	[48]	.	b	_
8.6	1587	[1]	ἀμελῶς	_	_
8.6	1588	[4]	οὖν	_	_
8.6	1589	[1]	ἔσχε	_	_
8.6	1590	[1]	περί	_	_
8.6	1591	[18]	τε	_	_
8.6	1592	[12]	τὴν	_	_
8.6	1593	[29]	τῶν	_	_
8.6	1594	[2]	αὐτῶν	_	_
8.6	1595	[4]	τούτων	_	_
8.6	1596	[1]	ἐξέτασιν	_	_
8.6	1597	[181]	,	b	_
8.6	1598	[4]	ἔτι	_	_
8.6	1599	[19]	τε	_	_
8.6	1600	[5]	μᾶλλον	_	_
8.6	1601	[2]	ὧν	_	_
8.6	1602	[1]	ἔγραψεν	_	_
8.6	1603	[12]	ὁ	_	_
8.6	1604	[3]	Ἱπποκράτης	_	_
8.6	1605	[11]	περὶ	_	_
8.6	1606	[30]	τῶν	_	_
8.6	1607	[2]	πλεοναζόντων	_	_
8.6	1608	[2]	νοσημάτων	_	_
8.6	1609	[22]	ἐν	_	_
8.6	1610	[1]	ἑκάστῃ	_	_
8.6	1611	[31]	τῶν	_	_
8.6	1612	[4]	ἡλικιῶν	_	_
8.6	1613	[20]	τε	_	_
8.6	1614	[112]	καὶ	_	_
8.6	1615	[2]	ὡρῶν	_	_
8.6	1616	[182]	,	b	_
8.6	1617	[3]	ὡς	_	_
8.6	1618	[183]	,	b	_
8.6	1619	[1]	εἴγε	_	_
8.6	1620	[1]	προσεσχήκει	_	_
8.6	1621	[5]	τὸν	_	_
8.6	1622	[1]	νοῦν	_	_
8.6	1623	[2]	αὐτοῖς	_	_
8.6	1624	[184]	,	b	_
8.6	1625	[5]	οὐκ	_	_
8.6	1626	[9]	ἂν	_	_
8.6	1627	[1]	ἐγεγράφει	_	_
8.6	1628	[7]	ταῦτα	_	_
8.6	1629	[49]	.	b	_
8.6	1630	[33]	τὸ	_	_
8.6	1631	[19]	μὲν	_	_
8.6	1632	[5]	οὖν	_	_
8.6	1633	[4]	ἐκ	_	_
8.6	1634	[1]	πυρὸς	_	_
8.6	1635	[1]	ὑπερβολῆς	_	_
8.6	1636	[10]	μάλιστα	_	_
8.6	1637	[1]	νοσῆσαν	_	_
8.6	1638	[4]	σῶμα	_	_
8.6	1639	[2]	συνεχῆ	_	_
8.6	1640	[1]	καύματα	_	_
8.6	1641	[113]	καὶ	_	_
8.6	1642	[1]	πυρετοὺς	_	_
8.6	1643	[1]	ἀπεργάζεται	_	_
8.6	1644	[185]	,	b	_
8.6	1645	[34]	τὸ	_	_
8.6	1646	[43]	δὲ	_	_
8.6	1647	[1]	ἐξ	_	_
8.6	1648	[1]	ἀέρος	_	_
8.6	1649	[1]	ἀμφημερινοὺς	_	_
8.6	1650	[186]	,	b	_
8.6	1651	[1]	τριταίους	_	_
8.6	1652	[44]	δὲ	_	_
8.6	1653	[2]	ἐξ	_	_
8.6	1654	[1]	ὕδατος	_	_
8.6	1655	[1]	διὰ	_	_
8.6	1656	[35]	τὸ	_	_
8.6	1657	[1]	νωθέστερον	_	_
8.6	1658	[2]	ἀέρος	_	_
8.6	1659	[114]	καὶ	_	_
8.6	1660	[2]	πυρὸς	_	_
8.6	1661	[3]	αὐτὸ	_	_
8.6	1662	[2]	εἶναι	_	_
8.6	1663	[187]	,	b	_
8.6	1664	[36]	τὸ	_	_
8.6	1665	[45]	δὲ	_	_
8.6	1666	[1]	γῆς	_	_
8.6	1667	[1]	τέταρτον	_	_
8.6	1668	[188]	,	b	_
8.6	1669	[1]	ὂν	_	_
8.6	1670	[1]	νωθέστατον	_	_
8.6	1671	[5]	τούτων	_	_
8.6	1672	[189]	,	b	_
8.6	1673	[23]	ἐν	_	_
8.6	1674	[1]	τετραπλασίαις	_	_
8.6	1675	[1]	περιόδοις	_	_
8.6	1676	[1]	χρόνου	_	_
8.6	1677	[1]	καθαιρόμενον	_	_
8.6	1678	[190]	,	b	_
8.6	1679	[1]	τεταρταίους	_	_
8.6	1680	[2]	πυρετοὺς	_	_
8.6	1681	[1]	ποιῆσαν	_	_
8.6	1682	[1]	ἀπαλλάττεται	_	_
8.6	1683	[1]	μόλις	_	_
8.6	1684	[50]	.	b	_
8.6	1685	[24]	ἐν	_	_
8.6	1686	[1]	τούτῳ	_	_
8.6	1687	[13]	τῷ	_	_
8.6	1688	[1]	λόγῳ	_	_
8.6	1689	[2]	πρῶτον	_	_
8.6	1690	[20]	μὲν	_	_
8.6	1691	[1]	ἡμάρτηκε	_	_
8.6	1692	[19]	κατὰ	_	_
8.6	1693	[22]	τὰ	_	_
8.6	1694	[1]	κοινὰ	_	_
8.6	1695	[2]	στοιχεῖα	_	_
8.6	1696	[1]	ἁπάντων	_	_
8.6	1697	[1]	σωμάτων	_	_
8.6	1698	[191]	,	b	_
8.6	1699	[2]	οὐ	_	_
8.6	1700	[1]	οὐκατὰκατὰ	_	_
8.6	1701	[32]	τῶν	_	_
8.6	1702	[1]	ἐναίμων	_	_
8.6	1703	[1]	ζώων	_	_
8.6	1704	[1]	ποιησάμενος	_	_
8.6	1705	[13]	τὴν	_	_
8.6	1706	[1]	αἰτιολογίαν	_	_
8.6	1707	[33]	τῶν	_	_
8.6	1708	[1]	περιοδικῶν	_	_
8.6	1709	[1]	πυρετῶν	_	_
8.6	1710	[16]	·	b	_
8.6	1711	[2]	ἄμεινον	_	_
8.6	1712	[12]	γὰρ	_	_
8.6	1713	[3]	ἦν	_	_
8.6	1714	[192]	,	b	_
8.6	1715	[1]	ἃ	_	_
8.6	1716	[115]	καὶ	_	_
8.6	1717	[1]	δεῖξαι	_	_
8.6	1718	[1]	δυνάμεθα	_	_
8.6	1719	[20]	κατὰ	_	_
8.6	1720	[37]	τὸ	_	_
8.6	1721	[5]	σῶμα	_	_
8.6	1722	[1]	πλεονάζοντα	_	_
8.6	1723	[193]	,	b	_
8.6	1724	[2]	ταῦτ	_	_
8.6	1725	[37]	’	b	_
8.6	1726	[1]	ἰᾶσθαι	_	_
8.6	1727	[17]	·	b	_
8.6	1728	[1]	δεύτερον	_	_
8.6	1729	[23]	δ	_	_
8.6	1730	[38]	’	b	_
8.6	1731	[194]	,	b	_
8.6	1732	[4]	ὅτι	_	_
8.6	1733	[34]	τῶν	_	_
8.6	1734	[1]	ἀμφημερινῶν	_	_
8.6	1735	[116]	καὶ	_	_
8.6	1736	[1]	τριταίων	_	_
8.6	1737	[2]	πυρετῶν	_	_
8.6	1738	[1]	οὐδ	_	_
8.6	1739	[39]	’	b	_
8.6	1740	[1]	ἐγγὺς	_	_
8.6	1741	[1]	ἧκε	_	_
8.6	1742	[11]	τῆς	_	_
8.6	1743	[1]	ἀληθοῦς	_	_
8.6	1744	[1]	αἰτίας	_	_
8.6	1745	[51]	.	b	_
8.6	1746	[2]	φαίνεται	_	_
8.6	1747	[13]	γὰρ	_	_
8.6	1748	[1]	ἐναργῶς	_	_
8.6	1749	[4]	ἐπὶ	_	_
8.6	1750	[21]	μὲν	_	_
8.6	1751	[35]	τῶν	_	_
8.6	1752	[2]	ἀμφημερινῶν	_	_
8.6	1753	[13]	ὁ	_	_
8.6	1754	[1]	φλεγματώδης	_	_
8.6	1755	[1]	πλεονάζων	_	_
8.6	1756	[1]	χυμὸς	_	_
8.6	1757	[195]	,	b	_
8.6	1758	[1]	ὑγρὸς	_	_
8.6	1759	[117]	καὶ	_	_
8.6	1760	[1]	ψυχρὸς	_	_
8.6	1761	[2]	ὢν	_	_
8.6	1762	[196]	,	b	_
8.6	1763	[5]	ἐπὶ	_	_
8.6	1764	[46]	δὲ	_	_
8.6	1765	[36]	τῶν	_	_
8.6	1766	[2]	τριταίων	_	_
8.6	1767	[14]	ὁ	_	_
8.6	1768	[12]	τῆς	_	_
8.6	1769	[1]	ξανθῆς	_	_
8.6	1770	[2]	χολῆς	_	_
8.6	1771	[52]	.	b	_
8.6	1772	[2]	πάλιν	_	_
8.6	1773	[1]	αὖ	_	_
8.6	1774	[118]	καὶ	_	_
8.6	1775	[1]	οὗτος	_	_
8.6	1776	[1]	ἄκρως	_	_
8.6	1777	[1]	θερμὸς	_	_
8.6	1778	[119]	καὶ	_	_
8.6	1779	[1]	ξηρός	_	_
8.6	1780	[53]	.	b	_
8.6	1781	[1]	ὥστ	_	_
8.6	1782	[40]	’	b	_
8.6	1783	[6]	ἐπὶ	_	_
8.6	1784	[1]	τούτου	_	_
8.6	1785	[22]	μὲν	_	_
8.6	1786	[2]	ἐχρῆν	_	_
8.6	1787	[1]	εἰρῆσθαι	_	_
8.6	1788	[1]	πλεονάζειν	_	_
8.6	1789	[38]	τὸ	_	_
8.6	1790	[43]	τοῦ	_	_
8.6	1791	[3]	πυρὸς	_	_
8.6	1792	[1]	στοιχεῖον	_	_
8.6	1793	[197]	,	b	_
8.6	1794	[1]	ἐπ	_	_
8.6	1795	[41]	’	b	_
8.6	1796	[1]	ἀμφημερινοῦ	_	_
8.6	1797	[47]	δὲ	_	_
8.6	1798	[39]	τὸ	_	_
8.6	1799	[44]	τοῦ	_	_
8.6	1800	[2]	ὕδατος	_	_
8.6	1801	[198]	,	b	_
8.6	1802	[1]	ὥσπερ	_	_
8.6	1803	[25]	ἐν	_	_
8.6	1804	[3]	τοῖς	_	_
8.6	1805	[1]	τεταρταίοις	_	_
8.6	1806	[1]	χυμὸν	_	_
8.6	1807	[23]	μὲν	_	_
8.6	1808	[14]	τὴν	_	_
8.6	1809	[3]	μέλαιναν	_	_
8.6	1810	[4]	χολὴν	_	_
8.6	1811	[199]	,	b	_
8.6	1812	[2]	στοιχεῖον	_	_
8.6	1813	[48]	δὲ	_	_
8.6	1814	[15]	τὴν	_	_
8.6	1815	[1]	γῆν	_	_
8.6	1816	[54]	.	b	_
8.6	1817	[1]	ὅστις	_	_
8.6	1818	[24]	δ	_	_
8.6	1819	[42]	’	b	_
8.6	1820	[1]	ἑκάστου	_	_
8.6	1821	[37]	τῶν	_	_
8.6	1822	[2]	εἰρημένων	_	_
8.6	1823	[3]	ἀκριβῶς	_	_
8.6	1824	[1]	ἐκμαθεῖν	_	_
8.6	1825	[1]	βούλεται	_	_
8.6	1826	[16]	τὴν	_	_
8.6	1827	[5]	φύσιν	_	_
8.6	1828	[200]	,	b	_
8.6	1829	[1]	ἔν	_	_
8.6	1830	[21]	τε	_	_
8.6	1831	[4]	τοῖς	_	_
8.6	1832	[12]	περὶ	_	_
8.6	1833	[1]	κρίσεων	_	_
8.6	1834	[1]	ὑπομνήμασι	_	_
8.6	1835	[1]	κᾀν	_	_
8.6	1836	[5]	τοῖς	_	_
8.6	1837	[13]	περὶ	_	_
8.6	1838	[13]	τῆς	_	_
8.6	1839	[2]	διαφορᾶς	_	_
8.6	1840	[38]	τῶν	_	_
8.6	1841	[3]	πυρετῶν	_	_
8.6	1842	[1]	ἐξειργασμένον	_	_
8.6	1843	[6]	τὸν	_	_
8.6	1844	[3]	λόγον	_	_
8.6	1845	[3]	ἔχει	_	_
8.6	1846	[55]	.	b	_
8.6	1847	[1]	ἐγὼ	_	_
8.6	1848	[25]	δ	_	_
8.6	1849	[43]	’	b	_
8.6	1850	[6]	οὐκ	_	_
8.6	1851	[1]	εἴωθα	_	_
8.6	1852	[1]	πολλάκις	_	_
8.6	1853	[2]	ὑπὲρ	_	_
8.6	1854	[39]	τῶν	_	_
8.6	1855	[3]	αὐτῶν	_	_
8.6	1856	[23]	τὰ	_	_
8.6	1857	[2]	αὐτὰ	_	_
8.6	1858	[1]	γράφειν	_	_
8.6	1859	[201]	,	b	_
8.6	1860	[5]	ἀλλ	_	_
8.6	1861	[44]	’	b	_
8.6	1862	[1]	ἅπαξ	_	_
8.6	1863	[3]	ἢ	_	_
8.6	1864	[120]	καὶ	_	_
8.6	1865	[1]	δὶς	_	_
8.6	1866	[1]	ἐνίοτε	_	_
8.6	1867	[17]	τὴν	_	_
8.6	1868	[1]	ἀπόδειξιν	_	_
8.6	1869	[3]	εἰπὼν	_	_
8.6	1870	[26]	ἐν	_	_
8.6	1871	[6]	τοῖς	_	_
8.6	1872	[1]	ἄλλοις	_	_
8.6	1873	[1]	βιβλίοις	_	_
8.6	1874	[14]	τῷ	_	_
8.6	1875	[1]	συμπεράσματι	_	_
8.6	1876	[14]	τῆς	_	_
8.6	1877	[1]	ἀποδείξεως	_	_
8.6	1878	[1]	χρῶμαι	_	_
8.6	1879	[18]	·	b	_
8.6	1880	[1]	καθάπερ	_	_
8.6	1881	[121]	καὶ	_	_
8.6	1882	[14]	περὶ	_	_
8.6	1883	[45]	τοῦ	_	_
8.6	1884	[1]	τρεῖς	_	_
8.6	1885	[3]	εἶναι	_	_
8.6	1886	[6]	τὰς	_	_
8.6	1887	[1]	ἀρχὰς	_	_
8.6	1888	[40]	τῶν	_	_
8.6	1889	[1]	διοικουσῶν	_	_
8.6	1890	[1]	ἡμᾶς	_	_
8.6	1891	[1]	δυνάμεων	_	_
8.6	1892	[2]	ἅπαξ	_	_
8.6	1893	[1]	ἀποδείξας	_	_
8.6	1894	[27]	ἐν	_	_
8.6	1895	[7]	τοῖς	_	_
8.6	1896	[1]	πρώτοις	_	_
8.6	1897	[2]	βιβλίοις	_	_
8.6	1898	[1]	τῆσδε	_	_
8.6	1899	[15]	τῆς	_	_
8.6	1900	[1]	πραγματείας	_	_
8.6	1901	[202]	,	b	_
8.6	1902	[28]	ἐν	_	_
8.6	1903	[1]	ταῖς	_	_
8.6	1904	[1]	ἄλλαις	_	_
8.6	1905	[1]	ἁπάσαις	_	_
8.6	1906	[3]	ἐξ	_	_
8.6	1907	[1]	ἑτοίμου	_	_
8.6	1908	[1]	λαμβάνω	_	_
8.6	1909	[203]	,	b	_
8.6	1910	[1]	μόνον	_	_
8.6	1911	[1]	ἀναμιμνήσκων	_	_
8.6	1912	[1]	ἐνίοις	_	_
8.6	1913	[204]	,	b	_
8.6	1914	[4]	ὡς	_	_
8.6	1915	[1]	ἀποδέδεικται	_	_
8.6	1916	[56]	.	b	_
8.6	1917	[122]	καὶ	_	_
8.6	1918	[1]	νῦν	_	_
8.6	1919	[1]	γοῦν	_	_
8.6	1920	[1]	ἀρκεῖ	_	_
8.6	1921	[2]	τό	_	_
8.6	1922	[5]	γε	_	_
8.6	1923	[1]	τοσοῦτον	_	_
8.6	1924	[1]	ἀναμνῆσαι	_	_
8.6	1925	[15]	περὶ	_	_
8.6	1926	[41]	τῶν	_	_
8.6	1927	[29]	ἐν	_	_
8.6	1928	[1]	ἐκείνοις	_	_
8.6	1929	[1]	δεδειγμένων	_	_
8.6	1930	[205]	,	b	_
8.6	1931	[5]	ὡς	_	_
8.6	1932	[5]	τοὺς	_	_
8.6	1933	[1]	ὀξυτάτους	_	_
8.6	1934	[22]	τε	_	_
8.6	1935	[123]	καὶ	_	_
8.6	1936	[1]	καυσωδεστάτους	_	_
8.6	1937	[3]	πυρετοὺς	_	_
8.6	1938	[12]	ἡ	_	_
8.6	1939	[2]	ξανθὴ	_	_
8.6	1940	[6]	χολὴ	_	_
8.6	1941	[1]	γεννᾷ	_	_
8.6	1942	[206]	,	b	_
8.6	1943	[124]	καὶ	_	_
8.6	1944	[6]	ὡς	_	_
8.6	1945	[46]	τοῦ	_	_
8.6	1946	[1]	γένους	_	_
8.6	1947	[42]	τῶν	_	_
8.6	1948	[1]	καυσωδῶν	_	_
8.6	1949	[4]	πυρετῶν	_	_
8.6	1950	[6]	ἐστι	_	_
8.6	1951	[125]	καὶ	_	_
8.6	1952	[15]	ὁ	_	_
8.6	1953	[1]	τριταῖος	_	_
8.6	1954	[57]	.	b	_
8.6	1955	[1]	εἴρηται	_	_
8.6	1956	[26]	δ	_	_
8.6	1957	[45]	’	b	_
8.6	1958	[30]	ἐν	_	_
8.6	1959	[2]	ἐκείνοις	_	_
8.6	1960	[13]	ἡ	_	_
8.6	1961	[1]	αἰτία	_	_
8.6	1962	[207]	,	b	_
8.6	1963	[1]	δι	_	_
8.6	1964	[46]	’	b	_
8.6	1965	[1]	ἣν	_	_
8.6	1966	[7]	οὐκ	_	_
8.6	1967	[1]	ἔστι	_	_
8.6	1968	[1]	συνεχὴς	_	_
8.6	1969	[208]	,	b	_
8.6	1970	[2]	ὥσπερ	_	_
8.6	1971	[16]	ὁ	_	_
8.6	1972	[1]	καῦσος	_	_
8.6	1973	[209]	,	b	_
8.6	1974	[1]	ἀλλὰ	_	_
8.6	1975	[1]	διαλείπων	_	_
8.6	1976	[6]	γίγνεται	_	_
8.6	1977	[58]	.	b	_
8.6	1978	[4]	τοῦτο	_	_
8.6	1979	[6]	οὖν	_	_
8.6	1980	[17]	ὁ	_	_
8.6	1981	[1]	Πλάτων	_	_
8.6	1982	[8]	οὐκ	_	_
8.6	1983	[4]	ἀκριβῶς	_	_
8.6	1984	[1]	ἔγνω	_	_
8.6	1985	[16]	τῆς	_	_
8.6	1986	[1]	Ἱπποκράτους	_	_
8.6	1987	[1]	τέχνης	_	_
8.6	1988	[210]	,	b	_
8.6	1989	[2]	καίτοι	_	_
8.6	1990	[1]	πειρώμενος	_	_
8.6	1991	[1]	ἕπεσθαι	_	_
8.6	1992	[1]	τἀνδρὶ	_	_
8.6	1993	[211]	,	b	_
8.6	1994	[126]	καὶ	_	_
8.6	1995	[1]	προσέτι	_	_
8.6	1996	[6]	γε	_	_
8.6	1997	[16]	περὶ	_	_
8.6	1998	[47]	τοῦ	_	_
8.6	1999	[1]	λευκοῦ	_	_
8.6	2000	[3]	φλέγματος	_	_
8.6	2001	[59]	.	b	_
8.6	2002	[40]	τὸ	_	_
8.6	2003	[24]	μὲν	_	_
8.6	2004	[14]	γὰρ	_	_
8.6	2005	[1]	πομφολύγων	_	_
8.6	2006	[1]	ἐναπολαμβανομένων	_	_
8.6	2007	[212]	,	b	_
8.6	2008	[1]	ἀοράτων	_	_
8.6	2009	[25]	μὲν	_	_
8.6	2010	[2]	διὰ	_	_
8.6	2011	[1]	σμικρότητα	_	_
8.6	2012	[213]	,	b	_
8.6	2013	[2]	καθάπερ	_	_
8.6	2014	[2]	αὐτὸς	_	_
8.6	2015	[1]	ἔφη	_	_
8.6	2016	[214]	,	b	_
8.6	2017	[1]	συναπασῶν	_	_
8.6	2018	[49]	δὲ	_	_
8.6	2019	[7]	τὸν	_	_
8.6	2020	[1]	ὄγκον	_	_
8.6	2021	[1]	παρεχομένων	_	_
8.6	2022	[215]	,	b	_
8.6	2023	[1]	ὁρατὸν	_	_
8.6	2024	[1]	γεννᾶσθαι	_	_
8.6	2025	[8]	τὸν	_	_
8.6	2026	[1]	τοιοῦτον	_	_
8.6	2027	[2]	χυμὸν	_	_
8.6	2028	[1]	εὔλογόν	_	_
8.6	2029	[23]	τε	_	_
8.6	2030	[1]	ἅμα	_	_
8.6	2031	[127]	καὶ	_	_
8.6	2032	[1]	πιθανόν	_	_
8.6	2033	[19]	·	b	_
8.6	2034	[41]	τὸ	_	_
8.6	2035	[27]	δ	_	_
8.6	2036	[47]	’	b	_
8.6	2037	[5]	ἐκ	_	_
8.6	2038	[1]	συντήξεως	_	_
8.6	2039	[1]	ἁπαλῆς	_	_
8.6	2040	[1]	σαρκὸς	_	_
8.6	2041	[1]	γενέσθαι	_	_
8.6	2042	[3]	ποτὲ	_	_
8.6	2043	[10]	φλέγμα	_	_
8.6	2044	[43]	τῶν	_	_
8.6	2045	[1]	ἀτοπωτάτων	_	_
8.6	2046	[2]	ἐστὶ	_	_
8.6	2047	[216]	,	b	_
8.6	2048	[1]	πλὴν	_	_
8.6	2049	[2]	εἴ	_	_
8.6	2050	[2]	τις	_	_
8.6	2051	[1]	Πρόδικος	_	_
8.6	2052	[1]	ὑπαλλάττων	_	_
8.6	2053	[1]	τοὔνομα	_	_
8.6	2054	[9]	τὸν	_	_
8.6	2055	[1]	πικρόχολον	_	_
8.6	2056	[3]	χυμὸν	_	_
8.6	2057	[1]	ὀνομάζει	_	_
8.6	2058	[11]	φλέγμα	_	_
8.6	2059	[3]	διὰ	_	_
8.6	2060	[42]	τὸ	_	_
8.6	2061	[1]	νομίζειν	_	_
8.6	2062	[217]	,	b	_
8.6	2063	[2]	ἀπὸ	_	_
8.6	2064	[48]	τοῦ	_	_
8.6	2065	[1]	πεφλέχθαι	_	_
8.6	2066	[18]	τὴν	_	_
8.6	2067	[1]	προσηγορίαν	_	_
8.6	2068	[3]	αὐτῷ	_	_
8.6	2069	[1]	γεγονέναι	_	_
8.6	2070	[60]	.	b	_
8.6	2071	[6]	ἀλλ	_	_
8.6	2072	[48]	’	b	_
8.6	2073	[2]	ὅ	_	_
8.6	2074	[7]	γε	_	_
8.6	2075	[2]	Πλάτων	_	_
8.6	2076	[3]	αὐτὸς	_	_
8.6	2077	[1]	οἶδε	_	_
8.6	2078	[1]	θερμότατον	_	_
8.6	2079	[1]	ὄντα	_	_
8.6	2080	[10]	τὸν	_	_
8.6	2081	[17]	τῆς	_	_
8.6	2082	[1]	τοιαύτης	_	_
8.6	2083	[3]	χολῆς	_	_
8.6	2084	[4]	χυμὸν	_	_
8.6	2085	[31]	ἐν	_	_
8.6	2086	[3]	οἷς	_	_
8.6	2087	[1]	φησιν	_	_
8.6	2088	[20]	·	b	_
8.6	2089	[3]	ὅσα	_	_
8.6	2090	[50]	δὲ	_	_
8.6	2091	[1]	φλεγμαίνειν	_	_
8.6	2092	[1]	λέγεται	_	_
8.6	2093	[49]	τοῦ	_	_
8.6	2094	[2]	σώματος	_	_
8.6	2095	[3]	ἀπὸ	_	_
8.6	2096	[50]	τοῦ	_	_
8.6	2097	[1]	καίεσθαί	_	_
8.6	2098	[24]	τε	_	_
8.6	2099	[128]	καὶ	_	_
8.6	2100	[1]	φλέγεσθαι	_	_
8.6	2101	[4]	διὰ	_	_
8.6	2102	[5]	χολὴν	_	_
8.6	2103	[1]	γέγονε	_	_
8.6	2104	[6]	πάντα	_	_
8.6	2105	[61]	.	b	_
8.6	2106	[129]	καὶ	_	_
8.6	2107	[6]	τούτων	_	_
8.6	2108	[3]	ἐφεξῆς	_	_
8.6	2109	[21]	·	b	_
8.6	2110	[1]	λαμβάνουσα	_	_
8.6	2111	[26]	μὲν	_	_
8.6	2112	[1]	ἀναπνοὴν	_	_
8.6	2113	[1]	ἔξω	_	_
8.6	2114	[1]	παντοίαν	_	_
8.6	2115	[218]	,	b	_
8.6	2116	[1]	ἀναπέμπει	_	_
8.6	2117	[1]	ζέουσα	_	_
8.6	2118	[3]	φύματα	_	_
8.6	2119	[219]	,	b	_
8.6	2120	[1]	καθειργνυμένη	_	_
8.6	2121	[51]	δὲ	_	_
8.6	2122	[1]	ἐντὸς	_	_
8.6	2123	[220]	,	b	_
8.6	2124	[1]	πυρίκαυτα	_	_
8.6	2125	[3]	νοσήματα	_	_
8.6	2126	[3]	πολλὰ	_	_
8.6	2127	[1]	ἐμποιεῖ	_	_
8.6	2128	[22]	·	b	_
8.6	2129	[1]	δῆλος	_	_
8.6	2130	[7]	οὖν	_	_
8.6	2131	[7]	ἐστι	_	_
8.6	2132	[12]	τῇ	_	_
8.6	2133	[1]	συνήθει	_	_
8.6	2134	[1]	προσηγορίᾳ	_	_
8.6	2135	[21]	κατὰ	_	_
8.6	2136	[51]	τοῦ	_	_
8.6	2137	[1]	πικροχόλου	_	_
8.6	2138	[1]	χυμοῦ	_	_
8.6	2139	[1]	χρώμενος	_	_
8.6	2140	[221]	,	b	_
8.6	2141	[3]	ὥσπερ	_	_
8.6	2142	[1]	τοὐπίπαν	_	_
8.6	2143	[4]	ἐστὶν	_	_
8.6	2144	[1]	ξανθὸς	_	_
8.6	2145	[19]	τὴν	_	_
8.6	2146	[1]	χρόαν	_	_
8.6	2147	[23]	·	b	_
8.6	2148	[130]	καὶ	_	_
8.6	2149	[1]	ὠχρὸς	_	_
8.6	2150	[28]	δ	_	_
8.6	2151	[49]	’	b	_
8.6	2152	[2]	ἐνίοτε	_	_
8.6	2153	[7]	γίγνεται	_	_
8.6	2154	[1]	πολλὴν	_	_
8.6	2155	[1]	ὀῤῥώδη	_	_
8.6	2156	[1]	προσλαβὼν	_	_
8.6	2157	[1]	ὑγρότητα	_	_
8.6	2158	[62]	.	b	_
8.6	2159	[131]	καὶ	_	_
8.6	2160	[1]	μέντοι	_	_
8.6	2161	[1]	κᾀξ	_	_
8.6	2162	[5]	αὐτοῦ	_	_
8.6	2163	[52]	τοῦ	_	_
8.6	2164	[1]	προσθεῖναι	_	_
8.6	2165	[15]	τῷ	_	_
8.6	2166	[2]	φλέγεσθαι	_	_
8.6	2167	[5]	διὰ	_	_
8.6	2168	[20]	τὴν	_	_
8.6	2169	[6]	χολὴν	_	_
8.6	2170	[1]	δῆλός	_	_
8.6	2171	[4]	ἐστιν	_	_
8.6	2172	[9]	οὐκ	_	_
8.6	2173	[32]	ἐν	_	_
8.6	2174	[13]	τῇ	_	_
8.6	2175	[2]	προσηγορίᾳ	_	_
8.6	2176	[1]	σφαλλόμενος	_	_
8.6	2177	[222]	,	b	_
8.6	2178	[4]	ὥσπερ	_	_
8.6	2179	[18]	ὁ	_	_
8.6	2180	[2]	Πρόδικος	_	_
8.6	2181	[223]	,	b	_
8.6	2182	[7]	ἀλλ	_	_
8.6	2183	[50]	’	b	_
8.6	2184	[33]	ἐν	_	_
8.6	2185	[14]	τῇ	_	_
8.6	2186	[1]	γνώσει	_	_
8.6	2187	[18]	τῆς	_	_
8.6	2188	[2]	φύσεως	_	_
8.6	2189	[53]	τοῦ	_	_
8.6	2190	[2]	χυμοῦ	_	_
8.6	2191	[63]	.	b	_
8.6	2192	[1]	λέγει	_	_
8.6	2193	[52]	δὲ	_	_
8.6	2194	[17]	περὶ	_	_
8.6	2195	[6]	αὐτοῦ	_	_
8.6	2196	[1]	τόνδε	_	_
8.6	2197	[11]	τὸν	_	_
8.6	2198	[1]	τρόπον	_	_
8.6	2199	[64]	.	b	_
8.6	2200	[43]	τὸ	_	_
8.6	2201	[29]	δ	_	_
8.6	2202	[51]	’	b	_
8.6	2203	[2]	αὖ	_	_
8.6	2204	[1]	μετ	_	_
8.6	2205	[52]	’	b	_
8.6	2206	[3]	ἀέρος	_	_
8.6	2207	[1]	τηκόμενον	_	_
8.6	2208	[6]	ἐκ	_	_
8.6	2209	[1]	νέας	_	_
8.6	2210	[132]	καὶ	_	_
8.6	2211	[2]	ἁπαλῆς	_	_
8.6	2212	[1]	σαρκός	_	_
8.6	2213	[24]	·	b	_
8.6	2214	[2]	τούτου	_	_
8.6	2215	[30]	δ	_	_
8.6	2216	[53]	’	b	_
8.6	2217	[1]	ἀνεμωθέντος	_	_
8.6	2218	[133]	καὶ	_	_
8.6	2219	[1]	ξυμπεριληφθέντος	_	_
8.6	2220	[7]	ὑπὸ	_	_
8.6	2221	[1]	ὑγρότητος	_	_
8.6	2222	[224]	,	b	_
8.6	2223	[134]	καὶ	_	_
8.6	2224	[2]	πομφολύγων	_	_
8.6	2225	[1]	ξυστασῶν	_	_
8.6	2226	[7]	ἐκ	_	_
8.6	2227	[54]	τοῦ	_	_
8.6	2228	[1]	πάθους	_	_
8.6	2229	[3]	τούτου	_	_
8.6	2230	[225]	,	b	_
8.6	2231	[4]	καθ	_	_
8.6	2232	[54]	’	b	_
8.6	2233	[2]	ἑκάστην	_	_
8.6	2234	[27]	μὲν	_	_
8.6	2235	[2]	ἀοράτων	_	_
8.6	2236	[6]	διὰ	_	_
8.6	2237	[2]	σμικρότητα	_	_
8.6	2238	[226]	,	b	_
8.6	2239	[1]	ξυναπασῶν	_	_
8.6	2240	[53]	δὲ	_	_
8.6	2241	[12]	τὸν	_	_
8.6	2242	[2]	ὄγκον	_	_
8.6	2243	[2]	παρεχομένων	_	_
8.6	2244	[2]	ὁρατὸν	_	_
8.6	2245	[1]	χρῶμα	_	_
8.6	2246	[1]	ἐχουσῶν	_	_
8.6	2247	[227]	,	b	_
8.6	2248	[7]	διὰ	_	_
8.6	2249	[21]	τὴν	_	_
8.6	2250	[55]	τοῦ	_	_
8.6	2251	[1]	ἀφροῦ	_	_
8.6	2252	[1]	γένεσιν	_	_
8.6	2253	[1]	ἰδεῖν	_	_
8.6	2254	[1]	λευκόν	_	_
8.6	2255	[65]	.	b	_
8.6	2256	[5]	ταύτην	_	_
8.6	2257	[1]	πᾶσαν	_	_
8.6	2258	[1]	τηκεδόνα	_	_
8.6	2259	[3]	ἁπαλῆς	_	_
8.6	2260	[2]	σαρκὸς	_	_
8.6	2261	[3]	μετὰ	_	_
8.6	2262	[1]	πνεύματος	_	_
8.6	2263	[1]	συμπλακεῖσαν	_	_
8.6	2264	[1]	λευκὸν	_	_
8.6	2265	[4]	εἶναι	_	_
8.6	2266	[12]	φλέγμα	_	_
8.6	2267	[1]	φαμέν	_	_
8.6	2268	[66]	.	b	_
8.6	2269	[135]	καὶ	_	_
8.6	2270	[2]	μετ	_	_
8.6	2271	[55]	’	b	_
8.6	2272	[3]	οὐ	_	_
8.6	2273	[4]	πολλὰ	_	_
8.6	2274	[54]	δὲ	_	_
8.6	2275	[3]	πάλιν	_	_
8.6	2276	[2]	οὕτως	_	_
8.6	2277	[3]	ὑπὲρ	_	_
8.6	2278	[7]	αὐτοῦ	_	_
8.6	2279	[2]	γράφει	_	_
8.6	2280	[25]	·	b	_
8.6	2281	[44]	τὸ	_	_
8.6	2282	[55]	δὲ	_	_
8.6	2283	[2]	λευκὸν	_	_
8.6	2284	[13]	φλέγμα	_	_
8.6	2285	[8]	διὰ	_	_
8.6	2286	[45]	τὸ	_	_
8.6	2287	[44]	τῶν	_	_
8.6	2288	[3]	πομφολύγων	_	_
8.6	2289	[1]	πνεῦμα	_	_
8.6	2290	[1]	χαλεπὸν	_	_
8.6	2291	[1]	ἀποληφθὲν	_	_
8.6	2292	[228]	,	b	_
8.6	2293	[2]	ἔξω	_	_
8.6	2294	[56]	δὲ	_	_
8.6	2295	[56]	τοῦ	_	_
8.6	2296	[3]	σώματος	_	_
8.6	2297	[1]	ἀναπνοὰς	_	_
8.6	2298	[1]	ἴσχον	_	_
8.6	2299	[1]	ἠπιώτερον	_	_
8.6	2300	[28]	μὲν	_	_
8.6	2301	[229]	,	b	_
8.6	2302	[1]	καταποικίλλει	_	_
8.6	2303	[57]	δὲ	_	_
8.6	2304	[46]	τὸ	_	_
8.6	2305	[6]	σῶμα	_	_
8.6	2306	[230]	,	b	_
8.6	2307	[1]	λεύκας	_	_
8.6	2308	[1]	ἀλφούς	_	_
8.6	2309	[25]	τε	_	_
8.6	2310	[136]	καὶ	_	_
8.6	2311	[24]	τὰ	_	_
8.6	2312	[7]	τούτων	_	_
8.6	2313	[1]	ξυγγενῆ	_	_
8.6	2314	[4]	νοσήματα	_	_
8.6	2315	[1]	ἀποτίκτει	_	_
8.6	2316	[67]	.	b	_
8.6	2317	[34]	ἐν	_	_
8.6	2318	[1]	ταύτῃ	_	_
8.6	2319	[29]	μὲν	_	_
8.6	2320	[15]	τῇ	_	_
8.6	2321	[2]	ῥήσει	_	_
8.6	2322	[1]	καλῶς	_	_
8.6	2323	[1]	ἀπεφῄνατο	_	_
8.6	2324	[18]	περὶ	_	_
8.6	2325	[45]	τῶν	_	_
8.6	2326	[1]	γινομένων	_	_
8.6	2327	[4]	ἀπὸ	_	_
8.6	2328	[57]	τοῦ	_	_
8.6	2329	[4]	φλέγματος	_	_
8.6	2330	[1]	παθῶν	_	_
8.6	2331	[26]	·	b	_
8.6	2332	[1]	ἡνίκα	_	_
8.6	2333	[31]	δ	_	_
8.6	2334	[56]	’	b	_
8.6	2335	[1]	ἔλεγεν	_	_
8.6	2336	[1]	ἔμπροσθεν	_	_
8.6	2337	[231]	,	b	_
8.6	2338	[22]	τὴν	_	_
8.6	2339	[2]	πᾶσαν	_	_
8.6	2340	[2]	τηκεδόνα	_	_
8.6	2341	[4]	ἁπαλῆς	_	_
8.6	2342	[3]	σαρκὸς	_	_
8.6	2343	[4]	μετὰ	_	_
8.6	2344	[2]	πνεύματος	_	_
8.6	2345	[2]	συμπλακεῖσαν	_	_
8.6	2346	[3]	λευκὸν	_	_
8.6	2347	[5]	εἶναι	_	_
8.6	2348	[14]	φλέγμα	_	_
8.6	2349	[1]	φαμὲν	_	_
8.6	2350	[232]	,	b	_
8.6	2351	[10]	οὐκ	_	_
8.6	2352	[1]	ὀρθῶς	_	_
8.6	2353	[68]	.	b	_
8.6	2354	[1]	δέδεικται	_	_
8.6	2355	[15]	γὰρ	_	_
8.6	2356	[2]	ἥ	_	_
8.6	2357	[8]	γε	_	_
8.6	2358	[58]	τοῦ	_	_
8.6	2359	[5]	φλέγματος	_	_
8.6	2360	[1]	γένεσις	_	_
8.6	2361	[8]	ἐκ	_	_
8.6	2362	[1]	τροφῆς	_	_
8.6	2363	[3]	φύσει	_	_
8.6	2364	[1]	ψυχροτέρας	_	_
8.6	2365	[1]	ἐνδεῶς	_	_
8.6	2366	[8]	ὑπὸ	_	_
8.6	2367	[19]	τῆς	_	_
8.6	2368	[1]	ἐμφύτου	_	_
8.6	2369	[1]	θερμασίας	_	_
8.6	2370	[1]	κατεργασθείσης	_	_
8.6	2371	[1]	ἀποτελουμένη	_	_
8.6	2372	[69]	.	b	_
8.6	2373	[1]	τηκομένη	_	_
8.6	2374	[58]	δὲ	_	_
8.6	2375	[1]	σὰρξ	_	_
8.6	2376	[1]	ὅμοιόν	_	_
8.6	2377	[2]	τι	_	_
8.6	2378	[1]	ποιεῖ	_	_
8.6	2379	[47]	τὸ	_	_
8.6	2380	[1]	σύντηγμα	_	_
8.6	2381	[16]	τῇ	_	_
8.6	2382	[1]	χρόᾳ	_	_
8.6	2383	[20]	τῆς	_	_
8.6	2384	[1]	ὠχρᾶς	_	_
8.6	2385	[4]	χολῆς	_	_
8.6	2386	[233]	,	b	_
8.6	2387	[7]	ἐπὶ	_	_
8.6	2388	[48]	τὸ	_	_
8.6	2389	[1]	λευκότερον	_	_
8.6	2390	[1]	ῥέπον	_	_
8.6	2391	[234]	,	b	_
8.6	2392	[7]	ὡς	_	_
8.6	2393	[6]	εἶναι	_	_
8.6	2394	[49]	τὸ	_	_
8.6	2395	[1]	καλούμενον	_	_
8.6	2396	[1]	ὕπωχρον	_	_
8.6	2397	[1]	πυῤῥόν	_	_
8.6	2398	[70]	.	b	_
8.6	2399	[2]	ἔστι	_	_
8.6	2400	[59]	δὲ	_	_
8.6	2401	[137]	καὶ	_	_
8.6	2402	[1]	παχύτερον	_	_
8.6	2403	[50]	τὸ	_	_
8.6	2404	[2]	σύντηγμα	_	_
8.6	2405	[5]	τοῦτο	_	_
8.6	2406	[21]	τῆς	_	_
8.6	2407	[2]	ὠχρᾶς	_	_
8.6	2408	[5]	χολῆς	_	_
8.6	2409	[235]	,	b	_
8.6	2410	[138]	καὶ	_	_
8.6	2411	[1]	δυσωδέστερον	_	_
8.6	2412	[236]	,	b	_
8.6	2413	[1]	καί	_	_
8.6	2414	[1]	τινα	_	_
8.6	2415	[1]	γλισχρότητα	_	_
8.6	2416	[2]	πολλάκις	_	_
8.6	2417	[1]	ἔχον	_	_
8.6	2418	[35]	ἐν	_	_
8.6	2419	[1]	ἑαυτῷ	_	_
8.6	2420	[139]	καὶ	_	_
8.6	2421	[1]	λιπαρότητα	_	_
8.6	2422	[71]	.	b	_
8.6	2423	[8]	ταῦτα	_	_
8.6	2424	[30]	μὲν	_	_
8.6	2425	[1]	ἱκανὰ	_	_
8.6	2426	[19]	περὶ	_	_
8.6	2427	[1]	χυμῶν	_	_
8.6	2428	[1]	ἔγνωσται	_	_
8.6	2429	[1]	πρός	_	_
8.6	2430	[9]	γε	_	_
8.6	2431	[51]	τὸ	_	_
8.6	2432	[1]	παρὸν	_	_
8.6	2433	[237]	,	b	_
8.6	2434	[4]	εἰ	_	_
8.6	2435	[1]	μέλλοιμεν	_	_
8.6	2436	[238]	,	b	_
8.6	2437	[1]	ὥς	_	_
8.6	2438	[1]	τινες	_	_
8.6	2439	[46]	τῶν	_	_
8.6	2440	[1]	φίλων	_	_
8.6	2441	[1]	ἀξιοῦσιν	_	_
8.6	2442	[239]	,	b	_
8.6	2443	[1]	ἐξηγεῖσθαι	_	_
8.6	2444	[25]	τὰ	_	_
8.6	2445	[22]	κατὰ	_	_
8.6	2446	[13]	τὸν	_	_
8.6	2447	[2]	Τίμαιον	_	_
8.6	2448	[1]	ἰατρικῶς	_	_
8.6	2449	[2]	εἰρημένα	_	_
8.6	2450	[72]	.	b	_
8.7	1	[1]	Καὶ	_	_
8.7	2	[1]	τὰ	_	_
8.7	3	[1]	λοιπὰ	_	_
8.7	4	[1]	δὲ	_	_
8.7	5	[1]	τῶν	_	_
8.7	6	[1]	κατὰ	_	_
8.7	7	[1]	τὸ	_	_
8.7	8	[1]	βιβλίον	_	_
8.7	9	[1]	λόγων	_	_
8.7	10	[1]	διὰ	_	_
8.7	11	[1]	κεφαλαίων	_	_
8.7	12	[1]	ῥηθήσεται	_	_
8.7	13	[1]	συνόψεως	_	_
8.7	14	[1]	ἕνεκεν	_	_
8.7	15	[1]	,	b	_
8.7	16	[1]	ἐν	_	_
8.7	17	[1]	οἷς	_	_
8.7	18	[1]	τε	_	_
8.7	19	[1]	ὁμολογοῦσιν	_	_
8.7	20	[1]	οἱ	_	_
8.7	21	[1]	ἄνδρες	_	_
8.7	22	[1]	ἀλλήλοις	_	_
8.7	23	[2]	,	b	_
8.7	24	[2]	ἐν	_	_
8.7	25	[1]	οἶς	_	_
8.7	26	[2]	τε	_	_
8.7	27	[1]	διαφέρονται	_	_
8.7	28	[3]	,	b	_
8.7	29	[2]	διὰ	_	_
8.7	30	[1]	μακροτέρων	_	_
8.7	31	[3]	τε	_	_
8.7	32	[2]	κατὰ	_	_
8.7	33	[1]	τὴν	_	_
8.7	34	[1]	ἐσομένην	_	_
8.7	35	[1]	ἡμῖν	_	_
8.7	36	[1]	ἐξήγησιν	_	_
8.7	37	[1]	αὖθις	_	_
8.7	38	[1]	εἰρήσεται	_	_
8.7	39	[1]	.	b	_
8.7	40	[1]	λέγοντος	_	_
8.7	41	[1]	οὖν	_	_
8.7	42	[1]	Ἱπποκράτους	_	_
8.7	43	[1]	ἀεὶ	_	_
8.7	44	[2]	τὸ	_	_
8.7	45	[1]	σύμφυτον	_	_
8.7	46	[1]	θερμὸν	_	_
8.7	47	[1]	αἰτιώτατον	_	_
8.7	48	[1]	εἶναι	_	_
8.7	49	[1]	πάντων	_	_
8.7	50	[2]	τῶν	_	_
8.7	51	[1]	φυσικῶν	_	_
8.7	52	[1]	ἔργων	_	_
8.7	53	[4]	,	b	_
8.7	54	[1]	ὁ	_	_
8.7	55	[1]	Πλάτων	_	_
8.7	56	[1]	οὐ	_	_
8.7	57	[2]	θερμὸν	_	_
8.7	58	[5]	,	b	_
8.7	59	[1]	ἀλλὰ	_	_
8.7	60	[1]	πῦρ	_	_
8.7	61	[1]	ὀνομάζει	_	_
8.7	62	[2]	.	b	_
8.7	63	[1]	ἴδωμεν	_	_
8.7	64	[1]	δ	_	_
8.7	65	[1]	’	b	_
8.7	66	[6]	,	b	_
8.7	67	[1]	ὅπως	_	_
8.7	68	[1]	ὑπ	_	_
8.7	69	[2]	’	b	_
8.7	70	[1]	αὐτοῦ	_	_
8.7	71	[1]	διοικεῖσθαι	_	_
8.7	72	[1]	λέγει	_	_
8.7	73	[2]	τὰ	_	_
8.7	74	[3]	τῶν	_	_
8.7	75	[1]	ζώων	_	_
8.7	76	[1]	σώματα	_	_
8.7	77	[3]	.	b	_
8.7	78	[1]	πᾶν	_	_
8.7	79	[1]	ζῶον	_	_
8.7	80	[1]	πάντως	_	_
8.7	81	[1]	περὶ	_	_
8.7	82	[3]	τὸ	_	_
8.7	83	[1]	αἷμα	_	_
8.7	84	[1]	καὶ	_	_
8.7	85	[1]	τὰς	_	_
8.7	86	[1]	φλέβας	_	_
8.7	87	[1]	αὑτοῦ	_	_
8.7	88	[1]	θερμότητα	_	_
8.7	89	[1]	ἔχει	_	_
8.7	90	[7]	,	b	_
8.7	91	[1]	οἷον	_	_
8.7	92	[3]	ἐν	_	_
8.7	93	[1]	ἑαυτῷ	_	_
8.7	94	[1]	πηγήν	_	_
8.7	95	[1]	τινα	_	_
8.7	96	[1]	ἐνοῦσαν	_	_
8.7	97	[1]	πυρός	_	_
8.7	98	[4]	.	b	_
8.7	99	[1]	πλὴν	_	_
8.7	100	[1]	μὲν	_	_
8.7	101	[2]	οὖν	_	_
8.7	102	[1]	πάντα	_	_
8.7	103	[1]	καλῶς	_	_
8.7	104	[1]	εἶπεν	_	_
8.7	105	[5]	.	b	_
8.7	106	[2]	οὐ	_	_
8.7	107	[1]	γὰρ	_	_
8.7	108	[1]	ἐκ	_	_
8.7	109	[1]	παρατρίψεως	_	_
8.7	110	[1]	τοῦ	_	_
8.7	111	[3]	κατὰ	_	_
8.7	112	[2]	τὰς	_	_
8.7	113	[1]	ἀρτηρίας	_	_
8.7	114	[1]	πνεύματος	_	_
8.7	115	[1]	ἡ	_	_
8.7	116	[1]	θερμασία	_	_
8.7	117	[1]	γεννᾶται	_	_
8.7	118	[4]	κατὰ	_	_
8.7	119	[3]	τὰ	_	_
8.7	120	[4]	τῶν	_	_
8.7	121	[2]	ζώων	_	_
8.7	122	[2]	σώματα	_	_
8.7	123	[8]	,	b	_
8.7	124	[1]	καθάπερ	_	_
8.7	125	[1]	ἐκτὸς	_	_
8.7	126	[1]	ἐπὶ	_	_
8.7	127	[1]	λίθων	_	_
8.7	128	[4]	τε	_	_
8.7	129	[2]	καὶ	_	_
8.7	130	[1]	ξύλων	_	_
8.7	131	[9]	,	b	_
8.7	132	[1]	ἀλλ	_	_
8.7	133	[3]	’	b	_
8.7	134	[1]	ἔμπαλιν	_	_
8.7	135	[1]	ὑπὸ	_	_
8.7	136	[1]	τῆς	_	_
8.7	137	[1]	συμφύτου	_	_
8.7	138	[1]	θερμασίας	_	_
8.7	139	[1]	αἱ	_	_
8.7	140	[1]	κινήσεις	_	_
8.7	141	[1]	αὐτῶν	_	_
8.7	142	[1]	γίνονται	_	_
8.7	143	[6]	.	b	_
8.7	144	[1]	ὅταν	_	_
8.7	145	[3]	οὖν	_	_
8.7	146	[1]	ψυχῇ	_	_
8.7	147	[4]	τὸ	_	_
8.7	148	[1]	σῶμα	_	_
8.7	149	[3]	διὰ	_	_
8.7	150	[1]	κρύος	_	_
8.7	151	[10]	,	b	_
8.7	152	[1]	ἢ	_	_
8.7	153	[1]	φάρμακον	_	_
8.7	154	[11]	,	b	_
8.7	155	[2]	ἢ	_	_
8.7	156	[1]	οὐδενὸς	_	_
8.7	157	[5]	τῶν	_	_
8.7	158	[1]	ἄλλων	_	_
8.7	159	[1]	ἀλλοιουμένου	_	_
8.7	160	[6]	τῶν	_	_
8.7	161	[1]	κατ	_	_
8.7	162	[4]	’	b	_
8.7	163	[1]	αὐτὸ	_	_
8.7	164	[12]	,	b	_
8.7	165	[1]	παύονται	_	_
8.7	166	[2]	μὲν	_	_
8.7	167	[1]	αὐτίκα	_	_
8.7	168	[2]	αἱ	_	_
8.7	169	[7]	τῶν	_	_
8.7	170	[1]	ἀρτηριῶν	_	_
8.7	171	[2]	κινήσεις	_	_
8.7	172	[13]	,	b	_
8.7	173	[1]	αἵ	_	_
8.7	174	[5]	τε	_	_
8.7	175	[5]	κατὰ	_	_
8.7	176	[4]	τὰ	_	_
8.7	177	[1]	νεῦρα	_	_
8.7	178	[3]	καὶ	_	_
8.7	179	[1]	μῦς	_	_
8.7	180	[7]	.	b	_
8.7	181	[3]	οὐ	_	_
8.7	182	[1]	μὴν	_	_
8.7	183	[2]	πυρός	_	_
8.7	184	[1]	γε	_	_
8.7	185	[1]	πηγὴν	_	_
8.7	186	[14]	,	b	_
8.7	187	[2]	ἀλλὰ	_	_
8.7	188	[1]	μᾶλλον	_	_
8.7	189	[1]	ἐμφύτου	_	_
8.7	190	[1]	θερμοῦ	_	_
8.7	191	[1]	βέλτιον	_	_
8.7	192	[1]	ἦν	_	_
8.7	193	[1]	εἰρῆσθαι	_	_
8.7	194	[6]	κατὰ	_	_
8.7	195	[5]	τὰ	_	_
8.7	196	[3]	σώματα	_	_
8.7	197	[1]	ἡμῶν	_	_
8.7	198	[15]	,	b	_
8.7	199	[1]	ὡς	_	_
8.7	200	[1]	Ἱπποκράτης	_	_
8.7	201	[2]	ὀνομάζει	_	_
8.7	202	[4]	διὰ	_	_
8.7	203	[1]	παντός	_	_
8.7	204	[8]	.	b	_
8.7	205	[1]	εἴπερ	_	_
8.7	206	[2]	γὰρ	_	_
8.7	207	[2]	ὑπὸ	_	_
8.7	208	[1]	πυρὸς	_	_
8.7	209	[2]	ἡ	_	_
8.7	210	[1]	πέψις	_	_
8.7	211	[1]	γίνεται	_	_
8.7	212	[8]	τῶν	_	_
8.7	213	[1]	σιτίων	_	_
8.7	214	[16]	,	b	_
8.7	215	[1]	ἥ	_	_
8.7	216	[1]	τ	_	_
8.7	217	[5]	’	b	_
8.7	218	[1]	ἀνάδοσις	_	_
8.7	219	[17]	,	b	_
8.7	220	[2]	ἥ	_	_
8.7	221	[1]	θ	_	_
8.7	222	[6]	’	b	_
8.7	223	[1]	αἱμάτωσις	_	_
8.7	224	[18]	,	b	_
8.7	225	[3]	ἥ	_	_
8.7	226	[6]	τε	_	_
8.7	227	[1]	θρέψις	_	_
8.7	228	[19]	,	b	_
8.7	229	[1]	ἄμεινον	_	_
8.7	230	[1]	ἂν	_	_
8.7	231	[2]	ἐπὶ	_	_
8.7	232	[9]	τῶν	_	_
8.7	233	[1]	πυρεττόντων	_	_
8.7	234	[1]	ὀξέως	_	_
8.7	235	[1]	ἐφαίνετο	_	_
8.7	236	[1]	ταῦτα	_	_
8.7	237	[1]	ἐπιτελούμενα	_	_
8.7	238	[9]	.	b	_
8.7	239	[5]	τὸ	_	_
8.7	240	[2]	δ	_	_
8.7	241	[7]	’	b	_
8.7	242	[1]	ἔμφυτον	_	_
8.7	243	[3]	θερμὸν	_	_
8.7	244	[1]	εὔκρατον	_	_
8.7	245	[2]	εἶναι	_	_
8.7	246	[7]	κατὰ	_	_
8.7	247	[3]	μὲν	_	_
8.7	248	[1]	οὐσίαν	_	_
8.7	249	[4]	ἐν	_	_
8.7	250	[1]	αἵματι	_	_
8.7	251	[4]	καὶ	_	_
8.7	252	[1]	φλέγματι	_	_
8.7	253	[2]	τὴν	_	_
8.7	254	[1]	ὕπαρξιν	_	_
8.7	255	[1]	ἔχον	_	_
8.7	256	[1]	μάλιστα	_	_
8.7	257	[20]	,	b	_
8.7	258	[8]	κατὰ	_	_
8.7	259	[2]	δὲ	_	_
8.7	260	[1]	ποιότητα	_	_
8.7	261	[1]	μικτὸν	_	_
8.7	262	[1]	ὂν	_	_
8.7	263	[1]	εὐκράτως	_	_
8.7	264	[2]	ἐκ	_	_
8.7	265	[1]	θερμότητός	_	_
8.7	266	[7]	τε	_	_
8.7	267	[5]	καὶ	_	_
8.7	268	[1]	ψυχρότητος	_	_
8.7	269	[10]	.	b	_
8.7	270	[1]	ἀσφαλέστερον	_	_
8.7	271	[4]	οὖν	_	_
8.7	272	[2]	ὁ	_	_
8.7	273	[2]	Ἱπποκράτης	_	_
8.7	274	[1]	ἔφη	_	_
8.7	275	[1]	·	b	_
8.7	276	[6]	τὰ	_	_
8.7	277	[1]	αὐξανόμενα	_	_
8.7	278	[1]	πλεῖστον	_	_
8.7	279	[2]	ἔχει	_	_
8.7	280	[6]	τὸ	_	_
8.7	281	[2]	ἔμφυτον	_	_
8.7	282	[1]	θερμόν	_	_
8.7	283	[2]	·	b	_
8.7	284	[1]	πλείστης	_	_
8.7	285	[5]	οὖν	_	_
8.7	286	[1]	δεῖται	_	_
8.7	287	[1]	τροφῆς	_	_
8.7	288	[21]	,	b	_
8.7	289	[1]	εἰ	_	_
8.7	290	[3]	δὲ	_	_
8.7	291	[1]	μὴ	_	_
8.7	292	[22]	,	b	_
8.7	293	[7]	τὸ	_	_
8.7	294	[2]	σῶμα	_	_
8.7	295	[1]	ἀναλίσκεται	_	_
8.7	296	[11]	.	b	_
8.7	297	[1]	γέρουσι	_	_
8.7	298	[3]	δ	_	_
8.7	299	[8]	’	b	_
8.7	300	[1]	ὀλίγον	_	_
8.7	301	[8]	τὸ	_	_
8.7	302	[2]	θερμόν	_	_
8.7	303	[3]	·	b	_
8.7	304	[5]	διὰ	_	_
8.7	305	[1]	τοῦτο	_	_
8.7	306	[1]	ἄρα	_	_
8.7	307	[1]	ὀλίγων	_	_
8.7	308	[1]	ὑπεκκαυμάτων	_	_
8.7	309	[1]	δέονται	_	_
8.7	310	[23]	,	b	_
8.7	311	[3]	ὑπὸ	_	_
8.7	312	[1]	πολλῶν	_	_
8.7	313	[4]	μὲν	_	_
8.7	314	[3]	γὰρ	_	_
8.7	315	[1]	ἀποσβέννυνται	_	_
8.7	316	[12]	.	b	_
8.7	317	[6]	διὰ	_	_
8.7	318	[2]	τοῦτο	_	_
8.7	319	[6]	καὶ	_	_
8.7	320	[2]	οἱ	_	_
8.7	321	[1]	πυρετοὶ	_	_
8.7	322	[1]	τοῖσι	_	_
8.7	323	[1]	γέρουσιν	_	_
8.7	324	[1]	οὐχ	_	_
8.7	325	[1]	ὁμοίως	_	_
8.7	326	[1]	ὀξέες	_	_
8.7	327	[24]	,	b	_
8.7	328	[1]	ψυχρὸν	_	_
8.7	329	[4]	γὰρ	_	_
8.7	330	[9]	τὸ	_	_
8.7	331	[3]	σῶμα	_	_
8.7	332	[13]	.	b	_
8.7	333	[9]	κατὰ	_	_
8.7	334	[1]	τοῦτον	_	_
8.7	335	[6]	οὖν	_	_
8.7	336	[1]	τὸν	_	_
8.7	337	[1]	λόγον	_	_
8.7	338	[1]	κᾀν	_	_
8.7	339	[1]	τῷ	_	_
8.7	340	[2]	περὶ	_	_
8.7	341	[1]	φύσεως	_	_
8.7	342	[1]	ἀνθρώπου	_	_
8.7	343	[1]	τῇ	_	_
8.7	344	[1]	πρώτῃ	_	_
8.7	345	[10]	τῶν	_	_
8.7	346	[1]	ἡλικιῶν	_	_
8.7	347	[2]	τὸν	_	_
8.7	348	[1]	ἄνθρωπον	_	_
8.7	349	[2]	ἔφη	_	_
8.7	350	[1]	θερμότατον	_	_
8.7	351	[1]	ὑπάρχειν	_	_
8.7	352	[2]	αὑτοῦ	_	_
8.7	353	[25]	,	b	_
8.7	354	[2]	καθάπερ	_	_
8.7	355	[1]	ψυχρότατον	_	_
8.7	356	[5]	ἐν	_	_
8.7	357	[2]	τῇ	_	_
8.7	358	[2]	τοῦ	_	_
8.7	359	[1]	γήρως	_	_
8.7	360	[1]	ἐσχάτῃ	_	_
8.7	361	[14]	.	b	_
8.7	362	[2]	οὐχ	_	_
8.7	363	[1]	ἁπλῶς	_	_
8.7	364	[2]	θερμότατον	_	_
8.7	365	[26]	,	b	_
8.7	366	[1]	ὥσπερ	_	_
8.7	367	[6]	ἐν	_	_
8.7	368	[1]	τοῖς	_	_
8.7	369	[1]	καύσοις	_	_
8.7	370	[1]	πυρετοῖς	_	_
8.7	371	[27]	,	b	_
8.7	372	[3]	ἀλλὰ	_	_
8.7	373	[2]	τῷ	_	_
8.7	374	[1]	ἐμφύτῳ	_	_
8.7	375	[1]	θερμῷ	_	_
8.7	376	[3]	θερμότατον	_	_
8.7	377	[1]	εἴπομεν	_	_
8.7	378	[3]	εἶναι	_	_
8.7	379	[10]	τὸ	_	_
8.7	380	[1]	γεγεννημένον	_	_
8.7	381	[1]	ἄρτι	_	_
8.7	382	[1]	παιδίον	_	_
8.7	383	[3]	τῇ	_	_
8.7	384	[1]	οὐσίᾳ	_	_
8.7	385	[15]	.	b	_
8.7	386	[7]	διὰ	_	_
8.7	387	[3]	τοῦτο	_	_
8.7	388	[7]	οὖν	_	_
8.7	389	[7]	ἐν	_	_
8.7	390	[1]	ἀφορισμοῖς	_	_
8.7	391	[1]	πρῶτον	_	_
8.7	392	[5]	μὲν	_	_
8.7	393	[3]	ἔφη	_	_
8.7	394	[4]	·	b	_
8.7	395	[7]	τὰ	_	_
8.7	396	[2]	αὐξανόμενα	_	_
8.7	397	[2]	πλεῖστον	_	_
8.7	398	[3]	ἔχει	_	_
8.7	399	[11]	τὸ	_	_
8.7	400	[3]	ἔμφυτον	_	_
8.7	401	[3]	θερμόν	_	_
8.7	402	[16]	.	b	_
8.7	403	[4]	ἀλλὰ	_	_
8.7	404	[2]	τοῦτον	_	_
8.7	405	[6]	μὲν	_	_
8.7	406	[1]	ἤδη	_	_
8.7	407	[1]	προὔγραψα	_	_
8.7	408	[3]	τὸν	_	_
8.7	409	[1]	ἀφορισμόν	_	_
8.7	410	[17]	.	b	_
8.7	411	[1]	ἄλλα	_	_
8.7	412	[4]	δ	_	_
8.7	413	[9]	’	b	_
8.7	414	[1]	ὁμολογοῦντα	_	_
8.7	415	[1]	αὐτῷ	_	_
8.7	416	[1]	γράφει	_	_
8.7	417	[10]	κατὰ	_	_
8.7	418	[1]	λέξιν	_	_
8.7	419	[1]	οὕτως	_	_
8.7	420	[5]	·	b	_
8.7	421	[3]	αἱ	_	_
8.7	422	[1]	κοιλίαι	_	_
8.7	423	[1]	χειμῶνος	_	_
8.7	424	[7]	καὶ	_	_
8.7	425	[1]	ἦρος	_	_
8.7	426	[1]	θερμόταται	_	_
8.7	427	[1]	φύσει	_	_
8.7	428	[28]	,	b	_
8.7	429	[8]	καὶ	_	_
8.7	430	[1]	ὕπνοι	_	_
8.7	431	[1]	μακρότατοι	_	_
8.7	432	[18]	.	b	_
8.7	433	[8]	ἐν	_	_
8.7	434	[1]	ταύτῃσιν	_	_
8.7	435	[8]	οὖν	_	_
8.7	436	[1]	τῇσιν	_	_
8.7	437	[1]	ὥρῃσι	_	_
8.7	438	[9]	καὶ	_	_
8.7	439	[8]	τὰ	_	_
8.7	440	[1]	προσάρματα	_	_
8.7	441	[1]	πλείω	_	_
8.7	442	[1]	δοτέον	_	_
8.7	443	[6]	·	b	_
8.7	444	[10]	καὶ	_	_
8.7	445	[5]	γὰρ	_	_
8.7	446	[12]	τὸ	_	_
8.7	447	[4]	ἔμφυτον	_	_
8.7	448	[4]	θερμὸν	_	_
8.7	449	[1]	πολὺ	_	_
8.7	450	[29]	,	b	_
8.7	451	[2]	τροφῆς	_	_
8.7	452	[9]	οὖν	_	_
8.7	453	[1]	πλείονος	_	_
8.7	454	[2]	δεῖται	_	_
8.7	455	[19]	.	b	_
8.7	456	[1]	σημεῖον	_	_
8.7	457	[4]	δὲ	_	_
8.7	458	[4]	αἱ	_	_
8.7	459	[1]	ἡλικίαι	_	_
8.7	460	[11]	καὶ	_	_
8.7	461	[3]	οἱ	_	_
8.7	462	[1]	ἀθληταί	_	_
8.7	463	[20]	.	b	_
8.7	464	[13]	τὸ	_	_
8.7	465	[5]	ἔμφυτον	_	_
8.7	466	[5]	θερμὸν	_	_
8.7	467	[4]	ἔφη	_	_
8.7	468	[3]	πλεῖστον	_	_
8.7	469	[4]	εἶναι	_	_
8.7	470	[2]	χειμῶνος	_	_
8.7	471	[30]	,	b	_
8.7	472	[1]	οὗ	_	_
8.7	473	[14]	τὸ	_	_
8.7	474	[1]	ἐπίκτητον	_	_
8.7	475	[3]	ἐπὶ	_	_
8.7	476	[3]	τοῦ	_	_
8.7	477	[1]	θέρους	_	_
8.7	478	[1]	πλεονάζει	_	_
8.7	479	[21]	.	b	_
8.7	480	[1]	μηκύνειν	_	_
8.7	481	[5]	δ	_	_
8.7	482	[10]	’	b	_
8.7	483	[4]	οὐ	_	_
8.7	484	[1]	χρὴ	_	_
8.7	485	[3]	περὶ	_	_
8.7	486	[2]	τῆς	_	_
8.7	487	[1]	γνώμης	_	_
8.7	488	[2]	αὐτοῦ	_	_
8.7	489	[11]	κατὰ	_	_
8.7	490	[1]	τόνδε	_	_
8.7	491	[4]	τὸν	_	_
8.7	492	[2]	λόγον	_	_
8.7	493	[31]	,	b	_
8.7	494	[1]	τοὺς	_	_
8.7	495	[7]	μὲν	_	_
8.7	496	[1]	ἀφορισμοὺς	_	_
8.7	497	[1]	ἐξηγησαμένου	_	_
8.7	498	[1]	δι	_	_
8.7	499	[11]	’	b	_
8.7	500	[1]	ὑπομνημάτων	_	_
8.7	501	[1]	ἑπτὰ	_	_
8.7	502	[32]	,	b	_
8.7	503	[2]	βιβλίον	_	_
8.7	504	[6]	δ	_	_
8.7	505	[12]	’	b	_
8.7	506	[1]	ἄλλο	_	_
8.7	507	[1]	γεγραφότος	_	_
8.7	508	[1]	πρὸς	_	_
8.7	509	[4]	τοῦ	_	_
8.7	510	[1]	Κοΐντου	_	_
8.7	511	[1]	μαθητὴν	_	_
8.7	512	[1]	Λύκον	_	_
8.7	513	[33]	,	b	_
8.7	514	[1]	ὃς	_	_
8.7	515	[5]	οὐ	_	_
8.7	516	[1]	νοήσας	_	_
8.7	517	[34]	,	b	_
8.7	518	[1]	ὁποῖόν	_	_
8.7	519	[1]	τι	_	_
8.7	520	[15]	τὸ	_	_
8.7	521	[6]	ἔμφυτον	_	_
8.7	522	[6]	θερμὸν	_	_
8.7	523	[3]	ὁ	_	_
8.7	524	[3]	Ἱπποκράτης	_	_
8.7	525	[1]	βούλεται	_	_
8.7	526	[35]	,	b	_
8.7	527	[1]	ἀντεῖπε	_	_
8.7	528	[2]	πρὸς	_	_
8.7	529	[2]	τοὺς	_	_
8.7	530	[1]	εἰρημένους	_	_
8.7	531	[1]	ἀρτίως	_	_
8.7	532	[1]	ἀφορισμούς	_	_
8.7	533	[22]	.	b	_
8.7	534	[1]	νῦν	_	_
8.7	535	[10]	οὖν	_	_
8.7	536	[1]	ἀρκέσει	_	_
8.7	537	[3]	τὰς	_	_
8.7	538	[5]	τοῦ	_	_
8.7	539	[1]	Πλάτωνος	_	_
8.7	540	[1]	παραγράψαι	_	_
8.7	541	[1]	ῥήσεις	_	_
8.7	542	[36]	,	b	_
8.7	543	[1]	ἃς	_	_
8.7	544	[9]	ἐν	_	_
8.7	545	[3]	τῷ	_	_
8.7	546	[4]	περὶ	_	_
8.7	547	[3]	τροφῆς	_	_
8.7	548	[1]	ἀναδόσεως	_	_
8.7	549	[1]	λόγῳ	_	_
8.7	550	[12]	κατὰ	_	_
8.7	551	[5]	τὸν	_	_
8.7	552	[1]	Τίμαιον	_	_
8.7	553	[1]	ἔγραψεν	_	_
8.7	554	[7]	·	b	_
8.7	555	[1]	ἄρχεται	_	_
8.7	556	[7]	δ	_	_
8.7	557	[13]	’	b	_
8.7	558	[2]	αὐτῶν	_	_
8.7	559	[1]	ᾧδε	_	_
8.7	560	[23]	.	b	_
8.7	561	[16]	τὸ	_	_
8.7	562	[1]	ἐντεῦθεν	_	_
8.7	563	[2]	ἤδη	_	_
8.7	564	[3]	τὴν	_	_
8.7	565	[1]	ὑδραγωγίαν	_	_
8.7	566	[1]	παρεσκεύασαν	_	_
8.7	567	[1]	τρόπῳ	_	_
8.7	568	[1]	τινὶ	_	_
8.7	569	[1]	τοιῷδε	_	_
8.7	570	[37]	,	b	_
8.7	571	[1]	ὃν	_	_
8.7	572	[1]	κατοψόμεθα	_	_
8.7	573	[1]	ῥᾷον	_	_
8.7	574	[1]	προδιομολογησάμενοι	_	_
8.7	575	[17]	τὸ	_	_
8.7	576	[1]	τοιόνδε	_	_
8.7	577	[8]	·	b	_
8.7	578	[1]	ὅτι	_	_
8.7	579	[2]	πάντα	_	_
8.7	580	[38]	,	b	_
8.7	581	[1]	ὅσα	_	_
8.7	582	[1]	ἐξ	_	_
8.7	583	[1]	ἐλαττόνων	_	_
8.7	584	[1]	συνίσταται	_	_
8.7	585	[39]	,	b	_
8.7	586	[1]	στέγει	_	_
8.7	587	[9]	τὰ	_	_
8.7	588	[1]	μείζω	_	_
8.7	589	[40]	,	b	_
8.7	590	[10]	τὰ	_	_
8.7	591	[8]	δ	_	_
8.7	592	[14]	’	b	_
8.7	593	[3]	ἐκ	_	_
8.7	594	[1]	μειζόνων	_	_
8.7	595	[11]	τὰ	_	_
8.7	596	[1]	σμικρότερα	_	_
8.7	597	[6]	οὐ	_	_
8.7	598	[1]	δύναται	_	_
8.7	599	[24]	.	b	_
8.7	600	[2]	πῦρ	_	_
8.7	601	[5]	δὲ	_	_
8.7	602	[2]	πάντων	_	_
8.7	603	[1]	μερῶν	_	_
8.7	604	[1]	μικρομερέστατον	_	_
8.7	605	[41]	,	b	_
8.7	606	[1]	ὅθεν	_	_
8.7	607	[2]	δι	_	_
8.7	608	[15]	’	b	_
8.7	609	[1]	ὕδατος	_	_
8.7	610	[12]	καὶ	_	_
8.7	611	[1]	γῆς	_	_
8.7	612	[1]	ἀέρος	_	_
8.7	613	[8]	τε	_	_
8.7	614	[13]	καὶ	_	_
8.7	615	[2]	ὅσα	_	_
8.7	616	[4]	ἐκ	_	_
8.7	617	[1]	τούτων	_	_
8.7	618	[2]	συνίσταται	_	_
8.7	619	[1]	διαχωρεῖν	_	_
8.7	620	[42]	,	b	_
8.7	621	[14]	καὶ	_	_
8.7	622	[1]	στέγειν	_	_
8.7	623	[1]	οὐδὲν	_	_
8.7	624	[2]	αὐτὸ	_	_
8.7	625	[2]	δύναται	_	_
8.7	626	[25]	.	b	_
8.7	627	[1]	ταὐτὸν	_	_
8.7	628	[1]	δὴ	_	_
8.7	629	[15]	καὶ	_	_
8.7	630	[5]	περὶ	_	_
8.7	631	[3]	τῆς	_	_
8.7	632	[1]	παρ	_	_
8.7	633	[16]	’	b	_
8.7	634	[2]	ἡμῖν	_	_
8.7	635	[1]	κοιλίας	_	_
8.7	636	[1]	διανοητέον	_	_
8.7	637	[43]	,	b	_
8.7	638	[2]	ὅτι	_	_
8.7	639	[1]	σιτία	_	_
8.7	640	[8]	μὲν	_	_
8.7	641	[16]	καὶ	_	_
8.7	642	[1]	ποτὰ	_	_
8.7	643	[44]	,	b	_
8.7	644	[3]	ὅσα	_	_
8.7	645	[2]	ἂν	_	_
8.7	646	[1]	εἰς	_	_
8.7	647	[1]	αὐτὴν	_	_
8.7	648	[1]	ἐμπέσῃ	_	_
8.7	649	[45]	,	b	_
8.7	650	[2]	στέγει	_	_
8.7	651	[46]	,	b	_
8.7	652	[1]	πνεῦμα	_	_
8.7	653	[6]	δὲ	_	_
8.7	654	[17]	καὶ	_	_
8.7	655	[3]	πῦρ	_	_
8.7	656	[47]	,	b	_
8.7	657	[1]	σμικρομερέστατα	_	_
8.7	658	[1]	ὄντα	_	_
8.7	659	[4]	τῆς	_	_
8.7	660	[1]	αὐτῆς	_	_
8.7	661	[1]	συστάσεως	_	_
8.7	662	[48]	,	b	_
8.7	663	[7]	οὐ	_	_
8.7	664	[3]	δύναται	_	_
8.7	665	[26]	.	b	_
8.7	666	[1]	τούτοις	_	_
8.7	667	[11]	οὖν	_	_
8.7	668	[1]	κατεχρήσατο	_	_
8.7	669	[1]	θεὸς	_	_
8.7	670	[2]	εἰς	_	_
8.7	671	[4]	τὴν	_	_
8.7	672	[5]	ἐκ	_	_
8.7	673	[5]	τῆς	_	_
8.7	674	[2]	κοιλίας	_	_
8.7	675	[4]	ἐπὶ	_	_
8.7	676	[4]	τὰς	_	_
8.7	677	[2]	φλέβας	_	_
8.7	678	[1]	ὑδρείαν	_	_
8.7	679	[49]	,	b	_
8.7	680	[1]	πλέγμα	_	_
8.7	681	[2]	ἐξ	_	_
8.7	682	[2]	ἀέρος	_	_
8.7	683	[18]	καὶ	_	_
8.7	684	[2]	πυρὸς	_	_
8.7	685	[2]	ὂν	_	_
8.7	686	[50]	,	b	_
8.7	687	[2]	οἷον	_	_
8.7	688	[4]	οἱ	_	_
8.7	689	[1]	κύρτοι	_	_
8.7	690	[51]	,	b	_
8.7	691	[1]	ξυνυφῃνάμενος	_	_
8.7	692	[27]	.	b	_
8.7	693	[18]	τὸ	_	_
8.7	694	[9]	μὲν	_	_
8.7	695	[12]	οὖν	_	_
8.7	696	[1]	ἀέρι	_	_
8.7	697	[19]	καὶ	_	_
8.7	698	[1]	πυρὶ	_	_
8.7	699	[1]	χρῆσθαι	_	_
8.7	700	[5]	τὴν	_	_
8.7	701	[1]	φύσιν	_	_
8.7	702	[3]	πρὸς	_	_
8.7	703	[1]	πέψιν	_	_
8.7	704	[4]	τροφῆς	_	_
8.7	705	[52]	,	b	_
8.7	706	[1]	αἱμάτωσίν	_	_
8.7	707	[9]	τε	_	_
8.7	708	[20]	καὶ	_	_
8.7	709	[1]	ἀνάδοσιν	_	_
8.7	710	[1]	ὀρθῶς	_	_
8.7	711	[1]	εἴρηται	_	_
8.7	712	[28]	.	b	_
8.7	713	[19]	τὸ	_	_
8.7	714	[9]	δ	_	_
8.7	715	[17]	’	b	_
8.7	716	[3]	ἐξ	_	_
8.7	717	[3]	αὐτῶν	_	_
8.7	718	[2]	πλέγμα	_	_
8.7	719	[1]	γεγονέναι	_	_
8.7	720	[53]	,	b	_
8.7	721	[21]	καὶ	_	_
8.7	722	[2]	μὴ	_	_
8.7	723	[3]	δι	_	_
8.7	724	[18]	’	b	_
8.7	725	[1]	ὅλων	_	_
8.7	726	[1]	κρᾶσιν	_	_
8.7	727	[54]	,	b	_
8.7	728	[1]	οὐκέτ	_	_
8.7	729	[19]	’	b	_
8.7	730	[1]	ἐπαινῶ	_	_
8.7	731	[55]	,	b	_
8.7	732	[3]	καθάπερ	_	_
8.7	733	[1]	οὐδὲ	_	_
8.7	734	[20]	τὸ	_	_
8.7	735	[4]	πῦρ	_	_
8.7	736	[1]	ὀνομάζειν	_	_
8.7	737	[1]	αὐτὸν	_	_
8.7	738	[56]	,	b	_
8.7	739	[1]	ἐνὸν	_	_
8.7	740	[57]	,	b	_
8.7	741	[2]	ὡς	_	_
8.7	742	[4]	Ἱπποκράτης	_	_
8.7	743	[58]	,	b	_
8.7	744	[7]	ἔμφυτον	_	_
8.7	745	[4]	θερμόν	_	_
8.7	746	[29]	.	b	_
8.7	747	[2]	ἀλλ	_	_
8.7	748	[20]	’	b	_
8.7	749	[1]	ἔοικεν	_	_
8.7	750	[1]	οὕτω	_	_
8.7	751	[1]	καλεῖν	_	_
8.7	752	[59]	,	b	_
8.7	753	[1]	ἀναμιμνήσκειν	_	_
8.7	754	[1]	ἡμᾶς	_	_
8.7	755	[1]	βουλόμενος	_	_
8.7	756	[60]	,	b	_
8.7	757	[3]	ὅτι	_	_
8.7	758	[8]	διὰ	_	_
8.7	759	[6]	τὴν	_	_
8.7	760	[6]	τοῦ	_	_
8.7	761	[3]	πυρὸς	_	_
8.7	762	[1]	μίξιν	_	_
8.7	763	[1]	σὺν	_	_
8.7	764	[2]	τοῖς	_	_
8.7	765	[1]	ἄλλοις	_	_
8.7	766	[1]	στοιχείοις	_	_
8.7	767	[3]	ἡ	_	_
8.7	768	[4]	πρὸς	_	_
8.7	769	[12]	τὰ	_	_
8.7	770	[2]	ἐκτὸς	_	_
8.7	771	[6]	ἐκ	_	_
8.7	772	[7]	τοῦ	_	_
8.7	773	[1]	βάθους	_	_
8.7	774	[1]	φορὰ	_	_
8.7	775	[1]	γίγνεται	_	_
8.7	776	[6]	τῆς	_	_
8.7	777	[13]	κατὰ	_	_
8.7	778	[21]	τὸ	_	_
8.7	779	[4]	σῶμα	_	_
8.7	780	[2]	θερμασίας	_	_
8.7	781	[30]	.	b	_
8.7	782	[1]	φαίνεται	_	_
8.7	783	[1]	γοῦν	_	_
8.7	784	[1]	ποτε	_	_
8.7	785	[22]	καὶ	_	_
8.7	786	[1]	μεταλαμβάνων	_	_
8.7	787	[1]	αὐτὸς	_	_
8.7	788	[3]	εἰς	_	_
8.7	789	[7]	τὴν	_	_
8.7	790	[8]	τοῦ	_	_
8.7	791	[2]	θερμοῦ	_	_
8.7	792	[1]	προσηγορίαν	_	_
8.7	793	[22]	τὸ	_	_
8.7	794	[9]	τοῦ	_	_
8.7	795	[4]	πυρὸς	_	_
8.7	796	[1]	ὄνομα	_	_
8.7	797	[61]	,	b	_
8.7	798	[4]	καθάπερ	_	_
8.7	799	[23]	καὶ	_	_
8.7	800	[14]	κατὰ	_	_
8.7	801	[1]	τήνδε	_	_
8.7	802	[8]	τὴν	_	_
8.7	803	[1]	ῥῆσιν	_	_
8.7	804	[31]	.	b	_
8.7	805	[23]	τὸ	_	_
8.7	806	[7]	θερμὸν	_	_
8.7	807	[2]	δὴ	_	_
8.7	808	[15]	κατὰ	_	_
8.7	809	[2]	φύσιν	_	_
8.7	810	[4]	εἰς	_	_
8.7	811	[9]	τὴν	_	_
8.7	812	[1]	ἑαυτοῦ	_	_
8.7	813	[1]	χώραν	_	_
8.7	814	[1]	ἔξω	_	_
8.7	815	[5]	πρὸς	_	_
8.7	816	[24]	τὸ	_	_
8.7	817	[1]	συγγενὲς	_	_
8.7	818	[1]	ὁμολογητέον	_	_
8.7	819	[1]	ἰέναι	_	_
8.7	820	[32]	.	b	_
8.7	821	[2]	τούτοις	_	_
8.7	822	[10]	δ	_	_
8.7	823	[21]	’	b	_
8.7	824	[1]	ὁμολογεῖ	_	_
8.7	825	[24]	καὶ	_	_
8.7	826	[1]	τάδε	_	_
8.7	827	[33]	.	b	_
8.7	828	[25]	καὶ	_	_
8.7	829	[9]	διὰ	_	_
8.7	830	[2]	ταῦτα	_	_
8.7	831	[3]	δὴ	_	_
8.7	832	[1]	καθ	_	_
8.7	833	[22]	’	b	_
8.7	834	[1]	ὅλον	_	_
8.7	835	[25]	τὸ	_	_
8.7	836	[5]	σῶμα	_	_
8.7	837	[1]	ἅπασι	_	_
8.7	838	[3]	τοῖς	_	_
8.7	839	[1]	ζώοις	_	_
8.7	840	[13]	τὰ	_	_
8.7	841	[7]	τῆς	_	_
8.7	842	[5]	τροφῆς	_	_
8.7	843	[1]	νάματα	_	_
8.7	844	[2]	οὕτως	_	_
8.7	845	[1]	ἐπίῤῥυτα	_	_
8.7	846	[1]	γέγονε	_	_
8.7	847	[34]	.	b	_
8.7	848	[1]	νεότμητα	_	_
8.7	849	[7]	δὲ	_	_
8.7	850	[26]	καὶ	_	_
8.7	851	[1]	ἀπὸ	_	_
8.7	852	[1]	συγγενῶν	_	_
8.7	853	[2]	ὄντα	_	_
8.7	854	[62]	,	b	_
8.7	855	[14]	τὰ	_	_
8.7	856	[10]	μὲν	_	_
8.7	857	[1]	καρπῶν	_	_
8.7	858	[63]	,	b	_
8.7	859	[15]	τὰ	_	_
8.7	860	[8]	δὲ	_	_
8.7	861	[1]	χλόης	_	_
8.7	862	[64]	,	b	_
8.7	863	[1]	ἃ	_	_
8.7	864	[4]	ὁ	_	_
8.7	865	[2]	θεὸς	_	_
8.7	866	[1]	ἐπ	_	_
8.7	867	[23]	’	b	_
8.7	868	[3]	αὐτὸ	_	_
8.7	869	[4]	τοῦτο	_	_
8.7	870	[3]	ἡμῖν	_	_
8.7	871	[1]	ἐφύτευσεν	_	_
8.7	872	[5]	εἶναι	_	_
8.7	873	[1]	τροφὴν	_	_
8.7	874	[65]	,	b	_
8.7	875	[1]	παντοδαπὰ	_	_
8.7	876	[11]	μὲν	_	_
8.7	877	[1]	χρώματα	_	_
8.7	878	[1]	ἴσχει	_	_
8.7	879	[10]	διὰ	_	_
8.7	880	[10]	τὴν	_	_
8.7	881	[1]	σύμμιξιν	_	_
8.7	882	[9]	·	b	_
8.7	883	[4]	ἡ	_	_
8.7	884	[11]	δ	_	_
8.7	885	[24]	’	b	_
8.7	886	[1]	ἐρυθρὰ	_	_
8.7	887	[1]	πλείστη	_	_
8.7	888	[6]	περὶ	_	_
8.7	889	[1]	αὐτὰ	_	_
8.7	890	[1]	χρόα	_	_
8.7	891	[1]	διαθεῖ	_	_
8.7	892	[66]	,	b	_
8.7	893	[8]	τῆς	_	_
8.7	894	[10]	τοῦ	_	_
8.7	895	[5]	πυρὸς	_	_
8.7	896	[1]	τομῆς	_	_
8.7	897	[10]	τε	_	_
8.7	898	[27]	καὶ	_	_
8.7	899	[1]	ἐξομόρξεως	_	_
8.7	900	[10]	ἐν	_	_
8.7	901	[1]	ὑγρῷ	_	_
8.7	902	[1]	δεδημιουργημένης	_	_
8.7	903	[2]	φύσεως	_	_
8.7	904	[67]	,	b	_
8.7	905	[2]	ὅθεν	_	_
8.7	906	[11]	τοῦ	_	_
8.7	907	[16]	κατὰ	_	_
8.7	908	[26]	τὸ	_	_
8.7	909	[6]	σῶμα	_	_
8.7	910	[1]	ῥέοντος	_	_
8.7	911	[27]	τὸ	_	_
8.7	912	[1]	χρῶμα	_	_
8.7	913	[1]	ἔσχεν	_	_
8.7	914	[1]	οἵαν	_	_
8.7	915	[1]	ὄψιν	_	_
8.7	916	[1]	διεληλύθαμεν	_	_
8.7	917	[68]	,	b	_
8.7	918	[1]	ὃ	_	_
8.7	919	[28]	καὶ	_	_
8.7	920	[1]	καλοῦμεν	_	_
8.7	921	[2]	αἷμα	_	_
8.7	922	[35]	.	b	_
8.7	923	[11]	τὴν	_	_
8.7	924	[1]	ἐρυθρὰν	_	_
8.7	925	[1]	χρόαν	_	_
8.7	926	[1]	γεννᾶσθαί	_	_
8.7	927	[1]	φησιν	_	_
8.7	928	[11]	ἐν	_	_
8.7	929	[4]	τῷ	_	_
8.7	930	[2]	αἵματι	_	_
8.7	931	[11]	διὰ	_	_
8.7	932	[12]	τὴν	_	_
8.7	933	[12]	τοῦ	_	_
8.7	934	[6]	πυρὸς	_	_
8.7	935	[1]	ἐξόμορξιν	_	_
8.7	936	[69]	,	b	_
8.7	937	[1]	ὅπερ	_	_
8.7	938	[1]	ἐστὶν	_	_
8.7	939	[3]	οἷον	_	_
8.7	940	[1]	ἐναπόθεσις	_	_
8.7	941	[9]	τῆς	_	_
8.7	942	[3]	αὐτοῦ	_	_
8.7	943	[1]	ποιότητός	_	_
8.7	944	[11]	τε	_	_
8.7	945	[29]	καὶ	_	_
8.7	946	[1]	δυνάμεως	_	_
8.7	947	[36]	.	b	_
8.7	948	[1]	ὥστ	_	_
8.7	949	[25]	’	b	_
8.7	950	[7]	ἐκ	_	_
8.7	951	[1]	κράσεως	_	_
8.7	952	[13]	τοῦ	_	_
8.7	953	[12]	τε	_	_
8.7	954	[1]	πυρώδους	_	_
8.7	955	[1]	στοιχείου	_	_
8.7	956	[30]	καὶ	_	_
8.7	957	[10]	τῆς	_	_
8.7	958	[1]	δεξαμένης	_	_
8.7	959	[1]	ὑγρότητος	_	_
8.7	960	[4]	αὐτὸ	_	_
8.7	961	[2]	γεννᾶσθαί	_	_
8.7	962	[1]	φησι	_	_
8.7	963	[28]	τὸ	_	_
8.7	964	[3]	αἷμα	_	_
8.7	965	[37]	.	b	_
8.7	966	[11]	τῆς	_	_
8.7	967	[12]	δ	_	_
8.7	968	[26]	’	b	_
8.7	969	[2]	ὑγρότητος	_	_
8.7	970	[1]	οὐκ	_	_
8.7	971	[1]	ἀκριβοῦς	_	_
8.7	972	[2]	ὕδατος	_	_
8.7	973	[1]	ὄντος	_	_
8.7	974	[70]	,	b	_
8.7	975	[1]	ἀλλά	_	_
8.7	976	[2]	τι	_	_
8.7	977	[31]	καὶ	_	_
8.7	978	[1]	γεῶδες	_	_
8.7	979	[1]	ἐχούσης	_	_
8.7	980	[71]	,	b	_
8.7	981	[3]	ὡς	_	_
8.7	982	[1]	δηλοῖ	_	_
8.7	983	[29]	τὸ	_	_
8.7	984	[1]	πάχος	_	_
8.7	985	[4]	αὐτοῦ	_	_
8.7	986	[72]	,	b	_
8.7	987	[4]	ἐξ	_	_
8.7	988	[1]	ἁπάντων	_	_
8.7	989	[1]	ἐγεννήθη	_	_
8.7	990	[30]	τὸ	_	_
8.7	991	[4]	αἷμα	_	_
8.7	992	[73]	,	b	_
8.7	993	[1]	προσλαμβάνον	_	_
8.7	994	[5]	ἐξ	_	_
8.7	995	[1]	ἀνάγκης	_	_
8.7	996	[3]	τι	_	_
8.7	997	[32]	καὶ	_	_
8.7	998	[12]	τῆς	_	_
8.7	999	[1]	ἀερώδους	_	_
8.7	1000	[1]	οὐσίας	_	_
8.7	1001	[74]	,	b	_
8.7	1002	[4]	ὡς	_	_
8.7	1003	[12]	ἐν	_	_
8.7	1004	[1]	ἑτέροις	_	_
8.7	1005	[1]	δέδεικται	_	_
8.7	1006	[38]	.	b	_
8.7	1007	[2]	φαίνεται	_	_
8.7	1008	[1]	τοιγαροῦν	_	_
8.7	1009	[2]	κᾀν	_	_
8.7	1010	[3]	τούτοις	_	_
8.7	1011	[5]	ὁ	_	_
8.7	1012	[2]	Πλάτων	_	_
8.7	1013	[1]	ἑπόμενος	_	_
8.7	1014	[5]	τῷ	_	_
8.7	1015	[1]	Ἱπποκράτει	_	_
8.7	1016	[39]	.	b	_
8.7	1017	[31]	τὸ	_	_
8.7	1018	[6]	γὰρ	_	_
8.7	1019	[8]	ἔμφυτον	_	_
8.7	1020	[8]	θερμὸν	_	_
8.7	1021	[1]	αἴτιον	_	_
8.7	1022	[1]	εἶναί	_	_
8.7	1023	[2]	φησι	_	_
8.7	1024	[13]	τῆς	_	_
8.7	1025	[13]	τε	_	_
8.7	1026	[17]	κατὰ	_	_
8.7	1027	[13]	τὴν	_	_
8.7	1028	[1]	γαστέρα	_	_
8.7	1029	[1]	πέψεως	_	_
8.7	1030	[11]	τῶν	_	_
8.7	1031	[2]	σιτίων	_	_
8.7	1032	[33]	καὶ	_	_
8.7	1033	[14]	τῆς	_	_
8.7	1034	[2]	ἐντεῦθεν	_	_
8.7	1035	[5]	εἰς	_	_
8.7	1036	[1]	ἧπάρ	_	_
8.7	1037	[14]	τε	_	_
8.7	1038	[34]	καὶ	_	_
8.7	1039	[3]	φλέβας	_	_
8.7	1040	[2]	ἀναδόσεως	_	_
8.7	1041	[75]	,	b	_
8.7	1042	[35]	καὶ	_	_
8.7	1043	[1]	προσέτι	_	_
8.7	1044	[15]	τῆς	_	_
8.7	1045	[1]	αἱματώσεως	_	_
8.7	1046	[76]	,	b	_
8.7	1047	[36]	καὶ	_	_
8.7	1048	[16]	τῆς	_	_
8.7	1049	[6]	εἰς	_	_
8.7	1050	[2]	ὅλον	_	_
8.7	1051	[32]	τὸ	_	_
8.7	1052	[7]	σῶμα	_	_
8.7	1053	[1]	φορᾶς	_	_
8.7	1054	[15]	τε	_	_
8.7	1055	[37]	καὶ	_	_
8.7	1056	[2]	πέψεως	_	_
8.7	1057	[40]	.	b	_
8.8	1	[1]	Ἐν	_	_
8.8	2	[1]	μέντοι	_	_
8.8	3	[1]	τῇ	_	_
8.8	4	[1]	περὶ	_	_
8.8	5	[1]	ἀναπνοῆς	_	_
8.8	6	[1]	δόξῃ	_	_
8.8	7	[1]	διηνέχθη	_	_
8.8	8	[1]	πρὸς	_	_
8.8	9	[1]	ἑαυτὸν	_	_
8.8	10	[1]	οὐ	_	_
8.8	11	[1]	σμικρὰ	_	_
8.8	12	[1]	,	b	_
8.8	13	[1]	πρῶτον	_	_
8.8	14	[1]	μὲν	_	_
8.8	15	[1]	τῷ	_	_
8.8	16	[1]	διαπνοῆς	_	_
8.8	17	[1]	μᾶλλον	_	_
8.8	18	[1]	αἰτίαν	_	_
8.8	19	[1]	εἰπεῖν	_	_
8.8	20	[2]	,	b	_
8.8	21	[1]	οὐκ	_	_
8.8	22	[2]	ἀναπνοῆς	_	_
8.8	23	[3]	,	b	_
8.8	24	[1]	εἶτ	_	_
8.8	25	[1]	’	b	_
8.8	26	[1]	οὐδὲ	_	_
8.8	27	[1]	ταύτης	_	_
8.8	28	[1]	ἀμέμπτως	_	_
8.8	29	[4]	,	b	_
8.8	30	[1]	ἀναιρεῖ	_	_
8.8	31	[1]	γὰρ	_	_
8.8	32	[1]	ὁλκὴν	_	_
8.8	33	[5]	,	b	_
8.8	34	[1]	ᾗ	_	_
8.8	35	[2]	πρὸς	_	_
8.8	36	[1]	πολλὰ	_	_
8.8	37	[1]	τῶν	_	_
8.8	38	[1]	φυσικῶν	_	_
8.8	39	[1]	ἔργων	_	_
8.8	40	[1]	ὁ	_	_
8.8	41	[1]	Ἱπποκράτης	_	_
8.8	42	[1]	χρῆται	_	_
8.8	43	[1]	.	b	_
8.8	44	[1]	διὰ	_	_
8.8	45	[1]	τοῦτ	_	_
8.8	46	[2]	’	b	_
8.8	47	[1]	ἠναγκάσθη	_	_
8.8	48	[2]	τῶν	_	_
8.8	49	[1]	ἐνεργειῶν	_	_
8.8	50	[1]	ἐνίας	_	_
8.8	51	[2]	οὐκ	_	_
8.8	52	[1]	ἄνευ	_	_
8.8	53	[1]	τῆς	_	_
8.8	54	[1]	ὁλκῆς	_	_
8.8	55	[1]	γιγνομένας	_	_
8.8	56	[1]	εἰς	_	_
8.8	57	[1]	περίωσιν	_	_
8.8	58	[1]	ἀναφέρειν	_	_
8.8	59	[2]	.	b	_
8.8	60	[1]	ὁποῖον	_	_
8.8	61	[2]	μὲν	_	_
8.8	62	[1]	οὖν	_	_
8.8	63	[1]	τι	_	_
8.8	64	[2]	τῆς	_	_
8.8	65	[2]	ὁλκῆς	_	_
8.8	66	[1]	ἐστιν	_	_
8.8	67	[6]	,	b	_
8.8	68	[1]	ἔνεστί	_	_
8.8	69	[1]	σοι	_	_
8.8	70	[1]	μαθεῖν	_	_
8.8	71	[7]	,	b	_
8.8	72	[1]	αὐλίσκου	_	_
8.8	73	[1]	τὸ	_	_
8.8	74	[3]	μὲν	_	_
8.8	75	[1]	ἕτερον	_	_
8.8	76	[1]	στόμιον	_	_
8.8	77	[2]	εἰς	_	_
8.8	78	[1]	ὕδωρ	_	_
8.8	79	[1]	καθέντι	_	_
8.8	80	[8]	,	b	_
8.8	81	[2]	τὸ	_	_
8.8	82	[1]	δὲ	_	_
8.8	83	[2]	ἕτερον	_	_
8.8	84	[1]	περιλαβόντι	_	_
8.8	85	[1]	τοῖς	_	_
8.8	86	[1]	χείλεσιν	_	_
8.8	87	[3]	.	b	_
8.8	88	[1]	ἕλκοντι	_	_
8.8	89	[2]	γὰρ	_	_
8.8	90	[1]	καὶ	_	_
8.8	91	[1]	μυζῶντι	_	_
8.8	92	[2]	διὰ	_	_
8.8	93	[3]	τῶν	_	_
8.8	94	[1]	χειλέων	_	_
8.8	95	[1]	τὸν	_	_
8.8	96	[1]	ἐκ	_	_
8.8	97	[1]	τοῦ	_	_
8.8	98	[2]	αὐλίσκου	_	_
8.8	99	[1]	ἀέρα	_	_
8.8	100	[9]	,	b	_
8.8	101	[1]	συνακολουθήσει	_	_
8.8	102	[3]	τὸ	_	_
8.8	103	[2]	ὕδωρ	_	_
8.8	104	[4]	.	b	_
8.8	105	[1]	οὕτως	_	_
8.8	106	[2]	δὲ	_	_
8.8	107	[2]	καὶ	_	_
8.8	108	[1]	τὰ	_	_
8.8	109	[1]	παιδία	_	_
8.8	110	[2]	τῇ	_	_
8.8	111	[1]	παρενθέσει	_	_
8.8	112	[4]	τῶν	_	_
8.8	113	[2]	χειλέων	_	_
8.8	114	[1]	ἔκ	_	_
8.8	115	[1]	τε	_	_
8.8	116	[5]	τῶν	_	_
8.8	117	[1]	τιτθῶν	_	_
8.8	118	[1]	ἕλκει	_	_
8.8	119	[4]	τὸ	_	_
8.8	120	[1]	γάλα	_	_
8.8	121	[1]	κᾀκ	_	_
8.8	122	[6]	τῶν	_	_
8.8	123	[1]	βομβυλίων	_	_
8.8	124	[5]	τὸ	_	_
8.8	125	[1]	περιεχόμενον	_	_
8.8	126	[1]	ἐν	_	_
8.8	127	[1]	αὐτοῖς	_	_
8.8	128	[1]	ὑγρόν	_	_
8.8	129	[5]	.	b	_
8.8	130	[1]	ἀλλὰ	_	_
8.8	131	[3]	καὶ	_	_
8.8	132	[1]	αἱ	_	_
8.8	133	[7]	τῶν	_	_
8.8	134	[1]	χαλκέων	_	_
8.8	135	[1]	φύσαι	_	_
8.8	136	[1]	διαστελλόμεναι	_	_
8.8	137	[2]	τὸν	_	_
8.8	138	[1]	ἔξωθεν	_	_
8.8	139	[2]	ἀέρα	_	_
8.8	140	[3]	διὰ	_	_
8.8	141	[8]	τῶν	_	_
8.8	142	[1]	προσκειμένων	_	_
8.8	143	[1]	αὐταῖς	_	_
8.8	144	[1]	αὐλίσκων	_	_
8.8	145	[1]	ἕλκουσιν	_	_
8.8	146	[1]	ἐκπληρώσαντα	_	_
8.8	147	[1]	τὴν	_	_
8.8	148	[1]	διαστολήν	_	_
8.8	149	[6]	.	b	_
8.8	150	[1]	ὁμοίως	_	_
8.8	151	[3]	δὲ	_	_
8.8	152	[4]	καὶ	_	_
8.8	153	[2]	τοῖς	_	_
8.8	154	[1]	ζώοις	_	_
8.8	155	[2]	ὁ	_	_
8.8	156	[1]	θώραξ	_	_
8.8	157	[1]	διαστελλόμενος	_	_
8.8	158	[2]	ἕλκει	_	_
8.8	159	[4]	διὰ	_	_
8.8	160	[3]	τῆς	_	_
8.8	161	[1]	τραχείας	_	_
8.8	162	[1]	ἀρτηρίας	_	_
8.8	163	[1]	ἀναγκαίως	_	_
8.8	164	[3]	εἰς	_	_
8.8	165	[6]	τὸ	_	_
8.8	166	[1]	στόμα	_	_
8.8	167	[3]	τὸν	_	_
8.8	168	[2]	ἔξωθεν	_	_
8.8	169	[3]	ἀέρα	_	_
8.8	170	[10]	,	b	_
8.8	171	[1]	μικρὸν	_	_
8.8	172	[1]	δ	_	_
8.8	173	[3]	’	b	_
8.8	174	[1]	ὕστερον	_	_
8.8	175	[1]	ἐκθλίβει	_	_
8.8	176	[1]	συστελλόμενος	_	_
8.8	177	[2]	ἐν	_	_
8.8	178	[1]	ταῖς	_	_
8.8	179	[1]	ἐκπνοαῖς	_	_
8.8	180	[7]	.	b	_
8.8	181	[1]	τουτὶ	_	_
8.8	182	[4]	μὲν	_	_
8.8	183	[7]	τὸ	_	_
8.8	184	[1]	ἔργον	_	_
8.8	185	[3]	ἐν	_	_
8.8	186	[2]	τῷ	_	_
8.8	187	[1]	δευτέρῳ	_	_
8.8	188	[2]	περὶ	_	_
8.8	189	[1]	μυῶν	_	_
8.8	190	[1]	κινήσεως	_	_
8.8	191	[1]	ἐδείχθη	_	_
8.8	192	[1]	προαιρετικόν	_	_
8.8	193	[8]	.	b	_
8.8	194	[8]	τὸ	_	_
8.8	195	[4]	δὲ	_	_
8.8	196	[3]	ἕτερον	_	_
8.8	197	[11]	,	b	_
8.8	198	[1]	ὃ	_	_
8.8	199	[1]	καλεῖται	_	_
8.8	200	[1]	σφυγμὸς	_	_
8.8	201	[12]	,	b	_
8.8	202	[1]	ὑπό	_	_
8.8	203	[2]	τε	_	_
8.8	204	[4]	τῆς	_	_
8.8	205	[1]	καρδίας	_	_
8.8	206	[5]	καὶ	_	_
8.8	207	[9]	τῶν	_	_
8.8	208	[1]	ἀρτηριῶν	_	_
8.8	209	[1]	γίγνεται	_	_
8.8	210	[13]	,	b	_
8.8	211	[3]	τῇ	_	_
8.8	212	[5]	μὲν	_	_
8.8	213	[1]	διαστολῇ	_	_
8.8	214	[5]	διὰ	_	_
8.8	215	[10]	τῶν	_	_
8.8	216	[4]	εἰς	_	_
8.8	217	[9]	τὸ	_	_
8.8	218	[1]	δέρμα	_	_
8.8	219	[1]	καθηκόντων	_	_
8.8	220	[1]	στομάτων	_	_
8.8	221	[1]	ἑλκουσῶν	_	_
8.8	222	[11]	τῶν	_	_
8.8	223	[2]	ἀρτηριῶν	_	_
8.8	224	[5]	εἰς	_	_
8.8	225	[10]	τὸ	_	_
8.8	226	[1]	σῶμα	_	_
8.8	227	[4]	τὸν	_	_
8.8	228	[3]	ἔξωθεν	_	_
8.8	229	[4]	ἀέρα	_	_
8.8	230	[1]	τριῶν	_	_
8.8	231	[1]	ἕνεκα	_	_
8.8	232	[1]	χρειῶν	_	_
8.8	233	[14]	,	b	_
8.8	234	[1]	ἐμψύξεως	_	_
8.8	235	[15]	,	b	_
8.8	236	[1]	ῥιπίσεως	_	_
8.8	237	[16]	,	b	_
8.8	238	[1]	γενέσεως	_	_
8.8	239	[1]	πνεύματος	_	_
8.8	240	[1]	ψυχικοῦ	_	_
8.8	241	[17]	,	b	_
8.8	242	[4]	τῇ	_	_
8.8	243	[1]	συστολῇ	_	_
8.8	244	[2]	δ	_	_
8.8	245	[4]	’	b	_
8.8	246	[1]	ἐκθλιβουσῶν	_	_
8.8	247	[1]	ὅσον	_	_
8.8	248	[1]	αἰθαλῶδες	_	_
8.8	249	[1]	ἢ	_	_
8.8	250	[1]	καπνῶδες	_	_
8.8	251	[1]	ἐγεννήθη	_	_
8.8	252	[1]	κατ	_	_
8.8	253	[5]	’	b	_
8.8	254	[1]	αὐτὰς	_	_
8.8	255	[12]	τῶν	_	_
8.8	256	[1]	χυμῶν	_	_
8.8	257	[9]	.	b	_
8.8	258	[1]	ἀποδέδεικται	_	_
8.8	259	[5]	δὲ	_	_
8.8	260	[3]	περὶ	_	_
8.8	261	[6]	μὲν	_	_
8.8	262	[3]	ἀναπνοῆς	_	_
8.8	263	[4]	ἐν	_	_
8.8	264	[3]	τῷ	_	_
8.8	265	[4]	περὶ	_	_
8.8	266	[1]	χρείας	_	_
8.8	267	[1]	σφυγμῶν	_	_
8.8	268	[10]	.	b	_
8.8	269	[1]	ὅτι	_	_
8.8	270	[3]	δ	_	_
8.8	271	[6]	’	b	_
8.8	272	[3]	ὁ	_	_
8.8	273	[2]	θώραξ	_	_
8.8	274	[2]	διαστελλόμενος	_	_
8.8	275	[3]	ἕλκει	_	_
8.8	276	[5]	τὸν	_	_
8.8	277	[4]	ἔξωθεν	_	_
8.8	278	[5]	ἀέρα	_	_
8.8	279	[18]	,	b	_
8.8	280	[1]	κατὰ	_	_
8.8	281	[2]	τὰ	_	_
8.8	282	[5]	περὶ	_	_
8.8	283	[1]	θώρακος	_	_
8.8	284	[6]	καὶ	_	_
8.8	285	[1]	πνεύμονος	_	_
8.8	286	[2]	κινήσεως	_	_
8.8	287	[1]	ὑπομνήματα	_	_
8.8	288	[1]	δέδεικται	_	_
8.8	289	[11]	.	b	_
8.8	290	[1]	τίνες	_	_
8.8	291	[4]	δ	_	_
8.8	292	[7]	’	b	_
8.8	293	[1]	εἰσὶν	_	_
8.8	294	[1]	οἱ	_	_
8.8	295	[1]	διαστέλλοντες	_	_
8.8	296	[1]	αὐτὰ	_	_
8.8	297	[1]	μῦς	_	_
8.8	298	[2]	ἢ	_	_
8.8	299	[2]	τίνες	_	_
8.8	300	[2]	οἱ	_	_
8.8	301	[1]	συστέλλοντες	_	_
8.8	302	[19]	,	b	_
8.8	303	[5]	ἐν	_	_
8.8	304	[3]	τοῖς	_	_
8.8	305	[6]	περὶ	_	_
8.8	306	[13]	τῶν	_	_
8.8	307	[5]	τῆς	_	_
8.8	308	[4]	ἀναπνοῆς	_	_
8.8	309	[1]	αἰτίων	_	_
8.8	310	[2]	ἐδείχθη	_	_
8.8	311	[12]	.	b	_
8.8	312	[3]	τὰ	_	_
8.8	313	[5]	δ	_	_
8.8	314	[8]	’	b	_
8.8	315	[1]	ἕκαστον	_	_
8.8	316	[1]	τούτων	_	_
8.8	317	[14]	τῶν	_	_
8.8	318	[2]	μυῶν	_	_
8.8	319	[1]	νεῦρα	_	_
8.8	320	[1]	κινοῦντα	_	_
8.8	321	[1]	πάντ	_	_
8.8	322	[9]	’	b	_
8.8	323	[2]	ἐκ	_	_
8.8	324	[2]	τοῦ	_	_
8.8	325	[1]	νωτιαίου	_	_
8.8	326	[1]	πέφυκεν	_	_
8.8	327	[20]	,	b	_
8.8	328	[2]	οὐ	_	_
8.8	329	[2]	κατ	_	_
8.8	330	[10]	’	b	_
8.8	331	[1]	ἐμὲ	_	_
8.8	332	[1]	μόνον	_	_
8.8	333	[21]	,	b	_
8.8	334	[2]	ἀλλὰ	_	_
8.8	335	[7]	καὶ	_	_
8.8	336	[2]	κατὰ	_	_
8.8	337	[1]	πάντας	_	_
8.8	338	[1]	τοὺς	_	_
8.8	339	[1]	ἀνατομικοὺς	_	_
8.8	340	[22]	,	b	_
8.8	341	[1]	αὐτὸς	_	_
8.8	342	[6]	δ	_	_
8.8	343	[11]	’	b	_
8.8	344	[4]	ὁ	_	_
8.8	345	[1]	νωτιαῖος	_	_
8.8	346	[1]	ἐξ	_	_
8.8	347	[1]	ἐγκεφάλου	_	_
8.8	348	[23]	,	b	_
8.8	349	[1]	ὥστ	_	_
8.8	350	[12]	’	b	_
8.8	351	[1]	ἐκείνου	_	_
8.8	352	[6]	διὰ	_	_
8.8	353	[1]	μέσου	_	_
8.8	354	[3]	τοῦ	_	_
8.8	355	[2]	νωτιαίου	_	_
8.8	356	[4]	τὰ	_	_
8.8	357	[2]	νεῦρα	_	_
8.8	358	[5]	τὰ	_	_
8.8	359	[1]	καθ	_	_
8.8	360	[13]	’	b	_
8.8	361	[1]	ὁρμὴν	_	_
8.8	362	[1]	κίνησιν	_	_
8.8	363	[1]	ἐπιφέρει	_	_
8.8	364	[4]	τοῖς	_	_
8.8	365	[4]	τοῦ	_	_
8.8	366	[2]	θώρακος	_	_
8.8	367	[1]	μυσὶν	_	_
8.8	368	[24]	,	b	_
8.8	369	[1]	ὑφ	_	_
8.8	370	[14]	’	b	_
8.8	371	[1]	ὧν	_	_
8.8	372	[3]	διαστελλόμενος	_	_
8.8	373	[4]	ἕλκει	_	_
8.8	374	[6]	τὸν	_	_
8.8	375	[5]	ἔξωθεν	_	_
8.8	376	[6]	ἀέρα	_	_
8.8	377	[7]	διὰ	_	_
8.8	378	[5]	τοῦ	_	_
8.8	379	[1]	λάρυγγός	_	_
8.8	380	[3]	τε	_	_
8.8	381	[8]	καὶ	_	_
8.8	382	[6]	τῆς	_	_
8.8	383	[2]	τραχείας	_	_
8.8	384	[2]	ἀρτηρίας	_	_
8.8	385	[6]	εἰς	_	_
8.8	386	[7]	τὸν	_	_
8.8	387	[1]	πνεύμονα	_	_
8.8	388	[25]	,	b	_
8.8	389	[2]	συστελλόμενος	_	_
8.8	390	[7]	δ	_	_
8.8	391	[15]	’	b	_
8.8	392	[2]	ἐκθλίβει	_	_
8.8	393	[8]	διὰ	_	_
8.8	394	[15]	τῶν	_	_
8.8	395	[1]	αὐτῶν	_	_
8.8	396	[13]	.	b	_
8.8	397	[1]	ἥμαρτεν	_	_
8.8	398	[2]	οὖν	_	_
8.8	399	[5]	ὁ	_	_
8.8	400	[1]	Πλάτων	_	_
8.8	401	[1]	μὴ	_	_
8.8	402	[1]	βουληθεὶς	_	_
8.8	403	[1]	ἀκολουθῆσαι	_	_
8.8	404	[4]	τῷ	_	_
8.8	405	[1]	Ἱπποκράτει	_	_
8.8	406	[1]	λέγοντι	_	_
8.8	407	[3]	κατὰ	_	_
8.8	408	[11]	τὸ	_	_
8.8	409	[7]	περὶ	_	_
8.8	410	[1]	φύσεως	_	_
8.8	411	[1]	ἀνθρώπου	_	_
8.8	412	[1]	βιβλίον	_	_
8.8	413	[1]	·	b	_
8.8	414	[9]	καὶ	_	_
8.8	415	[1]	ταῦτα	_	_
8.8	416	[1]	ποιήσει	_	_
8.8	417	[2]	σοι	_	_
8.8	418	[1]	πάντα	_	_
8.8	419	[1]	πάσην	_	_
8.8	420	[1]	ἡμέρην	_	_
8.8	421	[10]	καὶ	_	_
8.8	422	[1]	νύκτα	_	_
8.8	423	[26]	,	b	_
8.8	424	[11]	καὶ	_	_
8.8	425	[1]	χειμῶνα	_	_
8.8	426	[12]	καὶ	_	_
8.8	427	[1]	θέρος	_	_
8.8	428	[27]	,	b	_
8.8	429	[1]	μέχρις	_	_
8.8	430	[1]	ἂν	_	_
8.8	431	[1]	δυνατὸς	_	_
8.8	432	[1]	ᾖ	_	_
8.8	433	[12]	τὸ	_	_
8.8	434	[1]	πνεῦμα	_	_
8.8	435	[1]	ἕλκειν	_	_
8.8	436	[7]	εἰς	_	_
8.8	437	[1]	ἑωυτὸν	_	_
8.8	438	[13]	καὶ	_	_
8.8	439	[1]	πάλιν	_	_
8.8	440	[1]	μεθιέναι	_	_
8.8	441	[14]	.	b	_
8.8	442	[5]	ἕλκει	_	_
8.8	443	[7]	μὲν	_	_
8.8	444	[3]	οὖν	_	_
8.8	445	[1]	ἐς	_	_
8.8	446	[2]	ἑωυτὸν	_	_
8.8	447	[6]	ὁ	_	_
8.8	448	[1]	ἄνθρωπος	_	_
8.8	449	[8]	τὸν	_	_
8.8	450	[6]	ἔξωθεν	_	_
8.8	451	[7]	ἀέρα	_	_
8.8	452	[9]	διὰ	_	_
8.8	453	[6]	τοῦ	_	_
8.8	454	[1]	στόματος	_	_
8.8	455	[8]	εἰς	_	_
8.8	456	[9]	τὸν	_	_
8.8	457	[2]	πνεύμονα	_	_
8.8	458	[28]	,	b	_
8.8	459	[10]	διὰ	_	_
8.8	460	[6]	δὲ	_	_
8.8	461	[7]	τοῦ	_	_
8.8	462	[1]	δέρματος	_	_
8.8	463	[9]	εἰς	_	_
8.8	464	[1]	τὰς	_	_
8.8	465	[3]	ἀρτηρίας	_	_
8.8	466	[29]	,	b	_
8.8	467	[1]	ἀντεκπέμπει	_	_
8.8	468	[7]	δὲ	_	_
8.8	469	[1]	δι	_	_
8.8	470	[16]	’	b	_
8.8	471	[2]	ὧν	_	_
8.8	472	[1]	ἔλαβεν	_	_
8.8	473	[1]	αὖθις	_	_
8.8	474	[15]	.	b	_
8.8	475	[1]	ἡ	_	_
8.8	476	[8]	μὲν	_	_
8.8	477	[4]	οὖν	_	_
8.8	478	[1]	ἑτέρα	_	_
8.8	479	[16]	τῶν	_	_
8.8	480	[2]	ἐνεργειῶν	_	_
8.8	481	[1]	ἀναπνοὴ	_	_
8.8	482	[2]	καλεῖται	_	_
8.8	483	[30]	,	b	_
8.8	484	[1]	διαπνοὴ	_	_
8.8	485	[8]	δ	_	_
8.8	486	[17]	’	b	_
8.8	487	[2]	ἡ	_	_
8.8	488	[11]	διὰ	_	_
8.8	489	[8]	τοῦ	_	_
8.8	490	[2]	δέρματος	_	_
8.8	491	[16]	.	b	_
8.8	492	[1]	ἃς	_	_
8.8	493	[1]	ἀμφοτέρας	_	_
8.8	494	[10]	εἰς	_	_
8.8	495	[1]	ἓν	_	_
8.8	496	[1]	συναγαγὼν	_	_
8.8	497	[7]	ὁ	_	_
8.8	498	[2]	Πλάτων	_	_
8.8	499	[31]	,	b	_
8.8	500	[1]	οὔτε	_	_
8.8	501	[1]	συνημμένας	_	_
8.8	502	[1]	ἀλλήλαις	_	_
8.8	503	[32]	,	b	_
8.8	504	[1]	οὔθ	_	_
8.8	505	[18]	’	b	_
8.8	506	[1]	ὑπὸ	_	_
8.8	507	[1]	μιᾶς	_	_
8.8	508	[1]	δυνάμεως	_	_
8.8	509	[2]	γιγνομένας	_	_
8.8	510	[33]	,	b	_
8.8	511	[1]	ὡς	_	_
8.8	512	[1]	ἐπιδέδεικται	_	_
8.8	513	[2]	δι	_	_
8.8	514	[19]	’	b	_
8.8	515	[3]	ὧν	_	_
8.8	516	[1]	εἶπον	_	_
8.8	517	[1]	ἀρτίως	_	_
8.8	518	[1]	ὑπομνημάτων	_	_
8.8	519	[34]	,	b	_
8.8	520	[10]	τὸν	_	_
8.8	521	[8]	περὶ	_	_
8.8	522	[7]	τῆς	_	_
8.8	523	[5]	ἀναπνοῆς	_	_
8.8	524	[1]	λόγον	_	_
8.8	525	[6]	ἐν	_	_
8.8	526	[1]	Τιμαίῳ	_	_
8.8	527	[1]	συνέθηκεν	_	_
8.8	528	[1]	ἔχοντα	_	_
8.8	529	[4]	κατὰ	_	_
8.8	530	[1]	λέξιν	_	_
8.8	531	[1]	ᾧδε	_	_
8.8	532	[17]	.	b	_
8.8	533	[2]	πάλιν	_	_
8.8	534	[8]	δὲ	_	_
8.8	535	[13]	τὸ	_	_
8.8	536	[8]	τῆς	_	_
8.8	537	[6]	ἀναπνοῆς	_	_
8.8	538	[1]	ἴδωμεν	_	_
8.8	539	[1]	πάθος	_	_
8.8	540	[35]	,	b	_
8.8	541	[1]	αἷς	_	_
8.8	542	[1]	χρώμενον	_	_
8.8	543	[1]	αἰτίαις	_	_
8.8	544	[1]	τοιοῦτον	_	_
8.8	545	[1]	γέγονεν	_	_
8.8	546	[36]	,	b	_
8.8	547	[1]	οἷον	_	_
8.8	548	[1]	τανῦν	_	_
8.8	549	[2]	ἐστιν	_	_
8.8	550	[18]	.	b	_
8.8	551	[1]	ᾧδ	_	_
8.8	552	[20]	’	b	_
8.8	553	[5]	οὖν	_	_
8.8	554	[37]	,	b	_
8.8	555	[1]	ἐπειδὴ	_	_
8.8	556	[1]	κενὸν	_	_
8.8	557	[1]	οὐδέν	_	_
8.8	558	[3]	ἐστιν	_	_
8.8	559	[38]	,	b	_
8.8	560	[11]	εἰς	_	_
8.8	561	[2]	ὃ	_	_
8.8	562	[17]	τῶν	_	_
8.8	563	[1]	φερομένων	_	_
8.8	564	[1]	δύναιτ	_	_
8.8	565	[21]	’	b	_
8.8	566	[2]	ἂν	_	_
8.8	567	[1]	εἰσελθεῖν	_	_
8.8	568	[2]	τι	_	_
8.8	569	[39]	,	b	_
8.8	570	[14]	τὸ	_	_
8.8	571	[9]	δὲ	_	_
8.8	572	[2]	πνεῦμα	_	_
8.8	573	[1]	φέρεται	_	_
8.8	574	[1]	παρ	_	_
8.8	575	[22]	’	b	_
8.8	576	[1]	ἡμῶν	_	_
8.8	577	[1]	ἔξω	_	_
8.8	578	[40]	,	b	_
8.8	579	[15]	τὸ	_	_
8.8	580	[1]	μετὰ	_	_
8.8	581	[1]	τοῦτο	_	_
8.8	582	[1]	ἤδη	_	_
8.8	583	[1]	παντὶ	_	_
8.8	584	[1]	δῆλον	_	_
8.8	585	[41]	,	b	_
8.8	586	[2]	ὡς	_	_
8.8	587	[3]	οὐκ	_	_
8.8	588	[12]	εἰς	_	_
8.8	589	[2]	κενὸν	_	_
8.8	590	[42]	,	b	_
8.8	591	[3]	ἀλλὰ	_	_
8.8	592	[16]	τὸ	_	_
8.8	593	[1]	πλησίον	_	_
8.8	594	[3]	ἐκ	_	_
8.8	595	[9]	τῆς	_	_
8.8	596	[1]	ἕδρας	_	_
8.8	597	[1]	ὠθεῖ	_	_
8.8	598	[19]	.	b	_
8.8	599	[17]	τὸ	_	_
8.8	600	[10]	δὲ	_	_
8.8	601	[1]	ὠθούμενον	_	_
8.8	602	[1]	ἐξελαύνει	_	_
8.8	603	[18]	τὸ	_	_
8.8	604	[2]	πλησίον	_	_
8.8	605	[1]	ἀεὶ	_	_
8.8	606	[43]	,	b	_
8.8	607	[14]	καὶ	_	_
8.8	608	[5]	κατὰ	_	_
8.8	609	[1]	ταύτην	_	_
8.8	610	[2]	τὴν	_	_
8.8	611	[1]	ἀνάγκην	_	_
8.8	612	[1]	πᾶν	_	_
8.8	613	[1]	περιελαυνόμενον	_	_
8.8	614	[13]	εἰς	_	_
8.8	615	[3]	τὴν	_	_
8.8	616	[1]	ἕδραν	_	_
8.8	617	[44]	,	b	_
8.8	618	[1]	ὅθεν	_	_
8.8	619	[1]	ἐξῆλθε	_	_
8.8	620	[19]	τὸ	_	_
8.8	621	[3]	πνεῦμα	_	_
8.8	622	[45]	,	b	_
8.8	623	[1]	εἰσιὸν	_	_
8.8	624	[1]	ἐκεῖσε	_	_
8.8	625	[15]	καὶ	_	_
8.8	626	[1]	ἀναπληροῦν	_	_
8.8	627	[1]	αὐτὴν	_	_
8.8	628	[1]	συνέπεται	_	_
8.8	629	[5]	τῷ	_	_
8.8	630	[1]	πνεύματι	_	_
8.8	631	[46]	,	b	_
8.8	632	[16]	καὶ	_	_
8.8	633	[2]	τοῦτο	_	_
8.8	634	[1]	ἅμα	_	_
8.8	635	[2]	πᾶν	_	_
8.8	636	[2]	οἷον	_	_
8.8	637	[1]	τροχοῦ	_	_
8.8	638	[1]	περιαγομένου	_	_
8.8	639	[2]	γίγνεται	_	_
8.8	640	[47]	,	b	_
8.8	641	[12]	διὰ	_	_
8.8	642	[20]	τὸ	_	_
8.8	643	[3]	κενὸν	_	_
8.8	644	[1]	μηδὲν	_	_
8.8	645	[1]	εἶναι	_	_
8.8	646	[20]	.	b	_
8.8	647	[1]	διὸ	_	_
8.8	648	[1]	δὴ	_	_
8.8	649	[21]	τὸ	_	_
8.8	650	[18]	τῶν	_	_
8.8	651	[1]	στηθῶν	_	_
8.8	652	[17]	καὶ	_	_
8.8	653	[9]	τοῦ	_	_
8.8	654	[2]	πνεύμονος	_	_
8.8	655	[2]	ἔξω	_	_
8.8	656	[1]	μετιὸν	_	_
8.8	657	[22]	τὸ	_	_
8.8	658	[4]	πνεῦμα	_	_
8.8	659	[48]	,	b	_
8.8	660	[1]	πάχιον	_	_
8.8	661	[2]	ὑπὸ	_	_
8.8	662	[10]	τοῦ	_	_
8.8	663	[9]	περὶ	_	_
8.8	664	[23]	τὸ	_	_
8.8	665	[2]	σῶμα	_	_
8.8	666	[1]	ἀέρος	_	_
8.8	667	[1]	εἴσω	_	_
8.8	668	[13]	διὰ	_	_
8.8	669	[1]	μανῶν	_	_
8.8	670	[19]	τῶν	_	_
8.8	671	[1]	σαρκῶν	_	_
8.8	672	[1]	δυόμενον	_	_
8.8	673	[18]	καὶ	_	_
8.8	674	[2]	περιελαυνόμενον	_	_
8.8	675	[3]	γίγνεται	_	_
8.8	676	[1]	πλῆρες	_	_
8.8	677	[21]	.	b	_
8.8	678	[2]	αὖθις	_	_
8.8	679	[9]	δ	_	_
8.8	680	[23]	’	b	_
8.8	681	[1]	ἀποτρεπόμενος	_	_
8.8	682	[8]	ὁ	_	_
8.8	683	[1]	ἀὴρ	_	_
8.8	684	[19]	καὶ	_	_
8.8	685	[14]	διὰ	_	_
8.8	686	[11]	τοῦ	_	_
8.8	687	[1]	σώματος	_	_
8.8	688	[3]	ἔξω	_	_
8.8	689	[1]	ἰὼν	_	_
8.8	690	[1]	ἔσω	_	_
8.8	691	[4]	τὴν	_	_
8.8	692	[1]	ἀναπνοὴν	_	_
8.8	693	[1]	περιωθεῖ	_	_
8.8	694	[6]	κατὰ	_	_
8.8	695	[5]	τὴν	_	_
8.8	696	[12]	τοῦ	_	_
8.8	697	[2]	σώματος	_	_
8.8	698	[20]	καὶ	_	_
8.8	699	[6]	τὴν	_	_
8.8	700	[20]	τῶν	_	_
8.8	701	[1]	μυκτήρων	_	_
8.8	702	[1]	δίοδον	_	_
8.8	703	[22]	.	b	_
8.8	704	[7]	τὴν	_	_
8.8	705	[13]	τοῦ	_	_
8.8	706	[2]	τροχοῦ	_	_
8.8	707	[1]	περιαγωγὴν	_	_
8.8	708	[1]	οὐχ	_	_
8.8	709	[1]	ἁπλῆν	_	_
8.8	710	[1]	δεῖ	_	_
8.8	711	[1]	νοεῖν	_	_
8.8	712	[49]	,	b	_
8.8	713	[1]	ἀλλ	_	_
8.8	714	[24]	’	b	_
8.8	715	[2]	ἐξ	_	_
8.8	716	[1]	ἐναντίων	_	_
8.8	717	[1]	κινήσεων	_	_
8.8	718	[1]	συγκειμένην	_	_
8.8	719	[50]	,	b	_
8.8	720	[1]	ὅταν	_	_
8.8	721	[9]	μὲν	_	_
8.8	722	[1]	ἐπὶ	_	_
8.8	723	[24]	τὸ	_	_
8.8	724	[2]	δέρμα	_	_
8.8	725	[25]	τὸ	_	_
8.8	726	[1]	ἔμφυτον	_	_
8.8	727	[1]	ὁρμήσῃ	_	_
8.8	728	[1]	θερμὸν	_	_
8.8	729	[51]	,	b	_
8.8	730	[1]	ὠθουμένου	_	_
8.8	731	[4]	τε	_	_
8.8	732	[21]	καὶ	_	_
8.8	733	[1]	περιελαυνομένου	_	_
8.8	734	[14]	τοῦ	_	_
8.8	735	[1]	ἐκτὸς	_	_
8.8	736	[2]	ἀέρος	_	_
8.8	737	[14]	εἰς	_	_
8.8	738	[26]	τὸ	_	_
8.8	739	[3]	σῶμα	_	_
8.8	740	[15]	διὰ	_	_
8.8	741	[15]	τοῦ	_	_
8.8	742	[2]	στόματος	_	_
8.8	743	[52]	,	b	_
8.8	744	[2]	ὅταν	_	_
8.8	745	[10]	δ	_	_
8.8	746	[25]	’	b	_
8.8	747	[1]	αὖ	_	_
8.8	748	[3]	πάλιν	_	_
8.8	749	[2]	ὁρμήσῃ	_	_
8.8	750	[16]	διὰ	_	_
8.8	751	[16]	τοῦ	_	_
8.8	752	[3]	στόματος	_	_
8.8	753	[4]	ἔξω	_	_
8.8	754	[1]	φέρεσθαι	_	_
8.8	755	[53]	,	b	_
8.8	756	[1]	περιωθουμένου	_	_
8.8	757	[17]	τοῦ	_	_
8.8	758	[1]	περιέχοντος	_	_
8.8	759	[1]	ἡμᾶς	_	_
8.8	760	[3]	ἀέρος	_	_
8.8	761	[15]	εἰς	_	_
8.8	762	[27]	τὸ	_	_
8.8	763	[4]	σῶμα	_	_
8.8	764	[17]	διὰ	_	_
8.8	765	[18]	τοῦ	_	_
8.8	766	[3]	δέρματος	_	_
8.8	767	[54]	,	b	_
8.8	768	[3]	ὡς	_	_
8.8	769	[1]	ἐνέργειαν	_	_
8.8	770	[10]	μὲν	_	_
8.8	771	[2]	εἶναι	_	_
8.8	772	[18]	διὰ	_	_
8.8	773	[10]	τῆς	_	_
8.8	774	[2]	φύσεως	_	_
8.8	775	[2]	ἡμῶν	_	_
8.8	776	[8]	τὴν	_	_
8.8	777	[1]	ἐκπνοὴν	_	_
8.8	778	[22]	καὶ	_	_
8.8	779	[1]	διαπνοὴν	_	_
8.8	780	[55]	,	b	_
8.8	781	[2]	πάθος	_	_
8.8	782	[11]	δὲ	_	_
8.8	783	[9]	τὴν	_	_
8.8	784	[1]	εἰσπνοὴν	_	_
8.8	785	[56]	,	b	_
8.8	786	[3]	οὐ	_	_
8.8	787	[2]	μόνον	_	_
8.8	788	[10]	τὴν	_	_
8.8	789	[19]	διὰ	_	_
8.8	790	[19]	τοῦ	_	_
8.8	791	[4]	στόματος	_	_
8.8	792	[57]	,	b	_
8.8	793	[4]	ἀλλὰ	_	_
8.8	794	[23]	καὶ	_	_
8.8	795	[11]	τὴν	_	_
8.8	796	[20]	διὰ	_	_
8.8	797	[20]	τοῦ	_	_
8.8	798	[4]	δέρματος	_	_
8.8	799	[23]	.	b	_
8.8	800	[7]	ἐν	_	_
8.8	801	[1]	οὐδετέρᾳ	_	_
8.8	802	[11]	δ	_	_
8.8	803	[26]	’	b	_
8.8	804	[2]	αὐτῶν	_	_
8.8	805	[9]	ὁ	_	_
8.8	806	[3]	Πλάτων	_	_
8.8	807	[1]	προσχρῆται	_	_
8.8	808	[5]	τῇ	_	_
8.8	809	[1]	προαιρέσει	_	_
8.8	810	[58]	,	b	_
8.8	811	[1]	καίτοι	_	_
8.8	812	[1]	φανερῶς	_	_
8.8	813	[8]	ἐν	_	_
8.8	814	[1]	ἡμῖν	_	_
8.8	815	[1]	ὄντος	_	_
8.8	816	[24]	καὶ	_	_
8.8	817	[21]	τοῦ	_	_
8.8	818	[1]	θᾶττον	_	_
8.8	819	[25]	καὶ	_	_
8.8	820	[1]	βραδύτερον	_	_
8.8	821	[1]	ἔλαττόν	_	_
8.8	822	[5]	τε	_	_
8.8	823	[26]	καὶ	_	_
8.8	824	[1]	πλέον	_	_
8.8	825	[27]	καὶ	_	_
8.8	826	[1]	πυκνότερον	_	_
8.8	827	[1]	εἰσπνεῦσαί	_	_
8.8	828	[6]	τε	_	_
8.8	829	[28]	καὶ	_	_
8.8	830	[1]	ἐκπνεῦσαι	_	_
8.8	831	[24]	.	b	_
8.8	832	[1]	ἔτι	_	_
8.8	833	[1]	γ	_	_
8.8	834	[27]	’	b	_
8.8	835	[6]	οὖν	_	_
8.8	836	[10]	ὁ	_	_
8.8	837	[1]	λόγος	_	_
8.8	838	[22]	τοῦ	_	_
8.8	839	[1]	Πλάτωνος	_	_
8.8	840	[1]	ἐλέγχεται	_	_
8.8	841	[59]	,	b	_
8.8	842	[29]	καὶ	_	_
8.8	843	[2]	ὅτι	_	_
8.8	844	[2]	μετὰ	_	_
8.8	845	[12]	τὴν	_	_
8.8	846	[1]	συστολὴν	_	_
8.8	847	[21]	τῶν	_	_
8.8	848	[3]	ἀρτηριῶν	_	_
8.8	849	[1]	ἐχρῆν	_	_
8.8	850	[1]	εὐθέως	_	_
8.8	851	[2]	εἰσπνοὴν	_	_
8.8	852	[1]	γίγνεσθαι	_	_
8.8	853	[60]	,	b	_
8.8	854	[3]	μετὰ	_	_
8.8	855	[12]	δὲ	_	_
8.8	856	[13]	τὴν	_	_
8.8	857	[2]	ἐκπνοὴν	_	_
8.8	858	[2]	εὐθέως	_	_
8.8	859	[1]	διαστολὴν	_	_
8.8	860	[22]	τῶν	_	_
8.8	861	[4]	ἀρτηριῶν	_	_
8.8	862	[25]	.	b	_
8.8	863	[1]	φαίνεται	_	_
8.8	864	[12]	δ	_	_
8.8	865	[28]	’	b	_
8.8	866	[2]	οὐχ	_	_
8.8	867	[1]	οὕτω	_	_
8.8	868	[1]	συμβαῖνον	_	_
8.8	869	[61]	,	b	_
8.8	870	[2]	ἀλλ	_	_
8.8	871	[29]	’	b	_
8.8	872	[1]	ἐὰν	_	_
8.8	873	[1]	θελήσωμεν	_	_
8.8	874	[1]	ἐπισχεῖν	_	_
8.8	875	[1]	πλέονι	_	_
8.8	876	[1]	χρόνῳ	_	_
8.8	877	[14]	τὴν	_	_
8.8	878	[2]	ἀναπνοὴν	_	_
8.8	879	[62]	,	b	_
8.8	880	[3]	εὐθέως	_	_
8.8	881	[2]	αἱ	_	_
8.8	882	[1]	ἀρτηρίαι	_	_
8.8	883	[4]	μετὰ	_	_
8.8	884	[11]	τῆς	_	_
8.8	885	[2]	καρδίας	_	_
8.8	886	[1]	κινοῦνται	_	_
8.8	887	[26]	.	b	_
8.8	888	[30]	καὶ	_	_
8.8	889	[2]	μέντοι	_	_
8.8	890	[31]	καὶ	_	_
8.8	891	[1]	διαστέλλονται	_	_
8.8	892	[11]	μὲν	_	_
8.8	893	[1]	εἰσπνεόντων	_	_
8.8	894	[1]	ἐνίοτε	_	_
8.8	895	[63]	,	b	_
8.8	896	[1]	συστέλλονται	_	_
8.8	897	[13]	δ	_	_
8.8	898	[30]	’	b	_
8.8	899	[1]	ἐκπνεόντων	_	_
8.8	900	[64]	,	b	_
8.8	901	[32]	καὶ	_	_
8.8	902	[7]	κατὰ	_	_
8.8	903	[2]	μιᾶς	_	_
8.8	904	[7]	ἀναπνοῆς	_	_
8.8	905	[1]	χρόνον	_	_
8.8	906	[1]	ἑπτάκις	_	_
8.8	907	[65]	,	b	_
8.8	908	[3]	ἢ	_	_
8.8	909	[1]	ὀκτάκις	_	_
8.8	910	[66]	,	b	_
8.8	911	[4]	ἢ	_	_
8.8	912	[33]	καὶ	_	_
8.8	913	[1]	δεκάκις	_	_
8.8	914	[3]	ἡ	_	_
8.8	915	[1]	καρδία	_	_
8.8	916	[5]	μετὰ	_	_
8.8	917	[23]	τῶν	_	_
8.8	918	[5]	ἀρτηριῶν	_	_
8.8	919	[2]	φαίνεται	_	_
8.8	920	[1]	διαστελλομένη	_	_
8.8	921	[7]	τε	_	_
8.8	922	[34]	καὶ	_	_
8.8	923	[1]	συστελλομένη	_	_
8.8	924	[27]	.	b	_
8.8	925	[5]	ἀλλὰ	_	_
8.8	926	[35]	καὶ	_	_
8.8	927	[2]	αὐτὸς	_	_
8.8	928	[11]	ὁ	_	_
8.8	929	[12]	τῆς	_	_
8.8	930	[1]	περιώσεως	_	_
8.8	931	[2]	λόγος	_	_
8.8	932	[1]	ἄτοπος	_	_
8.8	933	[67]	,	b	_
8.8	934	[3]	ὑπὸ	_	_
8.8	935	[3]	γὰρ	_	_
8.8	936	[13]	τῆς	_	_
8.8	937	[1]	ἐκπνοῆς	_	_
8.8	938	[3]	περιελαυνόμενον	_	_
8.8	939	[11]	τὸν	_	_
8.8	940	[8]	ἀέρα	_	_
8.8	941	[2]	φέρεσθαι	_	_
8.8	942	[4]	πάλιν	_	_
8.8	943	[2]	ἔσω	_	_
8.8	944	[21]	διὰ	_	_
8.8	945	[23]	τοῦ	_	_
8.8	946	[5]	δέρματος	_	_
8.8	947	[4]	οὐκ	_	_
8.8	948	[1]	ἀναγκαῖον	_	_
8.8	949	[28]	.	b	_
8.8	950	[1]	ἑπομένης	_	_
8.8	951	[4]	γὰρ	_	_
8.8	952	[14]	τῆς	_	_
8.8	953	[2]	ἐκπνοῆς	_	_
8.8	954	[6]	τῇ	_	_
8.8	955	[2]	συστολῇ	_	_
8.8	956	[24]	τῶν	_	_
8.8	957	[1]	ἀναπνευστικῶν	_	_
8.8	958	[68]	,	b	_
8.8	959	[1]	ἐκείνῃ	_	_
8.8	960	[7]	τῇ	_	_
8.8	961	[3]	συστολῇ	_	_
8.8	962	[1]	ἀκολουθῶν	_	_
8.8	963	[12]	ὁ	_	_
8.8	964	[1]	περικεχυμένος	_	_
8.8	965	[2]	ἡμῖν	_	_
8.8	966	[2]	ἀὴρ	_	_
8.8	967	[1]	χώραν	_	_
8.8	968	[1]	παρέχει	_	_
8.8	969	[6]	τῷ	_	_
8.8	970	[1]	ἐκπνεομένῳ	_	_
8.8	971	[29]	.	b	_
8.8	972	[3]	ὅτι	_	_
8.8	973	[13]	δὲ	_	_
8.8	974	[36]	καὶ	_	_
8.8	975	[1]	τἄλλα	_	_
8.8	976	[69]	,	b	_
8.8	977	[1]	ὅσα	_	_
8.8	978	[15]	τὴν	_	_
8.8	979	[2]	ὁλκὴν	_	_
8.8	980	[1]	ἀναιρῶν	_	_
8.8	981	[1]	εἶπεν	_	_
8.8	982	[13]	ὁ	_	_
8.8	983	[4]	Πλάτων	_	_
8.8	984	[70]	,	b	_
8.8	985	[1]	ἀτόπως	_	_
8.8	986	[1]	ἐπικεχείρηται	_	_
8.8	987	[71]	,	b	_
8.8	988	[8]	κατὰ	_	_
8.8	989	[16]	τὴν	_	_
8.8	990	[1]	ἐξήγησιν	_	_
8.8	991	[3]	αὐτῶν	_	_
8.8	992	[1]	εἰρήσεται	_	_
8.8	993	[30]	.	b	_
8.9	1	[1]	Νυνὶ	_	_
8.9	2	[1]	γὰρ	_	_
8.9	3	[1]	ἀρκεῖ	_	_
8.9	4	[1]	μόνον	_	_
8.9	5	[1]	δεδηλῶσθαι	_	_
8.9	6	[1]	περὶ	_	_
8.9	7	[1]	ὧν	_	_
8.9	8	[1]	ὁμολογεῖται	_	_
8.9	9	[1]	καὶ	_	_
8.9	10	[1]	διαφέρεται	_	_
8.9	11	[1]	τῷ	_	_
8.9	12	[1]	Ἱπποκράτει	_	_
8.9	13	[1]	.	b	_
8.9	14	[1]	προσθῶμεν	_	_
8.9	15	[1]	οὖν	_	_
8.9	16	[1]	αὐτῷ	_	_
8.9	17	[2]	καὶ	_	_
8.9	18	[1]	τἄλλα	_	_
8.9	19	[2]	.	b	_
8.9	20	[1]	φαίνεται	_	_
8.9	21	[2]	γὰρ	_	_
8.9	22	[1]	ἐν	_	_
8.9	23	[2]	τῷ	_	_
8.9	24	[2]	περὶ	_	_
8.9	25	[1]	χρείας	_	_
8.9	26	[1]	ἀναπνοῆς	_	_
8.9	27	[1]	λόγῳ	_	_
8.9	28	[1]	συνακολουθῶν	_	_
8.9	29	[1]	ὁ	_	_
8.9	30	[1]	Πλάτων	_	_
8.9	31	[3]	τῷ	_	_
8.9	32	[2]	Ἱπποκράτει	_	_
8.9	33	[1]	,	b	_
8.9	34	[1]	βουλομένῳ	_	_
8.9	35	[1]	τὴν	_	_
8.9	36	[1]	μὲν	_	_
8.9	37	[1]	εἰσπνοὴν	_	_
8.9	38	[1]	ἐμψύξεως	_	_
8.9	39	[1]	ἕνεκα	_	_
8.9	40	[1]	γίγνεσθαι	_	_
8.9	41	[1]	τῆς	_	_
8.9	42	[1]	ἐμφύτου	_	_
8.9	43	[1]	θερμασίας	_	_
8.9	44	[2]	,	b	_
8.9	45	[2]	τὴν	_	_
8.9	46	[1]	δὲ	_	_
8.9	47	[1]	ἐκπνοὴν	_	_
8.9	48	[1]	ἀποχύσεως	_	_
8.9	49	[3]	καὶ	_	_
8.9	50	[1]	διαπνοῆς	_	_
8.9	51	[1]	τῶν	_	_
8.9	52	[1]	λιγνυωδῶν	_	_
8.9	53	[1]	περιττωμάτων	_	_
8.9	54	[3]	.	b	_
8.9	55	[2]	ἐν	_	_
8.9	56	[1]	ᾗ	_	_
8.9	57	[2]	δὲ	_	_
8.9	58	[1]	ταῦτα	_	_
8.9	59	[1]	λέγει	_	_
8.9	60	[1]	ῥήσει	_	_
8.9	61	[3]	,	b	_
8.9	62	[4]	καὶ	_	_
8.9	63	[3]	περὶ	_	_
8.9	64	[1]	τοῦ	_	_
8.9	65	[1]	φέρεσθαι	_	_
8.9	66	[1]	τὸ	_	_
8.9	67	[1]	ποτὸν	_	_
8.9	68	[1]	εἰς	_	_
8.9	69	[1]	τὸν	_	_
8.9	70	[1]	πνεύμονα	_	_
8.9	71	[1]	διῆλθεν	_	_
8.9	72	[4]	,	b	_
8.9	73	[1]	ἐχούσῃ	_	_
8.9	74	[1]	κατὰ	_	_
8.9	75	[1]	λέξιν	_	_
8.9	76	[1]	οὕτως	_	_
8.9	77	[4]	.	b	_
8.9	78	[1]	τῇ	_	_
8.9	79	[3]	δὲ	_	_
8.9	80	[1]	δὴ	_	_
8.9	81	[1]	πηδήσει	_	_
8.9	82	[2]	τῆς	_	_
8.9	83	[1]	καρδίας	_	_
8.9	84	[3]	ἐν	_	_
8.9	85	[2]	τῇ	_	_
8.9	86	[2]	τῶν	_	_
8.9	87	[1]	δεινῶν	_	_
8.9	88	[1]	προσδοκίᾳ	_	_
8.9	89	[5]	καὶ	_	_
8.9	90	[3]	τῇ	_	_
8.9	91	[2]	τοῦ	_	_
8.9	92	[1]	θυμοῦ	_	_
8.9	93	[1]	ἐγέρσει	_	_
8.9	94	[1]	προγιγνώσκοντες	_	_
8.9	95	[5]	,	b	_
8.9	96	[1]	ὅτι	_	_
8.9	97	[1]	διὰ	_	_
8.9	98	[1]	πυρὸς	_	_
8.9	99	[1]	ἡ	_	_
8.9	100	[1]	τοιαύτη	_	_
8.9	101	[1]	πᾶσα	_	_
8.9	102	[1]	ἔμελλε	_	_
8.9	103	[1]	διοίκησις	_	_
8.9	104	[1]	γενέσθαι	_	_
8.9	105	[3]	τῶν	_	_
8.9	106	[1]	θυμουμένων	_	_
8.9	107	[6]	,	b	_
8.9	108	[1]	ἐπικουρίαν	_	_
8.9	109	[1]	αὐτῇ	_	_
8.9	110	[1]	μηχανώμενοι	_	_
8.9	111	[3]	τὴν	_	_
8.9	112	[3]	τοῦ	_	_
8.9	113	[1]	πνεύμονος	_	_
8.9	114	[1]	ἰδέαν	_	_
8.9	115	[1]	ἐνεφύτευσαν	_	_
8.9	116	[7]	,	b	_
8.9	117	[1]	πρῶτον	_	_
8.9	118	[2]	μὲν	_	_
8.9	119	[1]	μαλακὸν	_	_
8.9	120	[6]	καὶ	_	_
8.9	121	[1]	ἄναιμον	_	_
8.9	122	[8]	,	b	_
8.9	123	[1]	εἶτα	_	_
8.9	124	[1]	σήραγγας	_	_
8.9	125	[1]	ἐντὸς	_	_
8.9	126	[1]	ἔχουσαν	_	_
8.9	127	[1]	οἷον	_	_
8.9	128	[1]	σπόγγου	_	_
8.9	129	[1]	κατατετρημένας	_	_
8.9	130	[9]	,	b	_
8.9	131	[1]	ἵνα	_	_
8.9	132	[2]	τὸ	_	_
8.9	133	[1]	πνεῦμα	_	_
8.9	134	[7]	καὶ	_	_
8.9	135	[1]	πόμα	_	_
8.9	136	[1]	δεχομένη	_	_
8.9	137	[1]	ψύχουσα	_	_
8.9	138	[1]	ἀναπνοὴν	_	_
8.9	139	[8]	καὶ	_	_
8.9	140	[1]	ῥᾳστώνην	_	_
8.9	141	[4]	ἐν	_	_
8.9	142	[4]	τῷ	_	_
8.9	143	[1]	καύματι	_	_
8.9	144	[1]	παρέχοι	_	_
8.9	145	[5]	.	b	_
8.9	146	[1]	εἰ	_	_
8.9	147	[3]	μὲν	_	_
8.9	148	[2]	οὖν	_	_
8.9	149	[1]	ἡγεῖται	_	_
8.9	150	[2]	Πλάτων	_	_
8.9	151	[10]	,	b	_
8.9	152	[1]	ἅπαν	_	_
8.9	153	[3]	τὸ	_	_
8.9	154	[2]	πόμα	_	_
8.9	155	[1]	καταπίνειν	_	_
8.9	156	[1]	ἡμᾶς	_	_
8.9	157	[2]	εἰς	_	_
8.9	158	[2]	τὸν	_	_
8.9	159	[2]	πνεύμονα	_	_
8.9	160	[11]	,	b	_
8.9	161	[1]	δίκαιός	_	_
8.9	162	[1]	ἐστι	_	_
8.9	163	[1]	καταγιγνώκεσθαι	_	_
8.9	164	[1]	προφανέστατον	_	_
8.9	165	[1]	πρᾶγμα	_	_
8.9	166	[1]	μὴ	_	_
8.9	167	[1]	γιγνώσκων	_	_
8.9	168	[1]	·	b	_
8.9	169	[2]	εἰ	_	_
8.9	170	[4]	δὲ	_	_
8.9	171	[1]	μέρος	_	_
8.9	172	[1]	τι	_	_
8.9	173	[4]	τοῦ	_	_
8.9	174	[1]	πόματος	_	_
8.9	175	[1]	ἡγεῖτο	_	_
8.9	176	[2]	διὰ	_	_
8.9	177	[3]	τῆς	_	_
8.9	178	[1]	τραχείας	_	_
8.9	179	[1]	ἀρτηρίας	_	_
8.9	180	[1]	παρωθούμενον	_	_
8.9	181	[3]	εἰς	_	_
8.9	182	[3]	τὸν	_	_
8.9	183	[3]	πνεύμονα	_	_
8.9	184	[1]	καταφέρεσθαι	_	_
8.9	185	[12]	,	b	_
8.9	186	[4]	τῶν	_	_
8.9	187	[1]	ἐνδεχομένων	_	_
8.9	188	[2]	τι	_	_
8.9	189	[2]	λέγει	_	_
8.9	190	[13]	,	b	_
8.9	191	[1]	παραπλησίως	_	_
8.9	192	[1]	τε	_	_
8.9	193	[1]	ἄλλων	_	_
8.9	194	[1]	δογματικῶν	_	_
8.9	195	[14]	,	b	_
8.9	196	[4]	περὶ	_	_
8.9	197	[2]	ὧν	_	_
8.9	198	[1]	διαφέρονται	_	_
8.9	199	[1]	πρὸς	_	_
8.9	200	[1]	ἀλλήλους	_	_
8.9	201	[1]	ἰατροί	_	_
8.9	202	[2]	τε	_	_
8.9	203	[9]	καὶ	_	_
8.9	204	[1]	φιλόσοφοι	_	_
8.9	205	[6]	.	b	_
8.9	206	[1]	οὐ	_	_
8.9	207	[1]	ταὐτὸν	_	_
8.9	208	[1]	δ	_	_
8.9	209	[1]	’	b	_
8.9	210	[1]	ἐστὶν	_	_
8.9	211	[1]	ἢ	_	_
8.9	212	[1]	ψεῦδός	_	_
8.9	213	[3]	τι	_	_
8.9	214	[1]	λέγειν	_	_
8.9	215	[15]	,	b	_
8.9	216	[2]	ἢ	_	_
8.9	217	[1]	καταγέλαστον	_	_
8.9	218	[16]	,	b	_
8.9	219	[1]	ἐπείτοι	_	_
8.9	220	[10]	καὶ	_	_
8.9	221	[1]	αὐτὸν	_	_
8.9	222	[4]	τὸν	_	_
8.9	223	[1]	Ἐρασίστρατον	_	_
8.9	224	[1]	ἐδείξαμεν	_	_
8.9	225	[1]	ἔν	_	_
8.9	226	[3]	τε	_	_
8.9	227	[5]	τῷ	_	_
8.9	228	[5]	περὶ	_	_
8.9	229	[2]	χρείας	_	_
8.9	230	[2]	ἀναπνοῆς	_	_
8.9	231	[11]	καὶ	_	_
8.9	232	[1]	σφυγμῶν	_	_
8.9	233	[3]	χρείας	_	_
8.9	234	[4]	τε	_	_
8.9	235	[1]	ἅμα	_	_
8.9	236	[12]	καὶ	_	_
8.9	237	[1]	γενέσεως	_	_
8.9	238	[17]	,	b	_
8.9	239	[1]	ἔτι	_	_
8.9	240	[5]	δὲ	_	_
8.9	241	[1]	καταπόσεώς	_	_
8.9	242	[5]	τε	_	_
8.9	243	[13]	καὶ	_	_
8.9	244	[1]	πέψεως	_	_
8.9	245	[1]	ἐσφαλμένον	_	_
8.9	246	[18]	,	b	_
8.9	247	[1]	ἀλλ	_	_
8.9	248	[2]	’	b	_
8.9	249	[2]	οὐ	_	_
8.9	250	[1]	κατεγελάσαμεν	_	_
8.9	251	[1]	αὐτοῦ	_	_
8.9	252	[19]	,	b	_
8.9	253	[1]	διότι	_	_
8.9	254	[2]	μὴ	_	_
8.9	255	[1]	πᾶν	_	_
8.9	256	[4]	τὸ	_	_
8.9	257	[1]	ψεῦδος	_	_
8.9	258	[1]	εὐθύς	_	_
8.9	259	[2]	ἐστι	_	_
8.9	260	[14]	καὶ	_	_
8.9	261	[2]	καταγέλαστον	_	_
8.9	262	[20]	,	b	_
8.9	263	[2]	ἐπείτοι	_	_
8.9	264	[15]	καὶ	_	_
8.9	265	[6]	περὶ	_	_
8.9	266	[1]	φλεγμονῆς	_	_
8.9	267	[2]	γενέσεως	_	_
8.9	268	[16]	καὶ	_	_
8.9	269	[1]	πυρετοῦ	_	_
8.9	270	[1]	διαγνώσεως	_	_
8.9	271	[2]	ἔν	_	_
8.9	272	[6]	τε	_	_
8.9	273	[1]	τοῖς	_	_
8.9	274	[7]	περὶ	_	_
8.9	275	[1]	φλεβοτομίας	_	_
8.9	276	[1]	λόγοις	_	_
8.9	277	[17]	καὶ	_	_
8.9	278	[1]	ἄλλοις	_	_
8.9	279	[1]	τισὶ	_	_
8.9	280	[1]	θεραπευτικοῖς	_	_
8.9	281	[1]	λογισμοῖς	_	_
8.9	282	[1]	ἐδείχθη	_	_
8.9	283	[1]	ἐσφαλμένος	_	_
8.9	284	[7]	.	b	_
8.9	285	[18]	καὶ	_	_
8.9	286	[1]	μέντοι	_	_
8.9	287	[19]	καὶ	_	_
8.9	288	[5]	τῶν	_	_
8.9	289	[1]	ἀπ	_	_
8.9	290	[3]	’	b	_
8.9	291	[2]	αὐτοῦ	_	_
8.9	292	[1]	τις	_	_
8.9	293	[1]	ἀντιστρέψας	_	_
8.9	294	[5]	τὸν	_	_
8.9	295	[1]	λόγον	_	_
8.9	296	[2]	ἡμᾶς	_	_
8.9	297	[1]	φησι	_	_
8.9	298	[8]	περὶ	_	_
8.9	299	[1]	τούτων	_	_
8.9	300	[21]	,	b	_
8.9	301	[1]	οὐκ	_	_
8.9	302	[2]	Ἐρασίστρατον	_	_
8.9	303	[22]	,	b	_
8.9	304	[1]	ἐσφάλθαι	_	_
8.9	305	[23]	,	b	_
8.9	306	[3]	οὐ	_	_
8.9	307	[1]	μὴν	_	_
8.9	308	[1]	οὔτε	_	_
8.9	309	[1]	ἡμεῖς	_	_
8.9	310	[1]	ἐκείνου	_	_
8.9	311	[1]	καταγελάσομεν	_	_
8.9	312	[24]	,	b	_
8.9	313	[1]	οὔτ	_	_
8.9	314	[1]	ἐκεῖνος	_	_
8.9	315	[1]	ἡμῶν	_	_
8.9	316	[8]	.	b	_
8.9	317	[1]	ἀδήλων	_	_
8.9	318	[3]	γὰρ	_	_
8.9	319	[1]	ὄντων	_	_
8.9	320	[6]	τῶν	_	_
8.9	321	[1]	δογμάτων	_	_
8.9	322	[25]	,	b	_
8.9	323	[20]	καὶ	_	_
8.9	324	[4]	τῇ	_	_
8.9	325	[3]	διὰ	_	_
8.9	326	[5]	τοῦ	_	_
8.9	327	[1]	λόγου	_	_
8.9	328	[1]	πίστει	_	_
8.9	329	[2]	τοῖς	_	_
8.9	330	[4]	μὲν	_	_
8.9	331	[1]	πιθανῶν	_	_
8.9	332	[26]	,	b	_
8.9	333	[3]	τοῖς	_	_
8.9	334	[2]	δ	_	_
8.9	335	[4]	’	b	_
8.9	336	[1]	ἀπιθάνων	_	_
8.9	337	[1]	φαινομένων	_	_
8.9	338	[27]	,	b	_
8.9	339	[1]	ὥσπερ	_	_
8.9	340	[5]	τὸ	_	_
8.9	341	[4]	τοῖς	_	_
8.9	342	[1]	δόξασιν	_	_
8.9	343	[1]	ἀληθὲς	_	_
8.9	344	[1]	εἶναι	_	_
8.9	345	[1]	συναγορεύειν	_	_
8.9	346	[1]	ἀνεμέσητόν	_	_
8.9	347	[1]	ἐστιν	_	_
8.9	348	[28]	,	b	_
8.9	349	[1]	οὕτω	_	_
8.9	350	[21]	καὶ	_	_
8.9	351	[6]	τὸ	_	_
8.9	352	[1]	συγχωρεῖν	_	_
8.9	353	[1]	ἑτέροις	_	_
8.9	354	[1]	ἀντιλέγειν	_	_
8.9	355	[1]	αὐτοῖς	_	_
8.9	356	[2]	·	b	_
8.9	357	[7]	τὸ	_	_
8.9	358	[6]	δὲ	_	_
8.9	359	[1]	σκώπτειν	_	_
8.9	360	[22]	καὶ	_	_
8.9	361	[1]	καταγελᾷν	_	_
8.9	362	[1]	ὡς	_	_
8.9	363	[1]	ἠλίθιον	_	_
8.9	364	[29]	,	b	_
8.9	365	[1]	ὃ	_	_
8.9	366	[1]	δογματικῶς	_	_
8.9	367	[1]	ἀμφισβητεῖται	_	_
8.9	368	[30]	,	b	_
8.9	369	[1]	προπετές	_	_
8.9	370	[9]	.	b	_
8.9	371	[1]	οἷόν	_	_
8.9	372	[3]	ἐστι	_	_
8.9	373	[23]	καὶ	_	_
8.9	374	[8]	τὸ	_	_
8.9	375	[1]	παραῤῥεῖν	_	_
8.9	376	[4]	τι	_	_
8.9	377	[6]	τοῦ	_	_
8.9	378	[2]	πόματος	_	_
8.9	379	[4]	εἰς	_	_
8.9	380	[6]	τὸν	_	_
8.9	381	[4]	πνεύμονα	_	_
8.9	382	[1]	διά	_	_
8.9	383	[7]	τε	_	_
8.9	384	[7]	τοῦ	_	_
8.9	385	[1]	λάρυγγος	_	_
8.9	386	[24]	καὶ	_	_
8.9	387	[4]	τῆς	_	_
8.9	388	[2]	τραχείας	_	_
8.9	389	[2]	ἀρτηρίας	_	_
8.9	390	[31]	,	b	_
8.9	391	[2]	οὐκ	_	_
8.9	392	[1]	ἀθρόον	_	_
8.9	393	[32]	,	b	_
8.9	394	[1]	οὐδὲ	_	_
8.9	395	[4]	διὰ	_	_
8.9	396	[1]	μέσης	_	_
8.9	397	[5]	τῆς	_	_
8.9	398	[1]	εὐρυχωρίας	_	_
8.9	399	[8]	τοῦ	_	_
8.9	400	[1]	ὀργάνου	_	_
8.9	401	[1]	φερόμενον	_	_
8.9	402	[33]	,	b	_
8.9	403	[1]	ἀλλὰ	_	_
8.9	404	[9]	περὶ	_	_
8.9	405	[7]	τὸν	_	_
8.9	406	[1]	χιτῶνα	_	_
8.9	407	[2]	αὐτὸν	_	_
8.9	408	[1]	δροσοειδὲς	_	_
8.9	409	[1]	καταῤῥέον	_	_
8.9	410	[10]	.	b	_
8.9	411	[1]	τοῦτο	_	_
8.9	412	[5]	μὲν	_	_
8.9	413	[3]	οὖν	_	_
8.9	414	[1]	εἴτ	_	_
8.9	415	[5]	’	b	_
8.9	416	[2]	ἀληθὲς	_	_
8.9	417	[34]	,	b	_
8.9	418	[1]	εἴτε	_	_
8.9	419	[2]	ψεῦδός	_	_
8.9	420	[2]	ἐστιν	_	_
8.9	421	[35]	,	b	_
8.9	422	[1]	ὀλίγον	_	_
8.9	423	[1]	ὕστερον	_	_
8.9	424	[1]	ἐπισκεψόμεθα	_	_
8.9	425	[11]	.	b	_
8.9	426	[8]	τὸν	_	_
8.9	427	[7]	δὲ	_	_
8.9	428	[3]	καταγέλαστον	_	_
8.9	429	[1]	ὄντως	_	_
8.9	430	[2]	λόγον	_	_
8.9	431	[36]	,	b	_
8.9	432	[2]	ὡς	_	_
8.9	433	[3]	οὐκ	_	_
8.9	434	[5]	εἰς	_	_
8.9	435	[4]	τὴν	_	_
8.9	436	[1]	γαστέρα	_	_
8.9	437	[1]	φέροιτο	_	_
8.9	438	[5]	διὰ	_	_
8.9	439	[9]	τοῦ	_	_
8.9	440	[1]	στομάχου	_	_
8.9	441	[9]	τὸ	_	_
8.9	442	[2]	ποτὸν	_	_
8.9	443	[37]	,	b	_
8.9	444	[2]	ἀλλ	_	_
8.9	445	[6]	’	b	_
8.9	446	[6]	εἰς	_	_
8.9	447	[5]	τὴν	_	_
8.9	448	[5]	πνεύμονα	_	_
8.9	449	[6]	διὰ	_	_
8.9	450	[6]	τῆς	_	_
8.9	451	[3]	ἀρτηρίας	_	_
8.9	452	[2]	ἅπαν	_	_
8.9	453	[38]	,	b	_
8.9	454	[1]	οὐδαμόθι	_	_
8.9	455	[3]	Πλάτων	_	_
8.9	456	[1]	εἶπεν	_	_
8.9	457	[12]	.	b	_
8.9	458	[5]	ἐν	_	_
8.9	459	[1]	γοῦν	_	_
8.9	460	[2]	αὐτῷ	_	_
8.9	461	[1]	τούτῳ	_	_
8.9	462	[6]	τῷ	_	_
8.9	463	[1]	βιβλίῳ	_	_
8.9	464	[39]	,	b	_
8.9	465	[1]	καθ	_	_
8.9	466	[7]	’	b	_
8.9	467	[2]	ὃ	_	_
8.9	468	[6]	τὴν	_	_
8.9	469	[1]	προειρημένην	_	_
8.9	470	[10]	περὶ	_	_
8.9	471	[10]	τοῦ	_	_
8.9	472	[3]	πόματος	_	_
8.9	473	[1]	ῥῆσιν	_	_
8.9	474	[1]	ἔγραψεν	_	_
8.9	475	[40]	,	b	_
8.9	476	[7]	εἰς	_	_
8.9	477	[7]	τὴν	_	_
8.9	478	[1]	κοιλίαν	_	_
8.9	479	[1]	ἔφη	_	_
8.9	480	[10]	τὸ	_	_
8.9	481	[1]	πινόμενον	_	_
8.9	482	[2]	ὥσπερ	_	_
8.9	483	[1]	τὰ	_	_
8.9	484	[1]	σιτία	_	_
8.9	485	[2]	φέρεσθαι	_	_
8.9	486	[13]	.	b	_
8.9	487	[25]	καὶ	_	_
8.9	488	[1]	οὐχ	_	_
8.9	489	[1]	ἅπαξ	_	_
8.9	490	[1]	τοῦτ	_	_
8.9	491	[8]	’	b	_
8.9	492	[2]	εἶπεν	_	_
8.9	493	[41]	,	b	_
8.9	494	[2]	ἀλλὰ	_	_
8.9	495	[1]	πάνυ	_	_
8.9	496	[1]	πολλάκις	_	_
8.9	497	[42]	,	b	_
8.9	498	[3]	ὡς	_	_
8.9	499	[1]	ἔνεστί	_	_
8.9	500	[1]	σοι	_	_
8.9	501	[1]	μαθεῖν	_	_
8.9	502	[1]	ἐκ	_	_
8.9	503	[7]	τῶν	_	_
8.9	504	[1]	ῥήσεων	_	_
8.9	505	[3]	αὐτοῦ	_	_
8.9	506	[43]	,	b	_
8.9	507	[1]	πρώτης	_	_
8.9	508	[6]	μὲν	_	_
8.9	509	[1]	τῆσδε	_	_
8.9	510	[1]	μετὰ	_	_
8.9	511	[1]	τέτταρας	_	_
8.9	512	[1]	πρώτους	_	_
8.9	513	[1]	στίχους	_	_
8.9	514	[7]	τῆς	_	_
8.9	515	[1]	προειρημένης	_	_
8.9	516	[1]	ὑπ	_	_
8.9	517	[9]	’	b	_
8.9	518	[4]	αὐτοῦ	_	_
8.9	519	[1]	ῥήσεως	_	_
8.9	520	[1]	γεγραμμένης	_	_
8.9	521	[14]	.	b	_
8.9	522	[11]	τὸ	_	_
8.9	523	[8]	δὲ	_	_
8.9	524	[2]	δὴ	_	_
8.9	525	[1]	σιτίων	_	_
8.9	526	[8]	τε	_	_
8.9	527	[26]	καὶ	_	_
8.9	528	[1]	ποτῶν	_	_
8.9	529	[1]	ἐπιθυμητικὸν	_	_
8.9	530	[8]	τῆς	_	_
8.9	531	[1]	ψυχῆς	_	_
8.9	532	[44]	,	b	_
8.9	533	[27]	καὶ	_	_
8.9	534	[1]	ὅσον	_	_
8.9	535	[1]	ἔνδειαν	_	_
8.9	536	[7]	διὰ	_	_
8.9	537	[8]	τὴν	_	_
8.9	538	[11]	τοῦ	_	_
8.9	539	[1]	σώματος	_	_
8.9	540	[1]	ἴσχει	_	_
8.9	541	[1]	φύσιν	_	_
8.9	542	[45]	,	b	_
8.9	543	[2]	τοῦτο	_	_
8.9	544	[8]	εἰς	_	_
8.9	545	[12]	τὸ	_	_
8.9	546	[1]	μεταξὺ	_	_
8.9	547	[8]	τῶν	_	_
8.9	548	[1]	φρενῶν	_	_
8.9	549	[28]	καὶ	_	_
8.9	550	[12]	τοῦ	_	_
8.9	551	[2]	πρὸς	_	_
8.9	552	[9]	τὸν	_	_
8.9	553	[1]	ὀμφαλὸν	_	_
8.9	554	[1]	ὅρου	_	_
8.9	555	[1]	κατῴκισαν	_	_
8.9	556	[15]	.	b	_
8.9	557	[4]	οὐκ	_	_
8.9	558	[6]	ἐν	_	_
8.9	559	[5]	τῇ	_	_
8.9	560	[1]	καρδίᾳ	_	_
8.9	561	[29]	καὶ	_	_
8.9	562	[7]	τῷ	_	_
8.9	563	[1]	πνεύμονί	_	_
8.9	564	[2]	φησι	_	_
8.9	565	[13]	τὸ	_	_
8.9	566	[9]	τῶν	_	_
8.9	567	[2]	σιτίων	_	_
8.9	568	[30]	καὶ	_	_
8.9	569	[2]	ποτῶν	_	_
8.9	570	[2]	ἐπιθυμητικὸν	_	_
8.9	571	[46]	,	b	_
8.9	572	[3]	ἀλλὰ	_	_
8.9	573	[1]	κατωτέρω	_	_
8.9	574	[13]	τοῦ	_	_
8.9	575	[1]	διαφράγματος	_	_
8.9	576	[2]	εἶναι	_	_
8.9	577	[47]	,	b	_
8.9	578	[1]	φρένας	_	_
8.9	579	[4]	γὰρ	_	_
8.9	580	[2]	οὐχ	_	_
8.9	581	[1]	οὗτος	_	_
8.9	582	[1]	μόνος	_	_
8.9	583	[48]	,	b	_
8.9	584	[4]	ἀλλὰ	_	_
8.9	585	[31]	καὶ	_	_
8.9	586	[1]	οἱ	_	_
8.9	587	[1]	ἄλλοι	_	_
8.9	588	[1]	παλαιοὶ	_	_
8.9	589	[14]	τὸ	_	_
8.9	590	[1]	διάφραγμα	_	_
8.9	591	[1]	προσηγόρευον	_	_
8.9	592	[16]	.	b	_
8.9	593	[2]	κατωτέρω	_	_
8.9	594	[9]	δὲ	_	_
8.9	595	[10]	τῶν	_	_
8.9	596	[2]	φρενῶν	_	_
8.9	597	[2]	τούτων	_	_
8.9	598	[1]	ἥ	_	_
8.9	599	[9]	τε	_	_
8.9	600	[1]	γαστὴρ	_	_
8.9	601	[1]	κεῖται	_	_
8.9	602	[32]	καὶ	_	_
8.9	603	[2]	τὰ	_	_
8.9	604	[1]	ἔντερα	_	_
8.9	605	[49]	,	b	_
8.9	606	[33]	καὶ	_	_
8.9	607	[15]	τὸ	_	_
8.9	608	[1]	ἧπαρ	_	_
8.9	609	[1]	αὐτὸ	_	_
8.9	610	[50]	,	b	_
8.9	611	[11]	περὶ	_	_
8.9	612	[1]	οὗ	_	_
8.9	613	[1]	νῦν	_	_
8.9	614	[1]	ποιεῖται	_	_
8.9	615	[10]	τὸν	_	_
8.9	616	[3]	λόγον	_	_
8.9	617	[17]	.	b	_
8.9	618	[34]	καὶ	_	_
8.9	619	[2]	μέντοι	_	_
8.9	620	[35]	καὶ	_	_
8.9	621	[1]	μετ	_	_
8.9	622	[10]	’	b	_
8.9	623	[1]	ὀλίγα	_	_
8.9	624	[1]	πάλιν	_	_
8.9	625	[1]	φησί	_	_
8.9	626	[3]	·	b	_
8.9	627	[9]	τὴν	_	_
8.9	628	[1]	ἐσομένην	_	_
8.9	629	[1]	ἡμῖν	_	_
8.9	630	[3]	ποτῶν	_	_
8.9	631	[36]	καὶ	_	_
8.9	632	[1]	ἐδεσμάτων	_	_
8.9	633	[1]	ἀκολασίαν	_	_
8.9	634	[1]	ᾔδεσαν	_	_
8.9	635	[2]	οἱ	_	_
8.9	636	[1]	ξυντιθέντες	_	_
8.9	637	[2]	ἡμῶν	_	_
8.9	638	[16]	τὸ	_	_
8.9	639	[1]	γένος	_	_
8.9	640	[51]	,	b	_
8.9	641	[37]	καὶ	_	_
8.9	642	[2]	ὅτι	_	_
8.9	643	[14]	τοῦ	_	_
8.9	644	[1]	μετρίου	_	_
8.9	645	[38]	καὶ	_	_
8.9	646	[1]	ἀναγκαίου	_	_
8.9	647	[8]	διὰ	_	_
8.9	648	[1]	μαργότητα	_	_
8.9	649	[1]	πολλῷ	_	_
8.9	650	[1]	χρησοίμεθα	_	_
8.9	651	[1]	πλέονι	_	_
8.9	652	[18]	.	b	_
8.9	653	[1]	ἵν	_	_
8.9	654	[11]	’	b	_
8.9	655	[4]	οὖν	_	_
8.9	656	[3]	μὴ	_	_
8.9	657	[1]	φθορὰ	_	_
8.9	658	[9]	διὰ	_	_
8.9	659	[1]	νόσους	_	_
8.9	660	[1]	ὀξείας	_	_
8.9	661	[1]	γίγνοιτο	_	_
8.9	662	[52]	,	b	_
8.9	663	[39]	καὶ	_	_
8.9	664	[1]	ἀτελὲς	_	_
8.9	665	[1]	εὐθὺς	_	_
8.9	666	[17]	τὸ	_	_
8.9	667	[2]	γένος	_	_
8.9	668	[18]	τὸ	_	_
8.9	669	[1]	θνητὸν	_	_
8.9	670	[1]	τελευτῴη	_	_
8.9	671	[53]	,	b	_
8.9	672	[2]	ταῦτα	_	_
8.9	673	[1]	προορώμενοι	_	_
8.9	674	[10]	τὴν	_	_
8.9	675	[1]	γενησομένην	_	_
8.9	676	[4]	πόματος	_	_
8.9	677	[1]	ἐδέσματός	_	_
8.9	678	[10]	τε	_	_
8.9	679	[11]	τὴν	_	_
8.9	680	[1]	ὀνομαζομένην	_	_
8.9	681	[1]	κάτω	_	_
8.9	682	[2]	κοιλίαν	_	_
8.9	683	[1]	ὑποδοχὴν	_	_
8.9	684	[1]	ἔθεσαν	_	_
8.9	685	[19]	.	b	_
8.9	686	[40]	καὶ	_	_
8.9	687	[3]	κατωτέρω	_	_
8.9	688	[10]	δὲ	_	_
8.9	689	[2]	πάλιν	_	_
8.9	690	[7]	ἐν	_	_
8.9	691	[1]	ταὐτῷ	_	_
8.9	692	[1]	συγγράμματι	_	_
8.9	693	[1]	τάδε	_	_
8.9	694	[1]	γράφει	_	_
8.9	695	[20]	.	b	_
8.9	696	[2]	ταὐτὸν	_	_
8.9	697	[3]	δὴ	_	_
8.9	698	[41]	καὶ	_	_
8.9	699	[12]	περὶ	_	_
8.9	700	[9]	τῆς	_	_
8.9	701	[1]	παρ	_	_
8.9	702	[12]	’	b	_
8.9	703	[2]	ἡμῖν	_	_
8.9	704	[1]	κοιλίας	_	_
8.9	705	[1]	διανοητέον	_	_
8.9	706	[54]	,	b	_
8.9	707	[3]	ὅτι	_	_
8.9	708	[2]	σιτία	_	_
8.9	709	[7]	μὲν	_	_
8.9	710	[42]	καὶ	_	_
8.9	711	[1]	ποτὰ	_	_
8.9	712	[55]	,	b	_
8.9	713	[1]	ὅταν	_	_
8.9	714	[9]	εἰς	_	_
8.9	715	[1]	αὐτὴν	_	_
8.9	716	[1]	ἐμπέσῃ	_	_
8.9	717	[56]	,	b	_
8.9	718	[1]	στέγει	_	_
8.9	719	[57]	,	b	_
8.9	720	[2]	πνεῦμα	_	_
8.9	721	[11]	δὲ	_	_
8.9	722	[43]	καὶ	_	_
8.9	723	[1]	πῦρ	_	_
8.9	724	[58]	,	b	_
8.9	725	[1]	μικρομερέστερα	_	_
8.9	726	[1]	ὄντα	_	_
8.9	727	[10]	τῆς	_	_
8.9	728	[1]	αὐτῆς	_	_
8.9	729	[1]	συστάσεως	_	_
8.9	730	[59]	,	b	_
8.9	731	[4]	οὐ	_	_
8.9	732	[1]	δύναται	_	_
8.9	733	[21]	.	b	_
8.9	734	[3]	πάλιν	_	_
8.9	735	[5]	οὖν	_	_
8.9	736	[1]	κᾀνταῦθα	_	_
8.9	737	[1]	σαφῶς	_	_
8.9	738	[3]	εἶπεν	_	_
8.9	739	[60]	,	b	_
8.9	740	[10]	εἰς	_	_
8.9	741	[12]	τὴν	_	_
8.9	742	[3]	κοιλίαν	_	_
8.9	743	[3]	ἡμῶν	_	_
8.9	744	[1]	ἀφικνεῖσθαι	_	_
8.9	745	[1]	τά	_	_
8.9	746	[11]	τε	_	_
8.9	747	[3]	σιτία	_	_
8.9	748	[44]	καὶ	_	_
8.9	749	[3]	τὰ	_	_
8.9	750	[1]	πόματα	_	_
8.9	751	[22]	.	b	_
8.9	752	[45]	καὶ	_	_
8.9	753	[15]	τοῦ	_	_
8.9	754	[1]	γ	_	_
8.9	755	[13]	’	b	_
8.9	756	[8]	ἐν	_	_
8.9	757	[2]	αὐτῇ	_	_
8.9	758	[2]	κατὰ	_	_
8.9	759	[13]	τὴν	_	_
8.9	760	[3]	τούτων	_	_
8.9	761	[1]	μίξιν	_	_
8.9	762	[1]	γενομένου	_	_
8.9	763	[1]	χυμοῦ	_	_
8.9	764	[14]	τὴν	_	_
8.9	765	[11]	εἰς	_	_
8.9	766	[1]	τὰς	_	_
8.9	767	[1]	φλέβας	_	_
8.9	768	[1]	΄ἀνάδοσιν	_	_
8.9	769	[1]	ὑδρείαν	_	_
8.9	770	[1]	ὠνόμασε	_	_
8.9	771	[10]	διὰ	_	_
8.9	772	[15]	τὴν	_	_
8.9	773	[1]	ὑγρότητα	_	_
8.9	774	[61]	,	b	_
8.9	775	[1]	λέγων	_	_
8.9	776	[1]	ἐφεξῆς	_	_
8.9	777	[5]	τοῖς	_	_
8.9	778	[1]	προγεγραμμένοις	_	_
8.9	779	[2]	οὕτως	_	_
8.9	780	[23]	.	b	_
8.9	781	[1]	τούτοις	_	_
8.9	782	[6]	οὖν	_	_
8.9	783	[1]	κατεχρήσατο	_	_
8.9	784	[2]	ὁ	_	_
8.9	785	[1]	θεὸς	_	_
8.9	786	[12]	εἰς	_	_
8.9	787	[16]	τὴν	_	_
8.9	788	[2]	ἐκ	_	_
8.9	789	[11]	τῆς	_	_
8.9	790	[2]	κοιλίας	_	_
8.9	791	[1]	ἐπὶ	_	_
8.9	792	[2]	τὰς	_	_
8.9	793	[2]	φλέβας	_	_
8.9	794	[2]	ὑδρείαν	_	_
8.9	795	[24]	.	b	_
8.9	796	[1]	κᾀν	_	_
8.9	797	[6]	τοῖς	_	_
8.9	798	[1]	ἑξῆς	_	_
8.9	799	[12]	δὲ	_	_
8.9	800	[4]	πάλιν	_	_
8.9	801	[5]	οὐ	_	_
8.9	802	[2]	μετὰ	_	_
8.9	803	[1]	πολλὰ	_	_
8.9	804	[11]	τῶν	_	_
8.9	805	[1]	εἰρημένων	_	_
8.9	806	[1]	ᾧδέ	_	_
8.9	807	[1]	πώς	_	_
8.9	808	[3]	φησι	_	_
8.9	809	[25]	.	b	_
8.9	810	[2]	ὅταν	_	_
8.9	811	[5]	γὰρ	_	_
8.9	812	[1]	εἴσω	_	_
8.9	813	[46]	καὶ	_	_
8.9	814	[1]	ἔξω	_	_
8.9	815	[12]	τῆς	_	_
8.9	816	[3]	ἀναπνοῆς	_	_
8.9	817	[1]	ἰούσης	_	_
8.9	818	[19]	τὸ	_	_
8.9	819	[2]	πῦρ	_	_
8.9	820	[2]	ἐντὸς	_	_
8.9	821	[1]	συνημμένον	_	_
8.9	822	[1]	ἕπηται	_	_
8.9	823	[62]	,	b	_
8.9	824	[1]	διαιρούμενον	_	_
8.9	825	[3]	δ	_	_
8.9	826	[14]	’	b	_
8.9	827	[1]	ἀεὶ	_	_
8.9	828	[11]	διὰ	_	_
8.9	829	[13]	τῆς	_	_
8.9	830	[3]	κοιλίας	_	_
8.9	831	[1]	εἰσελθὸν	_	_
8.9	832	[4]	τὰ	_	_
8.9	833	[4]	σιτία	_	_
8.9	834	[47]	καὶ	_	_
8.9	835	[2]	ποτὰ	_	_
8.9	836	[1]	λάβῃ	_	_
8.9	837	[63]	,	b	_
8.9	838	[1]	τήκει	_	_
8.9	839	[4]	δὴ	_	_
8.9	840	[48]	καὶ	_	_
8.9	841	[3]	κατὰ	_	_
8.9	842	[5]	τὰ	_	_
8.9	843	[1]	σμικρὰ	_	_
8.9	844	[1]	διαιροῦν	_	_
8.9	845	[12]	διὰ	_	_
8.9	846	[12]	τῶν	_	_
8.9	847	[1]	ἐξόδων	_	_
8.9	848	[64]	,	b	_
8.9	849	[1]	ᾗπερ	_	_
8.9	850	[1]	πορεύεται	_	_
8.9	851	[1]	διάγον	_	_
8.9	852	[2]	οἷον	_	_
8.9	853	[3]	ἐκ	_	_
8.9	854	[1]	κρήνης	_	_
8.9	855	[1]	ἐπ	_	_
8.9	856	[15]	’	b	_
8.9	857	[1]	ὀχετοὺς	_	_
8.9	858	[2]	ἐπὶ	_	_
8.9	859	[3]	τὰς	_	_
8.9	860	[3]	φλέβας	_	_
8.9	861	[1]	ἀντλοῦν	_	_
8.9	862	[3]	ταῦτα	_	_
8.9	863	[1]	ῥεῖν	_	_
8.9	864	[65]	,	b	_
8.9	865	[3]	ἢ	_	_
8.9	866	[3]	ὥσπερ	_	_
8.9	867	[1]	αὐλῶνος	_	_
8.9	868	[13]	διὰ	_	_
8.9	869	[16]	τοῦ	_	_
8.9	870	[2]	σώματος	_	_
8.9	871	[6]	τὰ	_	_
8.9	872	[13]	τῶν	_	_
8.9	873	[1]	φλεβῶν	_	_
8.9	874	[1]	ποιεῖ	_	_
8.9	875	[1]	ῥεύματα	_	_
8.9	876	[26]	.	b	_
8.9	877	[49]	καὶ	_	_
8.9	878	[14]	διὰ	_	_
8.9	879	[14]	τῶν	_	_
8.9	880	[2]	ἑξῆς	_	_
8.9	881	[13]	δὲ	_	_
8.9	882	[1]	φυλάττειν	_	_
8.9	883	[2]	φαίνεται	_	_
8.9	884	[17]	τὴν	_	_
8.9	885	[2]	αὐτὴν	_	_
8.9	886	[1]	γνώμην	_	_
8.9	887	[66]	,	b	_
8.9	888	[3]	ἔν	_	_
8.9	889	[12]	τε	_	_
8.9	890	[7]	τοῖς	_	_
8.9	891	[13]	περὶ	_	_
8.9	892	[14]	τῆς	_	_
8.9	893	[4]	ἀναπνοῆς	_	_
8.9	894	[50]	καὶ	_	_
8.9	895	[2]	πέψεως	_	_
8.9	896	[2]	λόγοις	_	_
8.9	897	[1]	ἅπασιν	_	_
8.9	898	[27]	.	b	_
8.9	899	[1]	ὥστε	_	_
8.9	900	[15]	τῆς	_	_
8.9	901	[8]	μὲν	_	_
8.9	902	[1]	ἠλιθίου	_	_
8.9	903	[1]	δόξης	_	_
8.9	904	[1]	ἀπήλλακται	_	_
8.9	905	[67]	,	b	_
8.9	906	[51]	καὶ	_	_
8.9	907	[1]	χρὴ	_	_
8.9	908	[1]	τοὺς	_	_
8.9	909	[1]	οἰηθέντας	_	_
8.9	910	[68]	,	b	_
8.9	911	[3]	αὐτὸν	_	_
8.9	912	[3]	οὕτως	_	_
8.9	913	[1]	ἀνόητον	_	_
8.9	914	[1]	ὑπάρχειν	_	_
8.9	915	[69]	,	b	_
8.9	916	[4]	ὡς	_	_
8.9	917	[1]	ὑπολαβεῖν	_	_
8.9	918	[70]	,	b	_
8.9	919	[13]	εἰς	_	_
8.9	920	[6]	πνεύμονα	_	_
8.9	921	[3]	φέρεσθαι	_	_
8.9	922	[20]	τὸ	_	_
8.9	923	[3]	ποτὸν	_	_
8.9	924	[3]	ἅπαν	_	_
8.9	925	[71]	,	b	_
8.9	926	[1]	αὐτοὺς	_	_
8.9	927	[1]	ἐγκαλεῖσθαι	_	_
8.9	928	[1]	μᾶλλον	_	_
8.9	929	[1]	ἐφ	_	_
8.9	930	[16]	’	b	_
8.9	931	[1]	οἷς	_	_
8.9	932	[1]	καταψεύδονται	_	_
8.9	933	[28]	.	b	_
8.9	934	[14]	περὶ	_	_
8.9	935	[14]	δὲ	_	_
8.9	936	[17]	τοῦ	_	_
8.9	937	[1]	φέρεσθαί	_	_
8.9	938	[5]	τι	_	_
8.9	939	[18]	τοῦ	_	_
8.9	940	[5]	πόματος	_	_
8.9	941	[14]	εἰς	_	_
8.9	942	[11]	τὸν	_	_
8.9	943	[7]	πνεύμονα	_	_
8.9	944	[15]	περὶ	_	_
8.9	945	[12]	τὸν	_	_
8.9	946	[1]	ἔνδοθεν	_	_
8.9	947	[2]	χιτῶνα	_	_
8.9	948	[19]	τοῦ	_	_
8.9	949	[13]	τε	_	_
8.9	950	[2]	λάρυγγος	_	_
8.9	951	[52]	καὶ	_	_
8.9	952	[16]	τῆς	_	_
8.9	953	[3]	τραχείας	_	_
8.9	954	[4]	ἀρτηρίας	_	_
8.9	955	[1]	βουλόμενός	_	_
8.9	956	[2]	τις	_	_
8.9	957	[1]	αὐτὸς	_	_
8.9	958	[2]	ἐφ	_	_
8.9	959	[17]	’	b	_
8.9	960	[1]	ἑαυτοῦ	_	_
8.9	961	[1]	πειραθῆναι	_	_
8.9	962	[2]	δύναται	_	_
8.9	963	[72]	,	b	_
8.9	964	[1]	λαβὼν	_	_
8.9	965	[9]	μὲν	_	_
8.9	966	[1]	ἑστὼς	_	_
8.9	967	[20]	τοῦ	_	_
8.9	968	[1]	ὕδατος	_	_
8.9	969	[15]	εἰς	_	_
8.9	970	[21]	τὸ	_	_
8.9	971	[1]	στόμα	_	_
8.9	972	[1]	δαψιλὲς	_	_
8.9	973	[73]	,	b	_
8.9	974	[2]	εἶτα	_	_
8.9	975	[1]	κατακλιθεὶς	_	_
8.9	976	[1]	ὕπτιος	_	_
8.9	977	[74]	,	b	_
8.9	978	[1]	ὑπανοίγων	_	_
8.9	979	[14]	τε	_	_
8.9	980	[1]	βραχὺ	_	_
8.9	981	[22]	τὸ	_	_
8.9	982	[1]	στόμιον	_	_
8.9	983	[21]	τοῦ	_	_
8.9	984	[3]	λάρυγγος	_	_
8.9	985	[4]	·	b	_
8.9	986	[3]	ἐφ	_	_
8.9	987	[18]	’	b	_
8.9	988	[3]	ἡμῖν	_	_
8.9	989	[1]	γάρ	_	_
8.9	990	[3]	ἐστιν	_	_
8.9	991	[1]	ἀνοιγνύναι	_	_
8.9	992	[15]	τε	_	_
8.9	993	[53]	καὶ	_	_
8.9	994	[1]	κλείειν	_	_
8.9	995	[1]	αὐτό	_	_
8.9	996	[29]	.	b	_
8.9	997	[1]	παραῤῥέοντος	_	_
8.9	998	[2]	γάρ	_	_
8.9	999	[1]	τινος	_	_
8.9	1000	[16]	εἰς	_	_
8.9	1001	[4]	αὐτὸν	_	_
8.9	1002	[4]	ἐκ	_	_
8.9	1003	[22]	τοῦ	_	_
8.9	1004	[1]	στόματος	_	_
8.9	1005	[75]	,	b	_
8.9	1006	[1]	αἰσθήσεται	_	_
8.9	1007	[1]	βραχέος	_	_
8.9	1008	[76]	,	b	_
8.9	1009	[3]	ὃ	_	_
8.9	1010	[5]	δὴ	_	_
8.9	1011	[54]	καὶ	_	_
8.9	1012	[1]	γαργαλίζει	_	_
8.9	1013	[55]	καὶ	_	_
8.9	1014	[1]	παροξύνει	_	_
8.9	1015	[1]	πλέον	_	_
8.9	1016	[1]	γενόμενον	_	_
8.9	1017	[30]	.	b	_
8.9	1018	[5]	ἀλλὰ	_	_
8.9	1019	[56]	καὶ	_	_
8.9	1020	[3]	αὐτὴν	_	_
8.9	1021	[18]	τὴν	_	_
8.9	1022	[1]	ἐρεθιζομένην	_	_
8.9	1023	[1]	βῆχα	_	_
8.9	1024	[1]	καρτερήσας	_	_
8.9	1025	[3]	τις	_	_
8.9	1026	[3]	δύναται	_	_
8.9	1027	[1]	κατασχεῖν	_	_
8.9	1028	[77]	,	b	_
8.9	1029	[5]	ὡς	_	_
8.9	1030	[1]	αὐτίκα	_	_
8.9	1031	[1]	παύσασθαι	_	_
8.9	1032	[78]	,	b	_
8.9	1033	[2]	βραχέος	_	_
8.9	1034	[23]	τοῦ	_	_
8.9	1035	[1]	γαργαλίζοντος	_	_
8.9	1036	[1]	ὄντος	_	_
8.9	1037	[31]	.	b	_
8.9	1038	[1]	ἐνίοτε	_	_
8.9	1039	[15]	δὲ	_	_
8.9	1040	[57]	καὶ	_	_
8.9	1041	[1]	βηχίον	_	_
8.9	1042	[1]	μικρὸν	_	_
8.9	1043	[2]	γενόμενον	_	_
8.9	1044	[1]	ἐσκέδασε	_	_
8.9	1045	[23]	τὸ	_	_
8.9	1046	[1]	γαργαλίζον	_	_
8.9	1047	[79]	,	b	_
8.9	1048	[1]	οὐδεμιᾶς	_	_
8.9	1049	[1]	ἀναπτύσεως	_	_
8.9	1050	[1]	γενομένης	_	_
8.9	1051	[5]	·	b	_
8.9	1052	[1]	ᾧ	_	_
8.9	1053	[58]	καὶ	_	_
8.9	1054	[1]	δῆλόν	_	_
8.9	1055	[4]	ἐστι	_	_
8.9	1056	[24]	τὸ	_	_
8.9	1057	[2]	ἀθρόον	_	_
8.9	1058	[3]	πόμα	_	_
8.9	1059	[80]	,	b	_
8.9	1060	[59]	καὶ	_	_
8.9	1061	[1]	πολὺ	_	_
8.9	1062	[81]	,	b	_
8.9	1063	[60]	καὶ	_	_
8.9	1064	[1]	τοσοῦτον	_	_
8.9	1065	[82]	,	b	_
8.9	1066	[6]	ὡς	_	_
8.9	1067	[1]	καταλαμβάνειν	_	_
8.9	1068	[4]	τὰς	_	_
8.9	1069	[1]	ὁδοὺς	_	_
8.9	1070	[24]	τοῦ	_	_
8.9	1071	[1]	πνεύματος	_	_
8.9	1072	[83]	,	b	_
8.9	1073	[1]	ἐρεθίζειν	_	_
8.9	1074	[25]	τὸ	_	_
8.9	1075	[1]	ζῶον	_	_
8.9	1076	[17]	εἰς	_	_
8.9	1077	[2]	βῆχα	_	_
8.9	1078	[32]	.	b	_
8.9	1079	[26]	τὸ	_	_
8.9	1080	[4]	δ	_	_
8.9	1081	[19]	’	b	_
8.9	1082	[4]	οὕτως	_	_
8.9	1083	[2]	ὀλίγον	_	_
8.9	1084	[84]	,	b	_
8.9	1085	[7]	ὡς	_	_
8.9	1086	[16]	περὶ	_	_
8.9	1087	[13]	τὸν	_	_
8.9	1088	[1]	ἔνδον	_	_
8.9	1089	[3]	χιτῶνα	_	_
8.9	1090	[25]	τοῦ	_	_
8.9	1091	[1]	λάρυγγός	_	_
8.9	1092	[16]	τε	_	_
8.9	1093	[61]	καὶ	_	_
8.9	1094	[17]	τῆς	_	_
8.9	1095	[4]	τραχείας	_	_
8.9	1096	[5]	ἀρτηρίας	_	_
8.9	1097	[1]	ἐκχεῖσθαι	_	_
8.9	1098	[1]	δροσοειδῶς	_	_
8.9	1099	[85]	,	b	_
8.9	1100	[2]	οὔτε	_	_
8.9	1101	[1]	ἐρεθίζον	_	_
8.9	1102	[86]	,	b	_
8.9	1103	[1]	οὔθ	_	_
8.9	1104	[20]	’	b	_
8.9	1105	[1]	ὅλως	_	_
8.9	1106	[1]	αἴσθησιν	_	_
8.9	1107	[1]	ἐργαζόμενον	_	_
8.9	1108	[2]	ἑαυτοῦ	_	_
8.9	1109	[1]	καταφερομένου	_	_
8.9	1110	[15]	διὰ	_	_
8.9	1111	[18]	τῆς	_	_
8.9	1112	[6]	ἀρτηρίας	_	_
8.9	1113	[33]	.	b	_
8.9	1114	[3]	ἀλλ	_	_
8.9	1115	[21]	’	b	_
8.9	1116	[3]	εἰ	_	_
8.9	1117	[62]	καὶ	_	_
8.9	1118	[2]	ζῶον	_	_
8.9	1119	[87]	,	b	_
8.9	1120	[1]	ὅ	_	_
8.9	1121	[6]	τι	_	_
8.9	1122	[1]	ἂν	_	_
8.9	1123	[1]	ἐθελήσαις	_	_
8.9	1124	[88]	,	b	_
8.9	1125	[1]	διψῆσαι	_	_
8.9	1126	[1]	ποιήσεις	_	_
8.9	1127	[89]	,	b	_
8.9	1128	[8]	ὡς	_	_
8.9	1129	[1]	κεχρωσμένον	_	_
8.9	1130	[1]	ὕδωρ	_	_
8.9	1131	[1]	ὑπομεῖναι	_	_
8.9	1132	[1]	ποιεῖν	_	_
8.9	1133	[90]	,	b	_
8.9	1134	[4]	εἰ	_	_
8.9	1135	[1]	δοίης	_	_
8.9	1136	[91]	,	b	_
8.9	1137	[2]	εἴτε	_	_
8.9	1138	[1]	κυανῷ	_	_
8.9	1139	[1]	χρώματι	_	_
8.9	1140	[1]	χρώσας	_	_
8.9	1141	[92]	,	b	_
8.9	1142	[3]	εἴτε	_	_
8.9	1143	[1]	μίλτῳ	_	_
8.9	1144	[93]	,	b	_
8.9	1145	[1]	εἶτ	_	_
8.9	1146	[22]	’	b	_
8.9	1147	[1]	εὐθέως	_	_
8.9	1148	[1]	σφάξας	_	_
8.9	1149	[1]	ἀνατέμοις	_	_
8.9	1150	[94]	,	b	_
8.9	1151	[1]	εὑρήσεις	_	_
8.9	1152	[2]	κεχρωσμένον	_	_
8.9	1153	[14]	τὸν	_	_
8.9	1154	[8]	πνεύμονα	_	_
8.9	1155	[34]	.	b	_
8.9	1156	[1]	δῆλον	_	_
8.9	1157	[7]	οὖν	_	_
8.9	1158	[4]	ἐστιν	_	_
8.9	1159	[95]	,	b	_
8.9	1160	[4]	ὅτι	_	_
8.9	1161	[1]	φέρεταί	_	_
8.9	1162	[7]	τι	_	_
8.9	1163	[26]	τοῦ	_	_
8.9	1164	[6]	πόματος	_	_
8.9	1165	[18]	εἰς	_	_
8.9	1166	[1]	αὐτόν	_	_
8.9	1167	[35]	.	b	_
9.1	1	[1]	ΓΑΛΗΝΟΥ	_	_
9.1	2	[1]	ΠΕΡΙ	_	_
9.1	3	[1]	ΤΩΝ	_	_
9.1	4	[1]	ΚΑΘ	_	_
9.1	5	[1]	’	b	_
9.1	6	[1]	ΙΠΠΟΚΡΑΤΗΝ	_	_
9.1	7	[1]	ΚΑΙ	_	_
9.1	8	[1]	ΠΛΑΤΩΝΑ	_	_
9.1	9	[1]	ΔΟΓΜΑΤΩΝ	_	_
9.1	10	[1]	ΒΙΒΛΙΟΝ	_	_
9.1	11	[1]	ΕΝΝΑΤΟΝ	_	_
9.1	12	[1]	.	b	_
9.1	13	[1]	Ἐπειδὴ	_	_
9.1	14	[1]	περὶ	_	_
9.1	15	[1]	πάντων	_	_
9.1	16	[1]	ὧν	_	_
9.1	17	[1]	ἀμφότεροι	_	_
9.1	18	[1]	λέγουσιν	_	_
9.1	19	[1]	,	b	_
9.1	20	[1]	ὁ	_	_
9.1	21	[1]	Ἱπποκράτης	_	_
9.1	22	[1]	καὶ	_	_
9.1	23	[2]	ὁ	_	_
9.1	24	[1]	Πλάτων	_	_
9.1	25	[2]	,	b	_
9.1	26	[1]	ἐπισκέψασθαι	_	_
9.1	27	[1]	προὔκειτο	_	_
9.1	28	[3]	,	b	_
9.1	29	[1]	λέλεκται	_	_
9.1	30	[1]	δ	_	_
9.1	31	[2]	’	b	_
9.1	32	[1]	ἤδη	_	_
9.1	33	[2]	περὶ	_	_
9.1	34	[1]	τῶν	_	_
9.1	35	[1]	μεγίστην	_	_
9.1	36	[1]	δύναμιν	_	_
9.1	37	[1]	ἐχόντων	_	_
9.1	38	[1]	εἰς	_	_
9.1	39	[1]	ἰατρικήν	_	_
9.1	40	[1]	τε	_	_
9.1	41	[2]	καὶ	_	_
9.1	42	[1]	φιλοσοφίαν	_	_
9.1	43	[4]	,	b	_
9.1	44	[1]	καιρὸς	_	_
9.1	45	[1]	ἂν	_	_
9.1	46	[1]	εἴη	_	_
9.1	47	[1]	τραπέσθαι	_	_
9.1	48	[1]	πρὸς	_	_
9.1	49	[1]	τἄλλα	_	_
9.1	50	[2]	.	b	_
9.1	51	[1]	φαίνεται	_	_
9.1	52	[2]	δ	_	_
9.1	53	[3]	’	b	_
9.1	54	[1]	ἐν	_	_
9.1	55	[1]	αὐτοῖς	_	_
9.1	56	[1]	οὐ	_	_
9.1	57	[1]	σμικρὰν	_	_
9.1	58	[2]	δύναμιν	_	_
9.1	59	[1]	ἔχον	_	_
9.1	60	[1]	ἐπίστασθαι	_	_
9.1	61	[1]	διακρίνειν	_	_
9.1	62	[1]	ἀπ	_	_
9.1	63	[4]	’	b	_
9.1	64	[1]	ἀλλήλων	_	_
9.1	65	[1]	τὰ	_	_
9.1	66	[1]	ὁμοιότατα	_	_
9.1	67	[3]	.	b	_
9.1	68	[2]	οὐ	_	_
9.1	69	[1]	μόνον	_	_
9.1	70	[1]	γὰρ	_	_
9.1	71	[5]	,	b	_
9.1	72	[1]	ὅπου	_	_
9.1	73	[1]	κοινωνοῦσιν	_	_
9.1	74	[6]	,	b	_
9.1	75	[2]	ἐπίστασθαι	_	_
9.1	76	[1]	χρήσιμον	_	_
9.1	77	[7]	,	b	_
9.1	78	[1]	ἀλλὰ	_	_
9.1	79	[1]	πολλῷ	_	_
9.1	80	[1]	μᾶλλον	_	_
9.1	81	[2]	ἐν	_	_
9.1	82	[1]	οἷς	_	_
9.1	83	[1]	διαφέρονται	_	_
9.1	84	[4]	.	b	_
9.1	85	[1]	τὴν	_	_
9.1	86	[1]	ἀρχὴν	_	_
9.1	87	[1]	οὖν	_	_
9.1	88	[1]	ἀπὸ	_	_
9.1	89	[1]	τούτων	_	_
9.1	90	[1]	ποιησόμεθα	_	_
9.1	91	[8]	,	b	_
9.1	92	[1]	δεικνύντες	_	_
9.1	93	[9]	,	b	_
9.1	94	[1]	ὅτι	_	_
9.1	95	[2]	τε	_	_
9.1	96	[1]	καθόλου	_	_
9.1	97	[3]	περὶ	_	_
9.1	98	[1]	αὐτῶν	_	_
9.1	99	[1]	ὡσαύτως	_	_
9.1	100	[1]	ἀπεφῄναντο	_	_
9.1	101	[10]	,	b	_
9.1	102	[1]	διά	_	_
9.1	103	[3]	τε	_	_
9.1	104	[2]	τῶν	_	_
9.1	105	[3]	ἐν	_	_
9.1	106	[1]	εἴδεσι	_	_
9.1	107	[1]	παραδειγμάτων	_	_
9.1	108	[3]	ὁ	_	_
9.1	109	[1]	μὲν	_	_
9.1	110	[1]	τῆς	_	_
9.1	111	[1]	ἰατρικῆς	_	_
9.1	112	[1]	τέχνης	_	_
9.1	113	[11]	,	b	_
9.1	114	[4]	ὁ	_	_
9.1	115	[1]	δὲ	_	_
9.1	116	[2]	τῆς	_	_
9.1	117	[1]	φιλοσοφίας	_	_
9.1	118	[1]	ἐγύμνασαν	_	_
9.1	119	[1]	ἡμᾶς	_	_
9.1	120	[12]	,	b	_
9.1	121	[3]	καὶ	_	_
9.1	122	[1]	τρίτον	_	_
9.1	123	[13]	,	b	_
9.1	124	[2]	ὅτι	_	_
9.1	125	[1]	δι	_	_
9.1	126	[5]	’	b	_
9.1	127	[2]	αὐτῶν	_	_
9.1	128	[2]	ὧν	_	_
9.1	129	[2]	ἐγύμνασαν	_	_
9.1	130	[1]	ἐδίδαξαν	_	_
9.1	131	[1]	ὁδὸν	_	_
9.1	132	[14]	,	b	_
9.1	133	[1]	ᾖ	_	_
9.1	134	[1]	προϊόντες	_	_
9.1	135	[1]	ἐπὶ	_	_
9.1	136	[1]	τὸ	_	_
9.1	137	[1]	προκείμενον	_	_
9.1	138	[1]	ἀφιξόμεθα	_	_
9.1	139	[5]	.	b	_
9.1	140	[2]	καθόλου	_	_
9.1	141	[2]	μὲν	_	_
9.1	142	[2]	οὖν	_	_
9.1	143	[5]	ὁ	_	_
9.1	144	[2]	Ἱπποκράτης	_	_
9.1	145	[1]	ἀπεφῄνατο	_	_
9.1	146	[15]	,	b	_
9.1	147	[4]	περὶ	_	_
9.1	148	[3]	ὧν	_	_
9.1	149	[1]	πλάνας	_	_
9.1	150	[4]	καὶ	_	_
9.1	151	[1]	διαπορίας	_	_
9.1	152	[5]	καὶ	_	_
9.1	153	[1]	τοῖς	_	_
9.1	154	[1]	ἀγαθοῖς	_	_
9.1	155	[1]	ἰατροῖς	_	_
9.1	156	[1]	παρέχει	_	_
9.1	157	[16]	,	b	_
9.1	158	[6]	ὁ	_	_
9.1	159	[2]	δὲ	_	_
9.1	160	[2]	Πλάτων	_	_
9.1	161	[1]	ᾧδε	_	_
9.1	162	[6]	.	b	_
9.1	163	[1]	δεῖ	_	_
9.1	164	[1]	ἄρα	_	_
9.1	165	[1]	πρῶτον	_	_
9.1	166	[1]	τὸν	_	_
9.1	167	[1]	μέλλοντα	_	_
9.1	168	[1]	ἀπατήσειν	_	_
9.1	169	[3]	μὲν	_	_
9.1	170	[1]	ἄλλον	_	_
9.1	171	[17]	,	b	_
9.1	172	[1]	αὐτὸν	_	_
9.1	173	[3]	δὲ	_	_
9.1	174	[1]	μὴ	_	_
9.1	175	[1]	ἀπατηθήσεσθαι	_	_
9.1	176	[18]	,	b	_
9.1	177	[2]	τὴν	_	_
9.1	178	[1]	ὁμοιότητα	_	_
9.1	179	[3]	τῶν	_	_
9.1	180	[1]	ὄντων	_	_
9.1	181	[6]	καὶ	_	_
9.1	182	[1]	ἀνομοιότητα	_	_
9.1	183	[1]	ἀκριβῶς	_	_
9.1	184	[1]	εἰδέναι	_	_
9.1	185	[7]	.	b	_
9.1	186	[1]	ὅπως	_	_
9.1	187	[3]	δ	_	_
9.1	188	[6]	’	b	_
9.1	189	[1]	ἄν	_	_
9.1	190	[1]	τῳ	_	_
9.1	191	[1]	περιγένοιτο	_	_
9.1	192	[1]	τοῦτο	_	_
9.1	193	[19]	,	b	_
9.1	194	[7]	ὁ	_	_
9.1	195	[3]	Πλάτων	_	_
9.1	196	[1]	σε	_	_
9.1	197	[1]	διδάξει	_	_
9.1	198	[1]	λέγων	_	_
9.1	199	[1]	·	b	_
9.1	200	[1]	ἆρ	_	_
9.1	201	[7]	’	b	_
9.1	202	[3]	οὖν	_	_
9.1	203	[1]	οἷός	_	_
9.1	204	[1]	τέ	_	_
9.1	205	[1]	ἐστιν	_	_
9.1	206	[1]	ἀλήθειαν	_	_
9.1	207	[1]	ἀγνοῶν	_	_
9.1	208	[1]	τις	_	_
9.1	209	[1]	ἑκάστου	_	_
9.1	210	[3]	τὴν	_	_
9.1	211	[1]	ἀγνοουμένου	_	_
9.1	212	[2]	ὁμοιότητα	_	_
9.1	213	[1]	σμικράν	_	_
9.1	214	[4]	τε	_	_
9.1	215	[7]	καὶ	_	_
9.1	216	[1]	μεγάλην	_	_
9.1	217	[4]	ἐν	_	_
9.1	218	[2]	τοῖς	_	_
9.1	219	[1]	ἄλλοις	_	_
9.1	220	[1]	διαγιγνώσκειν	_	_
9.1	221	[1]	;	b	_
9.1	222	[1]	ἀδύνατον	_	_
9.1	223	[8]	.	b	_
9.1	224	[2]	ὅπως	_	_
9.1	225	[4]	δ	_	_
9.1	226	[8]	’	b	_
9.1	227	[2]	ἂν	_	_
9.1	228	[4]	τὴν	_	_
9.1	229	[2]	ἀλήθειαν	_	_
9.1	230	[2]	ἑκάστου	_	_
9.1	231	[4]	τῶν	_	_
9.1	232	[1]	ζητουμένων	_	_
9.1	233	[1]	εὑρίσκοι	_	_
9.1	234	[2]	τις	_	_
9.1	235	[20]	,	b	_
9.1	236	[1]	ἄκουσον	_	_
9.1	237	[1]	ἐμοῦ	_	_
9.1	238	[1]	πρότερον	_	_
9.1	239	[1]	διηγησαμένου	_	_
9.1	240	[1]	σαφῶς	_	_
9.1	241	[5]	τε	_	_
9.1	242	[8]	καὶ	_	_
9.1	243	[1]	διὰ	_	_
9.1	244	[1]	συντόμων	_	_
9.1	245	[21]	,	b	_
9.1	246	[1]	ἃ	_	_
9.1	247	[5]	δ	_	_
9.1	248	[9]	’	b	_
9.1	249	[3]	ἂν	_	_
9.1	250	[1]	ἀκούσῃς	_	_
9.1	251	[22]	,	b	_
9.1	252	[1]	τῇ	_	_
9.1	253	[1]	μνήμῃ	_	_
9.1	254	[1]	παραθέμενος	_	_
9.1	255	[2]	ἐπὶ	_	_
9.1	256	[1]	τὰς	_	_
9.1	257	[1]	ἐκείνων	_	_
9.1	258	[1]	ἧκε	_	_
9.1	259	[1]	ῥήσεις	_	_
9.1	260	[9]	.	b	_
9.1	261	[1]	ἐγὼ	_	_
9.1	262	[1]	δέ	_	_
9.1	263	[1]	σοί	_	_
9.1	264	[1]	φημι	_	_
9.1	265	[5]	τὴν	_	_
9.1	266	[5]	τῶν	_	_
9.1	267	[2]	ζητουμένων	_	_
9.1	268	[3]	ἀλήθειαν	_	_
9.1	269	[1]	εὑρεθήσεσθαι	_	_
9.1	270	[23]	,	b	_
9.1	271	[2]	πρῶτον	_	_
9.1	272	[4]	μὲν	_	_
9.1	273	[1]	γνόντι	_	_
9.1	274	[6]	τὴν	_	_
9.1	275	[2]	ἀρχὴν	_	_
9.1	276	[3]	τῆς	_	_
9.1	277	[1]	ἐπ	_	_
9.1	278	[10]	’	b	_
9.1	279	[1]	αὐτὰ	_	_
9.1	280	[1]	ὁδοῦ	_	_
9.1	281	[24]	,	b	_
9.1	282	[1]	ταύτης	_	_
9.1	283	[2]	γὰρ	_	_
9.1	284	[1]	ἁμαρτὼν	_	_
9.1	285	[25]	,	b	_
9.1	286	[2]	εἰς	_	_
9.1	287	[1]	πολλὴν	_	_
9.1	288	[1]	ἄλλην	_	_
9.1	289	[6]	τε	_	_
9.1	290	[9]	καὶ	_	_
9.1	291	[1]	πλάνην	_	_
9.1	292	[1]	ἀφίξῃ	_	_
9.1	293	[1]	λόγων	_	_
9.1	294	[10]	.	b	_
9.1	295	[2]	διὰ	_	_
9.1	296	[6]	τῶν	_	_
9.1	297	[3]	αὐτῶν	_	_
9.1	298	[4]	δὲ	_	_
9.1	299	[1]	κριτηρίων	_	_
9.1	300	[26]	,	b	_
9.1	301	[2]	δι	_	_
9.1	302	[11]	’	b	_
9.1	303	[4]	ὧν	_	_
9.1	304	[7]	τὴν	_	_
9.1	305	[3]	ἀρχὴν	_	_
9.1	306	[1]	εὗρες	_	_
9.1	307	[27]	,	b	_
9.1	308	[1]	εὑρήσεις	_	_
9.1	309	[10]	καὶ	_	_
9.1	310	[2]	τὸ	_	_
9.1	311	[1]	μετὰ	_	_
9.1	312	[8]	τὴν	_	_
9.1	313	[4]	ἀρχὴν	_	_
9.1	314	[1]	δεύτερον	_	_
9.1	315	[28]	,	b	_
9.1	316	[1]	εἶθ	_	_
9.1	317	[12]	’	b	_
9.1	318	[1]	ὁμοίως	_	_
9.1	319	[3]	τὸ	_	_
9.1	320	[2]	τρίτον	_	_
9.1	321	[29]	,	b	_
9.1	322	[11]	καὶ	_	_
9.1	323	[1]	ἕκαστον	_	_
9.1	324	[7]	τῶν	_	_
9.1	325	[1]	ἐφεξῆς	_	_
9.1	326	[11]	.	b	_
9.1	327	[1]	πῶς	_	_
9.1	328	[4]	οὖν	_	_
9.1	329	[1]	ἔστι	_	_
9.1	330	[9]	τὴν	_	_
9.1	331	[5]	ἀρχὴν	_	_
9.1	332	[1]	εὑρίσκειν	_	_
9.1	333	[2]	;	b	_
9.1	334	[1]	ἐπειδὴ	_	_
9.1	335	[12]	καὶ	_	_
9.1	336	[8]	ὁ	_	_
9.1	337	[4]	Πλάτων	_	_
9.1	338	[1]	ἐπαινέσας	_	_
9.1	339	[10]	τὴν	_	_
9.1	340	[1]	παροιμίαν	_	_
9.1	341	[30]	,	b	_
9.1	342	[5]	ἐν	_	_
9.1	343	[1]	ᾗ	_	_
9.1	344	[1]	λέγομεν	_	_
9.1	345	[31]	,	b	_
9.1	346	[1]	ἀρχὴ	_	_
9.1	347	[2]	δέ	_	_
9.1	348	[1]	τοι	_	_
9.1	349	[1]	ἥμισυ	_	_
9.1	350	[1]	παντὸς	_	_
9.1	351	[32]	,	b	_
9.1	352	[1]	αὐτὸς	_	_
9.1	353	[1]	προσέθηκε	_	_
9.1	354	[4]	τὸ	_	_
9.1	355	[1]	μέγιστον	_	_
9.1	356	[33]	,	b	_
9.1	357	[1]	εἰπὼν	_	_
9.1	358	[6]	ἀρχὴν	_	_
9.1	359	[2]	παντὸς	_	_
9.1	360	[1]	ἔργου	_	_
9.1	361	[2]	μέγιστον	_	_
9.1	362	[1]	εἶναι	_	_
9.1	363	[34]	,	b	_
9.1	364	[1]	ὥσπερ	_	_
9.1	365	[13]	καὶ	_	_
9.1	366	[1]	ἄλλοι	_	_
9.1	367	[1]	τινὲς	_	_
9.1	368	[35]	,	b	_
9.1	369	[1]	οἱ	_	_
9.1	370	[5]	μὲν	_	_
9.1	371	[3]	οὐ	_	_
9.1	372	[2]	μόνον	_	_
9.1	373	[5]	τὸ	_	_
9.1	374	[2]	ἥμισυ	_	_
9.1	375	[1]	τοῦ	_	_
9.1	376	[3]	παντὸς	_	_
9.1	377	[2]	εἶναι	_	_
9.1	378	[11]	τὴν	_	_
9.1	379	[7]	ἀρχὴν	_	_
9.1	380	[1]	ἔφασαν	_	_
9.1	381	[36]	,	b	_
9.1	382	[2]	ἀλλὰ	_	_
9.1	383	[14]	καὶ	_	_
9.1	384	[1]	πλέον	_	_
9.1	385	[1]	ἢ	_	_
9.1	386	[6]	τὸ	_	_
9.1	387	[3]	ἥμισυ	_	_
9.1	388	[37]	,	b	_
9.1	389	[2]	τινὲς	_	_
9.1	390	[5]	δὲ	_	_
9.1	391	[15]	καὶ	_	_
9.1	392	[7]	τὸ	_	_
9.1	393	[1]	πᾶν	_	_
9.1	394	[1]	δυνάμει	_	_
9.1	395	[12]	.	b	_
9.1	396	[1]	δείξομεν	_	_
9.1	397	[5]	οὖν	_	_
9.1	398	[2]	ἤδη	_	_
9.1	399	[38]	,	b	_
9.1	400	[2]	πῶς	_	_
9.1	401	[2]	ἄν	_	_
9.1	402	[3]	τις	_	_
9.1	403	[2]	εὑρίσκοι	_	_
9.1	404	[12]	τὴν	_	_
9.1	405	[8]	ἀρχὴν	_	_
9.1	406	[4]	τῆς	_	_
9.1	407	[8]	τῶν	_	_
9.1	408	[3]	ζητουμένων	_	_
9.1	409	[1]	εὑρέσεως	_	_
9.1	410	[39]	,	b	_
9.1	411	[1]	ἀναμνήσαντες	_	_
9.1	412	[2]	ἃ	_	_
9.1	413	[3]	διὰ	_	_
9.1	414	[1]	μακρῶν	_	_
9.1	415	[1]	ἔν	_	_
9.1	416	[7]	τε	_	_
9.1	417	[2]	τῇ	_	_
9.1	418	[5]	περὶ	_	_
9.1	419	[5]	τῆς	_	_
9.1	420	[1]	ἀποδείξεως	_	_
9.1	421	[1]	πραγματείᾳ	_	_
9.1	422	[2]	λέλεκται	_	_
9.1	423	[16]	καὶ	_	_
9.1	424	[1]	κατ	_	_
9.1	425	[13]	’	b	_
9.1	426	[1]	ἄλλας	_	_
9.1	427	[1]	τινάς	_	_
9.1	428	[13]	.	b	_
9.1	429	[1]	εἰ	_	_
9.1	430	[6]	μὲν	_	_
9.1	431	[3]	γὰρ	_	_
9.1	432	[1]	οὐδὲν	_	_
9.1	433	[1]	ἡμῖν	_	_
9.1	434	[1]	ἐστι	_	_
9.1	435	[1]	φυσικὸν	_	_
9.1	436	[1]	κριτήριον	_	_
9.1	437	[40]	,	b	_
9.1	438	[1]	οὐδὲ	_	_
9.1	439	[1]	τεχνικὸν	_	_
9.1	440	[2]	οὐδὲν	_	_
9.1	441	[1]	εὑρεῖν	_	_
9.1	442	[1]	δυνησόμεθα	_	_
9.1	443	[2]	·	b	_
9.1	444	[1]	φυσικὰ	_	_
9.1	445	[6]	δ	_	_
9.1	446	[14]	’	b	_
9.1	447	[1]	ἔχοντες	_	_
9.1	448	[41]	,	b	_
9.1	449	[1]	εὕροιμεν	_	_
9.1	450	[3]	ἄν	_	_
9.1	451	[1]	τι	_	_
9.1	452	[17]	καὶ	_	_
9.1	453	[1]	τεχνικόν	_	_
9.1	454	[14]	.	b	_
9.1	455	[2]	ἆρ	_	_
9.1	456	[15]	’	b	_
9.1	457	[6]	οὖν	_	_
9.1	458	[1]	ἔχομέν	_	_
9.1	459	[1]	τινα	_	_
9.1	460	[2]	φυσικὰ	_	_
9.1	461	[1]	κριτήρια	_	_
9.1	462	[1]	κοινὰ	_	_
9.1	463	[1]	πάντες	_	_
9.1	464	[1]	ἄνθρωποι	_	_
9.1	465	[3]	;	b	_
9.1	466	[2]	οὐδὲ	_	_
9.1	467	[4]	γὰρ	_	_
9.1	468	[1]	ἐνδέχεται	_	_
9.1	469	[3]	φυσικὰ	_	_
9.1	470	[1]	λέγειν	_	_
9.1	471	[2]	αὐτὰ	_	_
9.1	472	[2]	τὰ	_	_
9.1	473	[2]	μὴ	_	_
9.1	474	[2]	κοινὰ	_	_
9.1	475	[2]	πάντων	_	_
9.1	476	[1]	ὄντα	_	_
9.1	477	[15]	.	b	_
9.1	478	[1]	χρὴ	_	_
9.1	479	[5]	γὰρ	_	_
9.1	480	[1]	δή	_	_
9.1	481	[1]	που	_	_
9.1	482	[3]	τὰ	_	_
9.1	483	[4]	φυσικὰ	_	_
9.1	484	[2]	πρὸς	_	_
9.1	485	[1]	τῷ	_	_
9.1	486	[3]	πάντων	_	_
9.1	487	[3]	εἶναι	_	_
9.1	488	[3]	κοινὰ	_	_
9.1	489	[18]	καὶ	_	_
9.1	490	[13]	τὴν	_	_
9.1	491	[1]	φυσικὴν	_	_
9.1	492	[1]	ἔχειν	_	_
9.1	493	[1]	κοινήν	_	_
9.1	494	[16]	.	b	_
9.1	495	[2]	ἐγὼ	_	_
9.1	496	[7]	μὲν	_	_
9.1	497	[2]	ἔχειν	_	_
9.1	498	[1]	φημὶ	_	_
9.1	499	[1]	πάντας	_	_
9.1	500	[2]	ἡμᾶς	_	_
9.1	501	[5]	φυσικὰ	_	_
9.1	502	[2]	κριτήρια	_	_
9.1	503	[42]	,	b	_
9.1	504	[19]	καὶ	_	_
9.1	505	[1]	τοῦτ	_	_
9.1	506	[16]	’	b	_
9.1	507	[1]	ἀναμιμνήσκων	_	_
9.1	508	[43]	,	b	_
9.1	509	[4]	οὐ	_	_
9.1	510	[1]	διδάσκων	_	_
9.1	511	[44]	,	b	_
9.1	512	[1]	οὐδ	_	_
9.1	513	[17]	’	b	_
9.1	514	[1]	ἀποδεικνὺς	_	_
9.1	515	[45]	,	b	_
9.1	516	[2]	οὐδ	_	_
9.1	517	[18]	’	b	_
9.1	518	[1]	ὡς	_	_
9.1	519	[2]	αὐτὸς	_	_
9.1	520	[1]	εἰρηκὼς	_	_
9.1	521	[1]	λέγω	_	_
9.1	522	[17]	.	b	_
9.1	523	[1]	τίνα	_	_
9.1	524	[3]	δέ	_	_
9.1	525	[2]	ἐστι	_	_
9.1	526	[1]	ταῦτα	_	_
9.1	527	[4]	;	b	_
9.1	528	[1]	τοὺς	_	_
9.1	529	[1]	κατὰ	_	_
9.1	530	[1]	φύσιν	_	_
9.1	531	[1]	ἔχοντας	_	_
9.1	532	[9]	τῶν	_	_
9.1	533	[1]	ὀφθαλμῶν	_	_
9.1	534	[1]	ὁρῶντας	_	_
9.1	535	[4]	τὰ	_	_
9.1	536	[1]	ὁρατὰ	_	_
9.1	537	[46]	,	b	_
9.1	538	[20]	καὶ	_	_
9.1	539	[2]	κατὰ	_	_
9.1	540	[2]	φύσιν	_	_
9.1	541	[2]	ἔχοντας	_	_
9.1	542	[10]	τῶν	_	_
9.1	543	[1]	ὤτων	_	_
9.1	544	[1]	ἀκούοντας	_	_
9.1	545	[5]	τὰ	_	_
9.1	546	[1]	ἀκουστὰ	_	_
9.1	547	[47]	,	b	_
9.1	548	[21]	καὶ	_	_
9.1	549	[1]	γλῶτταν	_	_
9.1	550	[1]	γευομένην	_	_
9.1	551	[1]	χυμῶν	_	_
9.1	552	[48]	,	b	_
9.1	553	[22]	καὶ	_	_
9.1	554	[1]	ῥῖνας	_	_
9.1	555	[1]	ὀσμῶν	_	_
9.1	556	[49]	,	b	_
9.1	557	[23]	καὶ	_	_
9.1	558	[1]	σύμπαν	_	_
9.1	559	[8]	τὸ	_	_
9.1	560	[1]	δέρμα	_	_
9.1	561	[11]	τῶν	_	_
9.1	562	[1]	ἁπτῶν	_	_
9.1	563	[50]	,	b	_
9.1	564	[3]	ἐπὶ	_	_
9.1	565	[6]	δὲ	_	_
9.1	566	[1]	τούτοις	_	_
9.1	567	[14]	τὴν	_	_
9.1	568	[1]	γνώμην	_	_
9.1	569	[51]	,	b	_
9.1	570	[2]	ἢ	_	_
9.1	571	[1]	ἔννοιαν	_	_
9.1	572	[52]	,	b	_
9.1	573	[3]	ἢ	_	_
9.1	574	[1]	ὅ	_	_
9.1	575	[1]	τί	_	_
9.1	576	[1]	ποτ	_	_
9.1	577	[19]	’	b	_
9.1	578	[4]	ἂν	_	_
9.1	579	[1]	ἐθέλῃ	_	_
9.1	580	[4]	τις	_	_
9.1	581	[1]	ὀνομάζειν	_	_
9.1	582	[53]	,	b	_
9.1	583	[1]	ᾧ	_	_
9.1	584	[1]	διαγιγνώσκομεν	_	_
9.1	585	[1]	ἀκόλουθόν	_	_
9.1	586	[8]	τε	_	_
9.1	587	[24]	καὶ	_	_
9.1	588	[1]	μαχόμενον	_	_
9.1	589	[54]	,	b	_
9.1	590	[25]	καὶ	_	_
9.1	591	[1]	ἄλλα	_	_
9.1	592	[55]	,	b	_
9.1	593	[3]	ἃ	_	_
9.1	594	[1]	καταπέπτωκε	_	_
9.1	595	[2]	τούτοις	_	_
9.1	596	[56]	,	b	_
9.1	597	[6]	ἐν	_	_
9.1	598	[2]	οἷς	_	_
9.1	599	[3]	ἐστι	_	_
9.1	600	[26]	καὶ	_	_
9.1	601	[1]	διαίρεσις	_	_
9.1	602	[27]	καὶ	_	_
9.1	603	[1]	σύνθεσις	_	_
9.1	604	[1]	ὁμοιότης	_	_
9.1	605	[9]	τε	_	_
9.1	606	[28]	καὶ	_	_
9.1	607	[1]	ἀνομοιότης	_	_
9.1	608	[57]	,	b	_
9.1	609	[1]	ἀφ	_	_
9.1	610	[20]	’	b	_
9.1	611	[5]	ὧν	_	_
9.1	612	[9]	ὁ	_	_
9.1	613	[1]	παρὼν	_	_
9.1	614	[1]	ὡρμήθη	_	_
9.1	615	[1]	λόγος	_	_
9.1	616	[18]	.	b	_
9.1	617	[10]	ὁ	_	_
9.1	618	[8]	μὲν	_	_
9.1	619	[7]	οὖν	_	_
9.1	620	[3]	Ἱπποκράτης	_	_
9.1	621	[1]	οὕτως	_	_
9.1	622	[1]	ἔγραψε	_	_
9.1	623	[6]	περὶ	_	_
9.1	624	[4]	αὐτῶν	_	_
9.1	625	[3]	·	b	_
9.1	626	[4]	ἢ	_	_
9.1	627	[1]	ὅμοια	_	_
9.1	628	[58]	,	b	_
9.1	629	[5]	ἢ	_	_
9.1	630	[1]	ἀνόμοια	_	_
9.1	631	[1]	ἐξ	_	_
9.1	632	[1]	ἀρχῆς	_	_
9.1	633	[2]	ἀπὸ	_	_
9.1	634	[12]	τῶν	_	_
9.1	635	[1]	μεγίστων	_	_
9.1	636	[29]	καὶ	_	_
9.1	637	[1]	ῥηΐστων	_	_
9.1	638	[59]	,	b	_
9.1	639	[3]	ἀπὸ	_	_
9.1	640	[13]	τῶν	_	_
9.1	641	[1]	πάντως	_	_
9.1	642	[1]	πάντη	_	_
9.1	643	[1]	γιγνωσκομένων	_	_
9.1	644	[60]	,	b	_
9.1	645	[4]	ἃ	_	_
9.1	646	[30]	καὶ	_	_
9.1	647	[1]	ἰδεῖν	_	_
9.1	648	[31]	καὶ	_	_
9.1	649	[1]	ἀκοῦσαι	_	_
9.1	650	[1]	ἔστιν	_	_
9.1	651	[61]	,	b	_
9.1	652	[5]	ἃ	_	_
9.1	653	[32]	καὶ	_	_
9.1	654	[3]	τῇ	_	_
9.1	655	[1]	ὄψει	_	_
9.1	656	[62]	,	b	_
9.1	657	[33]	καὶ	_	_
9.1	658	[4]	τῇ	_	_
9.1	659	[1]	ῥινὶ	_	_
9.1	660	[63]	,	b	_
9.1	661	[34]	καὶ	_	_
9.1	662	[5]	τῇ	_	_
9.1	663	[1]	γλώσσῃ	_	_
9.1	664	[64]	,	b	_
9.1	665	[35]	καὶ	_	_
9.1	666	[6]	τῇ	_	_
9.1	667	[1]	γνώμῃ	_	_
9.1	668	[2]	ἔστιν	_	_
9.1	669	[1]	αἰσθέσθαι	_	_
9.1	670	[65]	,	b	_
9.1	671	[3]	οἷς	_	_
9.1	672	[1]	γιγνώσκομεν	_	_
9.1	673	[1]	ἅπασιν	_	_
9.1	674	[2]	ἔστι	_	_
9.1	675	[1]	γνῶναι	_	_
9.1	676	[19]	.	b	_
9.1	677	[1]	ταύτην	_	_
9.1	678	[15]	τὴν	_	_
9.1	679	[1]	ῥῆσιν	_	_
9.1	680	[1]	ἐξηγησάμενος	_	_
9.1	681	[1]	τελέως	_	_
9.1	682	[7]	ἐν	_	_
9.1	683	[2]	τῷ	_	_
9.1	684	[1]	πρώτῳ	_	_
9.1	685	[14]	τῶν	_	_
9.1	686	[3]	εἰς	_	_
9.1	687	[9]	τὸ	_	_
9.1	688	[2]	κατ	_	_
9.1	689	[21]	’	b	_
9.1	690	[1]	ἰητρεῖον	_	_
9.1	691	[1]	ὑπομνημάτων	_	_
9.1	692	[66]	,	b	_
9.1	693	[3]	οὐδὲν	_	_
9.1	694	[1]	ἔτι	_	_
9.1	695	[1]	δέομαι	_	_
9.1	696	[1]	διέρχεσθαι	_	_
9.1	697	[1]	νῦν	_	_
9.1	698	[67]	,	b	_
9.1	699	[1]	ἀλλ	_	_
9.1	700	[22]	’	b	_
9.1	701	[1]	ἀρκέσει	_	_
9.1	702	[6]	τὰ	_	_
9.1	703	[1]	κεφάλαια	_	_
9.1	704	[3]	μόνον	_	_
9.1	705	[1]	αὐτῆς	_	_
9.1	706	[1]	εἰπεῖν	_	_
9.1	707	[68]	,	b	_
9.1	708	[3]	ὅτι	_	_
9.1	709	[3]	πρὸς	_	_
9.1	710	[16]	τὴν	_	_
9.1	711	[15]	τῶν	_	_
9.1	712	[1]	ὁμοίων	_	_
9.1	713	[10]	τε	_	_
9.1	714	[36]	καὶ	_	_
9.1	715	[1]	ἀνομοίων	_	_
9.1	716	[1]	ἀκριβῆ	_	_
9.1	717	[1]	διάγνωσιν	_	_
9.1	718	[1]	ἀφικνεῖσθαι	_	_
9.1	719	[2]	χρὴ	_	_
9.1	720	[69]	,	b	_
9.1	721	[17]	τὴν	_	_
9.1	722	[9]	ἀρχὴν	_	_
9.1	723	[6]	τῆς	_	_
9.1	724	[2]	εὑρέσεως	_	_
9.1	725	[5]	αὐτῶν	_	_
9.1	726	[1]	ποιούμενον	_	_
9.1	727	[4]	ἀπὸ	_	_
9.1	728	[16]	τῶν	_	_
9.1	729	[1]	φυσικῶν	_	_
9.1	730	[2]	κριτηρίων	_	_
9.1	731	[70]	,	b	_
9.1	732	[1]	ἅπερ	_	_
9.1	733	[1]	ἐστὶν	_	_
9.1	734	[1]	αἴσθησίς	_	_
9.1	735	[11]	τε	_	_
9.1	736	[37]	καὶ	_	_
9.1	737	[1]	γνώμη	_	_
9.1	738	[20]	.	b	_
9.1	739	[1]	καλεῖν	_	_
9.1	740	[7]	δ	_	_
9.1	741	[23]	’	b	_
9.1	742	[1]	ἔξεστί	_	_
9.1	743	[1]	σοι	_	_
9.1	744	[71]	,	b	_
9.1	745	[2]	ὡς	_	_
9.1	746	[1]	πολλάκις	_	_
9.1	747	[1]	εἴρηταί	_	_
9.1	748	[1]	μοι	_	_
9.1	749	[1]	πολλαχόθι	_	_
9.1	750	[72]	,	b	_
9.1	751	[38]	καὶ	_	_
9.1	752	[1]	διάνοιαν	_	_
9.1	753	[73]	,	b	_
9.1	754	[39]	καὶ	_	_
9.1	755	[1]	νοῦν	_	_
9.1	756	[74]	,	b	_
9.1	757	[40]	καὶ	_	_
9.1	758	[1]	λογισμὸν	_	_
9.1	759	[75]	,	b	_
9.1	760	[6]	ἢ	_	_
9.1	761	[3]	ὅπως	_	_
9.1	762	[4]	ἄν	_	_
9.1	763	[5]	τις	_	_
9.1	764	[2]	ἐθέλῃ	_	_
9.1	765	[76]	,	b	_
9.1	766	[1]	φυλάττων	_	_
9.1	767	[18]	τὴν	_	_
9.1	768	[2]	ἔννοιαν	_	_
9.1	769	[77]	,	b	_
9.1	770	[3]	ὡς	_	_
9.1	771	[4]	Ἱπποκράτης	_	_
9.1	772	[1]	βούλεται	_	_
9.1	773	[21]	.	b	_
9.1	774	[4]	ὡς	_	_
9.1	775	[6]	γὰρ	_	_
9.1	776	[17]	τῶν	_	_
9.1	777	[1]	αἰσθητῶν	_	_
9.1	778	[2]	αἴσθησίς	_	_
9.1	779	[4]	ἐστι	_	_
9.1	780	[10]	τὸ	_	_
9.1	781	[2]	κριτήριον	_	_
9.1	782	[78]	,	b	_
9.1	783	[1]	οὕτω	_	_
9.1	784	[18]	τῶν	_	_
9.1	785	[1]	νοητῶν	_	_
9.1	786	[1]	ἑτέρα	_	_
9.1	787	[6]	τις	_	_
9.1	788	[1]	δύναμις	_	_
9.1	789	[79]	,	b	_
9.1	790	[1]	ἣν	_	_
9.1	791	[4]	ὅπως	_	_
9.1	792	[5]	ἄν	_	_
9.1	793	[7]	τις	_	_
9.1	794	[2]	ὀνομάζειν	_	_
9.1	795	[1]	βούληται	_	_
9.1	796	[80]	,	b	_
9.1	797	[1]	συγχωροῦμεν	_	_
9.1	798	[1]	αὐτῷ	_	_
9.1	799	[81]	,	b	_
9.1	800	[1]	μή	_	_
9.1	801	[1]	πως	_	_
9.1	802	[2]	ἡμῖν	_	_
9.1	803	[11]	τὸ	_	_
9.1	804	[1]	πάρεργον	_	_
9.1	805	[2]	τοῦ	_	_
9.1	806	[2]	ἔργου	_	_
9.1	807	[1]	μεῖζον	_	_
9.1	808	[1]	γένηται	_	_
9.1	809	[22]	.	b	_
9.1	810	[1]	χρώμεθα	_	_
9.1	811	[7]	γὰρ	_	_
9.1	812	[1]	ὀνόμασι	_	_
9.1	813	[41]	καὶ	_	_
9.1	814	[1]	ὅλως	_	_
9.1	815	[7]	τῇ	_	_
9.1	816	[4]	πρὸς	_	_
9.1	817	[1]	ἀλλήλους	_	_
9.1	818	[1]	διαλέκτῳ	_	_
9.1	819	[1]	χάριν	_	_
9.1	820	[3]	τοῦ	_	_
9.1	821	[1]	δηλῶσαι	_	_
9.1	822	[2]	τὰς	_	_
9.1	823	[3]	κατὰ	_	_
9.1	824	[19]	τὴν	_	_
9.1	825	[1]	ψυχὴν	_	_
9.1	826	[1]	δόξας	_	_
9.1	827	[82]	,	b	_
9.1	828	[1]	ἃς	_	_
9.1	829	[1]	ἐκ	_	_
9.1	830	[4]	τοῦ	_	_
9.1	831	[1]	σκοπεῖσθαι	_	_
9.1	832	[20]	τὴν	_	_
9.1	833	[19]	τῶν	_	_
9.1	834	[1]	πραγμάτων	_	_
9.1	835	[3]	φύσιν	_	_
9.1	836	[1]	ἐκτησάμεθα	_	_
9.1	837	[23]	.	b	_
9.1	838	[1]	γελοῖον	_	_
9.1	839	[8]	οὖν	_	_
9.1	840	[5]	ἐστι	_	_
9.1	841	[1]	καταλιπόντας	_	_
9.1	842	[2]	τοῦτο	_	_
9.1	843	[7]	περὶ	_	_
9.1	844	[20]	τῶν	_	_
9.1	845	[1]	ὀνομάτων	_	_
9.1	846	[1]	ἁμιλλᾶσθαι	_	_
9.1	847	[24]	.	b	_
9.1	848	[3]	πῶς	_	_
9.1	849	[4]	δέ	_	_
9.1	850	[1]	φησιν	_	_
9.1	851	[11]	ὁ	_	_
9.1	852	[5]	Ἱπποκράτης	_	_
9.1	853	[21]	τὴν	_	_
9.1	854	[21]	τῶν	_	_
9.1	855	[2]	πραγμάτων	_	_
9.1	856	[1]	εὑρίσκεσθαι	_	_
9.1	857	[4]	φύσιν	_	_
9.1	858	[5]	;	b	_
9.1	859	[1]	ἐὰν	_	_
9.1	860	[5]	ἀπὸ	_	_
9.1	861	[22]	τῶν	_	_
9.1	862	[2]	μεγίστων	_	_
9.1	863	[42]	καὶ	_	_
9.1	864	[1]	ῥᾴστων	_	_
9.1	865	[1]	ἀρξώμεθα	_	_
9.1	866	[4]	·	b	_
9.1	867	[3]	μεγίστων	_	_
9.1	868	[9]	μὲν	_	_
9.1	869	[4]	κατὰ	_	_
9.1	870	[22]	τὴν	_	_
9.1	871	[1]	χρείαν	_	_
9.1	872	[83]	,	b	_
9.1	873	[2]	ῥᾴστων	_	_
9.1	874	[7]	δὲ	_	_
9.1	875	[5]	κατὰ	_	_
9.1	876	[23]	τὴν	_	_
9.1	877	[1]	ἡμετέραν	_	_
9.1	878	[1]	γνῶσιν	_	_
9.1	879	[25]	.	b	_
9.1	880	[1]	ἡ	_	_
9.1	881	[1]	γάρ	_	_
9.1	882	[2]	τοι	_	_
9.1	883	[1]	φύσις	_	_
9.1	884	[1]	ἄμφω	_	_
9.1	885	[1]	ταῦθ	_	_
9.1	886	[24]	’	b	_
9.1	887	[3]	ἡμῖν	_	_
9.1	888	[1]	ἔδωκεν	_	_
9.1	889	[84]	,	b	_
9.1	890	[1]	αὐτά	_	_
9.1	891	[12]	τε	_	_
9.1	892	[7]	τὰ	_	_
9.1	893	[3]	κριτήρια	_	_
9.1	894	[43]	καὶ	_	_
9.1	895	[12]	τὸ	_	_
9.1	896	[1]	πιστεύειν	_	_
9.1	897	[2]	αὐτοῖς	_	_
9.1	898	[1]	ἀδιδάκτως	_	_
9.1	899	[26]	.	b	_
9.1	900	[3]	αὐτὰ	_	_
9.1	901	[10]	μὲν	_	_
9.1	902	[9]	οὖν	_	_
9.1	903	[8]	τὰ	_	_
9.1	904	[4]	κριτήρια	_	_
9.1	905	[1]	τά	_	_
9.1	906	[13]	τε	_	_
9.1	907	[1]	ὄργανα	_	_
9.1	908	[23]	τῶν	_	_
9.1	909	[1]	αἰσθήσεών	_	_
9.1	910	[6]	ἐστι	_	_
9.1	911	[44]	καὶ	_	_
9.1	912	[1]	αἱ	_	_
9.1	913	[1]	χρώμεναι	_	_
9.1	914	[3]	τοῖς	_	_
9.1	915	[1]	ὀργάνοις	_	_
9.1	916	[1]	δυνάμεις	_	_
9.1	917	[5]	·	b	_
9.1	918	[2]	ἡ	_	_
9.1	919	[8]	δὲ	_	_
9.1	920	[1]	πίστις	_	_
9.1	921	[6]	αὐτῶν	_	_
9.1	922	[1]	ἀδίδακτός	_	_
9.1	923	[14]	τε	_	_
9.1	924	[45]	καὶ	_	_
9.1	925	[1]	φύσει	_	_
9.1	926	[1]	οὐκ	_	_
9.1	927	[1]	ἀνθρώποις	_	_
9.1	928	[4]	μόνον	_	_
9.1	929	[85]	,	b	_
9.1	930	[3]	ἀλλὰ	_	_
9.1	931	[46]	καὶ	_	_
9.1	932	[4]	τοῖς	_	_
9.1	933	[2]	ἄλλοις	_	_
9.1	934	[1]	ζώοις	_	_
9.1	935	[1]	ὑπάρχουσα	_	_
9.1	936	[27]	.	b	_
9.1	937	[47]	καὶ	_	_
9.1	938	[8]	γὰρ	_	_
9.1	939	[1]	ὁρῶντα	_	_
9.1	940	[2]	τὸν	_	_
9.1	941	[1]	προσιόντα	_	_
9.1	942	[48]	καὶ	_	_
9.1	943	[1]	ἀκούοντα	_	_
9.1	944	[1]	ψόφου	_	_
9.1	945	[1]	τινὸς	_	_
9.1	946	[7]	ἢ	_	_
9.1	947	[1]	φωνῆς	_	_
9.1	948	[1]	ὑποφεύγει	_	_
9.1	949	[11]	μὲν	_	_
9.1	950	[1]	αὐτίκα	_	_
9.1	951	[86]	,	b	_
9.1	952	[1]	μείζονος	_	_
9.1	953	[1]	ὀφθέντος	_	_
9.1	954	[1]	ζώου	_	_
9.1	955	[87]	,	b	_
9.1	956	[1]	μένει	_	_
9.1	957	[9]	δὲ	_	_
9.1	958	[6]	κατὰ	_	_
9.1	959	[1]	χώραν	_	_
9.1	960	[88]	,	b	_
9.1	961	[2]	ἐὰν	_	_
9.1	962	[1]	ἐλάττονός	_	_
9.1	963	[15]	τε	_	_
9.1	964	[49]	καὶ	_	_
9.1	965	[1]	ἀσθενεστέρου	_	_
9.1	966	[5]	τοῦ	_	_
9.1	967	[1]	προσιόντος	_	_
9.1	968	[1]	αἰσθάνηται	_	_
9.1	969	[28]	.	b	_
9.1	970	[2]	εἰ	_	_
9.1	971	[12]	μὲν	_	_
9.1	972	[10]	οὖν	_	_
9.1	973	[1]	ἀπιστεῖ	_	_
9.1	974	[8]	τις	_	_
9.1	975	[5]	τοῖς	_	_
9.1	976	[3]	δι	_	_
9.1	977	[25]	’	b	_
9.1	978	[1]	αἰσθήσεως	_	_
9.1	979	[8]	ἢ	_	_
9.1	980	[1]	νοήσεως	_	_
9.1	981	[1]	ἐναργῶς	_	_
9.1	982	[1]	φαινομένοις	_	_
9.1	983	[89]	,	b	_
9.1	984	[3]	οὐδ	_	_
9.1	985	[26]	’	b	_
9.1	986	[1]	ἐπιχειρεῖν	_	_
9.1	987	[3]	χρὴ	_	_
9.1	988	[1]	συστάσει	_	_
9.1	989	[2]	τέχνης	_	_
9.1	990	[1]	οὐδεμιᾶς	_	_
9.1	991	[6]	·	b	_
9.1	992	[3]	εἰ	_	_
9.1	993	[10]	δὲ	_	_
9.1	994	[2]	φαίνεται	_	_
9.1	995	[9]	τὰ	_	_
9.1	996	[24]	τῶν	_	_
9.1	997	[1]	τεχνῶν	_	_
9.1	998	[1]	ἔργα	_	_
9.1	999	[3]	τῷ	_	_
9.1	1000	[1]	βίῳ	_	_
9.1	1001	[25]	τῶν	_	_
9.1	1002	[1]	ἀνθρώπων	_	_
9.1	1003	[1]	χρήσιμα	_	_
9.1	1004	[90]	,	b	_
9.1	1005	[2]	πάντως	_	_
9.1	1006	[2]	που	_	_
9.1	1007	[6]	τοῖς	_	_
9.1	1008	[1]	φυσικοῖς	_	_
9.1	1009	[1]	κριτηρίοις	_	_
9.1	1010	[2]	οἱ	_	_
9.1	1011	[1]	πιστεύοντες	_	_
9.1	1012	[2]	ἄνθρωποι	_	_
9.1	1013	[24]	τὴν	_	_
9.1	1014	[1]	κρίσιν	_	_
9.1	1015	[7]	αὐτῶν	_	_
9.1	1016	[1]	ἐποιήσαντο	_	_
9.1	1017	[29]	.	b	_
9.1	1018	[50]	καὶ	_	_
9.1	1019	[1]	ἡμεῖς	_	_
9.1	1020	[1]	εὐτυχέστεροι	_	_
9.1	1021	[7]	κατὰ	_	_
9.1	1022	[1]	τοσοῦτον	_	_
9.1	1023	[2]	ἐκείνων	_	_
9.1	1024	[1]	ἐσμὲν	_	_
9.1	1025	[91]	,	b	_
9.1	1026	[4]	ὅτι	_	_
9.1	1027	[10]	τὰ	_	_
9.1	1028	[2]	χρήσιμα	_	_
9.1	1029	[2]	πολλῷ	_	_
9.1	1030	[1]	χρόνῳ	_	_
9.1	1031	[2]	μετὰ	_	_
9.1	1032	[1]	καμάτων	_	_
9.1	1033	[16]	τε	_	_
9.1	1034	[51]	καὶ	_	_
9.1	1035	[1]	φροντίδων	_	_
9.1	1036	[1]	εὑρεθέντα	_	_
9.1	1037	[7]	τοῖς	_	_
9.1	1038	[1]	πρὸ	_	_
9.1	1039	[1]	ἡμῶν	_	_
9.1	1040	[1]	αὐτοὶ	_	_
9.1	1041	[1]	μανθάνομεν	_	_
9.1	1042	[1]	ὀλίγῳ	_	_
9.1	1043	[2]	χρόνῳ	_	_
9.1	1044	[30]	.	b	_
9.1	1045	[3]	ἐὰν	_	_
9.1	1046	[11]	οὖν	_	_
9.1	1047	[4]	τῷ	_	_
9.1	1048	[1]	λοιπῷ	_	_
9.1	1049	[6]	τοῦ	_	_
9.1	1050	[1]	βίου	_	_
9.1	1051	[3]	μὴ	_	_
9.1	1052	[8]	κατὰ	_	_
9.1	1053	[13]	τὸ	_	_
9.1	1054	[2]	πάρεργον	_	_
9.1	1055	[1]	ἀσκῶμεν	_	_
9.1	1056	[3]	τὰς	_	_
9.1	1057	[1]	τέχνας	_	_
9.1	1058	[92]	,	b	_
9.1	1059	[4]	ἀλλὰ	_	_
9.1	1060	[8]	περὶ	_	_
9.1	1061	[25]	τὴν	_	_
9.1	1062	[26]	τῶν	_	_
9.1	1063	[2]	ὁμοίων	_	_
9.1	1064	[17]	τε	_	_
9.1	1065	[52]	καὶ	_	_
9.1	1066	[2]	ἀνομοίων	_	_
9.1	1067	[2]	διάγνωσιν	_	_
9.1	1068	[1]	ἀεὶ	_	_
9.1	1069	[1]	φροντίζωμεν	_	_
9.1	1070	[93]	,	b	_
9.1	1071	[4]	οὐδὲν	_	_
9.1	1072	[1]	κωλύει	_	_
9.1	1073	[27]	τῶν	_	_
9.1	1074	[1]	ἔμπροσθεν	_	_
9.1	1075	[3]	ἡμᾶς	_	_
9.1	1076	[1]	γενέσθαι	_	_
9.1	1077	[1]	βελτίους	_	_
9.1	1078	[31]	.	b	_
9.1	1079	[4]	πῶς	_	_
9.1	1080	[12]	οὖν	_	_
9.1	1081	[1]	γυμνασόμεθα	_	_
9.1	1082	[53]	καὶ	_	_
9.1	1083	[1]	ἀσκήσομεν	_	_
9.1	1084	[4]	ἡμᾶς	_	_
9.1	1085	[1]	αὐτούς	_	_
9.1	1086	[6]	;	b	_
9.1	1087	[6]	ἀπὸ	_	_
9.1	1088	[28]	τῶν	_	_
9.1	1089	[1]	γνωσθῆναι	_	_
9.1	1090	[3]	ῥᾴστων	_	_
9.1	1091	[1]	ἀρξάμενοι	_	_
9.1	1092	[94]	,	b	_
9.1	1093	[1]	καθάπερ	_	_
9.1	1094	[12]	ὁ	_	_
9.1	1095	[6]	Ἱπποκράτης	_	_
9.1	1096	[1]	εἶπε	_	_
9.1	1097	[32]	.	b	_
9.1	1098	[2]	ταῦτα	_	_
9.1	1099	[2]	γάρ	_	_
9.1	1100	[7]	ἐστι	_	_
9.1	1101	[11]	τὰ	_	_
9.1	1102	[2]	μεγάλην	_	_
9.1	1103	[1]	ἔχοντα	_	_
9.1	1104	[1]	τήν	_	_
9.1	1105	[18]	τε	_	_
9.1	1106	[4]	εἰς	_	_
9.1	1107	[1]	ὅλον	_	_
9.1	1108	[3]	τὸν	_	_
9.1	1109	[1]	βίον	_	_
9.1	1110	[2]	χρείαν	_	_
9.1	1111	[54]	καὶ	_	_
9.1	1112	[26]	τὴν	_	_
9.1	1113	[5]	πρὸς	_	_
9.1	1114	[1]	ἄλληλα	_	_
9.1	1115	[1]	διαφοράν	_	_
9.1	1116	[33]	.	b	_
9.2	1	[1]	Ἐρῶ	_	_
9.2	2	[1]	δὲ	_	_
9.2	3	[1]	καὶ	_	_
9.2	4	[1]	παράδειγμά	_	_
9.2	5	[1]	σοι	_	_
9.2	6	[1]	παρ	_	_
9.2	7	[1]	’	b	_
9.2	8	[1]	ἑκατέρου	_	_
9.2	9	[1]	τῶν	_	_
9.2	10	[1]	ἀνδρῶν	_	_
9.2	11	[1]	ἕνεκα	_	_
9.2	12	[1]	νοήσεως	_	_
9.2	13	[1]	ἐναργεστέρας	_	_
9.2	14	[1]	.	b	_
9.2	15	[1]	ὁ	_	_
9.2	16	[1]	μὲν	_	_
9.2	17	[1]	οὖν	_	_
9.2	18	[1]	Ἱπποκράτης	_	_
9.2	19	[1]	οὕτως	_	_
9.2	20	[1]	φησὶν	_	_
9.2	21	[1]	ἐν	_	_
9.2	22	[1]	Προγνωστικῷ	_	_
9.2	23	[1]	·	b	_
9.2	24	[1]	σκέπτεσθαι	_	_
9.2	25	[2]	δὲ	_	_
9.2	26	[1]	χρὴ	_	_
9.2	27	[1]	ᾧδε	_	_
9.2	28	[2]	ἐν	_	_
9.2	29	[1]	τοῖσι	_	_
9.2	30	[2]	τῶν	_	_
9.2	31	[1]	ὑγιαινόντων	_	_
9.2	32	[1]	,	b	_
9.2	33	[1]	μάλιστα	_	_
9.2	34	[3]	δὲ	_	_
9.2	35	[1]	εἰ	_	_
9.2	36	[1]	αὐτὸ	_	_
9.2	37	[1]	ἑαυτῷ	_	_
9.2	38	[2]	,	b	_
9.2	39	[2]	οὕτως	_	_
9.2	40	[1]	γὰρ	_	_
9.2	41	[1]	ἂν	_	_
9.2	42	[1]	εἴη	_	_
9.2	43	[1]	ἄριστον	_	_
9.2	44	[3]	,	b	_
9.2	45	[1]	τὸ	_	_
9.2	46	[4]	δὲ	_	_
9.2	47	[1]	ἐναντιώτατον	_	_
9.2	48	[1]	τοῦ	_	_
9.2	49	[1]	ὁμοίου	_	_
9.2	50	[1]	δεινότατον	_	_
9.2	51	[2]	.	b	_
9.2	52	[2]	εἴη	_	_
9.2	53	[1]	δ	_	_
9.2	54	[2]	’	b	_
9.2	55	[2]	ἂν	_	_
9.2	56	[2]	τὸ	_	_
9.2	57	[1]	τοιοῦτον	_	_
9.2	58	[1]	ῥὶς	_	_
9.2	59	[1]	ὀξεῖα	_	_
9.2	60	[4]	,	b	_
9.2	61	[1]	ὀφθαλμοὶ	_	_
9.2	62	[1]	κοῖλοι	_	_
9.2	63	[5]	,	b	_
9.2	64	[2]	καὶ	_	_
9.2	65	[1]	τὰ	_	_
9.2	66	[1]	ἄλλα	_	_
9.2	67	[2]	τὰ	_	_
9.2	68	[1]	ἐφεξῆς	_	_
9.2	69	[1]	εἰρημένα	_	_
9.2	70	[3]	.	b	_
9.2	71	[1]	φαίνεται	_	_
9.2	72	[2]	γὰρ	_	_
9.2	73	[3]	ἐν	_	_
9.2	74	[1]	τούτοις	_	_
9.2	75	[1]	τὴν	_	_
9.2	76	[1]	ἀρχὴν	_	_
9.2	77	[1]	τῆς	_	_
9.2	78	[1]	διαγνώσεως	_	_
9.2	79	[3]	τῶν	_	_
9.2	80	[1]	προγνωστικῶν	_	_
9.2	81	[1]	χωρίων	_	_
9.2	82	[1]	ἀπὸ	_	_
9.2	83	[4]	τῶν	_	_
9.2	84	[1]	ἐναντιωτάτων	_	_
9.2	85	[1]	τοῖς	_	_
9.2	86	[1]	κατὰ	_	_
9.2	87	[1]	φύσιν	_	_
9.2	88	[1]	ἔχουσι	_	_
9.2	89	[1]	πεποιημένος	_	_
9.2	90	[6]	,	b	_
9.2	91	[1]	ἅπερ	_	_
9.2	92	[3]	καὶ	_	_
9.2	93	[1]	μέγιστ	_	_
9.2	94	[3]	’	b	_
9.2	95	[1]	ἐστὶ	_	_
9.2	96	[7]	,	b	_
9.2	97	[4]	καὶ	_	_
9.2	98	[1]	πᾶσι	_	_
9.2	99	[1]	γνωσθήσεται	_	_
9.2	100	[1]	ῥᾴδια	_	_
9.2	101	[4]	.	b	_
9.2	102	[1]	ταῦτα	_	_
9.2	103	[1]	δέ	_	_
9.2	104	[1]	τις	_	_
9.2	105	[1]	προμαθὼν	_	_
9.2	106	[1]	δυνήσεται	_	_
9.2	107	[2]	κατὰ	_	_
9.2	108	[1]	βραχὺ	_	_
9.2	109	[1]	μεταβαίνων	_	_
9.2	110	[1]	ἐπὶ	_	_
9.2	111	[3]	τὰ	_	_
9.2	112	[1]	πλησίον	_	_
9.2	113	[1]	ἀλλήλοις	_	_
9.2	114	[1]	ἀφικέσθαι	_	_
9.2	115	[1]	ποτὲ	_	_
9.2	116	[8]	,	b	_
9.2	117	[1]	καθάπερ	_	_
9.2	118	[1]	ἐπεδείξαμεν	_	_
9.2	119	[4]	ἐν	_	_
9.2	120	[1]	τῷ	_	_
9.2	121	[2]	Προγνωστικῷ	_	_
9.2	122	[1]	πεποιηκότα	_	_
9.2	123	[1]	τὸν	_	_
9.2	124	[1]	Ἱπποκράτην	_	_
9.2	125	[5]	.	b	_
9.2	126	[1]	ἀλλὰ	_	_
9.2	127	[5]	καὶ	_	_
9.2	128	[2]	ὁ	_	_
9.2	129	[1]	Πλάτων	_	_
9.2	130	[3]	οὕτως	_	_
9.2	131	[1]	ἔγραψε	_	_
9.2	132	[1]	περὶ	_	_
9.2	133	[1]	αὐτῶν	_	_
9.2	134	[9]	,	b	_
9.2	135	[1]	ἡνίκα	_	_
9.2	136	[1]	πεποίηκεν	_	_
9.2	137	[5]	ἐν	_	_
9.2	138	[1]	Πολιτείᾳ	_	_
9.2	139	[1]	παρακαλούμενον	_	_
9.2	140	[1]	Σωκράτην	_	_
9.2	141	[1]	ὑπὸ	_	_
9.2	142	[1]	Γλαύκωνός	_	_
9.2	143	[1]	τε	_	_
9.2	144	[6]	καὶ	_	_
9.2	145	[1]	Ἀδειμάντου	_	_
9.2	146	[1]	διελεῖν	_	_
9.2	147	[1]	αὐτοῖς	_	_
9.2	148	[1]	πάντα	_	_
9.2	149	[2]	τὸν	_	_
9.2	150	[2]	περὶ	_	_
9.2	151	[1]	δικαιοσύνης	_	_
9.2	152	[1]	λόγον	_	_
9.2	153	[6]	.	b	_
9.2	154	[1]	ἐπειδὴ	_	_
9.2	155	[3]	γὰρ	_	_
9.2	156	[1]	ἠπίστατο	_	_
9.2	157	[1]	δεησόμενον	_	_
9.2	158	[1]	αὐτὸν	_	_
9.2	159	[1]	εἰς	_	_
9.2	160	[3]	τὸ	_	_
9.2	161	[1]	δεῖξαι	_	_
9.2	162	[4]	τὸ	_	_
9.2	163	[1]	προτεθὲν	_	_
9.2	164	[10]	,	b	_
9.2	165	[1]	ὡς	_	_
9.2	166	[1]	οὐκ	_	_
9.2	167	[1]	ἔστι	_	_
9.2	168	[1]	μία	_	_
9.2	169	[2]	τῆς	_	_
9.2	170	[1]	ὅλης	_	_
9.2	171	[1]	ἡμῶν	_	_
9.2	172	[1]	ψυχῆς	_	_
9.2	173	[1]	ἡ	_	_
9.2	174	[1]	οὐσία	_	_
9.2	175	[11]	,	b	_
9.2	176	[1]	διὰ	_	_
9.2	177	[1]	τοῦτο	_	_
9.2	178	[1]	πρότερον	_	_
9.2	179	[2]	ἐπὶ	_	_
9.2	180	[1]	πόλεως	_	_
9.2	181	[1]	ἀξιοῖ	_	_
9.2	182	[1]	ποιήσασθαι	_	_
9.2	183	[3]	τὸν	_	_
9.2	184	[2]	λόγον	_	_
9.2	185	[7]	.	b	_
9.2	186	[1]	ἔχει	_	_
9.2	187	[2]	δ	_	_
9.2	188	[4]	’	b	_
9.2	189	[2]	ἡ	_	_
9.2	190	[1]	λέξις	_	_
9.2	191	[2]	ᾧδε	_	_
9.2	192	[8]	.	b	_
9.2	193	[1]	εἶπον	_	_
9.2	194	[2]	οὖν	_	_
9.2	195	[12]	,	b	_
9.2	196	[1]	ὅπερ	_	_
9.2	197	[1]	μοι	_	_
9.2	198	[1]	ἔδοξεν	_	_
9.2	199	[13]	,	b	_
9.2	200	[1]	ὅτι	_	_
9.2	201	[5]	τὸ	_	_
9.2	202	[1]	ζήτημα	_	_
9.2	203	[14]	,	b	_
9.2	204	[1]	ᾧ	_	_
9.2	205	[1]	ἐπιχειροῦμεν	_	_
9.2	206	[15]	,	b	_
9.2	207	[1]	οὐ	_	_
9.2	208	[1]	φαῦλον	_	_
9.2	209	[16]	,	b	_
9.2	210	[1]	ἀλλ	_	_
9.2	211	[5]	’	b	_
9.2	212	[1]	ὀξὺ	_	_
9.2	213	[1]	βλέποντος	_	_
9.2	214	[17]	,	b	_
9.2	215	[2]	ὡς	_	_
9.2	216	[1]	ἐμοὶ	_	_
9.2	217	[2]	φαίνεται	_	_
9.2	218	[9]	.	b	_
9.2	219	[2]	ἐπειδὴ	_	_
9.2	220	[2]	μὲν	_	_
9.2	221	[3]	οὖν	_	_
9.2	222	[1]	ἡμεῖς	_	_
9.2	223	[2]	οὐ	_	_
9.2	224	[1]	δεινοὶ	_	_
9.2	225	[18]	,	b	_
9.2	226	[1]	δοκῶ	_	_
9.2	227	[2]	μοι	_	_
9.2	228	[19]	,	b	_
9.2	229	[1]	ἦν	_	_
9.2	230	[3]	δ	_	_
9.2	231	[6]	’	b	_
9.2	232	[1]	ἐγὼ	_	_
9.2	233	[20]	,	b	_
9.2	234	[1]	τοιαύτην	_	_
9.2	235	[2]	ποιήσασθαι	_	_
9.2	236	[1]	ζήτησιν	_	_
9.2	237	[1]	αὐτοῦ	_	_
9.2	238	[21]	,	b	_
9.2	239	[1]	οἵαν	_	_
9.2	240	[1]	περ	_	_
9.2	241	[3]	ἂν	_	_
9.2	242	[2]	εἰ	_	_
9.2	243	[1]	προσέταξέ	_	_
9.2	244	[2]	τις	_	_
9.2	245	[1]	γράμματα	_	_
9.2	246	[1]	σμικρὰ	_	_
9.2	247	[1]	πόῤῥωθεν	_	_
9.2	248	[1]	ἀναγνῶναι	_	_
9.2	249	[1]	μὴ	_	_
9.2	250	[1]	πάνυ	_	_
9.2	251	[2]	ὀξὺ	_	_
9.2	252	[1]	βλέπουσιν	_	_
9.2	253	[22]	,	b	_
9.2	254	[1]	ἔπειτά	_	_
9.2	255	[3]	τις	_	_
9.2	256	[1]	ἐνενόησεν	_	_
9.2	257	[23]	,	b	_
9.2	258	[2]	ὅτι	_	_
9.2	259	[4]	τὰ	_	_
9.2	260	[1]	αὐτὰ	_	_
9.2	261	[1]	γράμματά	_	_
9.2	262	[1]	ἐστί	_	_
9.2	263	[1]	που	_	_
9.2	264	[7]	καὶ	_	_
9.2	265	[1]	ἄλλοθι	_	_
9.2	266	[1]	μείζω	_	_
9.2	267	[2]	τε	_	_
9.2	268	[8]	καὶ	_	_
9.2	269	[6]	ἐν	_	_
9.2	270	[1]	μείζονι	_	_
9.2	271	[24]	,	b	_
9.2	272	[1]	ἕρμαιον	_	_
9.2	273	[4]	ἂν	_	_
9.2	274	[1]	ἐφάνη	_	_
9.2	275	[25]	,	b	_
9.2	276	[1]	οἶμαι	_	_
9.2	277	[26]	,	b	_
9.2	278	[1]	ἐκεῖνα	_	_
9.2	279	[1]	πρῶτον	_	_
9.2	280	[1]	ἀναγνόντας	_	_
9.2	281	[4]	οὕτως	_	_
9.2	282	[1]	ἐπισκοπεῖν	_	_
9.2	283	[5]	τὰ	_	_
9.2	284	[1]	ἐλάττω	_	_
9.2	285	[27]	,	b	_
9.2	286	[3]	εἰ	_	_
9.2	287	[6]	τὰ	_	_
9.2	288	[2]	αὐτὰ	_	_
9.2	289	[1]	ὄντα	_	_
9.2	290	[1]	τυγχάνει	_	_
9.2	291	[10]	.	b	_
9.2	292	[2]	πάνυ	_	_
9.2	293	[3]	μὲν	_	_
9.2	294	[4]	οὖν	_	_
9.2	295	[28]	,	b	_
9.2	296	[1]	ἔφη	_	_
9.2	297	[3]	ὁ	_	_
9.2	298	[1]	Ἀδείμαντος	_	_
9.2	299	[11]	.	b	_
9.2	300	[2]	ἀλλὰ	_	_
9.2	301	[1]	τί	_	_
9.2	302	[2]	τοιοῦτον	_	_
9.2	303	[29]	,	b	_
9.2	304	[1]	ὦ	_	_
9.2	305	[1]	Σώκρατες	_	_
9.2	306	[30]	,	b	_
9.2	307	[7]	ἐν	_	_
9.2	308	[1]	τῇ	_	_
9.2	309	[3]	περὶ	_	_
9.2	310	[1]	δικαίου	_	_
9.2	311	[1]	ζητήσει	_	_
9.2	312	[1]	καθορᾷς	_	_
9.2	313	[1]	;	b	_
9.2	314	[1]	ἐγώ	_	_
9.2	315	[2]	σοι	_	_
9.2	316	[31]	,	b	_
9.2	317	[1]	ἔφην	_	_
9.2	318	[32]	,	b	_
9.2	319	[1]	ἐρῶ	_	_
9.2	320	[12]	.	b	_
9.2	321	[1]	δικαιοσύνη	_	_
9.2	322	[33]	,	b	_
9.2	323	[1]	φαμὲν	_	_
9.2	324	[34]	,	b	_
9.2	325	[1]	ἔστιν	_	_
9.2	326	[1]	ἑνὸς	_	_
9.2	327	[1]	ἀνδρὸς	_	_
9.2	328	[35]	,	b	_
9.2	329	[2]	ἔστι	_	_
9.2	330	[2]	δέ	_	_
9.2	331	[2]	που	_	_
9.2	332	[1]	πάλιν	_	_
9.2	333	[3]	τῆς	_	_
9.2	334	[2]	ὅλης	_	_
9.2	335	[2]	πόλεως	_	_
9.2	336	[2]	;	b	_
9.2	337	[3]	πάνυ	_	_
9.2	338	[1]	γε	_	_
9.2	339	[36]	,	b	_
9.2	340	[1]	ἦ	_	_
9.2	341	[4]	δ	_	_
9.2	342	[7]	’	b	_
9.2	343	[1]	ὅς	_	_
9.2	344	[13]	.	b	_
9.2	345	[1]	οὐκοῦν	_	_
9.2	346	[1]	μείζων	_	_
9.2	347	[1]	πόλις	_	_
9.2	348	[2]	ἑνὸς	_	_
9.2	349	[1]	ἀνδρός	_	_
9.2	350	[3]	;	b	_
9.2	351	[1]	μείων	_	_
9.2	352	[37]	,	b	_
9.2	353	[2]	ἔφη	_	_
9.2	354	[14]	.	b	_
9.2	355	[1]	ἴσως	_	_
9.2	356	[1]	τοίνυν	_	_
9.2	357	[1]	πλείων	_	_
9.2	358	[5]	ἂν	_	_
9.2	359	[2]	δικαιοσύνη	_	_
9.2	360	[8]	ἐν	_	_
9.2	361	[2]	τῷ	_	_
9.2	362	[2]	μείζονι	_	_
9.2	363	[6]	ἂν	_	_
9.2	364	[3]	εἴη	_	_
9.2	365	[38]	,	b	_
9.2	366	[9]	καὶ	_	_
9.2	367	[1]	ἐστι	_	_
9.2	368	[1]	καταμαθεῖν	_	_
9.2	369	[15]	.	b	_
9.2	370	[4]	εἰ	_	_
9.2	371	[5]	οὖν	_	_
9.2	372	[1]	βούλεσθε	_	_
9.2	373	[39]	,	b	_
9.2	374	[2]	πρῶτον	_	_
9.2	375	[9]	ἐν	_	_
9.2	376	[1]	ταῖς	_	_
9.2	377	[1]	πόλεσι	_	_
9.2	378	[1]	ζητήσωμεν	_	_
9.2	379	[40]	,	b	_
9.2	380	[1]	ποῖόν	_	_
9.2	381	[2]	τί	_	_
9.2	382	[1]	ἐστιν	_	_
9.2	383	[41]	,	b	_
9.2	384	[1]	ἔπειτα	_	_
9.2	385	[5]	οὕτως	_	_
9.2	386	[1]	ἐπισκεψώμεθα	_	_
9.2	387	[10]	καὶ	_	_
9.2	388	[10]	ἐν	_	_
9.2	389	[1]	ἑνὶ	_	_
9.2	390	[1]	ἑκάστῳ	_	_
9.2	391	[2]	τὴν	_	_
9.2	392	[2]	τοῦ	_	_
9.2	393	[1]	μείζονος	_	_
9.2	394	[1]	ὁμοιότητα	_	_
9.2	395	[42]	,	b	_
9.2	396	[11]	ἐν	_	_
9.2	397	[2]	τῇ	_	_
9.2	398	[3]	τοῦ	_	_
9.2	399	[1]	ἐλάττονος	_	_
9.2	400	[1]	ἰδέᾳ	_	_
9.2	401	[1]	ἐπισκοποῦντες	_	_
9.2	402	[16]	.	b	_
9.2	403	[1]	προγυμνάσας	_	_
9.2	404	[6]	οὖν	_	_
9.2	405	[1]	ἡμᾶς	_	_
9.2	406	[3]	ἐπὶ	_	_
9.2	407	[3]	πόλεως	_	_
9.2	408	[4]	ὁ	_	_
9.2	409	[2]	Πλάτων	_	_
9.2	410	[43]	,	b	_
9.2	411	[11]	καὶ	_	_
9.2	412	[1]	δείξας	_	_
9.2	413	[44]	,	b	_
9.2	414	[3]	ὅτι	_	_
9.2	415	[1]	ἄλλο	_	_
9.2	416	[1]	μέν	_	_
9.2	417	[1]	τι	_	_
9.2	418	[6]	τὸ	_	_
9.2	419	[1]	ἄρχον	_	_
9.2	420	[45]	,	b	_
9.2	421	[2]	ἄλλο	_	_
9.2	422	[3]	δέ	_	_
9.2	423	[2]	τι	_	_
9.2	424	[7]	τὸ	_	_
9.2	425	[1]	προπολεμοῦν	_	_
9.2	426	[46]	,	b	_
9.2	427	[12]	καὶ	_	_
9.2	428	[1]	τρίτον	_	_
9.2	429	[3]	ἄλλο	_	_
9.2	430	[8]	τὸ	_	_
9.2	431	[1]	δημιουργικὸν	_	_
9.2	432	[1]	ἔθνος	_	_
9.2	433	[12]	ἐν	_	_
9.2	434	[1]	αὐτῇ	_	_
9.2	435	[47]	,	b	_
9.2	436	[1]	μεταβὰς	_	_
9.2	437	[4]	ἐπὶ	_	_
9.2	438	[3]	τὴν	_	_
9.2	439	[1]	ψυχὴν	_	_
9.2	440	[48]	,	b	_
9.2	441	[13]	καὶ	_	_
9.2	442	[1]	κατ	_	_
9.2	443	[8]	’	b	_
9.2	444	[1]	αὐτὴν	_	_
9.2	445	[1]	ἐπιδείκνυσιν	_	_
9.2	446	[1]	ἒν	_	_
9.2	447	[2]	μέν	_	_
9.2	448	[3]	τι	_	_
9.2	449	[1]	μέρος	_	_
9.2	450	[1]	εἶναι	_	_
9.2	451	[9]	τὸ	_	_
9.2	452	[2]	ἄρχον	_	_
9.2	453	[49]	,	b	_
9.2	454	[1]	ὅταν	_	_
9.2	455	[1]	εὖ	_	_
9.2	456	[1]	ἔχῃ	_	_
9.2	457	[50]	,	b	_
9.2	458	[1]	ἕτερον	_	_
9.2	459	[5]	δὲ	_	_
9.2	460	[10]	τὸ	_	_
9.2	461	[1]	ὑπηρετοῦν	_	_
9.2	462	[2]	αὐτῇ	_	_
9.2	463	[51]	,	b	_
9.2	464	[2]	καθάπερ	_	_
9.2	465	[13]	ἐν	_	_
9.2	466	[2]	ταῖς	_	_
9.2	467	[1]	πόλεσιν	_	_
9.2	468	[1]	ὑπηρετεῖ	_	_
9.2	469	[11]	τὸ	_	_
9.2	470	[1]	στρατιωτικὸν	_	_
9.2	471	[52]	,	b	_
9.2	472	[2]	τρίτον	_	_
9.2	473	[6]	δὲ	_	_
9.2	474	[12]	τὸ	_	_
9.2	475	[1]	λοιπὸν	_	_
9.2	476	[53]	,	b	_
9.2	477	[1]	ὃ	_	_
9.2	478	[4]	τοῦ	_	_
9.2	479	[1]	τρέφεσθαι	_	_
9.2	480	[13]	τὸ	_	_
9.2	481	[1]	σῶμα	_	_
9.2	482	[1]	χάριν	_	_
9.2	483	[1]	οἱ	_	_
9.2	484	[1]	δημιουργοῦντες	_	_
9.2	485	[2]	ἡμᾶς	_	_
9.2	486	[1]	προσέθεσαν	_	_
9.2	487	[54]	,	b	_
9.2	488	[1]	κᾂν	_	_
9.2	489	[2]	οἱ	_	_
9.2	490	[1]	ἀγύμναστοι	_	_
9.2	491	[5]	τοῦ	_	_
9.2	492	[1]	διακρίνειν	_	_
9.2	493	[1]	ἀπ	_	_
9.2	494	[9]	’	b	_
9.2	495	[1]	ἀλλήλων	_	_
9.2	496	[1]	τὰς	_	_
9.2	497	[1]	ὁμοιότητας	_	_
9.2	498	[1]	ἓν	_	_
9.2	499	[2]	εἶναι	_	_
9.2	500	[1]	νομίζουσιν	_	_
9.2	501	[55]	,	b	_
9.2	502	[3]	οὐ	_	_
9.2	503	[1]	τρία	_	_
9.2	504	[7]	τὰ	_	_
9.2	505	[2]	εἰρημένα	_	_
9.2	506	[1]	μόρια	_	_
9.2	507	[4]	τῆς	_	_
9.2	508	[2]	ψυχῆς	_	_
9.2	509	[17]	.	b	_
9.2	510	[1]	ὅπως	_	_
9.2	511	[7]	οὖν	_	_
9.2	512	[2]	χρὴ	_	_
9.2	513	[1]	γυμνάζεσθαι	_	_
9.2	514	[4]	περὶ	_	_
9.2	515	[4]	τὴν	_	_
9.2	516	[1]	διάκρισιν	_	_
9.2	517	[2]	αὐτῶν	_	_
9.2	518	[56]	,	b	_
9.2	519	[1]	ἐδίδαξεν	_	_
9.2	520	[5]	ὁ	_	_
9.2	521	[3]	Πλάτων	_	_
9.2	522	[1]	ἐπί	_	_
9.2	523	[3]	τε	_	_
9.2	524	[5]	τῆς	_	_
9.2	525	[4]	πόλεως	_	_
9.2	526	[2]	διὰ	_	_
9.2	527	[1]	πάσης	_	_
9.2	528	[1]	σχεδόν	_	_
9.2	529	[4]	τι	_	_
9.2	530	[6]	τῆς	_	_
9.2	531	[1]	Πολιτείας	_	_
9.2	532	[57]	,	b	_
9.2	533	[2]	ἐπί	_	_
9.2	534	[4]	τε	_	_
9.2	535	[7]	τῆς	_	_
9.2	536	[3]	ψυχῆς	_	_
9.2	537	[14]	τὸ	_	_
9.2	538	[4]	μὲν	_	_
9.2	539	[1]	κυριώτατον	_	_
9.2	540	[8]	τῆς	_	_
9.2	541	[1]	διανοίας	_	_
9.2	542	[14]	ἐν	_	_
9.2	543	[3]	τῷ	_	_
9.2	544	[1]	τετάρτῳ	_	_
9.2	545	[1]	βιβλίῳ	_	_
9.2	546	[58]	,	b	_
9.2	547	[15]	τὸ	_	_
9.2	548	[7]	δὲ	_	_
9.2	549	[1]	ἑπόμενον	_	_
9.2	550	[3]	αὐτῇ	_	_
9.2	551	[3]	κατὰ	_	_
9.2	552	[8]	τὰ	_	_
9.2	553	[2]	ἄλλα	_	_
9.2	554	[18]	.	b	_
9.2	555	[1]	καιρὸς	_	_
9.2	556	[8]	οὖν	_	_
9.2	557	[1]	ἤδη	_	_
9.2	558	[14]	καὶ	_	_
9.2	559	[5]	τῶν	_	_
9.2	560	[1]	εἰρημένων	_	_
9.2	561	[1]	αὐτῷ	_	_
9.2	562	[4]	κατὰ	_	_
9.2	563	[4]	τὸν	_	_
9.2	564	[1]	Φαῖδρον	_	_
9.2	565	[1]	ἀκοῦσαι	_	_
9.2	566	[19]	.	b	_
9.2	567	[3]	ἡ	_	_
9.2	568	[1]	ἀπάτη	_	_
9.2	569	[1]	πότερον	_	_
9.2	570	[15]	ἐν	_	_
9.2	571	[1]	πολὺ	_	_
9.2	572	[1]	διαφέρουσι	_	_
9.2	573	[1]	γίγνεται	_	_
9.2	574	[1]	μᾶλλον	_	_
9.2	575	[59]	,	b	_
9.2	576	[1]	ἢ	_	_
9.2	577	[1]	ὀλίγον	_	_
9.2	578	[4]	;	b	_
9.2	579	[16]	ἐν	_	_
9.2	580	[2]	τοῖς	_	_
9.2	581	[2]	ὀλίγον	_	_
9.2	582	[20]	.	b	_
9.2	583	[3]	ἀλλὰ	_	_
9.2	584	[1]	μὴν	_	_
9.2	585	[5]	κατὰ	_	_
9.2	586	[1]	σμικρὸν	_	_
9.2	587	[1]	καταβαίνων	_	_
9.2	588	[2]	μᾶλλον	_	_
9.2	589	[1]	λήσεις	_	_
9.2	590	[1]	ἐλθὼν	_	_
9.2	591	[5]	ἐπὶ	_	_
9.2	592	[16]	τὸ	_	_
9.2	593	[1]	ἐναντίον	_	_
9.2	594	[2]	ἢ	_	_
9.2	595	[6]	κατὰ	_	_
9.2	596	[1]	μέγα	_	_
9.2	597	[21]	.	b	_
9.2	598	[1]	πῶς	_	_
9.2	599	[5]	δ	_	_
9.2	600	[10]	’	b	_
9.2	601	[1]	οὔ	_	_
9.2	602	[5]	;	b	_
9.2	603	[1]	δεῖ	_	_
9.2	604	[1]	ἄρα	_	_
9.2	605	[5]	τὸν	_	_
9.2	606	[1]	μέλλοντα	_	_
9.2	607	[1]	ἀπατήσειν	_	_
9.2	608	[5]	μὲν	_	_
9.2	609	[1]	ἄλλον	_	_
9.2	610	[60]	,	b	_
9.2	611	[2]	αὐτὸν	_	_
9.2	612	[8]	δὲ	_	_
9.2	613	[2]	μὴ	_	_
9.2	614	[1]	ἀπατηθήσεσθαι	_	_
9.2	615	[5]	τὴν	_	_
9.2	616	[2]	ὁμοιότητα	_	_
9.2	617	[6]	τῶν	_	_
9.2	618	[1]	ὄντων	_	_
9.2	619	[15]	καὶ	_	_
9.2	620	[1]	ἀνομοιότητα	_	_
9.2	621	[1]	ἀκριβῶς	_	_
9.2	622	[1]	διϊδεῖν	_	_
9.2	623	[22]	.	b	_
9.2	624	[1]	ἀνάγκη	_	_
9.2	625	[6]	μὲν	_	_
9.2	626	[9]	οὖν	_	_
9.2	627	[23]	.	b	_
9.2	628	[2]	ἦ	_	_
9.2	629	[10]	οὖν	_	_
9.2	630	[1]	οἷός	_	_
9.2	631	[1]	τ	_	_
9.2	632	[11]	’	b	_
9.2	633	[1]	ἔσται	_	_
9.2	634	[1]	ἀλήθειαν	_	_
9.2	635	[1]	ἀγνοῶν	_	_
9.2	636	[1]	ἑκάστου	_	_
9.2	637	[6]	τὴν	_	_
9.2	638	[6]	τοῦ	_	_
9.2	639	[1]	ἀγνοουμένου	_	_
9.2	640	[3]	ὁμοιότητα	_	_
9.2	641	[1]	μικράν	_	_
9.2	642	[5]	τε	_	_
9.2	643	[16]	καὶ	_	_
9.2	644	[1]	μεγάλην	_	_
9.2	645	[17]	ἐν	_	_
9.2	646	[3]	τοῖς	_	_
9.2	647	[1]	ἄλλοις	_	_
9.2	648	[1]	διαγιγνώσκειν	_	_
9.2	649	[6]	;	b	_
9.2	650	[1]	ἀδύνατον	_	_
9.2	651	[24]	.	b	_
9.2	652	[2]	οὐκ	_	_
9.2	653	[11]	οὖν	_	_
9.2	654	[4]	τοῖς	_	_
9.2	655	[1]	παρὰ	_	_
9.2	656	[9]	τὰ	_	_
9.2	657	[2]	ὄντα	_	_
9.2	658	[1]	δοξάζουσι	_	_
9.2	659	[17]	καὶ	_	_
9.2	660	[1]	ἀπατωμένοις	_	_
9.2	661	[1]	δῆλον	_	_
9.2	662	[3]	ὡς	_	_
9.2	663	[17]	τὸ	_	_
9.2	664	[1]	πάθος	_	_
9.2	665	[2]	τοῦτο	_	_
9.2	666	[1]	δι	_	_
9.2	667	[12]	’	b	_
9.2	668	[1]	ὁμοιοτήτων	_	_
9.2	669	[1]	τινῶν	_	_
9.2	670	[1]	εἰσεῤῥύη	_	_
9.2	671	[7]	;	b	_
9.2	672	[2]	γίγνεται	_	_
9.2	673	[12]	οὖν	_	_
9.2	674	[1]	οὕτω	_	_
9.2	675	[25]	.	b	_
9.2	676	[2]	ἔστιν	_	_
9.2	677	[13]	οὖν	_	_
9.2	678	[2]	ὅπως	_	_
9.2	679	[1]	τεχνικὸς	_	_
9.2	680	[2]	ἔσται	_	_
9.2	681	[1]	μεταβιβάζειν	_	_
9.2	682	[7]	κατὰ	_	_
9.2	683	[2]	σμικρὸν	_	_
9.2	684	[3]	διὰ	_	_
9.2	685	[7]	τῶν	_	_
9.2	686	[2]	ὁμοιοτήτων	_	_
9.2	687	[2]	ἀπὸ	_	_
9.2	688	[7]	τοῦ	_	_
9.2	689	[1]	ὄντος	_	_
9.2	690	[1]	ἑκάστοτε	_	_
9.2	691	[6]	ἐπὶ	_	_
9.2	692	[1]	τοὐναντίον	_	_
9.2	693	[1]	ἀπάγων	_	_
9.2	694	[61]	,	b	_
9.2	695	[3]	ἢ	_	_
9.2	696	[1]	αὐτὸς	_	_
9.2	697	[3]	τοῦτο	_	_
9.2	698	[1]	διαφεύγειν	_	_
9.2	699	[6]	ὁ	_	_
9.2	700	[3]	μὴ	_	_
9.2	701	[1]	ἐγνωρικὼς	_	_
9.2	702	[62]	,	b	_
9.2	703	[1]	ὅ	_	_
9.2	704	[2]	ἐστιν	_	_
9.2	705	[1]	ἕκαστον	_	_
9.2	706	[8]	τῶν	_	_
9.2	707	[2]	ὄντων	_	_
9.2	708	[8]	;	b	_
9.2	709	[4]	οὐ	_	_
9.2	710	[1]	μή	_	_
9.2	711	[1]	ποτε	_	_
9.2	712	[26]	.	b	_
9.2	713	[1]	λόγων	_	_
9.2	714	[2]	ἄρα	_	_
9.2	715	[1]	τέχνην	_	_
9.2	716	[63]	,	b	_
9.2	717	[2]	ὦ	_	_
9.2	718	[1]	ἑταῖρε	_	_
9.2	719	[64]	,	b	_
9.2	720	[7]	ὁ	_	_
9.2	721	[7]	τὴν	_	_
9.2	722	[2]	ἀλήθειαν	_	_
9.2	723	[4]	μὴ	_	_
9.2	724	[1]	εἰδὼς	_	_
9.2	725	[65]	,	b	_
9.2	726	[1]	δόξας	_	_
9.2	727	[9]	δὲ	_	_
9.2	728	[1]	τεθηρευκὼς	_	_
9.2	729	[66]	,	b	_
9.2	730	[1]	γελοίαν	_	_
9.2	731	[1]	τινὰ	_	_
9.2	732	[67]	,	b	_
9.2	733	[4]	ὡς	_	_
9.2	734	[1]	ἔοικε	_	_
9.2	735	[68]	,	b	_
9.2	736	[18]	καὶ	_	_
9.2	737	[1]	ἄτεχνον	_	_
9.2	738	[1]	παρέξεται	_	_
9.2	739	[27]	.	b	_
9.2	740	[4]	ὅτι	_	_
9.2	741	[6]	δ	_	_
9.2	742	[13]	’	b	_
9.2	743	[69]	,	b	_
9.2	744	[5]	ὡς	_	_
9.2	745	[2]	Ἱπποκράτης	_	_
9.2	746	[1]	ἔλεγε	_	_
9.2	747	[70]	,	b	_
9.2	748	[2]	τινὰ	_	_
9.2	749	[3]	μέν	_	_
9.2	750	[2]	ἐστι	_	_
9.2	751	[1]	ῥᾷστα	_	_
9.2	752	[1]	γνωσθῆναι	_	_
9.2	753	[71]	,	b	_
9.2	754	[3]	τινὰ	_	_
9.2	755	[7]	δ	_	_
9.2	756	[14]	’	b	_
9.2	757	[3]	οὐκ	_	_
9.2	758	[3]	ἔστι	_	_
9.2	759	[72]	,	b	_
9.2	760	[8]	τὴν	_	_
9.2	761	[2]	ἀρχὴν	_	_
9.2	762	[3]	ἀπὸ	_	_
9.2	763	[9]	τῶν	_	_
9.2	764	[1]	ῥᾴστων	_	_
9.2	765	[1]	ποιητέον	_	_
9.2	766	[73]	,	b	_
9.2	767	[1]	ἃ	_	_
9.2	768	[19]	καὶ	_	_
9.2	769	[1]	πᾶσιν	_	_
9.2	770	[1]	ἀνθρώποις	_	_
9.2	771	[1]	ὡμολόγηται	_	_
9.2	772	[4]	διὰ	_	_
9.2	773	[9]	τὴν	_	_
9.2	774	[1]	ἐνάργειαν	_	_
9.2	775	[28]	.	b	_
9.2	776	[2]	οὕτω	_	_
9.2	777	[20]	καὶ	_	_
9.2	778	[8]	ὁ	_	_
9.2	779	[4]	Πλάτων	_	_
9.2	780	[1]	ἐγίγνωσκεν	_	_
9.2	781	[2]	·	b	_
9.2	782	[1]	μάθοις	_	_
9.2	783	[8]	δ	_	_
9.2	784	[15]	’	b	_
9.2	785	[7]	ἂν	_	_
9.2	786	[1]	ἐκ	_	_
9.2	787	[1]	τῆσδε	_	_
9.2	788	[9]	τῆς	_	_
9.2	789	[1]	ῥήσεως	_	_
9.2	790	[2]	αὐτοῦ	_	_
9.2	791	[29]	.	b	_
9.2	792	[1]	ἆρ	_	_
9.2	793	[16]	’	b	_
9.2	794	[14]	οὖν	_	_
9.2	795	[5]	οὐ	_	_
9.2	796	[1]	παντὶ	_	_
9.2	797	[2]	δῆλον	_	_
9.2	798	[1]	τό	_	_
9.2	799	[2]	γε	_	_
9.2	800	[1]	τοιόνδε	_	_
9.2	801	[74]	,	b	_
9.2	802	[6]	ὡς	_	_
9.2	803	[5]	περὶ	_	_
9.2	804	[7]	μὲν	_	_
9.2	805	[1]	ἔνια	_	_
9.2	806	[10]	τῶν	_	_
9.2	807	[1]	τοιούτων	_	_
9.2	808	[1]	ὁμονοητικῶς	_	_
9.2	809	[1]	ἔχομεν	_	_
9.2	810	[75]	,	b	_
9.2	811	[6]	περὶ	_	_
9.2	812	[9]	δ	_	_
9.2	813	[17]	’	b	_
9.2	814	[2]	ἔνια	_	_
9.2	815	[1]	στασιαστικῶς	_	_
9.2	816	[9]	;	b	_
9.2	817	[2]	δοκῶ	_	_
9.2	818	[8]	μὲν	_	_
9.2	819	[2]	ὃ	_	_
9.2	820	[1]	λέγεις	_	_
9.2	821	[1]	μανθάνειν	_	_
9.2	822	[76]	,	b	_
9.2	823	[1]	ἔτι	_	_
9.2	824	[10]	δ	_	_
9.2	825	[18]	’	b	_
9.2	826	[1]	εἰπὲ	_	_
9.2	827	[1]	σαφέστερον	_	_
9.2	828	[30]	.	b	_
9.2	829	[2]	ὅταν	_	_
9.2	830	[4]	τις	_	_
9.2	831	[1]	ὄνομα	_	_
9.2	832	[1]	εἴπῃ	_	_
9.2	833	[1]	σιδήρου	_	_
9.2	834	[4]	ἢ	_	_
9.2	835	[1]	ἀργύρου	_	_
9.2	836	[77]	,	b	_
9.2	837	[2]	ἆρ	_	_
9.2	838	[19]	’	b	_
9.2	839	[6]	οὐ	_	_
9.2	840	[18]	τὸ	_	_
9.2	841	[2]	αὐτὸ	_	_
9.2	842	[1]	πάντες	_	_
9.2	843	[1]	διενοήθημεν	_	_
9.2	844	[10]	;	b	_
9.2	845	[21]	καὶ	_	_
9.2	846	[1]	μάλα	_	_
9.2	847	[31]	.	b	_
9.2	848	[3]	τί	_	_
9.2	849	[11]	δ	_	_
9.2	850	[20]	’	b	_
9.2	851	[78]	,	b	_
9.2	852	[3]	ὅταν	_	_
9.2	853	[2]	δικαίου	_	_
9.2	854	[5]	ἢ	_	_
9.2	855	[1]	ἀγαθοῦ	_	_
9.2	856	[11]	;	b	_
9.2	857	[4]	οὐκ	_	_
9.2	858	[1]	ἄλλος	_	_
9.2	859	[1]	ἄλλῃ	_	_
9.2	860	[1]	φέρεται	_	_
9.2	861	[79]	,	b	_
9.2	862	[22]	καὶ	_	_
9.2	863	[1]	ἀμφισβητοῦσιν	_	_
9.2	864	[2]	ἀλλήλοις	_	_
9.2	865	[6]	τε	_	_
9.2	866	[23]	καὶ	_	_
9.2	867	[1]	ἡμῖν	_	_
9.2	868	[2]	αὐτοῖς	_	_
9.2	869	[12]	;	b	_
9.2	870	[4]	πάνυ	_	_
9.2	871	[9]	μὲν	_	_
9.2	872	[15]	οὖν	_	_
9.2	873	[32]	.	b	_
9.2	874	[18]	ἐν	_	_
9.2	875	[10]	μὲν	_	_
9.2	876	[3]	ἄρα	_	_
9.2	877	[5]	τοῖς	_	_
9.2	878	[1]	συμφωνοῦμεν	_	_
9.2	879	[80]	,	b	_
9.2	880	[19]	ἐν	_	_
9.2	881	[10]	δὲ	_	_
9.2	882	[6]	τοῖς	_	_
9.2	883	[2]	οὔ	_	_
9.2	884	[33]	.	b	_
9.2	885	[3]	οὕτω	_	_
9.2	886	[34]	.	b	_
9.2	887	[1]	ποτέρωθεν	_	_
9.2	888	[16]	οὖν	_	_
9.2	889	[1]	εὐαπατητότεροί	_	_
9.2	890	[1]	ἐσμεν	_	_
9.2	891	[81]	,	b	_
9.2	892	[24]	καὶ	_	_
9.2	893	[4]	ἡ	_	_
9.2	894	[1]	ῥητορικὴ	_	_
9.2	895	[1]	ὲν	_	_
9.2	896	[1]	ποτέροις	_	_
9.2	897	[1]	μεῖζον	_	_
9.2	898	[1]	δύναται	_	_
9.2	899	[3]	εἶναι	_	_
9.2	900	[13]	;	b	_
9.2	901	[1]	δηλονότι	_	_
9.2	902	[20]	ἐν	_	_
9.2	903	[1]	οἷς	_	_
9.2	904	[1]	πλανώμεθα	_	_
9.2	905	[35]	.	b	_
9.2	906	[2]	οὐκοῦν	_	_
9.2	907	[6]	τὸν	_	_
9.2	908	[2]	μέλλοντα	_	_
9.2	909	[2]	τέχνην	_	_
9.2	910	[1]	ῥητορικὴν	_	_
9.2	911	[1]	μετιέναι	_	_
9.2	912	[3]	πρῶτον	_	_
9.2	913	[11]	μὲν	_	_
9.2	914	[2]	δεῖ	_	_
9.2	915	[2]	ταῦτα	_	_
9.2	916	[1]	ὁδῷ	_	_
9.2	917	[1]	ηὑρῆσθαι	_	_
9.2	918	[82]	,	b	_
9.2	919	[25]	καὶ	_	_
9.2	920	[1]	εἰληφέναι	_	_
9.2	921	[4]	τινὰ	_	_
9.2	922	[1]	χαρακτῆρα	_	_
9.2	923	[2]	ἑκατέρου	_	_
9.2	924	[8]	τοῦ	_	_
9.2	925	[1]	εἴδους	_	_
9.2	926	[83]	,	b	_
9.2	927	[21]	ἐν	_	_
9.2	928	[2]	ᾧ	_	_
9.2	929	[7]	τε	_	_
9.2	930	[2]	ἀνάγκη	_	_
9.2	931	[19]	τὸ	_	_
9.2	932	[1]	πλῆθος	_	_
9.2	933	[1]	πλανᾶσθαι	_	_
9.2	934	[84]	,	b	_
9.2	935	[26]	καὶ	_	_
9.2	936	[22]	ἐν	_	_
9.2	937	[3]	ᾧ	_	_
9.2	938	[2]	μή	_	_
9.2	939	[36]	.	b	_
9.2	940	[1]	καλὸν	_	_
9.2	941	[1]	γοῦν	_	_
9.2	942	[85]	,	b	_
9.2	943	[3]	ὦ	_	_
9.2	944	[2]	Σώκρατες	_	_
9.2	945	[86]	,	b	_
9.2	946	[1]	εἶδος	_	_
9.2	947	[4]	εἴη	_	_
9.2	948	[8]	ἂν	_	_
9.2	949	[1]	κατανενοηκὼς	_	_
9.2	950	[9]	ὁ	_	_
9.2	951	[4]	τοῦτο	_	_
9.2	952	[1]	λαβών	_	_
9.2	953	[37]	.	b	_
9.2	954	[2]	ἔπειτά	_	_
9.2	955	[3]	γε	_	_
9.2	956	[2]	οἶμαι	_	_
9.2	957	[1]	πρὸς	_	_
9.2	958	[2]	ἑκάστῳ	_	_
9.2	959	[1]	γιγνόμενον	_	_
9.2	960	[5]	μὴ	_	_
9.2	961	[1]	λανθάνειν	_	_
9.2	962	[87]	,	b	_
9.2	963	[2]	ἀλλ	_	_
9.2	964	[21]	’	b	_
9.2	965	[1]	ὀξέως	_	_
9.2	966	[1]	αἰσθάνεσθαι	_	_
9.2	967	[88]	,	b	_
9.2	968	[7]	περὶ	_	_
9.2	969	[1]	οὗ	_	_
9.2	970	[9]	ἂν	_	_
9.2	971	[1]	μέλλῃ	_	_
9.2	972	[1]	ἐρεῖν	_	_
9.2	973	[89]	,	b	_
9.2	974	[1]	ποτέρου	_	_
9.2	975	[1]	ὂν	_	_
9.2	976	[9]	τοῦ	_	_
9.2	977	[1]	γένους	_	_
9.2	978	[2]	τυγχάνει	_	_
9.2	979	[38]	.	b	_
9.2	980	[4]	τί	_	_
9.2	981	[1]	μήν	_	_
9.2	982	[14]	;	b	_
9.2	983	[5]	τί	_	_
9.2	984	[17]	οὖν	_	_
9.2	985	[15]	;	b	_
9.2	986	[7]	τὸν	_	_
9.2	987	[1]	ἔρωτα	_	_
9.2	988	[2]	πότερον	_	_
9.2	989	[1]	φῶμεν	_	_
9.2	990	[4]	εἶναι	_	_
9.2	991	[11]	τῶν	_	_
9.2	992	[1]	ἀμφισβητησίμων	_	_
9.2	993	[90]	,	b	_
9.2	994	[6]	ἢ	_	_
9.2	995	[12]	τῶν	_	_
9.2	996	[3]	μή	_	_
9.2	997	[16]	;	b	_
9.2	998	[2]	ἀμφισβητησίμων	_	_
9.2	999	[1]	δήπου	_	_
9.2	1000	[39]	.	b	_
9.2	1001	[7]	ἢ	_	_
9.2	1002	[1]	οἴει	_	_
9.2	1003	[1]	ἄν	_	_
9.2	1004	[3]	σοι	_	_
9.2	1005	[1]	συγχωρῆσαι	_	_
9.2	1006	[1]	εἰπεῖν	_	_
9.2	1007	[91]	,	b	_
9.2	1008	[2]	ἃ	_	_
9.2	1009	[1]	δὴ	_	_
9.2	1010	[1]	εἶπες	_	_
9.2	1011	[8]	περὶ	_	_
9.2	1012	[3]	αὐτοῦ	_	_
9.2	1013	[92]	,	b	_
9.2	1014	[7]	ὡς	_	_
9.2	1015	[1]	βλάβη	_	_
9.2	1016	[1]	τέ	_	_
9.2	1017	[3]	ἐστι	_	_
9.2	1018	[4]	τῷ	_	_
9.2	1019	[1]	ἐρωμένῳ	_	_
9.2	1020	[27]	καὶ	_	_
9.2	1021	[1]	ἐρῶντι	_	_
9.2	1022	[93]	,	b	_
9.2	1023	[28]	καὶ	_	_
9.2	1024	[1]	αὖθις	_	_
9.2	1025	[8]	ὡς	_	_
9.2	1026	[1]	μέγιστον	_	_
9.2	1027	[13]	τῶν	_	_
9.2	1028	[1]	ἀγαθῶν	_	_
9.2	1029	[3]	τυγχάνει	_	_
9.2	1030	[17]	;	b	_
9.2	1031	[1]	ἄριστα	_	_
9.2	1032	[2]	λέγεις	_	_
9.2	1033	[40]	.	b	_
9.2	1034	[1]	αὕτη	_	_
9.2	1035	[12]	μὲν	_	_
9.2	1036	[5]	ἡ	_	_
9.2	1037	[1]	ῥῆσις	_	_
9.2	1038	[23]	ἐν	_	_
9.2	1039	[5]	τῷ	_	_
9.2	1040	[1]	Φαίδρῳ	_	_
9.2	1041	[1]	γέγραπται	_	_
9.2	1042	[94]	,	b	_
9.2	1043	[1]	διδάσκοντος	_	_
9.2	1044	[4]	αὐτοῦ	_	_
9.2	1045	[95]	,	b	_
9.2	1046	[1]	μηδεμίαν	_	_
9.2	1047	[1]	ἀμφισβήτησιν	_	_
9.2	1048	[1]	ἔχειν	_	_
9.2	1049	[10]	τὰ	_	_
9.2	1050	[7]	τοῖς	_	_
9.2	1051	[1]	φυσικοῖς	_	_
9.2	1052	[1]	κριτηρίοις	_	_
9.2	1053	[1]	ἐναργῶς	_	_
9.2	1054	[1]	ὑποπίπτοντα	_	_
9.2	1055	[96]	,	b	_
9.2	1056	[24]	ἐν	_	_
9.2	1057	[2]	οἷς	_	_
9.2	1058	[1]	δή	_	_
9.2	1059	[1]	τοι	_	_
9.2	1060	[1]	μηδ	_	_
9.2	1061	[22]	’	b	_
9.2	1062	[1]	ὅλως	_	_
9.2	1063	[1]	ὑποπίπτει	_	_
9.2	1064	[8]	τοῖς	_	_
9.2	1065	[2]	κριτηρίοις	_	_
9.2	1066	[2]	τούτοις	_	_
9.2	1067	[97]	,	b	_
9.2	1068	[8]	ἢ	_	_
9.2	1069	[1]	ἀμυδρῶς	_	_
9.2	1070	[2]	ὑποπίπτει	_	_
9.2	1071	[98]	,	b	_
9.2	1072	[10]	τὴν	_	_
9.2	1073	[2]	ἀμφισβήτησιν	_	_
9.2	1074	[1]	γίγνεσθαι	_	_
9.2	1075	[99]	,	b	_
9.2	1076	[29]	καὶ	_	_
9.2	1077	[3]	χρὴ	_	_
9.2	1078	[1]	γεγυμνάσθαι	_	_
9.2	1079	[8]	κατὰ	_	_
9.2	1080	[3]	ταῦτα	_	_
9.2	1081	[1]	διακρίνοντα	_	_
9.2	1082	[2]	τὰς	_	_
9.2	1083	[14]	τῶν	_	_
9.2	1084	[1]	πραγμάτων	_	_
9.2	1085	[2]	ὁμοιότητας	_	_
9.2	1086	[41]	.	b	_
9.2	1087	[3]	ἔνια	_	_
9.2	1088	[4]	γὰρ	_	_
9.2	1089	[6]	οὕτως	_	_
9.2	1090	[2]	ἔχει	_	_
9.2	1091	[2]	πρὸς	_	_
9.2	1092	[1]	ἄλληλα	_	_
9.2	1093	[9]	κατὰ	_	_
9.2	1094	[3]	τὰς	_	_
9.2	1095	[15]	τῶν	_	_
9.2	1096	[25]	ἐν	_	_
9.2	1097	[3]	αὐτοῖς	_	_
9.2	1098	[3]	ὁμοιότητας	_	_
9.2	1099	[100]	,	b	_
9.2	1100	[9]	ἢ	_	_
9.2	1101	[11]	τὴν	_	_
9.2	1102	[1]	παραλλαγὴν	_	_
9.2	1103	[101]	,	b	_
9.2	1104	[9]	ὡς	_	_
9.2	1105	[1]	κατά	_	_
9.2	1106	[5]	τι	_	_
9.2	1107	[13]	μὲν	_	_
9.2	1108	[1]	ὑπάρχειν	_	_
9.2	1109	[1]	ὅμοια	_	_
9.2	1110	[102]	,	b	_
9.2	1111	[2]	κατά	_	_
9.2	1112	[6]	τι	_	_
9.2	1113	[12]	δ	_	_
9.2	1114	[23]	’	b	_
9.2	1115	[1]	ἀνόμοια	_	_
9.2	1116	[42]	.	b	_
9.2	1117	[30]	καὶ	_	_
9.2	1118	[4]	χρὴ	_	_
9.2	1119	[16]	τῶν	_	_
9.2	1120	[2]	τοιούτων	_	_
9.2	1121	[1]	διαγνωστικὸν	_	_
9.2	1122	[8]	τὸν	_	_
9.2	1123	[1]	τεχνίτην	_	_
9.2	1124	[5]	εἶναι	_	_
9.2	1125	[103]	,	b	_
9.2	1126	[10]	ὡς	_	_
9.2	1127	[2]	ἀκριβῶς	_	_
9.2	1128	[8]	τε	_	_
9.2	1129	[1]	ἅμα	_	_
9.2	1130	[31]	καὶ	_	_
9.2	1131	[1]	ταχέως	_	_
9.2	1132	[1]	δύνασθαι	_	_
9.2	1133	[1]	γνωρίζειν	_	_
9.2	1134	[104]	,	b	_
9.2	1135	[5]	εἰ	_	_
9.2	1136	[1]	ὅμοιά	_	_
9.2	1137	[3]	ἐστιν	_	_
9.2	1138	[3]	ἀλλήλοις	_	_
9.2	1139	[10]	ἢ	_	_
9.2	1140	[2]	ἀνόμοια	_	_
9.2	1141	[43]	.	b	_
9.2	1142	[2]	ὅπερ	_	_
9.2	1143	[18]	οὖν	_	_
9.2	1144	[1]	ἀεὶ	_	_
9.2	1145	[32]	καὶ	_	_
9.2	1146	[1]	λέγοντός	_	_
9.2	1147	[1]	μου	_	_
9.2	1148	[33]	καὶ	_	_
9.2	1149	[1]	γράφοντος	_	_
9.2	1150	[1]	ἀκούεις	_	_
9.2	1151	[105]	,	b	_
9.2	1152	[1]	ἀκούσῃ	_	_
9.2	1153	[1]	πάντως	_	_
9.2	1154	[34]	καὶ	_	_
9.2	1155	[1]	νῦν	_	_
9.2	1156	[44]	.	b	_
9.2	1157	[6]	ἡ	_	_
9.2	1158	[1]	καθόλου	_	_
9.2	1159	[1]	μέθοδος	_	_
9.2	1160	[1]	χωρὶς	_	_
9.2	1161	[10]	τοῦ	_	_
9.2	1162	[1]	γυμνασθῆναι	_	_
9.2	1163	[10]	κατὰ	_	_
9.2	1164	[1]	πολλὰ	_	_
9.2	1165	[17]	τῶν	_	_
9.2	1166	[26]	ἐν	_	_
9.2	1167	[1]	μέρει	_	_
9.2	1168	[2]	τεχνίτην	_	_
9.2	1169	[1]	ἀγαθὸν	_	_
9.2	1170	[1]	οὐχ	_	_
9.2	1171	[1]	οἵα	_	_
9.2	1172	[2]	τέ	_	_
9.2	1173	[4]	ἐστιν	_	_
9.2	1174	[1]	ἐργάσασθαι	_	_
9.2	1175	[45]	.	b	_
9.2	1176	[35]	καὶ	_	_
9.2	1177	[1]	τοῦτ	_	_
9.2	1178	[24]	’	b	_
9.2	1179	[7]	ἐπὶ	_	_
9.2	1180	[1]	πασῶν	_	_
9.2	1181	[1]	ἔνεστί	_	_
9.2	1182	[4]	σοι	_	_
9.2	1183	[1]	θεάσασθαι	_	_
9.2	1184	[18]	τῶν	_	_
9.2	1185	[3]	τοιούτων	_	_
9.2	1186	[106]	,	b	_
9.2	1187	[1]	ἐπ	_	_
9.2	1188	[25]	’	b	_
9.2	1189	[1]	ἐνιά	_	_
9.2	1190	[4]	γε	_	_
9.2	1191	[2]	μὴν	_	_
9.2	1192	[7]	οὕτως	_	_
9.2	1193	[1]	ἰσχυρὰν	_	_
9.2	1194	[1]	δύναμιν	_	_
9.2	1195	[1]	ἔχον	_	_
9.2	1196	[107]	,	b	_
9.2	1197	[11]	ὡς	_	_
9.2	1198	[12]	τὴν	_	_
9.2	1199	[14]	μὲν	_	_
9.2	1200	[2]	καθόλου	_	_
9.2	1201	[1]	μέθοδον	_	_
9.2	1202	[1]	ἐνιαυτῷ	_	_
9.2	1203	[1]	μόνῳ	_	_
9.2	1204	[2]	δύνασθαι	_	_
9.2	1205	[1]	τελεώτατα	_	_
9.2	1206	[1]	μαθεῖν	_	_
9.2	1207	[108]	,	b	_
9.2	1208	[13]	τὴν	_	_
9.2	1209	[13]	δ	_	_
9.2	1210	[26]	’	b	_
9.2	1211	[1]	ἄσκησιν	_	_
9.2	1212	[109]	,	b	_
9.2	1213	[6]	εἰ	_	_
9.2	1214	[6]	μὴ	_	_
9.2	1215	[2]	δι	_	_
9.2	1216	[27]	’	b	_
9.2	1217	[1]	ὅλου	_	_
9.2	1218	[11]	τοῦ	_	_
9.2	1219	[1]	βίου	_	_
9.2	1220	[1]	γένοιτο	_	_
9.2	1221	[110]	,	b	_
9.2	1222	[1]	κολούειν	_	_
9.2	1223	[2]	εἰς	_	_
9.2	1224	[11]	τὰ	_	_
9.2	1225	[10]	τῆς	_	_
9.2	1226	[1]	τέχνης	_	_
9.2	1227	[1]	ἔργα	_	_
9.2	1228	[46]	.	b	_
9.2	1229	[36]	καὶ	_	_
9.2	1230	[1]	φαίνεταί	_	_
9.2	1231	[5]	γε	_	_
9.2	1232	[1]	σαφῶς	_	_
9.2	1233	[1]	οὖσα	_	_
9.2	1234	[1]	τοιαύτη	_	_
9.2	1235	[1]	τέχνη	_	_
9.2	1236	[1]	λογιστική	_	_
9.2	1237	[9]	τε	_	_
9.2	1238	[37]	καὶ	_	_
9.2	1239	[2]	ῥητορικὴ	_	_
9.2	1240	[111]	,	b	_
9.2	1241	[38]	καὶ	_	_
9.2	1242	[7]	ἡ	_	_
9.2	1243	[5]	διὰ	_	_
9.2	1244	[19]	τῶν	_	_
9.2	1245	[1]	ὀργάνων	_	_
9.2	1246	[1]	ἐνεργοῦσα	_	_
9.2	1247	[1]	μουσική	_	_
9.2	1248	[47]	.	b	_
9.2	1249	[1]	τοσαύτης	_	_
9.2	1250	[15]	μὲν	_	_
9.2	1251	[19]	οὖν	_	_
9.2	1252	[1]	ἀσκήσεως	_	_
9.2	1253	[1]	ἀποδεικτικὴ	_	_
9.2	1254	[2]	μέθοδος	_	_
9.2	1255	[7]	οὐ	_	_
9.2	1256	[1]	δεῖται	_	_
9.2	1257	[3]	·	b	_
9.2	1258	[1]	χρῄζει	_	_
9.2	1259	[2]	γοῦν	_	_
9.2	1260	[5]	οὐκ	_	_
9.2	1261	[1]	ὀλίγης	_	_
9.2	1262	[39]	καὶ	_	_
9.2	1263	[1]	αὐτή	_	_
9.2	1264	[48]	.	b	_
9.2	1265	[2]	γυμνάζεσθαι	_	_
9.2	1266	[3]	γοῦν	_	_
9.2	1267	[5]	χρὴ	_	_
9.2	1268	[1]	γυμνασίαν	_	_
9.2	1269	[1]	καθ	_	_
9.2	1270	[28]	’	b	_
9.2	1271	[1]	ἑκάστην	_	_
9.2	1272	[2]	ἄσκησιν	_	_
9.2	1273	[2]	τέχνης	_	_
9.2	1274	[27]	ἐν	_	_
9.2	1275	[1]	ὕλαις	_	_
9.2	1276	[112]	,	b	_
9.2	1277	[1]	ὧν	_	_
9.2	1278	[4]	τὰς	_	_
9.2	1279	[1]	χρησίμους	_	_
9.2	1280	[6]	τῷ	_	_
9.2	1281	[1]	βίῳ	_	_
9.2	1282	[1]	πράξεις	_	_
9.2	1283	[1]	δεόμεθα	_	_
9.2	1284	[49]	.	b	_
9.2	1285	[2]	κᾂν	_	_
9.2	1286	[5]	γὰρ	_	_
9.2	1287	[5]	ὅτι	_	_
9.2	1288	[2]	μάλιστα	_	_
9.2	1289	[14]	τὴν	_	_
9.2	1290	[2]	φύσιν	_	_
9.2	1291	[1]	ἀρίστην	_	_
9.2	1292	[5]	τις	_	_
9.2	1293	[1]	ἔχων	_	_
9.2	1294	[3]	εἰς	_	_
9.2	1295	[1]	ὁτιοῦν	_	_
9.2	1296	[1]	ἔργον	_	_
9.2	1297	[1]	ἀμελήσῃ	_	_
9.2	1298	[11]	τῆς	_	_
9.2	1299	[2]	ἀσκήσεως	_	_
9.2	1300	[113]	,	b	_
9.2	1301	[1]	οὐδενὸς	_	_
9.2	1302	[20]	τῶν	_	_
9.2	1303	[1]	ἀπολειπομένων	_	_
9.2	1304	[16]	μὲν	_	_
9.2	1305	[3]	τῇ	_	_
9.2	1306	[1]	φύσει	_	_
9.2	1307	[114]	,	b	_
9.2	1308	[1]	πλεονεκτούντων	_	_
9.2	1309	[11]	δὲ	_	_
9.2	1310	[4]	τῇ	_	_
9.2	1311	[11]	κατὰ	_	_
9.2	1312	[15]	τὴν	_	_
9.2	1313	[3]	ἄσκησιν	_	_
9.2	1314	[1]	ἐπιμελείᾳ	_	_
9.2	1315	[1]	βελτίων	_	_
9.2	1316	[2]	ἐστί	_	_
9.2	1317	[50]	.	b	_
9.2	1318	[1]	νόησον	_	_
9.2	1319	[4]	γοῦν	_	_
9.2	1320	[1]	τινα	_	_
9.2	1321	[5]	τῇ	_	_
9.2	1322	[10]	τε	_	_
9.2	1323	[21]	τῶν	_	_
9.2	1324	[1]	σκελῶν	_	_
9.2	1325	[1]	κατασκευῇ	_	_
9.2	1326	[40]	καὶ	_	_
9.2	1327	[6]	τῇ	_	_
9.2	1328	[12]	τοῦ	_	_
9.2	1329	[1]	παντὸς	_	_
9.2	1330	[1]	σώματος	_	_
9.2	1331	[1]	ῥώμῃ	_	_
9.2	1332	[1]	κάλλιστα	_	_
9.2	1333	[1]	διακείμενον	_	_
9.2	1334	[115]	,	b	_
9.2	1335	[1]	ἠμεληκότα	_	_
9.2	1336	[12]	δὲ	_	_
9.2	1337	[12]	τῆς	_	_
9.2	1338	[1]	φύσεως	_	_
9.2	1339	[4]	εἰς	_	_
9.2	1340	[1]	τοσοῦτον	_	_
9.2	1341	[116]	,	b	_
9.2	1342	[12]	ὡς	_	_
9.2	1343	[3]	πρὸς	_	_
9.2	1344	[7]	τῷ	_	_
9.2	1345	[1]	μηδέποτε	_	_
9.2	1346	[1]	δραμεῖν	_	_
9.2	1347	[2]	ἔτι	_	_
9.2	1348	[1]	κᾀν	_	_
9.2	1349	[8]	τῷ	_	_
9.2	1350	[1]	περιπατεῖν	_	_
9.2	1351	[2]	ἀεὶ	_	_
9.2	1352	[1]	βλακεύοντα	_	_
9.2	1353	[1]	διατελεῖν	_	_
9.2	1354	[117]	,	b	_
9.2	1355	[13]	ὡς	_	_
9.2	1356	[1]	ἀδύνατόν	_	_
9.2	1357	[4]	ἐστι	_	_
9.2	1358	[1]	τοῦτον	_	_
9.2	1359	[1]	Ὀλυμπιονίκην	_	_
9.2	1360	[1]	γενέσθαι	_	_
9.2	1361	[2]	χωρὶς	_	_
9.2	1362	[13]	τοῦ	_	_
9.2	1363	[16]	τὴν	_	_
9.2	1364	[1]	ἔμπροσθεν	_	_
9.2	1365	[1]	ἀργίαν	_	_
9.2	1366	[1]	ἀποθέμενον	_	_
9.2	1367	[5]	εἰς	_	_
9.2	1368	[1]	ἔθος	_	_
9.2	1369	[1]	ἑαυτὸν	_	_
9.2	1370	[1]	μεταστῆσαι	_	_
9.2	1371	[1]	γυμνασίων	_	_
9.2	1372	[22]	τῶν	_	_
9.2	1373	[12]	κατὰ	_	_
9.2	1374	[3]	φύσιν	_	_
9.2	1375	[118]	,	b	_
9.2	1376	[1]	οὐδὲ	_	_
9.2	1377	[1]	τούτων	_	_
9.2	1378	[23]	τῶν	_	_
9.2	1379	[1]	τυχόντων	_	_
9.2	1380	[119]	,	b	_
9.2	1381	[4]	ἀλλὰ	_	_
9.2	1382	[3]	μάλιστα	_	_
9.2	1383	[1]	οἷά	_	_
9.2	1384	[5]	ἐστιν	_	_
9.2	1385	[1]	οἰκεῖα	_	_
9.2	1386	[1]	σκέλεσιν	_	_
9.2	1387	[120]	,	b	_
9.2	1388	[14]	ὡς	_	_
9.2	1389	[121]	,	b	_
9.2	1390	[1]	ἐάν	_	_
9.2	1391	[1]	γέ	_	_
9.2	1392	[6]	τις	_	_
9.2	1393	[1]	παραλαβὼν	_	_
9.2	1394	[9]	τὸν	_	_
9.2	1395	[8]	οὕτως	_	_
9.2	1396	[1]	πεφυκότα	_	_
9.2	1397	[1]	μεταβαίνειν	_	_
9.2	1398	[17]	μὲν	_	_
9.2	1399	[8]	ἐπὶ	_	_
9.2	1400	[1]	λεπτοῦ	_	_
9.2	1401	[1]	σχοινίου	_	_
9.2	1402	[1]	διδάξῃ	_	_
9.2	1403	[122]	,	b	_
9.2	1404	[4]	πρὸς	_	_
9.2	1405	[1]	ξύλον	_	_
9.2	1406	[13]	δὲ	_	_
9.2	1407	[1]	ὄρθιον	_	_
9.2	1408	[1]	ἀναῤῥιχᾶσθαι	_	_
9.2	1409	[123]	,	b	_
9.2	1410	[3]	καθάπερ	_	_
9.2	1411	[3]	οἱ	_	_
9.2	1412	[1]	θαυματοποιοὶ	_	_
9.2	1413	[1]	διδάσκουσι	_	_
9.2	1414	[1]	τοὺς	_	_
9.2	1415	[1]	μαθητὰς	_	_
9.2	1416	[124]	,	b	_
9.2	1417	[8]	οὐ	_	_
9.2	1418	[1]	μόνον	_	_
9.2	1419	[6]	οὐκ	_	_
9.2	1420	[10]	ἂν	_	_
9.2	1421	[1]	ἕλοιτο	_	_
9.2	1422	[1]	νίκην	_	_
9.2	1423	[2]	Ὀλυμπιονίκην	_	_
9.2	1424	[125]	,	b	_
9.2	1425	[3]	ἀλλ	_	_
9.2	1426	[29]	’	b	_
9.2	1427	[2]	οὐδὲ	_	_
9.2	1428	[24]	τῶν	_	_
9.2	1429	[1]	ἐπιτυχόντων	_	_
9.2	1430	[1]	ἀνθρώπων	_	_
9.2	1431	[1]	ὠκύτερος	_	_
9.2	1432	[2]	ἄν	_	_
9.2	1433	[2]	ποτε	_	_
9.2	1434	[1]	ὀφθείη	_	_
9.2	1435	[51]	.	b	_
9.2	1436	[2]	τοῦτ	_	_
9.2	1437	[30]	’	b	_
9.2	1438	[20]	οὖν	_	_
9.2	1439	[1]	Ἱπποκράτει	_	_
9.2	1440	[11]	τε	_	_
9.2	1441	[41]	καὶ	_	_
9.2	1442	[1]	Πλάτωνι	_	_
9.2	1443	[2]	γέγραπται	_	_
9.2	1444	[126]	,	b	_
9.2	1445	[1]	παραδείγματα	_	_
9.2	1446	[1]	γράψασιν	_	_
9.2	1447	[1]	εἴς	_	_
9.2	1448	[12]	τε	_	_
9.2	1449	[5]	τὰς	_	_
9.2	1450	[1]	τέχνας	_	_
9.2	1451	[42]	καὶ	_	_
9.2	1452	[1]	πάσας	_	_
9.2	1453	[6]	τὰς	_	_
9.2	1454	[13]	κατὰ	_	_
9.2	1455	[10]	τὸν	_	_
9.2	1456	[1]	βίον	_	_
9.2	1457	[2]	πράξεις	_	_
9.2	1458	[1]	χρήσιμα	_	_
9.2	1459	[52]	.	b	_
9.2	1460	[1]	παραθήσομαι	_	_
9.2	1461	[14]	δὲ	_	_
9.2	1462	[1]	ὀλίγα	_	_
9.2	1463	[2]	χάριν	_	_
9.2	1464	[14]	τοῦ	_	_
9.2	1465	[1]	συνοφθῆναι	_	_
9.2	1466	[17]	τὴν	_	_
9.2	1467	[1]	ἰδέαν	_	_
9.2	1468	[3]	αὐτῶν	_	_
9.2	1469	[53]	.	b	_
9.2	1470	[9]	οὐ	_	_
9.2	1471	[3]	μὴν	_	_
9.2	1472	[43]	καὶ	_	_
9.2	1473	[1]	ἀρκεσθῆναί	_	_
9.2	1474	[6]	γε	_	_
9.2	1475	[3]	τούτοις	_	_
9.2	1476	[1]	ἀξιῶ	_	_
9.2	1477	[2]	τοὺς	_	_
9.2	1478	[1]	βουλομένους	_	_
9.2	1479	[2]	γενέσθαι	_	_
9.2	1480	[1]	τεχνίτας	_	_
9.2	1481	[14]	κατὰ	_	_
9.2	1482	[7]	τὰς	_	_
9.2	1483	[2]	τέχνας	_	_
9.2	1484	[127]	,	b	_
9.2	1485	[1]	ἃς	_	_
9.2	1486	[11]	ἂν	_	_
9.2	1487	[1]	αὐτοὶ	_	_
9.2	1488	[1]	τυγχάνωσιν	_	_
9.2	1489	[1]	ἀσκοῦντες	_	_
9.2	1490	[128]	,	b	_
9.2	1491	[5]	ἀλλὰ	_	_
9.2	1492	[3]	γυμνάζεσθαι	_	_
9.2	1493	[6]	διὰ	_	_
9.2	1494	[2]	παντὸς	_	_
9.2	1495	[129]	,	b	_
9.2	1496	[1]	ὥσπερ	_	_
9.2	1497	[4]	οἱ	_	_
9.2	1498	[1]	ῥητορικοὶ	_	_
9.2	1499	[1]	γυμνάζονται	_	_
9.2	1500	[2]	καθ	_	_
9.2	1501	[31]	’	b	_
9.2	1502	[2]	ἑκάστην	_	_
9.2	1503	[1]	ἡμέραν	_	_
9.2	1504	[130]	,	b	_
9.2	1505	[1]	ὑποθέσεις	_	_
9.2	1506	[1]	εὑρίσκοντες	_	_
9.2	1507	[1]	ἐπιτηδείους	_	_
9.2	1508	[6]	εἰς	_	_
9.2	1509	[18]	τὴν	_	_
9.2	1510	[1]	προκειμένην	_	_
9.2	1511	[4]	ἄσκησιν	_	_
9.2	1512	[54]	.	b	_
9.3	1	[1]	Εἰλήφθω	_	_
9.3	2	[1]	δὴ	_	_
9.3	3	[1]	παρὰ	_	_
9.3	4	[1]	Πλάτωνος	_	_
9.3	5	[1]	μὲν	_	_
9.3	6	[1]	πρῶτον	_	_
9.3	7	[1]	,	b	_
9.3	8	[1]	ὃ	_	_
9.3	9	[1]	κατὰ	_	_
9.3	10	[1]	τὸ	_	_
9.3	11	[1]	πέμπτον	_	_
9.3	12	[1]	τῆς	_	_
9.3	13	[1]	Πολιτείας	_	_
9.3	14	[1]	ἐδίδαξεν	_	_
9.3	15	[2]	,	b	_
9.3	16	[1]	ἔνθα	_	_
9.3	17	[1]	περὶ	_	_
9.3	18	[2]	τῆς	_	_
9.3	19	[1]	τῶν	_	_
9.3	20	[1]	γυναικῶν	_	_
9.3	21	[1]	φύσεως	_	_
9.3	22	[1]	ἄρχεται	_	_
9.3	23	[2]	τῶν	_	_
9.3	24	[1]	αὐτῶν	_	_
9.3	25	[1]	ἐπιτηδευμάτων	_	_
9.3	26	[1]	τοῖς	_	_
9.3	27	[1]	ἀνδράσιν	_	_
9.3	28	[1]	ἀξιῶν	_	_
9.3	29	[1]	μετέχειν	_	_
9.3	30	[1]	αὐτὰς	_	_
9.3	31	[3]	,	b	_
9.3	32	[1]	ὡς	_	_
9.3	33	[1]	ἂν	_	_
9.3	34	[1]	καὶ	_	_
9.3	35	[1]	τὴν	_	_
9.3	36	[1]	αὐτὴν	_	_
9.3	37	[1]	ἐχούσας	_	_
9.3	38	[1]	φύσιν	_	_
9.3	39	[4]	,	b	_
9.3	40	[1]	εἶτ	_	_
9.3	41	[1]	’	b	_
9.3	42	[1]	αὐτὸς	_	_
9.3	43	[1]	ἀντιλαμβάνεται	_	_
9.3	44	[1]	τοῦ	_	_
9.3	45	[1]	λόγου	_	_
9.3	46	[1]	.	b	_
9.3	47	[1]	φησὶ	_	_
9.3	48	[1]	δ	_	_
9.3	49	[2]	’	b	_
9.3	50	[5]	,	b	_
9.3	51	[1]	οὐκ	_	_
9.3	52	[2]	ἂν	_	_
9.3	53	[1]	ἴσως	_	_
9.3	54	[1]	συγχωρῆσαί	_	_
9.3	55	[1]	τινα	_	_
9.3	56	[2]	τὴν	_	_
9.3	57	[2]	αὐτὴν	_	_
9.3	58	[1]	εἶναι	_	_
9.3	59	[2]	φύσιν	_	_
9.3	60	[1]	ἄῤῥενός	_	_
9.3	61	[1]	τε	_	_
9.3	62	[2]	καὶ	_	_
9.3	63	[1]	θήλεος	_	_
9.3	64	[1]	σώματος	_	_
9.3	65	[6]	,	b	_
9.3	66	[1]	ἐπιδείκνυσί	_	_
9.3	67	[2]	τε	_	_
9.3	68	[7]	,	b	_
9.3	69	[2]	κατὰ	_	_
9.3	70	[1]	τί	_	_
9.3	71	[3]	τὴν	_	_
9.3	72	[3]	αὐτὴν	_	_
9.3	73	[1]	ἔφη	_	_
9.3	74	[2]	.	b	_
9.3	75	[1]	ἔχει	_	_
9.3	76	[2]	δ	_	_
9.3	77	[3]	’	b	_
9.3	78	[1]	ὁ	_	_
9.3	79	[1]	σύμπας	_	_
9.3	80	[1]	λόγος	_	_
9.3	81	[1]	αὐτῷ	_	_
9.3	82	[3]	κατὰ	_	_
9.3	83	[1]	τάδε	_	_
9.3	84	[3]	.	b	_
9.3	85	[1]	τὰς	_	_
9.3	86	[1]	θηλείας	_	_
9.3	87	[3]	τῶν	_	_
9.3	88	[1]	φυλάκων	_	_
9.3	89	[1]	κυνῶν	_	_
9.3	90	[1]	πότερα	_	_
9.3	91	[1]	ξυμφυλάττειν	_	_
9.3	92	[1]	οἰόμεθα	_	_
9.3	93	[1]	δεῖν	_	_
9.3	94	[8]	,	b	_
9.3	95	[1]	ἅπερ	_	_
9.3	96	[3]	ἂν	_	_
9.3	97	[1]	οἱ	_	_
9.3	98	[1]	ἄῤῥενες	_	_
9.3	99	[1]	φυλάττωσι	_	_
9.3	100	[9]	,	b	_
9.3	101	[3]	καὶ	_	_
9.3	102	[1]	ξυνθηρεύειν	_	_
9.3	103	[10]	,	b	_
9.3	104	[4]	καὶ	_	_
9.3	105	[1]	τὰ	_	_
9.3	106	[1]	ἄλλα	_	_
9.3	107	[1]	κοινῇ	_	_
9.3	108	[1]	πράττειν	_	_
9.3	109	[11]	,	b	_
9.3	110	[1]	ἢ	_	_
9.3	111	[2]	τὰς	_	_
9.3	112	[2]	μὲν	_	_
9.3	113	[1]	οἰκουρεῖν	_	_
9.3	114	[1]	ἔνδον	_	_
9.3	115	[2]	ὡς	_	_
9.3	116	[1]	ἀδυνάτους	_	_
9.3	117	[1]	διὰ	_	_
9.3	118	[1]	τὸν	_	_
9.3	119	[4]	τῶν	_	_
9.3	120	[1]	σκυλάκων	_	_
9.3	121	[1]	τόκον	_	_
9.3	122	[3]	τε	_	_
9.3	123	[5]	καὶ	_	_
9.3	124	[1]	τροφὴν	_	_
9.3	125	[12]	,	b	_
9.3	126	[1]	τοὺς	_	_
9.3	127	[1]	δὲ	_	_
9.3	128	[1]	πονεῖν	_	_
9.3	129	[4]	τε	_	_
9.3	130	[6]	καὶ	_	_
9.3	131	[1]	πᾶσαν	_	_
9.3	132	[1]	ἐπιμέλειαν	_	_
9.3	133	[1]	ἔχειν	_	_
9.3	134	[2]	περὶ	_	_
9.3	135	[2]	τὰ	_	_
9.3	136	[1]	ποίμνια	_	_
9.3	137	[1]	;	b	_
9.3	138	[2]	κοινῇ	_	_
9.3	139	[13]	,	b	_
9.3	140	[2]	ἔφη	_	_
9.3	141	[14]	,	b	_
9.3	142	[1]	πάντα	_	_
9.3	143	[15]	,	b	_
9.3	144	[1]	πλὴν	_	_
9.3	145	[3]	ὡς	_	_
9.3	146	[1]	ἀσθενεστέραις	_	_
9.3	147	[1]	χρώμεθα	_	_
9.3	148	[16]	,	b	_
9.3	149	[2]	τοῖς	_	_
9.3	150	[3]	δ	_	_
9.3	151	[4]	’	b	_
9.3	152	[4]	ὡς	_	_
9.3	153	[1]	ἰσχυροτέροις	_	_
9.3	154	[4]	.	b	_
9.3	155	[1]	οἷόν	_	_
9.3	156	[1]	τ	_	_
9.3	157	[5]	’	b	_
9.3	158	[1]	οὖν	_	_
9.3	159	[17]	,	b	_
9.3	160	[1]	ἔφην	_	_
9.3	161	[1]	ἐγὼ	_	_
9.3	162	[18]	,	b	_
9.3	163	[1]	ἐπὶ	_	_
9.3	164	[3]	τὰ	_	_
9.3	165	[1]	αὐτὰ	_	_
9.3	166	[1]	χρῆσθαί	_	_
9.3	167	[1]	τινι	_	_
9.3	168	[1]	ζώῳ	_	_
9.3	169	[19]	,	b	_
9.3	170	[1]	ἐὰν	_	_
9.3	171	[1]	μὴ	_	_
9.3	172	[4]	τὴν	_	_
9.3	173	[4]	αὐτὴν	_	_
9.3	174	[1]	τροφήν	_	_
9.3	175	[5]	τε	_	_
9.3	176	[7]	καὶ	_	_
9.3	177	[1]	παιδείαν	_	_
9.3	178	[1]	ἀποδιδῷς	_	_
9.3	179	[2]	;	b	_
9.3	180	[1]	οὐχ	_	_
9.3	181	[2]	οἷόν	_	_
9.3	182	[6]	τε	_	_
9.3	183	[5]	.	b	_
9.3	184	[1]	εἰ	_	_
9.3	185	[1]	ἄρα	_	_
9.3	186	[1]	ταῖς	_	_
9.3	187	[1]	γυναιξὶν	_	_
9.3	188	[2]	ἐπὶ	_	_
9.3	189	[4]	τὰ	_	_
9.3	190	[2]	αὐτὰ	_	_
9.3	191	[1]	χρησόμεθα	_	_
9.3	192	[8]	καὶ	_	_
9.3	193	[3]	τοῖς	_	_
9.3	194	[1]	ἀνδράσι	_	_
9.3	195	[20]	,	b	_
9.3	196	[5]	τὰ	_	_
9.3	197	[3]	αὐτὰ	_	_
9.3	198	[9]	καὶ	_	_
9.3	199	[1]	διδακτέον	_	_
9.3	200	[1]	αὐτάς	_	_
9.3	201	[6]	.	b	_
9.3	202	[1]	ναί	_	_
9.3	203	[7]	.	b	_
9.3	204	[1]	μουσικὴ	_	_
9.3	205	[3]	μὲν	_	_
9.3	206	[1]	ἐκείνοις	_	_
9.3	207	[10]	καὶ	_	_
9.3	208	[1]	γυμναστικὴ	_	_
9.3	209	[1]	ἐδόθη	_	_
9.3	210	[8]	.	b	_
9.3	211	[2]	ναί	_	_
9.3	212	[9]	.	b	_
9.3	213	[11]	καὶ	_	_
9.3	214	[2]	ταῖς	_	_
9.3	215	[2]	γυναιξὶν	_	_
9.3	216	[2]	ἄρα	_	_
9.3	217	[1]	τούτω	_	_
9.3	218	[1]	τὼ	_	_
9.3	219	[1]	τέχνα	_	_
9.3	220	[21]	,	b	_
9.3	221	[12]	καὶ	_	_
9.3	222	[6]	τὰ	_	_
9.3	223	[3]	περὶ	_	_
9.3	224	[2]	τὸν	_	_
9.3	225	[1]	πόλεμον	_	_
9.3	226	[1]	ἀποδοτέον	_	_
9.3	227	[7]	τε	_	_
9.3	228	[13]	καὶ	_	_
9.3	229	[1]	χρηστέον	_	_
9.3	230	[4]	κατὰ	_	_
9.3	231	[1]	ταὐτά	_	_
9.3	232	[10]	.	b	_
9.3	233	[1]	ἐν	_	_
9.3	234	[1]	τούτοις	_	_
9.3	235	[1]	καθόλου	_	_
9.3	236	[1]	προειπὼν	_	_
9.3	237	[2]	ὁ	_	_
9.3	238	[1]	Πλάτων	_	_
9.3	239	[22]	,	b	_
9.3	240	[1]	ὅτι	_	_
9.3	241	[5]	τῶν	_	_
9.3	242	[2]	αὐτῶν	_	_
9.3	243	[1]	ἁπάντων	_	_
9.3	244	[1]	ἐστὶ	_	_
9.3	245	[1]	μεταδοτέον	_	_
9.3	246	[1]	τῷ	_	_
9.3	247	[1]	θήλει	_	_
9.3	248	[1]	γένει	_	_
9.3	249	[23]	,	b	_
9.3	250	[1]	μετὰ	_	_
9.3	251	[1]	ταῦτα	_	_
9.3	252	[14]	καὶ	_	_
9.3	253	[4]	περὶ	_	_
9.3	254	[1]	γυμνασίων	_	_
9.3	255	[1]	ὅσα	_	_
9.3	256	[1]	γυμνοὶ	_	_
9.3	257	[1]	γυμναζόμεθα	_	_
9.3	258	[24]	,	b	_
9.3	259	[15]	καὶ	_	_
9.3	260	[5]	περὶ	_	_
9.3	261	[3]	τῆς	_	_
9.3	262	[3]	ἐπὶ	_	_
9.3	263	[6]	τῶν	_	_
9.3	264	[1]	ἵππων	_	_
9.3	265	[1]	ὀχήσεως	_	_
9.3	266	[25]	,	b	_
9.3	267	[2]	ὅσα	_	_
9.3	268	[8]	τε	_	_
9.3	269	[1]	πολέμων	_	_
9.3	270	[1]	ἕνεκα	_	_
9.3	271	[1]	διδάσκεται	_	_
9.3	272	[16]	καὶ	_	_
9.3	273	[1]	ἀσκεῖται	_	_
9.3	274	[26]	,	b	_
9.3	275	[2]	μετέχειν	_	_
9.3	276	[1]	ἐξιοῖ	_	_
9.3	277	[17]	καὶ	_	_
9.3	278	[3]	τὰς	_	_
9.3	279	[1]	γυναῖκας	_	_
9.3	280	[27]	,	b	_
9.3	281	[1]	ἐπ	_	_
9.3	282	[6]	’	b	_
9.3	283	[3]	αὐτῶν	_	_
9.3	284	[4]	δ	_	_
9.3	285	[7]	’	b	_
9.3	286	[1]	ἀντιλαμβανόμενος	_	_
9.3	287	[2]	τοῦ	_	_
9.3	288	[2]	λόγου	_	_
9.3	289	[2]	τάδε	_	_
9.3	290	[1]	φησί	_	_
9.3	291	[11]	.	b	_
9.3	292	[1]	βούλει	_	_
9.3	293	[2]	οὖν	_	_
9.3	294	[28]	,	b	_
9.3	295	[1]	ἦν	_	_
9.3	296	[5]	δ	_	_
9.3	297	[8]	’	b	_
9.3	298	[2]	ἐγὼ	_	_
9.3	299	[29]	,	b	_
9.3	300	[1]	ἡμεῖς	_	_
9.3	301	[1]	πρὸς	_	_
9.3	302	[1]	ἡμᾶς	_	_
9.3	303	[1]	αὐτοὺς	_	_
9.3	304	[1]	ὑπὲρ	_	_
9.3	305	[7]	τῶν	_	_
9.3	306	[1]	ἄλλων	_	_
9.3	307	[1]	ἀμφισβητήσωμεν	_	_
9.3	308	[30]	,	b	_
9.3	309	[1]	ἵνα	_	_
9.3	310	[2]	μὴ	_	_
9.3	311	[1]	ἔρημα	_	_
9.3	312	[7]	τὰ	_	_
9.3	313	[3]	τοῦ	_	_
9.3	314	[1]	ἑτέρου	_	_
9.3	315	[3]	λόγου	_	_
9.3	316	[1]	πολιορκῆται	_	_
9.3	317	[3]	;	b	_
9.3	318	[1]	οὐδὲν	_	_
9.3	319	[31]	,	b	_
9.3	320	[3]	ἔφη	_	_
9.3	321	[32]	,	b	_
9.3	322	[1]	κωλύει	_	_
9.3	323	[12]	.	b	_
9.3	324	[1]	λέγωμεν	_	_
9.3	325	[2]	δὴ	_	_
9.3	326	[2]	ὑπὲρ	_	_
9.3	327	[4]	αὐτῶν	_	_
9.3	328	[33]	,	b	_
9.3	329	[2]	ὅτι	_	_
9.3	330	[34]	,	b	_
9.3	331	[1]	ὦ	_	_
9.3	332	[1]	Σώκρατές	_	_
9.3	333	[9]	τε	_	_
9.3	334	[18]	καὶ	_	_
9.3	335	[1]	Γλαύκων	_	_
9.3	336	[35]	,	b	_
9.3	337	[2]	οὐδὲν	_	_
9.3	338	[1]	δεῖ	_	_
9.3	339	[1]	ὑμῖν	_	_
9.3	340	[1]	ἄλλους	_	_
9.3	341	[1]	ἀμφισβητεῖν	_	_
9.3	342	[36]	,	b	_
9.3	343	[1]	αὐτοὶ	_	_
9.3	344	[1]	γὰρ	_	_
9.3	345	[2]	ἐν	_	_
9.3	346	[1]	ἀρχῇ	_	_
9.3	347	[4]	τῆς	_	_
9.3	348	[1]	κατοικήσεως	_	_
9.3	349	[37]	,	b	_
9.3	350	[1]	ἣν	_	_
9.3	351	[1]	οἰκίζετε	_	_
9.3	352	[1]	πόλιν	_	_
9.3	353	[38]	,	b	_
9.3	354	[1]	ὁμολογεῖτε	_	_
9.3	355	[2]	δεῖν	_	_
9.3	356	[5]	κατὰ	_	_
9.3	357	[3]	φύσιν	_	_
9.3	358	[1]	ἕκαστον	_	_
9.3	359	[1]	ἕνα	_	_
9.3	360	[1]	ἓν	_	_
9.3	361	[2]	τὸ	_	_
9.3	362	[1]	αὑτοῦ	_	_
9.3	363	[2]	πράττειν	_	_
9.3	364	[39]	,	b	_
9.3	365	[1]	ὡμολογήσαμεν	_	_
9.3	366	[40]	,	b	_
9.3	367	[1]	οἶμαι	_	_
9.3	368	[13]	.	b	_
9.3	369	[1]	πῶς	_	_
9.3	370	[2]	γὰρ	_	_
9.3	371	[1]	οὔ	_	_
9.3	372	[4]	;	b	_
9.3	373	[1]	ἔστιν	_	_
9.3	374	[3]	οὖν	_	_
9.3	375	[1]	ὅπως	_	_
9.3	376	[1]	οὐ	_	_
9.3	377	[1]	πάμπολυ	_	_
9.3	378	[1]	διαφέρει	_	_
9.3	379	[1]	γυνὴ	_	_
9.3	380	[1]	ἀνδρὸς	_	_
9.3	381	[5]	τὴν	_	_
9.3	382	[4]	φύσιν	_	_
9.3	383	[5]	;	b	_
9.3	384	[2]	πῶς	_	_
9.3	385	[2]	οὐ	_	_
9.3	386	[2]	διαφέρει	_	_
9.3	387	[6]	;	b	_
9.3	388	[2]	οὐκ	_	_
9.3	389	[4]	οὖν	_	_
9.3	390	[1]	ἄλλο	_	_
9.3	391	[19]	καὶ	_	_
9.3	392	[1]	ἔργον	_	_
9.3	393	[1]	ἑκατέρῳ	_	_
9.3	394	[1]	προσήκει	_	_
9.3	395	[1]	προστάττειν	_	_
9.3	396	[3]	τὸ	_	_
9.3	397	[6]	κατὰ	_	_
9.3	398	[6]	τὴν	_	_
9.3	399	[1]	ἑαυτοῦ	_	_
9.3	400	[5]	φύσιν	_	_
9.3	401	[7]	;	b	_
9.3	402	[2]	τί	_	_
9.3	403	[1]	μήν	_	_
9.3	404	[8]	;	b	_
9.3	405	[3]	πῶς	_	_
9.3	406	[5]	οὖν	_	_
9.3	407	[2]	οὐχ	_	_
9.3	408	[1]	ἁμαρτάνετε	_	_
9.3	409	[1]	νυνὶ	_	_
9.3	410	[41]	,	b	_
9.3	411	[20]	καὶ	_	_
9.3	412	[1]	τἀναντία	_	_
9.3	413	[2]	ὑμῖν	_	_
9.3	414	[1]	αὐτοῖς	_	_
9.3	415	[1]	λέγετε	_	_
9.3	416	[1]	φάσκοντες	_	_
9.3	417	[1]	αὖ	_	_
9.3	418	[2]	τοὺς	_	_
9.3	419	[1]	ἄνδρας	_	_
9.3	420	[21]	καὶ	_	_
9.3	421	[4]	τὰς	_	_
9.3	422	[2]	γυναῖκας	_	_
9.3	423	[3]	δεῖν	_	_
9.3	424	[8]	τὰ	_	_
9.3	425	[4]	αὐτὰ	_	_
9.3	426	[3]	πράττειν	_	_
9.3	427	[42]	,	b	_
9.3	428	[1]	πλεῖστον	_	_
9.3	429	[1]	κεχωρισμένην	_	_
9.3	430	[6]	φύσιν	_	_
9.3	431	[1]	ἔχοντας	_	_
9.3	432	[9]	;	b	_
9.3	433	[1]	ἔξεις	_	_
9.3	434	[1]	τι	_	_
9.3	435	[43]	,	b	_
9.3	436	[2]	ὦ	_	_
9.3	437	[1]	θαυμάσιε	_	_
9.3	438	[44]	,	b	_
9.3	439	[2]	πρὸς	_	_
9.3	440	[1]	ταῦτ	_	_
9.3	441	[9]	’	b	_
9.3	442	[1]	ἀπολογεῖσθαι	_	_
9.3	443	[10]	;	b	_
9.3	444	[3]	ἐν	_	_
9.3	445	[2]	τούτοις	_	_
9.3	446	[1]	εἰπών	_	_
9.3	447	[2]	τινα	_	_
9.3	448	[6]	περὶ	_	_
9.3	449	[5]	τῆς	_	_
9.3	450	[1]	ἀντιλογικῆς	_	_
9.3	451	[1]	δυνάμεως	_	_
9.3	452	[45]	,	b	_
9.3	453	[1]	ἐφεξῆς	_	_
9.3	454	[1]	γράφει	_	_
9.3	455	[7]	τὴν	_	_
9.3	456	[1]	ῥῆσιν	_	_
9.3	457	[6]	τῆς	_	_
9.3	458	[1]	ἀντιλογίας	_	_
9.3	459	[1]	ᾧδέ	_	_
9.3	460	[1]	πως	_	_
9.3	461	[14]	.	b	_
9.3	462	[1]	κινδυνεύομεν	_	_
9.3	463	[6]	οὖν	_	_
9.3	464	[1]	ἄκοντες	_	_
9.3	465	[2]	ἀντιλογίας	_	_
9.3	466	[1]	ἅπτεσθαι	_	_
9.3	467	[15]	.	b	_
9.3	468	[4]	πῶς	_	_
9.3	469	[11]	;	b	_
9.3	470	[4]	τὸ	_	_
9.3	471	[8]	τὴν	_	_
9.3	472	[5]	αὐτὴν	_	_
9.3	473	[7]	φύσιν	_	_
9.3	474	[46]	,	b	_
9.3	475	[3]	ὅτι	_	_
9.3	476	[3]	οὐ	_	_
9.3	477	[8]	τῶν	_	_
9.3	478	[5]	αὐτῶν	_	_
9.3	479	[2]	δεῖ	_	_
9.3	480	[2]	ἐπιτηδευμάτων	_	_
9.3	481	[1]	τυγχάνειν	_	_
9.3	482	[47]	,	b	_
9.3	483	[1]	πάνυ	_	_
9.3	484	[1]	ἀνδρείως	_	_
9.3	485	[10]	τε	_	_
9.3	486	[22]	καὶ	_	_
9.3	487	[1]	ἐριστικῶς	_	_
9.3	488	[7]	κατὰ	_	_
9.3	489	[5]	τὸ	_	_
9.3	490	[1]	ὄνομα	_	_
9.3	491	[1]	διώκομεν	_	_
9.3	492	[48]	,	b	_
9.3	493	[1]	ἐπεσκεψάμεθα	_	_
9.3	494	[2]	δὲ	_	_
9.3	495	[1]	οὐδ	_	_
9.3	496	[10]	’	b	_
9.3	497	[1]	ὁτιοῦν	_	_
9.3	498	[49]	,	b	_
9.3	499	[3]	τί	_	_
9.3	500	[1]	εἶδος	_	_
9.3	501	[6]	τὸ	_	_
9.3	502	[7]	τῆς	_	_
9.3	503	[1]	ἑτέρας	_	_
9.3	504	[11]	τε	_	_
9.3	505	[23]	καὶ	_	_
9.3	506	[8]	τῆς	_	_
9.3	507	[1]	αὐτῆς	_	_
9.3	508	[2]	φύσεως	_	_
9.3	509	[50]	,	b	_
9.3	510	[24]	καὶ	_	_
9.3	511	[3]	πρὸς	_	_
9.3	512	[4]	τί	_	_
9.3	513	[1]	τεῖνον	_	_
9.3	514	[1]	ὡριζόμεθα	_	_
9.3	515	[1]	τότε	_	_
9.3	516	[9]	τὰ	_	_
9.3	517	[1]	ἐπιτηδεύματα	_	_
9.3	518	[1]	ἄλλῃ	_	_
9.3	519	[1]	φύσει	_	_
9.3	520	[2]	ἄλλα	_	_
9.3	521	[51]	,	b	_
9.3	522	[1]	τῇ	_	_
9.3	523	[3]	δὲ	_	_
9.3	524	[1]	αὐτῇ	_	_
9.3	525	[10]	τὰ	_	_
9.3	526	[5]	αὐτὰ	_	_
9.3	527	[1]	ἀπεδίδομεν	_	_
9.3	528	[16]	.	b	_
9.3	529	[4]	οὐ	_	_
9.3	530	[3]	γὰρ	_	_
9.3	531	[7]	οὖν	_	_
9.3	532	[52]	,	b	_
9.3	533	[4]	ἔφη	_	_
9.3	534	[53]	,	b	_
9.3	535	[2]	ἐπεσκεψάμεθα	_	_
9.3	536	[17]	.	b	_
9.3	537	[1]	τοιγάρτοι	_	_
9.3	538	[54]	,	b	_
9.3	539	[1]	εἶπον	_	_
9.3	540	[55]	,	b	_
9.3	541	[1]	ἔξεστιν	_	_
9.3	542	[1]	ἡμῖν	_	_
9.3	543	[56]	,	b	_
9.3	544	[5]	ὡς	_	_
9.3	545	[1]	ἔοικεν	_	_
9.3	546	[57]	,	b	_
9.3	547	[1]	ἀνερωτᾷν	_	_
9.3	548	[2]	ἡμᾶς	_	_
9.3	549	[2]	αὐτοὺς	_	_
9.3	550	[58]	,	b	_
9.3	551	[2]	εἰ	_	_
9.3	552	[1]	ἡ	_	_
9.3	553	[1]	αὐτὴ	_	_
9.3	554	[1]	φύσις	_	_
9.3	555	[1]	φαλακρῶν	_	_
9.3	556	[25]	καὶ	_	_
9.3	557	[1]	κομητῶν	_	_
9.3	558	[59]	,	b	_
9.3	559	[26]	καὶ	_	_
9.3	560	[3]	οὐχ	_	_
9.3	561	[2]	ἡ	_	_
9.3	562	[1]	ἐναντία	_	_
9.3	563	[60]	,	b	_
9.3	564	[27]	καὶ	_	_
9.3	565	[1]	ἐπειδὰν	_	_
9.3	566	[1]	ὁμολογῶμεν	_	_
9.3	567	[61]	,	b	_
9.3	568	[1]	ἐναντίαν	_	_
9.3	569	[2]	εἶναι	_	_
9.3	570	[62]	,	b	_
9.3	571	[2]	ἐὰν	_	_
9.3	572	[1]	φαλακροὶ	_	_
9.3	573	[1]	σκυτοτομῶσι	_	_
9.3	574	[63]	,	b	_
9.3	575	[3]	μὴ	_	_
9.3	576	[1]	ἐᾷν	_	_
9.3	577	[1]	κομήτας	_	_
9.3	578	[64]	,	b	_
9.3	579	[3]	ἐὰν	_	_
9.3	580	[6]	δ	_	_
9.3	581	[11]	’	b	_
9.3	582	[2]	αὖ	_	_
9.3	583	[1]	κομῆται	_	_
9.3	584	[65]	,	b	_
9.3	585	[4]	μὴ	_	_
9.3	586	[3]	τοὺς	_	_
9.3	587	[1]	ἑτέρους	_	_
9.3	588	[18]	.	b	_
9.3	589	[1]	γελοῖον	_	_
9.3	590	[4]	μὲν	_	_
9.3	591	[1]	τἂν	_	_
9.3	592	[1]	εἴη	_	_
9.3	593	[66]	,	b	_
9.3	594	[5]	ἔφη	_	_
9.3	595	[19]	.	b	_
9.3	596	[1]	ἆρα	_	_
9.3	597	[1]	κατ	_	_
9.3	598	[12]	’	b	_
9.3	599	[2]	ἄλλο	_	_
9.3	600	[2]	τι	_	_
9.3	601	[67]	,	b	_
9.3	602	[2]	εἶπον	_	_
9.3	603	[3]	ἐγὼ	_	_
9.3	604	[68]	,	b	_
9.3	605	[2]	γελοῖον	_	_
9.3	606	[69]	,	b	_
9.3	607	[2]	ἢ	_	_
9.3	608	[4]	ὅτι	_	_
9.3	609	[2]	τότε	_	_
9.3	610	[5]	οὐ	_	_
9.3	611	[1]	πάντως	_	_
9.3	612	[9]	τὴν	_	_
9.3	613	[6]	αὐτὴν	_	_
9.3	614	[28]	καὶ	_	_
9.3	615	[10]	τὴν	_	_
9.3	616	[1]	ἑτέραν	_	_
9.3	617	[8]	φύσιν	_	_
9.3	618	[1]	ἐτιθέμεθα	_	_
9.3	619	[70]	,	b	_
9.3	620	[1]	ἀλλ	_	_
9.3	621	[13]	’	b	_
9.3	622	[1]	ἐκεῖνο	_	_
9.3	623	[7]	τὸ	_	_
9.3	624	[2]	εἶδος	_	_
9.3	625	[9]	τῆς	_	_
9.3	626	[1]	ἀλλοιώσεώς	_	_
9.3	627	[12]	τε	_	_
9.3	628	[29]	καὶ	_	_
9.3	629	[1]	ὁμοιώσεως	_	_
9.3	630	[1]	μόνον	_	_
9.3	631	[1]	ἐφυλάττομεν	_	_
9.3	632	[8]	τὸ	_	_
9.3	633	[4]	πρὸς	_	_
9.3	634	[6]	αὐτὰ	_	_
9.3	635	[2]	τεῖνον	_	_
9.3	636	[11]	τὰ	_	_
9.3	637	[2]	ἐπιτηδεύματα	_	_
9.3	638	[12]	;	b	_
9.3	639	[1]	οἷον	_	_
9.3	640	[1]	ἰατρικὸν	_	_
9.3	641	[5]	μὲν	_	_
9.3	642	[30]	καὶ	_	_
9.3	643	[1]	ἰατρικὴν	_	_
9.3	644	[11]	τὴν	_	_
9.3	645	[1]	ψυχὴν	_	_
9.3	646	[1]	ἔχοντα	_	_
9.3	647	[12]	τὴν	_	_
9.3	648	[7]	αὐτὴν	_	_
9.3	649	[9]	φύσιν	_	_
9.3	650	[2]	ἔχειν	_	_
9.3	651	[1]	ἐλέγομεν	_	_
9.3	652	[20]	.	b	_
9.3	653	[3]	ἢ	_	_
9.3	654	[3]	οὐκ	_	_
9.3	655	[1]	οἴει	_	_
9.3	656	[13]	;	b	_
9.3	657	[1]	ἔγωγε	_	_
9.3	658	[21]	.	b	_
9.3	659	[2]	ἰατρικὸν	_	_
9.3	660	[1]	δέ	_	_
9.3	661	[1]	γε	_	_
9.3	662	[31]	καὶ	_	_
9.3	663	[1]	τεκτονικὸν	_	_
9.3	664	[1]	ἄλλην	_	_
9.3	665	[14]	;	b	_
9.3	666	[2]	πάντως	_	_
9.3	667	[1]	που	_	_
9.3	668	[22]	.	b	_
9.3	669	[1]	οὐκοῦν	_	_
9.3	670	[71]	,	b	_
9.3	671	[2]	ἦν	_	_
9.3	672	[7]	δ	_	_
9.3	673	[14]	’	b	_
9.3	674	[4]	ἐγὼ	_	_
9.3	675	[72]	,	b	_
9.3	676	[32]	καὶ	_	_
9.3	677	[9]	τὸ	_	_
9.3	678	[9]	τῶν	_	_
9.3	679	[1]	ἀνδρῶν	_	_
9.3	680	[33]	καὶ	_	_
9.3	681	[10]	τὸ	_	_
9.3	682	[10]	τῶν	_	_
9.3	683	[2]	γυναικῶν	_	_
9.3	684	[1]	γένος	_	_
9.3	685	[73]	,	b	_
9.3	686	[4]	ἐὰν	_	_
9.3	687	[6]	μὲν	_	_
9.3	688	[5]	πρὸς	_	_
9.3	689	[1]	τέχνην	_	_
9.3	690	[1]	τινὰ	_	_
9.3	691	[4]	ἢ	_	_
9.3	692	[3]	ἄλλο	_	_
9.3	693	[1]	ἐπιτήδευμα	_	_
9.3	694	[1]	διαφέρον	_	_
9.3	695	[1]	φαίνηται	_	_
9.3	696	[74]	,	b	_
9.3	697	[1]	τοῦτο	_	_
9.3	698	[3]	δὴ	_	_
9.3	699	[1]	φήσομεν	_	_
9.3	700	[2]	ἑκατέρῳ	_	_
9.3	701	[4]	δεῖν	_	_
9.3	702	[1]	ἀποδιδόναι	_	_
9.3	703	[75]	,	b	_
9.3	704	[5]	ἐὰν	_	_
9.3	705	[8]	δ	_	_
9.3	706	[15]	’	b	_
9.3	707	[2]	αὐτῷ	_	_
9.3	708	[1]	τούτῳ	_	_
9.3	709	[2]	φαίνηται	_	_
9.3	710	[1]	διαφέρειν	_	_
9.3	711	[76]	,	b	_
9.3	712	[2]	τῷ	_	_
9.3	713	[11]	τὸ	_	_
9.3	714	[7]	μὲν	_	_
9.3	715	[1]	θῆλυ	_	_
9.3	716	[1]	τίκτειν	_	_
9.3	717	[77]	,	b	_
9.3	718	[12]	τὸ	_	_
9.3	719	[9]	δ	_	_
9.3	720	[16]	’	b	_
9.3	721	[1]	ἄῤῥεν	_	_
9.3	722	[1]	ὀχεύειν	_	_
9.3	723	[78]	,	b	_
9.3	724	[1]	οὐδέν	_	_
9.3	725	[5]	τί	_	_
9.3	726	[1]	πω	_	_
9.3	727	[2]	φήσομεν	_	_
9.3	728	[1]	μᾶλλον	_	_
9.3	729	[1]	ἀποδεδεῖχθαι	_	_
9.3	730	[79]	,	b	_
9.3	731	[6]	ὡς	_	_
9.3	732	[6]	πρὸς	_	_
9.3	733	[2]	ὃ	_	_
9.3	734	[2]	ἡμεῖς	_	_
9.3	735	[1]	λέγομεν	_	_
9.3	736	[3]	διαφέρει	_	_
9.3	737	[2]	γυνὴ	_	_
9.3	738	[2]	ἀνδρὸς	_	_
9.3	739	[80]	,	b	_
9.3	740	[2]	ἀλλ	_	_
9.3	741	[17]	’	b	_
9.3	742	[1]	ἔτι	_	_
9.3	743	[1]	οἰησόμεθα	_	_
9.3	744	[5]	δεῖν	_	_
9.3	745	[12]	τὰ	_	_
9.3	746	[7]	αὐτὰ	_	_
9.3	747	[1]	ἐπιτηδεύειν	_	_
9.3	748	[1]	τούς	_	_
9.3	749	[13]	τε	_	_
9.3	750	[1]	φύλακας	_	_
9.3	751	[1]	ἡμῶν	_	_
9.3	752	[34]	καὶ	_	_
9.3	753	[5]	τὰς	_	_
9.3	754	[3]	γυναῖκας	_	_
9.3	755	[6]	αὐτῶν	_	_
9.3	756	[23]	.	b	_
9.3	757	[35]	καὶ	_	_
9.3	758	[1]	ὀρθῶς	_	_
9.3	759	[1]	γ	_	_
9.3	760	[18]	’	b	_
9.3	761	[81]	,	b	_
9.3	762	[2]	ἔφην	_	_
9.3	763	[24]	.	b	_
9.3	764	[2]	οὐκοῦν	_	_
9.3	765	[2]	μετὰ	_	_
9.3	766	[2]	τοῦτο	_	_
9.3	767	[1]	·	b	_
9.3	768	[1]	κελεύομεν	_	_
9.3	769	[3]	τὸν	_	_
9.3	770	[13]	τὰ	_	_
9.3	771	[2]	ἐναντία	_	_
9.3	772	[1]	λέγοντα	_	_
9.3	773	[3]	τοῦτο	_	_
9.3	774	[1]	αὐτὸ	_	_
9.3	775	[1]	διδάσκειν	_	_
9.3	776	[3]	ἡμᾶς	_	_
9.3	777	[82]	,	b	_
9.3	778	[7]	πρὸς	_	_
9.3	779	[1]	τίνα	_	_
9.3	780	[2]	τέχνην	_	_
9.3	781	[5]	ἢ	_	_
9.3	782	[6]	τί	_	_
9.3	783	[2]	ἐπιτήδευμα	_	_
9.3	784	[11]	τῶν	_	_
9.3	785	[7]	περὶ	_	_
9.3	786	[1]	πόλεως	_	_
9.3	787	[1]	κατασκευὴν	_	_
9.3	788	[83]	,	b	_
9.3	789	[4]	οὐχ	_	_
9.3	790	[3]	ἡ	_	_
9.3	791	[2]	αὐτὴ	_	_
9.3	792	[84]	,	b	_
9.3	793	[3]	ἀλλ	_	_
9.3	794	[19]	’	b	_
9.3	795	[1]	ἑτέρα	_	_
9.3	796	[2]	φύσις	_	_
9.3	797	[1]	γυναικός	_	_
9.3	798	[14]	τε	_	_
9.3	799	[36]	καὶ	_	_
9.3	800	[1]	ἀνδρός	_	_
9.3	801	[25]	.	b	_
9.3	802	[1]	δίκαιόν	_	_
9.3	803	[2]	γ	_	_
9.3	804	[20]	’	b	_
9.3	805	[8]	οὖν	_	_
9.3	806	[26]	.	b	_
9.3	807	[1]	τάχα	_	_
9.3	808	[1]	τοίνυν	_	_
9.3	809	[4]	ἂν	_	_
9.3	810	[85]	,	b	_
9.3	811	[1]	ὅπερ	_	_
9.3	812	[1]	σὺ	_	_
9.3	813	[1]	ὀλίγῳ	_	_
9.3	814	[1]	πρότερον	_	_
9.3	815	[1]	ἔλεγες	_	_
9.3	816	[86]	,	b	_
9.3	817	[1]	εἴποι	_	_
9.3	818	[5]	ἂν	_	_
9.3	819	[37]	καὶ	_	_
9.3	820	[1]	ἄλλος	_	_
9.3	821	[87]	,	b	_
9.3	822	[5]	ὅτι	_	_
9.3	823	[1]	ὲν	_	_
9.3	824	[8]	μὲν	_	_
9.3	825	[3]	τῷ	_	_
9.3	826	[1]	παραχρῆμα	_	_
9.3	827	[1]	ἱκανῶς	_	_
9.3	828	[1]	εἰπεῖν	_	_
9.3	829	[6]	οὐ	_	_
9.3	830	[1]	ῥᾴδιον	_	_
9.3	831	[88]	,	b	_
9.3	832	[1]	ἐπισκεψαμένῳ	_	_
9.3	833	[4]	δὲ	_	_
9.3	834	[3]	οὐδὲν	_	_
9.3	835	[1]	χαλεπόν	_	_
9.3	836	[27]	.	b	_
9.3	837	[2]	εἴποι	_	_
9.3	838	[4]	γὰρ	_	_
9.3	839	[1]	ἄν	_	_
9.3	840	[28]	.	b	_
9.3	841	[2]	βούλει	_	_
9.3	842	[9]	οὖν	_	_
9.3	843	[1]	δεώμεθα	_	_
9.3	844	[4]	τοῦ	_	_
9.3	845	[14]	τὰ	_	_
9.3	846	[1]	τοιαῦτα	_	_
9.3	847	[1]	ἀντιλέγοντός	_	_
9.3	848	[1]	μοι	_	_
9.3	849	[1]	ἀκολουθῆσαι	_	_
9.3	850	[2]	ἡμῖν	_	_
9.3	851	[89]	,	b	_
9.3	852	[1]	ἐάν	_	_
9.3	853	[2]	πως	_	_
9.3	854	[3]	ἡμεῖς	_	_
9.3	855	[2]	ἐκεῖνο	_	_
9.3	856	[1]	ἐνδειξώμεθα	_	_
9.3	857	[90]	,	b	_
9.3	858	[6]	ὅτι	_	_
9.3	859	[2]	οὐδέν	_	_
9.3	860	[1]	ἐστιν	_	_
9.3	861	[3]	ἐπιτήδευμα	_	_
9.3	862	[1]	ἴδιον	_	_
9.3	863	[1]	γυναικὶ	_	_
9.3	864	[8]	πρὸς	_	_
9.3	865	[1]	διοίκησιν	_	_
9.3	866	[2]	πόλεως	_	_
9.3	867	[15]	;	b	_
9.3	868	[2]	πάνυ	_	_
9.3	869	[2]	γε	_	_
9.3	870	[29]	.	b	_
9.3	871	[1]	ἴθι	_	_
9.3	872	[4]	δὴ	_	_
9.3	873	[91]	,	b	_
9.3	874	[3]	φήσομεν	_	_
9.3	875	[9]	πρὸς	_	_
9.3	876	[1]	αὐτὸν	_	_
9.3	877	[92]	,	b	_
9.3	878	[1]	ἀποκρίνου	_	_
9.3	879	[2]	·	b	_
9.3	880	[1]	ἆρ	_	_
9.3	881	[21]	’	b	_
9.3	882	[1]	οὕτως	_	_
9.3	883	[2]	ἔλεγες	_	_
9.3	884	[93]	,	b	_
9.3	885	[4]	τὸν	_	_
9.3	886	[9]	μὲν	_	_
9.3	887	[1]	εὐφυῆ	_	_
9.3	888	[1]	πρός	_	_
9.3	889	[3]	τι	_	_
9.3	890	[3]	εἶναι	_	_
9.3	891	[94]	,	b	_
9.3	892	[5]	τὸν	_	_
9.3	893	[5]	δὲ	_	_
9.3	894	[1]	ἀφυῆ	_	_
9.3	895	[95]	,	b	_
9.3	896	[4]	ἐν	_	_
9.3	897	[1]	ᾧ	_	_
9.3	898	[3]	ὁ	_	_
9.3	899	[10]	μὲν	_	_
9.3	900	[1]	ῥᾳδίως	_	_
9.3	901	[4]	τι	_	_
9.3	902	[1]	μανθάνοι	_	_
9.3	903	[96]	,	b	_
9.3	904	[4]	ὁ	_	_
9.3	905	[6]	δὲ	_	_
9.3	906	[1]	χαλεπῶς	_	_
9.3	907	[97]	,	b	_
9.3	908	[38]	καὶ	_	_
9.3	909	[5]	ὁ	_	_
9.3	910	[11]	μὲν	_	_
9.3	911	[1]	ἀπὸ	_	_
9.3	912	[1]	βραχείας	_	_
9.3	913	[1]	μαθήσεως	_	_
9.3	914	[1]	ἐπιπολὺ	_	_
9.3	915	[1]	εὑρετικὸς	_	_
9.3	916	[2]	εἴη	_	_
9.3	917	[1]	οὗ	_	_
9.3	918	[1]	ἔμαθεν	_	_
9.3	919	[98]	,	b	_
9.3	920	[6]	ὁ	_	_
9.3	921	[7]	δὲ	_	_
9.3	922	[1]	πολλῆς	_	_
9.3	923	[2]	μαθήσεως	_	_
9.3	924	[1]	τυχὼν	_	_
9.3	925	[39]	καὶ	_	_
9.3	926	[1]	μελέτης	_	_
9.3	927	[1]	μηδὲ	_	_
9.3	928	[1]	ἃ	_	_
9.3	929	[1]	ἔμαθε	_	_
9.3	930	[1]	σώζοιτο	_	_
9.3	931	[99]	,	b	_
9.3	932	[40]	καὶ	_	_
9.3	933	[4]	τῷ	_	_
9.3	934	[12]	μὲν	_	_
9.3	935	[15]	τὰ	_	_
9.3	936	[5]	τοῦ	_	_
9.3	937	[2]	σώματος	_	_
9.3	938	[2]	ἱκανῶς	_	_
9.3	939	[1]	ὑπηρετοῖ	_	_
9.3	940	[2]	τῇ	_	_
9.3	941	[1]	διανοίᾳ	_	_
9.3	942	[100]	,	b	_
9.3	943	[5]	τῷ	_	_
9.3	944	[10]	δ	_	_
9.3	945	[22]	’	b	_
9.3	946	[1]	ἐναντιοῖτο	_	_
9.3	947	[30]	.	b	_
9.3	948	[2]	ἆρα	_	_
9.3	949	[1]	ἄλλ	_	_
9.3	950	[23]	’	b	_
9.3	951	[1]	ἄττα	_	_
9.3	952	[1]	ἐστὶν	_	_
9.3	953	[101]	,	b	_
9.3	954	[6]	ἢ	_	_
9.3	955	[2]	ταῦτα	_	_
9.3	956	[102]	,	b	_
9.3	957	[1]	οἷς	_	_
9.3	958	[6]	τὸν	_	_
9.3	959	[2]	εὐφυῆ	_	_
9.3	960	[10]	πρὸς	_	_
9.3	961	[1]	ἕκαστα	_	_
9.3	962	[41]	καὶ	_	_
9.3	963	[7]	τὸν	_	_
9.3	964	[5]	μὴ	_	_
9.3	965	[1]	ὡρίζου	_	_
9.3	966	[16]	;	b	_
9.3	967	[1]	οὐδεὶς	_	_
9.3	968	[103]	,	b	_
9.3	969	[1]	ἦ	_	_
9.3	970	[11]	δ	_	_
9.3	971	[24]	’	b	_
9.3	972	[1]	ὃς	_	_
9.3	973	[104]	,	b	_
9.3	974	[3]	ἄλλα	_	_
9.3	975	[1]	φήσει	_	_
9.3	976	[31]	.	b	_
9.3	977	[1]	οἶσθά	_	_
9.3	978	[5]	τι	_	_
9.3	979	[10]	οὖν	_	_
9.3	980	[1]	ὑπὸ	_	_
9.3	981	[1]	ἀνθρώπων	_	_
9.3	982	[1]	μελετώμενον	_	_
9.3	983	[105]	,	b	_
9.3	984	[5]	ἐν	_	_
9.3	985	[2]	ᾧ	_	_
9.3	986	[7]	οὐ	_	_
9.3	987	[2]	πάντα	_	_
9.3	988	[3]	ταῦτα	_	_
9.3	989	[13]	τὸ	_	_
9.3	990	[12]	τῶν	_	_
9.3	991	[2]	ἀνδρῶν	_	_
9.3	992	[2]	γένος	_	_
9.3	993	[1]	διαφερόντως	_	_
9.3	994	[2]	ἔχει	_	_
9.3	995	[6]	τοῦ	_	_
9.3	996	[13]	τῶν	_	_
9.3	997	[3]	γυναικῶν	_	_
9.3	998	[17]	;	b	_
9.3	999	[7]	ἢ	_	_
9.3	1000	[1]	μακρολογοῦμεν	_	_
9.3	1001	[1]	τήν	_	_
9.3	1002	[1]	θ	_	_
9.3	1003	[25]	’	b	_
9.3	1004	[1]	ὑφαντικὴν	_	_
9.3	1005	[1]	λέγοντες	_	_
9.3	1006	[42]	καὶ	_	_
9.3	1007	[13]	τὴν	_	_
9.3	1008	[14]	τῶν	_	_
9.3	1009	[1]	ποπάνων	_	_
9.3	1010	[15]	τε	_	_
9.3	1011	[43]	καὶ	_	_
9.3	1012	[1]	ἑψημάτων	_	_
9.3	1013	[1]	θεραπείαν	_	_
9.3	1014	[106]	,	b	_
9.3	1015	[6]	ἐν	_	_
9.3	1016	[2]	οἷς	_	_
9.3	1017	[1]	δή	_	_
9.3	1018	[6]	τι	_	_
9.3	1019	[1]	δοκεῖ	_	_
9.3	1020	[14]	τὸ	_	_
9.3	1021	[1]	γυναικεῖον	_	_
9.3	1022	[3]	γένος	_	_
9.3	1023	[4]	εἶναι	_	_
9.3	1024	[107]	,	b	_
9.3	1025	[2]	οὗ	_	_
9.3	1026	[44]	καὶ	_	_
9.3	1027	[1]	καταγελαστότατόν	_	_
9.3	1028	[1]	ἐστι	_	_
9.3	1029	[2]	πάμπολυ	_	_
9.3	1030	[1]	ἡττώμενον	_	_
9.3	1031	[18]	;	b	_
9.3	1032	[1]	ἀληθῆ	_	_
9.3	1033	[1]	λέγεις	_	_
9.3	1034	[108]	,	b	_
9.3	1035	[6]	ἔφη	_	_
9.3	1036	[109]	,	b	_
9.3	1037	[7]	ὅτι	_	_
9.3	1038	[1]	πολυκρατεῖται	_	_
9.3	1039	[7]	ἐν	_	_
9.3	1040	[1]	ἅπασιν	_	_
9.3	1041	[110]	,	b	_
9.3	1042	[7]	ὡς	_	_
9.3	1043	[1]	ἔπος	_	_
9.3	1044	[2]	εἰπεῖν	_	_
9.3	1045	[111]	,	b	_
9.3	1046	[15]	τὸ	_	_
9.3	1047	[4]	γένος	_	_
9.3	1048	[7]	τοῦ	_	_
9.3	1049	[1]	γένους	_	_
9.3	1050	[32]	.	b	_
9.3	1051	[1]	γυναῖκες	_	_
9.3	1052	[1]	μέντοι	_	_
9.3	1053	[1]	πολλαὶ	_	_
9.3	1054	[1]	πολλῶν	_	_
9.3	1055	[3]	ἀνδρῶν	_	_
9.3	1056	[1]	βελτίους	_	_
9.3	1057	[1]	εἰς	_	_
9.3	1058	[1]	πολλὰ	_	_
9.3	1059	[112]	,	b	_
9.3	1060	[16]	τὸ	_	_
9.3	1061	[12]	δ	_	_
9.3	1062	[26]	’	b	_
9.3	1063	[1]	ὅλον	_	_
9.3	1064	[3]	ἔχει	_	_
9.3	1065	[113]	,	b	_
9.3	1066	[8]	ὡς	_	_
9.3	1067	[2]	σὺ	_	_
9.3	1068	[2]	λέγεις	_	_
9.3	1069	[33]	.	b	_
9.3	1070	[3]	οὐδέν	_	_
9.3	1071	[2]	ἐστιν	_	_
9.3	1072	[3]	ἄρα	_	_
9.3	1073	[114]	,	b	_
9.3	1074	[3]	ὦ	_	_
9.3	1075	[1]	φίλε	_	_
9.3	1076	[115]	,	b	_
9.3	1077	[4]	ἐπιτήδευμα	_	_
9.3	1078	[15]	τῶν	_	_
9.3	1079	[2]	πόλιν	_	_
9.3	1080	[1]	διοικούντων	_	_
9.3	1081	[1]	γυναικὸς	_	_
9.3	1082	[116]	,	b	_
9.3	1083	[1]	διότι	_	_
9.3	1084	[3]	γυνὴ	_	_
9.3	1085	[117]	,	b	_
9.3	1086	[1]	οὐδὲ	_	_
9.3	1087	[3]	ἀνδρὸς	_	_
9.3	1088	[118]	,	b	_
9.3	1089	[2]	διότι	_	_
9.3	1090	[1]	ἀνὴρ	_	_
9.3	1091	[119]	,	b	_
9.3	1092	[4]	ἀλλ	_	_
9.3	1093	[27]	’	b	_
9.3	1094	[1]	ὁμοίως	_	_
9.3	1095	[1]	διεσπαρμέναι	_	_
9.3	1096	[1]	αἱ	_	_
9.3	1097	[1]	φύσεις	_	_
9.3	1098	[8]	ἐν	_	_
9.3	1099	[1]	ἀμφοῖν	_	_
9.3	1100	[1]	τοῖν	_	_
9.3	1101	[1]	ζώοιν	_	_
9.3	1102	[120]	,	b	_
9.3	1103	[45]	καὶ	_	_
9.3	1104	[1]	πάντων	_	_
9.3	1105	[13]	μὲν	_	_
9.3	1106	[1]	μετέχει	_	_
9.3	1107	[4]	γυνὴ	_	_
9.3	1108	[3]	ἐπιτηδευμάτων	_	_
9.3	1109	[8]	κατὰ	_	_
9.3	1110	[10]	φύσιν	_	_
9.3	1111	[121]	,	b	_
9.3	1112	[2]	πάντων	_	_
9.3	1113	[13]	δ	_	_
9.3	1114	[28]	’	b	_
9.3	1115	[2]	ἀνὴρ	_	_
9.3	1116	[122]	,	b	_
9.3	1117	[4]	ἐπὶ	_	_
9.3	1118	[1]	πᾶσι	_	_
9.3	1119	[14]	δ	_	_
9.3	1120	[29]	’	b	_
9.3	1121	[1]	ἀσθενέστερον	_	_
9.3	1122	[5]	γυνὴ	_	_
9.3	1123	[2]	ἀνδρός	_	_
9.3	1124	[34]	.	b	_
9.3	1125	[3]	πάνυ	_	_
9.3	1126	[3]	γε	_	_
9.3	1127	[35]	.	b	_
9.3	1128	[7]	τί	_	_
9.3	1129	[11]	οὖν	_	_
9.3	1130	[2]	ἀνδράσι	_	_
9.3	1131	[4]	ταῦτα	_	_
9.3	1132	[1]	προστάξομεν	_	_
9.3	1133	[123]	,	b	_
9.3	1134	[2]	γυναικὶ	_	_
9.3	1135	[15]	δ	_	_
9.3	1136	[30]	’	b	_
9.3	1137	[4]	οὐδέν	_	_
9.3	1138	[19]	;	b	_
9.3	1139	[8]	ἢ	_	_
9.3	1140	[46]	καὶ	_	_
9.3	1141	[5]	πῶς	_	_
9.3	1142	[20]	;	b	_
9.3	1143	[5]	ἀλλ	_	_
9.3	1144	[31]	’	b	_
9.3	1145	[1]	ἔστι	_	_
9.3	1146	[5]	γὰρ	_	_
9.3	1147	[124]	,	b	_
9.3	1148	[2]	οἶμαι	_	_
9.3	1149	[125]	,	b	_
9.3	1150	[9]	ὡς	_	_
9.3	1151	[4]	φήσομεν	_	_
9.3	1152	[126]	,	b	_
9.3	1153	[47]	καὶ	_	_
9.3	1154	[6]	γυνὴ	_	_
9.3	1155	[1]	ἰατρικὴ	_	_
9.3	1156	[127]	,	b	_
9.3	1157	[1]	ἣ	_	_
9.3	1158	[16]	δ	_	_
9.3	1159	[32]	’	b	_
9.3	1160	[1]	οὒ	_	_
9.3	1161	[128]	,	b	_
9.3	1162	[48]	καὶ	_	_
9.3	1163	[2]	μουσικὴ	_	_
9.3	1164	[129]	,	b	_
9.3	1165	[2]	ἣ	_	_
9.3	1166	[17]	δ	_	_
9.3	1167	[33]	’	b	_
9.3	1168	[1]	ἄμουσος	_	_
9.3	1169	[2]	φύσει	_	_
9.3	1170	[36]	.	b	_
9.3	1171	[8]	τί	_	_
9.3	1172	[2]	μήν	_	_
9.3	1173	[21]	;	b	_
9.3	1174	[2]	γυμναστικὴ	_	_
9.3	1175	[8]	δὲ	_	_
9.3	1176	[1]	ἄρ	_	_
9.3	1177	[34]	’	b	_
9.3	1178	[3]	ἣ	_	_
9.3	1179	[49]	καὶ	_	_
9.3	1180	[1]	πολεμικὴ	_	_
9.3	1181	[130]	,	b	_
9.3	1182	[4]	ἣ	_	_
9.3	1183	[9]	δὲ	_	_
9.3	1184	[1]	ἀπόλεμος	_	_
9.3	1185	[50]	καὶ	_	_
9.3	1186	[8]	οὐ	_	_
9.3	1187	[1]	φυλογυμναστική	_	_
9.3	1188	[22]	;	b	_
9.3	1189	[3]	οἶμαι	_	_
9.3	1190	[2]	ἔγωγε	_	_
9.3	1191	[37]	.	b	_
9.3	1192	[9]	τί	_	_
9.3	1193	[10]	δὲ	_	_
9.3	1194	[1]	φιλόσοφός	_	_
9.3	1195	[16]	τε	_	_
9.3	1196	[51]	καὶ	_	_
9.3	1197	[1]	θυμοειδὴς	_	_
9.3	1198	[131]	,	b	_
9.3	1199	[5]	ἣ	_	_
9.3	1200	[11]	δὲ	_	_
9.3	1201	[1]	ἄθυμος	_	_
9.3	1202	[52]	καὶ	_	_
9.3	1203	[1]	μισόσοφος	_	_
9.3	1204	[23]	;	b	_
9.3	1205	[2]	ἔστι	_	_
9.3	1206	[53]	καὶ	_	_
9.3	1207	[5]	ταῦτα	_	_
9.3	1208	[38]	.	b	_
9.3	1209	[2]	ἔστιν	_	_
9.3	1210	[4]	ἄρα	_	_
9.3	1211	[54]	καὶ	_	_
9.3	1212	[1]	φυλακικὴ	_	_
9.3	1213	[7]	γυνὴ	_	_
9.3	1214	[132]	,	b	_
9.3	1215	[6]	ἣ	_	_
9.3	1216	[18]	δ	_	_
9.3	1217	[35]	’	b	_
9.3	1218	[2]	οὔ	_	_
9.3	1219	[39]	.	b	_
9.3	1220	[9]	ἢ	_	_
9.3	1221	[9]	οὐ	_	_
9.3	1222	[1]	τοιαύτην	_	_
9.3	1223	[55]	καὶ	_	_
9.3	1224	[16]	τῶν	_	_
9.3	1225	[4]	ἀνδρῶν	_	_
9.3	1226	[17]	τῶν	_	_
9.3	1227	[1]	φυλακικῶν	_	_
9.3	1228	[11]	φύσιν	_	_
9.3	1229	[1]	ἐξελεξάμεθα	_	_
9.3	1230	[24]	;	b	_
9.3	1231	[2]	τοιαύτην	_	_
9.3	1232	[14]	μὲν	_	_
9.3	1233	[12]	οὖν	_	_
9.3	1234	[40]	.	b	_
9.3	1235	[56]	καὶ	_	_
9.3	1236	[2]	γυναικὸς	_	_
9.3	1237	[5]	ἄρα	_	_
9.3	1238	[57]	καὶ	_	_
9.3	1239	[4]	ἀνδρὸς	_	_
9.3	1240	[4]	ἡ	_	_
9.3	1241	[3]	αὐτὴ	_	_
9.3	1242	[3]	φύσις	_	_
9.3	1243	[2]	εἰς	_	_
9.3	1244	[1]	φυλακὴν	_	_
9.3	1245	[3]	πόλεως	_	_
9.3	1246	[133]	,	b	_
9.3	1247	[2]	πλὴν	_	_
9.3	1248	[3]	ὅσα	_	_
9.3	1249	[5]	ἡ	_	_
9.3	1250	[15]	μὲν	_	_
9.3	1251	[1]	ἀσθενεστέρα	_	_
9.3	1252	[134]	,	b	_
9.3	1253	[7]	ὁ	_	_
9.3	1254	[19]	δ	_	_
9.3	1255	[36]	’	b	_
9.3	1256	[1]	ἰσχυρότερός	_	_
9.3	1257	[2]	ἐστι	_	_
9.3	1258	[41]	.	b	_
9.3	1259	[1]	φαίνεται	_	_
9.3	1260	[42]	.	b	_
9.3	1261	[58]	καὶ	_	_
9.3	1262	[2]	γυναῖκες	_	_
9.3	1263	[6]	ἄρα	_	_
9.3	1264	[1]	τοιαῦται	_	_
9.3	1265	[4]	τοῖς	_	_
9.3	1266	[1]	τοιούτοις	_	_
9.3	1267	[2]	ἀνδράσιν	_	_
9.3	1268	[1]	ἐκλεκτέαι	_	_
9.3	1269	[1]	συνοικεῖν	_	_
9.3	1270	[17]	τε	_	_
9.3	1271	[59]	καὶ	_	_
9.3	1272	[1]	φυλάττειν	_	_
9.3	1273	[135]	,	b	_
9.3	1274	[1]	ἐπεί	_	_
9.3	1275	[1]	πέρ	_	_
9.3	1276	[1]	εἰσιν	_	_
9.3	1277	[1]	ἱκαναὶ	_	_
9.3	1278	[60]	καὶ	_	_
9.3	1279	[1]	ξυγγενεῖς	_	_
9.3	1280	[2]	αὐτοῖς	_	_
9.3	1281	[14]	τὴν	_	_
9.3	1282	[12]	φύσιν	_	_
9.3	1283	[43]	.	b	_
9.3	1284	[4]	πάνυ	_	_
9.3	1285	[4]	γε	_	_
9.3	1286	[44]	.	b	_
9.3	1287	[16]	τὰ	_	_
9.3	1288	[20]	δ	_	_
9.3	1289	[37]	’	b	_
9.3	1290	[3]	ἐπιτηδεύματα	_	_
9.3	1291	[10]	οὐ	_	_
9.3	1292	[1]	ταὐτὰ	_	_
9.3	1293	[1]	ἀποδοτέα	_	_
9.3	1294	[3]	ταῖς	_	_
9.3	1295	[1]	αὐταῖς	_	_
9.3	1296	[1]	φύσεσι	_	_
9.3	1297	[25]	;	b	_
9.3	1298	[2]	ταὐτά	_	_
9.3	1299	[45]	.	b	_
9.3	1300	[1]	ἥκομεν	_	_
9.3	1301	[7]	ἄρα	_	_
9.3	1302	[3]	εἰς	_	_
9.3	1303	[17]	τὰ	_	_
9.3	1304	[1]	πρότερα	_	_
9.3	1305	[1]	περιφερόμενοι	_	_
9.3	1306	[61]	καὶ	_	_
9.3	1307	[1]	ὁμολογοῦμεν	_	_
9.3	1308	[136]	,	b	_
9.3	1309	[6]	μὴ	_	_
9.3	1310	[2]	παρὰ	_	_
9.3	1311	[13]	φύσιν	_	_
9.3	1312	[5]	εἶναι	_	_
9.3	1313	[4]	ταῖς	_	_
9.3	1314	[18]	τῶν	_	_
9.3	1315	[2]	φυλάκων	_	_
9.3	1316	[1]	γυναιξὶ	_	_
9.3	1317	[1]	μουσικήν	_	_
9.3	1318	[18]	τε	_	_
9.3	1319	[62]	καὶ	_	_
9.3	1320	[1]	γυμναστικὴν	_	_
9.3	1321	[2]	ἀποδιδόναι	_	_
9.3	1322	[46]	.	b	_
9.3	1323	[1]	παντάπασι	_	_
9.3	1324	[16]	μὲν	_	_
9.3	1325	[13]	οὖν	_	_
9.3	1326	[47]	.	b	_
9.3	1327	[9]	ἐν	_	_
9.3	1328	[3]	τούτοις	_	_
9.3	1329	[2]	ἅπασιν	_	_
9.3	1330	[1]	ἐφ	_	_
9.3	1331	[38]	’	b	_
9.3	1332	[1]	ἑνὸς	_	_
9.3	1333	[1]	παραδείγματος	_	_
9.3	1334	[8]	τοῦ	_	_
9.3	1335	[19]	τῶν	_	_
9.3	1336	[4]	γυναικῶν	_	_
9.3	1337	[1]	ἐγύμνασεν	_	_
9.3	1338	[4]	ἡμᾶς	_	_
9.3	1339	[1]	εὑρετικούς	_	_
9.3	1340	[19]	τε	_	_
9.3	1341	[63]	καὶ	_	_
9.3	1342	[1]	διακριτικοὺς	_	_
9.3	1343	[6]	εἶναι	_	_
9.3	1344	[137]	,	b	_
9.3	1345	[9]	κατὰ	_	_
9.3	1346	[10]	τί	_	_
9.3	1347	[17]	μὲν	_	_
9.3	1348	[1]	ὅμοια	_	_
9.3	1349	[5]	ταῖς	_	_
9.3	1350	[1]	φύσεσίν	_	_
9.3	1351	[3]	ἐστι	_	_
9.3	1352	[138]	,	b	_
9.3	1353	[10]	κατὰ	_	_
9.3	1354	[11]	τί	_	_
9.3	1355	[21]	δ	_	_
9.3	1356	[39]	’	b	_
9.3	1357	[1]	ἀνόμοια	_	_
9.3	1358	[18]	τὰ	_	_
9.3	1359	[1]	παραβαλλόμενα	_	_
9.3	1360	[48]	.	b	_
9.3	1361	[3]	γυναῖκες	_	_
9.3	1362	[6]	γὰρ	_	_
9.3	1363	[3]	ἀνδράσιν	_	_
9.3	1364	[1]	ὁμοῖαι	_	_
9.3	1365	[1]	μέν	_	_
9.3	1366	[2]	εἰσιν	_	_
9.3	1367	[139]	,	b	_
9.3	1368	[1]	καθὸ	_	_
9.3	1369	[64]	καὶ	_	_
9.3	1370	[1]	αὐταὶ	_	_
9.3	1371	[1]	ὑπάρχουσι	_	_
9.3	1372	[1]	λογικὰ	_	_
9.3	1373	[1]	ζῶα	_	_
9.3	1374	[140]	,	b	_
9.3	1375	[1]	τουτέστιν	_	_
9.3	1376	[1]	ἐπιστήμης	_	_
9.3	1377	[1]	δεκτικά	_	_
9.3	1378	[3]	·	b	_
9.3	1379	[1]	καθ	_	_
9.3	1380	[40]	’	b	_
9.3	1381	[1]	ὅσον	_	_
9.3	1382	[12]	δὲ	_	_
9.3	1383	[17]	τὸ	_	_
9.3	1384	[18]	μὲν	_	_
9.3	1385	[20]	τῶν	_	_
9.3	1386	[5]	ἀνδρῶν	_	_
9.3	1387	[5]	γένος	_	_
9.3	1388	[1]	ἰσχυρότερον	_	_
9.3	1389	[1]	ὑπάρχει	_	_
9.3	1390	[65]	καὶ	_	_
9.3	1391	[4]	εἰς	_	_
9.3	1392	[1]	ἅπαν	_	_
9.3	1393	[2]	ἔργον	_	_
9.3	1394	[20]	τε	_	_
9.3	1395	[66]	καὶ	_	_
9.3	1396	[1]	μάθημα	_	_
9.3	1397	[1]	βέλτιον	_	_
9.3	1398	[141]	,	b	_
9.3	1399	[2]	αἱ	_	_
9.3	1400	[4]	γυναῖκες	_	_
9.3	1401	[22]	δ	_	_
9.3	1402	[41]	’	b	_
9.3	1403	[1]	ἀσθενέστεραί	_	_
9.3	1404	[21]	τε	_	_
9.3	1405	[67]	καὶ	_	_
9.3	1406	[1]	χείρους	_	_
9.3	1407	[142]	,	b	_
9.3	1408	[1]	ἀνόμοιαί	_	_
9.3	1409	[5]	γε	_	_
9.3	1410	[11]	κατὰ	_	_
9.3	1411	[1]	τοῦτ	_	_
9.3	1412	[42]	’	b	_
9.3	1413	[3]	εἰσιν	_	_
9.3	1414	[4]	·	b	_
9.3	1415	[1]	ὥσπερ	_	_
9.3	1416	[6]	γε	_	_
9.3	1417	[1]	πάλιν	_	_
9.3	1418	[1]	ἐναντίως	_	_
9.3	1419	[1]	ἔχουσι	_	_
9.3	1420	[143]	,	b	_
9.3	1421	[2]	καθ	_	_
9.3	1422	[43]	’	b	_
9.3	1423	[2]	ὅσον	_	_
9.3	1424	[1]	αὗται	_	_
9.3	1425	[19]	μὲν	_	_
9.3	1426	[2]	ὑπάρχουσι	_	_
9.3	1427	[1]	θήλειαι	_	_
9.3	1428	[144]	,	b	_
9.3	1429	[68]	καὶ	_	_
9.3	1430	[2]	διὰ	_	_
9.3	1431	[4]	τοῦτο	_	_
9.3	1432	[11]	πρὸς	_	_
9.3	1433	[1]	κύησιν	_	_
9.3	1434	[1]	ἐπιτήδεια	_	_
9.3	1435	[6]	ταῖς	_	_
9.3	1436	[20]	μὲν	_	_
9.3	1437	[1]	γυναιξίν	_	_
9.3	1438	[4]	ἐστι	_	_
9.3	1439	[1]	μόρι	_	_
9.3	1440	[44]	’	b	_
9.3	1441	[2]	ἄττα	_	_
9.3	1442	[9]	τοῦ	_	_
9.3	1443	[3]	σώματος	_	_
9.3	1444	[2]	ὑπὸ	_	_
9.3	1445	[10]	τῆς	_	_
9.3	1446	[3]	φύσεως	_	_
9.3	1447	[1]	παρεσκευασμένα	_	_
9.3	1448	[145]	,	b	_
9.3	1449	[5]	τοῖς	_	_
9.3	1450	[23]	δ	_	_
9.3	1451	[45]	’	b	_
9.3	1452	[1]	ἄῤῥεσιν	_	_
9.3	1453	[4]	οὐκ	_	_
9.3	1454	[3]	ἔστιν	_	_
9.3	1455	[49]	.	b	_
9.3	1456	[1]	ὥστ	_	_
9.3	1457	[46]	’	b	_
9.3	1458	[1]	ἀληθῶς	_	_
9.3	1459	[2]	ἄν	_	_
9.3	1460	[1]	τις	_	_
9.3	1461	[1]	φαίη	_	_
9.3	1462	[146]	,	b	_
9.3	1463	[1]	κατά	_	_
9.3	1464	[7]	τι	_	_
9.3	1465	[21]	μὲν	_	_
9.3	1466	[2]	ὁμοίως	_	_
9.3	1467	[1]	διακεῖσθαι	_	_
9.3	1468	[6]	τὰς	_	_
9.3	1469	[4]	γυναῖκας	_	_
9.3	1470	[6]	τοῖς	_	_
9.3	1471	[3]	ἀνδράσι	_	_
9.3	1472	[147]	,	b	_
9.3	1473	[2]	κατά	_	_
9.3	1474	[8]	τι	_	_
9.3	1475	[24]	δ	_	_
9.3	1476	[47]	’	b	_
9.3	1477	[2]	ἐναντίως	_	_
9.3	1478	[50]	.	b	_
9.3	1479	[2]	ἐπειδὰν	_	_
9.3	1480	[22]	μὲν	_	_
9.3	1481	[14]	οὖν	_	_
9.3	1482	[2]	τις	_	_
9.3	1483	[12]	κατὰ	_	_
9.3	1484	[15]	τὴν	_	_
9.3	1485	[1]	ὁμοιότητα	_	_
9.3	1486	[16]	τὴν	_	_
9.3	1487	[1]	μετάβασιν	_	_
9.3	1488	[2]	ἀπὸ	_	_
9.3	1489	[1]	θατέρου	_	_
9.3	1490	[1]	ποιῆται	_	_
9.3	1491	[12]	πρὸς	_	_
9.3	1492	[18]	τὸ	_	_
9.3	1493	[1]	ἕτερον	_	_
9.3	1494	[148]	,	b	_
9.3	1495	[1]	ἀληθεύσει	_	_
9.3	1496	[149]	,	b	_
9.3	1497	[3]	ἐπειδὰν	_	_
9.3	1498	[13]	δὲ	_	_
9.3	1499	[13]	κατὰ	_	_
9.3	1500	[17]	τὴν	_	_
9.3	1501	[2]	ὁμοιότητα	_	_
9.3	1502	[150]	,	b	_
9.3	1503	[1]	ψεύσεται	_	_
9.3	1504	[151]	,	b	_
9.3	1505	[69]	καὶ	_	_
9.3	1506	[1]	πολὺ	_	_
9.3	1507	[2]	μᾶλλον	_	_
9.3	1508	[14]	κατὰ	_	_
9.3	1509	[18]	τὴν	_	_
9.3	1510	[1]	ἐναντίωσιν	_	_
9.3	1511	[51]	.	b	_
9.3	1512	[10]	ὡς	_	_
9.3	1513	[7]	γὰρ	_	_
9.3	1514	[8]	ὁ	_	_
9.3	1515	[1]	Ἱπποκράτης	_	_
9.3	1516	[10]	ἐν	_	_
9.3	1517	[6]	τῷ	_	_
9.3	1518	[2]	κατ	_	_
9.3	1519	[48]	’	b	_
9.3	1520	[1]	ἰητρεῖον	_	_
9.3	1521	[1]	ἔγραψε	_	_
9.3	1522	[152]	,	b	_
9.3	1523	[1]	κελεύων	_	_
9.3	1524	[5]	ἡμᾶς	_	_
9.3	1525	[1]	ἐξ	_	_
9.3	1526	[1]	ἀρχῆς	_	_
9.3	1527	[10]	ἢ	_	_
9.3	1528	[2]	ὅμοια	_	_
9.3	1529	[11]	ἢ	_	_
9.3	1530	[2]	ἀνόμοια	_	_
9.3	1531	[1]	σκοπεῖσθαι	_	_
9.3	1532	[153]	,	b	_
9.3	1533	[1]	προσέθηκε	_	_
9.3	1534	[14]	δὲ	_	_
9.3	1535	[11]	ἐν	_	_
9.3	1536	[7]	τῷ	_	_
9.3	1537	[1]	Προγνωστικῷ	_	_
9.3	1538	[70]	καὶ	_	_
9.3	1539	[19]	τὸ	_	_
9.3	1540	[1]	ἐναντίον	_	_
9.3	1541	[3]	οἷς	_	_
9.3	1542	[1]	ἔλεγεν	_	_
9.3	1543	[5]	ἐπὶ	_	_
9.3	1544	[10]	τοῦ	_	_
9.3	1545	[1]	προσώπου	_	_
9.3	1546	[154]	,	b	_
9.3	1547	[20]	τὸ	_	_
9.3	1548	[25]	δ	_	_
9.3	1549	[49]	’	b	_
9.3	1550	[1]	ἐναντιώτατον	_	_
9.3	1551	[11]	τοῦ	_	_
9.3	1552	[1]	ὁμοίου	_	_
9.3	1553	[1]	δεινότατον	_	_
9.3	1554	[155]	,	b	_
9.3	1555	[2]	οὕτως	_	_
9.3	1556	[2]	φαίνεται	_	_
9.3	1557	[71]	καὶ	_	_
9.3	1558	[9]	ὁ	_	_
9.3	1559	[2]	Πλάτων	_	_
9.3	1560	[19]	τὴν	_	_
9.3	1561	[1]	ἀπόδειξιν	_	_
9.3	1562	[1]	πεποιημένος	_	_
9.3	1563	[12]	ἐν	_	_
9.3	1564	[3]	τῇ	_	_
9.3	1565	[1]	προκειμένῃ	_	_
9.3	1566	[1]	ῥήσει	_	_
9.3	1567	[52]	.	b	_
9.4	1	[1]	Προσθῶμεν	_	_
9.4	2	[1]	οὖν	_	_
9.4	3	[1]	ἔτι	_	_
9.4	4	[1]	καὶ	_	_
9.4	5	[1]	ἄλλο	_	_
9.4	6	[1]	τῶν	_	_
9.4	7	[1]	ὑφ	_	_
9.4	8	[1]	’	b	_
9.4	9	[1]	Ἱπποκράτους	_	_
9.4	10	[1]	γεγραμμένων	_	_
9.4	11	[1]	παραδείγματος	_	_
9.4	12	[1]	ἕνεκα	_	_
9.4	13	[1]	τοῦ	_	_
9.4	14	[1]	διακρίνειν	_	_
9.4	15	[1]	ἐν	_	_
9.4	16	[1]	τοῖς	_	_
9.4	17	[1]	παραβαλλομένοις	_	_
9.4	18	[1]	ὅσον	_	_
9.4	19	[1]	καθ	_	_
9.4	20	[2]	’	b	_
9.4	21	[1]	ὅμοιόν	_	_
9.4	22	[1]	ἐστι	_	_
9.4	23	[1]	,	b	_
9.4	24	[2]	καὶ	_	_
9.4	25	[2]	ὅσον	_	_
9.4	26	[1]	ἀνόμοιον	_	_
9.4	27	[1]	.	b	_
9.4	28	[1]	ἔστι	_	_
9.4	29	[1]	δ	_	_
9.4	30	[3]	’	b	_
9.4	31	[1]	ἡ	_	_
9.4	32	[1]	λέξις	_	_
9.4	33	[1]	ἐκ	_	_
9.4	34	[2]	τοῦ	_	_
9.4	35	[1]	περὶ	_	_
9.4	36	[1]	ἄρθρων	_	_
9.4	37	[1]	συγγράμματος	_	_
9.4	38	[1]	ᾧδέ	_	_
9.4	39	[1]	πως	_	_
9.4	40	[1]	ἔχουσα	_	_
9.4	41	[2]	.	b	_
9.4	42	[1]	γιγνώσκειν	_	_
9.4	43	[2]	δ	_	_
9.4	44	[4]	’	b	_
9.4	45	[2]	,	b	_
9.4	46	[1]	εἰ	_	_
9.4	47	[1]	ἐκπέπτωκεν	_	_
9.4	48	[1]	ὁ	_	_
9.4	49	[1]	βραχίων	_	_
9.4	50	[3]	,	b	_
9.4	51	[1]	τοῖσι	_	_
9.4	52	[1]	χρὴ	_	_
9.4	53	[2]	τοῖσι	_	_
9.4	54	[1]	σημείοισι	_	_
9.4	55	[3]	.	b	_
9.4	56	[1]	τοῦτο	_	_
9.4	57	[1]	μὲν	_	_
9.4	58	[4]	,	b	_
9.4	59	[1]	ἐπειδὴ	_	_
9.4	60	[1]	δίκαιον	_	_
9.4	61	[1]	ἔχουσι	_	_
9.4	62	[1]	τὸ	_	_
9.4	63	[1]	σῶμα	_	_
9.4	64	[1]	οἱ	_	_
9.4	65	[1]	ἄνθρωποι	_	_
9.4	66	[5]	,	b	_
9.4	67	[3]	καὶ	_	_
9.4	68	[1]	τὰς	_	_
9.4	69	[1]	χεῖρας	_	_
9.4	70	[6]	,	b	_
9.4	71	[4]	καὶ	_	_
9.4	72	[1]	τὰ	_	_
9.4	73	[1]	σκέλη	_	_
9.4	74	[7]	,	b	_
9.4	75	[1]	παραδείγματι	_	_
9.4	76	[2]	χρὴ	_	_
9.4	77	[1]	χρῆσθαι	_	_
9.4	78	[1]	τῷ	_	_
9.4	79	[1]	ὑγιεῖ	_	_
9.4	80	[1]	πρὸς	_	_
9.4	81	[2]	τὸ	_	_
9.4	82	[1]	μὴ	_	_
9.4	83	[1]	ὑγιὲς	_	_
9.4	84	[8]	,	b	_
9.4	85	[2]	μὴ	_	_
9.4	86	[2]	τὰ	_	_
9.4	87	[1]	ἀλλότρια	_	_
9.4	88	[1]	ἄρθρα	_	_
9.4	89	[1]	καθορῶντα	_	_
9.4	90	[9]	,	b	_
9.4	91	[1]	(	a	_
9.4	92	[1]	ἄλλοι	_	_
9.4	93	[1]	γὰρ	_	_
9.4	94	[1]	μᾶλλον	_	_
9.4	95	[1]	ἄλλων	_	_
9.4	96	[1]	ἔξαρθροι	_	_
9.4	97	[1]	πεφύκασιν	_	_
9.4	98	[10]	,	b	_
9.4	99	[1]	)	b	_
9.4	100	[1]	ἀλλὰ	_	_
9.4	101	[3]	τὰ	_	_
9.4	102	[1]	αὐτοῦ	_	_
9.4	103	[3]	τοῦ	_	_
9.4	104	[1]	κάμνοντος	_	_
9.4	105	[11]	,	b	_
9.4	106	[1]	ὂν	_	_
9.4	107	[2]	ἀνόμοιον	_	_
9.4	108	[3]	τὸ	_	_
9.4	109	[2]	ὑγιὲς	_	_
9.4	110	[2]	τῷ	_	_
9.4	111	[1]	κάμνοντι	_	_
9.4	112	[4]	.	b	_
9.4	113	[5]	καὶ	_	_
9.4	114	[2]	τοῦτο	_	_
9.4	115	[1]	εἴρηται	_	_
9.4	116	[2]	μὲν	_	_
9.4	117	[1]	ὀρθῶς	_	_
9.4	118	[5]	.	b	_
9.4	119	[1]	παραξύνεσιν	_	_
9.4	120	[3]	δ	_	_
9.4	121	[5]	’	b	_
9.4	122	[1]	ἔχει	_	_
9.4	123	[1]	πάνυ	_	_
9.4	124	[1]	πολλὴν	_	_
9.4	125	[1]	διὰ	_	_
9.4	126	[1]	τοιαῦτα	_	_
9.4	127	[12]	,	b	_
9.4	128	[6]	καὶ	_	_
9.4	129	[1]	οὐκ	_	_
9.4	130	[1]	ἀρκέει	_	_
9.4	131	[1]	μοῦνον	_	_
9.4	132	[1]	λόγῳ	_	_
9.4	133	[1]	εἰδέναι	_	_
9.4	134	[1]	τὴν	_	_
9.4	135	[1]	τέχνην	_	_
9.4	136	[1]	ταύτην	_	_
9.4	137	[13]	,	b	_
9.4	138	[2]	ἀλλὰ	_	_
9.4	139	[7]	καὶ	_	_
9.4	140	[1]	ὁμιλίῃ	_	_
9.4	141	[1]	ὁμιλέειν	_	_
9.4	142	[6]	.	b	_
9.4	143	[1]	πολλοὶ	_	_
9.4	144	[2]	γὰρ	_	_
9.4	145	[1]	ὑπὸ	_	_
9.4	146	[1]	ὀδύνης	_	_
9.4	147	[14]	,	b	_
9.4	148	[1]	ἢ	_	_
9.4	149	[8]	καὶ	_	_
9.4	150	[2]	ὑπὸ	_	_
9.4	151	[1]	ἀλλοίης	_	_
9.4	152	[1]	προφάσιος	_	_
9.4	153	[15]	,	b	_
9.4	154	[2]	οὐκ	_	_
9.4	155	[1]	ἐξεστεώτων	_	_
9.4	156	[1]	αὐτοῖσι	_	_
9.4	157	[2]	τῶν	_	_
9.4	158	[2]	ἄρθρων	_	_
9.4	159	[16]	,	b	_
9.4	160	[1]	ὅμως	_	_
9.4	161	[1]	οὐ	_	_
9.4	162	[1]	δύνανται	_	_
9.4	163	[1]	εἰς	_	_
9.4	164	[4]	τὰ	_	_
9.4	165	[1]	ὅμοια	_	_
9.4	166	[1]	σχήματα	_	_
9.4	167	[1]	καθεστάναι	_	_
9.4	168	[17]	,	b	_
9.4	169	[1]	ἐς	_	_
9.4	170	[1]	οἷά	_	_
9.4	171	[1]	περ	_	_
9.4	172	[4]	τὸ	_	_
9.4	173	[1]	ὑγιεινὸν	_	_
9.4	174	[2]	σῶμα	_	_
9.4	175	[1]	σχηματίζεται	_	_
9.4	176	[7]	.	b	_
9.4	177	[1]	προξυνιέναι	_	_
9.4	178	[2]	οὖν	_	_
9.4	179	[9]	καὶ	_	_
9.4	180	[1]	ἐννοεῖν	_	_
9.4	181	[10]	καὶ	_	_
9.4	182	[5]	τὸ	_	_
9.4	183	[1]	τοιόνδε	_	_
9.4	184	[1]	σχῆμα	_	_
9.4	185	[1]	χρή	_	_
9.4	186	[8]	.	b	_
9.4	187	[1]	ἀτὰρ	_	_
9.4	188	[11]	καὶ	_	_
9.4	189	[2]	ἐν	_	_
9.4	190	[1]	τῇ	_	_
9.4	191	[1]	μασχάλῃ	_	_
9.4	192	[2]	ἡ	_	_
9.4	193	[1]	κεφαλὴ	_	_
9.4	194	[4]	τοῦ	_	_
9.4	195	[1]	βραχίονος	_	_
9.4	196	[1]	φέρεται	_	_
9.4	197	[1]	ἐγκειμένη	_	_
9.4	198	[1]	πολλῷ	_	_
9.4	199	[2]	μᾶλλον	_	_
9.4	200	[5]	τοῦ	_	_
9.4	201	[1]	ἐκπεπτωκότος	_	_
9.4	202	[18]	,	b	_
9.4	203	[2]	ἢ	_	_
9.4	204	[6]	τοῦ	_	_
9.4	205	[1]	ὑγιέος	_	_
9.4	206	[9]	.	b	_
9.4	207	[3]	τοῦτο	_	_
9.4	208	[4]	δ	_	_
9.4	209	[6]	’	b	_
9.4	210	[1]	ἄνωθεν	_	_
9.4	211	[1]	κατὰ	_	_
9.4	212	[2]	τὴν	_	_
9.4	213	[1]	ἐπωμίδα	_	_
9.4	214	[1]	κοῖλον	_	_
9.4	215	[1]	φαίνεται	_	_
9.4	216	[6]	τὸ	_	_
9.4	217	[1]	χωρίον	_	_
9.4	218	[19]	,	b	_
9.4	219	[12]	καὶ	_	_
9.4	220	[7]	τὸ	_	_
9.4	221	[7]	τοῦ	_	_
9.4	222	[1]	ἀκρωμίου	_	_
9.4	223	[1]	ὀστέον	_	_
9.4	224	[1]	ἐξέχον	_	_
9.4	225	[2]	φαίνεται	_	_
9.4	226	[20]	,	b	_
9.4	227	[1]	ἅτε	_	_
9.4	228	[1]	ὑποδεδυκότος	_	_
9.4	229	[1]	ἤδη	_	_
9.4	230	[8]	τοῦ	_	_
9.4	231	[1]	ἄρθρου	_	_
9.4	232	[2]	ἐς	_	_
9.4	233	[8]	τὸ	_	_
9.4	234	[1]	κάτω	_	_
9.4	235	[9]	τοῦ	_	_
9.4	236	[1]	χωρίου	_	_
9.4	237	[10]	.	b	_
9.4	238	[2]	παραξύνεσιν	_	_
9.4	239	[1]	μὴν	_	_
9.4	240	[1]	κᾀν	_	_
9.4	241	[1]	τούτῳ	_	_
9.4	242	[2]	ἔχει	_	_
9.4	243	[1]	τινά	_	_
9.4	244	[11]	.	b	_
9.4	245	[1]	ἀλλ	_	_
9.4	246	[7]	’	b	_
9.4	247	[1]	ὕστερον	_	_
9.4	248	[2]	περὶ	_	_
9.4	249	[2]	αὐτοῦ	_	_
9.4	250	[1]	γραφήσεται	_	_
9.4	251	[21]	,	b	_
9.4	252	[1]	ἄξιον	_	_
9.4	253	[3]	γὰρ	_	_
9.4	254	[1]	γραφῆς	_	_
9.4	255	[2]	ἐστι	_	_
9.4	256	[12]	.	b	_
9.4	257	[1]	τούτου	_	_
9.4	258	[1]	δὲ	_	_
9.4	259	[10]	τοῦ	_	_
9.4	260	[2]	ἐκπεπτωκότος	_	_
9.4	261	[2]	ὁ	_	_
9.4	262	[1]	ἀγκὼν	_	_
9.4	263	[3]	φαίνεται	_	_
9.4	264	[1]	ἀφεστεὼς	_	_
9.4	265	[3]	μᾶλλον	_	_
9.4	266	[1]	ἀπὸ	_	_
9.4	267	[3]	τῶν	_	_
9.4	268	[1]	πλευρέων	_	_
9.4	269	[22]	,	b	_
9.4	270	[3]	ἢ	_	_
9.4	271	[2]	ἀπὸ	_	_
9.4	272	[11]	τοῦ	_	_
9.4	273	[1]	ἑτέρου	_	_
9.4	274	[13]	.	b	_
9.4	275	[2]	εἰ	_	_
9.4	276	[1]	μέντοι	_	_
9.4	277	[1]	τις	_	_
9.4	278	[1]	προσαναγκάζοι	_	_
9.4	279	[23]	,	b	_
9.4	280	[1]	προσάγεται	_	_
9.4	281	[3]	μὲν	_	_
9.4	282	[24]	,	b	_
9.4	283	[1]	ἐπιπόνως	_	_
9.4	284	[1]	δέ	_	_
9.4	285	[14]	.	b	_
9.4	286	[4]	τοῦτο	_	_
9.4	287	[5]	δ	_	_
9.4	288	[8]	’	b	_
9.4	289	[2]	ἄνωθεν	_	_
9.4	290	[3]	τὴν	_	_
9.4	291	[1]	χεῖρα	_	_
9.4	292	[1]	ἆραι	_	_
9.4	293	[1]	εὐθεῖαν	_	_
9.4	294	[1]	παρὰ	_	_
9.4	295	[9]	τὸ	_	_
9.4	296	[1]	οὖς	_	_
9.4	297	[25]	,	b	_
9.4	298	[1]	ἐκτεταμένου	_	_
9.4	299	[12]	τοῦ	_	_
9.4	300	[1]	ἀγκῶνος	_	_
9.4	301	[26]	,	b	_
9.4	302	[2]	οὐ	_	_
9.4	303	[4]	μᾶλλον	_	_
9.4	304	[2]	δύνανται	_	_
9.4	305	[27]	,	b	_
9.4	306	[1]	ὥσπερ	_	_
9.4	307	[4]	τὴν	_	_
9.4	308	[1]	ὑγιέα	_	_
9.4	309	[28]	,	b	_
9.4	310	[1]	οὐδὲ	_	_
9.4	311	[1]	παράγειν	_	_
9.4	312	[1]	ἔνθα	_	_
9.4	313	[13]	καὶ	_	_
9.4	314	[2]	ἔνθα	_	_
9.4	315	[1]	ὁμοίως	_	_
9.4	316	[15]	.	b	_
9.4	317	[1]	αὕτη	_	_
9.4	318	[4]	μὲν	_	_
9.4	319	[3]	ἡ	_	_
9.4	320	[13]	τοῦ	_	_
9.4	321	[2]	Ἱπποκράτους	_	_
9.4	322	[1]	ῥῆσις	_	_
9.4	323	[4]	ἡ	_	_
9.4	324	[1]	αὐτὴ	_	_
9.4	325	[2]	τῇ	_	_
9.4	326	[2]	κατὰ	_	_
9.4	327	[10]	τὸ	_	_
9.4	328	[1]	Προγνωστικόν	_	_
9.4	329	[16]	.	b	_
9.4	330	[1]	ὡς	_	_
9.4	331	[4]	γὰρ	_	_
9.4	332	[1]	ἐκεῖ	_	_
9.4	333	[11]	τὸ	_	_
9.4	334	[1]	πρόσωπον	_	_
9.4	335	[1]	ἡμᾶς	_	_
9.4	336	[14]	τοῦ	_	_
9.4	337	[1]	νοσοῦντος	_	_
9.4	338	[1]	ἐκέλευσε	_	_
9.4	339	[1]	σκοπεῖσθαι	_	_
9.4	340	[29]	,	b	_
9.4	341	[1]	πότερον	_	_
9.4	342	[2]	ὅμοιόν	_	_
9.4	343	[1]	ἐστιν	_	_
9.4	344	[4]	ἢ	_	_
9.4	345	[3]	ἀνόμοιον	_	_
9.4	346	[3]	τῷ	_	_
9.4	347	[4]	τῶν	_	_
9.4	348	[1]	ὑγιαινόντων	_	_
9.4	349	[30]	,	b	_
9.4	350	[1]	μάλιστα	_	_
9.4	351	[6]	δ	_	_
9.4	352	[9]	’	b	_
9.4	353	[3]	εἰ	_	_
9.4	354	[1]	αὐτὸ	_	_
9.4	355	[1]	ἑαυτῷ	_	_
9.4	356	[31]	,	b	_
9.4	357	[1]	οὕτως	_	_
9.4	358	[1]	νῦν	_	_
9.4	359	[12]	τὸ	_	_
9.4	360	[1]	ἐκπεπτωκὸς	_	_
9.4	361	[1]	ἄρθρον	_	_
9.4	362	[4]	τῷ	_	_
9.4	363	[2]	ὑγιεῖ	_	_
9.4	364	[1]	παραβάλλει	_	_
9.4	365	[5]	τὴν	_	_
9.4	366	[1]	παραβολὴν	_	_
9.4	367	[1]	ποιούμενος	_	_
9.4	368	[1]	ἐπ	_	_
9.4	369	[10]	’	b	_
9.4	370	[3]	αὐτοῦ	_	_
9.4	371	[15]	τοῦ	_	_
9.4	372	[1]	πεπονθότος	_	_
9.4	373	[1]	ἀνθρώπου	_	_
9.4	374	[1]	·	b	_
9.4	375	[1]	ἀπάτη	_	_
9.4	376	[5]	γὰρ	_	_
9.4	377	[32]	,	b	_
9.4	378	[1]	ἣν	_	_
9.4	379	[3]	παραξύνεσιν	_	_
9.4	380	[1]	ὠνόμασε	_	_
9.4	381	[33]	,	b	_
9.4	382	[1]	γίγνεται	_	_
9.4	383	[1]	πολλάκις	_	_
9.4	384	[34]	,	b	_
9.4	385	[1]	ἐὰν	_	_
9.4	386	[2]	τοῖς	_	_
9.4	387	[1]	ἀλλοτρίοις	_	_
9.4	388	[1]	ἄρθροις	_	_
9.4	389	[1]	παραβάλλῃς	_	_
9.4	390	[1]	αὐτό	_	_
9.4	391	[17]	.	b	_
9.4	392	[14]	καὶ	_	_
9.4	393	[2]	μέντοι	_	_
9.4	394	[15]	καὶ	_	_
9.4	395	[2]	ὡς	_	_
9.4	396	[2]	ἐκ	_	_
9.4	397	[5]	τῶν	_	_
9.4	398	[3]	κατὰ	_	_
9.4	399	[1]	μέρος	_	_
9.4	400	[35]	,	b	_
9.4	401	[4]	εἰ	_	_
9.4	402	[3]	ὅμοιόν	_	_
9.4	403	[3]	ἐστι	_	_
9.4	404	[5]	τῷ	_	_
9.4	405	[4]	κατὰ	_	_
9.4	406	[1]	φύσιν	_	_
9.4	407	[1]	ἔχοντι	_	_
9.4	408	[1]	τό	_	_
9.4	409	[1]	γε	_	_
9.4	410	[1]	πεπονθὸς	_	_
9.4	411	[36]	,	b	_
9.4	412	[1]	ἔνεστι	_	_
9.4	413	[1]	διαγνῶναι	_	_
9.4	414	[37]	,	b	_
9.4	415	[1]	καθάπερ	_	_
9.4	416	[3]	ἐν	_	_
9.4	417	[6]	τῷ	_	_
9.4	418	[1]	Προγνωστικῷ	_	_
9.4	419	[1]	διῆλθεν	_	_
9.4	420	[38]	,	b	_
9.4	421	[2]	οὕτως	_	_
9.4	422	[1]	κᾀνταῦθα	_	_
9.4	423	[39]	,	b	_
9.4	424	[5]	τὰ	_	_
9.4	425	[5]	μὲν	_	_
9.4	426	[1]	ἄλλα	_	_
9.4	427	[1]	γράψας	_	_
9.4	428	[1]	καλῶς	_	_
9.4	429	[40]	,	b	_
9.4	430	[4]	ἐν	_	_
9.4	431	[1]	ᾧ	_	_
9.4	432	[7]	δ	_	_
9.4	433	[11]	’	b	_
9.4	434	[1]	ἄν	_	_
9.4	435	[1]	τι	_	_
9.4	436	[1]	σφαλείη	_	_
9.4	437	[2]	διὰ	_	_
9.4	438	[6]	τὴν	_	_
9.4	439	[2]	πρὸς	_	_
9.4	440	[13]	τὸ	_	_
9.4	441	[1]	ἐξηρθρηκὸς	_	_
9.4	442	[1]	ὁμοιότητα	_	_
9.4	443	[41]	,	b	_
9.4	444	[1]	τοῦτ	_	_
9.4	445	[12]	’	b	_
9.4	446	[1]	ἐπισημῃνάμενος	_	_
9.4	447	[42]	,	b	_
9.4	448	[3]	ὡς	_	_
9.4	449	[4]	παραξύνεσιν	_	_
9.4	450	[1]	ἔχον	_	_
9.4	451	[16]	καὶ	_	_
9.4	452	[2]	αὐτό	_	_
9.4	453	[18]	.	b	_
9.4	454	[1]	ταπεινὴ	_	_
9.4	455	[6]	γὰρ	_	_
9.4	456	[5]	ἡ	_	_
9.4	457	[1]	ἐπωμὶς	_	_
9.4	458	[3]	οὐ	_	_
9.4	459	[1]	μόνον	_	_
9.4	460	[1]	ἐπὶ	_	_
9.4	461	[6]	τῶν	_	_
9.4	462	[1]	ἐξηρθρηκότων	_	_
9.4	463	[1]	ἐστὶν	_	_
9.4	464	[43]	,	b	_
9.4	465	[3]	ἀλλὰ	_	_
9.4	466	[1]	κᾀπὶ	_	_
9.4	467	[7]	τῶν	_	_
9.4	468	[1]	ἀπόσπασμα	_	_
9.4	469	[5]	κατὰ	_	_
9.4	470	[14]	τὸ	_	_
9.4	471	[1]	ἀκρώμιον	_	_
9.4	472	[1]	ἐχόντων	_	_
9.4	473	[44]	,	b	_
9.4	474	[1]	ὥστε	_	_
9.4	475	[1]	συγχεῖσθαι	_	_
9.4	476	[6]	κατὰ	_	_
9.4	477	[5]	τοῦτο	_	_
9.4	478	[7]	τὴν	_	_
9.4	479	[1]	διάγνωσιν	_	_
9.4	480	[8]	τῶν	_	_
9.4	481	[1]	ἐξαρθρημάτων	_	_
9.4	482	[45]	,	b	_
9.4	483	[2]	εἰς	_	_
9.4	484	[1]	κοινὸν	_	_
9.4	485	[1]	σημεῖον	_	_
9.4	486	[1]	ἀφικνουμένην	_	_
9.4	487	[3]	τοῖς	_	_
9.4	488	[1]	ἀπεσπασμένον	_	_
9.4	489	[2]	ἔχουσι	_	_
9.4	490	[15]	τὸ	_	_
9.4	491	[2]	ἀκρώμιον	_	_
9.4	492	[19]	.	b	_
9.4	493	[4]	ἀλλὰ	_	_
9.4	494	[1]	κᾷνταῦθα	_	_
9.4	495	[1]	πάλιν	_	_
9.4	496	[46]	,	b	_
9.4	497	[1]	ὅπερ	_	_
9.4	498	[1]	καθόλου	_	_
9.4	499	[3]	διὰ	_	_
9.4	500	[16]	τοῦ	_	_
9.4	501	[1]	κατ	_	_
9.4	502	[13]	’	b	_
9.4	503	[1]	ἰητρεῖον	_	_
9.4	504	[1]	ἀπεφῄνατο	_	_
9.4	505	[47]	,	b	_
9.4	506	[6]	τοῦτο	_	_
9.4	507	[2]	νῦν	_	_
9.4	508	[1]	ἑνὸς	_	_
9.4	509	[1]	εἴδους	_	_
9.4	510	[1]	ἐποίησεν	_	_
9.4	511	[48]	,	b	_
9.4	512	[1]	ἐπιδείξας	_	_
9.4	513	[4]	οὐ	_	_
9.4	514	[2]	μόνον	_	_
9.4	515	[1]	ᾗ	_	_
9.4	516	[2]	ὅμοια	_	_
9.4	517	[6]	τὰ	_	_
9.4	518	[1]	σημεῖα	_	_
9.4	519	[9]	τῶν	_	_
9.4	520	[1]	δύο	_	_
9.4	521	[1]	παθῶν	_	_
9.4	522	[2]	ἐστιν	_	_
9.4	523	[49]	,	b	_
9.4	524	[5]	ἀλλὰ	_	_
9.4	525	[17]	καὶ	_	_
9.4	526	[2]	ᾗ	_	_
9.4	527	[1]	ἀνόμοια	_	_
9.4	528	[20]	.	b	_
9.4	529	[1]	κοίλη	_	_
9.4	530	[6]	μὲν	_	_
9.4	531	[3]	οὖν	_	_
9.4	532	[6]	ἡ	_	_
9.4	533	[2]	ἐπωμὶς	_	_
9.4	534	[2]	ἐπ	_	_
9.4	535	[14]	’	b	_
9.4	536	[1]	ἀμφοῖν	_	_
9.4	537	[4]	φαίνεται	_	_
9.4	538	[50]	,	b	_
9.4	539	[10]	τῶν	_	_
9.4	540	[2]	δὲ	_	_
9.4	541	[2]	ἄλλων	_	_
9.4	542	[1]	συμπτωμάτων	_	_
9.4	543	[51]	,	b	_
9.4	544	[1]	ὧν	_	_
9.4	545	[1]	τὸν	_	_
9.4	546	[1]	κατάλογον	_	_
9.4	547	[1]	ἔγραψεν	_	_
9.4	548	[2]	ἐπὶ	_	_
9.4	549	[11]	τῶν	_	_
9.4	550	[2]	ἐξηρθρηκότων	_	_
9.4	551	[1]	ὤμων	_	_
9.4	552	[52]	,	b	_
9.4	553	[1]	οὐδὲν	_	_
9.4	554	[1]	συμβαίνει	_	_
9.4	555	[7]	κατὰ	_	_
9.4	556	[7]	τὰ	_	_
9.4	557	[12]	τῶν	_	_
9.4	558	[1]	ἀκρωμίων	_	_
9.4	559	[1]	ἀποσπάσματα	_	_
9.4	560	[53]	,	b	_
9.4	561	[3]	περὶ	_	_
9.4	562	[2]	ὧν	_	_
9.4	563	[8]	κατὰ	_	_
9.4	564	[8]	τὴν	_	_
9.4	565	[1]	προγεγραμμένην	_	_
9.4	566	[1]	ῥῆσιν	_	_
9.4	567	[3]	οὕτως	_	_
9.4	568	[1]	εἶπε	_	_
9.4	569	[21]	.	b	_
9.4	570	[2]	τούτου	_	_
9.4	571	[3]	δὲ	_	_
9.4	572	[17]	τοῦ	_	_
9.4	573	[3]	ἐκπεπτωκότος	_	_
9.4	574	[3]	ὁ	_	_
9.4	575	[2]	ἀγκὼν	_	_
9.4	576	[5]	φαίνεται	_	_
9.4	577	[2]	ἀφεστεὼς	_	_
9.4	578	[5]	μᾶλλον	_	_
9.4	579	[3]	ἀπὸ	_	_
9.4	580	[13]	τῶν	_	_
9.4	581	[1]	πλευρῶν	_	_
9.4	582	[54]	,	b	_
9.4	583	[5]	ἢ	_	_
9.4	584	[18]	τοῦ	_	_
9.4	585	[2]	ἑτέρου	_	_
9.4	586	[22]	.	b	_
9.4	587	[5]	εἰ	_	_
9.4	588	[3]	μέντοι	_	_
9.4	589	[2]	τις	_	_
9.4	590	[2]	προσαναγκάζοι	_	_
9.4	591	[55]	,	b	_
9.4	592	[2]	προσάγεται	_	_
9.4	593	[7]	μὲν	_	_
9.4	594	[56]	,	b	_
9.4	595	[2]	ἐπιπόνως	_	_
9.4	596	[2]	δέ	_	_
9.4	597	[23]	.	b	_
9.4	598	[7]	τοῦτο	_	_
9.4	599	[4]	δὲ	_	_
9.4	600	[1]	ἄνω	_	_
9.4	601	[1]	ἀεῖραι	_	_
9.4	602	[9]	τὴν	_	_
9.4	603	[2]	χεῖρα	_	_
9.4	604	[1]	ἰθεῖαν	_	_
9.4	605	[2]	παρὰ	_	_
9.4	606	[16]	τὸ	_	_
9.4	607	[2]	οὖς	_	_
9.4	608	[57]	,	b	_
9.4	609	[2]	ἐκτεταμένου	_	_
9.4	610	[19]	τοῦ	_	_
9.4	611	[2]	ἀγκῶνος	_	_
9.4	612	[58]	,	b	_
9.4	613	[5]	οὐ	_	_
9.4	614	[1]	μάλα	_	_
9.4	615	[1]	δύναται	_	_
9.4	616	[59]	,	b	_
9.4	617	[2]	ὥσπερ	_	_
9.4	618	[18]	καὶ	_	_
9.4	619	[10]	τὴν	_	_
9.4	620	[2]	ὑγιέα	_	_
9.4	621	[60]	,	b	_
9.4	622	[2]	οὐδὲ	_	_
9.4	623	[2]	παράγειν	_	_
9.4	624	[3]	ἔνθα	_	_
9.4	625	[19]	καὶ	_	_
9.4	626	[4]	ἔνθα	_	_
9.4	627	[2]	ὁμοίως	_	_
9.4	628	[24]	.	b	_
9.4	629	[1]	ταῦτα	_	_
9.4	630	[8]	μὲν	_	_
9.4	631	[3]	ἐπὶ	_	_
9.4	632	[14]	τῶν	_	_
9.4	633	[1]	ἐξηθρηκότων	_	_
9.4	634	[6]	φαίνεται	_	_
9.4	635	[1]	γιγνόμενα	_	_
9.4	636	[61]	,	b	_
9.4	637	[1]	μηδὲν	_	_
9.4	638	[1]	τοιοῦτον	_	_
9.4	639	[1]	πασχόντων	_	_
9.4	640	[62]	,	b	_
9.4	641	[1]	οἷς	_	_
9.4	642	[1]	ἀπέσπασται	_	_
9.4	643	[17]	τὸ	_	_
9.4	644	[3]	ἀκρώμιον	_	_
9.4	645	[2]	·	b	_
9.4	646	[1]	μόνοις	_	_
9.4	647	[7]	γὰρ	_	_
9.4	648	[1]	αὐτοῖς	_	_
9.4	649	[1]	κοινόν	_	_
9.4	650	[4]	ἐστι	_	_
9.4	651	[18]	τὸ	_	_
9.4	652	[11]	τὴν	_	_
9.4	653	[2]	ἐπωμίδα	_	_
9.4	654	[1]	φαίνεσθαι	_	_
9.4	655	[1]	κοίλην	_	_
9.4	656	[25]	.	b	_
9.4	657	[2]	ἔστι	_	_
9.4	658	[5]	δὲ	_	_
9.4	659	[20]	καὶ	_	_
9.4	660	[9]	κατὰ	_	_
9.4	661	[8]	τοῦτο	_	_
9.4	662	[19]	τὸ	_	_
9.4	663	[2]	κοινὸν	_	_
9.4	664	[6]	οὐ	_	_
9.4	665	[3]	μόνον	_	_
9.4	666	[1]	ὁμοιότης	_	_
9.4	667	[63]	,	b	_
9.4	668	[6]	ἀλλὰ	_	_
9.4	669	[21]	καὶ	_	_
9.4	670	[1]	ἀνομοιότης	_	_
9.4	671	[26]	.	b	_
9.4	672	[7]	φαίνεται	_	_
9.4	673	[8]	γὰρ	_	_
9.4	674	[4]	ὁ	_	_
9.4	675	[1]	τόπος	_	_
9.4	676	[1]	ὢν	_	_
9.4	677	[1]	ταπεινότερος	_	_
9.4	678	[64]	,	b	_
9.4	679	[7]	οὐ	_	_
9.4	680	[2]	μὴν	_	_
9.4	681	[22]	καὶ	_	_
9.4	682	[1]	γεγονώς	_	_
9.4	683	[2]	γε	_	_
9.4	684	[10]	κατὰ	_	_
9.4	685	[1]	ἀλήθειαν	_	_
9.4	686	[1]	ἑαυτοῦ	_	_
9.4	687	[2]	ταπεινότερος	_	_
9.4	688	[65]	,	b	_
9.4	689	[4]	ὡς	_	_
9.4	690	[4]	ἐπὶ	_	_
9.4	691	[15]	τῶν	_	_
9.4	692	[3]	ἐξηρθρηκότων	_	_
9.4	693	[2]	ὤμων	_	_
9.4	694	[27]	.	b	_
9.4	695	[3]	ἐπ	_	_
9.4	696	[15]	’	b	_
9.4	697	[1]	ἐκείνων	_	_
9.4	698	[9]	μὲν	_	_
9.4	699	[9]	γὰρ	_	_
9.4	700	[66]	,	b	_
9.4	701	[1]	τῆς	_	_
9.4	702	[1]	κεφαλῆς	_	_
9.4	703	[20]	τοῦ	_	_
9.4	704	[2]	βραχίονος	_	_
9.4	705	[3]	εἰς	_	_
9.4	706	[12]	τὴν	_	_
9.4	707	[1]	μασχάλην	_	_
9.4	708	[1]	καταπεσούσης	_	_
9.4	709	[67]	,	b	_
9.4	710	[5]	ὁ	_	_
9.4	711	[1]	πρότερον	_	_
9.4	712	[1]	ὑπάρχων	_	_
9.4	713	[1]	ὄγκος	_	_
9.4	714	[5]	ἐν	_	_
9.4	715	[7]	τῷ	_	_
9.4	716	[11]	κατὰ	_	_
9.4	717	[13]	τὴν	_	_
9.4	718	[3]	ἐπωμίδα	_	_
9.4	719	[1]	τόπῳ	_	_
9.4	720	[2]	κατ	_	_
9.4	721	[16]	’	b	_
9.4	722	[2]	ἀλήθειαν	_	_
9.4	723	[1]	ἀπόλωλεν	_	_
9.4	724	[68]	,	b	_
9.4	725	[6]	ἐν	_	_
9.4	726	[6]	δὲ	_	_
9.4	727	[4]	τοῖς	_	_
9.4	728	[1]	ἀποσπάσμασιν	_	_
9.4	729	[1]	οὗτος	_	_
9.4	730	[10]	μὲν	_	_
9.4	731	[6]	ὁ	_	_
9.4	732	[1]	αὐτὸς	_	_
9.4	733	[1]	διαμένει	_	_
9.4	734	[69]	,	b	_
9.4	735	[1]	μεταστάντος	_	_
9.4	736	[8]	δ	_	_
9.4	737	[17]	’	b	_
9.4	738	[4]	εἰς	_	_
9.4	739	[1]	ὕψος	_	_
9.4	740	[21]	τοῦ	_	_
9.4	741	[2]	ἀκρωμίου	_	_
9.4	742	[70]	,	b	_
9.4	743	[1]	φαντασία	_	_
9.4	744	[1]	ψευδὴς	_	_
9.4	745	[2]	γίγνεται	_	_
9.4	746	[2]	τῆς	_	_
9.4	747	[22]	τοῦ	_	_
9.4	748	[1]	τόπου	_	_
9.4	749	[1]	ταπεινώσεως	_	_
9.4	750	[28]	.	b	_
9.4	751	[1]	ἴσως	_	_
9.4	752	[4]	οὖν	_	_
9.4	753	[1]	ἄμεινόν	_	_
9.4	754	[5]	ἐστι	_	_
9.4	755	[23]	καὶ	_	_
9.4	756	[1]	μίαν	_	_
9.4	757	[1]	ἄλλην	_	_
9.4	758	[2]	ἔτι	_	_
9.4	759	[1]	παραγράψαι	_	_
9.4	760	[2]	ῥῆσιν	_	_
9.4	761	[3]	ἐκ	_	_
9.4	762	[23]	τοῦ	_	_
9.4	763	[4]	περὶ	_	_
9.4	764	[3]	ἄρθρων	_	_
9.4	765	[71]	,	b	_
9.4	766	[7]	ἐν	_	_
9.4	767	[3]	ᾗ	_	_
9.4	768	[2]	καθ	_	_
9.4	769	[18]	’	b	_
9.4	770	[1]	ἓν	_	_
9.4	771	[1]	πάθος	_	_
9.4	772	[1]	ἐπιδείκνυσιν	_	_
9.4	773	[7]	ὁ	_	_
9.4	774	[1]	Ἱπποκράτης	_	_
9.4	775	[1]	ὁμοιότητά	_	_
9.4	776	[1]	τε	_	_
9.4	777	[24]	καὶ	_	_
9.4	778	[1]	ἀνομοιότητα	_	_
9.4	779	[1]	σφάλλουσαν	_	_
9.4	780	[1]	τοὺς	_	_
9.4	781	[1]	πολλοὺς	_	_
9.4	782	[16]	τῶν	_	_
9.4	783	[1]	ἰατρῶν	_	_
9.4	784	[29]	.	b	_
9.4	785	[1]	ὅταν	_	_
9.4	786	[3]	τις	_	_
9.4	787	[1]	ἐξαρθρήσῃ	_	_
9.4	788	[1]	σπόνδυλος	_	_
9.4	789	[5]	εἰς	_	_
9.4	790	[20]	τὸ	_	_
9.4	791	[1]	πρόσω	_	_
9.4	792	[1]	ταπεινὸν	_	_
9.4	793	[72]	,	b	_
9.4	794	[12]	κατὰ	_	_
9.4	795	[9]	τοῦτο	_	_
9.4	796	[3]	γίγνεται	_	_
9.4	797	[21]	τὸ	_	_
9.4	798	[2]	χωρίον	_	_
9.4	799	[3]	τῆς	_	_
9.4	800	[1]	ῥάχεως	_	_
9.4	801	[30]	.	b	_
9.4	802	[1]	ἐνίοτε	_	_
9.4	803	[7]	δὲ	_	_
9.4	804	[73]	,	b	_
9.4	805	[1]	περιθραυσθεισῶν	_	_
9.4	806	[17]	τῶν	_	_
9.4	807	[13]	κατὰ	_	_
9.4	808	[2]	τοὺς	_	_
9.4	809	[1]	σπονδύλους	_	_
9.4	810	[1]	ὀπισθίων	_	_
9.4	811	[1]	ἀποφύσεων	_	_
9.4	812	[74]	,	b	_
9.4	813	[1]	ἐξ	_	_
9.4	814	[3]	ὧν	_	_
9.4	815	[7]	ἡ	_	_
9.4	816	[4]	τῆς	_	_
9.4	817	[2]	ῥάχεως	_	_
9.4	818	[1]	ἄκρα	_	_
9.4	819	[1]	γεννᾶται	_	_
9.4	820	[75]	,	b	_
9.4	821	[1]	κοῖλος	_	_
9.4	822	[25]	καὶ	_	_
9.4	823	[1]	ταπεινὸς	_	_
9.4	824	[8]	ὁ	_	_
9.4	825	[2]	τόπος	_	_
9.4	826	[8]	φαίνεται	_	_
9.4	827	[76]	,	b	_
9.4	828	[2]	καθάπερ	_	_
9.4	829	[5]	ἐπὶ	_	_
9.4	830	[18]	τῶν	_	_
9.4	831	[4]	ἐξηρθρηκότων	_	_
9.4	832	[6]	εἰς	_	_
9.4	833	[22]	τὸ	_	_
9.4	834	[2]	πρόσω	_	_
9.4	835	[1]	σπονδύλων	_	_
9.4	836	[31]	.	b	_
9.4	837	[3]	ἔστι	_	_
9.4	838	[8]	δὲ	_	_
9.4	839	[10]	τοῦτο	_	_
9.4	840	[11]	μὲν	_	_
9.4	841	[23]	τὸ	_	_
9.4	842	[2]	πάθος	_	_
9.4	843	[1]	εὐιατότατον	_	_
9.4	844	[77]	,	b	_
9.4	845	[1]	ὀλεθριώτατον	_	_
9.4	846	[9]	δὲ	_	_
9.4	847	[24]	τὸ	_	_
9.4	848	[1]	ἕτερον	_	_
9.4	849	[32]	.	b	_
9.4	850	[1]	ἀγνοοῦντας	_	_
9.4	851	[10]	δὲ	_	_
9.4	852	[19]	τῶν	_	_
9.4	853	[2]	ἰατρῶν	_	_
9.4	854	[1]	ἐνίους	_	_
9.4	855	[14]	τὴν	_	_
9.4	856	[1]	διαφορὰν	_	_
9.4	857	[1]	αὐτῶν	_	_
9.4	858	[9]	ὁ	_	_
9.4	859	[2]	Ἱπποκράτης	_	_
9.4	860	[1]	φησὶν	_	_
9.4	861	[1]	οἴεσθαι	_	_
9.4	862	[1]	τεθεραπευκέναι	_	_
9.4	863	[1]	ῥᾳδίως	_	_
9.4	864	[15]	τὴν	_	_
9.4	865	[7]	εἰς	_	_
9.4	866	[8]	τὰ	_	_
9.4	867	[3]	πρόσω	_	_
9.4	868	[20]	τῶν	_	_
9.4	869	[2]	σπονδύλων	_	_
9.4	870	[1]	μετάστασιν	_	_
9.4	871	[33]	.	b	_
9.4	872	[1]	ὀνομάζει	_	_
9.4	873	[11]	δὲ	_	_
9.4	874	[16]	τὴν	_	_
9.4	875	[8]	εἰς	_	_
9.4	876	[25]	τὸ	_	_
9.4	877	[4]	πρόσω	_	_
9.4	878	[2]	ταύτην	_	_
9.4	879	[78]	,	b	_
9.4	880	[8]	οὐ	_	_
9.4	881	[4]	μόνον	_	_
9.4	882	[4]	οὕτως	_	_
9.4	883	[79]	,	b	_
9.4	884	[7]	ἀλλὰ	_	_
9.4	885	[26]	καὶ	_	_
9.4	886	[1]	ἔσω	_	_
9.4	887	[1]	καλῶν	_	_
9.4	888	[80]	,	b	_
9.4	889	[2]	ἔσω	_	_
9.4	890	[12]	μὲν	_	_
9.4	891	[1]	δηλονότι	_	_
9.4	892	[26]	τὸ	_	_
9.4	893	[1]	βάθος	_	_
9.4	894	[24]	τοῦ	_	_
9.4	895	[1]	σώματος	_	_
9.4	896	[81]	,	b	_
9.4	897	[1]	ἔξω	_	_
9.4	898	[12]	δὲ	_	_
9.4	899	[27]	τὸ	_	_
9.4	900	[1]	ἐπιπολῆς	_	_
9.4	901	[1]	ὄπισθέν	_	_
9.4	902	[2]	τε	_	_
9.4	903	[27]	καὶ	_	_
9.4	904	[1]	πρόσθεν	_	_
9.4	905	[34]	.	b	_
9.4	906	[4]	ἔστι	_	_
9.4	907	[9]	δ	_	_
9.4	908	[19]	’	b	_
9.4	909	[8]	ἡ	_	_
9.4	910	[2]	ῥῆσις	_	_
9.4	911	[4]	αὐτοῦ	_	_
9.4	912	[82]	,	b	_
9.4	913	[3]	καθ	_	_
9.4	914	[20]	’	b	_
9.4	915	[2]	ἣν	_	_
9.4	916	[1]	γέγραπται	_	_
9.4	917	[2]	ταῦτα	_	_
9.4	918	[83]	,	b	_
9.4	919	[2]	αὕτη	_	_
9.4	920	[35]	.	b	_
9.4	921	[4]	ἐκ	_	_
9.4	922	[13]	δὲ	_	_
9.4	923	[25]	τοῦ	_	_
9.4	924	[1]	ὄπισθεν	_	_
9.4	925	[9]	οὐ	_	_
9.4	926	[1]	ῥηΐδιον	_	_
9.4	927	[1]	τοιαύτην	_	_
9.4	928	[1]	ἐξέλασιν	_	_
9.4	929	[1]	γενέσθαι	_	_
9.4	930	[9]	εἰς	_	_
9.4	931	[28]	τὸ	_	_
9.4	932	[1]	εἴσω	_	_
9.4	933	[84]	,	b	_
9.4	934	[6]	εἰ	_	_
9.4	935	[3]	μὴ	_	_
9.4	936	[1]	ὑπέρβαρύ	_	_
9.4	937	[2]	τι	_	_
9.4	938	[1]	ἄχθος	_	_
9.4	939	[1]	ἐμπέσοι	_	_
9.4	940	[36]	.	b	_
9.4	941	[21]	τῶν	_	_
9.4	942	[3]	τε	_	_
9.4	943	[10]	γὰρ	_	_
9.4	944	[1]	ὀστέων	_	_
9.4	945	[22]	τῶν	_	_
9.4	946	[1]	ἐκπεφυκότων	_	_
9.4	947	[1]	ἔξωθεν	_	_
9.4	948	[1]	ἕκαστον	_	_
9.4	949	[1]	τοιοῦτόν	_	_
9.4	950	[3]	ἐστιν	_	_
9.4	951	[85]	,	b	_
9.4	952	[2]	ὥστε	_	_
9.4	953	[2]	πρόσθεν	_	_
9.4	954	[1]	ἂν	_	_
9.4	955	[2]	αὐτὸ	_	_
9.4	956	[1]	καταγείη	_	_
9.4	957	[86]	,	b	_
9.4	958	[1]	πρὶν	_	_
9.4	959	[6]	ἢ	_	_
9.4	960	[1]	μεγάλην	_	_
9.4	961	[1]	ῥοπὴν	_	_
9.4	962	[2]	εἴσω	_	_
9.4	963	[1]	ποιῆσαι	_	_
9.4	964	[87]	,	b	_
9.4	965	[1]	τούς	_	_
9.4	966	[4]	τε	_	_
9.4	967	[1]	ξυνδέσμους	_	_
9.4	968	[1]	βιασάμενον	_	_
9.4	969	[28]	καὶ	_	_
9.4	970	[9]	τὰ	_	_
9.4	971	[2]	ἄρθρα	_	_
9.4	972	[10]	τὰ	_	_
9.4	973	[1]	ἐνηλλαγμένα	_	_
9.4	974	[88]	,	b	_
9.4	975	[1]	ὅ	_	_
9.4	976	[5]	τε	_	_
9.4	977	[1]	αὖ	_	_
9.4	978	[1]	νωτιαῖος	_	_
9.4	979	[1]	πονοίη	_	_
9.4	980	[2]	ἂν	_	_
9.4	981	[89]	,	b	_
9.4	982	[7]	εἰ	_	_
9.4	983	[2]	ἐξ	_	_
9.4	984	[1]	ὀλίγου	_	_
9.4	985	[2]	χωρίου	_	_
9.4	986	[17]	τὴν	_	_
9.4	987	[1]	περικαμπὴν	_	_
9.4	988	[1]	ἔχοι	_	_
9.4	989	[90]	,	b	_
9.4	990	[2]	τοιαύτην	_	_
9.4	991	[2]	ἐξέλασιν	_	_
9.4	992	[1]	ἐξαλλομένου	_	_
9.4	993	[1]	σπονδύλου	_	_
9.4	994	[91]	,	b	_
9.4	995	[2]	ὅ	_	_
9.4	996	[6]	τε	_	_
9.4	997	[1]	ἐκπηδήσας	_	_
9.4	998	[2]	σπόνδυλος	_	_
9.4	999	[1]	πιέζοι	_	_
9.4	1000	[3]	ἂν	_	_
9.4	1001	[2]	τὸν	_	_
9.4	1002	[1]	νωτιαῖον	_	_
9.4	1003	[92]	,	b	_
9.4	1004	[8]	εἰ	_	_
9.4	1005	[4]	μὴ	_	_
9.4	1006	[29]	καὶ	_	_
9.4	1007	[1]	ἀποῤῥήξειε	_	_
9.4	1008	[93]	,	b	_
9.4	1009	[1]	πιεσθεὶς	_	_
9.4	1010	[10]	δ	_	_
9.4	1011	[21]	’	b	_
9.4	1012	[4]	ἂν	_	_
9.4	1013	[30]	καὶ	_	_
9.4	1014	[1]	ἀπολελαμμένος	_	_
9.4	1015	[1]	πολλῶν	_	_
9.4	1016	[31]	καὶ	_	_
9.4	1017	[1]	μεγάλων	_	_
9.4	1018	[32]	καὶ	_	_
9.4	1019	[1]	ἐπικαίρων	_	_
9.4	1020	[1]	ἀπονάρκωσιν	_	_
9.4	1021	[1]	ποιήσειεν	_	_
9.4	1022	[37]	.	b	_
9.4	1023	[1]	ὥστ	_	_
9.4	1024	[22]	’	b	_
9.4	1025	[3]	οὐκ	_	_
9.4	1026	[5]	ἂν	_	_
9.4	1027	[1]	μέλοι	_	_
9.4	1028	[8]	τῷ	_	_
9.4	1029	[1]	ἰατρῷ	_	_
9.4	1030	[1]	ὅπως	_	_
9.4	1031	[3]	χρὴ	_	_
9.4	1032	[3]	τὸν	_	_
9.4	1033	[1]	σπόνδυλον	_	_
9.4	1034	[1]	κατορθῶσαι	_	_
9.4	1035	[94]	,	b	_
9.4	1036	[2]	πολλῶν	_	_
9.4	1037	[33]	καὶ	_	_
9.4	1038	[1]	βιαίων	_	_
9.4	1039	[3]	ἄλλων	_	_
9.4	1040	[1]	κακῶν	_	_
9.4	1041	[1]	παρεόντων	_	_
9.4	1042	[38]	.	b	_
9.4	1043	[3]	ὥστε	_	_
9.4	1044	[1]	δὴ	_	_
9.4	1045	[1]	οὐδ	_	_
9.4	1046	[23]	’	b	_
9.4	1047	[1]	ἐμβαλεῖν	_	_
9.4	1048	[1]	οἷόν	_	_
9.4	1049	[7]	τε	_	_
9.4	1050	[1]	οὔτε	_	_
9.4	1051	[1]	κατασείσειν	_	_
9.4	1052	[95]	,	b	_
9.4	1053	[1]	οὔτ	_	_
9.4	1054	[24]	’	b	_
9.4	1055	[1]	ἄλλῳ	_	_
9.4	1056	[1]	οὐδενὶ	_	_
9.4	1057	[1]	τρόπῳ	_	_
9.4	1058	[1]	πρόδηλον	_	_
9.4	1059	[23]	τῶν	_	_
9.4	1060	[1]	τοιούτων	_	_
9.4	1061	[96]	,	b	_
9.4	1062	[9]	εἰ	_	_
9.4	1063	[1]	μή	_	_
9.4	1064	[4]	τις	_	_
9.4	1065	[1]	διατεμὼν	_	_
9.4	1066	[4]	τὸν	_	_
9.4	1067	[1]	ἄνθρωπον	_	_
9.4	1068	[97]	,	b	_
9.4	1069	[1]	ἔπειτα	_	_
9.4	1070	[1]	ἐμβαλόμενος	_	_
9.4	1071	[3]	ἐς	_	_
9.4	1072	[18]	τὴν	_	_
9.4	1073	[1]	κοιλίην	_	_
9.4	1074	[5]	ἐκ	_	_
9.4	1075	[26]	τοῦ	_	_
9.4	1076	[1]	εἴσωθεν	_	_
9.4	1077	[3]	τῇ	_	_
9.4	1078	[1]	χειρὶ	_	_
9.4	1079	[4]	ἐς	_	_
9.4	1080	[29]	τὸ	_	_
9.4	1081	[2]	ἔξω	_	_
9.4	1082	[1]	ἀντωθέοι	_	_
9.4	1083	[39]	.	b	_
9.4	1084	[2]	κᾀνταῦθα	_	_
9.4	1085	[1]	νεκρῷ	_	_
9.4	1086	[13]	μὲν	_	_
9.4	1087	[2]	οἷόν	_	_
9.4	1088	[8]	τε	_	_
9.4	1089	[1]	ποιέειν	_	_
9.4	1090	[98]	,	b	_
9.4	1091	[1]	ζῶντι	_	_
9.4	1092	[11]	δ	_	_
9.4	1093	[25]	’	b	_
9.4	1094	[10]	οὐ	_	_
9.4	1095	[2]	πάνυ	_	_
9.4	1096	[40]	.	b	_
9.4	1097	[4]	διὰ	_	_
9.4	1098	[1]	τί	_	_
9.4	1099	[14]	δὲ	_	_
9.4	1100	[3]	ταῦτα	_	_
9.4	1101	[1]	γράφω	_	_
9.4	1102	[1]	;	b	_
9.4	1103	[1]	ὅτι	_	_
9.4	1104	[1]	οἴονταί	_	_
9.4	1105	[1]	τινες	_	_
9.4	1106	[1]	ἰητρευκέναι	_	_
9.4	1107	[3]	τοὺς	_	_
9.4	1108	[1]	ἀνθρώπους	_	_
9.4	1109	[99]	,	b	_
9.4	1110	[1]	οἷσιν	_	_
9.4	1111	[1]	ἔσωθεν	_	_
9.4	1112	[1]	ἔπεσον	_	_
9.4	1113	[1]	σπόνδυλοι	_	_
9.4	1114	[1]	τελέως	_	_
9.4	1115	[1]	ὑπερβάντες	_	_
9.4	1116	[11]	τὰ	_	_
9.4	1117	[3]	ἄρθρα	_	_
9.4	1118	[41]	.	b	_
9.4	1119	[1]	καίτοι	_	_
9.4	1120	[1]	ῥηΐστην	_	_
9.4	1121	[10]	εἰς	_	_
9.4	1122	[30]	τὸ	_	_
9.4	1123	[1]	περιγενέσθαι	_	_
9.4	1124	[24]	τῶν	_	_
9.4	1125	[1]	διαστροφέων	_	_
9.4	1126	[3]	ταύτην	_	_
9.4	1127	[1]	ἔνιοι	_	_
9.4	1128	[1]	νομίζουσι	_	_
9.4	1129	[34]	καὶ	_	_
9.4	1130	[2]	οὐδὲν	_	_
9.4	1131	[1]	δέεσθαι	_	_
9.4	1132	[1]	ἐμβολῆς	_	_
9.4	1133	[100]	,	b	_
9.4	1134	[2]	ἀλλ	_	_
9.4	1135	[26]	’	b	_
9.4	1136	[1]	αὐτομάτως	_	_
9.4	1137	[3]	ὑγιέα	_	_
9.4	1138	[2]	γενέσθαι	_	_
9.4	1139	[12]	τὰ	_	_
9.4	1140	[2]	τοιαῦτα	_	_
9.4	1141	[42]	.	b	_
9.4	1142	[1]	ἀγνοοῦσι	_	_
9.4	1143	[15]	δὲ	_	_
9.4	1144	[1]	πολὺ	_	_
9.4	1145	[101]	,	b	_
9.4	1146	[35]	καὶ	_	_
9.4	1147	[1]	κερδαίνουσιν	_	_
9.4	1148	[102]	,	b	_
9.4	1149	[2]	ὅτι	_	_
9.4	1150	[2]	ἀγνοοῦσι	_	_
9.4	1151	[43]	.	b	_
9.4	1152	[1]	πείθουσι	_	_
9.4	1153	[11]	γὰρ	_	_
9.4	1154	[4]	τοὺς	_	_
9.4	1155	[1]	πέλας	_	_
9.4	1156	[103]	,	b	_
9.4	1157	[1]	ἐξαπατῶνται	_	_
9.4	1158	[16]	δὲ	_	_
9.4	1159	[5]	διὰ	_	_
9.4	1160	[1]	τόδε	_	_
9.4	1161	[3]	·	b	_
9.4	1162	[1]	οἴονται	_	_
9.4	1163	[19]	τὴν	_	_
9.4	1164	[1]	ἄκανθαν	_	_
9.4	1165	[20]	τὴν	_	_
9.4	1166	[1]	ἐξέχουσαν	_	_
9.4	1167	[14]	κατὰ	_	_
9.4	1168	[21]	τὴν	_	_
9.4	1169	[1]	ῥάχιν	_	_
9.4	1170	[4]	ταύτην	_	_
9.4	1171	[27]	τοῦ	_	_
9.4	1172	[2]	σπονδύλου	_	_
9.4	1173	[1]	αὐτὰς	_	_
9.4	1174	[1]	εἶναι	_	_
9.4	1175	[104]	,	b	_
9.4	1176	[3]	ὅτι	_	_
9.4	1177	[1]	στρογγύλον	_	_
9.4	1178	[2]	αὐτῶν	_	_
9.4	1179	[2]	ἕκαστον	_	_
9.4	1180	[9]	φαίνεται	_	_
9.4	1181	[1]	ψαυόμενον	_	_
9.4	1182	[105]	,	b	_
9.4	1183	[1]	ἀγνοοῦντες	_	_
9.4	1184	[106]	,	b	_
9.4	1185	[4]	ὅτι	_	_
9.4	1186	[13]	τὰ	_	_
9.4	1187	[1]	ὀστέα	_	_
9.4	1188	[1]	ταῦτά	_	_
9.4	1189	[6]	ἐστι	_	_
9.4	1190	[14]	τὰ	_	_
9.4	1191	[4]	ἀπὸ	_	_
9.4	1192	[25]	τῶν	_	_
9.4	1193	[3]	σπονδύλων	_	_
9.4	1194	[1]	πεφυκότα	_	_
9.4	1195	[107]	,	b	_
9.4	1196	[5]	περὶ	_	_
9.4	1197	[4]	ὧν	_	_
9.4	1198	[1]	ὀλίγῳ	_	_
9.4	1199	[1]	ἔμπροσθεν	_	_
9.4	1200	[2]	εἴρηται	_	_
9.4	1201	[44]	.	b	_
9.4	1202	[1]	οἷσι	_	_
9.4	1203	[17]	δὲ	_	_
9.4	1204	[2]	σπόνδυλοι	_	_
9.4	1205	[2]	πολλοὶ	_	_
9.4	1206	[1]	προσωτέρω	_	_
9.4	1207	[1]	ἄπεισι	_	_
9.4	1208	[108]	,	b	_
9.4	1209	[1]	στενοτάτην	_	_
9.4	1210	[12]	γὰρ	_	_
9.4	1211	[1]	πάντων	_	_
9.4	1212	[1]	ζώων	_	_
9.4	1213	[1]	ἄνθρωπος	_	_
9.4	1214	[2]	κοιλίην	_	_
9.4	1215	[3]	ἔχει	_	_
9.4	1216	[109]	,	b	_
9.4	1217	[5]	ὡς	_	_
9.4	1218	[6]	ἐπὶ	_	_
9.4	1219	[1]	μεγέθει	_	_
9.4	1220	[5]	ἀπὸ	_	_
9.4	1221	[28]	τοῦ	_	_
9.4	1222	[2]	ὄπισθεν	_	_
9.4	1223	[11]	εἰς	_	_
9.4	1224	[31]	τὸ	_	_
9.4	1225	[2]	ἔμπροσθεν	_	_
9.4	1226	[110]	,	b	_
9.4	1227	[5]	ὅτι	_	_
9.4	1228	[36]	καὶ	_	_
9.4	1229	[15]	κατὰ	_	_
9.4	1230	[32]	τὸ	_	_
9.4	1231	[1]	στῆθος	_	_
9.4	1232	[45]	.	b	_
9.4	1233	[2]	ὅταν	_	_
9.4	1234	[5]	οὖν	_	_
9.4	1235	[3]	τι	_	_
9.4	1236	[1]	τούτων	_	_
9.4	1237	[26]	τῶν	_	_
9.4	1238	[2]	ὀστέων	_	_
9.4	1239	[27]	τῶν	_	_
9.4	1240	[1]	ὑπερεχόντων	_	_
9.4	1241	[1]	ἰσχυρῶς	_	_
9.4	1242	[1]	καταγῇ	_	_
9.4	1243	[111]	,	b	_
9.4	1244	[1]	ἤν	_	_
9.4	1245	[9]	τε	_	_
9.4	1246	[2]	ἓν	_	_
9.4	1247	[112]	,	b	_
9.4	1248	[2]	ἤν	_	_
9.4	1249	[10]	τε	_	_
9.4	1250	[1]	πλείω	_	_
9.4	1251	[113]	,	b	_
9.4	1252	[1]	ταύτῃ	_	_
9.4	1253	[1]	ταπεινότερον	_	_
9.4	1254	[33]	τὸ	_	_
9.4	1255	[3]	χωρίον	_	_
9.4	1256	[1]	γίνεται	_	_
9.4	1257	[114]	,	b	_
9.4	1258	[7]	ἢ	_	_
9.4	1259	[34]	τὸ	_	_
9.4	1260	[1]	ἔνθεν	_	_
9.4	1261	[37]	καὶ	_	_
9.4	1262	[2]	ἔνθεν	_	_
9.4	1263	[46]	.	b	_
9.4	1264	[6]	διὰ	_	_
9.4	1265	[11]	τοῦτο	_	_
9.4	1266	[2]	ἐξαπατῶνται	_	_
9.4	1267	[1]	οἰόμενοι	_	_
9.4	1268	[115]	,	b	_
9.4	1269	[5]	τοὺς	_	_
9.4	1270	[2]	σπονδύλους	_	_
9.4	1271	[3]	εἴσω	_	_
9.4	1272	[1]	οἴχεσθαι	_	_
9.4	1273	[47]	.	b	_
9.4	1274	[6]	ὅτι	_	_
9.4	1275	[18]	δὲ	_	_
9.4	1276	[1]	μεγίστην	_	_
9.4	1277	[4]	ἔχει	_	_
9.4	1278	[1]	δύναμιν	_	_
9.4	1279	[9]	ἡ	_	_
9.4	1280	[28]	τῶν	_	_
9.4	1281	[1]	ὁμοίων	_	_
9.4	1282	[11]	τε	_	_
9.4	1283	[38]	καὶ	_	_
9.4	1284	[1]	ἀνομοίων	_	_
9.4	1285	[1]	διάγνωσις	_	_
9.4	1286	[116]	,	b	_
9.4	1287	[39]	καὶ	_	_
9.4	1288	[1]	πᾶς	_	_
9.4	1289	[1]	τεχνίτης	_	_
9.4	1290	[1]	δεῖται	_	_
9.4	1291	[2]	διακρίνειν	_	_
9.4	1292	[117]	,	b	_
9.4	1293	[10]	εἰ	_	_
9.4	1294	[3]	ὅμοια	_	_
9.4	1295	[8]	ἢ	_	_
9.4	1296	[2]	ἀνόμοια	_	_
9.4	1297	[15]	τὰ	_	_
9.4	1298	[1]	πράγματά	_	_
9.4	1299	[7]	ἐστι	_	_
9.4	1300	[118]	,	b	_
9.4	1301	[6]	περὶ	_	_
9.4	1302	[1]	ἃ	_	_
9.4	1303	[1]	διατρίβει	_	_
9.4	1304	[119]	,	b	_
9.4	1305	[1]	ἀθρεῖν	_	_
9.4	1306	[2]	ἔνεστι	_	_
9.4	1307	[1]	κᾀκ	_	_
9.4	1308	[1]	τοῦδε	_	_
9.4	1309	[29]	τοῦ	_	_
9.4	1310	[2]	παραδείγματος	_	_
9.4	1311	[48]	.	b	_
9.4	1312	[2]	ἐπειδὴ	_	_
9.4	1313	[13]	γὰρ	_	_
9.4	1314	[8]	ἐν	_	_
9.4	1315	[1]	γυμνασίᾳ	_	_
9.4	1316	[1]	κεῖται	_	_
9.4	1317	[35]	τὸ	_	_
9.4	1318	[1]	πλεῖστον	_	_
9.4	1319	[5]	τῆς	_	_
9.4	1320	[1]	προκειμένης	_	_
9.4	1321	[1]	γνώσεως	_	_
9.4	1322	[120]	,	b	_
9.4	1323	[4]	οὐκ	_	_
9.4	1324	[9]	ἐν	_	_
9.4	1325	[5]	τοῖς	_	_
9.4	1326	[2]	καθόλου	_	_
9.4	1327	[1]	παραδείγμασι	_	_
9.4	1328	[4]	χρὴ	_	_
9.4	1329	[1]	βλέπειν	_	_
9.4	1330	[121]	,	b	_
9.4	1331	[3]	ἀλλ	_	_
9.4	1332	[27]	’	b	_
9.4	1333	[10]	ἐν	_	_
9.4	1334	[1]	πολλοῖς	_	_
9.4	1335	[12]	τε	_	_
9.4	1336	[40]	καὶ	_	_
9.4	1337	[1]	ποικίλοις	_	_
9.4	1338	[1]	γυμνάζεσθαι	_	_
9.4	1339	[122]	,	b	_
9.4	1340	[41]	καὶ	_	_
9.4	1341	[2]	μάλιστα	_	_
9.4	1342	[3]	παρὰ	_	_
9.4	1343	[6]	τοῖς	_	_
9.4	1344	[1]	ἄριστα	_	_
9.4	1345	[1]	μεταχειρισαμένοις	_	_
9.4	1346	[22]	τὴν	_	_
9.4	1347	[7]	περὶ	_	_
9.4	1348	[4]	ταῦτα	_	_
9.4	1349	[2]	τέχνην	_	_
9.4	1350	[1]	Ἱπποκράτει	_	_
9.4	1351	[13]	τε	_	_
9.4	1352	[42]	καὶ	_	_
9.4	1353	[1]	Πλάτωνι	_	_
9.4	1354	[49]	.	b	_
9.5	1	[1]	Δείξαντος	_	_
9.5	2	[1]	οὖν	_	_
9.5	3	[1]	τοῦ	_	_
9.5	4	[1]	Πλάτωνος	_	_
9.5	5	[1]	ἐν	_	_
9.5	6	[1]	τῷ	_	_
9.5	7	[1]	πρώτῳ	_	_
9.5	8	[1]	τῆς	_	_
9.5	9	[1]	Πολιτείας	_	_
9.5	10	[1]	ἐπὶ	_	_
9.5	11	[1]	πλειόνων	_	_
9.5	12	[1]	παραδειγμάτων	_	_
9.5	13	[1]	,	b	_
9.5	14	[1]	ὧν	_	_
9.5	15	[1]	εἰσι	_	_
9.5	16	[1]	καὶ	_	_
9.5	17	[1]	κυβερνῆται	_	_
9.5	18	[2]	καὶ	_	_
9.5	19	[1]	ἰατροὶ	_	_
9.5	20	[2]	,	b	_
9.5	21	[1]	τοὺς	_	_
9.5	22	[1]	τεχνίτας	_	_
9.5	23	[2]	ὧν	_	_
9.5	24	[1]	ἄρχουσι	_	_
9.5	25	[3]	καὶ	_	_
9.5	26	[1]	διοικοῦσιν	_	_
9.5	27	[3]	,	b	_
9.5	28	[1]	ἐκείνοις	_	_
9.5	29	[1]	τὴν	_	_
9.5	30	[1]	ὠφέλειαν	_	_
9.5	31	[4]	,	b	_
9.5	32	[1]	οὐχ	_	_
9.5	33	[1]	ἑαυτοῖς	_	_
9.5	34	[5]	,	b	_
9.5	35	[1]	ἐκπορίζεσθαι	_	_
9.5	36	[6]	,	b	_
9.5	37	[1]	καταγελάσας	_	_
9.5	38	[1]	Θρασύμαχος	_	_
9.5	39	[1]	ποιμένων	_	_
9.5	40	[1]	τε	_	_
9.5	41	[4]	καὶ	_	_
9.5	42	[1]	βουκόλων	_	_
9.5	43	[1]	μνημονεύει	_	_
9.5	44	[7]	,	b	_
9.5	45	[1]	τὸ	_	_
9.5	46	[2]	ἑαυτοῖς	_	_
9.5	47	[1]	συμφέρον	_	_
9.5	48	[8]	,	b	_
9.5	49	[1]	οὐ	_	_
9.5	50	[2]	τὸ	_	_
9.5	51	[1]	τοῖς	_	_
9.5	52	[1]	προβάτοις	_	_
9.5	53	[2]	τε	_	_
9.5	54	[5]	καὶ	_	_
9.5	55	[1]	βουσὶν	_	_
9.5	56	[9]	,	b	_
9.5	57	[1]	ἐκποριζόντων	_	_
9.5	58	[1]	.	b	_
9.5	59	[1]	ἀλλὰ	_	_
9.5	60	[1]	Σωκράτης	_	_
9.5	61	[1]	ἐπιδείκνυσιν	_	_
9.5	62	[10]	,	b	_
9.5	63	[1]	αὐτῶν	_	_
9.5	64	[1]	σκοπὸν	_	_
9.5	65	[1]	εἶναι	_	_
9.5	66	[6]	καὶ	_	_
9.5	67	[1]	τέλος	_	_
9.5	68	[11]	,	b	_
9.5	69	[1]	ἕτερον	_	_
9.5	70	[1]	μὲν	_	_
9.5	71	[2]	τοῖς	_	_
9.5	72	[1]	παρὰ	_	_
9.5	73	[1]	τῇ	_	_
9.5	74	[1]	ποιμαντικῇ	_	_
9.5	75	[3]	τε	_	_
9.5	76	[7]	καὶ	_	_
9.5	77	[1]	βουκολικῇ	_	_
9.5	78	[1]	τέχνῃ	_	_
9.5	79	[12]	,	b	_
9.5	80	[1]	μηδὲν	_	_
9.5	81	[1]	ἄλλο	_	_
9.5	82	[1]	σκοπουμένοις	_	_
9.5	83	[2]	παρὰ	_	_
9.5	84	[2]	τὴν	_	_
9.5	85	[1]	τῶν	_	_
9.5	86	[1]	προβάτων	_	_
9.5	87	[4]	τε	_	_
9.5	88	[8]	καὶ	_	_
9.5	89	[1]	βοῶν	_	_
9.5	90	[2]	ὠφέλειαν	_	_
9.5	91	[13]	,	b	_
9.5	92	[2]	ἄλλο	_	_
9.5	93	[1]	δὲ	_	_
9.5	94	[3]	τοῖς	_	_
9.5	95	[1]	εἰς	_	_
9.5	96	[1]	πρᾶσιν	_	_
9.5	97	[1]	ἢ	_	_
9.5	98	[1]	θοίνην	_	_
9.5	99	[1]	παρασκευάζουσι	_	_
9.5	100	[1]	τὰ	_	_
9.5	101	[1]	ζῶα	_	_
9.5	102	[2]	.	b	_
9.5	103	[1]	πρόδηλον	_	_
9.5	104	[2]	οὖν	_	_
9.5	105	[14]	,	b	_
9.5	106	[1]	ὅτι	_	_
9.5	107	[9]	καὶ	_	_
9.5	108	[1]	ἰατρὸς	_	_
9.5	109	[15]	,	b	_
9.5	110	[1]	ᾗ	_	_
9.5	111	[2]	μὲν	_	_
9.5	112	[1]	ἰατρός	_	_
9.5	113	[1]	ἐστι	_	_
9.5	114	[16]	,	b	_
9.5	115	[1]	ταύτῃ	_	_
9.5	116	[1]	προνοεῖται	_	_
9.5	117	[2]	τῆς	_	_
9.5	118	[2]	τοῦ	_	_
9.5	119	[1]	σώματος	_	_
9.5	120	[1]	ὑγιείας	_	_
9.5	121	[17]	,	b	_
9.5	122	[2]	ᾗ	_	_
9.5	123	[2]	δὲ	_	_
9.5	124	[1]	δι	_	_
9.5	125	[1]	’	b	_
9.5	126	[3]	ἄλλο	_	_
9.5	127	[1]	τι	_	_
9.5	128	[1]	τοῦτο	_	_
9.5	129	[1]	πράττει	_	_
9.5	130	[18]	,	b	_
9.5	131	[1]	κατ	_	_
9.5	132	[2]	’	b	_
9.5	133	[1]	ἐκεῖνο	_	_
9.5	134	[10]	καὶ	_	_
9.5	135	[3]	τὴν	_	_
9.5	136	[1]	προσηγορίαν	_	_
9.5	137	[1]	ἕξει	_	_
9.5	138	[3]	.	b	_
9.5	139	[1]	τινὲς	_	_
9.5	140	[3]	μὲν	_	_
9.5	141	[1]	γὰρ	_	_
9.5	142	[1]	ἕνεκα	_	_
9.5	143	[1]	χρηματισμοῦ	_	_
9.5	144	[4]	τὴν	_	_
9.5	145	[1]	ἰατρικὴν	_	_
9.5	146	[1]	τέχνην	_	_
9.5	147	[1]	ἐργάζονται	_	_
9.5	148	[19]	,	b	_
9.5	149	[2]	τινὲς	_	_
9.5	150	[3]	δὲ	_	_
9.5	151	[1]	διὰ	_	_
9.5	152	[5]	τὴν	_	_
9.5	153	[1]	ἐκ	_	_
9.5	154	[2]	τῶν	_	_
9.5	155	[1]	νόμων	_	_
9.5	156	[1]	αὐτοῖς	_	_
9.5	157	[1]	διδομένην	_	_
9.5	158	[1]	ἀλειτουργησίαν	_	_
9.5	159	[20]	,	b	_
9.5	160	[1]	ἔνιοι	_	_
9.5	161	[4]	δὲ	_	_
9.5	162	[2]	διὰ	_	_
9.5	163	[1]	φιλανθρωπίαν	_	_
9.5	164	[21]	,	b	_
9.5	165	[1]	ὥσπερ	_	_
9.5	166	[1]	ἄλλοι	_	_
9.5	167	[3]	διὰ	_	_
9.5	168	[6]	τὴν	_	_
9.5	169	[2]	ἐπὶ	_	_
9.5	170	[2]	ταύτῃ	_	_
9.5	171	[1]	δόξαν	_	_
9.5	172	[2]	ἢ	_	_
9.5	173	[1]	τιμήν	_	_
9.5	174	[4]	.	b	_
9.5	175	[1]	ὀνομασθήσονται	_	_
9.5	176	[1]	τοιγαροῦν	_	_
9.5	177	[22]	,	b	_
9.5	178	[3]	ᾗ	_	_
9.5	179	[4]	μὲν	_	_
9.5	180	[2]	ὑγιείας	_	_
9.5	181	[1]	εἰσὶ	_	_
9.5	182	[1]	δημιουργοὶ	_	_
9.5	183	[23]	,	b	_
9.5	184	[1]	κοινῇ	_	_
9.5	185	[1]	πάντες	_	_
9.5	186	[2]	ἰατροὶ	_	_
9.5	187	[1]	ζέουσι	_	_
9.5	188	[1]	πρὸς	_	_
9.5	189	[1]	τὰς	_	_
9.5	190	[1]	πράξεις	_	_
9.5	191	[3]	ἐπὶ	_	_
9.5	192	[1]	διαφόροις	_	_
9.5	193	[1]	ποιοῦνται	_	_
9.5	194	[1]	σκοποῖς	_	_
9.5	195	[24]	,	b	_
9.5	196	[1]	ὁ	_	_
9.5	197	[1]	μέν	_	_
9.5	198	[1]	τις	_	_
9.5	199	[1]	φιλάνθρωπος	_	_
9.5	200	[25]	,	b	_
9.5	201	[2]	ὁ	_	_
9.5	202	[5]	δὲ	_	_
9.5	203	[1]	φιλότιμος	_	_
9.5	204	[26]	,	b	_
9.5	205	[3]	ὁ	_	_
9.5	206	[6]	δὲ	_	_
9.5	207	[1]	φιλόδοξος	_	_
9.5	208	[27]	,	b	_
9.5	209	[4]	ὁ	_	_
9.5	210	[7]	δὲ	_	_
9.5	211	[1]	χρηματιστής	_	_
9.5	212	[5]	.	b	_
9.5	213	[1]	οὔκουν	_	_
9.5	214	[4]	τοῖς	_	_
9.5	215	[1]	ἰατροῖς	_	_
9.5	216	[3]	τὸ	_	_
9.5	217	[2]	τέλος	_	_
9.5	218	[1]	ἐστὶν	_	_
9.5	219	[1]	ὡς	_	_
9.5	220	[2]	ἰατροῖς	_	_
9.5	221	[1]	ἔνδοξον	_	_
9.5	222	[3]	ἢ	_	_
9.5	223	[1]	πόριμον	_	_
9.5	224	[28]	,	b	_
9.5	225	[2]	ὡς	_	_
9.5	226	[1]	Μηνόδοτος	_	_
9.5	227	[1]	ἐμπειρικὸς	_	_
9.5	228	[1]	ἔγραψεν	_	_
9.5	229	[29]	,	b	_
9.5	230	[2]	ἀλλὰ	_	_
9.5	231	[1]	Μηνοδότῳ	_	_
9.5	232	[5]	μὲν	_	_
9.5	233	[2]	τοῦτο	_	_
9.5	234	[30]	,	b	_
9.5	235	[1]	Διοκλεῖ	_	_
9.5	236	[1]	δ	_	_
9.5	237	[3]	’	b	_
9.5	238	[2]	οὐ	_	_
9.5	239	[3]	τοῦτο	_	_
9.5	240	[31]	,	b	_
9.5	241	[1]	καθάπερ	_	_
9.5	242	[1]	οὐδὲ	_	_
9.5	243	[1]	Ἱπποκράτει	_	_
9.5	244	[11]	καὶ	_	_
9.5	245	[1]	Ἐμπεδοκλεῖ	_	_
9.5	246	[32]	,	b	_
9.5	247	[1]	οὐδ	_	_
9.5	248	[4]	’	b	_
9.5	249	[1]	ἄλλοις	_	_
9.5	250	[3]	τῶν	_	_
9.5	251	[1]	παλαιῶν	_	_
9.5	252	[1]	οὐκ	_	_
9.5	253	[1]	ὀλίγοις	_	_
9.5	254	[33]	,	b	_
9.5	255	[1]	ὅσοι	_	_
9.5	256	[4]	διὰ	_	_
9.5	257	[2]	φιλανθρωπίαν	_	_
9.5	258	[1]	ἐθεράπευον	_	_
9.5	259	[2]	τοὺς	_	_
9.5	260	[1]	ἀνθρώπους	_	_
9.5	261	[6]	.	b	_
9.5	262	[1]	γυμνασάμενος	_	_
9.5	263	[3]	οὖν	_	_
9.5	264	[2]	ἐν	_	_
9.5	265	[5]	τοῖς	_	_
9.5	266	[1]	τοιούτοις	_	_
9.5	267	[2]	τις	_	_
9.5	268	[1]	παραδείγμασι	_	_
9.5	269	[34]	,	b	_
9.5	270	[1]	(	a	_
9.5	271	[1]	πάμπολλα	_	_
9.5	272	[2]	δ	_	_
9.5	273	[5]	’	b	_
9.5	274	[1]	ἐστὶ	_	_
9.5	275	[1]	παρ	_	_
9.5	276	[6]	’	b	_
9.5	277	[2]	Ἱπποκράτει	_	_
9.5	278	[12]	καὶ	_	_
9.5	279	[1]	Πλάτωνι	_	_
9.5	280	[35]	,	b	_
9.5	281	[1]	)	b	_
9.5	282	[1]	ῥᾳδίως	_	_
9.5	283	[1]	κατόψεται	_	_
9.5	284	[1]	τά	_	_
9.5	285	[5]	τε	_	_
9.5	286	[1]	ἴδια	_	_
9.5	287	[1]	τέχνης	_	_
9.5	288	[1]	ἑκάστης	_	_
9.5	289	[13]	καὶ	_	_
9.5	290	[2]	τὰ	_	_
9.5	291	[1]	κοινά	_	_
9.5	292	[7]	.	b	_
9.5	293	[2]	πρὸς	_	_
9.5	294	[6]	μὲν	_	_
9.5	295	[2]	γὰρ	_	_
9.5	296	[1]	Θρασύμαχον	_	_
9.5	297	[3]	ἐν	_	_
9.5	298	[2]	τῷ	_	_
9.5	299	[2]	πρώτῳ	_	_
9.5	300	[3]	τῆς	_	_
9.5	301	[1]	πολιτείας	_	_
9.5	302	[2]	Σωκράτης	_	_
9.5	303	[1]	διαλεγόμενος	_	_
9.5	304	[1]	ἔδειξεν	_	_
9.5	305	[4]	ἐπὶ	_	_
9.5	306	[2]	ποιμένων	_	_
9.5	307	[6]	τε	_	_
9.5	308	[14]	καὶ	_	_
9.5	309	[2]	βουκόλων	_	_
9.5	310	[36]	,	b	_
9.5	311	[3]	ὡς	_	_
9.5	312	[1]	κοινωνοῦσι	_	_
9.5	313	[7]	μὲν	_	_
9.5	314	[37]	,	b	_
9.5	315	[1]	καθ	_	_
9.5	316	[7]	’	b	_
9.5	317	[1]	ὅσον	_	_
9.5	318	[2]	εἰσὶ	_	_
9.5	319	[1]	ποιμένες	_	_
9.5	320	[15]	καὶ	_	_
9.5	321	[1]	βουκόλοι	_	_
9.5	322	[38]	,	b	_
9.5	323	[1]	διαφέρονται	_	_
9.5	324	[8]	δὲ	_	_
9.5	325	[39]	,	b	_
9.5	326	[2]	καθ	_	_
9.5	327	[8]	’	b	_
9.5	328	[2]	ὅσον	_	_
9.5	329	[5]	ὁ	_	_
9.5	330	[8]	μὲν	_	_
9.5	331	[4]	ὡς	_	_
9.5	332	[1]	χρηματιστὴς	_	_
9.5	333	[40]	,	b	_
9.5	334	[6]	ὁ	_	_
9.5	335	[3]	δ	_	_
9.5	336	[9]	’	b	_
9.5	337	[41]	,	b	_
9.5	338	[5]	ὡς	_	_
9.5	339	[1]	ἵνα	_	_
9.5	340	[1]	κατεδέσηται	_	_
9.5	341	[42]	,	b	_
9.5	342	[1]	κατασκευάζουσιν	_	_
9.5	343	[1]	αὐτὰ	_	_
9.5	344	[1]	πίονα	_	_
9.5	345	[8]	.	b	_
9.5	346	[1]	κατὰ	_	_
9.5	347	[1]	μέντοι	_	_
9.5	348	[4]	τὸ	_	_
9.5	349	[1]	περὶ	_	_
9.5	350	[1]	ἀγμῶν	_	_
9.5	351	[5]	διὰ	_	_
9.5	352	[2]	πλειόνων	_	_
9.5	353	[2]	ἔδειξεν	_	_
9.5	354	[1]	ἡμᾶς	_	_
9.5	355	[1]	διακρίνειν	_	_
9.5	356	[2]	τά	_	_
9.5	357	[7]	τε	_	_
9.5	358	[1]	κοινὰ	_	_
9.5	359	[16]	καὶ	_	_
9.5	360	[3]	τὰ	_	_
9.5	361	[2]	ἴδια	_	_
9.5	362	[1]	·	b	_
9.5	363	[2]	κατὰ	_	_
9.5	364	[9]	δὲ	_	_
9.5	365	[2]	τὰς	_	_
9.5	366	[1]	τέχνας	_	_
9.5	367	[43]	,	b	_
9.5	368	[1]	τουτέστιν	_	_
9.5	369	[1]	εἰ	_	_
9.5	370	[1]	ὅμοιά	_	_
9.5	371	[1]	τ	_	_
9.5	372	[10]	’	b	_
9.5	373	[3]	εἰσὶ	_	_
9.5	374	[17]	καὶ	_	_
9.5	375	[1]	ἀνόμοια	_	_
9.5	376	[9]	.	b	_
9.5	377	[1]	ἓν	_	_
9.5	378	[1]	γάρ	_	_
9.5	379	[2]	ἐστι	_	_
9.5	380	[2]	τῇ	_	_
9.5	381	[1]	δυνάμει	_	_
9.5	382	[4]	τὰ	_	_
9.5	383	[1]	τρία	_	_
9.5	384	[1]	ταῦτα	_	_
9.5	385	[1]	σκέμματα	_	_
9.5	386	[44]	,	b	_
9.5	387	[1]	τό	_	_
9.5	388	[8]	τε	_	_
9.5	389	[2]	περὶ	_	_
9.5	390	[4]	τῶν	_	_
9.5	391	[1]	κοινῶν	_	_
9.5	392	[18]	καὶ	_	_
9.5	393	[1]	ἰδίων	_	_
9.5	394	[45]	,	b	_
9.5	395	[19]	καὶ	_	_
9.5	396	[5]	τὸ	_	_
9.5	397	[2]	διακρίνειν	_	_
9.5	398	[46]	,	b	_
9.5	399	[2]	εἰ	_	_
9.5	400	[1]	ὅμοια	_	_
9.5	401	[4]	ἢ	_	_
9.5	402	[2]	ἀνόμοια	_	_
9.5	403	[5]	τὰ	_	_
9.5	404	[1]	παραβαλλόμενα	_	_
9.5	405	[1]	πράγματά	_	_
9.5	406	[2]	εἰσι	_	_
9.5	407	[47]	,	b	_
9.5	408	[20]	καὶ	_	_
9.5	409	[1]	τρίτον	_	_
9.5	410	[5]	ἐπὶ	_	_
9.5	411	[1]	τούτοις	_	_
9.5	412	[48]	,	b	_
9.5	413	[1]	τί	_	_
9.5	414	[1]	ταὐτὸν	_	_
9.5	415	[4]	ἐν	_	_
9.5	416	[2]	αὐτοῖς	_	_
9.5	417	[3]	ἐστι	_	_
9.5	418	[49]	,	b	_
9.5	419	[21]	καὶ	_	_
9.5	420	[2]	τί	_	_
9.5	421	[2]	ἕτερον	_	_
9.5	422	[10]	.	b	_
9.5	423	[1]	εἰώθασι	_	_
9.5	424	[3]	γὰρ	_	_
9.5	425	[1]	οἱ	_	_
9.5	426	[1]	Ἕλληνες	_	_
9.5	427	[2]	ὅμοια	_	_
9.5	428	[1]	καλεῖν	_	_
9.5	429	[1]	ἐνίοτε	_	_
9.5	430	[6]	τὰ	_	_
9.5	431	[2]	ταὐτὸν	_	_
9.5	432	[1]	ἔχοντά	_	_
9.5	433	[2]	τι	_	_
9.5	434	[11]	.	b	_
9.5	435	[22]	καὶ	_	_
9.5	436	[3]	τά	_	_
9.5	437	[1]	γε	_	_
9.5	438	[1]	παραδείγματα	_	_
9.5	439	[3]	κατὰ	_	_
9.5	440	[3]	ταὐτὸν	_	_
9.5	441	[5]	ἐν	_	_
9.5	442	[6]	τοῖς	_	_
9.5	443	[1]	παραβαλλομένοις	_	_
9.5	444	[1]	ἐκέλευσεν	_	_
9.5	445	[2]	ἡμᾶς	_	_
9.5	446	[7]	ὁ	_	_
9.5	447	[1]	Πλάτων	_	_
9.5	448	[1]	ποιεῖσθαι	_	_
9.5	449	[12]	.	b	_
9.5	450	[1]	γειτνιᾷ	_	_
9.5	451	[1]	δέ	_	_
9.5	452	[1]	πως	_	_
9.5	453	[1]	τούτῳ	_	_
9.5	454	[3]	τῷ	_	_
9.5	455	[1]	σκέμματι	_	_
9.5	456	[23]	καὶ	_	_
9.5	457	[6]	τὸ	_	_
9.5	458	[4]	κατὰ	_	_
9.5	459	[7]	τὴν	_	_
9.5	460	[1]	διαιρετικὴν	_	_
9.5	461	[1]	ὀνομαζομένην	_	_
9.5	462	[1]	μέθοδον	_	_
9.5	463	[50]	,	b	_
9.5	464	[1]	ἧς	_	_
9.5	465	[8]	τὴν	_	_
9.5	466	[9]	μὲν	_	_
9.5	467	[1]	γυμνασίαν	_	_
9.5	468	[8]	ὁ	_	_
9.5	469	[2]	Πλάτων	_	_
9.5	470	[6]	ἐν	_	_
9.5	471	[1]	Σοφιστῇ	_	_
9.5	472	[24]	καὶ	_	_
9.5	473	[1]	Πολιτικῷ	_	_
9.5	474	[1]	πεποίηται	_	_
9.5	475	[51]	,	b	_
9.5	476	[9]	τὴν	_	_
9.5	477	[10]	δὲ	_	_
9.5	478	[1]	ἐξ	_	_
9.5	479	[1]	αὐτῆς	_	_
9.5	480	[1]	χρείαν	_	_
9.5	481	[1]	ἐπέδειξεν	_	_
9.5	482	[2]	οὐκ	_	_
9.5	483	[7]	ἐν	_	_
9.5	484	[2]	τούτοις	_	_
9.5	485	[1]	μόνον	_	_
9.5	486	[52]	,	b	_
9.5	487	[3]	ἀλλὰ	_	_
9.5	488	[1]	σαφέστατα	_	_
9.5	489	[10]	μὲν	_	_
9.5	490	[1]	ἅμα	_	_
9.5	491	[25]	καὶ	_	_
9.5	492	[1]	τελεώτατα	_	_
9.5	493	[1]	κατά	_	_
9.5	494	[9]	τε	_	_
9.5	495	[1]	Φίληβον	_	_
9.5	496	[26]	καὶ	_	_
9.5	497	[1]	Φαῖδρον	_	_
9.5	498	[53]	,	b	_
9.5	499	[3]	οὐ	_	_
9.5	500	[1]	μὴν	_	_
9.5	501	[27]	καὶ	_	_
9.5	502	[5]	κατὰ	_	_
9.5	503	[10]	τὴν	_	_
9.5	504	[1]	Πολιτείαν	_	_
9.5	505	[10]	τε	_	_
9.5	506	[28]	καὶ	_	_
9.5	507	[1]	ἄλλα	_	_
9.5	508	[1]	ἄττα	_	_
9.5	509	[5]	τῶν	_	_
9.5	510	[1]	συγγραμμάτων	_	_
9.5	511	[13]	.	b	_
9.5	512	[8]	ἐν	_	_
9.5	513	[11]	μὲν	_	_
9.5	514	[4]	οὖν	_	_
9.5	515	[4]	τῷ	_	_
9.5	516	[2]	Σοφιστῇ	_	_
9.5	517	[29]	καὶ	_	_
9.5	518	[2]	Πολιτικῷ	_	_
9.5	519	[1]	διδάσκει	_	_
9.5	520	[54]	,	b	_
9.5	521	[1]	πῶς	_	_
9.5	522	[1]	ἄν	_	_
9.5	523	[3]	τις	_	_
9.5	524	[1]	ἀντὶ	_	_
9.5	525	[4]	τῆς	_	_
9.5	526	[1]	προσηγορίας	_	_
9.5	527	[1]	ἑρμηνεύοι	_	_
9.5	528	[1]	λόγῳ	_	_
9.5	529	[1]	σαφεῖ	_	_
9.5	530	[11]	τε	_	_
9.5	531	[2]	ἅμα	_	_
9.5	532	[30]	καὶ	_	_
9.5	533	[1]	συντόμῳ	_	_
9.5	534	[7]	τὸ	_	_
9.5	535	[1]	σημαινόμενον	_	_
9.5	536	[2]	αὐτῆς	_	_
9.5	537	[55]	,	b	_
9.5	538	[1]	ὅντινα	_	_
9.5	539	[1]	λόγον	_	_
9.5	540	[1]	ὡρισμένον	_	_
9.5	541	[12]	τε	_	_
9.5	542	[31]	καὶ	_	_
9.5	543	[1]	ὅρον	_	_
9.5	544	[1]	ἐξαιρέτως	_	_
9.5	545	[1]	ἐκάλεσαν	_	_
9.5	546	[2]	οἱ	_	_
9.5	547	[1]	μετὰ	_	_
9.5	548	[1]	Πλάτωνα	_	_
9.5	549	[2]	·	b	_
9.5	550	[9]	ἐν	_	_
9.5	551	[11]	δὲ	_	_
9.5	552	[5]	τῷ	_	_
9.5	553	[1]	Φιλήβῳ	_	_
9.5	554	[32]	καὶ	_	_
9.5	555	[6]	τῷ	_	_
9.5	556	[1]	Φαίδρῳ	_	_
9.5	557	[1]	δείκνυσιν	_	_
9.5	558	[56]	,	b	_
9.5	559	[2]	εἰς	_	_
9.5	560	[1]	τεχνῶν	_	_
9.5	561	[1]	σύστασιν	_	_
9.5	562	[1]	ἀναγκαιοτάτην	_	_
9.5	563	[2]	εἶναι	_	_
9.5	564	[11]	τὴν	_	_
9.5	565	[2]	διαιρετικὴν	_	_
9.5	566	[33]	καὶ	_	_
9.5	567	[1]	συνθετικὴν	_	_
9.5	568	[1]	θεωρίαν	_	_
9.5	569	[57]	,	b	_
9.5	570	[1]	γεγυμνάσθαι	_	_
9.5	571	[13]	τε	_	_
9.5	572	[1]	κελεύει	_	_
9.5	573	[1]	διττῶς	_	_
9.5	574	[2]	κατ	_	_
9.5	575	[11]	’	b	_
9.5	576	[1]	αὐτὴν	_	_
9.5	577	[58]	,	b	_
9.5	578	[1]	ἀπὸ	_	_
9.5	579	[12]	μὲν	_	_
9.5	580	[3]	τοῦ	_	_
9.5	581	[1]	πρώτου	_	_
9.5	582	[34]	καὶ	_	_
9.5	583	[1]	γενικωτάτου	_	_
9.5	584	[1]	καταβαίνοντας	_	_
9.5	585	[6]	ἐπὶ	_	_
9.5	586	[7]	τὰ	_	_
9.5	587	[1]	μηκέτι	_	_
9.5	588	[1]	τομὴν	_	_
9.5	589	[1]	δεχόμενα	_	_
9.5	590	[6]	διὰ	_	_
9.5	591	[6]	τῶν	_	_
9.5	592	[10]	ἐν	_	_
9.5	593	[7]	τῷ	_	_
9.5	594	[1]	μεταξὺ	_	_
9.5	595	[1]	διαφορῶν	_	_
9.5	596	[59]	,	b	_
9.5	597	[2]	δι	_	_
9.5	598	[12]	’	b	_
9.5	599	[3]	ὧν	_	_
9.5	600	[35]	καὶ	_	_
9.5	601	[3]	τοὺς	_	_
9.5	602	[1]	ὁρισμοὺς	_	_
9.5	603	[7]	τῶν	_	_
9.5	604	[1]	εἰδῶν	_	_
9.5	605	[1]	ἐδεδείχει	_	_
9.5	606	[1]	συνισταμένους	_	_
9.5	607	[11]	ἐν	_	_
9.5	608	[3]	Σοφιστῇ	_	_
9.5	609	[36]	καὶ	_	_
9.5	610	[3]	Πολιτικῷ	_	_
9.5	611	[60]	,	b	_
9.5	612	[1]	ἔμπαλιν	_	_
9.5	613	[4]	δ	_	_
9.5	614	[13]	’	b	_
9.5	615	[2]	ἀπὸ	_	_
9.5	616	[8]	τῶν	_	_
9.5	617	[1]	εἰδικωτάτων	_	_
9.5	618	[1]	πολλῶν	_	_
9.5	619	[1]	ὄντων	_	_
9.5	620	[1]	ἀναβαίνοντας	_	_
9.5	621	[7]	ἐπὶ	_	_
9.5	622	[8]	τὸ	_	_
9.5	623	[1]	πρῶτον	_	_
9.5	624	[1]	γένος	_	_
9.5	625	[6]	κατὰ	_	_
9.5	626	[1]	σύνθεσιν	_	_
9.5	627	[3]	·	b	_
9.5	628	[1]	ὁδὸν	_	_
9.5	629	[13]	μὲν	_	_
9.5	630	[4]	γὰρ	_	_
9.5	631	[3]	εἶναι	_	_
9.5	632	[1]	μίαν	_	_
9.5	633	[1]	ἀμφοῖν	_	_
9.5	634	[61]	,	b	_
9.5	635	[1]	ὁδοιπορίαν	_	_
9.5	636	[12]	δὲ	_	_
9.5	637	[1]	διττὴν	_	_
9.5	638	[62]	,	b	_
9.5	639	[3]	ἀπὸ	_	_
9.5	640	[1]	θατέρου	_	_
9.5	641	[9]	τῶν	_	_
9.5	642	[1]	πρώτων	_	_
9.5	643	[8]	ἐπὶ	_	_
9.5	644	[1]	θάτερον	_	_
9.5	645	[1]	ἐναλλὰξ	_	_
9.5	646	[1]	ἰόντι	_	_
9.5	647	[14]	.	b	_
9.5	648	[1]	λέγει	_	_
9.5	649	[13]	δὲ	_	_
9.5	650	[3]	περὶ	_	_
9.5	651	[2]	αὐτῶν	_	_
9.5	652	[12]	ἐν	_	_
9.5	653	[14]	μὲν	_	_
9.5	654	[8]	τῷ	_	_
9.5	655	[2]	Φαίδρῳ	_	_
9.5	656	[7]	κατὰ	_	_
9.5	657	[1]	τήνδε	_	_
9.5	658	[12]	τὴν	_	_
9.5	659	[1]	λέξιν	_	_
9.5	660	[15]	.	b	_
9.5	661	[1]	ἐμοὶ	_	_
9.5	662	[14]	δὲ	_	_
9.5	663	[1]	φαίνεται	_	_
9.5	664	[8]	τὰ	_	_
9.5	665	[15]	μὲν	_	_
9.5	666	[2]	ἄλλα	_	_
9.5	667	[9]	τῷ	_	_
9.5	668	[1]	ὄντι	_	_
9.5	669	[1]	παιδιὰ	_	_
9.5	670	[1]	πεπαῖχθαι	_	_
9.5	671	[16]	.	b	_
9.5	672	[1]	τούτων	_	_
9.5	673	[2]	δέ	_	_
9.5	674	[1]	τινων	_	_
9.5	675	[2]	ἐκ	_	_
9.5	676	[1]	τύχης	_	_
9.5	677	[1]	ῥηθέντων	_	_
9.5	678	[1]	δυοῖν	_	_
9.5	679	[2]	εἰδῶν	_	_
9.5	680	[63]	,	b	_
9.5	681	[3]	εἰ	_	_
9.5	682	[2]	αὐτὴν	_	_
9.5	683	[13]	τὴν	_	_
9.5	684	[1]	δύναμιν	_	_
9.5	685	[2]	τέχνῃ	_	_
9.5	686	[1]	λαβεῖν	_	_
9.5	687	[1]	δύναιτό	_	_
9.5	688	[4]	τις	_	_
9.5	689	[64]	,	b	_
9.5	690	[3]	οὐκ	_	_
9.5	691	[1]	ἄχαρι	_	_
9.5	692	[17]	.	b	_
9.5	693	[1]	τίνων	_	_
9.5	694	[1]	δή	_	_
9.5	695	[1]	;	b	_
9.5	696	[3]	εἰς	_	_
9.5	697	[2]	μίαν	_	_
9.5	698	[14]	τε	_	_
9.5	699	[1]	ἰδέαν	_	_
9.5	700	[1]	συνορῶντα	_	_
9.5	701	[1]	ἄγειν	_	_
9.5	702	[9]	τὰ	_	_
9.5	703	[1]	πολλαχῇ	_	_
9.5	704	[1]	διεσπαρμένα	_	_
9.5	705	[65]	,	b	_
9.5	706	[1]	ἵν	_	_
9.5	707	[14]	’	b	_
9.5	708	[1]	ἕκαστον	_	_
9.5	709	[1]	ὁριζόμενος	_	_
9.5	710	[1]	δῆλον	_	_
9.5	711	[1]	ποιῇ	_	_
9.5	712	[66]	,	b	_
9.5	713	[4]	περὶ	_	_
9.5	714	[1]	οὗ	_	_
9.5	715	[1]	ἂν	_	_
9.5	716	[1]	ἀεὶ	_	_
9.5	717	[1]	διδάσκων	_	_
9.5	718	[1]	ἐθέλῃ	_	_
9.5	719	[67]	,	b	_
9.5	720	[2]	ὥσπερ	_	_
9.5	721	[10]	τὰ	_	_
9.5	722	[1]	νῦν	_	_
9.5	723	[1]	δὴ	_	_
9.5	724	[5]	περὶ	_	_
9.5	725	[1]	ἔρωτος	_	_
9.5	726	[1]	ὅ	_	_
9.5	727	[1]	ἐστιν	_	_
9.5	728	[1]	ὁρισθὲν	_	_
9.5	729	[68]	,	b	_
9.5	730	[1]	εἴτε	_	_
9.5	731	[1]	εὖ	_	_
9.5	732	[69]	,	b	_
9.5	733	[2]	εἴτε	_	_
9.5	734	[1]	κακῶς	_	_
9.5	735	[1]	ἐλέχθη	_	_
9.5	736	[18]	.	b	_
9.5	737	[9]	τὸ	_	_
9.5	738	[1]	γοῦν	_	_
9.5	739	[1]	σαφὲς	_	_
9.5	740	[37]	καὶ	_	_
9.5	741	[10]	τὸ	_	_
9.5	742	[1]	αὐτὸ	_	_
9.5	743	[1]	αὑτῷ	_	_
9.5	744	[1]	ὁμολογούμενον	_	_
9.5	745	[7]	διὰ	_	_
9.5	746	[2]	ταῦτα	_	_
9.5	747	[1]	ἔσχεν	_	_
9.5	748	[1]	εἰπεῖν	_	_
9.5	749	[9]	ὁ	_	_
9.5	750	[1]	λόγος	_	_
9.5	751	[19]	.	b	_
9.5	752	[11]	τὸ	_	_
9.5	753	[5]	δ	_	_
9.5	754	[15]	’	b	_
9.5	755	[3]	ἕτερον	_	_
9.5	756	[2]	δὴ	_	_
9.5	757	[1]	εἶδος	_	_
9.5	758	[3]	τί	_	_
9.5	759	[1]	λέγεις	_	_
9.5	760	[70]	,	b	_
9.5	761	[1]	ὦ	_	_
9.5	762	[1]	Σώκρατες	_	_
9.5	763	[2]	;	b	_
9.5	764	[12]	τὸ	_	_
9.5	765	[1]	πάλιν	_	_
9.5	766	[3]	κατ	_	_
9.5	767	[16]	’	b	_
9.5	768	[1]	εἴδη	_	_
9.5	769	[1]	δύνασθαι	_	_
9.5	770	[1]	διατέμνειν	_	_
9.5	771	[8]	κατὰ	_	_
9.5	772	[1]	ἄρθρα	_	_
9.5	773	[71]	,	b	_
9.5	774	[4]	ᾗ	_	_
9.5	775	[1]	πέφυκε	_	_
9.5	776	[72]	,	b	_
9.5	777	[38]	καὶ	_	_
9.5	778	[1]	μὴ	_	_
9.5	779	[1]	ἐπιχειρεῖν	_	_
9.5	780	[1]	καταγνύναι	_	_
9.5	781	[1]	μέρος	_	_
9.5	782	[2]	μηδὲν	_	_
9.5	783	[73]	,	b	_
9.5	784	[1]	κακοῦ	_	_
9.5	785	[1]	μαγείρου	_	_
9.5	786	[1]	τρόπῳ	_	_
9.5	787	[1]	χρώμενον	_	_
9.5	788	[20]	.	b	_
9.5	789	[3]	ταῦτα	_	_
9.5	790	[16]	μὲν	_	_
9.5	791	[5]	οὖν	_	_
9.5	792	[1]	καθόλου	_	_
9.5	793	[6]	περὶ	_	_
9.5	794	[5]	τῆς	_	_
9.5	795	[1]	διαιρετικῆς	_	_
9.5	796	[15]	τε	_	_
9.5	797	[39]	καὶ	_	_
9.5	798	[1]	συνθετικῆς	_	_
9.5	799	[1]	μεθόδου	_	_
9.5	800	[1]	λέλεκται	_	_
9.5	801	[10]	τῷ	_	_
9.5	802	[2]	Πλάτωνι	_	_
9.5	803	[21]	.	b	_
9.5	804	[1]	μεταβὰς	_	_
9.5	805	[6]	δ	_	_
9.5	806	[17]	’	b	_
9.5	807	[9]	ἐπὶ	_	_
9.5	808	[14]	τὴν	_	_
9.5	809	[1]	ῥητορικὴν	_	_
9.5	810	[2]	τέχνην	_	_
9.5	811	[74]	,	b	_
9.5	812	[2]	(	a	_
9.5	813	[1]	εἴη	_	_
9.5	814	[7]	δ	_	_
9.5	815	[18]	’	b	_
9.5	816	[2]	ἂν	_	_
9.5	817	[1]	ἡμῖν	_	_
9.5	818	[13]	ἐν	_	_
9.5	819	[3]	τι	_	_
9.5	820	[4]	τοῦτο	_	_
9.5	821	[1]	παράδειγμα	_	_
9.5	822	[6]	τῆς	_	_
9.5	823	[1]	ὅλης	_	_
9.5	824	[1]	πραγματείας	_	_
9.5	825	[75]	,	b	_
9.5	826	[2]	)	b	_
9.5	827	[1]	τάδε	_	_
9.5	828	[1]	γράφει	_	_
9.5	829	[22]	.	b	_
9.5	830	[1]	ἐπειδὴ	_	_
9.5	831	[1]	λόγου	_	_
9.5	832	[1]	δύναμις	_	_
9.5	833	[1]	τυγχάνει	_	_
9.5	834	[1]	ψυχαγωγία	_	_
9.5	835	[1]	οὖσα	_	_
9.5	836	[76]	,	b	_
9.5	837	[1]	τὸν	_	_
9.5	838	[1]	μέλλοντα	_	_
9.5	839	[1]	ῥητορικὸν	_	_
9.5	840	[1]	ἔσεσθαι	_	_
9.5	841	[1]	ἀνάγκη	_	_
9.5	842	[1]	εἰδέναι	_	_
9.5	843	[77]	,	b	_
9.5	844	[1]	ψυχὴ	_	_
9.5	845	[1]	ὅσα	_	_
9.5	846	[2]	εἴδη	_	_
9.5	847	[1]	ἔχει	_	_
9.5	848	[23]	.	b	_
9.5	849	[1]	ἔστιν	_	_
9.5	850	[6]	οὖν	_	_
9.5	851	[1]	τόσα	_	_
9.5	852	[40]	καὶ	_	_
9.5	853	[2]	τόσα	_	_
9.5	854	[78]	,	b	_
9.5	855	[41]	καὶ	_	_
9.5	856	[1]	τοῖα	_	_
9.5	857	[42]	καὶ	_	_
9.5	858	[2]	τοῖα	_	_
9.5	859	[79]	,	b	_
9.5	860	[1]	ὅθεν	_	_
9.5	861	[3]	οἱ	_	_
9.5	862	[17]	μὲν	_	_
9.5	863	[1]	τοιοίδε	_	_
9.5	864	[80]	,	b	_
9.5	865	[4]	οἱ	_	_
9.5	866	[15]	δὲ	_	_
9.5	867	[2]	τοιοίδε	_	_
9.5	868	[1]	γίγνονται	_	_
9.5	869	[24]	.	b	_
9.5	870	[2]	τούτων	_	_
9.5	871	[8]	δ	_	_
9.5	872	[19]	’	b	_
9.5	873	[1]	οὕτω	_	_
9.5	874	[1]	διῃρημένων	_	_
9.5	875	[1]	λόγων	_	_
9.5	876	[1]	αὖ	_	_
9.5	877	[3]	τόσα	_	_
9.5	878	[43]	καὶ	_	_
9.5	879	[4]	τόσα	_	_
9.5	880	[2]	ἐστὶν	_	_
9.5	881	[3]	εἴδη	_	_
9.5	882	[81]	,	b	_
9.5	883	[1]	τοιόνδε	_	_
9.5	884	[16]	δὲ	_	_
9.5	885	[2]	ἕκαστον	_	_
9.5	886	[25]	.	b	_
9.5	887	[5]	οἱ	_	_
9.5	888	[18]	μὲν	_	_
9.5	889	[7]	οὖν	_	_
9.5	890	[3]	τοιοίδε	_	_
9.5	891	[1]	ὑπὸ	_	_
9.5	892	[10]	τῶν	_	_
9.5	893	[1]	τοιῶνδε	_	_
9.5	894	[2]	λόγων	_	_
9.5	895	[8]	διὰ	_	_
9.5	896	[2]	τήνδε	_	_
9.5	897	[15]	τὴν	_	_
9.5	898	[1]	αἰτίαν	_	_
9.5	899	[4]	εἰς	_	_
9.5	900	[11]	τὰ	_	_
9.5	901	[1]	τοιάδε	_	_
9.5	902	[1]	εὐπειθεῖς	_	_
9.5	903	[82]	,	b	_
9.5	904	[6]	οἱ	_	_
9.5	905	[17]	δὲ	_	_
9.5	906	[4]	τοιοίδε	_	_
9.5	907	[9]	διὰ	_	_
9.5	908	[2]	τάδε	_	_
9.5	909	[1]	δυσπειθεῖς	_	_
9.5	910	[26]	.	b	_
9.5	911	[1]	δεῖ	_	_
9.5	912	[3]	δὴ	_	_
9.5	913	[4]	ταῦτα	_	_
9.5	914	[1]	ἱκανῶς	_	_
9.5	915	[1]	νοήσαντα	_	_
9.5	916	[83]	,	b	_
9.5	917	[2]	μετὰ	_	_
9.5	918	[5]	ταῦτα	_	_
9.5	919	[1]	θεώμενον	_	_
9.5	920	[2]	αὐτὰ	_	_
9.5	921	[14]	ἐν	_	_
9.5	922	[1]	ταῖς	_	_
9.5	923	[1]	πράξεσιν	_	_
9.5	924	[1]	ὄντα	_	_
9.5	925	[16]	τε	_	_
9.5	926	[44]	καὶ	_	_
9.5	927	[1]	πραττόμενα	_	_
9.5	928	[1]	ὀξέως	_	_
9.5	929	[2]	δύνασθαι	_	_
9.5	930	[1]	ἐπακολουθεῖν	_	_
9.5	931	[3]	τῇ	_	_
9.5	932	[1]	αἰσθήσει	_	_
9.5	933	[84]	,	b	_
9.5	934	[5]	ἢ	_	_
9.5	935	[3]	μηδὲν	_	_
9.5	936	[1]	εἶναί	_	_
9.5	937	[1]	πω	_	_
9.5	938	[1]	πλέον	_	_
9.5	939	[3]	αὐτῶν	_	_
9.5	940	[85]	,	b	_
9.5	941	[4]	ὧν	_	_
9.5	942	[1]	τότε	_	_
9.5	943	[1]	ἤκουε	_	_
9.5	944	[3]	λόγων	_	_
9.5	945	[1]	ξυνών	_	_
9.5	946	[27]	.	b	_
9.5	947	[1]	ὅταν	_	_
9.5	948	[9]	δ	_	_
9.5	949	[20]	’	b	_
9.5	950	[2]	εἰπεῖν	_	_
9.5	951	[17]	τε	_	_
9.5	952	[2]	ἱκανῶς	_	_
9.5	953	[1]	ἔχῃ	_	_
9.5	954	[86]	,	b	_
9.5	955	[1]	οἷος	_	_
9.5	956	[1]	ὑφ	_	_
9.5	957	[21]	’	b	_
9.5	958	[1]	οἵων	_	_
9.5	959	[1]	πείθεται	_	_
9.5	960	[87]	,	b	_
9.5	961	[1]	παραγιγνόμενόν	_	_
9.5	962	[18]	τε	_	_
9.5	963	[1]	δυνατὸς	_	_
9.5	964	[1]	ᾖ	_	_
9.5	965	[1]	διαισθανόμενος	_	_
9.5	966	[1]	ἑαυτῷ	_	_
9.5	967	[1]	ἐνδείκνυσθαι	_	_
9.5	968	[88]	,	b	_
9.5	969	[2]	ὅτι	_	_
9.5	970	[1]	οὕτως	_	_
9.5	971	[2]	ἐστὶ	_	_
9.5	972	[45]	καὶ	_	_
9.5	973	[1]	αὕτη	_	_
9.5	974	[1]	ἡ	_	_
9.5	975	[1]	φύσις	_	_
9.5	976	[89]	,	b	_
9.5	977	[7]	περὶ	_	_
9.5	978	[2]	ἧς	_	_
9.5	979	[2]	τότε	_	_
9.5	980	[1]	ἦσαν	_	_
9.5	981	[7]	οἱ	_	_
9.5	982	[1]	λόγοι	_	_
9.5	983	[90]	,	b	_
9.5	984	[2]	νῦν	_	_
9.5	985	[1]	ἔργῳ	_	_
9.5	986	[1]	παροῦσά	_	_
9.5	987	[1]	σοι	_	_
9.5	988	[91]	,	b	_
9.5	989	[5]	ᾗ	_	_
9.5	990	[1]	προσοιστέον	_	_
9.5	991	[1]	τούσδε	_	_
9.5	992	[1]	ᾧδε	_	_
9.5	993	[4]	τοὺς	_	_
9.5	994	[1]	λόγους	_	_
9.5	995	[10]	ἐπὶ	_	_
9.5	996	[16]	τὴν	_	_
9.5	997	[1]	τῶνδε	_	_
9.5	998	[1]	πειθώ	_	_
9.5	999	[28]	.	b	_
9.5	1000	[1]	πάντα	_	_
9.5	1001	[4]	δὴ	_	_
9.5	1002	[1]	ταῦτ	_	_
9.5	1003	[22]	’	b	_
9.5	1004	[1]	ἔχοντι	_	_
9.5	1005	[92]	,	b	_
9.5	1006	[1]	προσλαβόντι	_	_
9.5	1007	[1]	καιροὺς	_	_
9.5	1008	[4]	τοῦ	_	_
9.5	1009	[1]	πότε	_	_
9.5	1010	[1]	λεκτέον	_	_
9.5	1011	[46]	καὶ	_	_
9.5	1012	[1]	ἐπισχετέον	_	_
9.5	1013	[93]	,	b	_
9.5	1014	[1]	βραχυλογίας	_	_
9.5	1015	[19]	τε	_	_
9.5	1016	[2]	αὖ	_	_
9.5	1017	[47]	καὶ	_	_
9.5	1018	[1]	ἐλεινολογίας	_	_
9.5	1019	[48]	καὶ	_	_
9.5	1020	[1]	δεινώσεως	_	_
9.5	1021	[1]	ἑκάστων	_	_
9.5	1022	[20]	τε	_	_
9.5	1023	[2]	ὅσα	_	_
9.5	1024	[3]	ἂν	_	_
9.5	1025	[4]	εἴδη	_	_
9.5	1026	[4]	λόγων	_	_
9.5	1027	[1]	μάθῃ	_	_
9.5	1028	[94]	,	b	_
9.5	1029	[3]	τούτων	_	_
9.5	1030	[17]	τὴν	_	_
9.5	1031	[1]	εὐκαιρίαν	_	_
9.5	1032	[21]	τε	_	_
9.5	1033	[49]	καὶ	_	_
9.5	1034	[1]	ἀκαιρίαν	_	_
9.5	1035	[1]	διαγνόντι	_	_
9.5	1036	[95]	,	b	_
9.5	1037	[1]	καλῶς	_	_
9.5	1038	[22]	τε	_	_
9.5	1039	[50]	καὶ	_	_
9.5	1040	[1]	τελέως	_	_
9.5	1041	[3]	ἐστὶν	_	_
9.5	1042	[2]	ἡ	_	_
9.5	1043	[1]	τέχνη	_	_
9.5	1044	[1]	ἀπειργασμένη	_	_
9.5	1045	[96]	,	b	_
9.5	1046	[1]	πρότερον	_	_
9.5	1047	[10]	δ	_	_
9.5	1048	[23]	’	b	_
9.5	1049	[1]	οὔ	_	_
9.5	1050	[29]	.	b	_
9.5	1051	[1]	ἀλλ	_	_
9.5	1052	[24]	’	b	_
9.5	1053	[2]	ὅ	_	_
9.5	1054	[4]	τι	_	_
9.5	1055	[4]	ἂν	_	_
9.5	1056	[4]	αὐτῶν	_	_
9.5	1057	[5]	τις	_	_
9.5	1058	[1]	ἐλλίπῃ	_	_
9.5	1059	[1]	λέγων	_	_
9.5	1060	[97]	,	b	_
9.5	1061	[6]	ἢ	_	_
9.5	1062	[2]	διδάσκων	_	_
9.5	1063	[98]	,	b	_
9.5	1064	[7]	ἢ	_	_
9.5	1065	[1]	γράφων	_	_
9.5	1066	[99]	,	b	_
9.5	1067	[1]	φησὶ	_	_
9.5	1068	[18]	δὲ	_	_
9.5	1069	[3]	τέχνην	_	_
9.5	1070	[1]	λέγειν	_	_
9.5	1071	[100]	,	b	_
9.5	1072	[10]	ὁ	_	_
9.5	1073	[2]	μὴ	_	_
9.5	1074	[1]	πειθόμενος	_	_
9.5	1075	[1]	κρατεῖ	_	_
9.5	1076	[30]	.	b	_
9.5	1077	[6]	ταῦτα	_	_
9.5	1078	[8]	οὖν	_	_
9.5	1079	[1]	αὐτῷ	_	_
9.5	1080	[2]	λέλεκται	_	_
9.5	1081	[8]	περὶ	_	_
9.5	1082	[7]	τῆς	_	_
9.5	1083	[1]	ῥητορικῆς	_	_
9.5	1084	[101]	,	b	_
9.5	1085	[1]	ἐνταῦθα	_	_
9.5	1086	[1]	διδάσκοντι	_	_
9.5	1087	[102]	,	b	_
9.5	1088	[2]	πῶς	_	_
9.5	1089	[2]	ἄν	_	_
9.5	1090	[6]	τις	_	_
9.5	1091	[3]	αὐτὴν	_	_
9.5	1092	[1]	ἄριστα	_	_
9.5	1093	[1]	συστήσαιτο	_	_
9.5	1094	[1]	μεθόδῳ	_	_
9.5	1095	[1]	χρώμενος	_	_
9.5	1096	[103]	,	b	_
9.5	1097	[4]	οὐ	_	_
9.5	1098	[2]	καθάπερ	_	_
9.5	1099	[8]	οἱ	_	_
9.5	1100	[1]	πολλοὶ	_	_
9.5	1101	[3]	δι	_	_
9.5	1102	[25]	’	b	_
9.5	1103	[1]	ἐμπειρίας	_	_
9.5	1104	[23]	τε	_	_
9.5	1105	[51]	καὶ	_	_
9.5	1106	[1]	τριβῆς	_	_
9.5	1107	[31]	.	b	_
9.5	1108	[1]	ἔτι	_	_
9.5	1109	[24]	τε	_	_
9.5	1110	[3]	πρὸς	_	_
9.5	1111	[3]	τούτοις	_	_
9.5	1112	[1]	κατωτέρω	_	_
9.5	1113	[3]	μετὰ	_	_
9.5	1114	[13]	τὸ	_	_
9.5	1115	[1]	διελθεῖν	_	_
9.5	1116	[15]	ἐν	_	_
9.5	1117	[11]	τῷ	_	_
9.5	1118	[2]	μεταξὺ	_	_
9.5	1119	[1]	χρήσιμα	_	_
9.5	1120	[1]	πολλὰ	_	_
9.5	1121	[1]	συγκεφαλαιούμενος	_	_
9.5	1122	[3]	αὐτὰ	_	_
9.5	1123	[9]	κατὰ	_	_
9.5	1124	[2]	λέξιν	_	_
9.5	1125	[2]	οὕτως	_	_
9.5	1126	[1]	ἔφη	_	_
9.5	1127	[32]	.	b	_
9.5	1128	[1]	ὥστ	_	_
9.5	1129	[26]	’	b	_
9.5	1130	[104]	,	b	_
9.5	1131	[4]	εἰ	_	_
9.5	1132	[19]	μὲν	_	_
9.5	1133	[4]	ἄλλο	_	_
9.5	1134	[5]	τι	_	_
9.5	1135	[9]	περὶ	_	_
9.5	1136	[2]	τέχνης	_	_
9.5	1137	[5]	λόγων	_	_
9.5	1138	[1]	λέγοις	_	_
9.5	1139	[105]	,	b	_
9.5	1140	[1]	ἀκούοιμεν	_	_
9.5	1141	[5]	ἂν	_	_
9.5	1142	[106]	,	b	_
9.5	1143	[5]	εἰ	_	_
9.5	1144	[19]	δὲ	_	_
9.5	1145	[3]	μὴ	_	_
9.5	1146	[107]	,	b	_
9.5	1147	[1]	οἷς	_	_
9.5	1148	[3]	νῦν	_	_
9.5	1149	[5]	δὴ	_	_
9.5	1150	[1]	διήλθομεν	_	_
9.5	1151	[1]	πεισόμεθα	_	_
9.5	1152	[108]	,	b	_
9.5	1153	[6]	ὡς	_	_
9.5	1154	[109]	,	b	_
9.5	1155	[1]	ἐὰν	_	_
9.5	1156	[1]	μή	_	_
9.5	1157	[7]	τις	_	_
9.5	1158	[11]	τῶν	_	_
9.5	1159	[2]	τ	_	_
9.5	1160	[27]	’	b	_
9.5	1161	[1]	ἀκουσομένων	_	_
9.5	1162	[3]	τὰς	_	_
9.5	1163	[1]	φύσεις	_	_
9.5	1164	[1]	διαριθμήσηται	_	_
9.5	1165	[110]	,	b	_
9.5	1166	[52]	καὶ	_	_
9.5	1167	[4]	κατ	_	_
9.5	1168	[28]	’	b	_
9.5	1169	[5]	εἴδη	_	_
9.5	1170	[25]	τε	_	_
9.5	1171	[1]	διαιρῆται	_	_
9.5	1172	[12]	τὰ	_	_
9.5	1173	[2]	ὄντα	_	_
9.5	1174	[111]	,	b	_
9.5	1175	[53]	καὶ	_	_
9.5	1176	[1]	μιᾷ	_	_
9.5	1177	[1]	ἰδέᾳ	_	_
9.5	1178	[1]	ἀδύνατος	_	_
9.5	1179	[2]	ᾖ	_	_
9.5	1180	[3]	καθ	_	_
9.5	1181	[29]	’	b	_
9.5	1182	[2]	ἓν	_	_
9.5	1183	[3]	ἕκαστον	_	_
9.5	1184	[1]	περιλαμβάνειν	_	_
9.5	1185	[112]	,	b	_
9.5	1186	[1]	οὔπω	_	_
9.5	1187	[1]	ἔσται	_	_
9.5	1188	[1]	τεχνικὸς	_	_
9.5	1189	[6]	λόγων	_	_
9.5	1190	[1]	πέρι	_	_
9.5	1191	[113]	,	b	_
9.5	1192	[1]	καθόσον	_	_
9.5	1193	[1]	δυνατὸν	_	_
9.5	1194	[1]	ἀνθρώπῳ	_	_
9.5	1195	[33]	.	b	_
9.5	1196	[16]	ἐν	_	_
9.5	1197	[2]	τούτῳ	_	_
9.5	1198	[20]	μὲν	_	_
9.5	1199	[12]	τῷ	_	_
9.5	1200	[1]	βιβλίῳ	_	_
9.5	1201	[10]	διὰ	_	_
9.5	1202	[1]	συντόμων	_	_
9.5	1203	[1]	ἐδήλωσε	_	_
9.5	1204	[1]	περί	_	_
9.5	1205	[26]	τε	_	_
9.5	1206	[8]	τῆς	_	_
9.5	1207	[12]	τῶν	_	_
9.5	1208	[2]	τεχνῶν	_	_
9.5	1209	[1]	ἁπασῶν	_	_
9.5	1210	[2]	καθόλου	_	_
9.5	1211	[1]	συστάσεως	_	_
9.5	1212	[54]	καὶ	_	_
9.5	1213	[10]	περὶ	_	_
9.5	1214	[9]	τῆς	_	_
9.5	1215	[2]	ῥητορικῆς	_	_
9.5	1216	[114]	,	b	_
9.5	1217	[1]	ἀκριβέστατα	_	_
9.5	1218	[20]	δὲ	_	_
9.5	1219	[2]	τὸν	_	_
9.5	1220	[2]	λόγον	_	_
9.5	1221	[1]	ὅλον	_	_
9.5	1222	[17]	ἐν	_	_
9.5	1223	[13]	τῷ	_	_
9.5	1224	[2]	Φιλήβῳ	_	_
9.5	1225	[1]	διῆλθεν	_	_
9.5	1226	[34]	.	b	_
9.5	1227	[1]	ἐγὼ	_	_
9.5	1228	[21]	δὲ	_	_
9.5	1229	[4]	ἀπὸ	_	_
9.5	1230	[13]	τῶν	_	_
9.5	1231	[1]	ἐπικαιροτάτων	_	_
9.5	1232	[1]	ἄρξομαι	_	_
9.5	1233	[1]	παραγράψας	_	_
9.5	1234	[1]	αὐτοῦ	_	_
9.5	1235	[1]	πρώτην	_	_
9.5	1236	[3]	τήνδε	_	_
9.5	1237	[18]	τὴν	_	_
9.5	1238	[1]	ῥῆσιν	_	_
9.5	1239	[35]	.	b	_
9.5	1240	[1]	φωνὴ	_	_
9.5	1241	[21]	μὲν	_	_
9.5	1242	[2]	ἡμῖν	_	_
9.5	1243	[1]	ἐστί	_	_
9.5	1244	[1]	που	_	_
9.5	1245	[1]	μία	_	_
9.5	1246	[11]	διὰ	_	_
9.5	1247	[5]	τοῦ	_	_
9.5	1248	[1]	στόματος	_	_
9.5	1249	[1]	ἰοῦσα	_	_
9.5	1250	[115]	,	b	_
9.5	1251	[55]	καὶ	_	_
9.5	1252	[1]	ἄπειρος	_	_
9.5	1253	[3]	αὖ	_	_
9.5	1254	[1]	πλήθει	_	_
9.5	1255	[1]	πάντων	_	_
9.5	1256	[27]	τε	_	_
9.5	1257	[56]	καὶ	_	_
9.5	1258	[1]	ἑκάστου	_	_
9.5	1259	[36]	.	b	_
9.5	1260	[4]	τί	_	_
9.5	1261	[1]	μήν	_	_
9.5	1262	[3]	;	b	_
9.5	1263	[57]	καὶ	_	_
9.5	1264	[1]	οὐδὲν	_	_
9.5	1265	[1]	ἑτέρων	_	_
9.5	1266	[2]	γε	_	_
9.5	1267	[4]	τούτων	_	_
9.5	1268	[1]	ἐσμέν	_	_
9.5	1269	[2]	πως	_	_
9.5	1270	[1]	σοφοὶ	_	_
9.5	1271	[116]	,	b	_
9.5	1272	[1]	οὔτε	_	_
9.5	1273	[3]	ὅτι	_	_
9.5	1274	[14]	τὸ	_	_
9.5	1275	[1]	ἄπειρον	_	_
9.5	1276	[3]	αὐτῆς	_	_
9.5	1277	[1]	ἴσμεν	_	_
9.5	1278	[117]	,	b	_
9.5	1279	[1]	οὔθ	_	_
9.5	1280	[30]	’	b	_
9.5	1281	[4]	ὅτι	_	_
9.5	1282	[15]	τὸ	_	_
9.5	1283	[3]	ἓν	_	_
9.5	1284	[5]	ἄλλο	_	_
9.5	1285	[6]	τι	_	_
9.5	1286	[118]	,	b	_
9.5	1287	[1]	ὁπόσα	_	_
9.5	1288	[1]	τέ	_	_
9.5	1289	[4]	ἐστι	_	_
9.5	1290	[58]	καὶ	_	_
9.5	1291	[1]	ὁποῖα	_	_
9.5	1292	[119]	,	b	_
9.5	1293	[1]	τοῦτό	_	_
9.5	1294	[5]	ἐστι	_	_
9.5	1295	[16]	τὸ	_	_
9.5	1296	[1]	γραμματικὸν	_	_
9.5	1297	[4]	ἕκαστον	_	_
9.5	1298	[1]	ποιοῦν	_	_
9.5	1299	[1]	ἡμῶν	_	_
9.5	1300	[37]	.	b	_
9.5	1301	[1]	ἀληθέστατα	_	_
9.5	1302	[38]	.	b	_
9.5	1303	[59]	καὶ	_	_
9.5	1304	[2]	μὴν	_	_
9.5	1305	[60]	καὶ	_	_
9.5	1306	[17]	τὸ	_	_
9.5	1307	[1]	μουσικὸν	_	_
9.5	1308	[5]	οὐ	_	_
9.5	1309	[2]	τυγχάνει	_	_
9.5	1310	[2]	ποιοῦν	_	_
9.5	1311	[4]	;	b	_
9.5	1312	[1]	τουτέστι	_	_
9.5	1313	[1]	ταὐτόν	_	_
9.5	1314	[39]	.	b	_
9.5	1315	[3]	πῶς	_	_
9.5	1316	[5]	;	b	_
9.5	1317	[2]	φωνὴ	_	_
9.5	1318	[2]	μέν	_	_
9.5	1319	[2]	που	_	_
9.5	1320	[61]	καὶ	_	_
9.5	1321	[18]	τὸ	_	_
9.5	1322	[5]	κατ	_	_
9.5	1323	[31]	’	b	_
9.5	1324	[1]	ἐκείνην	_	_
9.5	1325	[19]	τὴν	_	_
9.5	1326	[4]	τέχνην	_	_
9.5	1327	[3]	ἐστὶ	_	_
9.5	1328	[2]	μία	_	_
9.5	1329	[18]	ἐν	_	_
9.5	1330	[1]	αὐτῇ	_	_
9.5	1331	[40]	.	b	_
9.5	1332	[4]	πῶς	_	_
9.5	1333	[11]	δ	_	_
9.5	1334	[32]	’	b	_
9.5	1335	[2]	οὔ	_	_
9.5	1336	[6]	;	b	_
9.5	1337	[1]	δύο	_	_
9.5	1338	[22]	δὲ	_	_
9.5	1339	[1]	θῶμεν	_	_
9.5	1340	[1]	βαρὺ	_	_
9.5	1341	[62]	καὶ	_	_
9.5	1342	[1]	ὀξὺ	_	_
9.5	1343	[120]	,	b	_
9.5	1344	[63]	καὶ	_	_
9.5	1345	[2]	τρίτον	_	_
9.5	1346	[1]	ὁμότονον	_	_
9.5	1347	[41]	.	b	_
9.5	1348	[8]	ἢ	_	_
9.5	1349	[5]	πῶς	_	_
9.5	1350	[7]	;	b	_
9.5	1351	[3]	οὕτως	_	_
9.5	1352	[42]	.	b	_
9.5	1353	[2]	ἀλλ	_	_
9.5	1354	[33]	’	b	_
9.5	1355	[2]	οὔπω	_	_
9.5	1356	[1]	σοφὸς	_	_
9.5	1357	[6]	ἂν	_	_
9.5	1358	[1]	εἴης	_	_
9.5	1359	[20]	τὴν	_	_
9.5	1360	[1]	μουσικὴν	_	_
9.5	1361	[1]	εἰδὼς	_	_
9.5	1362	[7]	ταῦτα	_	_
9.5	1363	[1]	μόνα	_	_
9.5	1364	[121]	,	b	_
9.5	1365	[4]	μὴ	_	_
9.5	1366	[2]	εἰδὼς	_	_
9.5	1367	[23]	δὲ	_	_
9.5	1368	[122]	,	b	_
9.5	1369	[7]	ὡς	_	_
9.5	1370	[1]	ἔπος	_	_
9.5	1371	[3]	εἰπεῖν	_	_
9.5	1372	[123]	,	b	_
9.5	1373	[5]	εἰς	_	_
9.5	1374	[8]	ταῦτα	_	_
9.5	1375	[124]	,	b	_
9.5	1376	[1]	οὐδενὸς	_	_
9.5	1377	[1]	ἄξιος	_	_
9.5	1378	[1]	ἔσῃ	_	_
9.5	1379	[43]	.	b	_
9.5	1380	[6]	οὐ	_	_
9.5	1381	[5]	γὰρ	_	_
9.5	1382	[9]	οὖν	_	_
9.5	1383	[44]	.	b	_
9.5	1384	[3]	ἀλλ	_	_
9.5	1385	[34]	’	b	_
9.5	1386	[125]	,	b	_
9.5	1387	[2]	ὦ	_	_
9.5	1388	[1]	φίλε	_	_
9.5	1389	[126]	,	b	_
9.5	1390	[1]	ἐπειδὰν	_	_
9.5	1391	[1]	λάβῃς	_	_
9.5	1392	[127]	,	b	_
9.5	1393	[2]	ὁπόσα	_	_
9.5	1394	[13]	τὰ	_	_
9.5	1395	[1]	διαστήματά	_	_
9.5	1396	[6]	ἐστι	_	_
9.5	1397	[3]	τὸν	_	_
9.5	1398	[1]	ἀριθμὸν	_	_
9.5	1399	[10]	τῆς	_	_
9.5	1400	[1]	φωνῆς	_	_
9.5	1401	[1]	ὀξύτητός	_	_
9.5	1402	[28]	τε	_	_
9.5	1403	[2]	πέρι	_	_
9.5	1404	[64]	καὶ	_	_
9.5	1405	[1]	βαρύτητος	_	_
9.5	1406	[128]	,	b	_
9.5	1407	[65]	καὶ	_	_
9.5	1408	[2]	ὁποῖα	_	_
9.5	1409	[129]	,	b	_
9.5	1410	[66]	καὶ	_	_
9.5	1411	[5]	τοὺς	_	_
9.5	1412	[1]	ὅρους	_	_
9.5	1413	[14]	τῶν	_	_
9.5	1414	[1]	διαστημάτων	_	_
9.5	1415	[130]	,	b	_
9.5	1416	[67]	καὶ	_	_
9.5	1417	[14]	τὰ	_	_
9.5	1418	[3]	ἐκ	_	_
9.5	1419	[5]	τούτων	_	_
9.5	1420	[3]	ὅσα	_	_
9.5	1421	[1]	συστήματα	_	_
9.5	1422	[1]	γέγονεν	_	_
9.5	1423	[131]	,	b	_
9.5	1424	[1]	ἃ	_	_
9.5	1425	[1]	κατιδόντες	_	_
9.5	1426	[9]	οἱ	_	_
9.5	1427	[1]	πρόσθεν	_	_
9.5	1428	[1]	παρέδοσαν	_	_
9.5	1429	[3]	ἡμῖν	_	_
9.5	1430	[7]	τοῖς	_	_
9.5	1431	[1]	ἑπομένοις	_	_
9.5	1432	[2]	ἐκείνοις	_	_
9.5	1433	[2]	καλεῖν	_	_
9.5	1434	[4]	αὐτὰ	_	_
9.5	1435	[1]	ἁρμονίας	_	_
9.5	1436	[45]	.	b	_
9.5	1437	[1]	ἔν	_	_
9.5	1438	[29]	τε	_	_
9.5	1439	[2]	ταῖς	_	_
9.5	1440	[1]	κινήσεσιν	_	_
9.5	1441	[4]	αὖ	_	_
9.5	1442	[6]	τοῦ	_	_
9.5	1443	[2]	σώματος	_	_
9.5	1444	[1]	ἕτερα	_	_
9.5	1445	[1]	τοιαῦτα	_	_
9.5	1446	[1]	ἐνόντα	_	_
9.5	1447	[1]	πάθη	_	_
9.5	1448	[1]	γιγνόμενα	_	_
9.5	1449	[132]	,	b	_
9.5	1450	[2]	ἃ	_	_
9.5	1451	[6]	δὴ	_	_
9.5	1452	[4]	δι	_	_
9.5	1453	[35]	’	b	_
9.5	1454	[1]	ἀριθμῶν	_	_
9.5	1455	[1]	μετρηθέντα	_	_
9.5	1456	[1]	δεῖν	_	_
9.5	1457	[1]	αὐτά	_	_
9.5	1458	[1]	φασι	_	_
9.5	1459	[1]	ῥυθμοὺς	_	_
9.5	1460	[68]	καὶ	_	_
9.5	1461	[1]	μέτρα	_	_
9.5	1462	[1]	ἐπονομάζειν	_	_
9.5	1463	[133]	,	b	_
9.5	1464	[69]	καὶ	_	_
9.5	1465	[3]	ἅμα	_	_
9.5	1466	[1]	ἐννοεῖν	_	_
9.5	1467	[134]	,	b	_
9.5	1468	[8]	ὡς	_	_
9.5	1469	[2]	οὕτω	_	_
9.5	1470	[2]	δεῖ	_	_
9.5	1471	[11]	περὶ	_	_
9.5	1472	[1]	παντὸς	_	_
9.5	1473	[1]	ἑνὸς	_	_
9.5	1474	[70]	καὶ	_	_
9.5	1475	[2]	πολλῶν	_	_
9.5	1476	[1]	σκοπεῖν	_	_
9.5	1477	[46]	.	b	_
9.5	1478	[2]	ὅταν	_	_
9.5	1479	[6]	γὰρ	_	_
9.5	1480	[1]	ταῦτά	_	_
9.5	1481	[30]	τε	_	_
9.5	1482	[2]	λάβῃς	_	_
9.5	1483	[135]	,	b	_
9.5	1484	[3]	οὕτω	_	_
9.5	1485	[3]	τότε	_	_
9.5	1486	[1]	ἐγένου	_	_
9.5	1487	[1]	σοφός	_	_
9.5	1488	[4]	·	b	_
9.5	1489	[3]	ὅταν	_	_
9.5	1490	[12]	δ	_	_
9.5	1491	[36]	’	b	_
9.5	1492	[6]	ἄλλο	_	_
9.5	1493	[15]	τῶν	_	_
9.5	1494	[2]	ὄντων	_	_
9.5	1495	[1]	ὁτιοῦν	_	_
9.5	1496	[3]	ταύτῃ	_	_
9.5	1497	[1]	σκοπούμενος	_	_
9.5	1498	[1]	ἕλῃς	_	_
9.5	1499	[136]	,	b	_
9.5	1500	[4]	οὕτως	_	_
9.5	1501	[1]	ἔμφρων	_	_
9.5	1502	[12]	περὶ	_	_
9.5	1503	[1]	τούτου	_	_
9.5	1504	[1]	γέγονας	_	_
9.5	1505	[47]	.	b	_
9.5	1506	[19]	τὸ	_	_
9.5	1507	[13]	δ	_	_
9.5	1508	[37]	’	b	_
9.5	1509	[1]	ἄπειρόν	_	_
9.5	1510	[1]	σε	_	_
9.5	1511	[2]	ἑκάστων	_	_
9.5	1512	[71]	καὶ	_	_
9.5	1513	[19]	ἐν	_	_
9.5	1514	[1]	ἑκάστοις	_	_
9.5	1515	[1]	πλῆθος	_	_
9.5	1516	[2]	ἄπειρον	_	_
9.5	1517	[1]	ἑκάστοτε	_	_
9.5	1518	[1]	ποιεῖ	_	_
9.5	1519	[7]	τοῦ	_	_
9.5	1520	[1]	φρονεῖν	_	_
9.5	1521	[137]	,	b	_
9.5	1522	[72]	καὶ	_	_
9.5	1523	[4]	οὐκ	_	_
9.5	1524	[1]	ἐλλόγιμον	_	_
9.5	1525	[138]	,	b	_
9.5	1526	[2]	οὐδ	_	_
9.5	1527	[38]	’	b	_
9.5	1528	[1]	ἐνάριθμον	_	_
9.5	1529	[139]	,	b	_
9.5	1530	[1]	ἅτ	_	_
9.5	1531	[39]	’	b	_
9.5	1532	[5]	οὐκ	_	_
9.5	1533	[6]	εἰς	_	_
9.5	1534	[2]	ἀριθμὸν	_	_
9.5	1535	[1]	οὐδένα	_	_
9.5	1536	[20]	ἐν	_	_
9.5	1537	[1]	οὐδενὶ	_	_
9.5	1538	[1]	πώποτε	_	_
9.5	1539	[1]	ἀπιδόντα	_	_
9.5	1540	[48]	.	b	_
9.5	1541	[1]	κάλλιστα	_	_
9.5	1542	[140]	,	b	_
9.5	1543	[3]	ὦ	_	_
9.5	1544	[1]	Φίληβε	_	_
9.5	1545	[141]	,	b	_
9.5	1546	[1]	ἔμοιγε	_	_
9.5	1547	[15]	τὰ	_	_
9.5	1548	[4]	νῦν	_	_
9.5	1549	[1]	λεγόμενα	_	_
9.5	1550	[1]	εἰρηκέναι	_	_
9.5	1551	[2]	φαίνεται	_	_
9.5	1552	[3]	Σωκράτης	_	_
9.5	1553	[49]	.	b	_
9.5	1554	[73]	καὶ	_	_
9.5	1555	[2]	ἐμοὶ	_	_
9.5	1556	[2]	ταῦτά	_	_
9.5	1557	[3]	γε	_	_
9.5	1558	[2]	αὐτά	_	_
9.5	1559	[50]	.	b	_
9.5	1560	[4]	ἀλλὰ	_	_
9.5	1561	[5]	τί	_	_
9.5	1562	[2]	δή	_	_
9.5	1563	[1]	ποτε	_	_
9.5	1564	[4]	πρὸς	_	_
9.5	1565	[3]	ἡμᾶς	_	_
9.5	1566	[1]	οὗτος	_	_
9.5	1567	[11]	ὁ	_	_
9.5	1568	[2]	λόγος	_	_
9.5	1569	[1]	εἴρηται	_	_
9.5	1570	[5]	νῦν	_	_
9.5	1571	[142]	,	b	_
9.5	1572	[74]	καὶ	_	_
9.5	1573	[6]	τί	_	_
9.5	1574	[2]	ποτε	_	_
9.5	1575	[1]	βουλόμενος	_	_
9.5	1576	[8]	;	b	_
9.5	1577	[1]	ὀρθῶς	_	_
9.5	1578	[2]	μέντοι	_	_
9.5	1579	[1]	τοῦθ	_	_
9.5	1580	[40]	’	b	_
9.5	1581	[4]	ἡμᾶς	_	_
9.5	1582	[143]	,	b	_
9.5	1583	[4]	ὦ	_	_
9.5	1584	[1]	Πρώταρχε	_	_
9.5	1585	[144]	,	b	_
9.5	1586	[1]	ἠρώτησε	_	_
9.5	1587	[1]	Φίληβος	_	_
9.5	1588	[51]	.	b	_
9.5	1589	[1]	πάνυ	_	_
9.5	1590	[22]	μὲν	_	_
9.5	1591	[10]	οὖν	_	_
9.5	1592	[145]	,	b	_
9.5	1593	[75]	καὶ	_	_
9.5	1594	[1]	ἀποκρίνου	_	_
9.5	1595	[4]	γε	_	_
9.5	1596	[2]	αὐτῷ	_	_
9.5	1597	[52]	.	b	_
9.5	1598	[1]	δράσω	_	_
9.5	1599	[9]	ταῦτα	_	_
9.5	1600	[146]	,	b	_
9.5	1601	[1]	διελθὼν	_	_
9.5	1602	[1]	σμικρὸν	_	_
9.5	1603	[2]	ἔτι	_	_
9.5	1604	[13]	περὶ	_	_
9.5	1605	[5]	αὐτῶν	_	_
9.5	1606	[6]	τούτων	_	_
9.5	1607	[53]	.	b	_
9.5	1608	[3]	ὥσπερ	_	_
9.5	1609	[7]	γὰρ	_	_
9.5	1610	[4]	ἓν	_	_
9.5	1611	[2]	ὁτιοῦν	_	_
9.5	1612	[1]	εἴ	_	_
9.5	1613	[1]	τίς	_	_
9.5	1614	[3]	ποτε	_	_
9.5	1615	[1]	λάβοι	_	_
9.5	1616	[7]	τούτων	_	_
9.5	1617	[147]	,	b	_
9.5	1618	[1]	ὥς	_	_
9.5	1619	[1]	φαμεν	_	_
9.5	1620	[148]	,	b	_
9.5	1621	[6]	οὐκ	_	_
9.5	1622	[1]	ἐπ	_	_
9.5	1623	[41]	’	b	_
9.5	1624	[1]	ἀπείρου	_	_
9.5	1625	[1]	φύσιν	_	_
9.5	1626	[2]	ἀεὶ	_	_
9.5	1627	[7]	δὴ	_	_
9.5	1628	[1]	βλέπειν	_	_
9.5	1629	[1]	εὐθὺς	_	_
9.5	1630	[149]	,	b	_
9.5	1631	[4]	ἀλλ	_	_
9.5	1632	[42]	’	b	_
9.5	1633	[1]	ἐπί	_	_
9.5	1634	[1]	τινα	_	_
9.5	1635	[3]	ἀριθμὸν	_	_
9.5	1636	[150]	,	b	_
9.5	1637	[4]	οὕτω	_	_
9.5	1638	[76]	καὶ	_	_
9.5	1639	[20]	τὸ	_	_
9.5	1640	[1]	ἐναντίον	_	_
9.5	1641	[151]	,	b	_
9.5	1642	[4]	ὅταν	_	_
9.5	1643	[8]	τις	_	_
9.5	1644	[21]	τὸ	_	_
9.5	1645	[3]	ἄπειρον	_	_
9.5	1646	[1]	ἀναγκασθῇ	_	_
9.5	1647	[2]	πρῶτον	_	_
9.5	1648	[1]	λαμβάνειν	_	_
9.5	1649	[152]	,	b	_
9.5	1650	[5]	μὴ	_	_
9.5	1651	[11]	ἐπὶ	_	_
9.5	1652	[22]	τὸ	_	_
9.5	1653	[5]	ἓν	_	_
9.5	1654	[5]	τοῦτο	_	_
9.5	1655	[2]	εὐθὺς	_	_
9.5	1656	[153]	,	b	_
9.5	1657	[5]	ἀλλ	_	_
9.5	1658	[43]	’	b	_
9.5	1659	[2]	ἐπ	_	_
9.5	1660	[44]	’	b	_
9.5	1661	[4]	ἀριθμὸν	_	_
9.5	1662	[5]	αὖ	_	_
9.5	1663	[2]	τινα	_	_
9.5	1664	[2]	πλῆθος	_	_
9.5	1665	[5]	ἕκαστον	_	_
9.5	1666	[2]	ἔχοντά	_	_
9.5	1667	[7]	τι	_	_
9.5	1668	[1]	κατανοεῖν	_	_
9.5	1669	[154]	,	b	_
9.5	1670	[1]	τελευτᾷν	_	_
9.5	1671	[3]	τ	_	_
9.5	1672	[45]	’	b	_
9.5	1673	[4]	ἐκ	_	_
9.5	1674	[2]	πάντων	_	_
9.5	1675	[7]	εἰς	_	_
9.5	1676	[1]	ἕν	_	_
9.5	1677	[54]	.	b	_
9.5	1678	[2]	πάλιν	_	_
9.5	1679	[24]	δὲ	_	_
9.5	1680	[21]	ἐν	_	_
9.5	1681	[8]	τοῖς	_	_
9.5	1682	[1]	γράμμασι	_	_
9.5	1683	[23]	τὸ	_	_
9.5	1684	[6]	νῦν	_	_
9.5	1685	[1]	λεγόμενον	_	_
9.5	1686	[1]	λάβωμεν	_	_
9.5	1687	[55]	.	b	_
9.5	1688	[6]	πῶς	_	_
9.5	1689	[9]	;	b	_
9.5	1690	[2]	ἐπειδὴ	_	_
9.5	1691	[1]	φωνὴν	_	_
9.5	1692	[4]	ἄπειρον	_	_
9.5	1693	[1]	κατενόησεν	_	_
9.5	1694	[155]	,	b	_
9.5	1695	[3]	εἴτε	_	_
9.5	1696	[9]	τις	_	_
9.5	1697	[1]	θεὸς	_	_
9.5	1698	[156]	,	b	_
9.5	1699	[4]	εἴτε	_	_
9.5	1700	[77]	καὶ	_	_
9.5	1701	[1]	θεῖος	_	_
9.5	1702	[1]	ἄνθρωπος	_	_
9.5	1703	[157]	,	b	_
9.5	1704	[9]	ὡς	_	_
9.5	1705	[3]	λόγος	_	_
9.5	1706	[22]	ἐν	_	_
9.5	1707	[1]	Αἰγύπτῳ	_	_
9.5	1708	[1]	Θεῦθ	_	_
9.5	1709	[3]	τινα	_	_
9.5	1710	[8]	τούτων	_	_
9.5	1711	[1]	γενέσθαι	_	_
9.5	1712	[2]	λέγων	_	_
9.5	1713	[158]	,	b	_
9.5	1714	[1]	ὃς	_	_
9.5	1715	[1]	πρῶτος	_	_
9.5	1716	[16]	τὰ	_	_
9.5	1717	[1]	φωνήεντα	_	_
9.5	1718	[23]	ἐν	_	_
9.5	1719	[14]	τῷ	_	_
9.5	1720	[1]	ἀπείρῳ	_	_
9.5	1721	[2]	κατενόησεν	_	_
9.5	1722	[2]	οὐχ	_	_
9.5	1723	[6]	ἓν	_	_
9.5	1724	[3]	ὄντα	_	_
9.5	1725	[159]	,	b	_
9.5	1726	[5]	ἀλλὰ	_	_
9.5	1727	[1]	πλείω	_	_
9.5	1728	[160]	,	b	_
9.5	1729	[78]	καὶ	_	_
9.5	1730	[3]	πάλιν	_	_
9.5	1731	[2]	ἕτερα	_	_
9.5	1732	[2]	φωνῆς	_	_
9.5	1733	[23]	μὲν	_	_
9.5	1734	[161]	,	b	_
9.5	1735	[7]	οὐ	_	_
9.5	1736	[1]	φθόγγου	_	_
9.5	1737	[25]	δὲ	_	_
9.5	1738	[1]	μετέχοντά	_	_
9.5	1739	[1]	τινος	_	_
9.5	1740	[162]	,	b	_
9.5	1741	[5]	ἀριθμὸν	_	_
9.5	1742	[3]	δέ	_	_
9.5	1743	[4]	τινα	_	_
9.5	1744	[79]	καὶ	_	_
9.5	1745	[9]	τούτων	_	_
9.5	1746	[4]	εἶναι	_	_
9.5	1747	[56]	.	b	_
9.5	1748	[3]	τρίτον	_	_
9.5	1749	[26]	δὲ	_	_
9.5	1750	[2]	εἶδος	_	_
9.5	1751	[1]	γραμμάτων	_	_
9.5	1752	[1]	διεστήσατο	_	_
9.5	1753	[17]	τὰ	_	_
9.5	1754	[7]	νῦν	_	_
9.5	1755	[2]	λεγόμενα	_	_
9.5	1756	[1]	ἄφωνα	_	_
9.5	1757	[4]	ἡμῖν	_	_
9.5	1758	[57]	.	b	_
9.5	1759	[24]	τὸ	_	_
9.5	1760	[4]	μετὰ	_	_
9.5	1761	[6]	τοῦτο	_	_
9.5	1762	[1]	διῄρει	_	_
9.5	1763	[4]	τά	_	_
9.5	1764	[31]	τε	_	_
9.5	1765	[2]	ἄφωνα	_	_
9.5	1766	[80]	καὶ	_	_
9.5	1767	[1]	ἄφθογγα	_	_
9.5	1768	[1]	μέχρις	_	_
9.5	1769	[2]	ἑνὸς	_	_
9.5	1770	[2]	ἑκάστου	_	_
9.5	1771	[163]	,	b	_
9.5	1772	[81]	καὶ	_	_
9.5	1773	[18]	τὰ	_	_
9.5	1774	[2]	φωνήεντα	_	_
9.5	1775	[164]	,	b	_
9.5	1776	[82]	καὶ	_	_
9.5	1777	[19]	τὰ	_	_
9.5	1778	[1]	μέσα	_	_
9.5	1779	[10]	κατὰ	_	_
9.5	1780	[4]	τὸν	_	_
9.5	1781	[1]	αὐτὸν	_	_
9.5	1782	[1]	τρόπον	_	_
9.5	1783	[165]	,	b	_
9.5	1784	[1]	ἕως	_	_
9.5	1785	[6]	ἀριθμὸν	_	_
9.5	1786	[6]	αὐτῶν	_	_
9.5	1787	[1]	λαβὼν	_	_
9.5	1788	[1]	ἑνί	_	_
9.5	1789	[32]	τε	_	_
9.5	1790	[1]	ἑκάστῳ	_	_
9.5	1791	[83]	καὶ	_	_
9.5	1792	[1]	σύμπασι	_	_
9.5	1793	[1]	στοιχεῖον	_	_
9.5	1794	[1]	ἐπωνόμασε	_	_
9.5	1795	[58]	.	b	_
9.5	1796	[1]	καθορῶν	_	_
9.5	1797	[14]	δ	_	_
9.5	1798	[46]	’	b	_
9.5	1799	[166]	,	b	_
9.5	1800	[10]	ὡς	_	_
9.5	1801	[1]	οὐδεὶς	_	_
9.5	1802	[2]	ἡμῶν	_	_
9.5	1803	[3]	οὐδ	_	_
9.5	1804	[47]	’	b	_
9.5	1805	[7]	ἂν	_	_
9.5	1806	[7]	ἓν	_	_
9.5	1807	[2]	αὐτὸ	_	_
9.5	1808	[4]	καθ	_	_
9.5	1809	[48]	’	b	_
9.5	1810	[1]	ἑαυτὸ	_	_
9.5	1811	[1]	ἄνευ	_	_
9.5	1812	[3]	πάντων	_	_
9.5	1813	[7]	αὐτῶν	_	_
9.5	1814	[1]	μάθοι	_	_
9.5	1815	[167]	,	b	_
9.5	1816	[1]	τοῦτον	_	_
9.5	1817	[5]	τὸν	_	_
9.5	1818	[1]	δεσμὸν	_	_
9.5	1819	[6]	αὖ	_	_
9.5	1820	[1]	λογισάμενος	_	_
9.5	1821	[168]	,	b	_
9.5	1822	[11]	ὡς	_	_
9.5	1823	[4]	ὄντα	_	_
9.5	1824	[1]	ἕνα	_	_
9.5	1825	[169]	,	b	_
9.5	1826	[84]	καὶ	_	_
9.5	1827	[10]	ταῦτα	_	_
9.5	1828	[2]	πάντα	_	_
9.5	1829	[2]	ἕν	_	_
9.5	1830	[3]	πως	_	_
9.5	1831	[1]	ποιοῦντα	_	_
9.5	1832	[170]	,	b	_
9.5	1833	[3]	μίαν	_	_
9.5	1834	[3]	ἐπ	_	_
9.5	1835	[49]	’	b	_
9.5	1836	[3]	αὐτοῖς	_	_
9.5	1837	[12]	ὡς	_	_
9.5	1838	[1]	οὖσαν	_	_
9.5	1839	[1]	γραμματικὴν	_	_
9.5	1840	[5]	τέχνην	_	_
9.5	1841	[1]	ἐπεφθέγξατο	_	_
9.5	1842	[1]	προσειπών	_	_
9.5	1843	[59]	.	b	_
9.5	1844	[11]	ταῦτα	_	_
9.5	1845	[24]	μὲν	_	_
9.5	1846	[12]	ὁ	_	_
9.5	1847	[3]	Πλάτων	_	_
9.5	1848	[2]	ἔγραψεν	_	_
9.5	1849	[24]	ἐν	_	_
9.5	1850	[3]	Φιλήβῳ	_	_
9.5	1851	[14]	περὶ	_	_
9.5	1852	[2]	συστάσεως	_	_
9.5	1853	[3]	τεχνῶν	_	_
9.5	1854	[171]	,	b	_
9.5	1855	[11]	τῆς	_	_
9.5	1856	[11]	κατὰ	_	_
9.5	1857	[2]	μέθοδον	_	_
9.5	1858	[1]	δηλονότι	_	_
9.5	1859	[21]	τὴν	_	_
9.5	1860	[1]	λογικὴν	_	_
9.5	1861	[172]	,	b	_
9.5	1862	[8]	οὐ	_	_
9.5	1863	[12]	τῆς	_	_
9.5	1864	[5]	ἐκ	_	_
9.5	1865	[13]	τῆς	_	_
9.5	1866	[1]	πολυχρονίου	_	_
9.5	1867	[1]	τηρήσεως	_	_
9.5	1868	[173]	,	b	_
9.5	1869	[6]	ἐκ	_	_
9.5	1870	[14]	τῆς	_	_
9.5	1871	[16]	τῶν	_	_
9.5	1872	[12]	κατὰ	_	_
9.5	1873	[2]	μέρος	_	_
9.5	1874	[1]	ἀθροιζομένης	_	_
9.5	1875	[2]	ἐμπειρίας	_	_
9.5	1876	[60]	.	b	_
9.5	1877	[5]	ὅτι	_	_
9.5	1878	[15]	δ	_	_
9.5	1879	[50]	’	b	_
9.5	1880	[7]	οὐκ	_	_
9.5	1881	[2]	ἄνευ	_	_
9.5	1882	[8]	τοῦ	_	_
9.5	1883	[2]	γεγυμνάσθαι	_	_
9.5	1884	[15]	περὶ	_	_
9.5	1885	[1]	διαίρεσίν	_	_
9.5	1886	[33]	τε	_	_
9.5	1887	[85]	καὶ	_	_
9.5	1888	[2]	σύνθεσιν	_	_
9.5	1889	[1]	οἷόν	_	_
9.5	1890	[34]	τε	_	_
9.5	1891	[2]	γενέσθαι	_	_
9.5	1892	[22]	τὴν	_	_
9.5	1893	[2]	λογικὴν	_	_
9.5	1894	[2]	σύστασιν	_	_
9.5	1895	[17]	τῶν	_	_
9.5	1896	[4]	τεχνῶν	_	_
9.5	1897	[174]	,	b	_
9.5	1898	[1]	εὔδηλόν	_	_
9.5	1899	[2]	ἐστιν	_	_
9.5	1900	[2]	ἐξ	_	_
9.5	1901	[5]	ὧν	_	_
9.5	1902	[1]	ἄχρι	_	_
9.5	1903	[9]	τοῦ	_	_
9.5	1904	[1]	δεῦρο	_	_
9.5	1905	[1]	λέλεκταί	_	_
9.5	1906	[1]	μοι	_	_
9.5	1907	[61]	.	b	_
9.5	1908	[86]	καὶ	_	_
9.5	1909	[3]	μέντοι	_	_
9.5	1910	[87]	καὶ	_	_
9.5	1911	[5]	καθ	_	_
9.5	1912	[51]	’	b	_
9.5	1913	[2]	ὅλον	_	_
9.5	1914	[25]	τὸ	_	_
9.5	1915	[1]	βιβλίον	_	_
9.5	1916	[6]	τὸν	_	_
9.5	1917	[2]	Φίληβον	_	_
9.5	1918	[25]	ἐν	_	_
9.5	1919	[9]	τοῖς	_	_
9.5	1920	[1]	ἑξῆς	_	_
9.5	1921	[2]	ἔργῳ	_	_
9.5	1922	[1]	δείκνυσι	_	_
9.5	1923	[23]	τὴν	_	_
9.5	1924	[3]	μέθοδον	_	_
9.5	1925	[12]	ἐπὶ	_	_
9.5	1926	[15]	τῆς	_	_
9.5	1927	[1]	ἡδονῆς	_	_
9.5	1928	[175]	,	b	_
9.5	1929	[1]	ἁπάσας	_	_
9.5	1930	[4]	αὐτῆς	_	_
9.5	1931	[4]	τὰς	_	_
9.5	1932	[1]	διαφορὰς	_	_
9.5	1933	[1]	διελθών	_	_
9.5	1934	[62]	.	b	_
9.6	1	[1]	Οὕτω	_	_
9.6	2	[1]	δὲ	_	_
9.6	3	[1]	καὶ	_	_
9.6	4	[1]	ὁ	_	_
9.6	5	[1]	Ἱπποκράτης	_	_
9.6	6	[1]	ἔφθασεν	_	_
9.6	7	[1]	ἐν	_	_
9.6	8	[1]	τῷ	_	_
9.6	9	[1]	περὶ	_	_
9.6	10	[1]	διαίτης	_	_
9.6	11	[1]	ὀξέων	_	_
9.6	12	[1]	,	b	_
9.6	13	[1]	μεμψάμενος	_	_
9.6	14	[1]	τοὺς	_	_
9.6	15	[1]	Κνιδίους	_	_
9.6	16	[1]	ἰατροὺς	_	_
9.6	17	[2]	,	b	_
9.6	18	[1]	ὡς	_	_
9.6	19	[1]	ἀγνοοῦντας	_	_
9.6	20	[1]	τὰς	_	_
9.6	21	[1]	κατ	_	_
9.6	22	[1]	’	b	_
9.6	23	[1]	εἴδη	_	_
9.6	24	[2]	καὶ	_	_
9.6	25	[1]	γένη	_	_
9.6	26	[1]	διαφορὰς	_	_
9.6	27	[1]	τῶν	_	_
9.6	28	[1]	νοσημάτων	_	_
9.6	29	[3]	,	b	_
9.6	30	[1]	αὐτὸς	_	_
9.6	31	[2]	δὲ	_	_
9.6	32	[1]	δείκνυσι	_	_
9.6	33	[2]	τοὺς	_	_
9.6	34	[1]	διορισμοὺς	_	_
9.6	35	[4]	,	b	_
9.6	36	[1]	καθ	_	_
9.6	37	[2]	’	b	_
9.6	38	[1]	οὓς	_	_
9.6	39	[1]	τὸ	_	_
9.6	40	[1]	δοκοῦν	_	_
9.6	41	[1]	ἓν	_	_
9.6	42	[1]	εἶναι	_	_
9.6	43	[1]	πολλὰ	_	_
9.6	44	[1]	γίγνεται	_	_
9.6	45	[1]	τεμνόμενον	_	_
9.6	46	[5]	,	b	_
9.6	47	[1]	οὐκ	_	_
9.6	48	[1]	ἐπὶ	_	_
9.6	49	[2]	νοσημάτων	_	_
9.6	50	[1]	μόνον	_	_
9.6	51	[6]	,	b	_
9.6	52	[1]	ἀλλὰ	_	_
9.6	53	[3]	καὶ	_	_
9.6	54	[2]	τῶν	_	_
9.6	55	[1]	ἄλλων	_	_
9.6	56	[1]	ἁπάντων	_	_
9.6	57	[7]	,	b	_
9.6	58	[2]	ἐν	_	_
9.6	59	[1]	ᾧ	_	_
9.6	60	[3]	τοὺς	_	_
9.6	61	[1]	πλείστους	_	_
9.6	62	[3]	τῶν	_	_
9.6	63	[1]	ἐνδοξοτάτων	_	_
9.6	64	[1]	ἰατρῶν	_	_
9.6	65	[1]	εὑρεῖν	_	_
9.6	66	[1]	ἔστιν	_	_
9.6	67	[1]	ἐσφαλμένους	_	_
9.6	68	[1]	ἄχρι	_	_
9.6	69	[4]	καὶ	_	_
9.6	70	[4]	τῶν	_	_
9.6	71	[1]	βοηθημάτων	_	_
9.6	72	[1]	.	b	_
9.6	73	[1]	ἔνιοι	_	_
9.6	74	[1]	μὲν	_	_
9.6	75	[1]	γὰρ	_	_
9.6	76	[2]	ἐπὶ	_	_
9.6	77	[2]	τὰς	_	_
9.6	78	[1]	κατὰ	_	_
9.6	79	[1]	μέρος	_	_
9.6	80	[1]	αὐτῶν	_	_
9.6	81	[1]	ἐλθόντες	_	_
9.6	82	[1]	χρείας	_	_
9.6	83	[1]	ἀμέθοδον	_	_
9.6	84	[1]	εἰργάσαντο	_	_
9.6	85	[1]	τὴν	_	_
9.6	86	[1]	διδασκαλίαν	_	_
9.6	87	[8]	,	b	_
9.6	88	[2]	ἔνιοι	_	_
9.6	89	[3]	δὲ	_	_
9.6	90	[2]	τὸ	_	_
9.6	91	[1]	κοινότατον	_	_
9.6	92	[1]	εἰπόντες	_	_
9.6	93	[2]	ἄχρι	_	_
9.6	94	[2]	μὲν	_	_
9.6	95	[1]	τῆς	_	_
9.6	96	[1]	προχείρου	_	_
9.6	97	[1]	φαντασίας	_	_
9.6	98	[1]	μεθοδικώτατον	_	_
9.6	99	[1]	ἐποιήσαντο	_	_
9.6	100	[1]	τὸν	_	_
9.6	101	[1]	λόγον	_	_
9.6	102	[9]	,	b	_
9.6	103	[1]	τῇ	_	_
9.6	104	[1]	ἀληθείᾳ	_	_
9.6	105	[4]	δὲ	_	_
9.6	106	[1]	μοχθηρότατον	_	_
9.6	107	[10]	,	b	_
9.6	108	[1]	ἐντεῦθεν	_	_
9.6	109	[5]	δὲ	_	_
9.6	110	[1]	διεφώνησαν	_	_
9.6	111	[1]	ἀλλήλοις	_	_
9.6	112	[11]	,	b	_
9.6	113	[3]	ἔνιοι	_	_
9.6	114	[3]	μὲν	_	_
9.6	115	[12]	,	b	_
9.6	116	[2]	ὡς	_	_
9.6	117	[1]	οἱ	_	_
9.6	118	[2]	κατὰ	_	_
9.6	119	[1]	βοήθημα	_	_
9.6	120	[1]	τοῦδέ	_	_
9.6	121	[1]	τινος	_	_
9.6	122	[1]	τοῦ	_	_
9.6	123	[1]	πάθους	_	_
9.6	124	[13]	,	b	_
9.6	125	[1]	οἷον	_	_
9.6	126	[14]	,	b	_
9.6	127	[1]	εἰ	_	_
9.6	128	[1]	τύχῃ	_	_
9.6	129	[15]	,	b	_
9.6	130	[1]	πλευρίτιδος	_	_
9.6	131	[16]	,	b	_
9.6	132	[1]	ἀποφῃνάμενοι	_	_
9.6	133	[2]	τὴν	_	_
9.6	134	[1]	φλεβοτομίαν	_	_
9.6	135	[17]	,	b	_
9.6	136	[4]	ἔνιοι	_	_
9.6	137	[6]	δὲ	_	_
9.6	138	[3]	τὴν	_	_
9.6	139	[1]	κάθαρσιν	_	_
9.6	140	[18]	,	b	_
9.6	141	[1]	ὥσπερ	_	_
9.6	142	[1]	γε	_	_
9.6	143	[5]	καὶ	_	_
9.6	144	[1]	πυρίαν	_	_
9.6	145	[2]	οἱ	_	_
9.6	146	[4]	μὲν	_	_
9.6	147	[1]	διὰ	_	_
9.6	148	[1]	σπόγγων	_	_
9.6	149	[19]	,	b	_
9.6	150	[3]	οἱ	_	_
9.6	151	[7]	δὲ	_	_
9.6	152	[2]	διὰ	_	_
9.6	153	[5]	τῶν	_	_
9.6	154	[1]	καλουμένων	_	_
9.6	155	[1]	ὑπὸ	_	_
9.6	156	[6]	τῶν	_	_
9.6	157	[2]	ἰατρῶν	_	_
9.6	158	[1]	μαρσίπων	_	_
9.6	159	[20]	,	b	_
9.6	160	[1]	ἤ	_	_
9.6	161	[2]	τινος	_	_
9.6	162	[1]	ἑτέρου	_	_
9.6	163	[2]	.	b	_
9.6	164	[3]	κατὰ	_	_
9.6	165	[1]	ταὐτὰ	_	_
9.6	166	[8]	δὲ	_	_
9.6	167	[6]	καὶ	_	_
9.6	168	[2]	περὶ	_	_
9.6	169	[1]	λουτρῶν	_	_
9.6	170	[7]	καὶ	_	_
9.6	171	[3]	περὶ	_	_
9.6	172	[1]	ἀλουτίας	_	_
9.6	173	[1]	διηνέχθησαν	_	_
9.6	174	[21]	,	b	_
9.6	175	[1]	ὀξυμέλιτός	_	_
9.6	176	[1]	τε	_	_
9.6	177	[8]	καὶ	_	_
9.6	178	[1]	μελικράτου	_	_
9.6	179	[22]	,	b	_
9.6	180	[9]	καὶ	_	_
9.6	181	[1]	ὕδατος	_	_
9.6	182	[23]	,	b	_
9.6	183	[10]	καὶ	_	_
9.6	184	[1]	οἴνου	_	_
9.6	185	[24]	,	b	_
9.6	186	[11]	καὶ	_	_
9.6	187	[1]	πτισάνης	_	_
9.6	188	[25]	,	b	_
9.6	189	[1]	ἤτοι	_	_
9.6	190	[2]	τοῦ	_	_
9.6	191	[1]	διηθημένου	_	_
9.6	192	[1]	χυλοῦ	_	_
9.6	193	[1]	μόνου	_	_
9.6	194	[1]	διδόντες	_	_
9.6	195	[26]	,	b	_
9.6	196	[1]	ἢ	_	_
9.6	197	[2]	τῆς	_	_
9.6	198	[1]	κριθώδους	_	_
9.6	199	[1]	μόνης	_	_
9.6	200	[27]	,	b	_
9.6	201	[4]	οἱ	_	_
9.6	202	[9]	δὲ	_	_
9.6	203	[12]	καὶ	_	_
9.6	204	[1]	σιτίων	_	_
9.6	205	[28]	,	b	_
9.6	206	[1]	ἄλλως	_	_
9.6	207	[1]	ἄλλου	_	_
9.6	208	[1]	διορισαμένου	_	_
9.6	209	[29]	,	b	_
9.6	210	[1]	τάς	_	_
9.6	211	[2]	τε	_	_
9.6	212	[2]	διαφορὰς	_	_
9.6	213	[7]	τῶν	_	_
9.6	214	[1]	καμνόντων	_	_
9.6	215	[30]	,	b	_
9.6	216	[13]	καὶ	_	_
9.6	217	[8]	τῶν	_	_
9.6	218	[1]	εἰρημένων	_	_
9.6	219	[1]	ἔδειξε	_	_
9.6	220	[1]	χρῇζον	_	_
9.6	221	[3]	τὸ	_	_
9.6	222	[3]	τῆς	_	_
9.6	223	[2]	πλευρίτιδος	_	_
9.6	224	[1]	πάθος	_	_
9.6	225	[3]	.	b	_
9.6	226	[1]	ὅπως	_	_
9.6	227	[5]	μὲν	_	_
9.6	228	[1]	οὖν	_	_
9.6	229	[2]	αὐτὸς	_	_
9.6	230	[1]	διῆλθεν	_	_
9.6	231	[1]	ἀτακτότερον	_	_
9.6	232	[1]	πρῶτος	_	_
9.6	233	[1]	εὑρίσκων	_	_
9.6	234	[31]	,	b	_
9.6	235	[3]	ἐν	_	_
9.6	236	[1]	τοῖς	_	_
9.6	237	[1]	ὑπομνήμασιν	_	_
9.6	238	[1]	ἐξήγημαι	_	_
9.6	239	[3]	τοῦ	_	_
9.6	240	[4]	περὶ	_	_
9.6	241	[2]	διαίτης	_	_
9.6	242	[2]	ὀξέων	_	_
9.6	243	[32]	,	b	_
9.6	244	[1]	ὅ	_	_
9.6	245	[1]	τινες	_	_
9.6	246	[6]	μὲν	_	_
9.6	247	[1]	ἐπιγράφουσι	_	_
9.6	248	[1]	πρὸς	_	_
9.6	249	[3]	τὰς	_	_
9.6	250	[1]	Κνιδίας	_	_
9.6	251	[1]	γνώμας	_	_
9.6	252	[33]	,	b	_
9.6	253	[5]	ἔνιοι	_	_
9.6	254	[10]	δὲ	_	_
9.6	255	[5]	περὶ	_	_
9.6	256	[2]	πτισάνης	_	_
9.6	257	[34]	,	b	_
9.6	258	[1]	ἑκάτεροι	_	_
9.6	259	[1]	μοχθηρῶς	_	_
9.6	260	[4]	.	b	_
9.6	261	[1]	ἐγὼ	_	_
9.6	262	[1]	δ	_	_
9.6	263	[3]	’	b	_
9.6	264	[35]	,	b	_
9.6	265	[1]	ἵνα	_	_
9.6	266	[14]	καὶ	_	_
9.6	267	[1]	τούτου	_	_
9.6	268	[4]	τοῦ	_	_
9.6	269	[1]	λόγου	_	_
9.6	270	[1]	ἔχωσι	_	_
9.6	271	[3]	διὰ	_	_
9.6	272	[1]	συντόμων	_	_
9.6	273	[1]	σαφῆ	_	_
9.6	274	[4]	τὴν	_	_
9.6	275	[2]	διδασκαλίαν	_	_
9.6	276	[5]	οἱ	_	_
9.6	277	[1]	φιλομαθεῖς	_	_
9.6	278	[36]	,	b	_
9.6	279	[2]	οὐκ	_	_
9.6	280	[1]	ὀκνήσω	_	_
9.6	281	[1]	δηλῶσαι	_	_
9.6	282	[1]	τὰ	_	_
9.6	283	[1]	κεφά	_	_
9.6	284	[1]	λαια	_	_
9.6	285	[5]	.	b	_
9.6	286	[9]	τῶν	_	_
9.6	287	[1]	γάρ	_	_
9.6	288	[1]	τοι	_	_
9.6	289	[1]	πλευριτικῶν	_	_
9.6	290	[1]	ἄρτι	_	_
9.6	291	[7]	μὲν	_	_
9.6	292	[1]	ἀρχομένων	_	_
9.6	293	[1]	ὀδυνᾶσθαι	_	_
9.6	294	[5]	τὴν	_	_
9.6	295	[1]	πλευρὰν	_	_
9.6	296	[37]	,	b	_
9.6	297	[3]	ὡς	_	_
9.6	298	[1]	ἂν	_	_
9.6	299	[1]	οὐδέπω	_	_
9.6	300	[4]	τῆς	_	_
9.6	301	[1]	διαθέσεως	_	_
9.6	302	[1]	οὔσης	_	_
9.6	303	[1]	σαφοῦς	_	_
9.6	304	[38]	,	b	_
9.6	305	[1]	ἀποπειρᾶσθαι	_	_
9.6	306	[1]	κελεύει	_	_
9.6	307	[10]	τῶν	_	_
9.6	308	[1]	πυριάσεών	_	_
9.6	309	[3]	τε	_	_
9.6	310	[15]	καὶ	_	_
9.6	311	[1]	θερμασμάτων	_	_
9.6	312	[1]	ὀνομαζομένων	_	_
9.6	313	[39]	,	b	_
9.6	314	[16]	καὶ	_	_
9.6	315	[2]	διῆλθεν	_	_
9.6	316	[3]	αὐτὸς	_	_
9.6	317	[6]	τὴν	_	_
9.6	318	[1]	ὕλην	_	_
9.6	319	[6]	.	b	_
9.6	320	[1]	εἶτα	_	_
9.6	321	[40]	,	b	_
9.6	322	[2]	ἂν	_	_
9.6	323	[1]	μὴ	_	_
9.6	324	[1]	λύηται	_	_
9.6	325	[41]	,	b	_
9.6	326	[1]	σκεψάμενον	_	_
9.6	327	[42]	,	b	_
9.6	328	[1]	εἴτε	_	_
9.6	329	[1]	νεοβρῶτι	_	_
9.6	330	[1]	ἐόντι	_	_
9.6	331	[43]	,	b	_
9.6	332	[17]	καὶ	_	_
9.6	333	[2]	εἴτε	_	_
9.6	334	[1]	ὑποκεχωρηκυίας	_	_
9.6	335	[5]	τῆς	_	_
9.6	336	[1]	κοιλίας	_	_
9.6	337	[44]	,	b	_
9.6	338	[3]	εἴτε	_	_
9.6	339	[2]	μὴ	_	_
9.6	340	[45]	,	b	_
9.6	341	[1]	διδάσκει	_	_
9.6	342	[46]	,	b	_
9.6	343	[1]	τί	_	_
9.6	344	[1]	ποιητέον	_	_
9.6	345	[1]	ἐστίν	_	_
9.6	346	[7]	.	b	_
9.6	347	[1]	ἐὰν	_	_
9.6	348	[11]	δὲ	_	_
9.6	349	[3]	μὴ	_	_
9.6	350	[1]	ὑπείκῃ	_	_
9.6	351	[2]	πρὸς	_	_
9.6	352	[1]	ταῦτα	_	_
9.6	353	[47]	,	b	_
9.6	354	[2]	διορισμοὺς	_	_
9.6	355	[1]	ἔγραψεν	_	_
9.6	356	[11]	τῶν	_	_
9.6	357	[4]	τε	_	_
9.6	358	[1]	φλεβοτομίας	_	_
9.6	359	[1]	δεομένων	_	_
9.6	360	[18]	καὶ	_	_
9.6	361	[12]	τῶν	_	_
9.6	362	[1]	καθάρσεως	_	_
9.6	363	[48]	,	b	_
9.6	364	[3]	ἐπὶ	_	_
9.6	365	[1]	τίνων	_	_
9.6	366	[5]	τε	_	_
9.6	367	[1]	χρὴ	_	_
9.6	368	[1]	μελικράτῳ	_	_
9.6	369	[1]	ποτῷ	_	_
9.6	370	[1]	χρῆσθαι	_	_
9.6	371	[49]	,	b	_
9.6	372	[2]	ἢ	_	_
9.6	373	[1]	ὀξυμέλιτι	_	_
9.6	374	[50]	,	b	_
9.6	375	[3]	ἢ	_	_
9.6	376	[1]	ὕδατι	_	_
9.6	377	[1]	μέχρι	_	_
9.6	378	[1]	κρίσεως	_	_
9.6	379	[51]	,	b	_
9.6	380	[1]	μηδεμίαν	_	_
9.6	381	[1]	διδόντα	_	_
9.6	382	[1]	τροφὴν	_	_
9.6	383	[52]	,	b	_
9.6	384	[4]	ἐπὶ	_	_
9.6	385	[2]	τίνων	_	_
9.6	386	[6]	τε	_	_
9.6	387	[1]	χυλὸν	_	_
9.6	388	[3]	πτισάνης	_	_
9.6	389	[53]	,	b	_
9.6	390	[4]	ἢ	_	_
9.6	391	[2]	τῇ	_	_
9.6	392	[1]	κριθῇ	_	_
9.6	393	[1]	χρηστέον	_	_
9.6	394	[1]	τηνικαῦτα	_	_
9.6	395	[54]	,	b	_
9.6	396	[19]	καὶ	_	_
9.6	397	[1]	σιτία	_	_
9.6	398	[1]	δοτέον	_	_
9.6	399	[1]	ἐστί	_	_
9.6	400	[8]	.	b	_
9.6	401	[4]	κατὰ	_	_
9.6	402	[12]	δὲ	_	_
9.6	403	[2]	τὸν	_	_
9.6	404	[1]	αὐτὸν	_	_
9.6	405	[1]	τρόπον	_	_
9.6	406	[20]	καὶ	_	_
9.6	407	[6]	περὶ	_	_
9.6	408	[2]	οἴνου	_	_
9.6	409	[1]	δόσεως	_	_
9.6	410	[1]	διορίζεται	_	_
9.6	411	[55]	,	b	_
9.6	412	[1]	τίσι	_	_
9.6	413	[7]	τε	_	_
9.6	414	[2]	χρὴ	_	_
9.6	415	[1]	διδόναι	_	_
9.6	416	[56]	,	b	_
9.6	417	[21]	καὶ	_	_
9.6	418	[2]	τίσι	_	_
9.6	419	[4]	μὴ	_	_
9.6	420	[57]	,	b	_
9.6	421	[22]	καὶ	_	_
9.6	422	[1]	ὁπότε	_	_
9.6	423	[58]	,	b	_
9.6	424	[23]	καὶ	_	_
9.6	425	[1]	ὁποῖον	_	_
9.6	426	[9]	.	b	_
9.6	427	[1]	ὡσαύτως	_	_
9.6	428	[13]	δὲ	_	_
9.6	429	[24]	καὶ	_	_
9.6	430	[7]	περὶ	_	_
9.6	431	[2]	λουτρῶν	_	_
9.6	432	[59]	,	b	_
9.6	433	[1]	ὅσα	_	_
9.6	434	[1]	τ	_	_
9.6	435	[4]	’	b	_
9.6	436	[1]	ἄλλα	_	_
9.6	437	[1]	τοιαῦτα	_	_
9.6	438	[10]	.	b	_
9.6	439	[1]	διττῆς	_	_
9.6	440	[2]	δ	_	_
9.6	441	[5]	’	b	_
9.6	442	[2]	οὔσης	_	_
9.6	443	[1]	ἁμαρτίας	_	_
9.6	444	[4]	ἐν	_	_
9.6	445	[1]	ταῖς	_	_
9.6	446	[1]	διαιρέσεσι	_	_
9.6	447	[4]	διὰ	_	_
9.6	448	[4]	τὸ	_	_
9.6	449	[4]	τοὺς	_	_
9.6	450	[8]	μὲν	_	_
9.6	451	[1]	ἐλλιπέστερον	_	_
9.6	452	[1]	τέμνειν	_	_
9.6	453	[60]	,	b	_
9.6	454	[5]	τοὺς	_	_
9.6	455	[3]	δ	_	_
9.6	456	[6]	’	b	_
9.6	457	[1]	ὑπερβάλλειν	_	_
9.6	458	[1]	εἰς	_	_
9.6	459	[3]	οὐκ	_	_
9.6	460	[1]	οἰκεῖον	_	_
9.6	461	[2]	τῷ	_	_
9.6	462	[1]	τεμνομένῳ	_	_
9.6	463	[1]	πλῆθος	_	_
9.6	464	[61]	,	b	_
9.6	465	[1]	ἑκάτερον	_	_
9.6	466	[2]	αὐτῶν	_	_
9.6	467	[2]	ὁ	_	_
9.6	468	[2]	Ἱπποκράτης	_	_
9.6	469	[1]	μεμφόμενος	_	_
9.6	470	[5]	ἐν	_	_
9.6	471	[1]	ἀρχῇ	_	_
9.6	472	[9]	μὲν	_	_
9.6	473	[5]	τοῦ	_	_
9.6	474	[1]	βιβλίου	_	_
9.6	475	[1]	τάδε	_	_
9.6	476	[1]	φησί	_	_
9.6	477	[11]	.	b	_
9.6	478	[4]	τὰς	_	_
9.6	479	[1]	μέντοι	_	_
9.6	480	[1]	πολυτροπίας	_	_
9.6	481	[5]	τὰς	_	_
9.6	482	[6]	ἐν	_	_
9.6	483	[1]	ἑκάστῃσι	_	_
9.6	484	[13]	τῶν	_	_
9.6	485	[1]	νούσων	_	_
9.6	486	[25]	καὶ	_	_
9.6	487	[7]	τὴν	_	_
9.6	488	[1]	πολυσχιδίαν	_	_
9.6	489	[3]	αὐτῶν	_	_
9.6	490	[4]	οὐκ	_	_
9.6	491	[1]	ἠγνόουν	_	_
9.6	492	[6]	ἔνιοι	_	_
9.6	493	[62]	,	b	_
9.6	494	[6]	τοὺς	_	_
9.6	495	[4]	δ	_	_
9.6	496	[7]	’	b	_
9.6	497	[1]	ἀριθμοὺς	_	_
9.6	498	[1]	ἑκάστου	_	_
9.6	499	[14]	τῶν	_	_
9.6	500	[3]	νοσημάτων	_	_
9.6	501	[1]	σάφα	_	_
9.6	502	[1]	ἐθέλοντες	_	_
9.6	503	[1]	φράζειν	_	_
9.6	504	[5]	οὐκ	_	_
9.6	505	[1]	ὀρθῶς	_	_
9.6	506	[1]	ἔγραψαν	_	_
9.6	507	[12]	.	b	_
9.6	508	[5]	μὴ	_	_
9.6	509	[2]	γὰρ	_	_
9.6	510	[26]	καὶ	_	_
9.6	511	[6]	οὐκ	_	_
9.6	512	[1]	εὐαρίθμητον	_	_
9.6	513	[1]	ᾖ	_	_
9.6	514	[63]	,	b	_
9.6	515	[2]	εἰ	_	_
9.6	516	[1]	τουτέῳ	_	_
9.6	517	[1]	τι	_	_
9.6	518	[1]	σημανεῖται	_	_
9.6	519	[8]	τὴν	_	_
9.6	520	[15]	τῶν	_	_
9.6	521	[2]	καμνόντων	_	_
9.6	522	[1]	νοῦσον	_	_
9.6	523	[64]	,	b	_
9.6	524	[5]	τὸ	_	_
9.6	525	[1]	ἕτερον	_	_
9.6	526	[6]	τοῦ	_	_
9.6	527	[2]	ἑτέρου	_	_
9.6	528	[1]	διαφέρειν	_	_
9.6	529	[2]	τι	_	_
9.6	530	[65]	,	b	_
9.6	531	[6]	τὸ	_	_
9.6	532	[6]	μὴ	_	_
9.6	533	[1]	ὠυτὸν	_	_
9.6	534	[14]	δὲ	_	_
9.6	535	[1]	νόσημα	_	_
9.6	536	[1]	δοκέειν	_	_
9.6	537	[2]	εἶναι	_	_
9.6	538	[66]	,	b	_
9.6	539	[1]	ἢν	_	_
9.6	540	[1]	μήπω	_	_
9.6	541	[1]	τοὔνομα	_	_
9.6	542	[1]	ἔχῃ	_	_
9.6	543	[13]	.	b	_
9.6	544	[5]	ἐπὶ	_	_
9.6	545	[15]	δὲ	_	_
9.6	546	[16]	τῶν	_	_
9.6	547	[1]	ἰημάτων	_	_
9.6	548	[1]	ἔμπαλιν	_	_
9.6	549	[67]	,	b	_
9.6	550	[4]	ὡς	_	_
9.6	551	[1]	ἐλλιπόντων	_	_
9.6	552	[4]	αὐτῶν	_	_
9.6	553	[68]	,	b	_
9.6	554	[1]	ᾧδέ	_	_
9.6	555	[1]	πώς	_	_
9.6	556	[1]	φησιν	_	_
9.6	557	[14]	.	b	_
9.6	558	[27]	καὶ	_	_
9.6	559	[1]	οὐ	_	_
9.6	560	[2]	μόνον	_	_
9.6	561	[5]	διὰ	_	_
9.6	562	[1]	τοῦτο	_	_
9.6	563	[7]	οὐκ	_	_
9.6	564	[1]	ἐπαινέω	_	_
9.6	565	[69]	,	b	_
9.6	566	[1]	ἀλλ	_	_
9.6	567	[8]	’	b	_
9.6	568	[1]	ὅτι	_	_
9.6	569	[28]	καὶ	_	_
9.6	570	[1]	ὀλίγοισι	_	_
9.6	571	[3]	τὸν	_	_
9.6	572	[1]	ἀριθμὸν	_	_
9.6	573	[1]	τοῖσιν	_	_
9.6	574	[1]	ἄκεσι	_	_
9.6	575	[1]	χρέονται	_	_
9.6	576	[15]	.	b	_
9.6	577	[1]	μετὰ	_	_
9.6	578	[16]	δὲ	_	_
9.6	579	[2]	ταῦτα	_	_
9.6	580	[1]	προλαβὼν	_	_
9.6	581	[4]	τὸν	_	_
9.6	582	[3]	τῷ	_	_
9.6	583	[1]	προβλήματι	_	_
9.6	584	[1]	χρησιμώτατον	_	_
9.6	585	[70]	,	b	_
9.6	586	[2]	οὐ	_	_
9.6	587	[1]	σαφῶς	_	_
9.6	588	[1]	αὐτοῦ	_	_
9.6	589	[9]	τὴν	_	_
9.6	590	[1]	λύσιν	_	_
9.6	591	[2]	ἔγραψεν	_	_
9.6	592	[71]	,	b	_
9.6	593	[29]	καὶ	_	_
9.6	594	[6]	διὰ	_	_
9.6	595	[1]	τοῦτ	_	_
9.6	596	[9]	’	b	_
9.6	597	[1]	ἠγνοήθη	_	_
9.6	598	[1]	πολλοῖς	_	_
9.6	599	[17]	τῶν	_	_
9.6	600	[3]	ἰατρῶν	_	_
9.6	601	[1]	ὅλη	_	_
9.6	602	[7]	τοῦ	_	_
9.6	603	[1]	προβλήματος	_	_
9.6	604	[1]	ἡ	_	_
9.6	605	[1]	δύναμις	_	_
9.6	606	[16]	.	b	_
9.6	607	[1]	ἐξηγησάμην	_	_
9.6	608	[10]	μὲν	_	_
9.6	609	[2]	οὖν	_	_
9.6	610	[1]	ὅλον	_	_
9.6	611	[5]	τὸν	_	_
9.6	612	[2]	λόγον	_	_
9.6	613	[1]	τοῦτον	_	_
9.6	614	[7]	ἐν	_	_
9.6	615	[4]	τῷ	_	_
9.6	616	[1]	πρώτῳ	_	_
9.6	617	[8]	περὶ	_	_
9.6	618	[3]	διαίτης	_	_
9.6	619	[3]	ὀξέων	_	_
9.6	620	[1]	ὑπομνήματι	_	_
9.6	621	[72]	,	b	_
9.6	622	[1]	συντόμως	_	_
9.6	623	[5]	δ	_	_
9.6	624	[10]	’	b	_
9.6	625	[2]	αὐτοῦ	_	_
9.6	626	[30]	καὶ	_	_
9.6	627	[1]	νῦν	_	_
9.6	628	[1]	εἰπεῖν	_	_
9.6	629	[1]	ἀναγκαῖόν	_	_
9.6	630	[1]	ἐστι	_	_
9.6	631	[10]	τὴν	_	_
9.6	632	[1]	δύναμιν	_	_
9.6	633	[17]	.	b	_
9.6	634	[1]	αὐτὸ	_	_
9.6	635	[11]	μὲν	_	_
9.6	636	[7]	τὸ	_	_
9.6	637	[1]	πρόβλημα	_	_
9.6	638	[5]	κατὰ	_	_
9.6	639	[1]	τήνδε	_	_
9.6	640	[11]	τὴν	_	_
9.6	641	[1]	λέξιν	_	_
9.6	642	[3]	ἔγραψεν	_	_
9.6	643	[3]	ὁ	_	_
9.6	644	[3]	Ἱπποκράτης	_	_
9.6	645	[18]	.	b	_
9.6	646	[1]	δοκεῖ	_	_
9.6	647	[17]	δὲ	_	_
9.6	648	[1]	μοι	_	_
9.6	649	[1]	ἄξια	_	_
9.6	650	[1]	γραφῆς	_	_
9.6	651	[3]	εἶναι	_	_
9.6	652	[73]	,	b	_
9.6	653	[31]	καὶ	_	_
9.6	654	[1]	μάλιστα	_	_
9.6	655	[1]	ὁκόσα	_	_
9.6	656	[8]	τε	_	_
9.6	657	[1]	ἀκαταμάθητά	_	_
9.6	658	[2]	ἐστι	_	_
9.6	659	[2]	τοῖς	_	_
9.6	660	[1]	ἰητροῖσιν	_	_
9.6	661	[74]	,	b	_
9.6	662	[1]	ἐπίκαιρά	_	_
9.6	663	[1]	γ	_	_
9.6	664	[11]	’	b	_
9.6	665	[1]	ἐόντα	_	_
9.6	666	[1]	εἰδέναι	_	_
9.6	667	[75]	,	b	_
9.6	668	[32]	καὶ	_	_
9.6	669	[2]	ὁκόσα	_	_
9.6	670	[1]	μεγάλας	_	_
9.6	671	[1]	ὠφελείας	_	_
9.6	672	[1]	φέρει	_	_
9.6	673	[5]	ἢ	_	_
9.6	674	[2]	μεγάλας	_	_
9.6	675	[1]	βλάβας	_	_
9.6	676	[19]	.	b	_
9.6	677	[1]	ἀκαταμάθητα	_	_
9.6	678	[6]	δ	_	_
9.6	679	[12]	’	b	_
9.6	680	[1]	ἐστὶ	_	_
9.6	681	[33]	καὶ	_	_
9.6	682	[2]	τάδε	_	_
9.6	683	[20]	.	b	_
9.6	684	[7]	διὰ	_	_
9.6	685	[2]	τί	_	_
9.6	686	[7]	δ	_	_
9.6	687	[13]	’	b	_
9.6	688	[1]	ἄρα	_	_
9.6	689	[8]	ἐν	_	_
9.6	690	[1]	τῇσιν	_	_
9.6	691	[1]	ὀξείῃσι	_	_
9.6	692	[1]	νούσοισιν	_	_
9.6	693	[6]	οἱ	_	_
9.6	694	[1]	μέν	_	_
9.6	695	[2]	τινες	_	_
9.6	696	[18]	τῶν	_	_
9.6	697	[4]	ἰατρῶν	_	_
9.6	698	[1]	πάντα	_	_
9.6	699	[1]	ἐς	_	_
9.6	700	[6]	τὸν	_	_
9.6	701	[1]	αἰῶνα	_	_
9.6	702	[1]	διατελοῦσι	_	_
9.6	703	[76]	,	b	_
9.6	704	[1]	πτισάνην	_	_
9.6	705	[2]	διδόντες	_	_
9.6	706	[1]	ἀήθητον	_	_
9.6	707	[77]	,	b	_
9.6	708	[34]	καὶ	_	_
9.6	709	[1]	νομίζουσιν	_	_
9.6	710	[2]	ὀρθῶς	_	_
9.6	711	[1]	ἰητρεύειν	_	_
9.6	712	[78]	,	b	_
9.6	713	[7]	οἱ	_	_
9.6	714	[1]	δέ	_	_
9.6	715	[3]	τινες	_	_
9.6	716	[9]	περὶ	_	_
9.6	717	[1]	παντὸς	_	_
9.6	718	[1]	ποιοῦνται	_	_
9.6	719	[79]	,	b	_
9.6	720	[2]	ὅπως	_	_
9.6	721	[1]	κριθὴν	_	_
9.6	722	[12]	μὲν	_	_
9.6	723	[1]	μηδεμίην	_	_
9.6	724	[1]	καταπίνῃ	_	_
9.6	725	[4]	ὁ	_	_
9.6	726	[1]	κάμνων	_	_
9.6	727	[80]	,	b	_
9.6	728	[1]	(	a	_
9.6	729	[1]	μεγάλην	_	_
9.6	730	[3]	γὰρ	_	_
9.6	731	[1]	βλάβην	_	_
9.6	732	[1]	ἡγέονται	_	_
9.6	733	[4]	εἶναι	_	_
9.6	734	[81]	,	b	_
9.6	735	[1]	)	b	_
9.6	736	[2]	ἀλλὰ	_	_
9.6	737	[1]	δι	_	_
9.6	738	[14]	’	b	_
9.6	739	[1]	ὀθονίου	_	_
9.6	740	[7]	τὸν	_	_
9.6	741	[2]	χυλὸν	_	_
9.6	742	[1]	διηθέοντες	_	_
9.6	743	[1]	διδόασιν	_	_
9.6	744	[21]	.	b	_
9.6	745	[8]	οἱ	_	_
9.6	746	[8]	δ	_	_
9.6	747	[15]	’	b	_
9.6	748	[1]	αὖ	_	_
9.6	749	[4]	τινες	_	_
9.6	750	[1]	αὐτέων	_	_
9.6	751	[1]	οὔτ	_	_
9.6	752	[16]	’	b	_
9.6	753	[3]	ἂν	_	_
9.6	754	[2]	πτισάνην	_	_
9.6	755	[1]	παχεῖαν	_	_
9.6	756	[1]	δοῖεν	_	_
9.6	757	[82]	,	b	_
9.6	758	[2]	οὔτ	_	_
9.6	759	[17]	’	b	_
9.6	760	[2]	αὖ	_	_
9.6	761	[3]	χυλὸν	_	_
9.6	762	[83]	,	b	_
9.6	763	[9]	οἱ	_	_
9.6	764	[13]	μὲν	_	_
9.6	765	[84]	,	b	_
9.6	766	[1]	μέχρις	_	_
9.6	767	[4]	ἂν	_	_
9.6	768	[1]	ἑβδομαῖος	_	_
9.6	769	[5]	ὁ	_	_
9.6	770	[2]	κάμνων	_	_
9.6	771	[1]	γένηται	_	_
9.6	772	[85]	,	b	_
9.6	773	[10]	οἱ	_	_
9.6	774	[18]	δὲ	_	_
9.6	775	[35]	καὶ	_	_
9.6	776	[8]	διὰ	_	_
9.6	777	[1]	τέλους	_	_
9.6	778	[86]	,	b	_
9.6	779	[1]	ἄχρις	_	_
9.6	780	[5]	ἂν	_	_
9.6	781	[2]	κριθῇ	_	_
9.6	782	[2]	ἡ	_	_
9.6	783	[1]	νοῦσος	_	_
9.6	784	[22]	.	b	_
9.6	785	[1]	μάλα	_	_
9.6	786	[14]	μὲν	_	_
9.6	787	[3]	οὖν	_	_
9.6	788	[1]	οὐδὲ	_	_
9.6	789	[1]	προβάλλεσθαι	_	_
9.6	790	[2]	τὰ	_	_
9.6	791	[2]	τοιαῦτα	_	_
9.6	792	[1]	ζητήματα	_	_
9.6	793	[1]	εἰθισμένοι	_	_
9.6	794	[1]	εἰσὶν	_	_
9.6	795	[11]	οἱ	_	_
9.6	796	[1]	ἰητροὶ	_	_
9.6	797	[87]	,	b	_
9.6	798	[1]	ἴσως	_	_
9.6	799	[9]	δ	_	_
9.6	800	[18]	’	b	_
9.6	801	[2]	οὐδὲ	_	_
9.6	802	[1]	προβαλλόμενα	_	_
9.6	803	[1]	εὑρίσκεται	_	_
9.6	804	[23]	.	b	_
9.6	805	[1]	καίτοι	_	_
9.6	806	[1]	διαβολήν	_	_
9.6	807	[2]	γ	_	_
9.6	808	[19]	’	b	_
9.6	809	[1]	ἔχει	_	_
9.6	810	[2]	ὅλη	_	_
9.6	811	[3]	ἡ	_	_
9.6	812	[1]	τέχνη	_	_
9.6	813	[3]	πρὸς	_	_
9.6	814	[19]	τῶν	_	_
9.6	815	[1]	δημοτέων	_	_
9.6	816	[2]	μεγάλην	_	_
9.6	817	[88]	,	b	_
9.6	818	[5]	ὡς	_	_
9.6	819	[1]	μηδὲ	_	_
9.6	820	[1]	δοκεῖν	_	_
9.6	821	[1]	ὅλως	_	_
9.6	822	[1]	ἰητρικὴν	_	_
9.6	823	[5]	εἶναι	_	_
9.6	824	[24]	.	b	_
9.6	825	[1]	ὥστ	_	_
9.6	826	[20]	’	b	_
9.6	827	[1]	ἔν	_	_
9.6	828	[2]	γε	_	_
9.6	829	[2]	τοῖσιν	_	_
9.6	830	[1]	ὀξυτάτοισι	_	_
9.6	831	[20]	τῶν	_	_
9.6	832	[4]	νοσημάτων	_	_
9.6	833	[1]	τοσόνδε	_	_
9.6	834	[1]	διοίσουσιν	_	_
9.6	835	[1]	ἀλλήλων	_	_
9.6	836	[12]	οἱ	_	_
9.6	837	[1]	χειρώνακτες	_	_
9.6	838	[89]	,	b	_
9.6	839	[1]	ὥστε	_	_
9.6	840	[90]	,	b	_
9.6	841	[1]	ἃ	_	_
9.6	842	[6]	ὁ	_	_
9.6	843	[1]	ἕτερος	_	_
9.6	844	[1]	προσφέρει	_	_
9.6	845	[1]	ἡγούμενος	_	_
9.6	846	[1]	ἄριστα	_	_
9.6	847	[6]	εἶναι	_	_
9.6	848	[91]	,	b	_
9.6	849	[3]	ταῦτα	_	_
9.6	850	[1]	νομίζειν	_	_
9.6	851	[1]	ἤδη	_	_
9.6	852	[8]	τὸν	_	_
9.6	853	[2]	ἕτερον	_	_
9.6	854	[1]	κακὰ	_	_
9.6	855	[7]	εἶναι	_	_
9.6	856	[25]	.	b	_
9.6	857	[36]	καὶ	_	_
9.6	858	[1]	μετ	_	_
9.6	859	[21]	’	b	_
9.6	860	[1]	ὀλίγα	_	_
9.6	861	[1]	·	b	_
9.6	862	[1]	φημὶ	_	_
9.6	863	[1]	δὴ	_	_
9.6	864	[92]	,	b	_
9.6	865	[1]	πᾶν	_	_
9.6	866	[1]	καλὸν	_	_
9.6	867	[8]	εἶναι	_	_
9.6	868	[2]	τοῦτο	_	_
9.6	869	[8]	τὸ	_	_
9.6	870	[1]	σκέμμα	_	_
9.6	871	[1]	ἠδελφισμένον	_	_
9.6	872	[1]	τοῖσι	_	_
9.6	873	[1]	πλείστοισι	_	_
9.6	874	[21]	τῶν	_	_
9.6	875	[9]	ἐν	_	_
9.6	876	[3]	τῇ	_	_
9.6	877	[1]	τέχνῃ	_	_
9.6	878	[37]	καὶ	_	_
9.6	879	[1]	ἐπικαιροτάτοισι	_	_
9.6	880	[26]	.	b	_
9.6	881	[38]	καὶ	_	_
9.6	882	[4]	γὰρ	_	_
9.6	883	[2]	τοῖσι	_	_
9.6	884	[1]	νοσέουσι	_	_
9.6	885	[1]	πᾶσιν	_	_
9.6	886	[2]	ἐς	_	_
9.6	887	[1]	ὑγίειάν	_	_
9.6	888	[3]	τι	_	_
9.6	889	[1]	μέγα	_	_
9.6	890	[1]	δύνασθαι	_	_
9.6	891	[93]	,	b	_
9.6	892	[39]	καὶ	_	_
9.6	893	[3]	τοῖσιν	_	_
9.6	894	[1]	ὑγιαίνουσιν	_	_
9.6	895	[2]	εἰς	_	_
9.6	896	[1]	ἀσφάλειαν	_	_
9.6	897	[94]	,	b	_
9.6	898	[40]	καὶ	_	_
9.6	899	[4]	τοῖσιν	_	_
9.6	900	[1]	ἀσκέουσιν	_	_
9.6	901	[3]	ἐς	_	_
9.6	902	[1]	ἀξίην	_	_
9.6	903	[95]	,	b	_
9.6	904	[41]	καὶ	_	_
9.6	905	[4]	ἐς	_	_
9.6	906	[2]	ὅ	_	_
9.6	907	[4]	τι	_	_
9.6	908	[1]	ἕκαστος	_	_
9.6	909	[1]	ἐθέλοι	_	_
9.6	910	[27]	.	b	_
9.6	911	[9]	τὸ	_	_
9.6	912	[10]	περὶ	_	_
9.6	913	[1]	διαφωνίας	_	_
9.6	914	[96]	,	b	_
9.6	915	[1]	φησὶ	_	_
9.6	916	[97]	,	b	_
9.6	917	[22]	τῶν	_	_
9.6	918	[1]	τεχνιτῶν	_	_
9.6	919	[2]	σκέμμα	_	_
9.6	920	[1]	μεγίστην	_	_
9.6	921	[2]	ἔχει	_	_
9.6	922	[2]	δύναμιν	_	_
9.6	923	[98]	,	b	_
9.6	924	[3]	οὐ	_	_
9.6	925	[1]	μόνοις	_	_
9.6	926	[3]	τοῖς	_	_
9.6	927	[1]	νοσοῦσιν	_	_
9.6	928	[5]	ἐς	_	_
9.6	929	[1]	ὑγιείης	_	_
9.6	930	[1]	κτῆσιν	_	_
9.6	931	[99]	,	b	_
9.6	932	[3]	ἀλλὰ	_	_
9.6	933	[42]	καὶ	_	_
9.6	934	[4]	τοῖς	_	_
9.6	935	[2]	ὑγιαίνουσιν	_	_
9.6	936	[6]	ἐς	_	_
9.6	937	[1]	φυλακὴν	_	_
9.6	938	[1]	αὐτῆς	_	_
9.6	939	[1]	δηλονότι	_	_
9.6	940	[100]	,	b	_
9.6	941	[43]	καὶ	_	_
9.6	942	[5]	τοῖς	_	_
9.6	943	[1]	ἀσκοῦσιν	_	_
9.6	944	[2]	ἀξίην	_	_
9.6	945	[8]	τοῦ	_	_
9.6	946	[1]	σώματος	_	_
9.6	947	[1]	πρός	_	_
9.6	948	[9]	τε	_	_
9.6	949	[12]	τὴν	_	_
9.6	950	[2]	κτῆσιν	_	_
9.6	951	[2]	αὐτῆς	_	_
9.6	952	[44]	καὶ	_	_
9.6	953	[1]	διαμονήν	_	_
9.6	954	[28]	.	b	_
9.6	955	[2]	εἶτα	_	_
9.6	956	[1]	προσέθηκε	_	_
9.6	957	[101]	,	b	_
9.6	958	[45]	καὶ	_	_
9.6	959	[7]	ἐς	_	_
9.6	960	[3]	ὅ	_	_
9.6	961	[5]	τι	_	_
9.6	962	[2]	ἕκαστος	_	_
9.6	963	[2]	ἐθέλοι	_	_
9.6	964	[102]	,	b	_
9.6	965	[1]	δηλῶν	_	_
9.6	966	[103]	,	b	_
9.6	967	[4]	οὐ	_	_
9.6	968	[3]	μόνον	_	_
9.6	969	[3]	εἰς	_	_
9.6	970	[1]	ἰατρικὴν	_	_
9.6	971	[104]	,	b	_
9.6	972	[4]	ἀλλὰ	_	_
9.6	973	[46]	καὶ	_	_
9.6	974	[6]	τὰς	_	_
9.6	975	[1]	ἄλλας	_	_
9.6	976	[1]	τέχνας	_	_
9.6	977	[1]	ἐκτετάσθαι	_	_
9.6	978	[10]	τὸ	_	_
9.6	979	[3]	σκέμμα	_	_
9.6	980	[13]	τὴν	_	_
9.6	981	[2]	λύσιν	_	_
9.6	982	[3]	αὐτοῦ	_	_
9.6	983	[29]	.	b	_
9.6	984	[1]	θαυμάσαι	_	_
9.6	985	[5]	γὰρ	_	_
9.6	986	[1]	ἔστι	_	_
9.6	987	[105]	,	b	_
9.6	988	[9]	διὰ	_	_
9.6	989	[3]	τί	_	_
9.6	990	[1]	τέχνην	_	_
9.6	991	[1]	μετιόντες	_	_
9.6	992	[13]	οἱ	_	_
9.6	993	[1]	ἰατροὶ	_	_
9.6	994	[106]	,	b	_
9.6	995	[2]	καθ	_	_
9.6	996	[22]	’	b	_
9.6	997	[1]	ἣν	_	_
9.6	998	[4]	τῇ	_	_
9.6	999	[1]	πείρᾳ	_	_
9.6	1000	[3]	τὰ	_	_
9.6	1001	[1]	προσφερόμενα	_	_
9.6	1002	[1]	βοηθήματα	_	_
9.6	1003	[1]	κριθῆναι	_	_
9.6	1004	[1]	δύναται	_	_
9.6	1005	[107]	,	b	_
9.6	1006	[1]	πότερον	_	_
9.6	1007	[1]	ὠφέλησεν	_	_
9.6	1008	[108]	,	b	_
9.6	1009	[6]	ἢ	_	_
9.6	1010	[1]	ἔβλαψεν	_	_
9.6	1011	[109]	,	b	_
9.6	1012	[1]	ὅμως	_	_
9.6	1013	[1]	ἐναντιωτάτας	_	_
9.6	1014	[1]	ἀποφάσεις	_	_
9.6	1015	[1]	ἐποίησαν	_	_
9.6	1016	[11]	περὶ	_	_
9.6	1017	[23]	τῶν	_	_
9.6	1018	[1]	ὠφελούντων	_	_
9.6	1019	[10]	τε	_	_
9.6	1020	[47]	καὶ	_	_
9.6	1021	[1]	βλαπτόντων	_	_
9.6	1022	[30]	.	b	_
9.6	1023	[10]	ἐν	_	_
9.6	1024	[15]	μὲν	_	_
9.6	1025	[6]	γὰρ	_	_
9.6	1026	[1]	φιλοσοφίᾳ	_	_
9.6	1027	[7]	μὴ	_	_
9.6	1028	[1]	πεπαῦσθαι	_	_
9.6	1029	[7]	τὰς	_	_
9.6	1030	[1]	πλείστας	_	_
9.6	1031	[24]	τῶν	_	_
9.6	1032	[1]	διαφωνιῶν	_	_
9.6	1033	[1]	οὐδὲν	_	_
9.6	1034	[1]	θαυμαστὸν	_	_
9.6	1035	[110]	,	b	_
9.6	1036	[6]	ὡς	_	_
9.6	1037	[6]	ἂν	_	_
9.6	1038	[8]	μὴ	_	_
9.6	1039	[1]	δυναμένων	_	_
9.6	1040	[25]	τῶν	_	_
9.6	1041	[1]	πραγμάτων	_	_
9.6	1042	[1]	ἐναργῶς	_	_
9.6	1043	[2]	κριθῆναι	_	_
9.6	1044	[5]	τῇ	_	_
9.6	1045	[2]	πείρᾳ	_	_
9.6	1046	[111]	,	b	_
9.6	1047	[48]	καὶ	_	_
9.6	1048	[10]	διὰ	_	_
9.6	1049	[3]	τοῦτο	_	_
9.6	1050	[1]	τινῶν	_	_
9.6	1051	[16]	μὲν	_	_
9.6	1052	[1]	ἀποφῃναμένων	_	_
9.6	1053	[1]	ἀγέννητον	_	_
9.6	1054	[9]	εἶναι	_	_
9.6	1055	[9]	τὸν	_	_
9.6	1056	[1]	κόσμον	_	_
9.6	1057	[112]	,	b	_
9.6	1058	[2]	τινῶν	_	_
9.6	1059	[19]	δὲ	_	_
9.6	1060	[1]	γεννητὸν	_	_
9.6	1061	[113]	,	b	_
9.6	1062	[2]	ὥσπερ	_	_
9.6	1063	[3]	γε	_	_
9.6	1064	[49]	καὶ	_	_
9.6	1065	[3]	τινῶν	_	_
9.6	1066	[17]	μὲν	_	_
9.6	1067	[114]	,	b	_
9.6	1068	[2]	οὐδὲν	_	_
9.6	1069	[1]	ἔξωθεν	_	_
9.6	1070	[4]	αὐτοῦ	_	_
9.6	1071	[1]	περιέχειν	_	_
9.6	1072	[10]	εἶναι	_	_
9.6	1073	[115]	,	b	_
9.6	1074	[4]	τινῶν	_	_
9.6	1075	[20]	δὲ	_	_
9.6	1076	[11]	εἶναι	_	_
9.6	1077	[1]	λεγόντων	_	_
9.6	1078	[116]	,	b	_
9.6	1079	[50]	καὶ	_	_
9.6	1080	[1]	τούτων	_	_
9.6	1081	[5]	αὐτῶν	_	_
9.6	1082	[1]	περιεχόμενόν	_	_
9.6	1083	[6]	τι	_	_
9.6	1084	[1]	φάντων	_	_
9.6	1085	[117]	,	b	_
9.6	1086	[1]	ἐνίων	_	_
9.6	1087	[18]	μὲν	_	_
9.6	1088	[1]	κενὸν	_	_
9.6	1089	[2]	ἀποφῃναμένων	_	_
9.6	1090	[12]	εἶναι	_	_
9.6	1091	[4]	τοῦτο	_	_
9.6	1092	[118]	,	b	_
9.6	1093	[2]	μηδεμίαν	_	_
9.6	1094	[1]	οὐσίαν	_	_
9.6	1095	[1]	ἔχον	_	_
9.6	1096	[11]	ἐν	_	_
9.6	1097	[1]	ἑαυτῷ	_	_
9.6	1098	[119]	,	b	_
9.6	1099	[5]	τινῶν	_	_
9.6	1100	[21]	δὲ	_	_
9.6	1101	[120]	,	b	_
9.6	1102	[1]	κόσμους	_	_
9.6	1103	[1]	ἄλλους	_	_
9.6	1104	[1]	ἀριθμῷ	_	_
9.6	1105	[1]	ἀπεριλήπτους	_	_
9.6	1106	[7]	ὡς	_	_
9.6	1107	[4]	εἰς	_	_
9.6	1108	[1]	ἄπειρον	_	_
9.6	1109	[2]	ἐκτετάσθαι	_	_
9.6	1110	[2]	πλῆθος	_	_
9.6	1111	[31]	.	b	_
9.6	1112	[1]	αἰσθήσει	_	_
9.6	1113	[7]	γὰρ	_	_
9.6	1114	[1]	ἐναργεῖ	_	_
9.6	1115	[14]	τὴν	_	_
9.6	1116	[1]	τοιαύτην	_	_
9.6	1117	[1]	διαφωνίαν	_	_
9.6	1118	[1]	ἀδύνατον	_	_
9.6	1119	[3]	κριθῆναι	_	_
9.6	1120	[32]	.	b	_
9.6	1121	[5]	οὐ	_	_
9.6	1122	[1]	μὴν	_	_
9.6	1123	[1]	ὅμοιόν	_	_
9.6	1124	[4]	γε	_	_
9.6	1125	[11]	τὸ	_	_
9.6	1126	[6]	τῆς	_	_
9.6	1127	[2]	ὠφελείας	_	_
9.6	1128	[51]	καὶ	_	_
9.6	1129	[1]	βλάβης	_	_
9.6	1130	[26]	τῶν	_	_
9.6	1131	[1]	προσφερομένων	_	_
9.6	1132	[6]	τοῖς	_	_
9.6	1133	[1]	σώμασιν	_	_
9.6	1134	[1]	ἰαμάτων	_	_
9.6	1135	[121]	,	b	_
9.6	1136	[5]	εἰς	_	_
9.6	1137	[2]	διαφωνίαν	_	_
9.6	1138	[1]	ἀφικόμενον	_	_
9.6	1139	[12]	ἐν	_	_
9.6	1140	[7]	τοῖς	_	_
9.6	1141	[1]	ἰατροῖς	_	_
9.6	1142	[122]	,	b	_
9.6	1143	[1]	δυνάμενόν	_	_
9.6	1144	[5]	γε	_	_
9.6	1145	[6]	αὐτῶν	_	_
9.6	1146	[1]	κρῖναι	_	_
9.6	1147	[6]	τῇ	_	_
9.6	1148	[3]	πείρᾳ	_	_
9.6	1149	[1]	τό	_	_
9.6	1150	[2]	τ	_	_
9.6	1151	[23]	’	b	_
9.6	1152	[1]	ὠφελοῦν	_	_
9.6	1153	[52]	καὶ	_	_
9.6	1154	[12]	τὸ	_	_
9.6	1155	[1]	βλάπτον	_	_
9.6	1156	[33]	.	b	_
9.6	1157	[2]	τούτου	_	_
9.6	1158	[1]	τοίνυν	_	_
9.6	1159	[9]	τοῦ	_	_
9.6	1160	[1]	ζητήματος	_	_
9.6	1161	[4]	ἡ	_	_
9.6	1162	[1]	λύσις	_	_
9.6	1163	[6]	οὐ	_	_
9.6	1164	[1]	πάνυ	_	_
9.6	1165	[7]	τι	_	_
9.6	1166	[2]	σαφῶς	_	_
9.6	1167	[1]	εἴρηται	_	_
9.6	1168	[5]	τῷ	_	_
9.6	1169	[1]	Ἱπποκράτει	_	_
9.6	1170	[123]	,	b	_
9.6	1171	[53]	καὶ	_	_
9.6	1172	[11]	διὰ	_	_
9.6	1173	[5]	τοῦτο	_	_
9.6	1174	[1]	σχεδὸν	_	_
9.6	1175	[1]	ἅπαντας	_	_
9.6	1176	[1]	ἔλαθε	_	_
9.6	1177	[7]	τοὺς	_	_
9.6	1178	[1]	ἐξηγησαμένους	_	_
9.6	1179	[13]	τὸ	_	_
9.6	1180	[1]	βιβλίον	_	_
9.6	1181	[34]	.	b	_
9.6	1182	[2]	ἔστι	_	_
9.6	1183	[22]	δὲ	_	_
9.6	1184	[1]	τοιάδε	_	_
9.6	1185	[35]	.	b	_
9.6	1186	[27]	τῶν	_	_
9.6	1187	[1]	νοσούντων	_	_
9.6	1188	[7]	ἔνιοι	_	_
9.6	1189	[19]	μὲν	_	_
9.6	1190	[1]	ἀσιτίας	_	_
9.6	1191	[1]	χρῄζουσιν	_	_
9.6	1192	[124]	,	b	_
9.6	1193	[2]	ἄχρις	_	_
9.6	1194	[7]	ἂν	_	_
9.6	1195	[5]	ἡ	_	_
9.6	1196	[2]	νοῦσος	_	_
9.6	1197	[3]	κριθῇ	_	_
9.6	1198	[125]	,	b	_
9.6	1199	[1]	τινὲς	_	_
9.6	1200	[23]	δὲ	_	_
9.6	1201	[1]	τροφῆς	_	_
9.6	1202	[126]	,	b	_
9.6	1203	[54]	καὶ	_	_
9.6	1204	[2]	τούτων	_	_
9.6	1205	[8]	ἔνιοι	_	_
9.6	1206	[20]	μὲν	_	_
9.6	1207	[7]	τῆς	_	_
9.6	1208	[2]	κριθώδους	_	_
9.6	1209	[4]	πτισάνης	_	_
9.6	1210	[127]	,	b	_
9.6	1211	[9]	ἔνιοι	_	_
9.6	1212	[24]	δὲ	_	_
9.6	1213	[10]	τοῦ	_	_
9.6	1214	[2]	χυλοῦ	_	_
9.6	1215	[2]	μόνου	_	_
9.6	1216	[128]	,	b	_
9.6	1217	[1]	καθάπερ	_	_
9.6	1218	[6]	γε	_	_
9.6	1219	[55]	καὶ	_	_
9.6	1220	[1]	στερεωτέρας	_	_
9.6	1221	[10]	ἔνιοι	_	_
9.6	1222	[129]	,	b	_
9.6	1223	[56]	καὶ	_	_
9.6	1224	[2]	μέντοι	_	_
9.6	1225	[1]	καί	_	_
9.6	1226	[5]	τινες	_	_
9.6	1227	[21]	μὲν	_	_
9.6	1228	[1]	ὀξυμέλιτος	_	_
9.6	1229	[7]	ἢ	_	_
9.6	1230	[2]	μελικράτου	_	_
9.6	1231	[130]	,	b	_
9.6	1232	[2]	τινὲς	_	_
9.6	1233	[10]	δ	_	_
9.6	1234	[24]	’	b	_
9.6	1235	[2]	ὕδατος	_	_
9.6	1236	[8]	ἢ	_	_
9.6	1237	[3]	οἴνου	_	_
9.6	1238	[36]	.	b	_
9.6	1239	[12]	διὰ	_	_
9.6	1240	[6]	τοῦτο	_	_
9.6	1241	[8]	τοῖς	_	_
9.6	1242	[2]	ἰατροῖς	_	_
9.6	1243	[131]	,	b	_
9.6	1244	[1]	ὅσοι	_	_
9.6	1245	[7]	τῇ	_	_
9.6	1246	[4]	πείρᾳ	_	_
9.6	1247	[1]	μόνῃ	_	_
9.6	1248	[15]	τὴν	_	_
9.6	1249	[2]	τέχνην	_	_
9.6	1250	[1]	συνεστήσαντο	_	_
9.6	1251	[132]	,	b	_
9.6	1252	[1]	χρήσιμον	_	_
9.6	1253	[1]	ἔδοξεν	_	_
9.6	1254	[1]	ἐκεῖνο	_	_
9.6	1255	[4]	μόνον	_	_
9.6	1256	[133]	,	b	_
9.6	1257	[1]	ὃ	_	_
9.6	1258	[6]	κατὰ	_	_
9.6	1259	[16]	τὴν	_	_
9.6	1260	[1]	τύχην	_	_
9.6	1261	[1]	αὐτοῖς	_	_
9.6	1262	[1]	ἐφάνη	_	_
9.6	1263	[1]	πλεονάκις	_	_
9.6	1264	[1]	ὠφελῆσαν	_	_
9.6	1265	[37]	.	b	_
9.6	1266	[3]	οὐδὲ	_	_
9.6	1267	[8]	γὰρ	_	_
9.6	1268	[6]	ἐπὶ	_	_
9.6	1269	[1]	τοὐναντίον	_	_
9.6	1270	[1]	εἶδος	_	_
9.6	1271	[1]	ἀφικέσθαι	_	_
9.6	1272	[8]	τῆς	_	_
9.6	1273	[4]	διαίτης	_	_
9.6	1274	[1]	τολμῶσιν	_	_
9.6	1275	[134]	,	b	_
9.6	1276	[8]	ὡς	_	_
9.6	1277	[1]	κᾀκείνου	_	_
9.6	1278	[1]	πειραθῆναι	_	_
9.6	1279	[135]	,	b	_
9.6	1280	[17]	τὴν	_	_
9.6	1281	[1]	ἀτυχίαν	_	_
9.6	1282	[1]	δεδιότες	_	_
9.6	1283	[38]	.	b	_
9.6	1284	[1]	μόνος	_	_
9.6	1285	[4]	οὖν	_	_
9.6	1286	[7]	ὁ	_	_
9.6	1287	[1]	τήν	_	_
9.6	1288	[11]	τε	_	_
9.6	1289	[1]	φύσιν	_	_
9.6	1290	[1]	εἰδὼς	_	_
9.6	1291	[11]	τοῦ	_	_
9.6	1292	[1]	κάμνον	_	_
9.6	1293	[1]	τος	_	_
9.6	1294	[136]	,	b	_
9.6	1295	[57]	καὶ	_	_
9.6	1296	[18]	τὴν	_	_
9.6	1297	[12]	τοῦ	_	_
9.6	1298	[1]	νοσήματος	_	_
9.6	1299	[1]	διάθεσιν	_	_
9.6	1300	[137]	,	b	_
9.6	1301	[58]	καὶ	_	_
9.6	1302	[19]	τὴν	_	_
9.6	1303	[13]	τοῦ	_	_
9.6	1304	[1]	προσαχθησομένου	_	_
9.6	1305	[1]	βοηθήματος	_	_
9.6	1306	[3]	δύναμιν	_	_
9.6	1307	[138]	,	b	_
9.6	1308	[1]	ἔτι	_	_
9.6	1309	[12]	τε	_	_
9.6	1310	[10]	τὸν	_	_
9.6	1311	[1]	καιρὸν	_	_
9.6	1312	[139]	,	b	_
9.6	1313	[13]	ἐν	_	_
9.6	1314	[2]	ᾧ	_	_
9.6	1315	[2]	χρηστέον	_	_
9.6	1316	[1]	αὐτῷ	_	_
9.6	1317	[140]	,	b	_
9.6	1318	[1]	τολμῆσαι	_	_
9.6	1319	[1]	δυνήσεται	_	_
9.6	1320	[1]	χρησάμενος	_	_
9.6	1321	[6]	τῷ	_	_
9.6	1322	[1]	λογικῶς	_	_
9.6	1323	[1]	ἐπινοηθέντι	_	_
9.6	1324	[1]	βοηθήματι	_	_
9.6	1325	[8]	τῇ	_	_
9.6	1326	[5]	πείρᾳ	_	_
9.6	1327	[1]	βεβαιῶσαι	_	_
9.6	1328	[20]	τὴν	_	_
9.6	1329	[1]	ἐλπίδα	_	_
9.6	1330	[39]	.	b	_
9.6	1331	[2]	ὥστε	_	_
9.6	1332	[2]	μόνος	_	_
9.6	1333	[1]	εὑρήσει	_	_
9.6	1334	[9]	τῆς	_	_
9.6	1335	[13]	τε	_	_
9.6	1336	[1]	ἀφωνίας	_	_
9.6	1337	[21]	τὴν	_	_
9.6	1338	[1]	αἰτίαν	_	_
9.6	1339	[59]	καὶ	_	_
9.6	1340	[8]	τοὺς	_	_
9.6	1341	[3]	διορισμοὺς	_	_
9.6	1342	[141]	,	b	_
9.6	1343	[1]	οἷς	_	_
9.6	1344	[1]	προσέχων	_	_
9.6	1345	[1]	τις	_	_
9.6	1346	[7]	ἐπὶ	_	_
9.6	1347	[14]	τὸ	_	_
9.6	1348	[7]	τῷ	_	_
9.6	1349	[1]	κάμνοντι	_	_
9.6	1350	[1]	συμφέρον	_	_
9.6	1351	[1]	ἀφίξεται	_	_
9.6	1352	[142]	,	b	_
9.6	1353	[28]	τῶν	_	_
9.6	1354	[11]	δ	_	_
9.6	1355	[25]	’	b	_
9.6	1356	[2]	ἄλλων	_	_
9.6	1357	[1]	οὐδεὶς	_	_
9.6	1358	[1]	γνὼσεται	_	_
9.6	1359	[7]	τοῦτο	_	_
9.6	1360	[40]	.	b	_
9.6	1361	[9]	τοῖς	_	_
9.6	1362	[14]	τε	_	_
9.6	1363	[9]	γὰρ	_	_
9.6	1364	[1]	ἐγνωσμένοις	_	_
9.6	1365	[13]	διὰ	_	_
9.6	1366	[1]	πείρας	_	_
9.6	1367	[1]	ἐπιμένοντες	_	_
9.6	1368	[1]	ἐκεῖνα	_	_
9.6	1369	[1]	μόνα	_	_
9.6	1370	[1]	παραλαμβάνουσιν	_	_
9.6	1371	[143]	,	b	_
9.6	1372	[1]	αἰτιώμενοι	_	_
9.6	1373	[2]	φύσιν	_	_
9.6	1374	[9]	ἢ	_	_
9.6	1375	[3]	τέχνην	_	_
9.6	1376	[2]	ἤ	_	_
9.6	1377	[8]	τι	_	_
9.6	1378	[1]	τοιοῦτον	_	_
9.6	1379	[10]	τῆς	_	_
9.6	1380	[2]	βλάβης	_	_
9.6	1381	[1]	αἴτιον	_	_
9.6	1382	[1]	γενέσθαι	_	_
9.6	1383	[41]	.	b	_
9.6	1384	[2]	τοῦτ	_	_
9.6	1385	[26]	’	b	_
9.6	1386	[5]	οὖν	_	_
9.6	1387	[2]	αὐτὸ	_	_
9.6	1388	[60]	καὶ	_	_
9.6	1389	[7]	κατὰ	_	_
9.6	1390	[15]	τὸ	_	_
9.6	1391	[12]	περὶ	_	_
9.6	1392	[1]	ἀγμῶν	_	_
9.6	1393	[1]	ἐδήλωσεν	_	_
9.6	1394	[8]	ὁ	_	_
9.6	1395	[4]	Ἱπποκράτης	_	_
9.6	1396	[8]	ἐπὶ	_	_
9.6	1397	[29]	τῶν	_	_
9.6	1398	[1]	μεθ	_	_
9.6	1399	[27]	’	b	_
9.6	1400	[1]	ἕλκους	_	_
9.6	1401	[1]	καταγμάτων	_	_
9.6	1402	[14]	ἐν	_	_
9.6	1403	[1]	τῇδε	_	_
9.6	1404	[9]	τῇ	_	_
9.6	1405	[1]	ῥήσει	_	_
9.6	1406	[42]	.	b	_
9.6	1407	[1]	ἄλλοι	_	_
9.6	1408	[2]	δέ	_	_
9.6	1409	[1]	τινές	_	_
9.6	1410	[1]	εἰσιν	_	_
9.6	1411	[144]	,	b	_
9.6	1412	[1]	οἳ	_	_
9.6	1413	[1]	ὀθονίοισι	_	_
9.6	1414	[4]	τὰ	_	_
9.6	1415	[1]	τοιαῦτ	_	_
9.6	1416	[28]	’	b	_
9.6	1417	[1]	ἰητρεύουσιν	_	_
9.6	1418	[1]	εὐθέως	_	_
9.6	1419	[145]	,	b	_
9.6	1420	[61]	καὶ	_	_
9.6	1421	[1]	ἔνθεν	_	_
9.6	1422	[22]	μὲν	_	_
9.6	1423	[62]	καὶ	_	_
9.6	1424	[2]	ἔνθεν	_	_
9.6	1425	[1]	ἐπιδέουσι	_	_
9.6	1426	[5]	τοῖσιν	_	_
9.6	1427	[2]	ὀθονίοισι	_	_
9.6	1428	[146]	,	b	_
9.6	1429	[8]	κατὰ	_	_
9.6	1430	[16]	τὸ	_	_
9.6	1431	[1]	ἕλκος	_	_
9.6	1432	[25]	δὲ	_	_
9.6	1433	[3]	αὐτὸ	_	_
9.6	1434	[1]	διαλείπουσι	_	_
9.6	1435	[147]	,	b	_
9.6	1436	[63]	καὶ	_	_
9.6	1437	[1]	ἐῶσιν	_	_
9.6	1438	[1]	ἀνεψύχθαι	_	_
9.6	1439	[43]	.	b	_
9.6	1440	[1]	ἔπειτα	_	_
9.6	1441	[64]	καὶ	_	_
9.6	1442	[1]	ἐπιτιθέασιν	_	_
9.6	1443	[9]	ἐπὶ	_	_
9.6	1444	[17]	τὸ	_	_
9.6	1445	[2]	ἕλκος	_	_
9.6	1446	[30]	τῶν	_	_
9.6	1447	[1]	καθαρτικῶν	_	_
9.6	1448	[9]	τι	_	_
9.6	1449	[148]	,	b	_
9.6	1450	[65]	καὶ	_	_
9.6	1451	[1]	σπλήνεσιν	_	_
9.6	1452	[1]	οἰνηροῖσιν	_	_
9.6	1453	[149]	,	b	_
9.6	1454	[10]	ἢ	_	_
9.6	1455	[1]	ἐρίοισιν	_	_
9.6	1456	[1]	οἰσυπηροῖσι	_	_
9.6	1457	[1]	θεραπεύουσιν	_	_
9.6	1458	[44]	.	b	_
9.6	1459	[1]	αὕτη	_	_
9.6	1460	[6]	ἡ	_	_
9.6	1461	[1]	ἴασις	_	_
9.6	1462	[1]	κακὴ	_	_
9.6	1463	[150]	,	b	_
9.6	1464	[66]	καὶ	_	_
9.6	1465	[1]	εἰκὸς	_	_
9.6	1466	[9]	τοὺς	_	_
9.6	1467	[1]	οὕτως	_	_
9.6	1468	[1]	ἰητρεύοντας	_	_
9.6	1469	[5]	τὰ	_	_
9.6	1470	[1]	μέγιστα	_	_
9.6	1471	[1]	ἀξυνετέειν	_	_
9.6	1472	[67]	καὶ	_	_
9.6	1473	[15]	ἐν	_	_
9.6	1474	[6]	τοῖσιν	_	_
9.6	1475	[1]	ἄλλοισι	_	_
9.6	1476	[1]	κατάγμασι	_	_
9.6	1477	[68]	καὶ	_	_
9.6	1478	[16]	ἐν	_	_
9.6	1479	[3]	τοῖσι	_	_
9.6	1480	[1]	τοιούτοισι	_	_
9.6	1481	[45]	.	b	_
9.6	1482	[1]	μέγιστον	_	_
9.6	1483	[2]	γάρ	_	_
9.6	1484	[3]	ἐστι	_	_
9.6	1485	[18]	τὸ	_	_
9.6	1486	[1]	γινώσκειν	_	_
9.6	1487	[151]	,	b	_
9.6	1488	[3]	καθ	_	_
9.6	1489	[29]	’	b	_
9.6	1490	[2]	ὁποῖον	_	_
9.6	1491	[2]	τρόπον	_	_
9.6	1492	[3]	χρὴ	_	_
9.6	1493	[22]	τὴν	_	_
9.6	1494	[1]	ἀρχὴν	_	_
9.6	1495	[1]	βάλλεσθαι	_	_
9.6	1496	[14]	τοῦ	_	_
9.6	1497	[2]	ὀθονίου	_	_
9.6	1498	[152]	,	b	_
9.6	1499	[69]	καὶ	_	_
9.6	1500	[4]	καθ	_	_
9.6	1501	[30]	’	b	_
9.6	1502	[3]	ὁποῖον	_	_
9.6	1503	[2]	μάλιστα	_	_
9.6	1504	[1]	πεπιέχθαι	_	_
9.6	1505	[153]	,	b	_
9.6	1506	[70]	καὶ	_	_
9.6	1507	[1]	οἷά	_	_
9.6	1508	[15]	τε	_	_
9.6	1509	[1]	ὠφελέονται	_	_
9.6	1510	[154]	,	b	_
9.6	1511	[2]	ἢν	_	_
9.6	1512	[3]	ὀρθῶς	_	_
9.6	1513	[2]	τις	_	_
9.6	1514	[1]	βάλληται	_	_
9.6	1515	[23]	τὴν	_	_
9.6	1516	[2]	ἀρχὴν	_	_
9.6	1517	[155]	,	b	_
9.6	1518	[71]	καὶ	_	_
9.6	1519	[1]	πιέζῃ	_	_
9.6	1520	[1]	ᾗ	_	_
9.6	1521	[3]	μάλιστα	_	_
9.6	1522	[4]	χρὴ	_	_
9.6	1523	[156]	,	b	_
9.6	1524	[72]	καὶ	_	_
9.6	1525	[1]	οἷα	_	_
9.6	1526	[1]	βάπτονται	_	_
9.6	1527	[157]	,	b	_
9.6	1528	[3]	ἢν	_	_
9.6	1529	[9]	μὴ	_	_
9.6	1530	[4]	ὀρθῶς	_	_
9.6	1531	[3]	τις	_	_
9.6	1532	[2]	βάλληται	_	_
9.6	1533	[158]	,	b	_
9.6	1534	[2]	μηδὲ	_	_
9.6	1535	[2]	πιέζῃ	_	_
9.6	1536	[159]	,	b	_
9.6	1537	[2]	ἀλλ	_	_
9.6	1538	[31]	’	b	_
9.6	1539	[3]	ἔνθεν	_	_
9.6	1540	[73]	καὶ	_	_
9.6	1541	[4]	ἔνθεν	_	_
9.6	1542	[46]	.	b	_
9.6	1543	[2]	εἴρηται	_	_
9.6	1544	[23]	μὲν	_	_
9.6	1545	[6]	οὖν	_	_
9.6	1546	[74]	καὶ	_	_
9.6	1547	[17]	ἐν	_	_
9.6	1548	[10]	τοῖς	_	_
9.6	1549	[1]	πρόσθεν	_	_
9.6	1550	[1]	γεγραμμένοισιν	_	_
9.6	1551	[160]	,	b	_
9.6	1552	[1]	ὁποῖα	_	_
9.6	1553	[1]	ἀφ	_	_
9.6	1554	[32]	’	b	_
9.6	1555	[1]	ἑκατέρου	_	_
9.6	1556	[1]	ἀποβαίνει	_	_
9.6	1557	[161]	,	b	_
9.6	1558	[1]	μαρτυρέει	_	_
9.6	1559	[26]	δὲ	_	_
9.6	1560	[75]	καὶ	_	_
9.6	1561	[1]	αὐτὴ	_	_
9.6	1562	[7]	ἡ	_	_
9.6	1563	[1]	ἰητρική	_	_
9.6	1564	[47]	.	b	_
9.6	1565	[1]	ἀνάγκη	_	_
9.6	1566	[10]	γὰρ	_	_
9.6	1567	[8]	τῷ	_	_
9.6	1568	[2]	οὕτως	_	_
9.6	1569	[1]	ἐπιδεομένῳ	_	_
9.6	1570	[19]	τὸ	_	_
9.6	1571	[2]	εἶδος	_	_
9.6	1572	[1]	ἐξαείρεσθαι	_	_
9.6	1573	[6]	εἰς	_	_
9.6	1574	[4]	αὐτὸ	_	_
9.6	1575	[20]	τὸ	_	_
9.6	1576	[3]	ἕλκος	_	_
9.6	1577	[48]	.	b	_
9.6	1578	[76]	καὶ	_	_
9.6	1579	[11]	γὰρ	_	_
9.6	1580	[162]	,	b	_
9.6	1581	[3]	εἰ	_	_
9.6	1582	[1]	ὑγιὴς	_	_
9.6	1583	[1]	χρὼς	_	_
9.6	1584	[5]	ἔνθεν	_	_
9.6	1585	[24]	μὲν	_	_
9.6	1586	[77]	καὶ	_	_
9.6	1587	[6]	ἔνθεν	_	_
9.6	1588	[1]	ἐπιδεσθείη	_	_
9.6	1589	[163]	,	b	_
9.6	1590	[18]	ἐν	_	_
9.6	1591	[1]	μέσῳ	_	_
9.6	1592	[27]	δὲ	_	_
9.6	1593	[1]	διαλειφθείη	_	_
9.6	1594	[164]	,	b	_
9.6	1595	[4]	μάλιστα	_	_
9.6	1596	[9]	κατὰ	_	_
9.6	1597	[24]	τὴν	_	_
9.6	1598	[1]	διάλειψιν	_	_
9.6	1599	[1]	οἰδήσειεν	_	_
9.6	1600	[8]	ἂν	_	_
9.6	1601	[78]	καὶ	_	_
9.6	1602	[1]	ἀχροΐσειε	_	_
9.6	1603	[49]	.	b	_
9.6	1604	[1]	πῶς	_	_
9.6	1605	[7]	οὖν	_	_
9.6	1606	[1]	οὐχὶ	_	_
9.6	1607	[4]	ἕλκος	_	_
9.6	1608	[7]	γε	_	_
9.6	1609	[1]	ταῦτ	_	_
9.6	1610	[33]	’	b	_
9.6	1611	[9]	ἂν	_	_
9.6	1612	[1]	πάθοι	_	_
9.6	1613	[1]	;	b	_
9.6	1614	[1]	ἀναγκαίως	_	_
9.6	1615	[8]	οὖν	_	_
9.6	1616	[3]	ἔχει	_	_
9.6	1617	[1]	ἄχροον	_	_
9.6	1618	[25]	μὲν	_	_
9.6	1619	[79]	καὶ	_	_
9.6	1620	[1]	ἐκπεπιεσμένον	_	_
9.6	1621	[13]	εἶναι	_	_
9.6	1622	[21]	τὸ	_	_
9.6	1623	[5]	ἕλκος	_	_
9.6	1624	[165]	,	b	_
9.6	1625	[1]	δακνῶδές	_	_
9.6	1626	[16]	τε	_	_
9.6	1627	[80]	καὶ	_	_
9.6	1628	[1]	ἀνεκπύητον	_	_
9.6	1629	[166]	,	b	_
9.6	1630	[1]	ὀστέα	_	_
9.6	1631	[12]	δ	_	_
9.6	1632	[34]	’	b	_
9.6	1633	[11]	ἢ	_	_
9.6	1634	[1]	μέλη	_	_
9.6	1635	[1]	ἀποστῆναι	_	_
9.6	1636	[1]	συστατικὰ	_	_
9.6	1637	[2]	γενέσθαι	_	_
9.6	1638	[167]	,	b	_
9.6	1639	[1]	σφυγμῶδές	_	_
9.6	1640	[17]	τε	_	_
9.6	1641	[81]	καὶ	_	_
9.6	1642	[1]	πυρετῶδες	_	_
9.6	1643	[22]	τὸ	_	_
9.6	1644	[6]	ἕλκος	_	_
9.6	1645	[10]	ἂν	_	_
9.6	1646	[1]	εἴη	_	_
9.6	1647	[50]	.	b	_
9.6	1648	[1]	ἀναγκάζονται	_	_
9.6	1649	[14]	διὰ	_	_
9.6	1650	[23]	τὸ	_	_
9.6	1651	[3]	εἶδος	_	_
9.6	1652	[1]	ἐπικαταπλάσσειν	_	_
9.6	1653	[51]	.	b	_
9.6	1654	[1]	ἀσύμφορον	_	_
9.6	1655	[28]	δὲ	_	_
9.6	1656	[82]	καὶ	_	_
9.6	1657	[8]	τοῦτο	_	_
9.6	1658	[7]	τοῖσιν	_	_
9.6	1659	[7]	ἔνθεν	_	_
9.6	1660	[83]	καὶ	_	_
9.6	1661	[8]	ἔνθεν	_	_
9.6	1662	[1]	ἐπιδεομένοισιν	_	_
9.6	1663	[52]	.	b	_
9.6	1664	[1]	ἄχθος	_	_
9.6	1665	[12]	γὰρ	_	_
9.6	1666	[1]	ἀνωφελὲς	_	_
9.6	1667	[4]	πρὸς	_	_
9.6	1668	[9]	τῷ	_	_
9.6	1669	[1]	ἄλλῳ	_	_
9.6	1670	[1]	σφυγμῷ	_	_
9.6	1671	[1]	ἐπιγίγνεται	_	_
9.6	1672	[53]	.	b	_
9.6	1673	[1]	τελευτῶντες	_	_
9.6	1674	[13]	δ	_	_
9.6	1675	[35]	’	b	_
9.6	1676	[1]	ἀπολύουσι	_	_
9.6	1677	[6]	τὰ	_	_
9.6	1678	[1]	ἐπιδέσματα	_	_
9.6	1679	[168]	,	b	_
9.6	1680	[1]	ὁπότ	_	_
9.6	1681	[36]	’	b	_
9.6	1682	[1]	ἄν	_	_
9.6	1683	[1]	σφιν	_	_
9.6	1684	[1]	πάλιν	_	_
9.6	1685	[1]	κοτέῃ	_	_
9.6	1686	[169]	,	b	_
9.6	1687	[84]	καὶ	_	_
9.6	1688	[1]	ἰητρεύσουσι	_	_
9.6	1689	[24]	τὸ	_	_
9.6	1690	[1]	λοιπὸν	_	_
9.6	1691	[1]	ἄνευ	_	_
9.6	1692	[1]	ἐπιδέσιος	_	_
9.6	1693	[54]	.	b	_
9.6	1694	[3]	οὐδὲν	_	_
9.6	1695	[29]	δὲ	_	_
9.6	1696	[1]	ἧσσον	_	_
9.6	1697	[170]	,	b	_
9.6	1698	[85]	καὶ	_	_
9.6	1699	[1]	ἤν	_	_
9.6	1700	[10]	τι	_	_
9.6	1701	[1]	ἄλλο	_	_
9.6	1702	[2]	τοιοῦτον	_	_
9.6	1703	[1]	λάβωσι	_	_
9.6	1704	[171]	,	b	_
9.6	1705	[10]	τῷ	_	_
9.6	1706	[2]	αὐτῷ	_	_
9.6	1707	[1]	τρόπῳ	_	_
9.6	1708	[2]	ἰητρεύουσιν	_	_
9.6	1709	[55]	.	b	_
9.6	1710	[7]	οὐ	_	_
9.6	1711	[13]	γὰρ	_	_
9.6	1712	[1]	οἴονται	_	_
9.6	1713	[25]	τὴν	_	_
9.6	1714	[1]	ἐπίδεσιν	_	_
9.6	1715	[26]	τὴν	_	_
9.6	1716	[9]	ἔνθεν	_	_
9.6	1717	[86]	καὶ	_	_
9.6	1718	[10]	ἔνθεν	_	_
9.6	1719	[87]	καὶ	_	_
9.6	1720	[27]	τὴν	_	_
9.6	1721	[1]	ἀνάψυξιν	_	_
9.6	1722	[2]	αἰτίαν	_	_
9.6	1723	[14]	εἶναι	_	_
9.6	1724	[15]	τοῦ	_	_
9.6	1725	[2]	ἕλκους	_	_
9.6	1726	[172]	,	b	_
9.6	1727	[3]	ἀλλ	_	_
9.6	1728	[37]	’	b	_
9.6	1729	[1]	ἄλλην	_	_
9.6	1730	[1]	τινὰ	_	_
9.6	1731	[1]	ἀτυχίην	_	_
9.6	1732	[56]	.	b	_
9.6	1733	[8]	οὐκ	_	_
9.6	1734	[2]	οἴονται	_	_
9.6	1735	[173]	,	b	_
9.6	1736	[2]	φησὶ	_	_
9.6	1737	[174]	,	b	_
9.6	1738	[28]	τὴν	_	_
9.6	1739	[1]	κακὴν	_	_
9.6	1740	[2]	ἐπίδεσιν	_	_
9.6	1741	[3]	αἰτίαν	_	_
9.6	1742	[15]	εἶναι	_	_
9.6	1743	[11]	τῆς	_	_
9.6	1744	[3]	βλάβης	_	_
9.6	1745	[175]	,	b	_
9.6	1746	[4]	ἀλλ	_	_
9.6	1747	[38]	’	b	_
9.6	1748	[2]	ἄλλην	_	_
9.6	1749	[2]	τινὰ	_	_
9.6	1750	[2]	ἀτυχίαν	_	_
9.6	1751	[2]	·	b	_
9.6	1752	[15]	διὰ	_	_
9.6	1753	[3]	τοῦτ	_	_
9.6	1754	[39]	’	b	_
9.6	1755	[9]	οὖν	_	_
9.6	1756	[1]	οὐδ	_	_
9.6	1757	[40]	’	b	_
9.6	1758	[1]	ἀφίστανται	_	_
9.6	1759	[12]	τῆς	_	_
9.6	1760	[1]	εἰωθυίας	_	_
9.6	1761	[2]	αὐτοῖς	_	_
9.6	1762	[1]	ἀγωγῆς	_	_
9.6	1763	[176]	,	b	_
9.6	1764	[5]	ἀλλ	_	_
9.6	1765	[41]	’	b	_
9.6	1766	[1]	ἐπιμένουσι	_	_
9.6	1767	[11]	τοῖς	_	_
9.6	1768	[1]	κακῶς	_	_
9.6	1769	[2]	ἐγνωσμένοις	_	_
9.6	1770	[57]	.	b	_
9.6	1771	[2]	αὕτη	_	_
9.6	1772	[2]	μοι	_	_
9.6	1773	[8]	ἡ	_	_
9.6	1774	[16]	τοῦ	_	_
9.6	1775	[2]	προβλήματος	_	_
9.6	1776	[2]	λύσις	_	_
9.6	1777	[2]	ἐστὶ	_	_
9.6	1778	[177]	,	b	_
9.6	1779	[5]	καθ	_	_
9.6	1780	[42]	’	b	_
9.6	1781	[2]	ὃ	_	_
9.6	1782	[29]	τὴν	_	_
9.6	1783	[4]	αἰτίαν	_	_
9.6	1784	[1]	ἡμᾶς	_	_
9.6	1785	[1]	σκέψασθαι	_	_
9.6	1786	[13]	τῆς	_	_
9.6	1787	[19]	ἐν	_	_
9.6	1788	[12]	τοῖς	_	_
9.6	1789	[1]	ἰάμασι	_	_
9.6	1790	[1]	δεῖ	_	_
9.6	1791	[2]	διαφωνίας	_	_
9.6	1792	[178]	,	b	_
9.6	1793	[2]	ἣν	_	_
9.6	1794	[1]	καθόλου	_	_
9.6	1795	[1]	περιλαβὼν	_	_
9.6	1796	[2]	ἄν	_	_
9.6	1797	[4]	τις	_	_
9.6	1798	[1]	εἴποι	_	_
9.6	1799	[1]	διαφορὰν	_	_
9.6	1800	[16]	εἶναι	_	_
9.6	1801	[17]	τοῦ	_	_
9.6	1802	[1]	γενικῶς	_	_
9.6	1803	[1]	νοουμένου	_	_
9.6	1804	[18]	τε	_	_
9.6	1805	[88]	καὶ	_	_
9.6	1806	[1]	λεγομένου	_	_
9.6	1807	[89]	καὶ	_	_
9.6	1808	[1]	προβαλλομένου	_	_
9.6	1809	[1]	πράγματος	_	_
9.6	1810	[179]	,	b	_
9.6	1811	[1]	ἐάν	_	_
9.6	1812	[19]	τε	_	_
9.6	1813	[2]	πάθος	_	_
9.6	1814	[180]	,	b	_
9.6	1815	[2]	ἐάν	_	_
9.6	1816	[20]	τε	_	_
9.6	1817	[1]	ὕλη	_	_
9.6	1818	[5]	τις	_	_
9.6	1819	[2]	ᾖ	_	_
9.6	1820	[2]	βοηθήματος	_	_
9.6	1821	[58]	.	b	_
9.6	1822	[1]	λέγω	_	_
9.6	1823	[30]	δὲ	_	_
9.6	1824	[3]	πάθος	_	_
9.6	1825	[26]	μὲν	_	_
9.6	1826	[181]	,	b	_
9.6	1827	[2]	οἷον	_	_
9.6	1828	[30]	τὴν	_	_
9.6	1829	[1]	πλευρῖτιν	_	_
9.6	1830	[182]	,	b	_
9.6	1831	[1]	ἐφ	_	_
9.6	1832	[43]	’	b	_
9.6	1833	[1]	ἧς	_	_
9.6	1834	[9]	ὡς	_	_
9.6	1835	[10]	ἐπὶ	_	_
9.6	1836	[1]	παραδείγματος	_	_
9.6	1837	[1]	ἐποιήσατο	_	_
9.6	1838	[11]	τὸν	_	_
9.6	1839	[3]	λόγον	_	_
9.6	1840	[183]	,	b	_
9.6	1841	[2]	ὕλην	_	_
9.6	1842	[31]	δὲ	_	_
9.6	1843	[1]	μελίκρατον	_	_
9.6	1844	[184]	,	b	_
9.6	1845	[12]	ἢ	_	_
9.6	1846	[1]	οἶνον	_	_
9.6	1847	[185]	,	b	_
9.6	1848	[13]	ἢ	_	_
9.6	1849	[1]	ὕδωρ	_	_
9.6	1850	[186]	,	b	_
9.6	1851	[14]	ἢ	_	_
9.6	1852	[1]	ὀξύκρατον	_	_
9.6	1853	[59]	.	b	_
9.6	1854	[6]	καθ	_	_
9.6	1855	[44]	’	b	_
9.6	1856	[1]	ἕκαστον	_	_
9.6	1857	[14]	γὰρ	_	_
9.6	1858	[3]	τούτων	_	_
9.6	1859	[1]	ἴδιαί	_	_
9.6	1860	[2]	τινές	_	_
9.6	1861	[1]	εἰσι	_	_
9.6	1862	[1]	διαφοραὶ	_	_
9.6	1863	[187]	,	b	_
9.6	1864	[13]	περὶ	_	_
9.6	1865	[1]	ὧν	_	_
9.6	1866	[1]	ἁπασῶν	_	_
9.6	1867	[9]	ὁ	_	_
9.6	1868	[5]	Ἱπποκράτης	_	_
9.6	1869	[188]	,	b	_
9.6	1870	[8]	οὐ	_	_
9.6	1871	[5]	μόνον	_	_
9.6	1872	[2]	δι	_	_
9.6	1873	[45]	’	b	_
9.6	1874	[1]	ὀλίγων	_	_
9.6	1875	[1]	ῥημάτων	_	_
9.6	1876	[189]	,	b	_
9.6	1877	[5]	ἀλλὰ	_	_
9.6	1878	[90]	καὶ	_	_
9.6	1879	[3]	σαφῶς	_	_
9.6	1880	[1]	ἐδίδαξε	_	_
9.6	1881	[10]	τοὺς	_	_
9.6	1882	[4]	διορισμοὺς	_	_
9.6	1883	[190]	,	b	_
9.6	1884	[10]	ὡς	_	_
9.6	1885	[1]	ἐχρῆν	_	_
9.6	1886	[1]	διαιρεῖσθαι	_	_
9.6	1887	[8]	τὰς	_	_
9.6	1888	[1]	διαφοράς	_	_
9.6	1889	[60]	.	b	_
9.6	1890	[1]	ἐμοὶ	_	_
9.6	1891	[32]	δὲ	_	_
9.6	1892	[1]	ἀρκέσει	_	_
9.6	1893	[1]	παραδείγματός	_	_
9.6	1894	[3]	τινος	_	_
9.6	1895	[1]	ἐξ	_	_
9.6	1896	[7]	αὐτῶν	_	_
9.6	1897	[1]	μνημονεῦσαι	_	_
9.6	1898	[18]	τοῦ	_	_
9.6	1899	[14]	περὶ	_	_
9.6	1900	[12]	τὸν	_	_
9.6	1901	[2]	οἶνον	_	_
9.6	1902	[2]	λόγου	_	_
9.6	1903	[191]	,	b	_
9.6	1904	[10]	κατὰ	_	_
9.6	1905	[2]	τήνδε	_	_
9.6	1906	[31]	τὴν	_	_
9.6	1907	[1]	ῥῆσιν	_	_
9.6	1908	[1]	εἰρημένου	_	_
9.6	1909	[61]	.	b	_
9.6	1910	[1]	γλυκύν	_	_
9.6	1911	[21]	τε	_	_
9.6	1912	[3]	οἶνον	_	_
9.6	1913	[91]	καὶ	_	_
9.6	1914	[1]	οἰνώδεα	_	_
9.6	1915	[192]	,	b	_
9.6	1916	[1]	λευκὸν	_	_
9.6	1917	[92]	καὶ	_	_
9.6	1918	[1]	μέλανα	_	_
9.6	1919	[193]	,	b	_
9.6	1920	[93]	καὶ	_	_
9.6	1921	[2]	μελίκρατον	_	_
9.6	1922	[194]	,	b	_
9.6	1923	[94]	καὶ	_	_
9.6	1924	[2]	ὕδωρ	_	_
9.6	1925	[195]	,	b	_
9.6	1926	[95]	καὶ	_	_
9.6	1927	[1]	ὀξύμελι	_	_
9.6	1928	[1]	τοῖσδε	_	_
9.6	1929	[1]	σημαινόμενον	_	_
9.6	1930	[5]	χρὴ	_	_
9.6	1931	[1]	διορίζειν	_	_
9.6	1932	[20]	ἐν	_	_
9.6	1933	[2]	τῇσιν	_	_
9.6	1934	[1]	ὀξείῃσιν	_	_
9.6	1935	[2]	νούσοισιν	_	_
9.6	1936	[62]	.	b	_
9.6	1937	[10]	ὁ	_	_
9.6	1938	[27]	μὲν	_	_
9.6	1939	[1]	γλυκὺς	_	_
9.6	1940	[1]	ἧσσόν	_	_
9.6	1941	[4]	ἐστι	_	_
9.6	1942	[1]	καρηβαρικὸς	_	_
9.6	1943	[19]	τοῦ	_	_
9.6	1944	[1]	οἰνώδεος	_	_
9.6	1945	[196]	,	b	_
9.6	1946	[96]	καὶ	_	_
9.6	1947	[2]	ἧσσον	_	_
9.6	1948	[1]	φρενῶν	_	_
9.6	1949	[1]	ἁπτόμενος	_	_
9.6	1950	[197]	,	b	_
9.6	1951	[97]	καὶ	_	_
9.6	1952	[1]	διαχωρητικώτερος	_	_
9.6	1953	[1]	δή	_	_
9.6	1954	[11]	τι	_	_
9.6	1955	[20]	τοῦ	_	_
9.6	1956	[3]	ἑτέρου	_	_
9.6	1957	[2]	κατ	_	_
9.6	1958	[46]	’	b	_
9.6	1959	[1]	ἔντερον	_	_
9.6	1960	[198]	,	b	_
9.6	1961	[1]	μεγαλόσπλαγχνος	_	_
9.6	1962	[33]	δὲ	_	_
9.6	1963	[1]	σπληνὸς	_	_
9.6	1964	[98]	καὶ	_	_
9.6	1965	[1]	ἥπατος	_	_
9.6	1966	[199]	,	b	_
9.6	1967	[9]	οὐκ	_	_
9.6	1968	[1]	ἐπιτήδειος	_	_
9.6	1969	[14]	δ	_	_
9.6	1970	[47]	’	b	_
9.6	1971	[4]	οὐδὲ	_	_
9.6	1972	[4]	τοῖσι	_	_
9.6	1973	[1]	πικροχόλοισι	_	_
9.6	1974	[200]	,	b	_
9.6	1975	[99]	καὶ	_	_
9.6	1976	[15]	γὰρ	_	_
9.6	1977	[10]	οὖν	_	_
9.6	1978	[100]	καὶ	_	_
9.6	1979	[1]	διψώδης	_	_
9.6	1980	[1]	τοῖσί	_	_
9.6	1981	[8]	γε	_	_
9.6	1982	[1]	τοιούτοις	_	_
9.6	1983	[3]	ἐστὶ	_	_
9.6	1984	[201]	,	b	_
9.6	1985	[1]	ἀτὰρ	_	_
9.6	1986	[101]	καὶ	_	_
9.6	1987	[1]	φυσώδης	_	_
9.6	1988	[21]	τοῦ	_	_
9.6	1989	[1]	ἐντέρου	_	_
9.6	1990	[22]	τοῦ	_	_
9.6	1991	[1]	ἄνω	_	_
9.6	1992	[3]	·	b	_
9.6	1993	[9]	οὐ	_	_
9.6	1994	[2]	μὴν	_	_
9.6	1995	[1]	πολέμιός	_	_
9.6	1996	[9]	γε	_	_
9.6	1997	[11]	τῷ	_	_
9.6	1998	[1]	κάτω	_	_
9.6	1999	[1]	ἐντέρῳ	_	_
9.6	2000	[11]	κατὰ	_	_
9.6	2001	[4]	λόγον	_	_
9.6	2002	[14]	τῆς	_	_
9.6	2003	[1]	φύσης	_	_
9.6	2004	[63]	.	b	_
9.6	2005	[2]	καίτοι	_	_
9.6	2006	[10]	οὐ	_	_
9.6	2007	[2]	πάνυ	_	_
9.6	2008	[1]	πορίμη	_	_
9.6	2009	[1]	ἐστὶν	_	_
9.6	2010	[9]	ἡ	_	_
9.6	2011	[1]	ἀπὸ	_	_
9.6	2012	[23]	τοῦ	_	_
9.6	2013	[1]	γλυκέος	_	_
9.6	2014	[4]	οἴνου	_	_
9.6	2015	[1]	φύσα	_	_
9.6	2016	[202]	,	b	_
9.6	2017	[6]	ἀλλ	_	_
9.6	2018	[48]	’	b	_
9.6	2019	[1]	ἐγχρονίζει	_	_
9.6	2020	[15]	περὶ	_	_
9.6	2021	[1]	ὑποχόνδρια	_	_
9.6	2022	[64]	.	b	_
9.6	2023	[102]	καὶ	_	_
9.6	2024	[16]	γὰρ	_	_
9.6	2025	[11]	οὖν	_	_
9.6	2026	[3]	ἧσσον	_	_
9.6	2027	[1]	οὐρητικὸς	_	_
9.6	2028	[1]	οὗτος	_	_
9.6	2029	[25]	τὸ	_	_
9.6	2030	[1]	ἐπίπαν	_	_
9.6	2031	[24]	τοῦ	_	_
9.6	2032	[2]	οἰνώδεος	_	_
9.6	2033	[1]	λευκοῦ	_	_
9.6	2034	[65]	.	b	_
9.6	2035	[1]	πτυάλου	_	_
9.6	2036	[15]	δ	_	_
9.6	2037	[49]	’	b	_
9.6	2038	[1]	ἀναγωγὸς	_	_
9.6	2039	[1]	μᾶλλόν	_	_
9.6	2040	[5]	ἐστι	_	_
9.6	2041	[25]	τοῦ	_	_
9.6	2042	[4]	ἑτέρου	_	_
9.6	2043	[11]	ὁ	_	_
9.6	2044	[1]	γλυκύς	_	_
9.6	2045	[66]	.	b	_
9.6	2046	[103]	καὶ	_	_
9.6	2047	[1]	οἷσι	_	_
9.6	2048	[28]	μὲν	_	_
9.6	2049	[2]	διψώδης	_	_
9.6	2050	[4]	ἐστὶ	_	_
9.6	2051	[1]	πινόμενος	_	_
9.6	2052	[203]	,	b	_
9.6	2053	[4]	ἧσσον	_	_
9.6	2054	[11]	ἂν	_	_
9.6	2055	[1]	τούτοισιν	_	_
9.6	2056	[1]	ἀνάγοι	_	_
9.6	2057	[204]	,	b	_
9.6	2058	[15]	ἢ	_	_
9.6	2059	[12]	ὁ	_	_
9.6	2060	[2]	ἕτερος	_	_
9.6	2061	[1]	οἶνος	_	_
9.6	2062	[205]	,	b	_
9.6	2063	[2]	οἷσι	_	_
9.6	2064	[34]	δὲ	_	_
9.6	2065	[10]	μὴ	_	_
9.6	2066	[3]	διψώδης	_	_
9.6	2067	[206]	,	b	_
9.6	2068	[2]	οἶνος	_	_
9.6	2069	[1]	ἐπῄνηται	_	_
9.6	2070	[29]	μὲν	_	_
9.6	2071	[104]	καὶ	_	_
9.6	2072	[1]	ἔψεκται	_	_
9.6	2073	[7]	τὰ	_	_
9.6	2074	[1]	πλεῖστα	_	_
9.6	2075	[207]	,	b	_
9.6	2076	[105]	καὶ	_	_
9.6	2077	[2]	μέγιστα	_	_
9.6	2078	[2]	ἤδη	_	_
9.6	2079	[21]	ἐν	_	_
9.6	2080	[10]	τῇ	_	_
9.6	2081	[26]	τοῦ	_	_
9.6	2082	[2]	γλυκέος	_	_
9.6	2083	[5]	οἴνου	_	_
9.6	2084	[1]	διηγήσει	_	_
9.6	2085	[67]	.	b	_
9.6	2086	[7]	εἰς	_	_
9.6	2087	[35]	δὲ	_	_
9.6	2088	[1]	κύστιν	_	_
9.6	2089	[1]	μᾶλλον	_	_
9.6	2090	[1]	πόριμος	_	_
9.6	2091	[1]	ἐὼν	_	_
9.6	2092	[27]	τοῦ	_	_
9.6	2093	[1]	ἐτέρου	_	_
9.6	2094	[208]	,	b	_
9.6	2095	[106]	καὶ	_	_
9.6	2096	[1]	διουρητικὸς	_	_
9.6	2097	[36]	δὲ	_	_
9.6	2098	[12]	ἂν	_	_
9.6	2099	[107]	καὶ	_	_
9.6	2100	[1]	καταῤῥηκτικὸς	_	_
9.6	2101	[209]	,	b	_
9.6	2102	[1]	ἀεὶ	_	_
9.6	2103	[2]	πολλὰ	_	_
9.6	2104	[5]	πρὸς	_	_
9.6	2105	[1]	ὠφέλειαν	_	_
9.6	2106	[22]	ἐν	_	_
9.6	2107	[1]	ταύτῃσι	_	_
9.6	2108	[1]	τῇσι	_	_
9.6	2109	[1]	νούσοισι	_	_
9.6	2110	[68]	.	b	_
9.6	2111	[108]	καὶ	_	_
9.6	2112	[17]	γὰρ	_	_
9.6	2113	[4]	εἰ	_	_
9.6	2114	[6]	πρὸς	_	_
9.6	2115	[2]	ἄλλα	_	_
9.6	2116	[1]	ἀνεπιτηδειότερος	_	_
9.6	2117	[28]	τοῦ	_	_
9.6	2118	[5]	ἑτέρου	_	_
9.6	2119	[1]	πέφυκεν	_	_
9.6	2120	[210]	,	b	_
9.6	2121	[7]	ἀλλ	_	_
9.6	2122	[50]	’	b	_
9.6	2123	[2]	ὅμως	_	_
9.6	2124	[12]	κατὰ	_	_
9.6	2125	[2]	κύστιν	_	_
9.6	2126	[10]	ἡ	_	_
9.6	2127	[1]	κάθαρσις	_	_
9.6	2128	[1]	ὑπ	_	_
9.6	2129	[51]	’	b	_
9.6	2130	[5]	αὐτοῦ	_	_
9.6	2131	[1]	γιγνομένη	_	_
9.6	2132	[1]	ῥύεται	_	_
9.6	2133	[211]	,	b	_
9.6	2134	[4]	ἢν	_	_
9.6	2135	[1]	προτρέπηται	_	_
9.6	2136	[212]	,	b	_
9.6	2137	[1]	ὁκοῖα	_	_
9.6	2138	[2]	δεῖ	_	_
9.6	2139	[69]	.	b	_
9.6	2140	[1]	καλὰ	_	_
9.6	2141	[37]	δὲ	_	_
9.6	2142	[4]	ταῦτα	_	_
9.6	2143	[1]	τεκμήριά	_	_
9.6	2144	[6]	ἐστι	_	_
9.6	2145	[8]	τὰ	_	_
9.6	2146	[16]	περὶ	_	_
9.6	2147	[6]	οἴνου	_	_
9.6	2148	[109]	καὶ	_	_
9.6	2149	[3]	ὠφελείας	_	_
9.6	2150	[213]	,	b	_
9.6	2151	[110]	καὶ	_	_
9.6	2152	[4]	βλάβης	_	_
9.6	2153	[214]	,	b	_
9.6	2154	[2]	ὅσα	_	_
9.6	2155	[2]	ἀκαταμάθητα	_	_
9.6	2156	[1]	ἦν	_	_
9.6	2157	[8]	τοῖσιν	_	_
9.6	2158	[1]	ἐμοῦ	_	_
9.6	2159	[1]	γεραιτέροισι	_	_
9.6	2160	[70]	.	b	_
9.6	2161	[1]	κιῤῥῷ	_	_
9.6	2162	[16]	δ	_	_
9.6	2163	[52]	’	b	_
9.6	2164	[3]	αὖ	_	_
9.6	2165	[1]	οἴνῳ	_	_
9.6	2166	[111]	καὶ	_	_
9.6	2167	[1]	μέλανι	_	_
9.6	2168	[1]	αὐστηρῷ	_	_
9.6	2169	[23]	ἐν	_	_
9.6	2170	[2]	ταύτῃσι	_	_
9.6	2171	[2]	τῇσι	_	_
9.6	2172	[3]	νούσοισιν	_	_
9.6	2173	[8]	ἐς	_	_
9.6	2174	[3]	τάδε	_	_
9.6	2175	[13]	ἂν	_	_
9.6	2176	[1]	χρήσαιο	_	_
9.6	2177	[215]	,	b	_
9.6	2178	[5]	εἰ	_	_
9.6	2179	[1]	καρηβαρίη	_	_
9.6	2180	[30]	μὲν	_	_
9.6	2181	[11]	μὴ	_	_
9.6	2182	[1]	ἐνείη	_	_
9.6	2183	[216]	,	b	_
9.6	2184	[3]	μηδὲ	_	_
9.6	2185	[2]	φρενῶν	_	_
9.6	2186	[1]	ἅψις	_	_
9.6	2187	[217]	,	b	_
9.6	2188	[4]	μηδὲ	_	_
9.6	2189	[26]	τὸ	_	_
9.6	2190	[1]	πτύαλον	_	_
9.6	2191	[1]	κωλύοι	_	_
9.6	2192	[27]	τὸ	_	_
9.6	2193	[15]	τῆς	_	_
9.6	2194	[1]	ὁδοῦ	_	_
9.6	2195	[218]	,	b	_
9.6	2196	[5]	μηδὲ	_	_
9.6	2197	[28]	τὸ	_	_
9.6	2198	[1]	οὖρον	_	_
9.6	2199	[1]	ἴσχοιτο	_	_
9.6	2200	[219]	,	b	_
9.6	2201	[1]	διαχωρήματα	_	_
9.6	2202	[38]	δὲ	_	_
9.6	2203	[1]	πλαδαρώτερα	_	_
9.6	2204	[112]	καὶ	_	_
9.6	2205	[1]	ξυσματωδέστερα	_	_
9.6	2206	[2]	εἴη	_	_
9.6	2207	[71]	.	b	_
9.6	2208	[24]	ἐν	_	_
9.6	2209	[39]	δὲ	_	_
9.6	2210	[5]	τοῖσι	_	_
9.6	2211	[2]	τοιούτοισι	_	_
9.6	2212	[1]	πρέποι	_	_
9.6	2213	[14]	ἂν	_	_
9.6	2214	[5]	μάλιστα	_	_
9.6	2215	[1]	μεταβάλλειν	_	_
9.6	2216	[1]	ἐκ	_	_
9.6	2217	[29]	τοῦ	_	_
9.6	2218	[2]	λευκοῦ	_	_
9.6	2219	[220]	,	b	_
9.6	2220	[113]	καὶ	_	_
9.6	2221	[3]	ὅσα	_	_
9.6	2222	[2]	τούτοισιν	_	_
9.6	2223	[1]	ἐμφερέα	_	_
9.6	2224	[221]	,	b	_
9.6	2225	[1]	προσξυνιέναι	_	_
9.6	2226	[40]	δὲ	_	_
9.6	2227	[222]	,	b	_
9.6	2228	[1]	διότι	_	_
9.6	2229	[9]	τὰ	_	_
9.6	2230	[31]	μὲν	_	_
9.6	2231	[2]	ἄνω	_	_
9.6	2232	[2]	πάντα	_	_
9.6	2233	[114]	καὶ	_	_
9.6	2234	[10]	τὰ	_	_
9.6	2235	[13]	κατὰ	_	_
9.6	2236	[3]	κύστιν	_	_
9.6	2237	[5]	ἧσσον	_	_
9.6	2238	[1]	βλάψει	_	_
9.6	2239	[223]	,	b	_
9.6	2240	[5]	ἢν	_	_
9.6	2241	[1]	ὑδαρέστερος	_	_
9.6	2242	[3]	ᾖ	_	_
9.6	2243	[224]	,	b	_
9.6	2244	[11]	τὰ	_	_
9.6	2245	[41]	δὲ	_	_
9.6	2246	[3]	κατ	_	_
9.6	2247	[53]	’	b	_
9.6	2248	[2]	ἔντερον	_	_
9.6	2249	[115]	καὶ	_	_
9.6	2250	[2]	μᾶλλον	_	_
9.6	2251	[1]	ὀνήσει	_	_
9.6	2252	[225]	,	b	_
9.6	2253	[6]	ἢν	_	_
9.6	2254	[1]	ἀκρατέστερος	_	_
9.6	2255	[4]	ᾖ	_	_
9.6	2256	[72]	.	b	_
9.6	2257	[14]	κατὰ	_	_
9.6	2258	[1]	ταῦτά	_	_
9.6	2259	[1]	φησι	_	_
9.6	2260	[12]	τὰ	_	_
9.6	2261	[17]	περὶ	_	_
9.6	2262	[16]	τῆς	_	_
9.6	2263	[31]	τῶν	_	_
9.6	2264	[1]	οἴνων	_	_
9.6	2265	[1]	διαφορᾶς	_	_
9.6	2266	[22]	τε	_	_
9.6	2267	[116]	καὶ	_	_
9.6	2268	[1]	χρήσεως	_	_
9.6	2269	[226]	,	b	_
9.6	2270	[3]	ἀκαταμάθητα	_	_
9.6	2271	[2]	ἦν	_	_
9.6	2272	[9]	τοῖσιν	_	_
9.6	2273	[2]	ἐμοῦ	_	_
9.6	2274	[1]	γεραιτέροισιν	_	_
9.6	2275	[73]	.	b	_
9.6	2276	[2]	ἐγὼ	_	_
9.6	2277	[42]	δὲ	_	_
9.6	2278	[5]	ταῦτα	_	_
9.6	2279	[1]	διορισμοῖσι	_	_
9.6	2280	[1]	διακρίνων	_	_
9.6	2281	[32]	τὴν	_	_
9.6	2282	[1]	ἐπ	_	_
9.6	2283	[54]	’	b	_
9.6	2284	[1]	αὐτοῖσι	_	_
9.6	2285	[4]	τέχνην	_	_
9.6	2286	[1]	συνεστησάμην	_	_
9.6	2287	[74]	.	b	_
9.6	2288	[1]	οὕτω	_	_
9.6	2289	[43]	δὲ	_	_
9.6	2290	[117]	καὶ	_	_
9.6	2291	[18]	περὶ	_	_
9.6	2292	[3]	μελικράτου	_	_
9.6	2293	[227]	,	b	_
9.6	2294	[118]	καὶ	_	_
9.6	2295	[1]	μέλιτος	_	_
9.6	2296	[228]	,	b	_
9.6	2297	[1]	ὕδατός	_	_
9.6	2298	[23]	τε	_	_
9.6	2299	[119]	καὶ	_	_
9.6	2300	[2]	ὀξυμέλιτος	_	_
9.6	2301	[229]	,	b	_
9.6	2302	[120]	καὶ	_	_
9.6	2303	[5]	πτισάνης	_	_
9.6	2304	[230]	,	b	_
9.6	2305	[121]	καὶ	_	_
9.6	2306	[1]	βαλανείων	_	_
9.6	2307	[1]	ἔγραψε	_	_
9.6	2308	[11]	τοὺς	_	_
9.6	2309	[5]	διορισμοὺς	_	_
9.6	2310	[231]	,	b	_
9.6	2311	[2]	μεμφόμενος	_	_
9.6	2312	[12]	τοὺς	_	_
9.6	2313	[11]	ἐπὶ	_	_
9.6	2314	[1]	πάντων	_	_
9.6	2315	[32]	τῶν	_	_
9.6	2316	[1]	ὀξέως	_	_
9.6	2317	[2]	νοσούντων	_	_
9.6	2318	[2]	ἤτοι	_	_
9.6	2319	[1]	κελεύοντας	_	_
9.6	2320	[16]	ἢ	_	_
9.6	2321	[1]	κωλύοντας	_	_
9.6	2322	[1]	ἑκάστῳ	_	_
9.6	2323	[33]	τῶν	_	_
9.6	2324	[2]	εἰρημένων	_	_
9.6	2325	[2]	χρῆσθαι	_	_
9.6	2326	[75]	.	b	_
9.6	2327	[7]	πρὸς	_	_
9.6	2328	[18]	γὰρ	_	_
9.6	2329	[13]	τὸν	_	_
9.6	2330	[1]	ἐρόμενον	_	_
9.6	2331	[232]	,	b	_
9.6	2332	[6]	εἰ	_	_
9.6	2333	[2]	δοτέον	_	_
9.6	2334	[4]	οἶνον	_	_
9.6	2335	[13]	τοῖς	_	_
9.6	2336	[1]	πυρέττουσιν	_	_
9.6	2337	[233]	,	b	_
9.6	2338	[1]	ἀποκριτέον	_	_
9.6	2339	[234]	,	b	_
9.6	2340	[11]	ὡς	_	_
9.6	2341	[1]	τῷδε	_	_
9.6	2342	[2]	μέν	_	_
9.6	2343	[1]	τινι	_	_
9.6	2344	[3]	δοτέον	_	_
9.6	2345	[2]	ἐστί	_	_
9.6	2346	[76]	.	b	_
9.6	2347	[1]	ταὐτὸν	_	_
9.6	2348	[44]	δὲ	_	_
9.6	2349	[9]	τοῦτο	_	_
9.6	2350	[122]	καὶ	_	_
9.6	2351	[19]	περὶ	_	_
9.6	2352	[1]	ἡδονῆς	_	_
9.6	2353	[13]	ὁ	_	_
9.6	2354	[1]	Πλάτων	_	_
9.6	2355	[1]	ἐποίησε	_	_
9.6	2356	[235]	,	b	_
9.6	2357	[1]	τινὰς	_	_
9.6	2358	[32]	μὲν	_	_
9.6	2359	[8]	αὐτῶν	_	_
9.6	2360	[1]	φεύγειν	_	_
9.6	2361	[2]	ἡμᾶς	_	_
9.6	2362	[1]	κελεύων	_	_
9.6	2363	[236]	,	b	_
9.6	2364	[2]	τινὰς	_	_
9.6	2365	[45]	δὲ	_	_
9.6	2366	[1]	προσίεσθαι	_	_
9.6	2367	[77]	.	b	_
9.6	2368	[9]	τὰς	_	_
9.6	2369	[33]	μὲν	_	_
9.6	2370	[19]	γὰρ	_	_
9.6	2371	[12]	ἐπὶ	_	_
9.6	2372	[1]	μαθήμασιν	_	_
9.6	2373	[1]	ὠφελίμοις	_	_
9.6	2374	[24]	τε	_	_
9.6	2375	[123]	καὶ	_	_
9.6	2376	[1]	καλοῖς	_	_
9.6	2377	[237]	,	b	_
9.6	2378	[124]	καὶ	_	_
9.6	2379	[2]	ὅλως	_	_
9.6	2380	[1]	ἁπάσαις	_	_
9.6	2381	[2]	ταῖς	_	_
9.6	2382	[1]	καλαῖς	_	_
9.6	2383	[1]	πράξεσι	_	_
9.6	2384	[2]	προσίεσθαι	_	_
9.6	2385	[6]	χρὴ	_	_
9.6	2386	[238]	,	b	_
9.6	2387	[10]	τὰς	_	_
9.6	2388	[17]	δ	_	_
9.6	2389	[55]	’	b	_
9.6	2390	[2]	ἐπ	_	_
9.6	2391	[56]	’	b	_
9.6	2392	[1]	οἰνοφλυγίαις	_	_
9.6	2393	[239]	,	b	_
9.6	2394	[17]	ἢ	_	_
9.6	2395	[1]	λιχνείαις	_	_
9.6	2396	[240]	,	b	_
9.6	2397	[18]	ἢ	_	_
9.6	2398	[1]	ἀφροδισίοις	_	_
9.6	2399	[2]	φεύγειν	_	_
9.6	2400	[241]	,	b	_
9.6	2401	[1]	ὅσαι	_	_
9.6	2402	[46]	δὲ	_	_
9.6	2403	[1]	μηδὲν	_	_
9.6	2404	[4]	τούτων	_	_
9.6	2405	[1]	ἀποκεκριμένον	_	_
9.6	2406	[1]	ἔχουσι	_	_
9.6	2407	[242]	,	b	_
9.6	2408	[1]	μήτε	_	_
9.6	2409	[3]	φεύγειν	_	_
9.6	2410	[243]	,	b	_
9.6	2411	[2]	μήτε	_	_
9.6	2412	[1]	διώκειν	_	_
9.6	2413	[78]	.	b	_
9.6	2414	[1]	εὑρίσκονται	_	_
9.6	2415	[47]	δὲ	_	_
9.6	2416	[2]	δηλονότι	_	_
9.6	2417	[30]	τοῦ	_	_
9.6	2418	[1]	γένους	_	_
9.6	2419	[34]	τῶν	_	_
9.6	2420	[1]	ἡδονῶν	_	_
9.6	2421	[1]	αἱ	_	_
9.6	2422	[2]	διαφοραὶ	_	_
9.6	2423	[15]	κατὰ	_	_
9.6	2424	[33]	τὴν	_	_
9.6	2425	[1]	διαιρετικὴν	_	_
9.6	2426	[1]	μέθοδον	_	_
9.6	2427	[244]	,	b	_
9.6	2428	[12]	ὡς	_	_
9.6	2429	[25]	ἐν	_	_
9.6	2430	[1]	ὅλῳ	_	_
9.6	2431	[12]	τῷ	_	_
9.6	2432	[1]	Φιλήβῳ	_	_
9.6	2433	[1]	δείκνυσιν	_	_
9.6	2434	[14]	ὁ	_	_
9.6	2435	[2]	Πλάτων	_	_
9.6	2436	[245]	,	b	_
9.6	2437	[11]	τὰς	_	_
9.6	2438	[3]	διαφορὰς	_	_
9.6	2439	[1]	ἁπάσας	_	_
9.6	2440	[9]	αὐτῶν	_	_
9.6	2441	[1]	διδάσκων	_	_
9.6	2442	[79]	.	b	_
9.6	2443	[16]	διὰ	_	_
9.6	2444	[4]	τοῦτ	_	_
9.6	2445	[57]	’	b	_
9.6	2446	[12]	οὖν	_	_
9.6	2447	[1]	ἔφην	_	_
9.6	2448	[1]	παρακεῖσθαι	_	_
9.6	2449	[125]	καὶ	_	_
9.6	2450	[1]	κοινωνεῖν	_	_
9.6	2451	[16]	κατὰ	_	_
9.6	2452	[34]	τὴν	_	_
9.6	2453	[2]	διαιρετικὴν	_	_
9.6	2454	[1]	ὁδὸν	_	_
9.6	2455	[1]	εὑρισκόμενα	_	_
9.6	2456	[14]	τοῖς	_	_
9.6	2457	[17]	κατὰ	_	_
9.6	2458	[35]	τὴν	_	_
9.6	2459	[1]	ὁμοίου	_	_
9.6	2460	[1]	γνῶσιν	_	_
9.6	2461	[80]	.	b	_
9.6	2462	[1]	ὁμοιότης	_	_
9.6	2463	[34]	μὲν	_	_
9.6	2464	[3]	γάρ	_	_
9.6	2465	[7]	ἐστι	_	_
9.6	2466	[3]	ταῖς	_	_
9.6	2467	[1]	ἡδοναῖς	_	_
9.6	2468	[8]	πρὸς	_	_
9.6	2469	[1]	ἀλλήλας	_	_
9.6	2470	[81]	.	b	_
9.6	2471	[11]	ἡ	_	_
9.6	2472	[35]	μὲν	_	_
9.6	2473	[1]	κοινότης	_	_
9.6	2474	[18]	κατὰ	_	_
9.6	2475	[29]	τὸ	_	_
9.6	2476	[1]	γένος	_	_
9.6	2477	[82]	.	b	_
9.6	2478	[2]	ἓν	_	_
9.6	2479	[4]	γάρ	_	_
9.6	2480	[2]	τοι	_	_
9.6	2481	[1]	κοινόν	_	_
9.6	2482	[1]	ἐστιν	_	_
9.6	2483	[26]	ἐν	_	_
9.6	2484	[1]	αὐταῖς	_	_
9.6	2485	[246]	,	b	_
9.6	2486	[7]	καθ	_	_
9.6	2487	[58]	’	b	_
9.6	2488	[3]	ὃ	_	_
9.6	2489	[36]	τὴν	_	_
9.6	2490	[1]	προσηγορίαν	_	_
9.6	2491	[1]	ἐκτήσαντο	_	_
9.6	2492	[1]	κοινήν	_	_
9.6	2493	[83]	.	b	_
9.6	2494	[1]	ἕτεραι	_	_
9.6	2495	[48]	δὲ	_	_
9.6	2496	[19]	κατὰ	_	_
9.6	2497	[37]	τὴν	_	_
9.6	2498	[27]	ἐν	_	_
9.6	2499	[4]	ταῖς	_	_
9.6	2500	[1]	ἰδίαις	_	_
9.6	2501	[1]	διαφοραῖς	_	_
9.6	2502	[1]	ἰδέαν	_	_
9.6	2503	[84]	.	b	_
9.6	2504	[2]	αἱ	_	_
9.6	2505	[36]	μὲν	_	_
9.6	2506	[20]	γὰρ	_	_
9.6	2507	[1]	ἁπλαῖ	_	_
9.6	2508	[5]	ταῖς	_	_
9.6	2509	[1]	ἁπλαῖς	_	_
9.6	2510	[9]	πρὸς	_	_
9.6	2511	[13]	τῷ	_	_
9.6	2512	[1]	κοινῷ	_	_
9.6	2513	[17]	τῆς	_	_
9.6	2514	[2]	ἡδονῆς	_	_
9.6	2515	[1]	εἴδει	_	_
9.6	2516	[247]	,	b	_
9.6	2517	[126]	καὶ	_	_
9.6	2518	[30]	τὸ	_	_
9.6	2519	[20]	κατὰ	_	_
9.6	2520	[38]	τὴν	_	_
9.6	2521	[1]	ἁπλότητα	_	_
9.6	2522	[1]	προσλαβοῦσαι	_	_
9.6	2523	[248]	,	b	_
9.6	2524	[1]	μείζονα	_	_
9.6	2525	[39]	τὴν	_	_
9.6	2526	[1]	ὁμοιότητα	_	_
9.6	2527	[1]	προσλαμβάνουσιν	_	_
9.6	2528	[85]	.	b	_
9.6	2529	[3]	ὥσπερ	_	_
9.6	2530	[10]	γε	_	_
9.6	2531	[127]	καὶ	_	_
9.6	2532	[28]	ἐν	_	_
9.6	2533	[15]	τοῖς	_	_
9.6	2534	[1]	συνθέτοις	_	_
9.6	2535	[3]	αἱ	_	_
9.6	2536	[1]	σύνθετοι	_	_
9.6	2537	[249]	,	b	_
9.6	2538	[128]	καὶ	_	_
9.6	2539	[4]	αἱ	_	_
9.6	2540	[1]	σωματικαὶ	_	_
9.6	2541	[6]	ταῖς	_	_
9.6	2542	[1]	σωματικαῖς	_	_
9.6	2543	[250]	,	b	_
9.6	2544	[1]	αἵ	_	_
9.6	2545	[25]	τε	_	_
9.6	2546	[1]	ψυχικαὶ	_	_
9.6	2547	[7]	ταῖς	_	_
9.6	2548	[1]	ψυχικαῖς	_	_
9.6	2549	[251]	,	b	_
9.6	2550	[2]	αἵ	_	_
9.6	2551	[26]	τε	_	_
9.6	2552	[1]	ὠφέλιμοι	_	_
9.6	2553	[8]	ταῖς	_	_
9.6	2554	[2]	ὠφελίμοις	_	_
9.6	2555	[252]	,	b	_
9.6	2556	[3]	αἵ	_	_
9.6	2557	[27]	τε	_	_
9.6	2558	[1]	βλαβεραὶ	_	_
9.6	2559	[9]	ταῖς	_	_
9.6	2560	[1]	βλαβεραῖς	_	_
9.6	2561	[253]	,	b	_
9.6	2562	[4]	ὥσπερ	_	_
9.6	2563	[129]	καὶ	_	_
9.6	2564	[5]	αἱ	_	_
9.6	2565	[21]	κατὰ	_	_
9.6	2566	[12]	τὰς	_	_
9.6	2567	[1]	καλὰς	_	_
9.6	2568	[1]	πράξεις	_	_
9.6	2569	[130]	καὶ	_	_
9.6	2570	[6]	αἱ	_	_
9.6	2571	[22]	κατὰ	_	_
9.6	2572	[13]	τὰς	_	_
9.6	2573	[1]	κακὰς	_	_
9.6	2574	[1]	ἀλλήλαις	_	_
9.6	2575	[1]	ἑκάτεραι	_	_
9.6	2576	[86]	.	b	_
9.6	2577	[1]	παραπλησίως	_	_
9.6	2578	[49]	δὲ	_	_
9.6	2579	[131]	καὶ	_	_
9.6	2580	[7]	αἱ	_	_
9.6	2581	[37]	μὲν	_	_
9.6	2582	[23]	κατὰ	_	_
9.6	2583	[31]	τὸ	_	_
9.6	2584	[1]	λογιστικὸν	_	_
9.6	2585	[4]	εἶδος	_	_
9.6	2586	[18]	τῆς	_	_
9.6	2587	[1]	ψυχῆς	_	_
9.6	2588	[2]	ἀλλήλαις	_	_
9.6	2589	[254]	,	b	_
9.6	2590	[8]	αἱ	_	_
9.6	2591	[50]	δὲ	_	_
9.6	2592	[24]	κατὰ	_	_
9.6	2593	[32]	τὸ	_	_
9.6	2594	[1]	θυμοειδὲς	_	_
9.6	2595	[255]	,	b	_
9.6	2596	[19]	ἢ	_	_
9.6	2597	[1]	ἐπιθυμητικὸν	_	_
9.6	2598	[256]	,	b	_
9.6	2599	[1]	ὁμοίως	_	_
9.6	2600	[132]	καὶ	_	_
9.6	2601	[1]	αἵδε	_	_
9.6	2602	[25]	κατὰ	_	_
9.6	2603	[14]	τὸν	_	_
9.6	2604	[2]	αὐτὸν	_	_
9.6	2605	[3]	τρόπον	_	_
9.6	2606	[3]	ἀλλήλαις	_	_
9.6	2607	[87]	.	b	_
9.6	2608	[7]	εἰ	_	_
9.6	2609	[51]	δὲ	_	_
9.6	2610	[1]	χωρὶς	_	_
9.6	2611	[31]	τοῦ	_	_
9.6	2612	[2]	τέμνειν	_	_
9.6	2613	[8]	εἰς	_	_
9.6	2614	[14]	τὰς	_	_
9.6	2615	[1]	οἰκείας	_	_
9.6	2616	[4]	διαφορὰς	_	_
9.6	2617	[2]	ἕκαστον	_	_
9.6	2618	[35]	τῶν	_	_
9.6	2619	[1]	γενῶν	_	_
9.6	2620	[1]	ἀποφῃνάμενοί	_	_
9.6	2621	[12]	τι	_	_
9.6	2622	[2]	καθόλου	_	_
9.6	2623	[133]	καὶ	_	_
9.6	2624	[1]	ἀδιορίστως	_	_
9.6	2625	[1]	ἰατροί	_	_
9.6	2626	[28]	τε	_	_
9.6	2627	[134]	καὶ	_	_
9.6	2628	[1]	φιλόσοφοι	_	_
9.6	2629	[257]	,	b	_
9.6	2630	[3]	πολλὰ	_	_
9.6	2631	[36]	τῶν	_	_
9.6	2632	[2]	ἐναργῶς	_	_
9.6	2633	[1]	φαινομένων	_	_
9.6	2634	[1]	ὁσημέραι	_	_
9.6	2635	[1]	μαχόμενα	_	_
9.6	2636	[10]	ταῖς	_	_
9.6	2637	[1]	ἑαυτῶν	_	_
9.6	2638	[1]	ἀποφάσεσιν	_	_
9.6	2639	[1]	ἴσχουσιν	_	_
9.6	2640	[88]	.	b	_
9.6	2641	[15]	ὁ	_	_
9.6	2642	[21]	γὰρ	_	_
9.6	2643	[1]	ἐπαινούμενος	_	_
9.6	2644	[2]	ὑπὸ	_	_
9.6	2645	[37]	τῶν	_	_
9.6	2646	[26]	κατὰ	_	_
9.6	2647	[15]	τὰς	_	_
9.6	2648	[2]	τέχνας	_	_
9.6	2649	[2]	ἁπάντων	_	_
9.6	2650	[1]	ἀξιολόγων	_	_
9.6	2651	[1]	ἀνδρῶν	_	_
9.6	2652	[1]	διορισμὸς	_	_
9.6	2653	[2]	ἐκ	_	_
9.6	2654	[32]	τοῦ	_	_
9.6	2655	[1]	γεγυμνάσθαι	_	_
9.6	2656	[27]	κατὰ	_	_
9.6	2657	[16]	τὰς	_	_
9.6	2658	[1]	δύο	_	_
9.6	2659	[1]	ταύτας	_	_
9.6	2660	[1]	θεωρίας	_	_
9.6	2661	[258]	,	b	_
9.6	2662	[1]	ὑπὲρ	_	_
9.6	2663	[2]	ὧν	_	_
9.6	2664	[29]	ἐν	_	_
9.6	2665	[2]	τῷδε	_	_
9.6	2666	[14]	τῷ	_	_
9.6	2667	[1]	γράμματι	_	_
9.6	2668	[1]	διῆλθον	_	_
9.6	2669	[259]	,	b	_
9.6	2670	[1]	ἀποτελεῖται	_	_
9.6	2671	[89]	.	b	_
9.6	2672	[2]	λέγω	_	_
9.6	2673	[52]	δὲ	_	_
9.6	2674	[2]	δύο	_	_
9.6	2675	[2]	θεωρίας	_	_
9.6	2676	[260]	,	b	_
9.6	2677	[2]	τήν	_	_
9.6	2678	[3]	τ	_	_
9.6	2679	[59]	’	b	_
9.6	2680	[3]	ἐκ	_	_
9.6	2681	[19]	τῆς	_	_
9.6	2682	[38]	τῶν	_	_
9.6	2683	[1]	ὁμοίων	_	_
9.6	2684	[29]	τε	_	_
9.6	2685	[135]	καὶ	_	_
9.6	2686	[1]	ἀνομοίων	_	_
9.6	2687	[1]	διακρίσεως	_	_
9.6	2688	[136]	καὶ	_	_
9.6	2689	[40]	τὴν	_	_
9.6	2690	[4]	ἐκ	_	_
9.6	2691	[20]	τῆς	_	_
9.6	2692	[28]	κατὰ	_	_
9.6	2693	[1]	διαίρεσίν	_	_
9.6	2694	[30]	τε	_	_
9.6	2695	[39]	τῶν	_	_
9.6	2696	[2]	γενῶν	_	_
9.6	2697	[3]	ἄχρι	_	_
9.6	2698	[40]	τῶν	_	_
9.6	2699	[1]	ἀτόμων	_	_
9.6	2700	[2]	ὁδοῦ	_	_
9.6	2701	[261]	,	b	_
9.6	2702	[21]	τῆς	_	_
9.6	2703	[4]	τ	_	_
9.6	2704	[60]	’	b	_
9.6	2705	[1]	ἀντιστρόφου	_	_
9.6	2706	[1]	ταύτης	_	_
9.6	2707	[1]	θέσεως	_	_
9.6	2708	[262]	,	b	_
9.6	2709	[3]	δηλονότι	_	_
9.6	2710	[5]	ἐκ	_	_
9.6	2711	[41]	τῶν	_	_
9.6	2712	[29]	κατὰ	_	_
9.6	2713	[2]	μέρος	_	_
9.6	2714	[13]	ἐπὶ	_	_
9.6	2715	[33]	τὸ	_	_
9.6	2716	[1]	πρῶτον	_	_
9.6	2717	[2]	γένος	_	_
9.6	2718	[1]	ἀνόδου	_	_
9.6	2719	[17]	διὰ	_	_
9.6	2720	[42]	τῶν	_	_
9.6	2721	[30]	ἐν	_	_
9.6	2722	[15]	τῷ	_	_
9.6	2723	[1]	μεταξὺ	_	_
9.6	2724	[1]	διαφορῶν	_	_
9.6	2725	[90]	.	b	_
9.6	2726	[137]	καὶ	_	_
9.6	2727	[2]	ταύτας	_	_
9.6	2728	[1]	ἀμφοτέρας	_	_
9.6	2729	[17]	τὰς	_	_
9.6	2730	[1]	μεθόδους	_	_
9.6	2731	[1]	κάλλιστα	_	_
9.6	2732	[138]	καὶ	_	_
9.6	2733	[2]	ἄριστα	_	_
9.6	2734	[43]	τῶν	_	_
9.6	2735	[1]	ἔμπροσθεν	_	_
9.6	2736	[5]	ἰατρῶν	_	_
9.6	2737	[31]	τε	_	_
9.6	2738	[139]	καὶ	_	_
9.6	2739	[1]	φιλοσόφων	_	_
9.6	2740	[6]	Ἱπποκράτης	_	_
9.6	2741	[32]	τε	_	_
9.6	2742	[140]	καὶ	_	_
9.6	2743	[3]	Πλάτων	_	_
9.6	2744	[1]	εὗρον	_	_
9.6	2745	[263]	,	b	_
9.6	2746	[1]	ἐπέδειξάν	_	_
9.6	2747	[33]	τε	_	_
9.6	2748	[4]	πολλὰ	_	_
9.6	2749	[1]	συγγράμματα	_	_
9.6	2750	[1]	ψευδῶς	_	_
9.6	2751	[1]	λελεγμένα	_	_
9.6	2752	[10]	πρὸς	_	_
9.6	2753	[44]	τῶν	_	_
9.6	2754	[1]	ἀγνοούντων	_	_
9.6	2755	[1]	διορίζεσθαι	_	_
9.6	2756	[13]	τὰ	_	_
9.6	2757	[1]	κοινὰ	_	_
9.6	2758	[45]	τῶν	_	_
9.6	2759	[1]	ἰδίων	_	_
9.6	2760	[91]	.	b	_
9.6	2761	[141]	καὶ	_	_
9.6	2762	[3]	μέντοι	_	_
9.6	2763	[142]	καὶ	_	_
9.6	2764	[18]	τὰς	_	_
9.6	2765	[3]	διαφωνίας	_	_
9.6	2766	[2]	πρόσθεν	_	_
9.6	2767	[1]	ἔδειξα	_	_
9.6	2768	[2]	ἐντεῦθεν	_	_
9.6	2769	[1]	γεγονυίας	_	_
9.6	2770	[1]	τοιαύτας	_	_
9.6	2771	[264]	,	b	_
9.6	2772	[1]	ὁποῖαι	_	_
9.6	2773	[1]	παρὰ	_	_
9.6	2774	[38]	μὲν	_	_
9.6	2775	[16]	τοῖς	_	_
9.6	2776	[3]	ἰατροῖς	_	_
9.6	2777	[1]	ἐγένοντο	_	_
9.6	2778	[1]	περί	_	_
9.6	2779	[34]	τε	_	_
9.6	2780	[6]	πτισάνης	_	_
9.6	2781	[2]	χρήσεως	_	_
9.6	2782	[265]	,	b	_
9.6	2783	[4]	ὅσα	_	_
9.6	2784	[35]	τε	_	_
9.6	2785	[3]	ἄλλα	_	_
9.6	2786	[1]	προσφέρεται	_	_
9.6	2787	[17]	τοῖς	_	_
9.6	2788	[1]	νοσοῦσι	_	_
9.6	2789	[266]	,	b	_
9.6	2790	[2]	παρὰ	_	_
9.6	2791	[53]	δὲ	_	_
9.6	2792	[18]	τοῖς	_	_
9.6	2793	[1]	φιλοσόφοις	_	_
9.6	2794	[20]	περὶ	_	_
9.6	2795	[46]	τῶν	_	_
9.6	2796	[22]	τῆς	_	_
9.6	2797	[2]	ψυχῆς	_	_
9.6	2798	[1]	ἀρετῶν	_	_
9.6	2799	[267]	,	b	_
9.6	2800	[2]	ἐνίων	_	_
9.6	2801	[39]	μὲν	_	_
9.6	2802	[1]	οἰομένων	_	_
9.6	2803	[1]	διδακτὰς	_	_
9.6	2804	[1]	ὑπάρχειν	_	_
9.6	2805	[1]	αὐτὰς	_	_
9.6	2806	[268]	,	b	_
9.6	2807	[3]	ἐνίων	_	_
9.6	2808	[54]	δὲ	_	_
9.6	2809	[1]	φυσικὰς	_	_
9.6	2810	[20]	ἢ	_	_
9.6	2811	[3]	δι	_	_
9.6	2812	[61]	’	b	_
9.6	2813	[1]	ἐθῶν	_	_
9.6	2814	[143]	καὶ	_	_
9.6	2815	[1]	ἀσκήσεως	_	_
9.6	2816	[1]	κτητάς	_	_
9.6	2817	[92]	.	b	_
9.6	2818	[8]	εἰ	_	_
9.6	2819	[22]	γὰρ	_	_
9.6	2820	[1]	διῃροῦντο	_	_
9.6	2821	[14]	τὰ	_	_
9.6	2822	[23]	τῆς	_	_
9.6	2823	[3]	ψυχῆς	_	_
9.6	2824	[2]	εἴδη	_	_
9.6	2825	[269]	,	b	_
9.6	2826	[144]	καὶ	_	_
9.6	2827	[4]	σαφῶς	_	_
9.6	2828	[1]	ἐγνώκεσαν	_	_
9.6	2829	[270]	,	b	_
9.6	2830	[3]	ἕτερον	_	_
9.6	2831	[40]	μὲν	_	_
9.6	2832	[17]	εἶναι	_	_
9.6	2833	[34]	τὸ	_	_
9.6	2834	[2]	λογιστικὸν	_	_
9.6	2835	[271]	,	b	_
9.6	2836	[4]	ἕτερον	_	_
9.6	2837	[55]	δὲ	_	_
9.6	2838	[35]	τὸ	_	_
9.6	2839	[1]	ἄλογον	_	_
9.6	2840	[272]	,	b	_
9.6	2841	[1]	διττὴν	_	_
9.6	2842	[2]	ἔχον	_	_
9.6	2843	[145]	καὶ	_	_
9.6	2844	[10]	τοῦτο	_	_
9.6	2845	[1]	τομὴν	_	_
9.6	2846	[273]	,	b	_
9.6	2847	[3]	οὔτ	_	_
9.6	2848	[62]	’	b	_
9.6	2849	[15]	ἂν	_	_
9.6	2850	[33]	τοῦ	_	_
9.6	2851	[1]	λογιστικοῦ	_	_
9.6	2852	[3]	τήν	_	_
9.6	2853	[3]	γ	_	_
9.6	2854	[63]	’	b	_
9.6	2855	[1]	ἐπιστήμην	_	_
9.6	2856	[1]	ἀφῃροῦντο	_	_
9.6	2857	[274]	,	b	_
9.6	2858	[19]	τοῖς	_	_
9.6	2859	[5]	τ	_	_
9.6	2860	[64]	’	b	_
9.6	2861	[1]	ἀλόγοις	_	_
9.6	2862	[10]	οὐκ	_	_
9.6	2863	[16]	ἂν	_	_
9.6	2864	[3]	αὐτῆς	_	_
9.6	2865	[1]	μετεδίδοσαν	_	_
9.6	2866	[93]	.	b	_
9.6	2867	[3]	ὥστε	_	_
9.6	2868	[1]	κἀκεῖνος	_	_
9.6	2869	[16]	ὁ	_	_
9.6	2870	[1]	λόγος	_	_
9.6	2871	[275]	,	b	_
9.6	2872	[2]	ἐφ	_	_
9.6	2873	[65]	’	b	_
9.6	2874	[3]	ᾧ	_	_
9.6	2875	[2]	φησιν	_	_
9.6	2876	[17]	ὁ	_	_
9.6	2877	[4]	Πλάτων	_	_
9.6	2878	[276]	,	b	_
9.6	2879	[2]	ἑκάστου	_	_
9.6	2880	[47]	τῶν	_	_
9.6	2881	[1]	ὄντων	_	_
9.6	2882	[277]	,	b	_
9.6	2883	[21]	περὶ	_	_
9.6	2884	[4]	ὃ	_	_
9.6	2885	[5]	τέχνην	_	_
9.6	2886	[3]	τινὰ	_	_
9.6	2887	[1]	συστήσασθαι	_	_
9.6	2888	[1]	βουλόμεθα	_	_
9.6	2889	[278]	,	b	_
9.6	2890	[41]	τὴν	_	_
9.6	2891	[3]	φύσιν	_	_
9.6	2892	[24]	τῆς	_	_
9.6	2893	[1]	οὐσίας	_	_
9.6	2894	[1]	ἀκριβῶς	_	_
9.6	2895	[7]	χρὴ	_	_
9.6	2896	[1]	γνῶναι	_	_
9.6	2897	[279]	,	b	_
9.6	2898	[1]	συνῆπταί	_	_
9.6	2899	[36]	τε	_	_
9.6	2900	[146]	καὶ	_	_
9.6	2901	[1]	κοινωνεῖ	_	_
9.6	2902	[11]	ταῖς	_	_
9.6	2903	[2]	νῦν	_	_
9.6	2904	[1]	εἰρημέναις	_	_
9.6	2905	[1]	μεθόδοις	_	_
9.6	2906	[94]	.	b	_
9.6	2907	[18]	ὁ	_	_
9.6	2908	[23]	γὰρ	_	_
9.6	2909	[1]	γνοὺς	_	_
9.6	2910	[280]	,	b	_
9.6	2911	[1]	οὐχ	_	_
9.6	2912	[1]	ἁπλοῦν	_	_
9.6	2913	[3]	ἓν	_	_
9.6	2914	[5]	εἶδος	_	_
9.6	2915	[31]	ἐν	_	_
9.6	2916	[1]	ἡμῖν	_	_
9.6	2917	[18]	εἶναι	_	_
9.6	2918	[4]	ψυχῆς	_	_
9.6	2919	[281]	,	b	_
9.6	2920	[5]	ὥσπερ	_	_
9.6	2921	[32]	ἐν	_	_
9.6	2922	[20]	τοῖς	_	_
9.6	2923	[1]	φυτοῖς	_	_
9.6	2924	[41]	μὲν	_	_
9.6	2925	[36]	τὸ	_	_
9.6	2926	[2]	ἐπιθυμητικὸν	_	_
9.6	2927	[282]	,	b	_
9.6	2928	[33]	ἐν	_	_
9.6	2929	[1]	θεοῖς	_	_
9.6	2930	[56]	δὲ	_	_
9.6	2931	[37]	τὸ	_	_
9.6	2932	[3]	λογιστικὸν	_	_
9.6	2933	[283]	,	b	_
9.6	2934	[1]	ἀνθρώπῳ	_	_
9.6	2935	[18]	δ	_	_
9.6	2936	[66]	’	b	_
9.6	2937	[1]	ἄμφω	_	_
9.6	2938	[37]	τε	_	_
9.6	2939	[6]	ταῦτα	_	_
9.6	2940	[147]	καὶ	_	_
9.6	2941	[1]	τρίτον	_	_
9.6	2942	[3]	ἐπ	_	_
9.6	2943	[67]	’	b	_
9.6	2944	[3]	αὐτοῖς	_	_
9.6	2945	[38]	τὸ	_	_
9.6	2946	[2]	θυμοειδὲς	_	_
9.6	2947	[284]	,	b	_
9.6	2948	[1]	ἔγνω	_	_
9.6	2949	[1]	σὺν	_	_
9.6	2950	[1]	τούτῳ	_	_
9.6	2951	[48]	τῶν	_	_
9.6	2952	[2]	ἀρετῶν	_	_
9.6	2953	[15]	τὸν	_	_
9.6	2954	[2]	ἀριθμὸν	_	_
9.6	2955	[285]	,	b	_
9.6	2956	[148]	καὶ	_	_
9.6	2957	[42]	τὴν	_	_
9.6	2958	[4]	δύναμιν	_	_
9.6	2959	[286]	,	b	_
9.6	2960	[149]	καὶ	_	_
9.6	2961	[43]	τὴν	_	_
9.6	2962	[3]	κτῆσιν	_	_
9.6	2963	[287]	,	b	_
9.6	2964	[6]	ὥσπερ	_	_
9.6	2965	[19]	ὁ	_	_
9.6	2966	[2]	γνοὺς	_	_
9.6	2967	[44]	τὴν	_	_
9.6	2968	[1]	φυσικὴν	_	_
9.6	2969	[1]	κατασκευὴν	_	_
9.6	2970	[34]	τοῦ	_	_
9.6	2971	[2]	σώματος	_	_
9.6	2972	[1]	ἡμῶν	_	_
9.6	2973	[288]	,	b	_
9.6	2974	[34]	ἐν	_	_
9.6	2975	[42]	μὲν	_	_
9.6	2976	[21]	τοῖς	_	_
9.6	2977	[1]	ὁμοιομερέσι	_	_
9.6	2978	[1]	συμμετρίαν	_	_
9.6	2979	[49]	τῶν	_	_
9.6	2980	[1]	στοιχείων	_	_
9.6	2981	[289]	,	b	_
9.6	2982	[35]	ἐν	_	_
9.6	2983	[57]	δὲ	_	_
9.6	2984	[22]	τοῖς	_	_
9.6	2985	[1]	ὀργανικοῖς	_	_
9.6	2986	[6]	ἐκ	_	_
9.6	2987	[25]	τῆς	_	_
9.6	2988	[50]	τῶν	_	_
9.6	2989	[1]	ὁμοιομερῶν	_	_
9.6	2990	[1]	ποσότητός	_	_
9.6	2991	[38]	τε	_	_
9.6	2992	[150]	καὶ	_	_
9.6	2993	[1]	πηλικότητος	_	_
9.6	2994	[290]	,	b	_
9.6	2995	[2]	ἔτι	_	_
9.6	2996	[39]	τε	_	_
9.6	2997	[1]	διαπλάσεως	_	_
9.6	2998	[3]	ἑκάστου	_	_
9.6	2999	[151]	καὶ	_	_
9.6	3000	[2]	θέσεως	_	_
9.6	3001	[1]	ἀποτελεῖσθαι	_	_
9.6	3002	[39]	τὸ	_	_
9.6	3003	[30]	κατὰ	_	_
9.6	3004	[4]	φύσιν	_	_
9.6	3005	[36]	ἐν	_	_
9.6	3006	[2]	ἑκάστῳ	_	_
9.6	3007	[1]	σώματι	_	_
9.6	3008	[1]	ζώου	_	_
9.6	3009	[291]	,	b	_
9.6	3010	[26]	τῆς	_	_
9.6	3011	[1]	συμμετρίας	_	_
9.6	3012	[4]	δηλονότι	_	_
9.6	3013	[8]	καθ	_	_
9.6	3014	[68]	’	b	_
9.6	3015	[1]	ἑκάστην	_	_
9.6	3016	[1]	ζωὴν	_	_
9.6	3017	[51]	τῶν	_	_
9.6	3018	[3]	εἰρημένων	_	_
9.6	3019	[1]	φυλαττομένης	_	_
9.6	3020	[2]	οἰκείας	_	_
9.6	3021	[292]	,	b	_
9.6	3022	[1]	οὗτός	_	_
9.6	3023	[11]	γε	_	_
9.6	3024	[52]	τῶν	_	_
9.6	3025	[5]	νοσημάτων	_	_
9.6	3026	[1]	εὐπορήσει	_	_
9.6	3027	[27]	τῆς	_	_
9.6	3028	[1]	προσηκούσης	_	_
9.6	3029	[3]	ἑκάστῳ	_	_
9.6	3030	[1]	θεραπείας	_	_
9.6	3031	[40]	τε	_	_
9.6	3032	[152]	καὶ	_	_
9.6	3033	[1]	προφυλακῆς	_	_
9.6	3034	[95]	.	b	_
9.7	1	[1]	Εἰκότως	_	_
9.7	2	[1]	οὖν	_	_
9.7	3	[1]	ἔνιοι	_	_
9.7	4	[1]	τὴν	_	_
9.7	5	[1]	τῶν	_	_
9.7	6	[1]	ὁμοίων	_	_
9.7	7	[1]	τε	_	_
9.7	8	[1]	καὶ	_	_
9.7	9	[1]	οὐχ	_	_
9.7	10	[2]	ὁμοίων	_	_
9.7	11	[1]	ἀκριβῆ	_	_
9.7	12	[1]	γνῶσιν	_	_
9.7	13	[1]	αὐτάρκη	_	_
9.7	14	[1]	νομίζουσιν	_	_
9.7	15	[1]	ὑπάρχειν	_	_
9.7	16	[1]	εἰς	_	_
9.7	17	[1]	μεθοδικὴν	_	_
9.7	18	[1]	σύστασιν	_	_
9.7	19	[1]	ἁπάσης	_	_
9.7	20	[1]	τέχνης	_	_
9.7	21	[1]	,	b	_
9.7	22	[1]	εἴ	_	_
9.7	23	[1]	γε	_	_
9.7	24	[2]	καὶ	_	_
9.7	25	[1]	πρὸς	_	_
9.7	26	[2]	τὴν	_	_
9.7	27	[2]	τῶν	_	_
9.7	28	[1]	ἀμφισβητουμένων	_	_
9.7	29	[1]	κρίσιν	_	_
9.7	30	[1]	ἱκανὴ	_	_
9.7	31	[1]	ποδηγός	_	_
9.7	32	[1]	ἐστιν	_	_
9.7	33	[1]	.	b	_
9.7	34	[1]	ὁμοιότητος	_	_
9.7	35	[1]	γὰρ	_	_
9.7	36	[1]	οὔσης	_	_
9.7	37	[1]	πολλῆς	_	_
9.7	38	[1]	ἐνίοις	_	_
9.7	39	[3]	τῶν	_	_
9.7	40	[1]	πιθανῶν	_	_
9.7	41	[1]	μὲν	_	_
9.7	42	[2]	,	b	_
9.7	43	[1]	οὐκ	_	_
9.7	44	[1]	ἀληθῶν	_	_
9.7	45	[1]	δὲ	_	_
9.7	46	[2]	πρὸς	_	_
9.7	47	[1]	τοὺς	_	_
9.7	48	[1]	ὄντας	_	_
9.7	49	[1]	ἀληθεῖς	_	_
9.7	50	[1]	λόγους	_	_
9.7	51	[3]	,	b	_
9.7	52	[1]	ὁ	_	_
9.7	53	[1]	γεγυμνασμένος	_	_
9.7	54	[1]	διακρίνειν	_	_
9.7	55	[1]	ἀπ	_	_
9.7	56	[1]	’	b	_
9.7	57	[1]	ἀλλήλων	_	_
9.7	58	[1]	αὐτοὺς	_	_
9.7	59	[1]	εἴσεται	_	_
9.7	60	[1]	σαφῶς	_	_
9.7	61	[4]	,	b	_
9.7	62	[1]	ὅσον	_	_
9.7	63	[2]	τε	_	_
9.7	64	[1]	χρὴ	_	_
9.7	65	[1]	δόγμασι	_	_
9.7	66	[1]	πιστεύειν	_	_
9.7	67	[1]	ὡς	_	_
9.7	68	[1]	ἀληθέσιν	_	_
9.7	69	[5]	,	b	_
9.7	70	[1]	ὅσων	_	_
9.7	71	[3]	τε	_	_
9.7	72	[1]	καταγινώσκειν	_	_
9.7	73	[2]	ὡς	_	_
9.7	74	[1]	ψευδῶν	_	_
9.7	75	[6]	,	b	_
9.7	76	[2]	ὅσων	_	_
9.7	77	[4]	τε	_	_
9.7	78	[1]	τὸ	_	_
9.7	79	[1]	πιθανὸν	_	_
9.7	80	[1]	ἄδηλον	_	_
9.7	81	[7]	,	b	_
9.7	82	[1]	ὅπως	_	_
9.7	83	[1]	ἀδηλίας	_	_
9.7	84	[1]	ἔχον	_	_
9.7	85	[1]	προσέοικε	_	_
9.7	86	[1]	τῷ	_	_
9.7	87	[1]	ἀπιθάνῳ	_	_
9.7	88	[8]	,	b	_
9.7	89	[1]	ὥσπερ	_	_
9.7	90	[2]	γε	_	_
9.7	91	[3]	καὶ	_	_
9.7	92	[4]	τῶν	_	_
9.7	93	[1]	ἐπίσης	_	_
9.7	94	[2]	ἀλλήλων	_	_
9.7	95	[9]	,	b	_
9.7	96	[1]	εἴτε	_	_
9.7	97	[1]	ἐν	_	_
9.7	98	[1]	δυσὶν	_	_
9.7	99	[10]	,	b	_
9.7	100	[2]	εἴτε	_	_
9.7	101	[2]	ἐν	_	_
9.7	102	[1]	τρισὶν	_	_
9.7	103	[11]	,	b	_
9.7	104	[3]	εἴτε	_	_
9.7	105	[3]	ἐν	_	_
9.7	106	[1]	πλείοσιν	_	_
9.7	107	[1]	ἡ	_	_
9.7	108	[1]	ἔκτασις	_	_
9.7	109	[1]	γένοιτο	_	_
9.7	110	[12]	,	b	_
9.7	111	[1]	μηδὲν	_	_
9.7	112	[1]	ἡγεῖσθαι	_	_
9.7	113	[1]	πιστότερον	_	_
9.7	114	[2]	.	b	_
9.7	115	[1]	ἀνάγεται	_	_
9.7	116	[2]	δὲ	_	_
9.7	117	[2]	ἡ	_	_
9.7	118	[1]	τούτων	_	_
9.7	119	[1]	κρίσις	_	_
9.7	120	[2]	εἰς	_	_
9.7	121	[1]	φαντασίαν	_	_
9.7	122	[13]	,	b	_
9.7	123	[3]	ὡς	_	_
9.7	124	[2]	μὲν	_	_
9.7	125	[1]	οἱ	_	_
9.7	126	[1]	νεώτεροι	_	_
9.7	127	[5]	τῶν	_	_
9.7	128	[1]	Ἀκαδημαϊκῶν	_	_
9.7	129	[1]	λέγουσιν	_	_
9.7	130	[14]	,	b	_
9.7	131	[1]	οὐ	_	_
9.7	132	[1]	μόνον	_	_
9.7	133	[1]	πιθανὴν	_	_
9.7	134	[15]	,	b	_
9.7	135	[1]	ἀλλὰ	_	_
9.7	136	[4]	καὶ	_	_
9.7	137	[1]	περιοδευομένην	_	_
9.7	138	[5]	καὶ	_	_
9.7	139	[1]	ἀπερίσπαστον	_	_
9.7	140	[16]	,	b	_
9.7	141	[4]	ὡς	_	_
9.7	142	[1]	δ	_	_
9.7	143	[2]	’	b	_
9.7	144	[2]	οἱ	_	_
9.7	145	[1]	περὶ	_	_
9.7	146	[1]	τὸν	_	_
9.7	147	[1]	Χρύσιππον	_	_
9.7	148	[17]	,	b	_
9.7	149	[3]	εἰς	_	_
9.7	150	[1]	καταληπτικὴν	_	_
9.7	151	[18]	,	b	_
9.7	152	[5]	ὡς	_	_
9.7	153	[3]	δὲ	_	_
9.7	154	[1]	κοινῇ	_	_
9.7	155	[1]	πάντες	_	_
9.7	156	[1]	ἄνθρωποι	_	_
9.7	157	[1]	πεπιστεύκασιν	_	_
9.7	158	[19]	,	b	_
9.7	159	[4]	εἰς	_	_
9.7	160	[1]	αἴσθησίν	_	_
9.7	161	[5]	τε	_	_
9.7	162	[6]	καὶ	_	_
9.7	163	[1]	νόησιν	_	_
9.7	164	[1]	ἐναργῆ	_	_
9.7	165	[3]	.	b	_
9.7	166	[1]	διαφέρειν	_	_
9.7	167	[3]	μὲν	_	_
9.7	168	[2]	οὖν	_	_
9.7	169	[3]	ἀλλήλων	_	_
9.7	170	[1]	δοκοῦσιν	_	_
9.7	171	[1]	αἱ	_	_
9.7	172	[1]	εἰρημέναι	_	_
9.7	173	[1]	λέξεις	_	_
9.7	174	[20]	,	b	_
9.7	175	[1]	εἰ	_	_
9.7	176	[2]	δ	_	_
9.7	177	[3]	’	b	_
9.7	178	[1]	ἐπιμελέστερόν	_	_
9.7	179	[1]	τις	_	_
9.7	180	[1]	σκοποῖτο	_	_
9.7	181	[21]	,	b	_
9.7	182	[3]	τὴν	_	_
9.7	183	[1]	αὐτὴν	_	_
9.7	184	[1]	ἔχουσι	_	_
9.7	185	[1]	δύναμιν	_	_
9.7	186	[22]	,	b	_
9.7	187	[1]	ὡσπερ	_	_
9.7	188	[3]	γε	_	_
9.7	189	[1]	κᾀπειδάν	_	_
9.7	190	[1]	φησί	_	_
9.7	191	[2]	τις	_	_
9.7	192	[1]	ἀπὸ	_	_
9.7	193	[6]	τῶν	_	_
9.7	194	[1]	κοινῶν	_	_
9.7	195	[1]	ἐννοιῶν	_	_
9.7	196	[1]	ἄρχεσθαι	_	_
9.7	197	[23]	,	b	_
9.7	198	[7]	καὶ	_	_
9.7	199	[1]	ταύτας	_	_
9.7	200	[1]	τίθεσθαι	_	_
9.7	201	[1]	πρῶτον	_	_
9.7	202	[1]	ἁπάντων	_	_
9.7	203	[1]	κριτήριον	_	_
9.7	204	[1]	ἐξ	_	_
9.7	205	[1]	ἑαυτοῦ	_	_
9.7	206	[1]	πιστόν	_	_
9.7	207	[4]	.	b	_
9.7	208	[1]	ὅτι	_	_
9.7	209	[4]	μὲν	_	_
9.7	210	[2]	γὰρ	_	_
9.7	211	[2]	τὸ	_	_
9.7	212	[2]	πρῶτον	_	_
9.7	213	[2]	κριτήριον	_	_
9.7	214	[1]	ἀναποδείκτως	_	_
9.7	215	[1]	εἶναι	_	_
9.7	216	[1]	δεῖ	_	_
9.7	217	[1]	πιστὸν	_	_
9.7	218	[24]	,	b	_
9.7	219	[1]	ὡμολόγηται	_	_
9.7	220	[1]	πᾶσιν	_	_
9.7	221	[25]	,	b	_
9.7	222	[2]	οὐ	_	_
9.7	223	[1]	μὴν	_	_
9.7	224	[2]	ὅτι	_	_
9.7	225	[4]	γε	_	_
9.7	226	[1]	φυσικὸν	_	_
9.7	227	[2]	εἶναι	_	_
9.7	228	[2]	δεῖ	_	_
9.7	229	[1]	τοῦτο	_	_
9.7	230	[8]	καὶ	_	_
9.7	231	[1]	πάντων	_	_
9.7	232	[1]	ἀνθρώπων	_	_
9.7	233	[1]	κοινὸν	_	_
9.7	234	[26]	,	b	_
9.7	235	[1]	ἐννοοῦσιν	_	_
9.7	236	[1]	ἅπαντες	_	_
9.7	237	[27]	,	b	_
9.7	238	[9]	καὶ	_	_
9.7	239	[3]	οἱ	_	_
9.7	240	[1]	πλεῖστοι	_	_
9.7	241	[1]	προκρίνουσιν	_	_
9.7	242	[1]	ἐνίοτε	_	_
9.7	243	[1]	τοῦ	_	_
9.7	244	[2]	κοινῇ	_	_
9.7	245	[2]	πᾶσιν	_	_
9.7	246	[1]	ἀνθρώποις	_	_
9.7	247	[1]	ἐναργῶς	_	_
9.7	248	[1]	φαινομένου	_	_
9.7	249	[1]	τῇ	_	_
9.7	250	[1]	ἑαυτῶν	_	_
9.7	251	[1]	ὑπολήψει	_	_
9.7	252	[1]	ἐμμένειν	_	_
9.7	253	[28]	,	b	_
9.7	254	[10]	καὶ	_	_
9.7	255	[1]	προσποιοῦνται	_	_
9.7	256	[1]	πεπιστευκέναι	_	_
9.7	257	[1]	βεβαίως	_	_
9.7	258	[1]	οἷς	_	_
9.7	259	[1]	αὐτοὶ	_	_
9.7	260	[2]	λέγουσιν	_	_
9.7	261	[1]	εἰκῆ	_	_
9.7	262	[1]	ἕνεκα	_	_
9.7	263	[2]	τοῦ	_	_
9.7	264	[1]	κατασκευάζειν	_	_
9.7	265	[1]	τι	_	_
9.7	266	[1]	δόγμα	_	_
9.7	267	[7]	τῶν	_	_
9.7	268	[2]	ἀπὸ	_	_
9.7	269	[1]	τῆς	_	_
9.7	270	[2]	ἑαυτῶν	_	_
9.7	271	[1]	αἱρέσεως	_	_
9.7	272	[29]	,	b	_
9.7	273	[2]	ὥσπερ	_	_
9.7	274	[5]	γε	_	_
9.7	275	[1]	πάλιν	_	_
9.7	276	[1]	ἕτεροί	_	_
9.7	277	[1]	τινες	_	_
9.7	278	[5]	εἰς	_	_
9.7	279	[3]	τὸ	_	_
9.7	280	[1]	διαβάλλειν	_	_
9.7	281	[2]	τι	_	_
9.7	282	[8]	τῶν	_	_
9.7	283	[1]	ἑτεροδόξων	_	_
9.7	284	[1]	ὑπομένουσιν	_	_
9.7	285	[1]	ἑκουσίως	_	_
9.7	286	[1]	ψεύδεσθαι	_	_
9.7	287	[5]	.	b	_
9.7	288	[1]	τοῖς	_	_
9.7	289	[3]	γὰρ	_	_
9.7	290	[1]	ἑαυτοὺς	_	_
9.7	291	[1]	ἀπό	_	_
9.7	292	[1]	τινος	_	_
9.7	293	[2]	αἱρέσεως	_	_
9.7	294	[1]	ἀναγορεύσασιν	_	_
9.7	295	[1]	ἀγωνίζεσθαι	_	_
9.7	296	[1]	πρόκειται	_	_
9.7	297	[2]	περὶ	_	_
9.7	298	[2]	πάντων	_	_
9.7	299	[9]	τῶν	_	_
9.7	300	[1]	κατὰ	_	_
9.7	301	[4]	τὴν	_	_
9.7	302	[1]	αἵρεσιν	_	_
9.7	303	[30]	,	b	_
9.7	304	[2]	εἰ	_	_
9.7	305	[11]	καὶ	_	_
9.7	306	[1]	μηδεμίαν	_	_
9.7	307	[1]	ἀναγκαίαν	_	_
9.7	308	[1]	ἀκολουθίαν	_	_
9.7	309	[1]	ἔχει	_	_
9.7	310	[3]	πρὸς	_	_
9.7	311	[5]	τὴν	_	_
9.7	312	[1]	στοιχείωσιν	_	_
9.7	313	[31]	,	b	_
9.7	314	[3]	ὥσπερ	_	_
9.7	315	[1]	ἀμέλει	_	_
9.7	316	[1]	κᾀπὶ	_	_
9.7	317	[3]	τοῦ	_	_
9.7	318	[2]	τῆς	_	_
9.7	319	[1]	ψυχῆς	_	_
9.7	320	[1]	ἡγεμονικοῦ	_	_
9.7	321	[1]	δόγματος	_	_
9.7	322	[6]	.	b	_
9.7	323	[2]	τοῦτο	_	_
9.7	324	[4]	γὰρ	_	_
9.7	325	[1]	ἰατροῖς	_	_
9.7	326	[1]	ἐπίστασθαι	_	_
9.7	327	[1]	χρήσιμόν	_	_
9.7	328	[2]	ἐστιν	_	_
9.7	329	[2]	ἕνεκα	_	_
9.7	330	[4]	τοῦ	_	_
9.7	331	[1]	προσφέρειν	_	_
9.7	332	[1]	τὰ	_	_
9.7	333	[1]	βοηθήματα	_	_
9.7	334	[2]	τῷ	_	_
9.7	335	[1]	πεπονθότι	_	_
9.7	336	[1]	τόπῳ	_	_
9.7	337	[32]	,	b	_
9.7	338	[1]	βεβλαμμένου	_	_
9.7	339	[5]	τοῦ	_	_
9.7	340	[1]	λογισμοῦ	_	_
9.7	341	[33]	,	b	_
9.7	342	[1]	φιλοσόφοις	_	_
9.7	343	[3]	δ	_	_
9.7	344	[4]	’	b	_
9.7	345	[1]	οὔτε	_	_
9.7	346	[6]	εἰς	_	_
9.7	347	[6]	τὴν	_	_
9.7	348	[1]	εὕρεσιν	_	_
9.7	349	[3]	τῆς	_	_
9.7	350	[1]	διαφορᾶς	_	_
9.7	351	[10]	τῶν	_	_
9.7	352	[1]	ἀρετῶν	_	_
9.7	353	[1]	οὔτ	_	_
9.7	354	[5]	’	b	_
9.7	355	[7]	εἰς	_	_
9.7	356	[7]	τὴν	_	_
9.7	357	[1]	ἄσκησιν	_	_
9.7	358	[1]	αὐτῶν	_	_
9.7	359	[1]	ἐστι	_	_
9.7	360	[1]	χρήσιμον	_	_
9.7	361	[7]	.	b	_
9.7	362	[1]	ἐάν	_	_
9.7	363	[6]	τε	_	_
9.7	364	[5]	γὰρ	_	_
9.7	365	[4]	ἐν	_	_
9.7	366	[2]	τῇ	_	_
9.7	367	[1]	καρδίᾳ	_	_
9.7	368	[4]	τὸ	_	_
9.7	369	[4]	τῆς	_	_
9.7	370	[2]	ψυχῆς	_	_
9.7	371	[1]	ἡγεμονικὸν	_	_
9.7	372	[1]	ὑπάρχῃ	_	_
9.7	373	[1]	μόριον	_	_
9.7	374	[34]	,	b	_
9.7	375	[2]	ἐάν	_	_
9.7	376	[7]	τε	_	_
9.7	377	[5]	ἐν	_	_
9.7	378	[3]	τῇ	_	_
9.7	379	[1]	κεφαλῇ	_	_
9.7	380	[35]	,	b	_
9.7	381	[1]	δυνησόμεθα	_	_
9.7	382	[12]	καὶ	_	_
9.7	383	[1]	φρόνησιν	_	_
9.7	384	[1]	κτήσασθαι	_	_
9.7	385	[36]	,	b	_
9.7	386	[13]	καὶ	_	_
9.7	387	[1]	σωφροσύνην	_	_
9.7	388	[37]	,	b	_
9.7	389	[14]	καὶ	_	_
9.7	390	[1]	δικαιοσύνην	_	_
9.7	391	[38]	,	b	_
9.7	392	[15]	καὶ	_	_
9.7	393	[1]	ἀνδρείαν	_	_
9.7	394	[39]	,	b	_
9.7	395	[2]	ἐξ	_	_
9.7	396	[1]	ἄλλων	_	_
9.7	397	[1]	δογμάτων	_	_
9.7	398	[8]	τε	_	_
9.7	399	[16]	καὶ	_	_
9.7	400	[1]	ἀσκήσεων	_	_
9.7	401	[1]	ἐπὶ	_	_
9.7	402	[8]	τὴν	_	_
9.7	403	[1]	κτῆσιν	_	_
9.7	404	[2]	αὐτῶν	_	_
9.7	405	[1]	ἀφικόμενοι	_	_
9.7	406	[8]	.	b	_
9.7	407	[1]	μόνοις	_	_
9.7	408	[3]	οὖν	_	_
9.7	409	[1]	ἐκείνοις	_	_
9.7	410	[2]	τοῖς	_	_
9.7	411	[2]	φιλοσόφοις	_	_
9.7	412	[17]	καὶ	_	_
9.7	413	[5]	τὸ	_	_
9.7	414	[2]	μηδὲν	_	_
9.7	415	[8]	εἰς	_	_
9.7	416	[1]	ἦθός	_	_
9.7	417	[9]	τε	_	_
9.7	418	[18]	καὶ	_	_
9.7	419	[1]	τὰς	_	_
9.7	420	[1]	πολιτικὰς	_	_
9.7	421	[1]	πράξεις	_	_
9.7	422	[2]	χρήσιμον	_	_
9.7	423	[1]	ζητεῖν	_	_
9.7	424	[1]	ἀκόλουθόν	_	_
9.7	425	[3]	ἐστιν	_	_
9.7	426	[40]	,	b	_
9.7	427	[1]	ὅσοι	_	_
9.7	428	[9]	τὴν	_	_
9.7	429	[1]	θεωρητικὴν	_	_
9.7	430	[1]	φιλοσοφίαν	_	_
9.7	431	[1]	εἵλοντο	_	_
9.7	432	[41]	,	b	_
9.7	433	[1]	καθάπερ	_	_
9.7	434	[6]	γε	_	_
9.7	435	[19]	καὶ	_	_
9.7	436	[3]	εἰ	_	_
9.7	437	[1]	μετὰ	_	_
9.7	438	[1]	κόσμον	_	_
9.7	439	[1]	τοῦτόν	_	_
9.7	440	[2]	ἐστι	_	_
9.7	441	[3]	τι	_	_
9.7	442	[42]	,	b	_
9.7	443	[20]	καὶ	_	_
9.7	444	[4]	εἰ	_	_
9.7	445	[1]	ἔστιν	_	_
9.7	446	[43]	,	b	_
9.7	447	[1]	ὁποῖόν	_	_
9.7	448	[4]	τι	_	_
9.7	449	[3]	τοῦτο	_	_
9.7	450	[44]	,	b	_
9.7	451	[21]	καὶ	_	_
9.7	452	[5]	εἰ	_	_
9.7	453	[2]	ὁ	_	_
9.7	454	[1]	κόσμος	_	_
9.7	455	[1]	οὗτος	_	_
9.7	456	[6]	ἐν	_	_
9.7	457	[1]	ἑαυτῷ	_	_
9.7	458	[1]	περιέχεται	_	_
9.7	459	[45]	,	b	_
9.7	460	[22]	καὶ	_	_
9.7	461	[6]	εἰ	_	_
9.7	462	[1]	πλείους	_	_
9.7	463	[1]	ἑνὸς	_	_
9.7	464	[46]	,	b	_
9.7	465	[23]	καὶ	_	_
9.7	466	[7]	εἰ	_	_
9.7	467	[1]	πάμπολύ	_	_
9.7	468	[5]	τι	_	_
9.7	469	[1]	πλῆθος	_	_
9.7	470	[47]	,	b	_
9.7	471	[1]	ὁμοίως	_	_
9.7	472	[4]	δὲ	_	_
9.7	473	[24]	καὶ	_	_
9.7	474	[8]	εἰ	_	_
9.7	475	[1]	γενητὸς	_	_
9.7	476	[1]	ἢ	_	_
9.7	477	[1]	ἀγένητος	_	_
9.7	478	[1]	ὅδε	_	_
9.7	479	[3]	ὁ	_	_
9.7	480	[2]	κόσμος	_	_
9.7	481	[1]	ἐστίν	_	_
9.7	482	[1]	·	b	_
9.7	483	[4]	ὥσπερ	_	_
9.7	484	[7]	γε	_	_
9.7	485	[25]	καὶ	_	_
9.7	486	[9]	εἰ	_	_
9.7	487	[48]	,	b	_
9.7	488	[1]	γεγονότος	_	_
9.7	489	[1]	αὐτοῦ	_	_
9.7	490	[49]	,	b	_
9.7	491	[1]	θεός	_	_
9.7	492	[3]	τις	_	_
9.7	493	[1]	ἐγένετο	_	_
9.7	494	[1]	δημιουργὸς	_	_
9.7	495	[50]	,	b	_
9.7	496	[2]	ἢ	_	_
9.7	497	[1]	θεὸς	_	_
9.7	498	[5]	μὲν	_	_
9.7	499	[1]	οὐδεὶς	_	_
9.7	500	[51]	,	b	_
9.7	501	[1]	αἰτία	_	_
9.7	502	[1]	δέ	_	_
9.7	503	[4]	τις	_	_
9.7	504	[1]	ἄλογός	_	_
9.7	505	[10]	τε	_	_
9.7	506	[26]	καὶ	_	_
9.7	507	[1]	ἄτεχνος	_	_
9.7	508	[1]	εἰργάσατο	_	_
9.7	509	[2]	κατὰ	_	_
9.7	510	[10]	τὴν	_	_
9.7	511	[1]	τύχην	_	_
9.7	512	[1]	οὕτως	_	_
9.7	513	[1]	καλὸν	_	_
9.7	514	[1]	αὐτὸν	_	_
9.7	515	[52]	,	b	_
9.7	516	[6]	ὡς	_	_
9.7	517	[10]	εἰ	_	_
9.7	518	[27]	καὶ	_	_
9.7	519	[2]	θεὸς	_	_
9.7	520	[1]	ἐπεστάτει	_	_
9.7	521	[4]	τῇ	_	_
9.7	522	[1]	κατασκευῇ	_	_
9.7	523	[1]	σοφώτατος	_	_
9.7	524	[1]	ἅμα	_	_
9.7	525	[28]	καὶ	_	_
9.7	526	[1]	δυνατώτατος	_	_
9.7	527	[9]	.	b	_
9.7	528	[2]	ἀλλὰ	_	_
9.7	529	[1]	τά	_	_
9.7	530	[8]	γε	_	_
9.7	531	[1]	τοιαῦτα	_	_
9.7	532	[1]	ζητήματα	_	_
9.7	533	[4]	πρὸς	_	_
9.7	534	[6]	τὸ	_	_
9.7	535	[1]	καλῶς	_	_
9.7	536	[1]	οἰκεῖν	_	_
9.7	537	[2]	τὸν	_	_
9.7	538	[1]	ἴδιον	_	_
9.7	539	[1]	οἶκον	_	_
9.7	540	[53]	,	b	_
9.7	541	[3]	ἢ	_	_
9.7	542	[11]	τῶν	_	_
9.7	543	[5]	τῆς	_	_
9.7	544	[1]	πόλεως	_	_
9.7	545	[1]	πραγμάτων	_	_
9.7	546	[1]	προνοεῖσθαι	_	_
9.7	547	[1]	προσηκόντως	_	_
9.7	548	[54]	,	b	_
9.7	549	[4]	ἢ	_	_
9.7	550	[1]	συγγενέσι	_	_
9.7	551	[29]	καὶ	_	_
9.7	552	[1]	πολίταις	_	_
9.7	553	[30]	καὶ	_	_
9.7	554	[1]	ξένοις	_	_
9.7	555	[1]	προσφέρεσθαι	_	_
9.7	556	[1]	δικαίως	_	_
9.7	557	[11]	τε	_	_
9.7	558	[31]	καὶ	_	_
9.7	559	[1]	κοινωνικῶς	_	_
9.7	560	[1]	οὐδὲν	_	_
9.7	561	[1]	συντελεῖ	_	_
9.7	562	[10]	.	b	_
9.7	563	[1]	παρεγένοντο	_	_
9.7	564	[4]	δ	_	_
9.7	565	[6]	’	b	_
9.7	566	[2]	ἐπὶ	_	_
9.7	567	[11]	τὴν	_	_
9.7	568	[1]	ζήτησιν	_	_
9.7	569	[3]	αὐτῶν	_	_
9.7	570	[2]	ἔνιοι	_	_
9.7	571	[12]	τῶν	_	_
9.7	572	[1]	πρακτικῶν	_	_
9.7	573	[1]	ὑποτιθεμένων	_	_
9.7	574	[55]	,	b	_
9.7	575	[1]	τέλος	_	_
9.7	576	[1]	ἐκ	_	_
9.7	577	[13]	τῶν	_	_
9.7	578	[1]	χρησίμως	_	_
9.7	579	[1]	ζητουμένων	_	_
9.7	580	[3]	κατὰ	_	_
9.7	581	[1]	βραχὺ	_	_
9.7	582	[1]	προελθόντες	_	_
9.7	583	[7]	ὡς	_	_
9.7	584	[1]	ἐφ	_	_
9.7	585	[7]	’	b	_
9.7	586	[1]	ὅμοια	_	_
9.7	587	[11]	.	b	_
9.7	588	[3]	οὐ	_	_
9.7	589	[6]	γὰρ	_	_
9.7	590	[1]	δὴ	_	_
9.7	591	[56]	,	b	_
9.7	592	[5]	ὥσπερ	_	_
9.7	593	[1]	γεγονέναι	_	_
9.7	594	[3]	τὸν	_	_
9.7	595	[2]	κόσμον	_	_
9.7	596	[5]	ἢ	_	_
9.7	597	[1]	μὴ	_	_
9.7	598	[2]	γεγονέναι	_	_
9.7	599	[2]	ζητεῖν	_	_
9.7	600	[1]	ἄχρηστον	_	_
9.7	601	[57]	,	b	_
9.7	602	[1]	οὕτω	_	_
9.7	603	[32]	καὶ	_	_
9.7	604	[3]	περὶ	_	_
9.7	605	[1]	προνοίας	_	_
9.7	606	[33]	καὶ	_	_
9.7	607	[1]	θεῶν	_	_
9.7	608	[12]	.	b	_
9.7	609	[3]	ὅτι	_	_
9.7	610	[1]	γάρ	_	_
9.7	611	[6]	τι	_	_
9.7	612	[1]	κρεῖττον	_	_
9.7	613	[1]	ἀνθρώπου	_	_
9.7	614	[1]	δυνάμει	_	_
9.7	615	[12]	τε	_	_
9.7	616	[34]	καὶ	_	_
9.7	617	[1]	σοφίᾳ	_	_
9.7	618	[4]	κατὰ	_	_
9.7	619	[4]	τὸν	_	_
9.7	620	[3]	κόσμον	_	_
9.7	621	[58]	,	b	_
9.7	622	[1]	ἅπασιν	_	_
9.7	623	[1]	ἡμῖν	_	_
9.7	624	[1]	ζητεῖσθαι	_	_
9.7	625	[1]	βέλτιον	_	_
9.7	626	[59]	,	b	_
9.7	627	[4]	οὐ	_	_
9.7	628	[2]	μὴν	_	_
9.7	629	[60]	,	b	_
9.7	630	[1]	ὁποῖοί	_	_
9.7	631	[1]	τινές	_	_
9.7	632	[1]	εἰσι	_	_
9.7	633	[12]	τὴν	_	_
9.7	634	[1]	οὐσίαν	_	_
9.7	635	[4]	οἱ	_	_
9.7	636	[1]	θεοὶ	_	_
9.7	637	[61]	,	b	_
9.7	638	[1]	πότερον	_	_
9.7	639	[1]	ἀσώματοι	_	_
9.7	640	[1]	παντάπασιν	_	_
9.7	641	[62]	,	b	_
9.7	642	[6]	ἢ	_	_
9.7	643	[63]	,	b	_
9.7	644	[2]	καθάπερ	_	_
9.7	645	[1]	ἡμεῖς	_	_
9.7	646	[64]	,	b	_
9.7	647	[2]	οὕτως	_	_
9.7	648	[2]	αὐτοὶ	_	_
9.7	649	[2]	μετὰ	_	_
9.7	650	[1]	σωμάτων	_	_
9.7	651	[65]	,	b	_
9.7	652	[1]	ἀναγκαῖον	_	_
9.7	653	[1]	σκοπεῖσθαι	_	_
9.7	654	[13]	.	b	_
9.7	655	[35]	καὶ	_	_
9.7	656	[7]	γὰρ	_	_
9.7	657	[36]	καὶ	_	_
9.7	658	[1]	ταῦτα	_	_
9.7	659	[37]	καὶ	_	_
9.7	660	[1]	ἄλλα	_	_
9.7	661	[1]	πολλὰ	_	_
9.7	662	[1]	τελέως	_	_
9.7	663	[1]	ἄχρηστ	_	_
9.7	664	[8]	’	b	_
9.7	665	[1]	ἐστὶν	_	_
9.7	666	[9]	εἰς	_	_
9.7	667	[2]	τὰς	_	_
9.7	668	[1]	ἠθικάς	_	_
9.7	669	[13]	τε	_	_
9.7	670	[38]	καὶ	_	_
9.7	671	[2]	πολιτικὰς	_	_
9.7	672	[1]	ὀνομαζομένας	_	_
9.7	673	[1]	ἀρετάς	_	_
9.7	674	[14]	τε	_	_
9.7	675	[39]	καὶ	_	_
9.7	676	[2]	πράξεις	_	_
9.7	677	[66]	,	b	_
9.7	678	[6]	ὥσπερ	_	_
9.7	679	[9]	γε	_	_
9.7	680	[40]	καὶ	_	_
9.7	681	[10]	εἰς	_	_
9.7	682	[3]	τὰς	_	_
9.7	683	[14]	τῶν	_	_
9.7	684	[1]	ψυχικῶν	_	_
9.7	685	[1]	παθῶν	_	_
9.7	686	[1]	ἰάσεις	_	_
9.7	687	[14]	.	b	_
9.7	688	[41]	καὶ	_	_
9.7	689	[1]	γέγραπται	_	_
9.7	690	[4]	περὶ	_	_
9.7	691	[4]	αὐτῶν	_	_
9.7	692	[1]	ὑπὸ	_	_
9.7	693	[1]	Ξενοφῶντος	_	_
9.7	694	[1]	ἄριστα	_	_
9.7	695	[67]	,	b	_
9.7	696	[2]	μὴ	_	_
9.7	697	[2]	μόνον	_	_
9.7	698	[2]	αὐτοῦ	_	_
9.7	699	[6]	τῆς	_	_
9.7	700	[1]	ἀχρηστίας	_	_
9.7	701	[1]	κατεγνωκότος	_	_
9.7	702	[68]	,	b	_
9.7	703	[3]	ἀλλὰ	_	_
9.7	704	[42]	καὶ	_	_
9.7	705	[1]	Σωκράτην	_	_
9.7	706	[1]	φάσκοντος	_	_
9.7	707	[2]	οὕτω	_	_
9.7	708	[1]	φρονεῖν	_	_
9.7	709	[15]	.	b	_
9.7	710	[1]	ὁμολογοῦσι	_	_
9.7	711	[5]	δ	_	_
9.7	712	[9]	’	b	_
9.7	713	[1]	αὐτῷ	_	_
9.7	714	[43]	καὶ	_	_
9.7	715	[5]	οἱ	_	_
9.7	716	[1]	ἄλλοι	_	_
9.7	717	[6]	τοῦ	_	_
9.7	718	[1]	Σωκράτους	_	_
9.7	719	[1]	ἑταῖροι	_	_
9.7	720	[69]	,	b	_
9.7	721	[44]	καὶ	_	_
9.7	722	[1]	Πλάτων	_	_
9.7	723	[1]	αὐτὸς	_	_
9.7	724	[70]	,	b	_
9.7	725	[1]	ὃς	_	_
9.7	726	[13]	τὴν	_	_
9.7	727	[1]	φυσικὴν	_	_
9.7	728	[1]	θεωρίαν	_	_
9.7	729	[5]	τῇ	_	_
9.7	730	[1]	φιλοσοφίᾳ	_	_
9.7	731	[1]	προσθεὶς	_	_
9.7	732	[1]	Τιμαίῳ	_	_
9.7	733	[1]	ἀναφέρει	_	_
9.7	734	[5]	τὸν	_	_
9.7	735	[5]	περὶ	_	_
9.7	736	[1]	αὐτῆς	_	_
9.7	737	[1]	λόγον	_	_
9.7	738	[71]	,	b	_
9.7	739	[1]	οὐχὶ	_	_
9.7	740	[1]	Σωκράτει	_	_
9.7	741	[72]	,	b	_
9.7	742	[3]	καθάπερ	_	_
9.7	743	[45]	καὶ	_	_
9.7	744	[14]	τὴν	_	_
9.7	745	[3]	ἐπὶ	_	_
9.7	746	[1]	πλέον	_	_
9.7	747	[1]	ἐκτεταμένην	_	_
9.7	748	[1]	διαλεκτικὴν	_	_
9.7	749	[11]	εἰς	_	_
9.7	750	[1]	Παρμενίδην	_	_
9.7	751	[15]	τε	_	_
9.7	752	[46]	καὶ	_	_
9.7	753	[6]	τὸν	_	_
9.7	754	[1]	ἑταῖρον	_	_
9.7	755	[3]	αὐτοῦ	_	_
9.7	756	[1]	Ζήνωνα	_	_
9.7	757	[16]	.	b	_
9.7	758	[1]	δι	_	_
9.7	759	[10]	’	b	_
9.7	760	[1]	ὁμοιότητα	_	_
9.7	761	[1]	μέν	_	_
9.7	762	[1]	τινα	_	_
9.7	763	[3]	τοῖς	_	_
9.7	764	[1]	χρησίμοις	_	_
9.7	765	[15]	τῶν	_	_
9.7	766	[1]	λογικῶν	_	_
9.7	767	[47]	καὶ	_	_
9.7	768	[1]	φυσικῶν	_	_
9.7	769	[1]	θεωρημάτων	_	_
9.7	770	[48]	καὶ	_	_
9.7	771	[3]	ἡ	_	_
9.7	772	[16]	τῶν	_	_
9.7	773	[1]	ἀχρήστων	_	_
9.7	774	[1]	προσετέθη	_	_
9.7	775	[1]	ζήτησις	_	_
9.7	776	[17]	.	b	_
9.7	777	[1]	ἀδύνατον	_	_
9.7	778	[2]	γάρ	_	_
9.7	779	[3]	ἐστι	_	_
9.7	780	[1]	μηδ	_	_
9.7	781	[11]	’	b	_
9.7	782	[1]	ὅλως	_	_
9.7	783	[1]	ἐφάψασθαι	_	_
9.7	784	[5]	κατὰ	_	_
9.7	785	[15]	τὴν	_	_
9.7	786	[1]	ἠθικήν	_	_
9.7	787	[16]	τε	_	_
9.7	788	[49]	καὶ	_	_
9.7	789	[1]	πολιτικὴν	_	_
9.7	790	[2]	θεωρίαν	_	_
9.7	791	[1]	μήτε	_	_
9.7	792	[7]	τῆς	_	_
9.7	793	[1]	φυσικῆς	_	_
9.7	794	[73]	,	b	_
9.7	795	[2]	μήτε	_	_
9.7	796	[8]	τῆς	_	_
9.7	797	[1]	συλλογιστικῆς	_	_
9.7	798	[74]	,	b	_
9.7	799	[4]	ἀλλὰ	_	_
9.7	800	[50]	καὶ	_	_
9.7	801	[2]	ταῦτα	_	_
9.7	802	[17]	τῶν	_	_
9.7	803	[2]	ἀχρήστων	_	_
9.7	804	[1]	εὑρήσεις	_	_
9.7	805	[18]	.	b	_
9.7	806	[1]	παραπλήσια	_	_
9.7	807	[5]	δὲ	_	_
9.7	808	[2]	πολλὰ	_	_
9.7	809	[18]	τῶν	_	_
9.7	810	[2]	ψευδῶν	_	_
9.7	811	[4]	ἐστιν	_	_
9.7	812	[4]	τοῖς	_	_
9.7	813	[2]	ἀληθέσιν	_	_
9.7	814	[1]	ἔν	_	_
9.7	815	[17]	τε	_	_
9.7	816	[1]	ταῖς	_	_
9.7	817	[1]	ἀρχαῖς	_	_
9.7	818	[19]	τῶν	_	_
9.7	819	[1]	ἀποδείξεων	_	_
9.7	820	[51]	καὶ	_	_
9.7	821	[1]	πᾶσι	_	_
9.7	822	[5]	τοῖς	_	_
9.7	823	[3]	μετὰ	_	_
9.7	824	[3]	ταῦτα	_	_
9.7	825	[75]	,	b	_
9.7	826	[52]	καὶ	_	_
9.7	827	[2]	τὰ	_	_
9.7	828	[1]	σοφίσματα	_	_
9.7	829	[1]	καθ	_	_
9.7	830	[12]	’	b	_
9.7	831	[2]	ὁμοιότητα	_	_
9.7	832	[20]	τῶν	_	_
9.7	833	[5]	πρὸς	_	_
9.7	834	[2]	τοὺς	_	_
9.7	835	[2]	ἀληθεῖς	_	_
9.7	836	[2]	λόγους	_	_
9.7	837	[1]	συντίθενται	_	_
9.7	838	[19]	.	b	_
9.7	839	[1]	διαγιγνώσκειν	_	_
9.7	840	[53]	καὶ	_	_
9.7	841	[2]	διακρίνειν	_	_
9.7	842	[1]	αὐτὰ	_	_
9.7	843	[2]	ἀπ	_	_
9.7	844	[13]	’	b	_
9.7	845	[4]	ἀλλήλων	_	_
9.7	846	[6]	οἱ	_	_
9.7	847	[1]	γεγυμνασμένοι	_	_
9.7	848	[6]	κατὰ	_	_
9.7	849	[16]	τὴν	_	_
9.7	850	[1]	ὕλην	_	_
9.7	851	[1]	ἐκείνην	_	_
9.7	852	[1]	ἴσασι	_	_
9.7	853	[76]	,	b	_
9.7	854	[6]	περὶ	_	_
9.7	855	[1]	ἣν	_	_
9.7	856	[4]	ἡ	_	_
9.7	857	[1]	τέχνη	_	_
9.7	858	[1]	διατρίβει	_	_
9.7	859	[77]	,	b	_
9.7	860	[4]	μετὰ	_	_
9.7	861	[7]	τοῦ	_	_
9.7	862	[1]	δηλονότι	_	_
9.7	863	[54]	καὶ	_	_
9.7	864	[17]	τὴν	_	_
9.7	865	[2]	φυσικὴν	_	_
9.7	866	[1]	ἔχειν	_	_
9.7	867	[1]	ἀγχίνοιαν	_	_
9.7	868	[78]	,	b	_
9.7	869	[2]	ἣν	_	_
9.7	870	[1]	ἐχρῆν	_	_
9.7	871	[1]	μάλιστα	_	_
9.7	872	[1]	κρίνεσθαι	_	_
9.7	873	[7]	κατὰ	_	_
9.7	874	[18]	τὴν	_	_
9.7	875	[1]	ἡλικίαν	_	_
9.7	876	[21]	τῶν	_	_
9.7	877	[1]	παίδων	_	_
9.7	878	[2]	ὑπὸ	_	_
9.7	879	[22]	τῶν	_	_
9.7	880	[7]	ἐν	_	_
9.7	881	[1]	ἑκάστῃ	_	_
9.7	882	[1]	πόλει	_	_
9.7	883	[1]	συνετωτάτων	_	_
9.7	884	[1]	πρεσβυτέρων	_	_
9.7	885	[79]	,	b	_
9.7	886	[1]	ἐκμανθάνειν	_	_
9.7	887	[18]	τε	_	_
9.7	888	[19]	τὴν	_	_
9.7	889	[1]	προσήκουσαν	_	_
9.7	890	[6]	τῇ	_	_
9.7	891	[1]	φύσει	_	_
9.7	892	[1]	τέχνην	_	_
9.7	893	[1]	ἕκαστον	_	_
9.7	894	[80]	,	b	_
9.7	895	[8]	ὡς	_	_
9.7	896	[1]	νῦν	_	_
9.7	897	[10]	γε	_	_
9.7	898	[1]	πολλοὺς	_	_
9.7	899	[1]	ὁρῶμεν	_	_
9.7	900	[1]	τέχνας	_	_
9.7	901	[1]	λογικὰς	_	_
9.7	902	[1]	μετιόντας	_	_
9.7	903	[1]	οὐδ	_	_
9.7	904	[14]	’	b	_
9.7	905	[2]	οἷς	_	_
9.7	906	[3]	αὐτοὶ	_	_
9.7	907	[1]	φθέγγονται	_	_
9.7	908	[1]	παρακολουθοῦντας	_	_
9.7	909	[20]	.	b	_
9.8	1	[1]	Ὅτι	_	_
9.8	2	[1]	δ	_	_
9.8	3	[1]	’	b	_
9.8	4	[1]	εἰς	_	_
9.8	5	[1]	λογικὰς	_	_
9.8	6	[1]	ἀρχὰς	_	_
9.8	7	[1]	ἀνάγεται	_	_
9.8	8	[1]	παντὸς	_	_
9.8	9	[1]	δόγματος	_	_
9.8	10	[1]	ἡ	_	_
9.8	11	[1]	ἀπόδειξις	_	_
9.8	12	[1]	,	b	_
9.8	13	[1]	ἐπιδέδεικται	_	_
9.8	14	[1]	μὲν	_	_
9.8	15	[1]	ἡμῖν	_	_
9.8	16	[1]	ἐν	_	_
9.8	17	[1]	ἁπάσαις	_	_
9.8	18	[1]	σχεδὸν	_	_
9.8	19	[1]	ταῖς	_	_
9.8	20	[1]	πραγματείαις	_	_
9.8	21	[2]	,	b	_
9.8	22	[1]	ἀλλὰ	_	_
9.8	23	[1]	καὶ	_	_
9.8	24	[1]	νῦν	_	_
9.8	25	[3]	,	b	_
9.8	26	[1]	ἐπειδὴ	_	_
9.8	27	[1]	τὸ	_	_
9.8	28	[1]	διακρίνειν	_	_
9.8	29	[1]	ἀπ	_	_
9.8	30	[2]	’	b	_
9.8	31	[1]	ἀλλήλων	_	_
9.8	32	[1]	δύνασθαι	_	_
9.8	33	[1]	τὰ	_	_
9.8	34	[1]	πράγματα	_	_
9.8	35	[2]	καὶ	_	_
9.8	36	[1]	θεωρεῖν	_	_
9.8	37	[1]	ἀκριβῶς	_	_
9.8	38	[1]	τὰς	_	_
9.8	39	[2]	ἐν	_	_
9.8	40	[1]	ἑκάστοις	_	_
9.8	41	[1]	ὁμοιότητάς	_	_
9.8	42	[1]	τε	_	_
9.8	43	[3]	καὶ	_	_
9.8	44	[1]	ἀνομοιότητας	_	_
9.8	45	[1]	ἐξ	_	_
9.8	46	[1]	ἀρχῆς	_	_
9.8	47	[1]	σκοπεῖσθαι	_	_
9.8	48	[1]	προὐθέμεθα	_	_
9.8	49	[4]	,	b	_
9.8	50	[1]	προσθήσω	_	_
9.8	51	[1]	τι	_	_
9.8	52	[1]	παράδειγμα	_	_
9.8	53	[1]	γυμνασίας	_	_
9.8	54	[1]	ἕνεκεν	_	_
9.8	55	[5]	,	b	_
9.8	56	[1]	ὡς	_	_
9.8	57	[1]	οὐ	_	_
9.8	58	[1]	χρὴ	_	_
9.8	59	[1]	μόνον	_	_
9.8	60	[1]	ἀρκεῖσθαι	_	_
9.8	61	[1]	τῷ	_	_
9.8	62	[1]	δεῖξαι	_	_
9.8	63	[2]	τὸ	_	_
9.8	64	[1]	δεῖν	_	_
9.8	65	[1]	ὑμᾶς	_	_
9.8	66	[1]	γυμνάζεσθαι	_	_
9.8	67	[1]	περὶ	_	_
9.8	68	[2]	τὰ	_	_
9.8	69	[1]	κατὰ	_	_
9.8	70	[1]	μέρος	_	_
9.8	71	[6]	,	b	_
9.8	72	[2]	ἀλλὰ	_	_
9.8	73	[4]	καὶ	_	_
9.8	74	[1]	πράττειν	_	_
9.8	75	[1]	οὕτω	_	_
9.8	76	[1]	.	b	_
9.8	77	[1]	οὐδὲ	_	_
9.8	78	[1]	γὰρ	_	_
9.8	79	[1]	ὁ	_	_
9.8	80	[1]	Πλάτων	_	_
9.8	81	[1]	αὐτὸς	_	_
9.8	82	[1]	οὔθ	_	_
9.8	83	[3]	’	b	_
9.8	84	[1]	Ἱπποκράτης	_	_
9.8	85	[1]	ἠρκέσθησαν	_	_
9.8	86	[2]	τῷ	_	_
9.8	87	[1]	καθόλου	_	_
9.8	88	[1]	τοῦτο	_	_
9.8	89	[1]	συμβουλεύσασθαι	_	_
9.8	90	[7]	,	b	_
9.8	91	[3]	ἀλλὰ	_	_
9.8	92	[5]	καὶ	_	_
9.8	93	[1]	διὰ	_	_
9.8	94	[1]	τῶν	_	_
9.8	95	[1]	παραδειγμάτων	_	_
9.8	96	[1]	ἐγύμνασαν	_	_
9.8	97	[1]	ἡμᾶς	_	_
9.8	98	[3]	ἐν	_	_
9.8	99	[1]	πολλοῖς	_	_
9.8	100	[2]	κατὰ	_	_
9.8	101	[2]	μέρος	_	_
9.8	102	[2]	.	b	_
9.8	103	[1]	προκεχειρίσθω	_	_
9.8	104	[1]	δέ	_	_
9.8	105	[1]	τις	_	_
9.8	106	[1]	ὕλη	_	_
9.8	107	[1]	θεωρίας	_	_
9.8	108	[8]	,	b	_
9.8	109	[2]	ἡ	_	_
9.8	110	[1]	τῆς	_	_
9.8	111	[2]	περὶ	_	_
9.8	112	[2]	ἡμᾶς	_	_
9.8	113	[1]	προνοίας	_	_
9.8	114	[1]	τοῦ	_	_
9.8	115	[1]	δημιουργοῦ	_	_
9.8	116	[9]	,	b	_
9.8	117	[1]	τὴν	_	_
9.8	118	[1]	ἀρχὴν	_	_
9.8	119	[1]	ἀπὸ	_	_
9.8	120	[2]	τῆς	_	_
9.8	121	[1]	κατασκευῆς	_	_
9.8	122	[2]	τοῦ	_	_
9.8	123	[1]	σώματος	_	_
9.8	124	[1]	ποιησαμένοις	_	_
9.8	125	[3]	.	b	_
9.8	126	[1]	ἔνιοι	_	_
9.8	127	[2]	γὰρ	_	_
9.8	128	[1]	κατά	_	_
9.8	129	[1]	τινα	_	_
9.8	130	[1]	τύχην	_	_
9.8	131	[1]	ἄτεχνον	_	_
9.8	132	[6]	καὶ	_	_
9.8	133	[1]	ἄλογον	_	_
9.8	134	[10]	,	b	_
9.8	135	[2]	οὐ	_	_
9.8	136	[3]	κατὰ	_	_
9.8	137	[1]	πρόνοιαν	_	_
9.8	138	[1]	σοφοῦ	_	_
9.8	139	[2]	δημιουργοῦ	_	_
9.8	140	[1]	διαπλάττεσθαί	_	_
9.8	141	[1]	φασιν	_	_
9.8	142	[11]	,	b	_
9.8	143	[1]	ἀμυδρᾷ	_	_
9.8	144	[1]	πρὸς	_	_
9.8	145	[2]	τὴν	_	_
9.8	146	[1]	πίστιν	_	_
9.8	147	[1]	ὧν	_	_
9.8	148	[1]	λέγουσιν	_	_
9.8	149	[1]	ὁμοιότητι	_	_
9.8	150	[1]	χρώμενοι	_	_
9.8	151	[12]	,	b	_
9.8	152	[2]	ὡς	_	_
9.8	153	[1]	ἔνια	_	_
9.8	154	[4]	κατὰ	_	_
9.8	155	[1]	τὸν	_	_
9.8	156	[1]	βίον	_	_
9.8	157	[1]	ὑπὸ	_	_
9.8	158	[1]	τύχης	_	_
9.8	159	[1]	ὅμοια	_	_
9.8	160	[1]	γίνεται	_	_
9.8	161	[2]	τῶν	_	_
9.8	162	[5]	κατὰ	_	_
9.8	163	[2]	τὰς	_	_
9.8	164	[1]	τέχνας	_	_
9.8	165	[4]	.	b	_
9.8	166	[1]	ὁρῶν	_	_
9.8	167	[1]	γάρ	_	_
9.8	168	[1]	τίς	_	_
9.8	169	[1]	τινων	_	_
9.8	170	[3]	τὴν	_	_
9.8	171	[1]	περιγραφὴν	_	_
9.8	172	[1]	ἢ	_	_
9.8	173	[3]	τὸ	_	_
9.8	174	[1]	σχῆμα	_	_
9.8	175	[1]	παραπλήσιον	_	_
9.8	176	[1]	εἶναι	_	_
9.8	177	[1]	λέοντος	_	_
9.8	178	[1]	προσώπῳ	_	_
9.8	179	[13]	,	b	_
9.8	180	[1]	καθάπερ	_	_
9.8	181	[1]	ἐνίων	_	_
9.8	182	[1]	δράκοντος	_	_
9.8	183	[14]	,	b	_
9.8	184	[2]	ἢ	_	_
9.8	185	[1]	ἄλλου	_	_
9.8	186	[1]	τινὸς	_	_
9.8	187	[1]	ζώου	_	_
9.8	188	[15]	,	b	_
9.8	189	[1]	ὥς	_	_
9.8	190	[1]	φασι	_	_
9.8	191	[16]	,	b	_
9.8	192	[1]	καί	_	_
9.8	193	[1]	πού	_	_
9.8	194	[2]	τις	_	_
9.8	195	[1]	πατάξας	_	_
9.8	196	[1]	πέτραν	_	_
9.8	197	[1]	ἀπέῤῥηξεν	_	_
9.8	198	[1]	αὐτῆς	_	_
9.8	199	[1]	τηλικοῦτον	_	_
9.8	200	[17]	,	b	_
9.8	201	[3]	ὡς	_	_
9.8	202	[4]	τὸ	_	_
9.8	203	[1]	καταλειπόμενον	_	_
9.8	204	[1]	ἐοικέναι	_	_
9.8	205	[2]	λέοντος	_	_
9.8	206	[1]	μορφῇ	_	_
9.8	207	[18]	,	b	_
9.8	208	[1]	ἕτερά	_	_
9.8	209	[2]	τε	_	_
9.8	210	[1]	τοιαῦτα	_	_
9.8	211	[2]	λέγουσιν	_	_
9.8	212	[1]	ἅπαξ	_	_
9.8	213	[4]	ἐν	_	_
9.8	214	[1]	μακρῷ	_	_
9.8	215	[1]	χρόνῳ	_	_
9.8	216	[1]	καθ	_	_
9.8	217	[4]	’	b	_
9.8	218	[1]	ὅλην	_	_
9.8	219	[4]	τὴν	_	_
9.8	220	[1]	οἰκουμένην	_	_
9.8	221	[1]	γεγονότα	_	_
9.8	222	[19]	,	b	_
9.8	223	[3]	τῆς	_	_
9.8	224	[1]	δὲ	_	_
9.8	225	[3]	τῶν	_	_
9.8	226	[1]	τεχνῶν	_	_
9.8	227	[1]	φύσεως	_	_
9.8	228	[20]	,	b	_
9.8	229	[1]	ἣν	_	_
9.8	230	[1]	ἅπαντες	_	_
9.8	231	[1]	ἄνθρωποι	_	_
9.8	232	[1]	φύσει	_	_
9.8	233	[1]	ποιοῦνται	_	_
9.8	234	[21]	,	b	_
9.8	235	[7]	καὶ	_	_
9.8	236	[4]	τῆς	_	_
9.8	237	[2]	πρὸς	_	_
9.8	238	[1]	αὐτὰς	_	_
9.8	239	[1]	ὁμοιοτάτης	_	_
9.8	240	[1]	ἡμῶν	_	_
9.8	241	[1]	διαπλάσεως	_	_
9.8	242	[1]	παντάπασιν	_	_
9.8	243	[1]	ἐπιλανθάνονται	_	_
9.8	244	[5]	.	b	_
9.8	245	[1]	καίτοι	_	_
9.8	246	[1]	γε	_	_
9.8	247	[1]	ὁρῶνται	_	_
9.8	248	[1]	ἐνεργοῦντας	_	_
9.8	249	[3]	περὶ	_	_
9.8	250	[3]	τὰς	_	_
9.8	251	[1]	ὕλας	_	_
9.8	252	[1]	πολλοὺς	_	_
9.8	253	[22]	,	b	_
9.8	254	[1]	οὔτε	_	_
9.8	255	[1]	σκυτοτόμους	_	_
9.8	256	[1]	ὀνομαζομένους	_	_
9.8	257	[23]	,	b	_
9.8	258	[2]	οὔτε	_	_
9.8	259	[1]	τέκτονας	_	_
9.8	260	[24]	,	b	_
9.8	261	[3]	οὔτε	_	_
9.8	262	[1]	πλάστας	_	_
9.8	263	[25]	,	b	_
9.8	264	[1]	ἐάν	_	_
9.8	265	[2]	γε	_	_
9.8	266	[1]	μὴ	_	_
9.8	267	[1]	φαίνηται	_	_
9.8	268	[1]	χρησίμου	_	_
9.8	269	[1]	ἕνεκά	_	_
9.8	270	[1]	τινος	_	_
9.8	271	[1]	ἑκάστου	_	_
9.8	272	[26]	,	b	_
9.8	273	[2]	ὧν	_	_
9.8	274	[1]	ἐκεῖνοι	_	_
9.8	275	[1]	ἐδημιούργησαν	_	_
9.8	276	[27]	,	b	_
9.8	277	[1]	γεγονέναι	_	_
9.8	278	[6]	.	b	_
9.8	279	[4]	ὡς	_	_
9.8	280	[1]	οὐδὲν	_	_
9.8	281	[1]	ἄλλο	_	_
9.8	282	[1]	τέχνης	_	_
9.8	283	[1]	ὑπάρχει	_	_
9.8	284	[1]	γνώρισμα	_	_
9.8	285	[1]	παρὰ	_	_
9.8	286	[5]	τὴν	_	_
9.8	287	[1]	χρείαν	_	_
9.8	288	[2]	ἑκάστου	_	_
9.8	289	[4]	τῶν	_	_
9.8	290	[5]	ἐν	_	_
9.8	291	[3]	τῷ	_	_
9.8	292	[1]	δημιουργηθέντι	_	_
9.8	293	[1]	μορίῳ	_	_
9.8	294	[7]	.	b	_
9.8	295	[1]	ἐὰν	_	_
9.8	296	[2]	μὲν	_	_
9.8	297	[1]	οὖν	_	_
9.8	298	[2]	ὁ	_	_
9.8	299	[3]	τὰ	_	_
9.8	300	[1]	ξύλα	_	_
9.8	301	[1]	τέμνων	_	_
9.8	302	[3]	τε	_	_
9.8	303	[8]	καὶ	_	_
9.8	304	[1]	πρίων	_	_
9.8	305	[9]	καὶ	_	_
9.8	306	[1]	συμπηγνὺς	_	_
9.8	307	[1]	ἀπεργάσηται	_	_
9.8	308	[1]	σκίμποδα	_	_
9.8	309	[28]	,	b	_
9.8	310	[1]	πάντ	_	_
9.8	311	[5]	’	b	_
9.8	312	[1]	ἐπιτήδεια	_	_
9.8	313	[4]	τὰ	_	_
9.8	314	[1]	μόρια	_	_
9.8	315	[1]	ἔχοντα	_	_
9.8	316	[3]	πρὸς	_	_
9.8	317	[6]	τὴν	_	_
9.8	318	[2]	χρείαν	_	_
9.8	319	[29]	,	b	_
9.8	320	[1]	ἧς	_	_
9.8	321	[1]	ἕνεκα	_	_
9.8	322	[1]	πήγνυται	_	_
9.8	323	[30]	,	b	_
9.8	324	[2]	γεγονότα	_	_
9.8	325	[31]	,	b	_
9.8	326	[1]	τεχνίτην	_	_
9.8	327	[1]	φασὶν	_	_
9.8	328	[2]	εἶναι	_	_
9.8	329	[2]	τὸν	_	_
9.8	330	[1]	τοιοῦτον	_	_
9.8	331	[1]	·	b	_
9.8	332	[2]	ἐὰν	_	_
9.8	333	[2]	δ	_	_
9.8	334	[6]	’	b	_
9.8	335	[1]	ἤτοι	_	_
9.8	336	[1]	τοὺς	_	_
9.8	337	[1]	δεξιοὺς	_	_
9.8	338	[1]	πόδας	_	_
9.8	339	[1]	τοῖς	_	_
9.8	340	[1]	ἀριστεροῖς	_	_
9.8	341	[1]	ἀνίσους	_	_
9.8	342	[2]	ἀπεργάσηται	_	_
9.8	343	[6]	κατὰ	_	_
9.8	344	[5]	τὸ	_	_
9.8	345	[1]	μῆκος	_	_
9.8	346	[32]	,	b	_
9.8	347	[3]	ἢ	_	_
9.8	348	[6]	τὸ	_	_
9.8	349	[1]	πάχος	_	_
9.8	350	[33]	,	b	_
9.8	351	[4]	ἢ	_	_
9.8	352	[7]	τὸ	_	_
9.8	353	[2]	σχῆμα	_	_
9.8	354	[1]	διαφέροντας	_	_
9.8	355	[34]	,	b	_
9.8	356	[1]	ἤ	_	_
9.8	357	[2]	τι	_	_
9.8	358	[2]	τοιοῦτον	_	_
9.8	359	[7]	κατὰ	_	_
9.8	360	[8]	τὸ	_	_
9.8	361	[1]	ἐπίκλιντρον	_	_
9.8	362	[35]	,	b	_
9.8	363	[5]	ἢ	_	_
9.8	364	[5]	τὰ	_	_
9.8	365	[1]	διήκοντα	_	_
9.8	366	[2]	ξύλα	_	_
9.8	367	[8]	κατὰ	_	_
9.8	368	[9]	τὸ	_	_
9.8	369	[1]	μῆκός	_	_
9.8	370	[3]	τι	_	_
9.8	371	[5]	τῶν	_	_
9.8	372	[1]	ἄνω	_	_
9.8	373	[1]	μερῶν	_	_
9.8	374	[1]	ἐπὶ	_	_
9.8	375	[6]	τὰ	_	_
9.8	376	[1]	κάτω	_	_
9.8	377	[2]	φαίνηται	_	_
9.8	378	[1]	σφαλεὶς	_	_
9.8	379	[36]	,	b	_
9.8	380	[2]	ἄτεχνον	_	_
9.8	381	[1]	εἶναί	_	_
9.8	382	[2]	φασι	_	_
9.8	383	[8]	.	b	_
9.8	384	[10]	καὶ	_	_
9.8	385	[1]	πολύ	_	_
9.8	386	[3]	γε	_	_
9.8	387	[1]	μᾶλλον	_	_
9.8	388	[37]	,	b	_
9.8	389	[1]	ἂν	_	_
9.8	390	[10]	τὸ	_	_
9.8	391	[1]	κατασκευαζόμενον	_	_
9.8	392	[1]	ἐκ	_	_
9.8	393	[1]	πολλῶν	_	_
9.8	394	[2]	μερῶν	_	_
9.8	395	[1]	ᾖ	_	_
9.8	396	[1]	συγκείμενον	_	_
9.8	397	[38]	,	b	_
9.8	398	[1]	εἶτα	_	_
9.8	399	[1]	μηδὲν	_	_
9.8	400	[6]	ἐν	_	_
9.8	401	[1]	αὐτοῖς	_	_
9.8	402	[3]	ὁ	_	_
9.8	403	[2]	συμπηγνὺς	_	_
9.8	404	[1]	αὐτὰ	_	_
9.8	405	[1]	σφάλληται	_	_
9.8	406	[39]	,	b	_
9.8	407	[2]	τεχνίτην	_	_
9.8	408	[2]	εἶναί	_	_
9.8	409	[3]	φασι	_	_
9.8	410	[3]	τὸν	_	_
9.8	411	[1]	κατασκευάσαντα	_	_
9.8	412	[40]	,	b	_
9.8	413	[2]	καθάπερ	_	_
9.8	414	[2]	ἐπὶ	_	_
9.8	415	[5]	τῆς	_	_
9.8	416	[1]	ἁμάξης	_	_
9.8	417	[4]	ὁ	_	_
9.8	418	[1]	Ἡσίοδος	_	_
9.8	419	[1]	εἶπεν	_	_
9.8	420	[41]	,	b	_
9.8	421	[1]	—	a	_
9.8	422	[2]	—	a	_
9.8	423	[1]	ἑκατὸν	_	_
9.8	424	[2]	δέ	_	_
9.8	425	[4]	τε	_	_
9.8	426	[1]	δούραθ	_	_
9.8	427	[7]	’	b	_
9.8	428	[2]	ἁμάξης	_	_
9.8	429	[9]	.	b	_
9.8	430	[1]	εἴτε	_	_
9.8	431	[3]	γὰρ	_	_
9.8	432	[1]	ὄντως	_	_
9.8	433	[2]	ἑκατὸν	_	_
9.8	434	[42]	,	b	_
9.8	435	[2]	εἴτε	_	_
9.8	436	[1]	ἀντὶ	_	_
9.8	437	[3]	τοῦ	_	_
9.8	438	[1]	πολλὰ	_	_
9.8	439	[1]	τοσαῦτα	_	_
9.8	440	[2]	εἶπεν	_	_
9.8	441	[43]	,	b	_
9.8	442	[1]	ὥσπερ	_	_
9.8	443	[1]	Ὅμηρος	_	_
9.8	444	[44]	,	b	_
9.8	445	[1]	Τῆς	_	_
9.8	446	[3]	ἑκατὸν	_	_
9.8	447	[1]	θύσανοι	_	_
9.8	448	[1]	παγχρύσεοι	_	_
9.8	449	[1]	ἠερέθοντο	_	_
9.8	450	[10]	.	b	_
9.8	451	[11]	καὶ	_	_
9.8	452	[2]	διὰ	_	_
9.8	453	[2]	τοῦτο	_	_
9.8	454	[1]	οἱ	_	_
9.8	455	[1]	γραμματικοί	_	_
9.8	456	[2]	φασιν	_	_
9.8	457	[45]	,	b	_
9.8	458	[2]	ἀντὶ	_	_
9.8	459	[4]	τοῦ	_	_
9.8	460	[2]	πολλὰ	_	_
9.8	461	[4]	ἑκατὸν	_	_
9.8	462	[1]	εἰρηκέναι	_	_
9.8	463	[46]	,	b	_
9.8	464	[4]	τῷ	_	_
9.8	465	[2]	μὴ	_	_
9.8	466	[1]	σφαλῆναι	_	_
9.8	467	[2]	κατά	_	_
9.8	468	[4]	τι	_	_
9.8	469	[6]	τῶν	_	_
9.8	470	[1]	μορίων	_	_
9.8	471	[47]	,	b	_
9.8	472	[4]	ἀλλὰ	_	_
9.8	473	[12]	καὶ	_	_
9.8	474	[11]	τὸ	_	_
9.8	475	[1]	μέγεθος	_	_
9.8	476	[2]	αὐτοῖς	_	_
9.8	477	[13]	καὶ	_	_
9.8	478	[12]	τὸ	_	_
9.8	479	[3]	σχῆμα	_	_
9.8	480	[1]	περιθεῖναι	_	_
9.8	481	[13]	τὸ	_	_
9.8	482	[1]	πρέπον	_	_
9.8	483	[48]	,	b	_
9.8	484	[7]	ἐν	_	_
9.8	485	[1]	χώρᾳ	_	_
9.8	486	[5]	τε	_	_
9.8	487	[1]	τῇ	_	_
9.8	488	[1]	προσηκούσῃ	_	_
9.8	489	[1]	τάξαι	_	_
9.8	490	[49]	,	b	_
9.8	491	[14]	καὶ	_	_
9.8	492	[7]	τὴν	_	_
9.8	493	[4]	πρὸς	_	_
9.8	494	[7]	τὰ	_	_
9.8	495	[1]	πλησιάζοντα	_	_
9.8	496	[1]	σύνθεσιν	_	_
9.8	497	[1]	ἀσφαλῆ	_	_
9.8	498	[15]	καὶ	_	_
9.8	499	[1]	δύσλυτον	_	_
9.8	500	[1]	ἐργάσασθαι	_	_
9.8	501	[50]	,	b	_
9.8	502	[2]	τέχνης	_	_
9.8	503	[1]	ἐπιδείγματα	_	_
9.8	504	[1]	πάντες	_	_
9.8	505	[1]	ἡγοῦνται	_	_
9.8	506	[51]	,	b	_
9.8	507	[1]	οὐχὶ	_	_
9.8	508	[1]	παρ	_	_
9.8	509	[8]	’	b	_
9.8	510	[1]	ἀνθρώπου	_	_
9.8	511	[1]	διδαχθέντες	_	_
9.8	512	[2]	οὕτω	_	_
9.8	513	[1]	κρίνειν	_	_
9.8	514	[52]	,	b	_
9.8	515	[1]	ἀλλ	_	_
9.8	516	[9]	’	b	_
9.8	517	[1]	ἔχοντές	_	_
9.8	518	[2]	φύσει	_	_
9.8	519	[3]	τέχνης	_	_
9.8	520	[1]	ἔννοιαν	_	_
9.8	521	[1]	ἀφωρισμένην	_	_
9.8	522	[2]	τύχης	_	_
9.8	523	[11]	.	b	_
9.8	524	[14]	τὸ	_	_
9.8	525	[3]	μὲν	_	_
9.8	526	[4]	γὰρ	_	_
9.8	527	[8]	ἐν	_	_
9.8	528	[1]	ἅπασι	_	_
9.8	529	[1]	κατορθούμενον	_	_
9.8	530	[2]	εἰς	_	_
9.8	531	[1]	τέχνην	_	_
9.8	532	[1]	ἀναφέρουσι	_	_
9.8	533	[53]	,	b	_
9.8	534	[15]	τὸ	_	_
9.8	535	[2]	δὲ	_	_
9.8	536	[2]	καθ	_	_
9.8	537	[10]	’	b	_
9.8	538	[1]	ἓν	_	_
9.8	539	[6]	ἢ	_	_
9.8	540	[1]	δύο	_	_
9.8	541	[3]	τύχης	_	_
9.8	542	[1]	ἔργον	_	_
9.8	543	[54]	,	b	_
9.8	544	[3]	οὐ	_	_
9.8	545	[4]	τέχνης	_	_
9.8	546	[55]	,	b	_
9.8	547	[3]	εἶναι	_	_
9.8	548	[1]	πεπιστεύκασι	_	_
9.8	549	[12]	.	b	_
9.8	550	[8]	τὴν	_	_
9.8	551	[1]	αὐτὴν	_	_
9.8	552	[2]	οὖν	_	_
9.8	553	[2]	ἔννοιαν	_	_
9.8	554	[2]	οἱ	_	_
9.8	555	[1]	ἀνατομικοὶ	_	_
9.8	556	[7]	τῶν	_	_
9.8	557	[1]	ἰατρῶν	_	_
9.8	558	[1]	ἐθαύμασαν	_	_
9.8	559	[2]	ἅπαντες	_	_
9.8	560	[9]	τὴν	_	_
9.8	561	[2]	τέχνην	_	_
9.8	562	[6]	τῆς	_	_
9.8	563	[2]	φύσεως	_	_
9.8	564	[13]	.	b	_
9.8	565	[4]	οὐ	_	_
9.8	566	[5]	γὰρ	_	_
9.8	567	[56]	,	b	_
9.8	568	[5]	ὡς	_	_
9.8	569	[1]	ἔξωθεν	_	_
9.8	570	[1]	ὁρᾶται	_	_
9.8	571	[16]	τὸ	_	_
9.8	572	[1]	σῶμα	_	_
9.8	573	[2]	συγκείμενον	_	_
9.8	574	[2]	ἐκ	_	_
9.8	575	[3]	μερῶν	_	_
9.8	576	[1]	δέκα	_	_
9.8	577	[1]	που	_	_
9.8	578	[16]	καὶ	_	_
9.8	579	[1]	δώδεκα	_	_
9.8	580	[7]	ἢ	_	_
9.8	581	[57]	,	b	_
9.8	582	[1]	εἰ	_	_
9.8	583	[1]	βούλει	_	_
9.8	584	[58]	,	b	_
9.8	585	[17]	καὶ	_	_
9.8	586	[1]	εἴκοσιν	_	_
9.8	587	[59]	,	b	_
9.8	588	[3]	οὕτω	_	_
9.8	589	[18]	καὶ	_	_
9.8	590	[1]	κατ	_	_
9.8	591	[11]	’	b	_
9.8	592	[1]	ἀλήθειαν	_	_
9.8	593	[1]	ἔχει	_	_
9.8	594	[14]	.	b	_
9.8	595	[1]	σύγκειται	_	_
9.8	596	[6]	γὰρ	_	_
9.8	597	[2]	ἐξ	_	_
9.8	598	[1]	ὀστέων	_	_
9.8	599	[1]	πλειόνων	_	_
9.8	600	[8]	ἢ	_	_
9.8	601	[1]	διακοσίων	_	_
9.8	602	[60]	,	b	_
9.8	603	[2]	ὥσπερ	_	_
9.8	604	[4]	γε	_	_
9.8	605	[19]	καὶ	_	_
9.8	606	[1]	μυῶν	_	_
9.8	607	[1]	πολὺ	_	_
9.8	608	[2]	πλειόνων	_	_
9.8	609	[9]	ἢ	_	_
9.8	610	[2]	διακοσίων	_	_
9.8	611	[15]	.	b	_
9.8	612	[3]	εἰς	_	_
9.8	613	[1]	ἕκαστον	_	_
9.8	614	[3]	δὲ	_	_
9.8	615	[8]	τῶν	_	_
9.8	616	[1]	ὀστῶν	_	_
9.8	617	[4]	μὲν	_	_
9.8	618	[1]	ἀφικνεῖται	_	_
9.8	619	[17]	τὸ	_	_
9.8	620	[1]	τρέφον	_	_
9.8	621	[1]	ἀγγεῖον	_	_
9.8	622	[61]	,	b	_
9.8	623	[1]	ὃ	_	_
9.8	624	[1]	καλοῦσιν	_	_
9.8	625	[3]	οἱ	_	_
9.8	626	[2]	ἄνθρωποι	_	_
9.8	627	[1]	φλέβα	_	_
9.8	628	[62]	,	b	_
9.8	629	[9]	τῶν	_	_
9.8	630	[4]	δὲ	_	_
9.8	631	[2]	μυῶν	_	_
9.8	632	[5]	οὐ	_	_
9.8	633	[3]	τοῦτο	_	_
9.8	634	[2]	μόνον	_	_
9.8	635	[63]	,	b	_
9.8	636	[5]	ἀλλὰ	_	_
9.8	637	[20]	καὶ	_	_
9.8	638	[1]	ἀρτηρία	_	_
9.8	639	[64]	,	b	_
9.8	640	[21]	καὶ	_	_
9.8	641	[1]	νεῦρα	_	_
9.8	642	[65]	,	b	_
9.8	643	[1]	ἴσα	_	_
9.8	644	[6]	τε	_	_
9.8	645	[1]	πάντα	_	_
9.8	646	[1]	ἐστὶν	_	_
9.8	647	[2]	ἀκριβῶς	_	_
9.8	648	[8]	τὰ	_	_
9.8	649	[9]	κατὰ	_	_
9.8	650	[18]	τὸ	_	_
9.8	651	[1]	δεξιὸν	_	_
9.8	652	[3]	μέρος	_	_
9.8	653	[5]	τοῦ	_	_
9.8	654	[2]	ζώου	_	_
9.8	655	[2]	τοῖς	_	_
9.8	656	[10]	κατὰ	_	_
9.8	657	[1]	θάτερον	_	_
9.8	658	[66]	,	b	_
9.8	659	[1]	ὀστοῦν	_	_
9.8	660	[1]	ὀστῷ	_	_
9.8	661	[67]	,	b	_
9.8	662	[22]	καὶ	_	_
9.8	663	[1]	μῦς	_	_
9.8	664	[1]	μυῒ	_	_
9.8	665	[68]	,	b	_
9.8	666	[23]	καὶ	_	_
9.8	667	[1]	φλὲψ	_	_
9.8	668	[1]	φλεβὶ	_	_
9.8	669	[69]	,	b	_
9.8	670	[24]	καὶ	_	_
9.8	671	[1]	νεῦρον	_	_
9.8	672	[1]	νεύρῳ	_	_
9.8	673	[70]	,	b	_
9.8	674	[25]	καὶ	_	_
9.8	675	[2]	ταῖς	_	_
9.8	676	[1]	ἀρτηρίαις	_	_
9.8	677	[1]	ἀρτηρίαι	_	_
9.8	678	[16]	.	b	_
9.8	679	[1]	διὸ	_	_
9.8	680	[26]	καὶ	_	_
9.8	681	[1]	θαυμαστῶς	_	_
9.8	682	[5]	ὁ	_	_
9.8	683	[2]	Ἱπποκράτης	_	_
9.8	684	[1]	ἔφη	_	_
9.8	685	[71]	,	b	_
9.8	686	[4]	τοῦτο	_	_
9.8	687	[5]	μὲν	_	_
9.8	688	[1]	ἐπεὶ	_	_
9.8	689	[1]	δίκαιον	_	_
9.8	690	[1]	ἔχουσι	_	_
9.8	691	[19]	τὸ	_	_
9.8	692	[2]	σῶμα	_	_
9.8	693	[4]	οἱ	_	_
9.8	694	[3]	ἄνθρωποι	_	_
9.8	695	[17]	.	b	_
9.8	696	[1]	μέγιστον	_	_
9.8	697	[2]	γάρ	_	_
9.8	698	[1]	ἐστι	_	_
9.8	699	[1]	σημεῖον	_	_
9.8	700	[7]	τῆς	_	_
9.8	701	[9]	ἐν	_	_
9.8	702	[3]	τοῖς	_	_
9.8	703	[1]	μορίοις	_	_
9.8	704	[1]	δικαιοσύνης	_	_
9.8	705	[27]	καὶ	_	_
9.8	706	[3]	ἡ	_	_
9.8	707	[6]	τοῦ	_	_
9.8	708	[1]	σχήματος	_	_
9.8	709	[1]	ὁμοιότης	_	_
9.8	710	[72]	,	b	_
9.8	711	[1]	ἥ	_	_
9.8	712	[7]	τε	_	_
9.8	713	[8]	τῆς	_	_
9.8	714	[1]	χώρας	_	_
9.8	715	[73]	,	b	_
9.8	716	[3]	καθ	_	_
9.8	717	[12]	’	b	_
9.8	718	[2]	ἣν	_	_
9.8	719	[1]	ἐμφύεται	_	_
9.8	720	[9]	τὰ	_	_
9.8	721	[1]	τρία	_	_
9.8	722	[1]	ταῦτα	_	_
9.8	723	[1]	ὄργανα	_	_
9.8	724	[74]	,	b	_
9.8	725	[10]	τὴν	_	_
9.8	726	[2]	φλέβα	_	_
9.8	727	[1]	λέγω	_	_
9.8	728	[28]	καὶ	_	_
9.8	729	[11]	τὴν	_	_
9.8	730	[1]	ἀρτηρίαν	_	_
9.8	731	[29]	καὶ	_	_
9.8	732	[20]	τὸ	_	_
9.8	733	[2]	νεῦρον	_	_
9.8	734	[10]	ἐν	_	_
9.8	735	[1]	ἑκάστῳ	_	_
9.8	736	[10]	τῶν	_	_
9.8	737	[3]	μυῶν	_	_
9.8	738	[75]	,	b	_
9.8	739	[2]	ἥ	_	_
9.8	740	[8]	τε	_	_
9.8	741	[9]	τῆς	_	_
9.8	742	[11]	ἐν	_	_
9.8	743	[3]	αὐτοῖς	_	_
9.8	744	[1]	σχέσεως	_	_
9.8	745	[1]	ἐναντιότης	_	_
9.8	746	[6]	οὐ	_	_
9.8	747	[1]	δικαιοσύνην	_	_
9.8	748	[3]	μόνον	_	_
9.8	749	[12]	ἐν	_	_
9.8	750	[2]	τῇ	_	_
9.8	751	[1]	κατασκευῇ	_	_
9.8	752	[7]	τοῦ	_	_
9.8	753	[2]	σώματος	_	_
9.8	754	[1]	ἐνδείκνυται	_	_
9.8	755	[1]	σαφῶς	_	_
9.8	756	[76]	,	b	_
9.8	757	[6]	ἀλλὰ	_	_
9.8	758	[30]	καὶ	_	_
9.8	759	[1]	δύναμιν	_	_
9.8	760	[1]	ἄκραν	_	_
9.8	761	[8]	τοῦ	_	_
9.8	762	[1]	κατασκευάσαντος	_	_
9.8	763	[1]	αὐτὸ	_	_
9.8	764	[21]	τὸ	_	_
9.8	765	[3]	σῶμα	_	_
9.8	766	[18]	.	b	_
9.8	767	[2]	τοὺς	_	_
9.8	768	[3]	γάρ	_	_
9.8	769	[1]	τοι	_	_
9.8	770	[1]	σκοποὺς	_	_
9.8	771	[10]	τῆς	_	_
9.8	772	[2]	κατασκευῆς	_	_
9.8	773	[3]	ἐὰν	_	_
9.8	774	[1]	ἀριθμήσῃς	_	_
9.8	775	[77]	,	b	_
9.8	776	[1]	εἶθ	_	_
9.8	777	[13]	’	b	_
9.8	778	[2]	ἕκαστον	_	_
9.8	779	[1]	αὐτῶν	_	_
9.8	780	[1]	εὕρῃς	_	_
9.8	781	[1]	κατωρθωμένον	_	_
9.8	782	[78]	,	b	_
9.8	783	[1]	ἐναργῶς	_	_
9.8	784	[1]	σοι	_	_
9.8	785	[1]	φανεῖται	_	_
9.8	786	[22]	τὸ	_	_
9.8	787	[2]	μέγεθος	_	_
9.8	788	[1]	αὐτοῦ	_	_
9.8	789	[79]	,	b	_
9.8	790	[1]	φημὶ	_	_
9.8	791	[9]	τοῦ	_	_
9.8	792	[3]	δημιουργοῦ	_	_
9.8	793	[19]	.	b	_
9.8	794	[7]	οὐ	_	_
9.8	795	[7]	γὰρ	_	_
9.8	796	[1]	ἁπλῶς	_	_
9.8	797	[1]	οὕτως	_	_
9.8	798	[80]	,	b	_
9.8	799	[6]	ὡς	_	_
9.8	800	[2]	ἂν	_	_
9.8	801	[1]	ἀμελῶς	_	_
9.8	802	[3]	τις	_	_
9.8	803	[1]	ἐννοήσειεν	_	_
9.8	804	[81]	,	b	_
9.8	805	[1]	ἰσάριθμόν	_	_
9.8	806	[2]	ἐστι	_	_
9.8	807	[23]	τὸ	_	_
9.8	808	[1]	πλῆθος	_	_
9.8	809	[11]	τῶν	_	_
9.8	810	[2]	ὀστῶν	_	_
9.8	811	[31]	καὶ	_	_
9.8	812	[12]	τῶν	_	_
9.8	813	[4]	μυῶν	_	_
9.8	814	[4]	τοῖς	_	_
9.8	815	[1]	ὀστοῖς	_	_
9.8	816	[9]	τε	_	_
9.8	817	[32]	καὶ	_	_
9.8	818	[1]	μυσὶν	_	_
9.8	819	[82]	,	b	_
9.8	820	[7]	ἀλλὰ	_	_
9.8	821	[33]	καὶ	_	_
9.8	822	[13]	τῶν	_	_
9.8	823	[1]	ὑπαρχόντων	_	_
9.8	824	[4]	αὐτοῖς	_	_
9.8	825	[83]	,	b	_
9.8	826	[1]	μεγέθους	_	_
9.8	827	[2]	λέγω	_	_
9.8	828	[34]	καὶ	_	_
9.8	829	[1]	θέσεως	_	_
9.8	830	[84]	,	b	_
9.8	831	[35]	καὶ	_	_
9.8	832	[1]	συνθέσεως	_	_
9.8	833	[85]	,	b	_
9.8	834	[36]	καὶ	_	_
9.8	835	[1]	ἀριθμοῦ	_	_
9.8	836	[86]	,	b	_
9.8	837	[37]	καὶ	_	_
9.8	838	[2]	σχήματος	_	_
9.8	839	[87]	,	b	_
9.8	840	[1]	ὅλης	_	_
9.8	841	[10]	τε	_	_
9.8	842	[11]	τῆς	_	_
9.8	843	[2]	διαπλάσεως	_	_
9.8	844	[88]	,	b	_
9.8	845	[1]	ἅπερ	_	_
9.8	846	[38]	καὶ	_	_
9.8	847	[11]	κατὰ	_	_
9.8	848	[4]	τὰς	_	_
9.8	849	[1]	ἀρτηρίας	_	_
9.8	850	[89]	,	b	_
9.8	851	[39]	καὶ	_	_
9.8	852	[5]	τὰς	_	_
9.8	853	[1]	φλέβας	_	_
9.8	854	[90]	,	b	_
9.8	855	[40]	καὶ	_	_
9.8	856	[10]	τὰ	_	_
9.8	857	[2]	νεῦρα	_	_
9.8	858	[1]	φαίνεται	_	_
9.8	859	[1]	φυλαττόμενα	_	_
9.8	860	[20]	.	b	_
9.8	861	[41]	καὶ	_	_
9.8	862	[8]	γὰρ	_	_
9.8	863	[91]	,	b	_
9.8	864	[1]	ὁποῖον	_	_
9.8	865	[2]	αὐτῶν	_	_
9.8	866	[3]	ἕκαστον	_	_
9.8	867	[4]	εἶναι	_	_
9.8	868	[1]	προσήκει	_	_
9.8	869	[42]	καὶ	_	_
9.8	870	[1]	ὁπηλίκον	_	_
9.8	871	[92]	,	b	_
9.8	872	[1]	ὅπῃ	_	_
9.8	873	[11]	τε	_	_
9.8	874	[4]	μέρος	_	_
9.8	875	[1]	ἐμφυόμενον	_	_
9.8	876	[10]	τοῦ	_	_
9.8	877	[1]	μυὸς	_	_
9.8	878	[93]	,	b	_
9.8	879	[1]	ὅπως	_	_
9.8	880	[12]	τε	_	_
9.8	881	[1]	κατασχιζόμενον	_	_
9.8	882	[94]	,	b	_
9.8	883	[3]	ἀκριβῶς	_	_
9.8	884	[1]	φυλάττεται	_	_
9.8	885	[4]	καθ	_	_
9.8	886	[14]	’	b	_
9.8	887	[4]	ἕκαστον	_	_
9.8	888	[3]	αὐτῶν	_	_
9.8	889	[95]	,	b	_
9.8	890	[1]	ἔτι	_	_
9.8	891	[13]	τε	_	_
9.8	892	[5]	πρὸς	_	_
9.8	893	[1]	τούτοις	_	_
9.8	894	[4]	ἡ	_	_
9.8	895	[1]	πάντων	_	_
9.8	896	[1]	ἰσότης	_	_
9.8	897	[14]	τῶν	_	_
9.8	898	[1]	ἀριστερῶν	_	_
9.8	899	[6]	πρὸς	_	_
9.8	900	[11]	τὰ	_	_
9.8	901	[1]	δεξιὰ	_	_
9.8	902	[96]	,	b	_
9.8	903	[1]	τοσούτους	_	_
9.8	904	[1]	ἔχουσα	_	_
9.8	905	[43]	καὶ	_	_
9.8	906	[1]	αὐτὴ	_	_
9.8	907	[3]	τοὺς	_	_
9.8	908	[12]	κατὰ	_	_
9.8	909	[5]	μέρος	_	_
9.8	910	[2]	σκοποὺς	_	_
9.8	911	[97]	,	b	_
9.8	912	[1]	ὅσους	_	_
9.8	913	[44]	καὶ	_	_
9.8	914	[12]	τὰ	_	_
9.8	915	[2]	μόρια	_	_
9.8	916	[21]	.	b	_
9.8	917	[45]	καὶ	_	_
9.8	918	[1]	ταῦτά	_	_
9.8	919	[2]	σοι	_	_
9.8	920	[3]	λέγω	_	_
9.8	921	[1]	μηδέπω	_	_
9.8	922	[1]	μνημονεύων	_	_
9.8	923	[3]	ἑκάστου	_	_
9.8	924	[15]	τῶν	_	_
9.8	925	[1]	σπλάγχνων	_	_
9.8	926	[98]	,	b	_
9.8	927	[10]	ἢ	_	_
9.8	928	[16]	τῶν	_	_
9.8	929	[1]	ἄλλων	_	_
9.8	930	[2]	μορίων	_	_
9.8	931	[99]	,	b	_
9.8	932	[1]	ὅσα	_	_
9.8	933	[13]	κατὰ	_	_
9.8	934	[2]	περιγραφὴν	_	_
9.8	935	[1]	ἰδίαν	_	_
9.8	936	[2]	ὁρᾶται	_	_
9.8	937	[22]	.	b	_
9.8	938	[2]	φαίνεται	_	_
9.8	939	[9]	γὰρ	_	_
9.8	940	[1]	κᾀν	_	_
9.8	941	[2]	τούτοις	_	_
9.8	942	[1]	οὐκ	_	_
9.8	943	[1]	ὀλίγοις	_	_
9.8	944	[1]	ἀριθμὸς	_	_
9.8	945	[1]	σκοπῶν	_	_
9.8	946	[13]	ἐν	_	_
9.8	947	[2]	ἑκάστῳ	_	_
9.8	948	[23]	.	b	_
9.8	949	[1]	δυοῖν	_	_
9.8	950	[1]	γοῦν	_	_
9.8	951	[1]	ὀφθαλμῶν	_	_
9.8	952	[2]	ὑπαρχόντων	_	_
9.8	953	[2]	ἡμῖν	_	_
9.8	954	[100]	,	b	_
9.8	955	[1]	ἴσον	_	_
9.8	956	[1]	ἑκατέρῳ	_	_
9.8	957	[24]	τὸ	_	_
9.8	958	[2]	πλῆθος	_	_
9.8	959	[17]	τῶν	_	_
9.8	960	[3]	μορίων	_	_
9.8	961	[1]	ἐστὶ	_	_
9.8	962	[101]	,	b	_
9.8	963	[4]	οὔτε	_	_
9.8	964	[14]	κατὰ	_	_
9.8	965	[4]	σχῆμα	_	_
9.8	966	[1]	παραλλάττον	_	_
9.8	967	[102]	,	b	_
9.8	968	[5]	οὔτε	_	_
9.8	969	[15]	κατὰ	_	_
9.8	970	[25]	τὸ	_	_
9.8	971	[3]	μέγεθος	_	_
9.8	972	[103]	,	b	_
9.8	973	[11]	ἢ	_	_
9.8	974	[12]	τὴν	_	_
9.8	975	[1]	θέσιν	_	_
9.8	976	[104]	,	b	_
9.8	977	[12]	ἢ	_	_
9.8	978	[13]	τὴν	_	_
9.8	979	[1]	διάπλασιν	_	_
9.8	980	[105]	,	b	_
9.8	981	[13]	ἢ	_	_
9.8	982	[14]	τὴν	_	_
9.8	983	[7]	πρὸς	_	_
9.8	984	[13]	τὰ	_	_
9.8	985	[2]	πλησιάζοντα	_	_
9.8	986	[2]	σύνθεσιν	_	_
9.8	987	[46]	καὶ	_	_
9.8	988	[1]	σύμφυσιν	_	_
9.8	989	[106]	,	b	_
9.8	990	[8]	ἀλλὰ	_	_
9.8	991	[47]	καὶ	_	_
9.8	992	[26]	τὸ	_	_
9.8	993	[1]	κρυσταλλοειδὲς	_	_
9.8	994	[1]	ὑγρὸν	_	_
9.8	995	[2]	ἴσον	_	_
9.8	996	[4]	ἀκριβῶς	_	_
9.8	997	[14]	ἐν	_	_
9.8	998	[2]	ἑκατέρῳ	_	_
9.8	999	[107]	,	b	_
9.8	1000	[48]	καὶ	_	_
9.8	1001	[27]	τὸ	_	_
9.8	1002	[1]	ὑαλοειδὲς	_	_
9.8	1003	[1]	ὁμοιότατον	_	_
9.8	1004	[3]	κατά	_	_
9.8	1005	[14]	τε	_	_
9.8	1006	[1]	χρόαν	_	_
9.8	1007	[49]	καὶ	_	_
9.8	1008	[5]	σχῆμα	_	_
9.8	1009	[50]	καὶ	_	_
9.8	1010	[1]	σύστασιν	_	_
9.8	1011	[24]	.	b	_
9.8	1012	[1]	ὀνομάζω	_	_
9.8	1013	[5]	δὲ	_	_
9.8	1014	[2]	σύστασιν	_	_
9.8	1015	[15]	τὴν	_	_
9.8	1016	[16]	κατὰ	_	_
9.8	1017	[1]	μαλακότητα	_	_
9.8	1018	[51]	καὶ	_	_
9.8	1019	[1]	σκληρότητα	_	_
9.8	1020	[1]	διαφορὰν	_	_
9.8	1021	[18]	τῶν	_	_
9.8	1022	[4]	μορίων	_	_
9.8	1023	[25]	.	b	_
9.8	1024	[8]	οὐ	_	_
9.8	1025	[1]	μὴν	_	_
9.8	1026	[2]	οὐδὲ	_	_
9.8	1027	[19]	τῶν	_	_
9.8	1028	[1]	ὑμένων	_	_
9.8	1029	[15]	τε	_	_
9.8	1030	[52]	καὶ	_	_
9.8	1031	[1]	χιτώνων	_	_
9.8	1032	[1]	οὐδεὶς	_	_
9.8	1033	[1]	ἑτέρως	_	_
9.8	1034	[1]	ἔχων	_	_
9.8	1035	[15]	ἐν	_	_
9.8	1036	[3]	ἑκατέρῳ	_	_
9.8	1037	[20]	τῶν	_	_
9.8	1038	[2]	ὀφθαλμῶν	_	_
9.8	1039	[1]	ἐστιν	_	_
9.8	1040	[108]	,	b	_
9.8	1041	[2]	ἀλλ	_	_
9.8	1042	[15]	’	b	_
9.8	1043	[5]	ἀκριβῶς	_	_
9.8	1044	[3]	ἴσον	_	_
9.8	1045	[6]	μὲν	_	_
9.8	1046	[28]	τὸ	_	_
9.8	1047	[2]	μῆκος	_	_
9.8	1048	[109]	,	b	_
9.8	1049	[4]	ἴσον	_	_
9.8	1050	[6]	δὲ	_	_
9.8	1051	[29]	τὸ	_	_
9.8	1052	[2]	πάχος	_	_
9.8	1053	[14]	ἢ	_	_
9.8	1054	[16]	τὴν	_	_
9.8	1055	[1]	λεπτότητα	_	_
9.8	1056	[110]	,	b	_
9.8	1057	[3]	καθάπερ	_	_
9.8	1058	[5]	γε	_	_
9.8	1059	[53]	καὶ	_	_
9.8	1060	[17]	τὴν	_	_
9.8	1061	[2]	χρόαν	_	_
9.8	1062	[54]	καὶ	_	_
9.8	1063	[18]	τὴν	_	_
9.8	1064	[3]	σύστασιν	_	_
9.8	1065	[3]	οὐδὲ	_	_
9.8	1066	[1]	βραχὺ	_	_
9.8	1067	[1]	παραλλάττων	_	_
9.8	1068	[26]	.	b	_
9.8	1069	[4]	οὕτω	_	_
9.8	1070	[7]	δὲ	_	_
9.8	1071	[55]	καὶ	_	_
9.8	1072	[6]	ὁ	_	_
9.8	1073	[21]	τῶν	_	_
9.8	1074	[5]	μυῶν	_	_
9.8	1075	[2]	ἀριθμὸς	_	_
9.8	1076	[1]	ἴσος	_	_
9.8	1077	[111]	,	b	_
9.8	1078	[1]	ὅ	_	_
9.8	1079	[16]	τε	_	_
9.8	1080	[5]	καθ	_	_
9.8	1081	[16]	’	b	_
9.8	1082	[5]	ἕκαστον	_	_
9.8	1083	[4]	αὐτῶν	_	_
9.8	1084	[1]	ὄγκος	_	_
9.8	1085	[11]	τοῦ	_	_
9.8	1086	[3]	σώματος	_	_
9.8	1087	[1]	ἅμα	_	_
9.8	1088	[5]	τῷ	_	_
9.8	1089	[1]	σχήματι	_	_
9.8	1090	[56]	καὶ	_	_
9.8	1091	[3]	τῇ	_	_
9.8	1092	[1]	χρόᾳ	_	_
9.8	1093	[57]	καὶ	_	_
9.8	1094	[4]	τῇ	_	_
9.8	1095	[1]	συστάσει	_	_
9.8	1096	[27]	.	b	_
9.8	1097	[19]	τὴν	_	_
9.8	1098	[8]	δὲ	_	_
9.8	1099	[2]	αὐτὴν	_	_
9.8	1100	[1]	εὑρήσεις	_	_
9.8	1101	[2]	δικαιοσύνην	_	_
9.8	1102	[16]	ἐν	_	_
9.8	1103	[2]	ἅπασι	_	_
9.8	1104	[5]	τοῖς	_	_
9.8	1105	[1]	ὀργανικοῖς	_	_
9.8	1106	[12]	τοῦ	_	_
9.8	1107	[4]	σώματος	_	_
9.8	1108	[2]	μορίοις	_	_
9.8	1109	[28]	.	b	_
9.8	1110	[9]	οὐ	_	_
9.8	1111	[10]	γὰρ	_	_
9.8	1112	[4]	μόνον	_	_
9.8	1113	[2]	ὅσα	_	_
9.8	1114	[1]	διττὰ	_	_
9.8	1115	[112]	,	b	_
9.8	1116	[4]	καθάπερ	_	_
9.8	1117	[5]	οἱ	_	_
9.8	1118	[1]	ὀφθαλμοὶ	_	_
9.8	1119	[113]	,	b	_
9.8	1120	[58]	καὶ	_	_
9.8	1121	[14]	τὰ	_	_
9.8	1122	[1]	ὦτα	_	_
9.8	1123	[114]	,	b	_
9.8	1124	[59]	καὶ	_	_
9.8	1125	[1]	αἱ	_	_
9.8	1126	[1]	γένυς	_	_
9.8	1127	[115]	,	b	_
9.8	1128	[1]	οἵ	_	_
9.8	1129	[17]	τε	_	_
9.8	1130	[1]	νεφροὶ	_	_
9.8	1131	[60]	καὶ	_	_
9.8	1132	[6]	οἱ	_	_
9.8	1133	[1]	ὄρχεις	_	_
9.8	1134	[116]	,	b	_
9.8	1135	[61]	καὶ	_	_
9.8	1136	[2]	αἱ	_	_
9.8	1137	[1]	χεῖρες	_	_
9.8	1138	[1]	ὅλαι	_	_
9.8	1139	[117]	,	b	_
9.8	1140	[62]	καὶ	_	_
9.8	1141	[15]	τὰ	_	_
9.8	1142	[1]	σκέλη	_	_
9.8	1143	[118]	,	b	_
9.8	1144	[20]	τὴν	_	_
9.8	1145	[1]	κατασκευὴν	_	_
9.8	1146	[6]	ἀκριβῶς	_	_
9.8	1147	[2]	ἔχει	_	_
9.8	1148	[21]	τὴν	_	_
9.8	1149	[3]	αὐτὴν	_	_
9.8	1150	[16]	τὰ	_	_
9.8	1151	[2]	δεξιὰ	_	_
9.8	1152	[6]	τοῖς	_	_
9.8	1153	[2]	ἀριστεροῖς	_	_
9.8	1154	[119]	,	b	_
9.8	1155	[9]	ἀλλὰ	_	_
9.8	1156	[63]	καὶ	_	_
9.8	1157	[22]	τῶν	_	_
9.8	1158	[1]	μονοφυῶν	_	_
9.8	1159	[5]	εἶναι	_	_
9.8	1160	[1]	δοκούντων	_	_
9.8	1161	[3]	ὅσα	_	_
9.8	1162	[1]	διφυῆ	_	_
9.8	1163	[2]	κατ	_	_
9.8	1164	[17]	’	b	_
9.8	1165	[1]	ἀλήθειάν	_	_
9.8	1166	[1]	εἰσιν	_	_
9.8	1167	[120]	,	b	_
9.8	1168	[1]	οἷον	_	_
9.8	1169	[1]	ἐγκέφαλος	_	_
9.8	1170	[121]	,	b	_
9.8	1171	[1]	γλῶττα	_	_
9.8	1172	[122]	,	b	_
9.8	1173	[2]	γένυς	_	_
9.8	1174	[123]	,	b	_
9.8	1175	[1]	πνεύμων	_	_
9.8	1176	[124]	,	b	_
9.8	1177	[1]	θώραξ	_	_
9.8	1178	[125]	,	b	_
9.8	1179	[64]	καὶ	_	_
9.8	1180	[1]	μῆτραι	_	_
9.8	1181	[23]	τῶν	_	_
9.8	1182	[1]	γυναικῶν	_	_
9.8	1183	[126]	,	b	_
9.8	1184	[2]	ἕτερά	_	_
9.8	1185	[18]	τε	_	_
9.8	1186	[2]	τοιαῦτα	_	_
9.8	1187	[29]	.	b	_
9.8	1188	[6]	καθ	_	_
9.8	1189	[18]	’	b	_
9.8	1190	[6]	ἕκαστον	_	_
9.8	1191	[11]	γὰρ	_	_
9.8	1192	[5]	αὐτῶν	_	_
9.8	1193	[17]	τὰ	_	_
9.8	1194	[3]	δεξιὰ	_	_
9.8	1195	[7]	τοῖς	_	_
9.8	1196	[3]	ἀριστεροῖς	_	_
9.8	1197	[4]	τὸν	_	_
9.8	1198	[1]	ἀριθμὸν	_	_
9.8	1199	[5]	ἴσον	_	_
9.8	1200	[3]	ἔχει	_	_
9.8	1201	[24]	τῶν	_	_
9.8	1202	[5]	μορίων	_	_
9.8	1203	[2]	ἅμα	_	_
9.8	1204	[6]	τῷ	_	_
9.8	1205	[1]	μεγέθει	_	_
9.8	1206	[127]	,	b	_
9.8	1207	[65]	καὶ	_	_
9.8	1208	[7]	τῷ	_	_
9.8	1209	[1]	πάχει	_	_
9.8	1210	[128]	,	b	_
9.8	1211	[66]	καὶ	_	_
9.8	1212	[5]	τῇ	_	_
9.8	1213	[1]	λεπτότητι	_	_
9.8	1214	[129]	,	b	_
9.8	1215	[67]	καὶ	_	_
9.8	1216	[6]	τῇ	_	_
9.8	1217	[2]	χρόᾳ	_	_
9.8	1218	[130]	,	b	_
9.8	1219	[68]	καὶ	_	_
9.8	1220	[7]	τῇ	_	_
9.8	1221	[2]	συστάσει	_	_
9.8	1222	[131]	,	b	_
9.8	1223	[69]	καὶ	_	_
9.8	1224	[8]	τῇ	_	_
9.8	1225	[3]	φύσει	_	_
9.8	1226	[1]	πάντως	_	_
9.8	1227	[1]	ἀπαράλλακτον	_	_
9.8	1228	[30]	.	b	_
9.8	1229	[5]	οὕτω	_	_
9.8	1230	[9]	δὲ	_	_
9.8	1231	[70]	καὶ	_	_
9.8	1232	[30]	τὸ	_	_
9.8	1233	[25]	τῶν	_	_
9.8	1234	[1]	ἀρτηριῶν	_	_
9.8	1235	[19]	τε	_	_
9.8	1236	[71]	καὶ	_	_
9.8	1237	[1]	φλεβῶν	_	_
9.8	1238	[72]	καὶ	_	_
9.8	1239	[1]	νεύρων	_	_
9.8	1240	[1]	γένος	_	_
9.8	1241	[2]	ἴσα	_	_
9.8	1242	[18]	τὰ	_	_
9.8	1243	[4]	δεξιὰ	_	_
9.8	1244	[8]	τοῖς	_	_
9.8	1245	[4]	ἀριστεροῖς	_	_
9.8	1246	[2]	πάντως	_	_
9.8	1247	[2]	ἐστὶν	_	_
9.8	1248	[1]	ἀπαράλλακτά	_	_
9.8	1249	[20]	τε	_	_
9.8	1250	[17]	κατὰ	_	_
9.8	1251	[6]	τὰς	_	_
9.8	1252	[26]	τῶν	_	_
9.8	1253	[1]	οὐσιῶν	_	_
9.8	1254	[1]	ὁμοιότητας	_	_
9.8	1255	[31]	.	b	_
9.8	1256	[3]	ὥσπερ	_	_
9.8	1257	[3]	οὖν	_	_
9.8	1258	[3]	ἐπὶ	_	_
9.8	1259	[27]	τῶν	_	_
9.8	1260	[1]	ἀνθρωπείων	_	_
9.8	1261	[1]	παθῶν	_	_
9.8	1262	[1]	ποιούμεθα	_	_
9.8	1263	[7]	τὰς	_	_
9.8	1264	[1]	κρίσεις	_	_
9.8	1265	[132]	,	b	_
9.8	1266	[6]	οὕτω	_	_
9.8	1267	[2]	χρὴ	_	_
9.8	1268	[1]	κᾀπὶ	_	_
9.8	1269	[28]	τῶν	_	_
9.8	1270	[1]	θείων	_	_
9.8	1271	[1]	ποιεῖσθαι	_	_
9.8	1272	[133]	,	b	_
9.8	1273	[73]	καὶ	_	_
9.8	1274	[1]	θαυμάζειν	_	_
9.8	1275	[5]	τὸν	_	_
9.8	1276	[13]	τοῦ	_	_
9.8	1277	[5]	σώματος	_	_
9.8	1278	[2]	ἡμῶν	_	_
9.8	1279	[1]	δημιουργὸν	_	_
9.8	1280	[134]	,	b	_
9.8	1281	[1]	ὅστις	_	_
9.8	1282	[1]	ποτέ	_	_
9.8	1283	[3]	ἐστι	_	_
9.8	1284	[1]	θεῶν	_	_
9.8	1285	[32]	.	b	_
9.8	1286	[2]	εἰ	_	_
9.8	1287	[3]	δ	_	_
9.8	1288	[19]	’	b	_
9.8	1289	[3]	ἐκ	_	_
9.8	1290	[14]	τοῦ	_	_
9.8	1291	[3]	μὴ	_	_
9.8	1292	[1]	βλέπειν	_	_
9.8	1293	[1]	αὐτὸν	_	_
9.8	1294	[1]	οὐδ	_	_
9.8	1295	[20]	’	b	_
9.8	1296	[6]	εἶναι	_	_
9.8	1297	[1]	φήσομεν	_	_
9.8	1298	[135]	,	b	_
9.8	1299	[10]	οὐ	_	_
9.8	1300	[1]	φυλάξομεν	_	_
9.8	1301	[2]	ἔτι	_	_
9.8	1302	[22]	τὴν	_	_
9.8	1303	[1]	ὁμοιότητα	_	_
9.8	1304	[12]	τῆς	_	_
9.8	1305	[8]	πρὸς	_	_
9.8	1306	[8]	τὰς	_	_
9.8	1307	[2]	τέχνας	_	_
9.8	1308	[1]	κρίσεως	_	_
9.8	1309	[136]	,	b	_
9.8	1310	[1]	ἐφ	_	_
9.8	1311	[21]	’	b	_
9.8	1312	[3]	ὧν	_	_
9.8	1313	[2]	οὐκ	_	_
9.8	1314	[17]	ἐν	_	_
9.8	1315	[8]	τῷ	_	_
9.8	1316	[1]	θεᾶσθαι	_	_
9.8	1317	[23]	τὴν	_	_
9.8	1318	[1]	συμπήξασαν	_	_
9.8	1319	[24]	τὴν	_	_
9.8	1320	[1]	ναῦν	_	_
9.8	1321	[1]	ἣ	_	_
9.8	1322	[6]	τὸν	_	_
9.8	1323	[2]	σκίμποδα	_	_
9.8	1324	[25]	τὴν	_	_
9.8	1325	[1]	κρίσιν	_	_
9.8	1326	[13]	τῆς	_	_
9.8	1327	[5]	τέχνης	_	_
9.8	1328	[1]	ἐποιούμεθα	_	_
9.8	1329	[137]	,	b	_
9.8	1330	[1]	παραλιπόντες	_	_
9.8	1331	[2]	σκοπεῖσθαι	_	_
9.8	1332	[26]	τὴν	_	_
9.8	1333	[3]	χρείαν	_	_
9.8	1334	[4]	ἑκάστου	_	_
9.8	1335	[29]	τῶν	_	_
9.8	1336	[6]	μορίων	_	_
9.8	1337	[138]	,	b	_
9.8	1338	[3]	ἀλλ	_	_
9.8	1339	[22]	’	b	_
9.8	1340	[18]	ἐν	_	_
9.8	1341	[1]	τούτῳ	_	_
9.8	1342	[31]	τὸ	_	_
9.8	1343	[1]	κῦρος	_	_
9.8	1344	[2]	αὐτῆς	_	_
9.8	1345	[1]	ἐθέμεθα	_	_
9.8	1346	[33]	.	b	_
9.8	1347	[1]	γελοῖον	_	_
9.8	1348	[12]	γὰρ	_	_
9.8	1349	[139]	,	b	_
9.8	1350	[1]	εἴ	_	_
9.8	1351	[4]	τις	_	_
9.8	1352	[19]	ἐν	_	_
9.8	1353	[9]	τῷ	_	_
9.8	1354	[1]	θεάσασθαι	_	_
9.8	1355	[7]	τὸν	_	_
9.8	1356	[1]	κατασκευάζοντα	_	_
9.8	1357	[1]	τούτων	_	_
9.8	1358	[5]	τι	_	_
9.8	1359	[3]	τεχνίτην	_	_
9.8	1360	[7]	εἶναι	_	_
9.8	1361	[1]	νομίζοι	_	_
9.8	1362	[140]	,	b	_
9.8	1363	[74]	καὶ	_	_
9.8	1364	[3]	εἰ	_	_
9.8	1365	[2]	ἔνια	_	_
9.8	1366	[30]	τῶν	_	_
9.8	1367	[4]	μερῶν	_	_
9.8	1368	[1]	εὑρίσκοι	_	_
9.8	1369	[1]	κακῶς	_	_
9.8	1370	[1]	κατεσκευασμένα	_	_
9.8	1371	[34]	.	b	_
9.8	1372	[2]	γελοῖον	_	_
9.8	1373	[10]	δὲ	_	_
9.8	1374	[1]	κᾂν	_	_
9.8	1375	[1]	ἄριστα	_	_
9.8	1376	[1]	κατεσκευασμένης	_	_
9.8	1377	[14]	τῆς	_	_
9.8	1378	[1]	νεὼς	_	_
9.8	1379	[141]	,	b	_
9.8	1380	[15]	ἢ	_	_
9.8	1381	[15]	τῆς	_	_
9.8	1382	[1]	οἰκίας	_	_
9.8	1383	[142]	,	b	_
9.8	1384	[16]	ἢ	_	_
9.8	1385	[16]	τῆς	_	_
9.8	1386	[1]	κλίνης	_	_
9.8	1387	[143]	,	b	_
9.8	1388	[1]	ἀγνώστου	_	_
9.8	1389	[4]	δ	_	_
9.8	1390	[23]	’	b	_
9.8	1391	[1]	ὄντος	_	_
9.8	1392	[15]	τοῦ	_	_
9.8	1393	[2]	κατασκευάσαντος	_	_
9.8	1394	[144]	,	b	_
9.8	1395	[1]	νομίζειν	_	_
9.8	1396	[1]	ἄνευ	_	_
9.8	1397	[17]	τῆς	_	_
9.8	1398	[6]	τέχνης	_	_
9.8	1399	[2]	γεγονέναι	_	_
9.8	1400	[19]	τὰ	_	_
9.8	1401	[3]	τοιαῦτα	_	_
9.8	1402	[145]	,	b	_
9.8	1403	[17]	ἢ	_	_
9.8	1404	[18]	κατὰ	_	_
9.8	1405	[2]	τύχην	_	_
9.8	1406	[1]	διακρινόντων	_	_
9.8	1407	[1]	ἁπάντων	_	_
9.8	1408	[146]	,	b	_
9.8	1409	[75]	καὶ	_	_
9.8	1410	[27]	τὴν	_	_
9.8	1411	[7]	μὲν	_	_
9.8	1412	[1]	σπανιάκις	_	_
9.8	1413	[1]	ἁμαρτάνειν	_	_
9.8	1414	[16]	τοῦ	_	_
9.8	1415	[1]	σκοποῦ	_	_
9.8	1416	[147]	,	b	_
9.8	1417	[28]	τὴν	_	_
9.8	1418	[5]	δ	_	_
9.8	1419	[24]	’	b	_
9.8	1420	[1]	ἐπιτυγχάνειν	_	_
9.8	1421	[1]	ὀλιγάκις	_	_
9.8	1422	[148]	,	b	_
9.8	1423	[1]	ἀχρείαν	_	_
9.8	1424	[11]	δὲ	_	_
9.8	1425	[76]	καὶ	_	_
9.8	1426	[4]	μὴ	_	_
9.8	1427	[1]	τεχνικὴν	_	_
9.8	1428	[1]	ἡγεῖσθαι	_	_
9.8	1429	[29]	τὴν	_	_
9.8	1430	[18]	τῆς	_	_
9.8	1431	[17]	τοῦ	_	_
9.8	1432	[6]	σώματος	_	_
9.8	1433	[3]	ἡμῶν	_	_
9.8	1434	[3]	κατασκευῆς	_	_
9.8	1435	[1]	αἰτίαν	_	_
9.8	1436	[8]	εἶναι	_	_
9.8	1437	[149]	,	b	_
9.8	1438	[1]	φυλάττοντα	_	_
9.8	1439	[30]	τὴν	_	_
9.8	1440	[2]	ὁμοιότητα	_	_
9.8	1441	[19]	τῆς	_	_
9.8	1442	[2]	κρίσεως	_	_
9.8	1443	[4]	ἐπὶ	_	_
9.8	1444	[31]	τῶν	_	_
9.8	1445	[1]	ὁρατῶν	_	_
9.8	1446	[1]	τεχνιτῶν	_	_
9.8	1447	[9]	πρὸς	_	_
9.8	1448	[4]	τοὺς	_	_
9.8	1449	[5]	μὴ	_	_
9.8	1450	[1]	ὁρωμένους	_	_
9.8	1451	[35]	.	b	_
9.8	1452	[11]	οὐ	_	_
9.8	1453	[13]	γὰρ	_	_
9.8	1454	[2]	ἔξωθεν	_	_
9.8	1455	[1]	ἐπεισάγειν	_	_
9.8	1456	[2]	προσήκει	_	_
9.8	1457	[1]	κριτήριον	_	_
9.8	1458	[4]	εἰς	_	_
9.8	1459	[1]	ἐπίσκεψιν	_	_
9.8	1460	[4]	ὧν	_	_
9.8	1461	[3]	ἅπαντες	_	_
9.8	1462	[1]	ἔχομεν	_	_
9.8	1463	[4]	φύσει	_	_
9.8	1464	[36]	.	b	_
9.8	1465	[3]	τούτοις	_	_
9.8	1466	[9]	τοῖς	_	_
9.8	1467	[1]	κριτηρίοις	_	_
9.8	1468	[1]	χρώμενος	_	_
9.8	1469	[7]	ὁ	_	_
9.8	1470	[3]	Ἱπποκράτης	_	_
9.8	1471	[1]	ἔγραψε	_	_
9.8	1472	[1]	τάσδε	_	_
9.8	1473	[1]	φωνάς	_	_
9.8	1474	[2]	·	b	_
9.8	1475	[1]	εὐπαίδευτος	_	_
9.8	1476	[5]	ἡ	_	_
9.8	1477	[1]	φύσις	_	_
9.8	1478	[1]	ἐοῦσα	_	_
9.8	1479	[150]	,	b	_
9.8	1480	[12]	οὐ	_	_
9.8	1481	[1]	μαθοῦσα	_	_
9.8	1482	[20]	τὰ	_	_
9.8	1483	[1]	δέοντα	_	_
9.8	1484	[1]	ποιέειν	_	_
9.8	1485	[37]	.	b	_
9.8	1486	[77]	καὶ	_	_
9.8	1487	[20]	ἐν	_	_
9.8	1488	[1]	ἄλλαις	_	_
9.8	1489	[1]	ἄλλως	_	_
9.8	1490	[3]	·	b	_
9.8	1491	[1]	φύσιες	_	_
9.8	1492	[1]	νούσων	_	_
9.8	1493	[7]	οἱ	_	_
9.8	1494	[1]	ἰητροί	_	_
9.8	1495	[38]	.	b	_
9.8	1496	[1]	ὡσαύτως	_	_
9.8	1497	[4]	ἔχει	_	_
9.8	1498	[78]	καὶ	_	_
9.8	1499	[5]	τοῦτο	_	_
9.8	1500	[4]	·	b	_
9.8	1501	[2]	φύσις	_	_
9.8	1502	[1]	ἐξαρκέσει	_	_
9.8	1503	[2]	παντάπασιν	_	_
9.8	1504	[39]	.	b	_
9.8	1505	[1]	καλεῖ	_	_
9.8	1506	[6]	δ	_	_
9.8	1507	[25]	’	b	_
9.8	1508	[4]	αὐτὴν	_	_
9.8	1509	[79]	καὶ	_	_
9.8	1510	[1]	δικαίαν	_	_
9.8	1511	[1]	ἐνίοτε	_	_
9.8	1512	[151]	,	b	_
9.8	1513	[80]	καὶ	_	_
9.8	1514	[8]	τὸν	_	_
9.8	1515	[1]	ἰατρὸν	_	_
9.8	1516	[1]	ὑπηρέτην	_	_
9.8	1517	[21]	τε	_	_
9.8	1518	[81]	καὶ	_	_
9.8	1519	[1]	μιμητὴν	_	_
9.8	1520	[3]	αὐτῆς	_	_
9.8	1521	[3]	εἶναί	_	_
9.8	1522	[1]	φησι	_	_
9.8	1523	[152]	,	b	_
9.8	1524	[82]	καὶ	_	_
9.8	1525	[3]	διὰ	_	_
9.8	1526	[2]	παντὸς	_	_
9.8	1527	[21]	ἐν	_	_
9.8	1528	[10]	τοῖς	_	_
9.8	1529	[19]	κατὰ	_	_
9.8	1530	[6]	μέρος	_	_
9.8	1531	[1]	λόγοις	_	_
9.8	1532	[1]	ὑμνεῖ	_	_
9.8	1533	[22]	τε	_	_
9.8	1534	[83]	καὶ	_	_
9.8	1535	[1]	θαυμάζει	_	_
9.8	1536	[31]	τὴν	_	_
9.8	1537	[2]	δύναμιν	_	_
9.8	1538	[4]	αὐτῆς	_	_
9.8	1539	[153]	,	b	_
9.8	1540	[1]	ἥτις	_	_
9.8	1541	[1]	μέν	_	_
9.8	1542	[2]	ἐστιν	_	_
9.8	1543	[6]	ἡ	_	_
9.8	1544	[1]	οὐσία	_	_
9.8	1545	[20]	τῆς	_	_
9.8	1546	[1]	διαπλαττούσης	_	_
9.8	1547	[23]	τε	_	_
9.8	1548	[84]	καὶ	_	_
9.8	1549	[1]	διοικούσης	_	_
9.8	1550	[3]	ἡμᾶς	_	_
9.8	1551	[3]	φύσεως	_	_
9.8	1552	[154]	,	b	_
9.8	1553	[13]	οὐ	_	_
9.8	1554	[1]	τολμῶν	_	_
9.8	1555	[1]	ἀποφῄνασθαι	_	_
9.8	1556	[155]	,	b	_
9.8	1557	[32]	τὸ	_	_
9.8	1558	[12]	δὲ	_	_
9.8	1559	[1]	δημιουργικὸν	_	_
9.8	1560	[4]	ἡμῶν	_	_
9.8	1561	[1]	αἴτιον	_	_
9.8	1562	[156]	,	b	_
9.8	1563	[7]	ὡς	_	_
9.8	1564	[1]	ἔθος	_	_
9.8	1565	[3]	ἐστὶν	_	_
9.8	1566	[1]	ἅπασιν	_	_
9.8	1567	[1]	ἀνθρώποις	_	_
9.8	1568	[157]	,	b	_
9.8	1569	[1]	ὀνομάζων	_	_
9.8	1570	[1]	φύσιν	_	_
9.8	1571	[40]	.	b	_
9.9	1	[1]	Ἀλλὰ	_	_
9.9	2	[1]	Πλάτων	_	_
9.9	3	[1]	γε	_	_
9.9	4	[1]	καὶ	_	_
9.9	5	[1]	τὸ	_	_
9.9	6	[1]	κατασκευάσαν	_	_
9.9	7	[1]	ἡμᾶς	_	_
9.9	8	[1]	αἴτιον	_	_
9.9	9	[1]	ἀπεφῄνατο	_	_
9.9	10	[1]	,	b	_
9.9	11	[1]	τὸν	_	_
9.9	12	[1]	τοῦ	_	_
9.9	13	[1]	κόσμου	_	_
9.9	14	[1]	δημιουργὸν	_	_
9.9	15	[1]	θεὸν	_	_
9.9	16	[2]	,	b	_
9.9	17	[1]	τοῖς	_	_
9.9	18	[1]	ἑαυτοῦ	_	_
9.9	19	[1]	παισὶ	_	_
9.9	20	[1]	κελεῦσαι	_	_
9.9	21	[1]	λόγῳ	_	_
9.9	22	[1]	διαπλάσαι	_	_
9.9	23	[2]	τὸ	_	_
9.9	24	[1]	τῶν	_	_
9.9	25	[1]	ἀνθρώπων	_	_
9.9	26	[1]	γένος	_	_
9.9	27	[3]	,	b	_
9.9	28	[1]	λαβόντας	_	_
9.9	29	[1]	μὲν	_	_
9.9	30	[1]	παρ	_	_
9.9	31	[1]	’	b	_
9.9	32	[1]	αὐτοῦ	_	_
9.9	33	[1]	τῆς	_	_
9.9	34	[1]	ἀθανάτου	_	_
9.9	35	[1]	ψυχῆς	_	_
9.9	36	[1]	τὴν	_	_
9.9	37	[1]	οὐσίαν	_	_
9.9	38	[4]	,	b	_
9.9	39	[1]	προσθέντας	_	_
9.9	40	[1]	δ	_	_
9.9	41	[2]	’	b	_
9.9	42	[1]	ἐν	_	_
9.9	43	[1]	αὐτῇ	_	_
9.9	44	[3]	τὸ	_	_
9.9	45	[1]	γεννητόν	_	_
9.9	46	[1]	.	b	_
9.9	47	[1]	ἀλλ	_	_
9.9	48	[3]	’	b	_
9.9	49	[1]	ἐκεῖνό	_	_
9.9	50	[2]	γε	_	_
9.9	51	[1]	χρὴ	_	_
9.9	52	[1]	γινώσκειν	_	_
9.9	53	[2]	ἡμᾶς	_	_
9.9	54	[5]	,	b	_
9.9	55	[1]	ὡς	_	_
9.9	56	[1]	οὐκ	_	_
9.9	57	[1]	ἔστιν	_	_
9.9	58	[1]	ὅμοιον	_	_
9.9	59	[1]	εἶδος	_	_
9.9	60	[1]	ἀποδείξεώς	_	_
9.9	61	[1]	τε	_	_
9.9	62	[2]	καὶ	_	_
9.9	63	[1]	θέσεως	_	_
9.9	64	[2]	τοῦ	_	_
9.9	65	[1]	κατὰ	_	_
9.9	66	[1]	πρόνοιαν	_	_
9.9	67	[1]	θεοῦ	_	_
9.9	68	[1]	τινος	_	_
9.9	69	[1]	ἢ	_	_
9.9	70	[1]	θεῶν	_	_
9.9	71	[3]	ἡμᾶς	_	_
9.9	72	[1]	κατεσκευάσθαι	_	_
9.9	73	[6]	,	b	_
9.9	74	[3]	καὶ	_	_
9.9	75	[3]	τοῦ	_	_
9.9	76	[1]	γνῶναι	_	_
9.9	77	[2]	τὴν	_	_
9.9	78	[2]	οὐσίαν	_	_
9.9	79	[4]	τοῦ	_	_
9.9	80	[1]	κατασκευάσαντος	_	_
9.9	81	[7]	,	b	_
9.9	82	[1]	ὥσπερ	_	_
9.9	83	[1]	οὐδὲ	_	_
9.9	84	[2]	τῆς	_	_
9.9	85	[2]	ψυχῆς	_	_
9.9	86	[1]	ἡμῶν	_	_
9.9	87	[2]	.	b	_
9.9	88	[1]	ὅτι	_	_
9.9	89	[2]	μὲν	_	_
9.9	90	[1]	ἄκρας	_	_
9.9	91	[1]	ἐστὶ	_	_
9.9	92	[1]	σοφίας	_	_
9.9	93	[4]	καὶ	_	_
9.9	94	[1]	δυνάμεως	_	_
9.9	95	[1]	ἡ	_	_
9.9	96	[5]	τοῦ	_	_
9.9	97	[1]	σώματος	_	_
9.9	98	[2]	ἡμῶν	_	_
9.9	99	[1]	κατασκευὴ	_	_
9.9	100	[8]	,	b	_
9.9	101	[1]	δι	_	_
9.9	102	[4]	’	b	_
9.9	103	[1]	ὧν	_	_
9.9	104	[1]	ὀλίγον	_	_
9.9	105	[1]	ἔμπροσθεν	_	_
9.9	106	[1]	εἷπον	_	_
9.9	107	[1]	ἐπιδείκνυται	_	_
9.9	108	[3]	.	b	_
9.9	109	[1]	τὰ	_	_
9.9	110	[1]	δὲ	_	_
9.9	111	[1]	περὶ	_	_
9.9	112	[3]	τῆς	_	_
9.9	113	[1]	οὐσίας	_	_
9.9	114	[4]	τῆς	_	_
9.9	115	[3]	ψυχῆς	_	_
9.9	116	[5]	καὶ	_	_
9.9	117	[2]	τῶν	_	_
9.9	118	[1]	διαπλασάντων	_	_
9.9	119	[4]	ἡμᾶς	_	_
9.9	120	[2]	θεῶν	_	_
9.9	121	[9]	,	b	_
9.9	122	[1]	ἔτι	_	_
9.9	123	[2]	τε	_	_
9.9	124	[1]	μᾶλλον	_	_
9.9	125	[1]	ὅσα	_	_
9.9	126	[2]	περὶ	_	_
9.9	127	[6]	τοῦ	_	_
9.9	128	[2]	σώματος	_	_
9.9	129	[3]	ἡμῶν	_	_
9.9	130	[1]	λέγεται	_	_
9.9	131	[1]	παντὸς	_	_
9.9	132	[1]	ὑπὸ	_	_
9.9	133	[7]	τοῦ	_	_
9.9	134	[1]	θειοτάτου	_	_
9.9	135	[1]	Πλάτωνος	_	_
9.9	136	[10]	,	b	_
9.9	137	[1]	ἄχρι	_	_
9.9	138	[8]	τοῦ	_	_
9.9	139	[1]	πιθανοῦ	_	_
9.9	140	[6]	καὶ	_	_
9.9	141	[1]	εἰκότος	_	_
9.9	142	[1]	ἐκτείνεται	_	_
9.9	143	[11]	,	b	_
9.9	144	[2]	ὡς	_	_
9.9	145	[1]	αὐτὸς	_	_
9.9	146	[1]	ἐδήλωσεν	_	_
9.9	147	[2]	ἐν	_	_
9.9	148	[1]	Τιμαίῳ	_	_
9.9	149	[12]	,	b	_
9.9	150	[1]	πρῶτον	_	_
9.9	151	[1]	ἐνάρχεσθαι	_	_
9.9	152	[1]	μέλλων	_	_
9.9	153	[5]	τῆς	_	_
9.9	154	[1]	φυσιολογίας	_	_
9.9	155	[13]	,	b	_
9.9	156	[1]	εἶτα	_	_
9.9	157	[7]	καὶ	_	_
9.9	158	[1]	μεταξὺ	_	_
9.9	159	[2]	κατὰ	_	_
9.9	160	[3]	τὴν	_	_
9.9	161	[1]	διέξοδον	_	_
9.9	162	[1]	λόγου	_	_
9.9	163	[1]	παρεντιθεὶς	_	_
9.9	164	[4]	τὴν	_	_
9.9	165	[1]	ἀπόφασιν	_	_
9.9	166	[4]	.	b	_
9.9	167	[1]	ἄρχεσθαι	_	_
9.9	168	[3]	μὲν	_	_
9.9	169	[1]	οὖν	_	_
9.9	170	[2]	μέλλων	_	_
9.9	171	[2]	αὐτοῦ	_	_
9.9	172	[1]	ὁ	_	_
9.9	173	[1]	Τίμαιος	_	_
9.9	174	[14]	,	b	_
9.9	175	[1]	(	a	_
9.9	176	[1]	τοῦτον	_	_
9.9	177	[1]	γὰρ	_	_
9.9	178	[1]	ὑπέθετο	_	_
9.9	179	[1]	τοὺς	_	_
9.9	180	[3]	περὶ	_	_
9.9	181	[1]	φύσεως	_	_
9.9	182	[3]	τῶν	_	_
9.9	183	[3]	κατὰ	_	_
9.9	184	[2]	τὸν	_	_
9.9	185	[1]	κόσμον	_	_
9.9	186	[1]	ἅπαντα	_	_
9.9	187	[1]	λόγους	_	_
9.9	188	[1]	διερχόμενον	_	_
9.9	189	[15]	,	b	_
9.9	190	[1]	)	b	_
9.9	191	[1]	ᾧδέ	_	_
9.9	192	[1]	πώς	_	_
9.9	193	[1]	φησι	_	_
9.9	194	[5]	.	b	_
9.9	195	[1]	ἐὰν	_	_
9.9	196	[2]	οὖν	_	_
9.9	197	[16]	,	b	_
9.9	198	[1]	ὦ	_	_
9.9	199	[1]	Σώκρατες	_	_
9.9	200	[17]	,	b	_
9.9	201	[1]	πολλὰ	_	_
9.9	202	[1]	πολλῶν	_	_
9.9	203	[1]	εἰπόντων	_	_
9.9	204	[4]	περὶ	_	_
9.9	205	[3]	θεῶν	_	_
9.9	206	[8]	καὶ	_	_
9.9	207	[6]	τῆς	_	_
9.9	208	[9]	τοῦ	_	_
9.9	209	[2]	παντὸς	_	_
9.9	210	[1]	γενέσεως	_	_
9.9	211	[18]	,	b	_
9.9	212	[1]	μὴ	_	_
9.9	213	[1]	δυνατοὶ	_	_
9.9	214	[1]	γενώμεθα	_	_
9.9	215	[1]	πάντη	_	_
9.9	216	[1]	πάντως	_	_
9.9	217	[1]	ἂν	_	_
9.9	218	[2]	τοὺς	_	_
9.9	219	[1]	αὐτοὺς	_	_
9.9	220	[1]	αὐτῆς	_	_
9.9	221	[1]	ὁμολογουμένους	_	_
9.9	222	[2]	λόγους	_	_
9.9	223	[9]	καὶ	_	_
9.9	224	[1]	ἀπηκριβωμένους	_	_
9.9	225	[1]	ἀποδοῦναι	_	_
9.9	226	[19]	,	b	_
9.9	227	[2]	μὴ	_	_
9.9	228	[1]	θαυμάσῃς	_	_
9.9	229	[20]	,	b	_
9.9	230	[2]	ἀλλ	_	_
9.9	231	[5]	’	b	_
9.9	232	[2]	ἐὰν	_	_
9.9	233	[1]	ἄρα	_	_
9.9	234	[1]	μηδενὸς	_	_
9.9	235	[1]	ἧττον	_	_
9.9	236	[1]	παρεχώμεθα	_	_
9.9	237	[21]	,	b	_
9.9	238	[1]	εἰκότως	_	_
9.9	239	[1]	ἀγαπᾷν	_	_
9.9	240	[2]	χρὴ	_	_
9.9	241	[22]	,	b	_
9.9	242	[1]	μεμνημένους	_	_
9.9	243	[23]	,	b	_
9.9	244	[3]	ὡς	_	_
9.9	245	[2]	ὁ	_	_
9.9	246	[1]	λέγων	_	_
9.9	247	[24]	,	b	_
9.9	248	[1]	ὑμεῖς	_	_
9.9	249	[3]	τε	_	_
9.9	250	[1]	οἱ	_	_
9.9	251	[1]	κριταὶ	_	_
9.9	252	[1]	φύσιν	_	_
9.9	253	[1]	ἀνθρωπίνην	_	_
9.9	254	[1]	ἔχομεν	_	_
9.9	255	[6]	.	b	_
9.9	256	[1]	ὥστε	_	_
9.9	257	[5]	περὶ	_	_
9.9	258	[1]	τούτου	_	_
9.9	259	[3]	τὸν	_	_
9.9	260	[1]	εἰκότα	_	_
9.9	261	[1]	μῦθον	_	_
9.9	262	[1]	ἀποδεχομένους	_	_
9.9	263	[1]	πρέπει	_	_
9.9	264	[1]	μηδὲν	_	_
9.9	265	[2]	ἔτι	_	_
9.9	266	[1]	πέρα	_	_
9.9	267	[1]	ζητεῖν	_	_
9.9	268	[7]	.	b	_
9.9	269	[1]	οὕτω	_	_
9.9	270	[2]	δὲ	_	_
9.9	271	[10]	καὶ	_	_
9.9	272	[2]	τὰ	_	_
9.9	273	[6]	περὶ	_	_
9.9	274	[4]	ψυχῆς	_	_
9.9	275	[1]	αὐτῷ	_	_
9.9	276	[1]	γεγραμμένα	_	_
9.9	277	[10]	τοῦ	_	_
9.9	278	[2]	πιθανοῦ	_	_
9.9	279	[11]	καὶ	_	_
9.9	280	[2]	εἰκότος	_	_
9.9	281	[1]	ἔχεσθαί	_	_
9.9	282	[1]	φησιν	_	_
9.9	283	[25]	,	b	_
9.9	284	[2]	ᾧδέ	_	_
9.9	285	[1]	πως	_	_
9.9	286	[1]	εἰπών	_	_
9.9	287	[8]	.	b	_
9.9	288	[3]	τὰ	_	_
9.9	289	[4]	μὲν	_	_
9.9	290	[3]	οὖν	_	_
9.9	291	[7]	περὶ	_	_
9.9	292	[5]	ψυχῆς	_	_
9.9	293	[26]	,	b	_
9.9	294	[1]	ὅσον	_	_
9.9	295	[1]	θνητὸν	_	_
9.9	296	[1]	ἔχει	_	_
9.9	297	[27]	,	b	_
9.9	298	[12]	καὶ	_	_
9.9	299	[2]	ὅσον	_	_
9.9	300	[1]	θεῖον	_	_
9.9	301	[28]	,	b	_
9.9	302	[13]	καὶ	_	_
9.9	303	[1]	όπῃ	_	_
9.9	304	[29]	,	b	_
9.9	305	[14]	καὶ	_	_
9.9	306	[1]	μεθ	_	_
9.9	307	[6]	’	b	_
9.9	308	[2]	ὧν	_	_
9.9	309	[30]	,	b	_
9.9	310	[15]	καὶ	_	_
9.9	311	[2]	δι	_	_
9.9	312	[7]	’	b	_
9.9	313	[1]	ἃ	_	_
9.9	314	[1]	χωρὶς	_	_
9.9	315	[1]	ᾠκίσθη	_	_
9.9	316	[31]	,	b	_
9.9	317	[4]	τὸ	_	_
9.9	318	[5]	μὲν	_	_
9.9	319	[1]	ἀληθὲς	_	_
9.9	320	[4]	ὡς	_	_
9.9	321	[1]	εἴρηται	_	_
9.9	322	[32]	,	b	_
9.9	323	[2]	θεοῦ	_	_
9.9	324	[1]	ξυμφήσαντος	_	_
9.9	325	[33]	,	b	_
9.9	326	[1]	τότ	_	_
9.9	327	[8]	’	b	_
9.9	328	[2]	ἂν	_	_
9.9	329	[2]	οὕτω	_	_
9.9	330	[1]	μόνως	_	_
9.9	331	[1]	διϊσχυριζοίμεθα	_	_
9.9	332	[9]	.	b	_
9.9	333	[1]	τό	_	_
9.9	334	[3]	γε	_	_
9.9	335	[1]	μὴν	_	_
9.9	336	[1]	εἰκὸς	_	_
9.9	337	[1]	ἡμῖν	_	_
9.9	338	[1]	εἰρῆσθαι	_	_
9.9	339	[34]	,	b	_
9.9	340	[16]	καὶ	_	_
9.9	341	[1]	νῦν	_	_
9.9	342	[3]	ἔτι	_	_
9.9	343	[2]	μᾶλλον	_	_
9.9	344	[1]	ἀνασκοποῦσι	_	_
9.9	345	[1]	διακινδυνευτέον	_	_
9.9	346	[4]	τε	_	_
9.9	347	[1]	φάναι	_	_
9.9	348	[17]	καὶ	_	_
9.9	349	[1]	πεφάσθω	_	_
9.9	350	[10]	.	b	_
9.9	351	[2]	ὥσπερ	_	_
9.9	352	[4]	οὖν	_	_
9.9	353	[1]	ταῦτα	_	_
9.9	354	[8]	περὶ	_	_
9.9	355	[6]	ψυχῆς	_	_
9.9	356	[1]	εἶπεν	_	_
9.9	357	[2]	ἄχρι	_	_
9.9	358	[11]	τοῦ	_	_
9.9	359	[3]	πιθανοῦ	_	_
9.9	360	[18]	καὶ	_	_
9.9	361	[3]	εἰκότος	_	_
9.9	362	[2]	ἡμῖν	_	_
9.9	363	[1]	γιγνώσκεσθαι	_	_
9.9	364	[1]	προειρημένα	_	_
9.9	365	[35]	,	b	_
9.9	366	[19]	καὶ	_	_
9.9	367	[1]	διὰ	_	_
9.9	368	[1]	τοῦτο	_	_
9.9	369	[1]	κᾀγὼ	_	_
9.9	370	[1]	τολμηρῶς	_	_
9.9	371	[1]	ἀποφῄνασθαι	_	_
9.9	372	[9]	περὶ	_	_
9.9	373	[1]	αὐτῶν	_	_
9.9	374	[1]	οὐ	_	_
9.9	375	[1]	θεωρῶ	_	_
9.9	376	[36]	,	b	_
9.9	377	[4]	κατὰ	_	_
9.9	378	[3]	δὲ	_	_
9.9	379	[1]	τοὐναντίον	_	_
9.9	380	[37]	,	b	_
9.9	381	[2]	ὅτι	_	_
9.9	382	[1]	πλείω	_	_
9.9	383	[4]	τὰ	_	_
9.9	384	[7]	τῆς	_	_
9.9	385	[7]	ψυχῆς	_	_
9.9	386	[1]	ἐστιν	_	_
9.9	387	[1]	εἴδη	_	_
9.9	388	[38]	,	b	_
9.9	389	[20]	καὶ	_	_
9.9	390	[3]	ὅτι	_	_
9.9	391	[1]	τριχῆ	_	_
9.9	392	[1]	κατῴκισται	_	_
9.9	393	[39]	,	b	_
9.9	394	[21]	καὶ	_	_
9.9	395	[4]	ὅτι	_	_
9.9	396	[5]	τὸ	_	_
9.9	397	[6]	μὲν	_	_
9.9	398	[2]	αὐτῶν	_	_
9.9	399	[1]	θεῖόν	_	_
9.9	400	[2]	ἐστιν	_	_
9.9	401	[40]	,	b	_
9.9	402	[1]	ᾧ	_	_
9.9	403	[1]	λογιζόμεθα	_	_
9.9	404	[41]	,	b	_
9.9	405	[5]	τὰ	_	_
9.9	406	[4]	δὲ	_	_
9.9	407	[1]	λοιπὰ	_	_
9.9	408	[1]	δύο	_	_
9.9	409	[1]	παθητικὰ	_	_
9.9	410	[42]	,	b	_
9.9	411	[6]	τὸ	_	_
9.9	412	[7]	μὲν	_	_
9.9	413	[43]	,	b	_
9.9	414	[2]	ᾧ	_	_
9.9	415	[1]	θυμούμεθα	_	_
9.9	416	[44]	,	b	_
9.9	417	[7]	τὸ	_	_
9.9	418	[5]	δὲ	_	_
9.9	419	[45]	,	b	_
9.9	420	[3]	ᾧ	_	_
9.9	421	[4]	τῶν	_	_
9.9	422	[2]	διὰ	_	_
9.9	423	[12]	τοῦ	_	_
9.9	424	[3]	σώματος	_	_
9.9	425	[1]	ἡδονῶν	_	_
9.9	426	[1]	ἐπιθυμοῦμεν	_	_
9.9	427	[46]	,	b	_
9.9	428	[1]	ὃ	_	_
9.9	429	[1]	κᾀν	_	_
9.9	430	[2]	τοῖς	_	_
9.9	431	[1]	φυτοῖς	_	_
9.9	432	[3]	ἐστιν	_	_
9.9	433	[47]	,	b	_
9.9	434	[1]	ἀποδείξεις	_	_
9.9	435	[1]	ἔχειν	_	_
9.9	436	[1]	φημὶ	_	_
9.9	437	[48]	,	b	_
9.9	438	[22]	καὶ	_	_
9.9	439	[1]	μέντοι	_	_
9.9	440	[23]	καὶ	_	_
9.9	441	[5]	ὅτι	_	_
9.9	442	[8]	τὸ	_	_
9.9	443	[8]	μὲν	_	_
9.9	444	[3]	ἐν	_	_
9.9	445	[1]	ἐγκεφάλῳ	_	_
9.9	446	[2]	κατῴκισται	_	_
9.9	447	[49]	,	b	_
9.9	448	[9]	τὸ	_	_
9.9	449	[6]	δὲ	_	_
9.9	450	[4]	ἐν	_	_
9.9	451	[1]	καρδίᾳ	_	_
9.9	452	[50]	,	b	_
9.9	453	[10]	τὸ	_	_
9.9	454	[2]	δ	_	_
9.9	455	[9]	’	b	_
9.9	456	[5]	ἐν	_	_
9.9	457	[1]	ἥπατι	_	_
9.9	458	[11]	.	b	_
9.9	459	[24]	καὶ	_	_
9.9	460	[2]	γὰρ	_	_
9.9	461	[1]	τούτων	_	_
9.9	462	[1]	εἰσὶν	_	_
9.9	463	[2]	ἀποδείξεις	_	_
9.9	464	[1]	ἐπιστημονικαὶ	_	_
9.9	465	[51]	,	b	_
9.9	466	[25]	καὶ	_	_
9.9	467	[10]	περὶ	_	_
9.9	468	[3]	αὐτῶν	_	_
9.9	469	[1]	ἠγωνισάμην	_	_
9.9	470	[6]	ἐν	_	_
9.9	471	[3]	τοῖς	_	_
9.9	472	[1]	πρώτοις	_	_
9.9	473	[1]	ἓξ	_	_
9.9	474	[1]	ὑπομνήμασι	_	_
9.9	475	[1]	τῆσδε	_	_
9.9	476	[8]	τῆς	_	_
9.9	477	[1]	πραγματείας	_	_
9.9	478	[52]	,	b	_
9.9	479	[1]	οὔτε	_	_
9.9	480	[11]	περὶ	_	_
9.9	481	[9]	τῆς	_	_
9.9	482	[2]	οὐσίας	_	_
9.9	483	[2]	εἰπών	_	_
9.9	484	[1]	τι	_	_
9.9	485	[5]	τῶν	_	_
9.9	486	[1]	τριῶν	_	_
9.9	487	[1]	εἰδῶν	_	_
9.9	488	[10]	τῆς	_	_
9.9	489	[8]	ψυχῆς	_	_
9.9	490	[53]	,	b	_
9.9	491	[2]	οὔτε	_	_
9.9	492	[12]	περὶ	_	_
9.9	493	[11]	τῆς	_	_
9.9	494	[1]	ἀθανασίας	_	_
9.9	495	[54]	,	b	_
9.9	496	[1]	οὔθ	_	_
9.9	497	[10]	’	b	_
9.9	498	[1]	ὅλως	_	_
9.9	499	[1]	ζητήσας	_	_
9.9	500	[55]	,	b	_
9.9	501	[1]	πότερα	_	_
9.9	502	[1]	κυρίως	_	_
9.9	503	[1]	ὀνομάζων	_	_
9.9	504	[1]	εἴρηκεν	_	_
9.9	505	[7]	ἐν	_	_
9.9	506	[2]	Τιμαίῳ	_	_
9.9	507	[1]	θνητὰ	_	_
9.9	508	[6]	τὰ	_	_
9.9	509	[2]	δύο	_	_
9.9	510	[1]	μέρη	_	_
9.9	511	[12]	τῆς	_	_
9.9	512	[9]	ψυχῆς	_	_
9.9	513	[56]	,	b	_
9.9	514	[2]	ἢ	_	_
9.9	515	[1]	ταύτην	_	_
9.9	516	[1]	αὐτοῖς	_	_
9.9	517	[1]	ἐπήνεγκε	_	_
9.9	518	[5]	τὴν	_	_
9.9	519	[1]	προσηγορίαν	_	_
9.9	520	[57]	,	b	_
9.9	521	[1]	ἀθανάτοις	_	_
9.9	522	[1]	οὖσιν	_	_
9.9	523	[58]	,	b	_
9.9	524	[5]	ὡς	_	_
9.9	525	[1]	χείροσι	_	_
9.9	526	[13]	τοῦ	_	_
9.9	527	[1]	λογιστικοῦ	_	_
9.9	528	[59]	,	b	_
9.9	529	[26]	καὶ	_	_
9.9	530	[6]	ὡς	_	_
9.9	531	[5]	κατὰ	_	_
9.9	532	[7]	τὰ	_	_
9.9	533	[2]	θνητὰ	_	_
9.9	534	[6]	τῶν	_	_
9.9	535	[1]	ζώων	_	_
9.9	536	[1]	ἐνεργοῦσι	_	_
9.9	537	[1]	μόνον	_	_
9.9	538	[12]	.	b	_
9.9	539	[11]	τὸ	_	_
9.9	540	[3]	γὰρ	_	_
9.9	541	[60]	,	b	_
9.9	542	[6]	ὅτι	_	_
9.9	543	[2]	τριχῆ	_	_
9.9	544	[3]	κατῴκισται	_	_
9.9	545	[8]	τὰ	_	_
9.9	546	[10]	ψυχῆς	_	_
9.9	547	[2]	εἴδη	_	_
9.9	548	[61]	,	b	_
9.9	549	[27]	καὶ	_	_
9.9	550	[7]	ὅτι	_	_
9.9	551	[1]	τοσάσδε	_	_
9.9	552	[1]	τὰς	_	_
9.9	553	[1]	δυνάμεις	_	_
9.9	554	[1]	ἕκαστον	_	_
9.9	555	[4]	αὐτῶν	_	_
9.9	556	[2]	ἔχει	_	_
9.9	557	[62]	,	b	_
9.9	558	[28]	καὶ	_	_
9.9	559	[8]	ὅτι	_	_
9.9	560	[1]	τοιάσδε	_	_
9.9	561	[1]	τινὰς	_	_
9.9	562	[1]	εἴς	_	_
9.9	563	[13]	.	b	_
9.9	564	[5]	τε	_	_
9.9	565	[6]	τὴν	_	_
9.9	566	[1]	ἰατρικὴν	_	_
9.9	567	[1]	τέχνην	_	_
9.9	568	[1]	χρήσιμον	_	_
9.9	569	[1]	ὑπάρχειν	_	_
9.9	570	[63]	,	b	_
9.9	571	[2]	εἴς	_	_
9.9	572	[6]	τε	_	_
9.9	573	[7]	τὴν	_	_
9.9	574	[1]	ἠθικήν	_	_
9.9	575	[7]	τε	_	_
9.9	576	[29]	καὶ	_	_
9.9	577	[1]	πολιτικὴν	_	_
9.9	578	[1]	ὀνομαζομένην	_	_
9.9	579	[1]	φιλοσοφίαν	_	_
9.9	580	[64]	,	b	_
9.9	581	[1]	εὐλόγως	_	_
9.9	582	[1]	Ἱπποκράτει	_	_
9.9	583	[8]	τε	_	_
9.9	584	[30]	καὶ	_	_
9.9	585	[3]	ἡμῖν	_	_
9.9	586	[1]	ζητεῖται	_	_
9.9	587	[14]	.	b	_
9.9	588	[1]	πότερον	_	_
9.9	589	[7]	δὲ	_	_
9.9	590	[31]	καὶ	_	_
9.9	591	[12]	τὸ	_	_
9.9	592	[1]	θυμοειδὲς	_	_
9.9	593	[32]	καὶ	_	_
9.9	594	[13]	τὸ	_	_
9.9	595	[1]	ἐπιθυμητικὸν	_	_
9.9	596	[1]	ἀθάνατα	_	_
9.9	597	[1]	τετύχηκεν	_	_
9.9	598	[1]	ὄντα	_	_
9.9	599	[65]	,	b	_
9.9	600	[1]	καθάπερ	_	_
9.9	601	[1]	ἡγοῦνται	_	_
9.9	602	[1]	πολλοὶ	_	_
9.9	603	[7]	τῶν	_	_
9.9	604	[1]	Πλατωνικῶν	_	_
9.9	605	[66]	,	b	_
9.9	606	[3]	ἢ	_	_
9.9	607	[3]	θνητὰ	_	_
9.9	608	[67]	,	b	_
9.9	609	[2]	κυρίως	_	_
9.9	610	[2]	εἴρηται	_	_
9.9	611	[6]	κατὰ	_	_
9.9	612	[1]	Τίμαιόν	_	_
9.9	613	[2]	τι	_	_
9.9	614	[3]	μᾶλλον	_	_
9.9	615	[68]	,	b	_
9.9	616	[2]	οὐ	_	_
9.9	617	[1]	πάνυ	_	_
9.9	618	[3]	τι	_	_
9.9	619	[2]	χρήσιμον	_	_
9.9	620	[1]	οὔτ	_	_
9.9	621	[11]	’	b	_
9.9	622	[1]	εἰς	_	_
9.9	623	[2]	ἰατρικὴν	_	_
9.9	624	[3]	οὔτε	_	_
9.9	625	[8]	τὴν	_	_
9.9	626	[2]	ἠθικήν	_	_
9.9	627	[9]	τε	_	_
9.9	628	[33]	καὶ	_	_
9.9	629	[2]	πολιτικὴν	_	_
9.9	630	[2]	φιλοσοφίαν	_	_
9.9	631	[2]	ὀνομαζομένην	_	_
9.9	632	[1]	ὑπάρχον	_	_
9.9	633	[69]	,	b	_
9.9	634	[2]	εἰκότως	_	_
9.9	635	[4]	τοῖς	_	_
9.9	636	[1]	ἰατροῖς	_	_
9.9	637	[34]	καὶ	_	_
9.9	638	[1]	πολλοῖς	_	_
9.9	639	[8]	τῶν	_	_
9.9	640	[1]	φιλοσόφων	_	_
9.9	641	[1]	παραλέλειπται	_	_
9.9	642	[15]	.	b	_
9.9	643	[13]	τῆς	_	_
9.9	644	[1]	θεωρητικῆς	_	_
9.9	645	[5]	οὖν	_	_
9.9	646	[1]	φιλοσοφίας	_	_
9.9	647	[2]	ἐστὶ	_	_
9.9	648	[4]	μᾶλλον	_	_
9.9	649	[70]	,	b	_
9.9	650	[4]	ἢ	_	_
9.9	651	[14]	τῆς	_	_
9.9	652	[1]	πρακτικῆς	_	_
9.9	653	[16]	.	b	_
9.9	654	[3]	ἀλλ	_	_
9.9	655	[12]	’	b	_
9.9	656	[9]	ὅτι	_	_
9.9	657	[14]	τὸ	_	_
9.9	658	[1]	βέβαιον	_	_
9.9	659	[1]	αἱ	_	_
9.9	660	[13]	περὶ	_	_
9.9	661	[2]	τούτων	_	_
9.9	662	[3]	ἀποδείξεις	_	_
9.9	663	[2]	οὐκ	_	_
9.9	664	[1]	ἔχουσιν	_	_
9.9	665	[71]	,	b	_
9.9	666	[1]	αὐτὸν	_	_
9.9	667	[1]	ἐπέδειξα	_	_
9.9	668	[4]	τὸν	_	_
9.9	669	[1]	Πλάτωνα	_	_
9.9	670	[3]	διὰ	_	_
9.9	671	[15]	τῆς	_	_
9.9	672	[8]	ἐν	_	_
9.9	673	[3]	Τιμαίῳ	_	_
9.9	674	[1]	ῥήσεως	_	_
9.9	675	[1]	ὁμολογοῦντα	_	_
9.9	676	[17]	.	b	_
9.9	677	[3]	οὐ	_	_
9.9	678	[2]	μὴν	_	_
9.9	679	[1]	περί	_	_
9.9	680	[4]	γε	_	_
9.9	681	[9]	τῶν	_	_
9.9	682	[9]	ἐν	_	_
9.9	683	[1]	τῷ	_	_
9.9	684	[1]	τετάρτῳ	_	_
9.9	685	[1]	Πολιτείας	_	_
9.9	686	[1]	ὑπ	_	_
9.9	687	[13]	’	b	_
9.9	688	[3]	αὐτοῦ	_	_
9.9	689	[1]	γεγραμμένων	_	_
9.9	690	[2]	ἔστιν	_	_
9.9	691	[1]	εἰπεῖν	_	_
9.9	692	[72]	,	b	_
9.9	693	[7]	ὡς	_	_
9.9	694	[3]	ἄχρι	_	_
9.9	695	[14]	τοῦ	_	_
9.9	696	[4]	πιθανοῦ	_	_
9.9	697	[1]	προερχομένων	_	_
9.9	698	[2]	μόνον	_	_
9.9	699	[18]	.	b	_
9.9	700	[4]	ἀλλ	_	_
9.9	701	[14]	’	b	_
9.9	702	[1]	ἐμοὶ	_	_
9.9	703	[9]	μὲν	_	_
9.9	704	[2]	ἐπιστημονικαὶ	_	_
9.9	705	[1]	δοκοῦσιν	_	_
9.9	706	[2]	αἱ	_	_
9.9	707	[4]	ἀποδείξεις	_	_
9.9	708	[2]	ὑπάρχειν	_	_
9.9	709	[73]	,	b	_
9.9	710	[1]	ἄλλο	_	_
9.9	711	[10]	μὲν	_	_
9.9	712	[1]	εἶναι	_	_
9.9	713	[15]	τὸ	_	_
9.9	714	[1]	λογιστικὸν	_	_
9.9	715	[74]	,	b	_
9.9	716	[2]	ἄλλο	_	_
9.9	717	[8]	δὲ	_	_
9.9	718	[16]	τὸ	_	_
9.9	719	[2]	θυμοειδὲς	_	_
9.9	720	[75]	,	b	_
9.9	721	[3]	ἄλλο	_	_
9.9	722	[9]	δὲ	_	_
9.9	723	[17]	τὸ	_	_
9.9	724	[1]	ἐπιθυμοῦν	_	_
9.9	725	[1]	ἀποδεικνύντος	_	_
9.9	726	[4]	αὐτοῦ	_	_
9.9	727	[19]	.	b	_
9.9	728	[4]	ᾧ	_	_
9.9	729	[1]	δὴ	_	_
9.9	730	[35]	καὶ	_	_
9.9	731	[1]	δῆλον	_	_
9.9	732	[76]	,	b	_
9.9	733	[1]	ὅπερ	_	_
9.9	734	[1]	ἐξ	_	_
9.9	735	[1]	ἀρχῆς	_	_
9.9	736	[1]	λέγω	_	_
9.9	737	[77]	,	b	_
9.9	738	[1]	χαλεπώτατον	_	_
9.9	739	[2]	εἶναι	_	_
9.9	740	[1]	διακρίνειν	_	_
9.9	741	[2]	τὰς	_	_
9.9	742	[1]	ὁμοιότητας	_	_
9.9	743	[20]	.	b	_
9.9	744	[1]	ὅπου	_	_
9.9	745	[4]	γὰρ	_	_
9.9	746	[5]	αὐτῶν	_	_
9.9	747	[10]	τῶν	_	_
9.9	748	[2]	Πλατωνικῶν	_	_
9.9	749	[2]	πολλοὶ	_	_
9.9	750	[1]	ἐναντίως	_	_
9.9	751	[1]	οἷς	_	_
9.9	752	[3]	ὁ	_	_
9.9	753	[2]	Πλάτων	_	_
9.9	754	[2]	ἀπεφῄνατο	_	_
9.9	755	[1]	ἐδόξασαν	_	_
9.9	756	[78]	,	b	_
9.9	757	[1]	πῶς	_	_
9.9	758	[1]	ἄν	_	_
9.9	759	[1]	τις	_	_
9.9	760	[1]	ἐπὶ	_	_
9.9	761	[5]	τοῖς	_	_
9.9	762	[1]	ἄλλοις	_	_
9.9	763	[1]	φιλοσόφοις	_	_
9.9	764	[1]	θαυμάσειεν	_	_
9.9	765	[1]	ἀγνοοῦσι	_	_
9.9	766	[2]	διακρίνειν	_	_
9.9	767	[18]	τὸ	_	_
9.9	768	[1]	πιθανὸν	_	_
9.9	769	[11]	μὲν	_	_
9.9	770	[79]	,	b	_
9.9	771	[3]	οὐκ	_	_
9.9	772	[2]	ἀληθὲς	_	_
9.9	773	[10]	δὲ	_	_
9.9	774	[80]	,	b	_
9.9	775	[15]	τοῦ	_	_
9.9	776	[1]	βεβαίως	_	_
9.9	777	[1]	ἀληθοῦς	_	_
9.9	778	[81]	,	b	_
9.9	779	[2]	ὅπερ	_	_
9.9	780	[4]	οὐκ	_	_
9.9	781	[3]	ἂν	_	_
9.9	782	[1]	ἐγένετο	_	_
9.9	783	[82]	,	b	_
9.9	784	[2]	οὐδὲ	_	_
9.9	785	[1]	μιᾶς	_	_
9.9	786	[1]	ὁμοιότητος	_	_
9.9	787	[1]	οὔσης	_	_
9.9	788	[6]	τοῖς	_	_
9.9	789	[1]	ψευδέσι	_	_
9.9	790	[36]	καὶ	_	_
9.9	791	[1]	πιθανοῖς	_	_
9.9	792	[1]	πρὸς	_	_
9.9	793	[9]	τὰ	_	_
9.9	794	[1]	μετ	_	_
9.9	795	[15]	’	b	_
9.9	796	[1]	ἐπιστήμης	_	_
9.9	797	[1]	δεικνύμενα	_	_
9.9	798	[21]	.	b	_
9.9	799	[1]	μάθοις	_	_
9.9	800	[3]	δ	_	_
9.9	801	[16]	’	b	_
9.9	802	[4]	ἂν	_	_
9.9	803	[1]	ἐναργῶς	_	_
9.9	804	[1]	αὐτὸ	_	_
9.9	805	[2]	τοῦτο	_	_
9.9	806	[1]	κᾀκ	_	_
9.9	807	[16]	τοῦ	_	_
9.9	808	[1]	τετάρτου	_	_
9.9	809	[16]	τῆς	_	_
9.9	810	[2]	Πολιτείας	_	_
9.9	811	[22]	.	b	_
9.9	812	[1]	ἀξιώματι	_	_
9.9	813	[5]	γὰρ	_	_
9.9	814	[2]	εἰς	_	_
9.9	815	[9]	τὴν	_	_
9.9	816	[1]	ἀπόδειξιν	_	_
9.9	817	[3]	μέλλων	_	_
9.9	818	[1]	χρῆσθαι	_	_
9.9	819	[17]	τοῦ	_	_
9.9	820	[2]	πλείω	_	_
9.9	821	[10]	τὰ	_	_
9.9	822	[17]	τῆς	_	_
9.9	823	[11]	ψυχῆς	_	_
9.9	824	[4]	ἡμῶν	_	_
9.9	825	[3]	εἶναι	_	_
9.9	826	[1]	μόρια	_	_
9.9	827	[1]	προσέχειν	_	_
9.9	828	[1]	ἀκριβῶς	_	_
9.9	829	[2]	αὐτῷ	_	_
9.9	830	[1]	παρακελεύεται	_	_
9.9	831	[83]	,	b	_
9.9	832	[1]	γιγνώσκων	_	_
9.9	833	[1]	ἐνίους	_	_
9.9	834	[1]	ἀντεροῦντας	_	_
9.9	835	[84]	,	b	_
9.9	836	[8]	ὡς	_	_
9.9	837	[5]	οὐκ	_	_
9.9	838	[1]	ἀληθῆ	_	_
9.9	839	[85]	,	b	_
9.9	840	[4]	διὰ	_	_
9.9	841	[19]	τὸ	_	_
9.9	842	[3]	μὴ	_	_
9.9	843	[1]	δύνασθαι	_	_
9.9	844	[1]	ἀντικρίνειν	_	_
9.9	845	[1]	ἀπὸ	_	_
9.9	846	[11]	τῶν	_	_
9.9	847	[1]	ἀληθινῶν	_	_
9.9	848	[11]	τὰ	_	_
9.9	849	[1]	πιθανὰ	_	_
9.9	850	[12]	μὲν	_	_
9.9	851	[86]	,	b	_
9.9	852	[6]	οὐκ	_	_
9.9	853	[2]	ἀληθῆ	_	_
9.9	854	[11]	δὲ	_	_
9.9	855	[87]	,	b	_
9.9	856	[1]	πολλῆς	_	_
9.9	857	[10]	ἐν	_	_
9.9	858	[2]	αὐτοῖς	_	_
9.9	859	[2]	οὔσης	_	_
9.9	860	[2]	ὁμοιότητος	_	_
9.9	861	[23]	.	b	_
9.9	862	[1]	ἐντεῦθεν	_	_
9.9	863	[1]	γάρ	_	_
9.9	864	[1]	τοι	_	_
9.9	865	[37]	καὶ	_	_
9.9	866	[20]	τὸ	_	_
9.9	867	[12]	τῶν	_	_
9.9	868	[1]	δογμάτων	_	_
9.9	869	[1]	πλῆθος	_	_
9.9	870	[2]	ἐγένετο	_	_
9.9	871	[1]	κατ	_	_
9.9	872	[17]	’	b	_
9.9	873	[1]	ἰατρικήν	_	_
9.9	874	[10]	τε	_	_
9.9	875	[38]	καὶ	_	_
9.9	876	[3]	φιλοσοφίαν	_	_
9.9	877	[88]	,	b	_
9.9	878	[4]	οὐ	_	_
9.9	879	[1]	δυναμένων	_	_
9.9	880	[1]	ἁπάντων	_	_
9.9	881	[1]	διορίζειν	_	_
9.9	882	[2]	ἀπὸ	_	_
9.9	883	[13]	τῶν	_	_
9.9	884	[2]	ἐξ	_	_
9.9	885	[1]	ἀνάγκης	_	_
9.9	886	[1]	ὑπαρχόντων	_	_
9.9	887	[1]	τισὶν	_	_
9.9	888	[89]	,	b	_
9.9	889	[5]	ἢ	_	_
9.9	890	[1]	ἑπομένων	_	_
9.9	891	[90]	,	b	_
9.9	892	[6]	ἢ	_	_
9.9	893	[1]	μαχομένων	_	_
9.9	894	[91]	,	b	_
9.9	895	[1]	ἤ	_	_
9.9	896	[1]	τινα	_	_
9.9	897	[1]	ἄλλην	_	_
9.9	898	[1]	σχέσιν	_	_
9.9	899	[1]	ἐχόντων	_	_
9.9	900	[2]	πρὸς	_	_
9.9	901	[1]	ἄλλα	_	_
9.9	902	[92]	,	b	_
9.9	903	[12]	τὰ	_	_
9.9	904	[21]	τὸ	_	_
9.9	905	[1]	δυνατὸν	_	_
9.9	906	[1]	ἔχοντα	_	_
9.9	907	[3]	μόνον	_	_
9.9	908	[24]	.	b	_
9.9	909	[1]	ὁμοιότης	_	_
9.9	910	[2]	γάρ	_	_
9.9	911	[1]	ἐστι	_	_
9.9	912	[1]	κᾀνταῦθα	_	_
9.9	913	[2]	πολλοῖς	_	_
9.9	914	[14]	τῶν	_	_
9.9	915	[1]	ἀναγκαίων	_	_
9.9	916	[3]	πρὸς	_	_
9.9	917	[13]	τὰ	_	_
9.9	918	[1]	δυνατὰ	_	_
9.9	919	[13]	μὲν	_	_
9.9	920	[93]	,	b	_
9.9	921	[3]	ὅσον	_	_
9.9	922	[2]	ἐπὶ	_	_
9.9	923	[1]	τῇ	_	_
9.9	924	[1]	νοήσει	_	_
9.9	925	[94]	,	b	_
9.9	926	[4]	μὴ	_	_
9.9	927	[2]	μέντοι	_	_
9.9	928	[5]	γε	_	_
9.9	929	[1]	ὑπάρχοντα	_	_
9.9	930	[7]	κατὰ	_	_
9.9	931	[1]	ἀλήθειαν	_	_
9.9	932	[25]	.	b	_
9.9	933	[1]	ἀλλὰ	_	_
9.9	934	[39]	καὶ	_	_
9.9	935	[3]	τούτων	_	_
9.9	936	[2]	κᾀνταῦθα	_	_
9.9	937	[1]	μόνοις	_	_
9.9	938	[7]	τοῖς	_	_
9.9	939	[1]	γεγυμνασμένοις	_	_
9.9	940	[2]	κατ	_	_
9.9	941	[18]	’	b	_
9.9	942	[1]	αὐτὰ	_	_
9.9	943	[1]	καλῶς	_	_
9.9	944	[10]	τὴν	_	_
9.9	945	[1]	διάγνωσιν	_	_
9.9	946	[1]	οἴονται	_	_
9.9	947	[1]	πεποιῆσθαι	_	_
9.9	948	[95]	,	b	_
9.9	949	[40]	καὶ	_	_
9.9	950	[1]	μόνη	_	_
9.9	951	[1]	γ	_	_
9.9	952	[19]	’	b	_
9.9	953	[1]	ἀρκέσει	_	_
9.9	954	[8]	τοῖς	_	_
9.9	955	[1]	βουλομένοις	_	_
9.9	956	[1]	ἀποδεικτικοῖς	_	_
9.9	957	[1]	γενέσθαι	_	_
9.9	958	[96]	,	b	_
9.9	959	[1]	μετὰ	_	_
9.9	960	[18]	τοῦ	_	_
9.9	961	[1]	δηλονότι	_	_
9.9	962	[1]	συνετοῖς	_	_
9.9	963	[4]	εἶναι	_	_
9.9	964	[1]	φύσει	_	_
9.9	965	[26]	.	b	_
9.9	966	[1]	θαυμάζειν	_	_
9.9	967	[6]	οὖν	_	_
9.9	968	[1]	δίκαιόν	_	_
9.9	969	[2]	ἐστι	_	_
9.9	970	[41]	καὶ	_	_
9.9	971	[2]	μετὰ	_	_
9.9	972	[3]	τοῦτο	_	_
9.9	973	[5]	τὸν	_	_
9.9	974	[2]	Πλάτωνα	_	_
9.9	975	[97]	,	b	_
9.9	976	[5]	μὴ	_	_
9.9	977	[4]	μόνον	_	_
9.9	978	[3]	τὰς	_	_
9.9	979	[1]	μεθόδους	_	_
9.9	980	[1]	εἰπόντα	_	_
9.9	981	[5]	διὰ	_	_
9.9	982	[1]	συντόμων	_	_
9.9	983	[98]	,	b	_
9.9	984	[2]	ἀλλὰ	_	_
9.9	985	[42]	καὶ	_	_
9.9	986	[1]	γυμνάσαντα	_	_
9.9	987	[1]	καθ	_	_
9.9	988	[20]	’	b	_
9.9	989	[1]	ἑκάστην	_	_
9.9	990	[27]	.	b	_
9.9	991	[1]	ἔστι	_	_
9.9	992	[14]	μὲν	_	_
9.9	993	[6]	γὰρ	_	_
9.9	994	[1]	τρία	_	_
9.9	995	[1]	κεφάλαια	_	_
9.9	996	[99]	,	b	_
9.9	997	[2]	πρῶτον	_	_
9.9	998	[15]	μὲν	_	_
9.9	999	[22]	τὸ	_	_
9.9	1000	[14]	περὶ	_	_
9.9	1001	[1]	διαίρεσιν	_	_
9.9	1002	[43]	καὶ	_	_
9.9	1003	[1]	σύνθεσιν	_	_
9.9	1004	[100]	,	b	_
9.9	1005	[1]	δεύτερον	_	_
9.9	1006	[12]	δὲ	_	_
9.9	1007	[23]	τὸ	_	_
9.9	1008	[15]	περὶ	_	_
9.9	1009	[11]	τὴν	_	_
9.9	1010	[15]	τῶν	_	_
9.9	1011	[1]	ἀκολούθων	_	_
9.9	1012	[11]	τε	_	_
9.9	1013	[44]	καὶ	_	_
9.9	1014	[2]	μαχομένων	_	_
9.9	1015	[1]	γνῶσιν	_	_
9.9	1016	[101]	,	b	_
9.9	1017	[1]	ἐπ	_	_
9.9	1018	[21]	’	b	_
9.9	1019	[3]	αὐτοῖς	_	_
9.9	1020	[13]	δὲ	_	_
9.9	1021	[1]	τρίτον	_	_
9.9	1022	[24]	τὸ	_	_
9.9	1023	[8]	κατὰ	_	_
9.9	1024	[12]	τὴν	_	_
9.9	1025	[4]	πρὸς	_	_
9.9	1026	[1]	ἄλληλα	_	_
9.9	1027	[16]	τῶν	_	_
9.9	1028	[1]	πραγμάτων	_	_
9.9	1029	[1]	μεταβολὴν	_	_
9.9	1030	[11]	ἐν	_	_
9.9	1031	[2]	τῷ	_	_
9.9	1032	[1]	μᾶλλόν	_	_
9.9	1033	[12]	τε	_	_
9.9	1034	[45]	καὶ	_	_
9.9	1035	[2]	ἧττον	_	_
9.9	1036	[102]	,	b	_
9.9	1037	[1]	ἴσως	_	_
9.9	1038	[13]	τε	_	_
9.9	1039	[46]	καὶ	_	_
9.9	1040	[1]	ὁμοίως	_	_
9.9	1041	[103]	,	b	_
9.9	1042	[47]	καὶ	_	_
9.9	1043	[1]	ἀνάλογόν	_	_
9.9	1044	[4]	ἐστιν	_	_
9.9	1045	[1]	ἥ	_	_
9.9	1046	[14]	τε	_	_
9.9	1047	[1]	ταὐτοῦ	_	_
9.9	1048	[48]	καὶ	_	_
9.9	1049	[2]	ἡ	_	_
9.9	1050	[1]	ἑτέρου	_	_
9.9	1051	[1]	γνῶσις	_	_
9.9	1052	[104]	,	b	_
9.9	1053	[2]	οἷς	_	_
9.9	1054	[1]	ἅπασι	_	_
9.9	1055	[1]	κοινὰ	_	_
9.9	1056	[1]	συμβέβηκε	_	_
9.9	1057	[105]	,	b	_
9.9	1058	[16]	περὶ	_	_
9.9	1059	[2]	ἃ	_	_
9.9	1060	[6]	γε	_	_
9.9	1061	[1]	γυμνάσθαι	_	_
9.9	1062	[3]	χρὴ	_	_
9.9	1063	[106]	,	b	_
9.9	1064	[25]	τὸ	_	_
9.9	1065	[2]	δυνατὸν	_	_
9.9	1066	[49]	καὶ	_	_
9.9	1067	[1]	ἀναγκαῖον	_	_
9.9	1068	[107]	,	b	_
9.9	1069	[2]	ἥ	_	_
9.9	1070	[1]	τ	_	_
9.9	1071	[22]	’	b	_
9.9	1072	[12]	ἐν	_	_
9.9	1073	[1]	τούτοις	_	_
9.9	1074	[2]	ὁμοιότης	_	_
9.9	1075	[15]	τε	_	_
9.9	1076	[50]	καὶ	_	_
9.9	1077	[1]	ἀνομοιότης	_	_
9.9	1078	[28]	.	b	_
9.9	1079	[2]	οἱ	_	_
9.9	1080	[16]	μὲν	_	_
9.9	1081	[7]	οὖν	_	_
9.9	1082	[1]	σκοποὶ	_	_
9.9	1083	[108]	,	b	_
9.9	1084	[2]	καθ	_	_
9.9	1085	[23]	’	b	_
9.9	1086	[1]	οὓς	_	_
9.9	1087	[1]	ἕκαστα	_	_
9.9	1088	[4]	τούτων	_	_
9.9	1089	[1]	ὀρθῶς	_	_
9.9	1090	[2]	ἄν	_	_
9.9	1091	[2]	τις	_	_
9.9	1092	[1]	μεταχειρίζοιτο	_	_
9.9	1093	[109]	,	b	_
9.9	1094	[1]	παντάπασιν	_	_
9.9	1095	[1]	ὀλίγοι	_	_
9.9	1096	[110]	,	b	_
9.9	1097	[51]	καὶ	_	_
9.9	1098	[26]	τὸ	_	_
9.9	1099	[3]	κατ	_	_
9.9	1100	[24]	’	b	_
9.9	1101	[2]	αὐτοὺς	_	_
9.9	1102	[1]	γυμνάσιον	_	_
9.9	1103	[7]	οὐκ	_	_
9.9	1104	[1]	ὀλίγου	_	_
9.9	1105	[1]	χρόνου	_	_
9.9	1106	[1]	δεόμενον	_	_
9.9	1107	[29]	.	b	_
9.9	1108	[1]	ἐνδείκνυται	_	_
9.9	1109	[14]	δὲ	_	_
9.9	1110	[4]	τοῦτο	_	_
9.9	1111	[52]	καὶ	_	_
9.9	1112	[9]	κατὰ	_	_
9.9	1113	[27]	τὸ	_	_
9.9	1114	[1]	τέταρτον	_	_
9.9	1115	[18]	τῆς	_	_
9.9	1116	[3]	Πολιτείας	_	_
9.9	1117	[4]	ὁ	_	_
9.9	1118	[3]	Πλάτων	_	_
9.9	1119	[111]	,	b	_
9.9	1120	[1]	ἔνθα	_	_
9.9	1121	[1]	βούλεται	_	_
9.9	1122	[1]	δεῖξαι	_	_
9.9	1123	[13]	τὴν	_	_
9.9	1124	[1]	ψυχὴν	_	_
9.9	1125	[5]	ἡμῶν	_	_
9.9	1126	[112]	,	b	_
9.9	1127	[1]	οὐχ	_	_
9.9	1128	[1]	ἁπλῆν	_	_
9.9	1129	[3]	οὐδὲ	_	_
9.9	1130	[1]	μονοειδῆ	_	_
9.9	1131	[10]	κατὰ	_	_
9.9	1132	[14]	τὴν	_	_
9.9	1133	[3]	οὐσίαν	_	_
9.9	1134	[113]	,	b	_
9.9	1135	[3]	ἀλλὰ	_	_
9.9	1136	[1]	σύνθετον	_	_
9.9	1137	[1]	ἐκ	_	_
9.9	1138	[2]	τριῶν	_	_
9.9	1139	[1]	μερῶν	_	_
9.9	1140	[114]	,	b	_
9.9	1141	[1]	ὧς	_	_
9.9	1142	[2]	ἕκαστον	_	_
9.9	1143	[17]	μὲν	_	_
9.9	1144	[1]	ἴδιον	_	_
9.9	1145	[3]	ἔχει	_	_
9.9	1146	[28]	τὸ	_	_
9.9	1147	[2]	εἶδος	_	_
9.9	1148	[115]	,	b	_
9.9	1149	[5]	οὐ	_	_
9.9	1150	[1]	μίαν	_	_
9.9	1151	[15]	δὲ	_	_
9.9	1152	[1]	δύναμιν	_	_
9.9	1153	[116]	,	b	_
9.9	1154	[4]	ἀλλὰ	_	_
9.9	1155	[1]	πλείους	_	_
9.9	1156	[30]	.	b	_
9.9	1157	[3]	εἰς	_	_
9.9	1158	[7]	γὰρ	_	_
9.9	1159	[15]	τὴν	_	_
9.9	1160	[2]	ἀπόδειξιν	_	_
9.9	1161	[5]	αὐτοῦ	_	_
9.9	1162	[1]	χρῆταί	_	_
9.9	1163	[1]	τινι	_	_
9.9	1164	[17]	τῶν	_	_
9.9	1165	[5]	πρὸς	_	_
9.9	1166	[1]	νόησιν	_	_
9.9	1167	[1]	ἐναργῶν	_	_
9.9	1168	[2]	λόγῳ	_	_
9.9	1169	[1]	τοιῷδε	_	_
9.9	1170	[31]	.	b	_
9.9	1171	[2]	δῆλον	_	_
9.9	1172	[10]	ὅτι	_	_
9.9	1173	[1]	ταὐτὸν	_	_
9.9	1174	[1]	τἀναντία	_	_
9.9	1175	[1]	ποιεῖν	_	_
9.9	1176	[7]	ἢ	_	_
9.9	1177	[1]	πάσχειν	_	_
9.9	1178	[11]	κατὰ	_	_
9.9	1179	[1]	ταὐτόν	_	_
9.9	1180	[16]	τε	_	_
9.9	1181	[53]	καὶ	_	_
9.9	1182	[6]	πρὸς	_	_
9.9	1183	[2]	ταὐτὸν	_	_
9.9	1184	[8]	οὐκ	_	_
9.9	1185	[1]	ἐθελήσει	_	_
9.9	1186	[1]	ἅμα	_	_
9.9	1187	[32]	.	b	_
9.9	1188	[5]	τοῦτο	_	_
9.9	1189	[18]	μὲν	_	_
9.9	1190	[8]	οὖν	_	_
9.9	1191	[29]	τὸ	_	_
9.9	1192	[1]	ἀξίωμα	_	_
9.9	1193	[117]	,	b	_
9.9	1194	[3]	καθ	_	_
9.9	1195	[25]	’	b	_
9.9	1196	[2]	ὃ	_	_
9.9	1197	[16]	τὴν	_	_
9.9	1198	[3]	ἀπόδειξιν	_	_
9.9	1199	[1]	ἐγχειρεῖ	_	_
9.9	1200	[1]	ποιήσασθαι	_	_
9.9	1201	[33]	.	b	_
9.9	1202	[2]	γιγνώσκων	_	_
9.9	1203	[16]	δὲ	_	_
9.9	1204	[6]	μὴ	_	_
9.9	1205	[1]	παντὶ	_	_
9.9	1206	[6]	τὸν	_	_
9.9	1207	[1]	εἰρημένον	_	_
9.9	1208	[5]	εἶναι	_	_
9.9	1209	[1]	λόγον	_	_
9.9	1210	[1]	σαφῆ	_	_
9.9	1211	[1]	ἐπάγει	_	_
9.9	1212	[2]	αὐτὸς	_	_
9.9	1213	[1]	οὗτος	_	_
9.9	1214	[1]	ᾧδε	_	_
9.9	1215	[1]	·	b	_
9.9	1216	[1]	ἑστάναι	_	_
9.9	1217	[1]	εἶπον	_	_
9.9	1218	[54]	καὶ	_	_
9.9	1219	[1]	κινεῖσθαι	_	_
9.9	1220	[30]	τὸ	_	_
9.9	1221	[2]	αὐτὸ	_	_
9.9	1222	[2]	ἅμα	_	_
9.9	1223	[12]	κατὰ	_	_
9.9	1224	[31]	τὸ	_	_
9.9	1225	[3]	αὐτὸ	_	_
9.9	1226	[1]	ἀδύνατον	_	_
9.9	1227	[34]	.	b	_
9.9	1228	[9]	οὐκ	_	_
9.9	1229	[1]	ἀρκεσθεὶς	_	_
9.9	1230	[17]	δὲ	_	_
9.9	1231	[4]	οὐδὲ	_	_
9.9	1232	[1]	τούτῳ	_	_
9.9	1233	[6]	διὰ	_	_
9.9	1234	[32]	τὸ	_	_
9.9	1235	[1]	συντόμως	_	_
9.9	1236	[2]	εἰρῆσθαι	_	_
9.9	1237	[1]	μακρότερον	_	_
9.9	1238	[1]	αὖθις	_	_
9.9	1239	[1]	διέρχεται	_	_
9.9	1240	[7]	τὸν	_	_
9.9	1241	[2]	αὐτὸν	_	_
9.9	1242	[2]	λόγον	_	_
9.9	1243	[3]	ᾧδέ	_	_
9.9	1244	[2]	πως	_	_
9.9	1245	[1]	γράφων	_	_
9.9	1246	[35]	.	b	_
9.9	1247	[4]	ἔτι	_	_
9.9	1248	[1]	τοίνυν	_	_
9.9	1249	[1]	ἀκριβέστερον	_	_
9.9	1250	[1]	διομολογησώμεθα	_	_
9.9	1251	[118]	,	b	_
9.9	1252	[1]	μήπως	_	_
9.9	1253	[1]	προϊόντες	_	_
9.9	1254	[1]	ἀμφισβητήσωμεν	_	_
9.9	1255	[36]	.	b	_
9.9	1256	[1]	εἰ	_	_
9.9	1257	[3]	γάρ	_	_
9.9	1258	[3]	τις	_	_
9.9	1259	[1]	λέγοι	_	_
9.9	1260	[1]	ἄνθρωπον	_	_
9.9	1261	[1]	ἑστηκότα	_	_
9.9	1262	[119]	,	b	_
9.9	1263	[1]	κινοῦντα	_	_
9.9	1264	[18]	δὲ	_	_
9.9	1265	[4]	τὰς	_	_
9.9	1266	[1]	χεῖράς	_	_
9.9	1267	[17]	τε	_	_
9.9	1268	[55]	καὶ	_	_
9.9	1269	[17]	τὴν	_	_
9.9	1270	[1]	κεφαλὴν	_	_
9.9	1271	[120]	,	b	_
9.9	1272	[11]	ὅτι	_	_
9.9	1273	[5]	ὁ	_	_
9.9	1274	[3]	αὐτὸς	_	_
9.9	1275	[1]	ἕστηκε	_	_
9.9	1276	[56]	καὶ	_	_
9.9	1277	[1]	κινεῖται	_	_
9.9	1278	[3]	ἅμα	_	_
9.9	1279	[121]	,	b	_
9.9	1280	[10]	οὐκ	_	_
9.9	1281	[5]	ἂν	_	_
9.9	1282	[122]	,	b	_
9.9	1283	[1]	οἶμαι	_	_
9.9	1284	[123]	,	b	_
9.9	1285	[1]	ἀξιοῖμεν	_	_
9.9	1286	[1]	οὕτως	_	_
9.9	1287	[1]	λέγειν	_	_
9.9	1288	[1]	δεῖν	_	_
9.9	1289	[124]	,	b	_
9.9	1290	[5]	ἀλλ	_	_
9.9	1291	[26]	’	b	_
9.9	1292	[12]	ὅτι	_	_
9.9	1293	[33]	τὸ	_	_
9.9	1294	[1]	μέν	_	_
9.9	1295	[4]	τι	_	_
9.9	1296	[6]	αὐτοῦ	_	_
9.9	1297	[2]	ἕστηκε	_	_
9.9	1298	[125]	,	b	_
9.9	1299	[34]	τὸ	_	_
9.9	1300	[19]	δὲ	_	_
9.9	1301	[2]	κινεῖται	_	_
9.9	1302	[37]	.	b	_
9.9	1303	[2]	οὐχ	_	_
9.9	1304	[2]	οὕτως	_	_
9.9	1305	[1]	;	b	_
9.9	1306	[3]	οὕτω	_	_
9.9	1307	[38]	.	b	_
9.9	1308	[3]	μετὰ	_	_
9.9	1309	[20]	δὲ	_	_
9.9	1310	[6]	τοῦτο	_	_
9.9	1311	[35]	τὸ	_	_
9.9	1312	[1]	παράδειγμα	_	_
9.9	1313	[1]	χρησιμώτερον	_	_
9.9	1314	[1]	ἕτερον	_	_
9.9	1315	[4]	εἰς	_	_
9.9	1316	[1]	ἀντιλογίαν	_	_
9.9	1317	[19]	τοῦ	_	_
9.9	1318	[1]	προκειμένου	_	_
9.9	1319	[1]	ἀξιώματος	_	_
9.9	1320	[1]	ἐπιφέρων	_	_
9.9	1321	[4]	ᾧδέ	_	_
9.9	1322	[3]	πως	_	_
9.9	1323	[1]	γράφει	_	_
9.9	1324	[39]	.	b	_
9.9	1325	[1]	οὐκοῦν	_	_
9.9	1326	[126]	,	b	_
9.9	1327	[57]	καὶ	_	_
9.9	1328	[2]	εἰ	_	_
9.9	1329	[5]	ἔτι	_	_
9.9	1330	[5]	μᾶλλον	_	_
9.9	1331	[1]	χαριεντίζοιτο	_	_
9.9	1332	[6]	ὁ	_	_
9.9	1333	[2]	ταῦτα	_	_
9.9	1334	[2]	λέγων	_	_
9.9	1335	[1]	κομψευόμενος	_	_
9.9	1336	[127]	,	b	_
9.9	1337	[9]	ὡς	_	_
9.9	1338	[1]	οἵ	_	_
9.9	1339	[18]	τε	_	_
9.9	1340	[1]	στρόμβοι	_	_
9.9	1341	[1]	ὅλοι	_	_
9.9	1342	[1]	ἑστᾶσί	_	_
9.9	1343	[19]	τε	_	_
9.9	1344	[4]	ἅμα	_	_
9.9	1345	[58]	καὶ	_	_
9.9	1346	[1]	κινοῦνται	_	_
9.9	1347	[128]	,	b	_
9.9	1348	[1]	ὅταν	_	_
9.9	1349	[13]	ἐν	_	_
9.9	1350	[3]	τῷ	_	_
9.9	1351	[3]	αὐτῷ	_	_
9.9	1352	[1]	πήξαντες	_	_
9.9	1353	[36]	τὸ	_	_
9.9	1354	[1]	κέντρον	_	_
9.9	1355	[1]	περιφέρωνται	_	_
9.9	1356	[129]	,	b	_
9.9	1357	[8]	ἢ	_	_
9.9	1358	[59]	καὶ	_	_
9.9	1359	[4]	ἄλλο	_	_
9.9	1360	[5]	τι	_	_
9.9	1361	[1]	κύκλῳ	_	_
9.9	1362	[1]	περιὸν	_	_
9.9	1363	[14]	ἐν	_	_
9.9	1364	[2]	τῇ	_	_
9.9	1365	[1]	αὑτοῦ	_	_
9.9	1366	[1]	ἕδρᾳ	_	_
9.9	1367	[7]	τοῦτο	_	_
9.9	1368	[1]	δρᾷν	_	_
9.9	1369	[130]	,	b	_
9.9	1370	[11]	οὐκ	_	_
9.9	1371	[6]	ἂν	_	_
9.9	1372	[1]	ἀποδεχοίμεθα	_	_
9.9	1373	[131]	,	b	_
9.9	1374	[10]	ὡς	_	_
9.9	1375	[6]	οὐ	_	_
9.9	1376	[13]	κατὰ	_	_
9.9	1377	[1]	ταὐτὰ	_	_
9.9	1378	[6]	αὐτῶν	_	_
9.9	1379	[14]	τὰ	_	_
9.9	1380	[1]	τοιαῦτα	_	_
9.9	1381	[1]	μενόντων	_	_
9.9	1382	[20]	τε	_	_
9.9	1383	[60]	καὶ	_	_
9.9	1384	[1]	φερομένων	_	_
9.9	1385	[132]	,	b	_
9.9	1386	[5]	ἀλλὰ	_	_
9.9	1387	[1]	φαίημεν	_	_
9.9	1388	[7]	ἂν	_	_
9.9	1389	[133]	,	b	_
9.9	1390	[2]	ἔχειν	_	_
9.9	1391	[2]	αὐτὰ	_	_
9.9	1392	[1]	εὐθύ	_	_
9.9	1393	[21]	τε	_	_
9.9	1394	[61]	καὶ	_	_
9.9	1395	[1]	περιφερὲς	_	_
9.9	1396	[15]	ἐν	_	_
9.9	1397	[1]	ἑαυτοῖς	_	_
9.9	1398	[134]	,	b	_
9.9	1399	[62]	καὶ	_	_
9.9	1400	[14]	κατὰ	_	_
9.9	1401	[19]	μὲν	_	_
9.9	1402	[37]	τὸ	_	_
9.9	1403	[1]	εὐθὺ	_	_
9.9	1404	[2]	ἑστάναι	_	_
9.9	1405	[135]	,	b	_
9.9	1406	[1]	οὐδαμῇ	_	_
9.9	1407	[8]	γὰρ	_	_
9.9	1408	[1]	ἀποκλίνειν	_	_
9.9	1409	[136]	,	b	_
9.9	1410	[15]	κατὰ	_	_
9.9	1411	[21]	δὲ	_	_
9.9	1412	[38]	τὸ	_	_
9.9	1413	[2]	περιφερὲς	_	_
9.9	1414	[2]	κύκλῳ	_	_
9.9	1415	[2]	κινεῖσθαι	_	_
9.9	1416	[137]	,	b	_
9.9	1417	[63]	καὶ	_	_
9.9	1418	[2]	ὅταν	_	_
9.9	1419	[22]	δὲ	_	_
9.9	1420	[18]	τὴν	_	_
9.9	1421	[1]	ἰθυωρίαν	_	_
9.9	1422	[138]	,	b	_
9.9	1423	[9]	ἢ	_	_
9.9	1424	[5]	εἰς	_	_
9.9	1425	[1]	δεξιὰ	_	_
9.9	1426	[139]	,	b	_
9.9	1427	[10]	ἢ	_	_
9.9	1428	[6]	εἰς	_	_
9.9	1429	[1]	ἀριστερὰ	_	_
9.9	1430	[140]	,	b	_
9.9	1431	[11]	ἢ	_	_
9.9	1432	[7]	εἰς	_	_
9.9	1433	[39]	τὸ	_	_
9.9	1434	[1]	πρόσθεν	_	_
9.9	1435	[141]	,	b	_
9.9	1436	[12]	ἢ	_	_
9.9	1437	[8]	εἰς	_	_
9.9	1438	[40]	τὸ	_	_
9.9	1439	[1]	ὄπισθεν	_	_
9.9	1440	[1]	ἐκκλίνει	_	_
9.9	1441	[5]	ἅμα	_	_
9.9	1442	[1]	περιφερόμενόν	_	_
9.9	1443	[22]	τε	_	_
9.9	1444	[142]	,	b	_
9.9	1445	[2]	οὐδαμῇ	_	_
9.9	1446	[3]	ἑστάναι	_	_
9.9	1447	[40]	.	b	_
9.9	1448	[3]	ταῦτα	_	_
9.9	1449	[1]	προειπὼν	_	_
9.9	1450	[7]	ὁ	_	_
9.9	1451	[4]	Πλάτων	_	_
9.9	1452	[1]	σαφέστατα	_	_
9.9	1453	[1]	συνάπτων	_	_
9.9	1454	[4]	αὐτὸς	_	_
9.9	1455	[1]	ἐφεξῆς	_	_
9.9	1456	[2]	φησιν	_	_
9.9	1457	[2]	·	b	_
9.9	1458	[1]	οὐδὲν	_	_
9.9	1459	[2]	ἄρα	_	_
9.9	1460	[5]	ἡμᾶς	_	_
9.9	1461	[18]	τῶν	_	_
9.9	1462	[1]	τοιούτων	_	_
9.9	1463	[1]	λεγομένων	_	_
9.9	1464	[1]	ἐκπλήξει	_	_
9.9	1465	[143]	,	b	_
9.9	1466	[5]	οὐδὲ	_	_
9.9	1467	[2]	μᾶλλόν	_	_
9.9	1468	[6]	τι	_	_
9.9	1469	[1]	πείσει	_	_
9.9	1470	[144]	,	b	_
9.9	1471	[1]	ὥς	_	_
9.9	1472	[1]	ποτέ	_	_
9.9	1473	[1]	τοί	_	_
9.9	1474	[7]	τι	_	_
9.9	1475	[8]	ἂν	_	_
9.9	1476	[41]	τὸ	_	_
9.9	1477	[4]	αὐτὸ	_	_
9.9	1478	[1]	ὂν	_	_
9.9	1479	[6]	ἅμα	_	_
9.9	1480	[16]	κατὰ	_	_
9.9	1481	[42]	τὸ	_	_
9.9	1482	[5]	αὐτὸ	_	_
9.9	1483	[7]	πρὸς	_	_
9.9	1484	[43]	τὸ	_	_
9.9	1485	[6]	αὐτὸ	_	_
9.9	1486	[2]	τἀναντία	_	_
9.9	1487	[1]	πάθοι	_	_
9.9	1488	[145]	,	b	_
9.9	1489	[13]	ἢ	_	_
9.9	1490	[64]	καὶ	_	_
9.9	1491	[1]	εἴη	_	_
9.9	1492	[146]	,	b	_
9.9	1493	[14]	ἢ	_	_
9.9	1494	[65]	καὶ	_	_
9.9	1495	[1]	ποιήσειεν	_	_
9.9	1496	[41]	.	b	_
9.9	1497	[16]	ἐν	_	_
9.9	1498	[2]	τούτοις	_	_
9.9	1499	[1]	διορίζει	_	_
9.9	1500	[5]	τὰς	_	_
9.9	1501	[17]	ἐν	_	_
9.9	1502	[9]	τοῖς	_	_
9.9	1503	[1]	εἰρημένοις	_	_
9.9	1504	[1]	πράγμασιν	_	_
9.9	1505	[2]	ὁμοιότητας	_	_
9.9	1506	[1]	ἐπιδεικνὺς	_	_
9.9	1507	[147]	,	b	_
9.9	1508	[1]	ὅπως	_	_
9.9	1509	[1]	ἐνδέχεταί	_	_
9.9	1510	[2]	τινα	_	_
9.9	1511	[19]	τῶν	_	_
9.9	1512	[7]	μὴ	_	_
9.9	1513	[1]	καθορώντων	_	_
9.9	1514	[2]	ἀκριβῶς	_	_
9.9	1515	[1]	αὐτὰς	_	_
9.9	1516	[1]	οἴεσθαι	_	_
9.9	1517	[148]	,	b	_
9.9	1518	[8]	τὸν	_	_
9.9	1519	[2]	εἰρημένον	_	_
9.9	1520	[2]	ὑπ	_	_
9.9	1521	[27]	’	b	_
9.9	1522	[7]	αὐτοῦ	_	_
9.9	1523	[1]	καθόλου	_	_
9.9	1524	[3]	λόγον	_	_
9.9	1525	[12]	οὐκ	_	_
9.9	1526	[6]	εἶναι	_	_
9.9	1527	[7]	διὰ	_	_
9.9	1528	[3]	παντὸς	_	_
9.9	1529	[1]	οὐδ	_	_
9.9	1530	[28]	’	b	_
9.9	1531	[3]	ἐπὶ	_	_
9.9	1532	[1]	πάντων	_	_
9.9	1533	[3]	ἀληθῆ	_	_
9.9	1534	[3]	·	b	_
9.9	1535	[2]	δύνασθαι	_	_
9.9	1536	[9]	γὰρ	_	_
9.9	1537	[3]	τἀναντία	_	_
9.9	1538	[17]	κατὰ	_	_
9.9	1539	[9]	τὸν	_	_
9.9	1540	[3]	αὐτὸν	_	_
9.9	1541	[1]	χρόνον	_	_
9.9	1542	[8]	πρὸς	_	_
9.9	1543	[44]	τὸ	_	_
9.9	1544	[7]	αὐτὸ	_	_
9.9	1545	[2]	ποιεῖν	_	_
9.9	1546	[15]	ἢ	_	_
9.9	1547	[2]	πάσχειν	_	_
9.9	1548	[149]	,	b	_
9.9	1549	[4]	ἐπὶ	_	_
9.9	1550	[15]	τὰ	_	_
9.9	1551	[2]	μόρια	_	_
9.9	1552	[10]	τὸν	_	_
9.9	1553	[4]	λόγον	_	_
9.9	1554	[1]	ἀνάγοντα	_	_
9.9	1555	[150]	,	b	_
9.9	1556	[2]	καθάπερ	_	_
9.9	1557	[2]	ἐπ	_	_
9.9	1558	[29]	’	b	_
9.9	1559	[1]	ἀνθρώπου	_	_
9.9	1560	[1]	κινουμένου	_	_
9.9	1561	[20]	μὲν	_	_
9.9	1562	[1]	τοῖσδε	_	_
9.9	1563	[10]	τοῖς	_	_
9.9	1564	[1]	μορίοις	_	_
9.9	1565	[151]	,	b	_
9.9	1566	[1]	ἡσυχάζοντος	_	_
9.9	1567	[23]	δὲ	_	_
9.9	1568	[2]	τοῖσδε	_	_
9.9	1569	[42]	.	b	_
9.9	1570	[1]	πρόδηλον	_	_
9.9	1571	[10]	γὰρ	_	_
9.9	1572	[152]	,	b	_
9.9	1573	[11]	ὡς	_	_
9.9	1574	[7]	οὐ	_	_
9.9	1575	[1]	σώζεται	_	_
9.9	1576	[45]	τὸ	_	_
9.9	1577	[3]	ταὐτὸν	_	_
9.9	1578	[3]	ἀκριβῶς	_	_
9.9	1579	[18]	ἐν	_	_
9.9	1580	[11]	τοῖς	_	_
9.9	1581	[1]	τοιούτοις	_	_
9.9	1582	[43]	.	b	_
9.9	1583	[6]	ἀλλ	_	_
9.9	1584	[30]	’	b	_
9.9	1585	[1]	ἐάν	_	_
9.9	1586	[4]	τις	_	_
9.9	1587	[1]	ἐπιδεῖξαι	_	_
9.9	1588	[1]	δύναιτο	_	_
9.9	1589	[153]	,	b	_
9.9	1590	[11]	τὸν	_	_
9.9	1591	[1]	δάκτυλον	_	_
9.9	1592	[1]	ἡσυχάζειν	_	_
9.9	1593	[23]	τε	_	_
9.9	1594	[7]	ἅμα	_	_
9.9	1595	[66]	καὶ	_	_
9.9	1596	[3]	κινεῖσθαι	_	_
9.9	1597	[154]	,	b	_
9.9	1598	[2]	οὗτος	_	_
9.9	1599	[9]	ἂν	_	_
9.9	1600	[2]	εἴη	_	_
9.9	1601	[46]	τὸ	_	_
9.9	1602	[1]	προειρημένον	_	_
9.9	1603	[2]	ἀξίωμα	_	_
9.9	1604	[1]	διαβεβληκώς	_	_
9.9	1605	[44]	.	b	_
9.9	1606	[1]	δείξας	_	_
9.9	1607	[9]	οὖν	_	_
9.9	1608	[8]	ὁ	_	_
9.9	1609	[5]	Πλάτων	_	_
9.9	1610	[3]	κᾀνταῦθα	_	_
9.9	1611	[19]	τὴν	_	_
9.9	1612	[1]	ὁμοιότητα	_	_
9.9	1613	[20]	τοῦ	_	_
9.9	1614	[1]	βουληθέντος	_	_
9.9	1615	[1]	ἀντειπεῖν	_	_
9.9	1616	[18]	κατὰ	_	_
9.9	1617	[12]	τὸν	_	_
9.9	1618	[3]	εἰρημένον	_	_
9.9	1619	[5]	λόγον	_	_
9.9	1620	[155]	,	b	_
9.9	1621	[1]	ἐφ	_	_
9.9	1622	[31]	’	b	_
9.9	1623	[1]	ἑτέραν	_	_
9.9	1624	[2]	ἀντιλογίαν	_	_
9.9	1625	[1]	πιθανωτέραν	_	_
9.9	1626	[1]	μεταβὰς	_	_
9.9	1627	[156]	,	b	_
9.9	1628	[1]	ἐπιδείκνυσι	_	_
9.9	1629	[1]	κᾀκείνην	_	_
9.9	1630	[19]	κατὰ	_	_
9.9	1631	[47]	τὸ	_	_
9.9	1632	[8]	μὴ	_	_
9.9	1633	[3]	δύνασθαι	_	_
9.9	1634	[3]	διακρίνειν	_	_
9.9	1635	[20]	τὴν	_	_
9.9	1636	[2]	ὁμοιότητα	_	_
9.9	1637	[19]	τῆς	_	_
9.9	1638	[1]	ἀνομοιότητος	_	_
9.9	1639	[1]	ἐσομένην	_	_
9.9	1640	[45]	.	b	_
9.9	1641	[19]	ἐν	_	_
9.9	1642	[11]	γὰρ	_	_
9.9	1643	[12]	τοῖς	_	_
9.9	1644	[1]	στρόμβοις	_	_
9.9	1645	[1]	δύναιτ	_	_
9.9	1646	[32]	’	b	_
9.9	1647	[3]	ἄν	_	_
9.9	1648	[5]	τις	_	_
9.9	1649	[2]	λέγειν	_	_
9.9	1650	[4]	τἀναντία	_	_
9.9	1651	[9]	μὴ	_	_
9.9	1652	[17]	περὶ	_	_
9.9	1653	[4]	ταὐτὸν	_	_
9.9	1654	[1]	σῶμα	_	_
9.9	1655	[1]	συμβαίνοντα	_	_
9.9	1656	[157]	,	b	_
9.9	1657	[3]	ὅταν	_	_
9.9	1658	[20]	ἐν	_	_
9.9	1659	[1]	ἑνὶ	_	_
9.9	1660	[1]	τόπῳ	_	_
9.9	1661	[2]	πήξαντες	_	_
9.9	1662	[48]	τὸ	_	_
9.9	1663	[2]	κέντρον	_	_
9.9	1664	[2]	περιφέρωνται	_	_
9.9	1665	[46]	.	b	_
9.9	1666	[6]	ἀλλὰ	_	_
9.9	1667	[67]	καὶ	_	_
9.9	1668	[20]	κατὰ	_	_
9.9	1669	[8]	τοῦτο	_	_
9.9	1670	[49]	τὸ	_	_
9.9	1671	[1]	παράδειγμά	_	_
9.9	1672	[3]	φησιν	_	_
9.9	1673	[9]	ὁ	_	_
9.9	1674	[6]	Πλάτων	_	_
9.9	1675	[158]	,	b	_
9.9	1676	[2]	ἕτερον	_	_
9.9	1677	[21]	μὲν	_	_
9.9	1678	[7]	εἶναι	_	_
9.9	1679	[50]	τὸ	_	_
9.9	1680	[1]	ἑστὸς	_	_
9.9	1681	[21]	τοῦ	_	_
9.9	1682	[1]	στρόμβου	_	_
9.9	1683	[159]	,	b	_
9.9	1684	[3]	ἕτερον	_	_
9.9	1685	[24]	δὲ	_	_
9.9	1686	[51]	τὸ	_	_
9.9	1687	[1]	περιφερόμενον	_	_
9.9	1688	[160]	,	b	_
9.9	1689	[3]	ὃ	_	_
9.9	1690	[2]	δὴ	_	_
9.9	1691	[1]	κύκλον	_	_
9.9	1692	[1]	προσηγόρευσεν	_	_
9.9	1693	[1]	αὐτός	_	_
9.9	1694	[47]	.	b	_
9.9	1695	[21]	ἐν	_	_
9.9	1696	[2]	τούτῳ	_	_
9.9	1697	[4]	τῷ	_	_
9.9	1698	[3]	λόγῳ	_	_
9.9	1699	[2]	παντὶ	_	_
9.9	1700	[1]	σκοπὸν	_	_
9.9	1701	[6]	ἡμᾶς	_	_
9.9	1702	[1]	ἐδίδαξε	_	_
9.9	1703	[20]	τῆς	_	_
9.9	1704	[1]	διακρίσεως	_	_
9.9	1705	[20]	τῶν	_	_
9.9	1706	[4]	οὕτω	_	_
9.9	1707	[2]	λεγομένων	_	_
9.9	1708	[22]	ἐν	_	_
9.9	1709	[1]	διαφορᾷ	_	_
9.9	1710	[4]	κινεῖσθαι	_	_
9.9	1711	[22]	τοῦ	_	_
9.9	1712	[24]	τε	_	_
9.9	1713	[4]	ἀκριβῶς	_	_
9.9	1714	[1]	λεγομένου	_	_
9.9	1715	[2]	ταὐτοῦ	_	_
9.9	1716	[161]	,	b	_
9.9	1717	[68]	καὶ	_	_
9.9	1718	[23]	τοῦ	_	_
9.9	1719	[1]	παχέος	_	_
9.9	1720	[25]	τε	_	_
9.9	1721	[69]	καὶ	_	_
9.9	1722	[1]	πλατέος	_	_
9.9	1723	[162]	,	b	_
9.9	1724	[70]	καὶ	_	_
9.9	1725	[13]	οὐκ	_	_
9.9	1726	[5]	ἀκριβῶς	_	_
9.9	1727	[48]	.	b	_
9.9	1728	[10]	ὁ	_	_
9.9	1729	[22]	μὲν	_	_
9.9	1730	[12]	γὰρ	_	_
9.9	1731	[5]	αὐτὸς	_	_
9.9	1732	[1]	ἵππος	_	_
9.9	1733	[8]	οὐ	_	_
9.9	1734	[1]	δύναται	_	_
9.9	1735	[21]	κατὰ	_	_
9.9	1736	[13]	τὸν	_	_
9.9	1737	[4]	αὐτὸν	_	_
9.9	1738	[8]	ἅμα	_	_
9.9	1739	[2]	χρόνον	_	_
9.9	1740	[9]	εἰς	_	_
9.9	1741	[1]	Ἀθήνας	_	_
9.9	1742	[26]	τε	_	_
9.9	1743	[71]	καὶ	_	_
9.9	1744	[1]	Κόρινθον	_	_
9.9	1745	[1]	ἀπιέναι	_	_
9.9	1746	[163]	,	b	_
9.9	1747	[3]	καθάπερ	_	_
9.9	1748	[2]	οὐδ	_	_
9.9	1749	[33]	’	b	_
9.9	1750	[8]	εἶναι	_	_
9.9	1751	[22]	κατὰ	_	_
9.9	1752	[14]	τὸν	_	_
9.9	1753	[5]	αὐτὸν	_	_
9.9	1754	[9]	ἅμα	_	_
9.9	1755	[3]	χρόνον	_	_
9.9	1756	[1]	Ἀθήνῃσι	_	_
9.9	1757	[72]	καὶ	_	_
9.9	1758	[23]	ἐν	_	_
9.9	1759	[1]	Κορίνθῳ	_	_
9.9	1760	[164]	,	b	_
9.9	1761	[6]	οὐδὲ	_	_
9.9	1762	[1]	μέλας	_	_
9.9	1763	[73]	καὶ	_	_
9.9	1764	[1]	λευκὸς	_	_
9.9	1765	[1]	εἶναί	_	_
9.9	1766	[27]	τε	_	_
9.9	1767	[74]	καὶ	_	_
9.9	1768	[1]	λέγεσθαι	_	_
9.9	1769	[4]	καθ	_	_
9.9	1770	[34]	’	b	_
9.9	1771	[1]	ἕνα	_	_
9.9	1772	[4]	χρόνον	_	_
9.9	1773	[15]	τὸν	_	_
9.9	1774	[6]	αὐτὸν	_	_
9.9	1775	[165]	,	b	_
9.9	1776	[3]	εἰ	_	_
9.9	1777	[10]	μὴ	_	_
9.9	1778	[52]	τὸ	_	_
9.9	1779	[23]	μὲν	_	_
9.9	1780	[1]	ἥμισυ	_	_
9.9	1781	[1]	φέρε	_	_
9.9	1782	[24]	τοῦ	_	_
9.9	1783	[4]	σώματος	_	_
9.9	1784	[1]	λευκὸν	_	_
9.9	1785	[8]	αὐτοῦ	_	_
9.9	1786	[3]	εἴη	_	_
9.9	1787	[166]	,	b	_
9.9	1788	[53]	τὸ	_	_
9.9	1789	[4]	δ	_	_
9.9	1790	[35]	’	b	_
9.9	1791	[4]	ἕτερον	_	_
9.9	1792	[9]	αὐτοῦ	_	_
9.9	1793	[1]	μέλαν	_	_
9.9	1794	[167]	,	b	_
9.9	1795	[7]	ἀλλ	_	_
9.9	1796	[36]	’	b	_
9.9	1797	[13]	ὅτι	_	_
9.9	1798	[4]	οὔτε	_	_
9.9	1799	[54]	τὸ	_	_
9.9	1800	[2]	λευκὸν	_	_
9.9	1801	[1]	μέρος	_	_
9.9	1802	[10]	ἅμα	_	_
9.9	1803	[1]	λευκόν	_	_
9.9	1804	[28]	τε	_	_
9.9	1805	[9]	εἶναι	_	_
9.9	1806	[75]	καὶ	_	_
9.9	1807	[2]	μέλαν	_	_
9.9	1808	[168]	,	b	_
9.9	1809	[5]	οὔτε	_	_
9.9	1810	[55]	τὸ	_	_
9.9	1811	[3]	μέλαν	_	_
9.9	1812	[11]	ἅμα	_	_
9.9	1813	[4]	μέλαν	_	_
9.9	1814	[29]	τε	_	_
9.9	1815	[76]	καὶ	_	_
9.9	1816	[3]	λευκὸν	_	_
9.9	1817	[1]	οἷόν	_	_
9.9	1818	[2]	τ	_	_
9.9	1819	[37]	’	b	_
9.9	1820	[10]	εἶναι	_	_
9.9	1821	[49]	.	b	_
9.9	1822	[23]	κατὰ	_	_
9.9	1823	[2]	τοῦτον	_	_
9.9	1824	[10]	οὖν	_	_
9.9	1825	[16]	τὸν	_	_
9.9	1826	[2]	σκοπὸν	_	_
9.9	1827	[5]	ἐπὶ	_	_
9.9	1828	[1]	πλέον	_	_
9.9	1829	[24]	ἐν	_	_
9.9	1830	[13]	τοῖς	_	_
9.9	1831	[1]	ἑξῆς	_	_
9.9	1832	[1]	γυμνάζων	_	_
9.9	1833	[7]	ἡμᾶς	_	_
9.9	1834	[1]	διακρίνει	_	_
9.9	1835	[2]	τό	_	_
9.9	1836	[30]	τε	_	_
9.9	1837	[5]	ταὐτὸν	_	_
9.9	1838	[3]	ἀπὸ	_	_
9.9	1839	[25]	τοῦ	_	_
9.9	1840	[2]	ἑτέρου	_	_
9.9	1841	[77]	καὶ	_	_
9.9	1842	[56]	τὸ	_	_
9.9	1843	[2]	ὅμοιον	_	_
9.9	1844	[4]	ἀπὸ	_	_
9.9	1845	[26]	τοῦ	_	_
9.9	1846	[1]	ἀνομοίου	_	_
9.9	1847	[50]	.	b	_
9.9	1848	[1]	κᾀπειδὴ	_	_
9.9	1849	[4]	ταῦτα	_	_
9.9	1850	[1]	ἔπραξεν	_	_
9.9	1851	[169]	,	b	_
9.9	1852	[6]	αὐτὸς	_	_
9.9	1853	[2]	ἐφεξῆς	_	_
9.9	1854	[24]	κατὰ	_	_
9.9	1855	[1]	λέξιν	_	_
9.9	1856	[1]	ὡδί	_	_
9.9	1857	[4]	πως	_	_
9.9	1858	[1]	ἔγραψε	_	_
9.9	1859	[51]	.	b	_
9.9	1860	[1]	μήτοι	_	_
9.9	1861	[6]	τις	_	_
9.9	1862	[170]	,	b	_
9.9	1863	[1]	ἦν	_	_
9.9	1864	[5]	δ	_	_
9.9	1865	[38]	’	b	_
9.9	1866	[1]	ἐγὼ	_	_
9.9	1867	[171]	,	b	_
9.9	1868	[1]	ἀσκέπτους	_	_
9.9	1869	[8]	ἡμᾶς	_	_
9.9	1870	[1]	ὄντας	_	_
9.9	1871	[1]	θορυβήσῃ	_	_
9.9	1872	[172]	,	b	_
9.9	1873	[12]	ὡς	_	_
9.9	1874	[1]	οὐδεὶς	_	_
9.9	1875	[1]	ποτοῦ	_	_
9.9	1876	[1]	ἐπιθυμεῖ	_	_
9.9	1877	[173]	,	b	_
9.9	1878	[7]	ἀλλὰ	_	_
9.9	1879	[1]	χρηστοῦ	_	_
9.9	1880	[2]	ποτοῦ	_	_
9.9	1881	[174]	,	b	_
9.9	1882	[78]	καὶ	_	_
9.9	1883	[9]	οὐ	_	_
9.9	1884	[1]	σίτου	_	_
9.9	1885	[175]	,	b	_
9.9	1886	[8]	ἀλλὰ	_	_
9.9	1887	[2]	χρηστοῦ	_	_
9.9	1888	[2]	σίτου	_	_
9.9	1889	[176]	,	b	_
9.9	1890	[16]	τὰ	_	_
9.9	1891	[6]	δ	_	_
9.9	1892	[39]	’	b	_
9.9	1893	[3]	αὐτὰ	_	_
9.9	1894	[2]	ἕκαστα	_	_
9.9	1895	[10]	αὐτοῦ	_	_
9.9	1896	[1]	ἑκάστου	_	_
9.9	1897	[1]	μόνου	_	_
9.9	1898	[52]	.	b	_
9.9	1899	[1]	εὔδηλον	_	_
9.9	1900	[11]	οὖν	_	_
9.9	1901	[14]	ὅτι	_	_
9.9	1902	[1]	προσθεὶς	_	_
9.9	1903	[25]	κατὰ	_	_
9.9	1904	[17]	τὸν	_	_
9.9	1905	[6]	λόγον	_	_
9.9	1906	[1]	εὐθὺς	_	_
9.9	1907	[25]	ἐν	_	_
9.9	1908	[1]	ἀρχῇ	_	_
9.9	1909	[177]	,	b	_
9.9	1910	[2]	μήτοι	_	_
9.9	1911	[7]	τις	_	_
9.9	1912	[178]	,	b	_
9.9	1913	[2]	ἦν	_	_
9.9	1914	[7]	δ	_	_
9.9	1915	[40]	’	b	_
9.9	1916	[2]	ἐγὼ	_	_
9.9	1917	[179]	,	b	_
9.9	1918	[2]	ἀσκέπτους	_	_
9.9	1919	[9]	ἡμᾶς	_	_
9.9	1920	[2]	ὄντας	_	_
9.9	1921	[2]	θορυβήσῃ	_	_
9.9	1922	[180]	,	b	_
9.9	1923	[8]	διὰ	_	_
9.9	1924	[9]	τοῦτο	_	_
9.9	1925	[1]	προσέθηκε	_	_
9.9	1926	[57]	τὸ	_	_
9.9	1927	[3]	ἀσκέπτους	_	_
9.9	1928	[181]	,	b	_
9.9	1929	[1]	εἰδὼς	_	_
9.9	1930	[15]	ὅτι	_	_
9.9	1931	[18]	περὶ	_	_
9.9	1932	[3]	ἕκαστον	_	_
9.9	1933	[5]	τούτων	_	_
9.9	1934	[1]	ἐσκέφθαι	_	_
9.9	1935	[4]	χρὴ	_	_
9.9	1936	[1]	διατρίψαντα	_	_
9.9	1937	[79]	καὶ	_	_
9.9	1938	[1]	γυμνασάμενον	_	_
9.9	1939	[1]	πολυειδῶς	_	_
9.9	1940	[53]	.	b	_
9.9	1941	[1]	τοιαύτη	_	_
9.9	1942	[4]	γάρ	_	_
9.9	1943	[8]	τις	_	_
9.9	1944	[3]	ἡ	_	_
9.9	1945	[1]	περιοδευομένη	_	_
9.9	1946	[1]	φαντασία	_	_
9.9	1947	[1]	παρὰ	_	_
9.9	1948	[14]	τοῖς	_	_
9.9	1949	[2]	μετ	_	_
9.9	1950	[41]	’	b	_
9.9	1951	[7]	αὐτὸν	_	_
9.9	1952	[1]	Ἀκαδημαϊκοῖς	_	_
9.9	1953	[1]	ὠνομάσθη	_	_
9.9	1954	[54]	.	b	_
9.9	1955	[80]	καὶ	_	_
9.9	1956	[1]	θαυμαστὸν	_	_
9.9	1957	[2]	οὐδὲν	_	_
9.9	1958	[1]	ἓν	_	_
9.9	1959	[21]	τῆς	_	_
9.9	1960	[2]	πολλῆς	_	_
9.9	1961	[22]	τῆς	_	_
9.9	1962	[19]	περὶ	_	_
9.9	1963	[58]	τὸ	_	_
9.9	1964	[1]	προκείμενον	_	_
9.9	1965	[1]	πρᾶγμα	_	_
9.9	1966	[1]	σκέψεως	_	_
9.9	1967	[1]	ἀκριβεστέραν	_	_
9.9	1968	[11]	αὐτοῦ	_	_
9.9	1969	[1]	γίγνεσθαι	_	_
9.9	1970	[21]	τὴν	_	_
9.9	1971	[2]	γνῶσιν	_	_
9.9	1972	[182]	,	b	_
9.9	1973	[2]	ὅπου	_	_
9.9	1974	[7]	γε	_	_
9.9	1975	[81]	καὶ	_	_
9.9	1976	[21]	τῶν	_	_
9.9	1977	[1]	ταῖς	_	_
9.9	1978	[1]	αἰσθήσεσι	_	_
9.9	1979	[1]	διαγιγνωσκομένων	_	_
9.9	1980	[4]	ἡ	_	_
9.9	1981	[2]	γνῶσις	_	_
9.9	1982	[1]	ἀκριβεστέρα	_	_
9.9	1983	[15]	τοῖς	_	_
9.9	1984	[1]	συνεχῶς	_	_
9.9	1985	[4]	αὐτὰ	_	_
9.9	1986	[1]	θεωμένοις	_	_
9.9	1987	[1]	γίγνεται	_	_
9.9	1988	[183]	,	b	_
9.9	1989	[4]	καθάπερ	_	_
9.9	1990	[6]	ἐπὶ	_	_
9.9	1991	[2]	πολλῶν	_	_
9.9	1992	[1]	διδύμων	_	_
9.9	1993	[1]	φαίνεται	_	_
9.9	1994	[184]	,	b	_
9.9	1995	[1]	δοκούντων	_	_
9.9	1996	[16]	τοῖς	_	_
9.9	1997	[24]	μὲν	_	_
9.9	1998	[1]	ἀήθεσιν	_	_
9.9	1999	[1]	ἀπαραλλάκτων	_	_
9.9	2000	[11]	εἶναι	_	_
9.9	2001	[185]	,	b	_
9.9	2002	[17]	τοῖς	_	_
9.9	2003	[25]	δὲ	_	_
9.9	2004	[1]	συνήθεσι	_	_
9.9	2005	[82]	καὶ	_	_
9.9	2006	[2]	πάνυ	_	_
9.9	2007	[1]	ῥᾳδίως	_	_
9.9	2008	[1]	διακρινομένων	_	_
9.9	2009	[55]	.	b	_
9.9	2010	[3]	ὥσπερ	_	_
9.9	2011	[26]	δὲ	_	_
9.9	2012	[7]	ἐπὶ	_	_
9.9	2013	[22]	τῶν	_	_
9.9	2014	[1]	ἀξιωμάτων	_	_
9.9	2015	[3]	αἱ	_	_
9.9	2016	[1]	ὁμοιότητες	_	_
9.9	2017	[1]	πλάνας	_	_
9.9	2018	[83]	καὶ	_	_
9.9	2019	[4]	αἱ	_	_
9.9	2020	[1]	ἀνομοιότητες	_	_
9.9	2021	[1]	παρέχουσι	_	_
9.9	2022	[18]	τοῖς	_	_
9.9	2023	[1]	ἀγυμνάστοις	_	_
9.9	2024	[31]	τε	_	_
9.9	2025	[84]	καὶ	_	_
9.9	2026	[1]	ἀσκέπτοις	_	_
9.9	2027	[186]	,	b	_
9.9	2028	[5]	οὕτω	_	_
9.9	2029	[85]	καὶ	_	_
9.9	2030	[20]	περὶ	_	_
9.9	2031	[23]	τῶν	_	_
9.9	2032	[1]	ζητουμένων	_	_
9.9	2033	[2]	πραγμάτων	_	_
9.9	2034	[1]	ἀπάτη	_	_
9.9	2035	[2]	γίγνεται	_	_
9.9	2036	[1]	πολλάκις	_	_
9.9	2037	[3]	οὐχ	_	_
9.9	2038	[1]	ἥκιστα	_	_
9.9	2039	[86]	καὶ	_	_
9.9	2040	[9]	διὰ	_	_
9.9	2041	[6]	τὰς	_	_
9.9	2042	[1]	ὁμωνυμίας	_	_
9.9	2043	[1]	διττὰς	_	_
9.9	2044	[1]	οὔσας	_	_
9.9	2045	[187]	,	b	_
9.9	2046	[1]	ἑτέρας	_	_
9.9	2047	[25]	μὲν	_	_
9.9	2048	[2]	ἐκ	_	_
9.9	2049	[27]	τοῦ	_	_
9.9	2050	[24]	τῶν	_	_
9.9	2051	[1]	ὁμογλώττων	_	_
9.9	2052	[1]	ἔθους	_	_
9.9	2053	[188]	,	b	_
9.9	2054	[2]	ἑτέρας	_	_
9.9	2055	[8]	δ	_	_
9.9	2056	[42]	’	b	_
9.9	2057	[3]	ἐξ	_	_
9.9	2058	[12]	αὐτοῦ	_	_
9.9	2059	[28]	τοῦ	_	_
9.9	2060	[25]	τῶν	_	_
9.9	2061	[1]	διαλέκτων	_	_
9.9	2062	[189]	,	b	_
9.9	2063	[4]	ὥσπερ	_	_
9.9	2064	[1]	ἀμέλει	_	_
9.9	2065	[87]	καὶ	_	_
9.9	2066	[21]	περὶ	_	_
9.9	2067	[26]	τῶν	_	_
9.9	2068	[26]	κατὰ	_	_
9.9	2069	[22]	τὴν	_	_
9.9	2070	[2]	ψυχὴν	_	_
9.9	2071	[2]	μερῶν	_	_
9.9	2072	[5]	ἡ	_	_
9.9	2073	[1]	ζήτησις	_	_
9.9	2074	[1]	γέγονεν	_	_
9.9	2075	[190]	,	b	_
9.9	2076	[2]	ἀποδεικνύντος	_	_
9.9	2077	[26]	μὲν	_	_
9.9	2078	[29]	τοῦ	_	_
9.9	2079	[2]	Πλάτωνος	_	_
9.9	2080	[191]	,	b	_
9.9	2081	[11]	μὴ	_	_
9.9	2082	[4]	δύνασθαι	_	_
9.9	2083	[59]	τὸ	_	_
9.9	2084	[1]	ταὐτὸ	_	_
9.9	2085	[5]	τἀναντία	_	_
9.9	2086	[3]	ποιεῖν	_	_
9.9	2087	[16]	ἢ	_	_
9.9	2088	[3]	πάσχειν	_	_
9.9	2089	[27]	κατὰ	_	_
9.9	2090	[2]	ταὐτόν	_	_
9.9	2091	[32]	τε	_	_
9.9	2092	[88]	καὶ	_	_
9.9	2093	[9]	πρὸς	_	_
9.9	2094	[3]	ταὐτόν	_	_
9.9	2095	[56]	.	b	_
9.9	2096	[26]	ἐν	_	_
9.9	2097	[13]	γὰρ	_	_
9.9	2098	[19]	τοῖς	_	_
9.9	2099	[1]	ἐπιφερομένοις	_	_
9.9	2100	[1]	σαφῶς	_	_
9.9	2101	[8]	αὐτὸ	_	_
9.9	2102	[10]	τοῦτο	_	_
9.9	2103	[1]	διῆλθεν	_	_
9.9	2104	[192]	,	b	_
9.9	2105	[2]	ὀνομάζων	_	_
9.9	2106	[6]	ταὐτὸν	_	_
9.9	2107	[60]	τὸ	_	_
9.9	2108	[23]	τῆς	_	_
9.9	2109	[12]	ψυχῆς	_	_
9.9	2110	[1]	εἶδός	_	_
9.9	2111	[33]	τε	_	_
9.9	2112	[89]	καὶ	_	_
9.9	2113	[2]	μέρος	_	_
9.9	2114	[57]	.	b	_
9.9	2115	[1]	ἔνιοι	_	_
9.9	2116	[27]	δὲ	_	_
9.9	2117	[61]	τὸ	_	_
9.9	2118	[7]	ταὐτὸν	_	_
9.9	2119	[8]	ἐπὶ	_	_
9.9	2120	[2]	δυνάμεως	_	_
9.9	2121	[1]	εἰρῆσθαί	_	_
9.9	2122	[1]	φασιν	_	_
9.9	2123	[193]	,	b	_
9.9	2124	[13]	ὡς	_	_
9.9	2125	[90]	καὶ	_	_
9.9	2126	[3]	οὗτος	_	_
9.9	2127	[2]	εἶπεν	_	_
9.9	2128	[194]	,	b	_
9.9	2129	[23]	τὴν	_	_
9.9	2130	[1]	αὐτὴν	_	_
9.9	2131	[2]	δύναμιν	_	_
9.9	2132	[2]	ἑνὶ	_	_
9.9	2133	[1]	χρόνῳ	_	_
9.9	2134	[10]	πρὸς	_	_
9.9	2135	[1]	ἕν	_	_
9.9	2136	[8]	τι	_	_
9.9	2137	[2]	πρᾶγμα	_	_
9.9	2138	[12]	μὴ	_	_
9.9	2139	[5]	δύνασθαι	_	_
9.9	2140	[6]	τἀναντία	_	_
9.9	2141	[4]	ποιεῖν	_	_
9.9	2142	[17]	ἢ	_	_
9.9	2143	[4]	πάσχειν	_	_
9.9	2144	[195]	,	b	_
9.9	2145	[7]	οὐδὲ	_	_
9.9	2146	[1]	τοῦτ	_	_
9.9	2147	[43]	’	b	_
9.9	2148	[1]	ἐννοήσαντες	_	_
9.9	2149	[196]	,	b	_
9.9	2150	[16]	ὅτι	_	_
9.9	2151	[62]	τὸ	_	_
9.9	2152	[27]	μὲν	_	_
9.9	2153	[5]	ποιεῖν	_	_
9.9	2154	[9]	ἐπὶ	_	_
9.9	2155	[24]	τῆς	_	_
9.9	2156	[3]	δυνάμεως	_	_
9.9	2157	[1]	ἀκούειν	_	_
9.9	2158	[1]	ἐγχωρεῖ	_	_
9.9	2159	[197]	,	b	_
9.9	2160	[63]	τὸ	_	_
9.9	2161	[5]	πάσχειν	_	_
9.9	2162	[9]	δ	_	_
9.9	2163	[44]	’	b	_
9.9	2164	[14]	οὐκ	_	_
9.9	2165	[2]	ἐγχωρεῖ	_	_
9.9	2166	[58]	.	b	_
9.9	2167	[28]	κατὰ	_	_
9.9	2168	[14]	γὰρ	_	_
9.9	2169	[64]	τὸ	_	_
9.9	2170	[2]	δρᾷν	_	_
9.9	2171	[11]	ὁ	_	_
9.9	2172	[7]	Πλάτων	_	_
9.9	2173	[1]	ἀεὶ	_	_
9.9	2174	[2]	φαίνεται	_	_
9.9	2175	[65]	τὸ	_	_
9.9	2176	[25]	τῆς	_	_
9.9	2177	[4]	δυνάμεως	_	_
9.9	2178	[1]	ὄνομα	_	_
9.9	2179	[1]	προσφερόμενος	_	_
9.9	2180	[198]	,	b	_
9.9	2181	[10]	οὐ	_	_
9.9	2182	[29]	κατὰ	_	_
9.9	2183	[66]	τὸ	_	_
9.9	2184	[6]	πάσχειν	_	_
9.9	2185	[59]	.	b	_
9.9	2186	[4]	ἕκαστον	_	_
9.9	2187	[15]	γὰρ	_	_
9.9	2188	[27]	τῶν	_	_
9.9	2189	[1]	ὄντων	_	_
9.9	2190	[3]	δρᾷν	_	_
9.9	2191	[2]	μέν	_	_
9.9	2192	[9]	τι	_	_
9.9	2193	[2]	δύναται	_	_
9.9	2194	[5]	καθ	_	_
9.9	2195	[45]	’	b	_
9.9	2196	[1]	ἣν	_	_
9.9	2197	[4]	ἔχει	_	_
9.9	2198	[3]	δύναμιν	_	_
9.9	2199	[199]	,	b	_
9.9	2200	[1]	ἡγούμενος	_	_
9.9	2201	[200]	,	b	_
9.9	2202	[11]	οὐ	_	_
9.9	2203	[3]	μὴν	_	_
9.9	2204	[91]	καὶ	_	_
9.9	2205	[7]	πάσχειν	_	_
9.9	2206	[30]	κατὰ	_	_
9.9	2207	[4]	δύναμιν	_	_
9.9	2208	[201]	,	b	_
9.9	2209	[9]	ἀλλὰ	_	_
9.9	2210	[92]	καὶ	_	_
9.9	2211	[31]	κατὰ	_	_
9.9	2212	[1]	ἀσθένειαν	_	_
9.9	2213	[6]	μᾶλλον	_	_
9.9	2214	[202]	,	b	_
9.9	2215	[1]	ὅτε	_	_
9.9	2216	[1]	ἰσχυρότερον	_	_
9.9	2217	[13]	αὐτοῦ	_	_
9.9	2218	[67]	τὸ	_	_
9.9	2219	[1]	συντυγχάνον	_	_
9.9	2220	[1]	ὑπάρχει	_	_
9.9	2221	[60]	.	b	_
9.9	2222	[93]	καὶ	_	_
9.9	2223	[2]	πρόδηλον	_	_
9.9	2224	[10]	δ	_	_
9.9	2225	[46]	’	b	_
9.9	2226	[4]	ἐξ	_	_
9.9	2227	[1]	ὅλου	_	_
9.9	2228	[30]	τοῦ	_	_
9.9	2229	[2]	λόγου	_	_
9.9	2230	[1]	γέγονε	_	_
9.9	2231	[203]	,	b	_
9.9	2232	[1]	καθότι	_	_
9.9	2233	[1]	μοι	_	_
9.9	2234	[1]	δέδεικται	_	_
9.9	2235	[94]	καὶ	_	_
9.9	2236	[10]	διὰ	_	_
9.9	2237	[2]	τῆσδε	_	_
9.9	2238	[26]	τῆς	_	_
9.9	2239	[2]	πραγματείας	_	_
9.9	2240	[204]	,	b	_
9.9	2241	[27]	ἐν	_	_
9.9	2242	[1]	ᾗ	_	_
9.9	2243	[22]	περὶ	_	_
9.9	2244	[28]	τῶν	_	_
9.9	2245	[27]	τῆς	_	_
9.9	2246	[13]	ψυχῆς	_	_
9.9	2247	[2]	εἰδῶν	_	_
9.9	2248	[1]	ἐμνημόνευσα	_	_
9.9	2249	[32]	κατὰ	_	_
9.9	2250	[24]	τὴν	_	_
9.9	2251	[31]	τοῦ	_	_
9.9	2252	[3]	Πλάτωνος	_	_
9.9	2253	[3]	γνῶσιν	_	_
9.9	2254	[18]	τὸν	_	_
9.9	2255	[7]	λόγον	_	_
9.9	2256	[1]	ποιούμενος	_	_
9.9	2257	[205]	,	b	_
9.9	2258	[2]	ἓν	_	_
9.9	2259	[28]	μὲν	_	_
9.9	2260	[3]	λέγειν	_	_
9.9	2261	[9]	αὐτὸ	_	_
9.9	2262	[206]	,	b	_
9.9	2263	[1]	ὅ	_	_
9.9	2264	[1]	τί	_	_
9.9	2265	[1]	περ	_	_
9.9	2266	[10]	ἂν	_	_
9.9	2267	[1]	ὑποκείμενον	_	_
9.9	2268	[1]	ᾖ	_	_
9.9	2269	[33]	κατὰ	_	_
9.9	2270	[25]	τὴν	_	_
9.9	2271	[1]	ζήτησιν	_	_
9.9	2272	[4]	οὐσίαν	_	_
9.9	2273	[1]	ἰδίαν	_	_
9.9	2274	[1]	ἔχον	_	_
9.9	2275	[207]	,	b	_
9.9	2276	[18]	ἢ	_	_
9.9	2277	[1]	συμβεβηκός	_	_
9.9	2278	[61]	.	b	_
9.9	2279	[1]	οὐσία	_	_
9.9	2280	[28]	δὲ	_	_
9.9	2281	[208]	,	b	_
9.9	2282	[1]	ἥτις	_	_
9.9	2283	[13]	μὴ	_	_
9.9	2284	[3]	δύναται	_	_
9.9	2285	[7]	τἀναντία	_	_
9.9	2286	[23]	περὶ	_	_
9.9	2287	[68]	τὸ	_	_
9.9	2288	[10]	αὐτὸ	_	_
9.9	2289	[34]	κατὰ	_	_
9.9	2290	[19]	τὸν	_	_
9.9	2291	[8]	αὐτὸν	_	_
9.9	2292	[5]	χρόνον	_	_
9.9	2293	[12]	ἅμα	_	_
9.9	2294	[4]	δρᾷν	_	_
9.9	2295	[34]	τε	_	_
9.9	2296	[95]	καὶ	_	_
9.9	2297	[8]	πάσχειν	_	_
9.9	2298	[209]	,	b	_
9.9	2299	[10]	ἀλλὰ	_	_
9.9	2300	[11]	διὰ	_	_
9.9	2301	[69]	τὸ	_	_
9.9	2302	[28]	τῆς	_	_
9.9	2303	[1]	διαιρέσεως	_	_
9.9	2304	[2]	ὄνομα	_	_
9.9	2305	[210]	,	b	_
9.9	2306	[2]	λέγεται	_	_
9.9	2307	[29]	μὲν	_	_
9.9	2308	[3]	κυρίως	_	_
9.9	2309	[211]	,	b	_
9.9	2310	[4]	ὅταν	_	_
9.9	2311	[1]	ὅλον	_	_
9.9	2312	[10]	τι	_	_
9.9	2313	[1]	συνεχὲς	_	_
9.9	2314	[2]	ὂν	_	_
9.9	2315	[17]	τὰ	_	_
9.9	2316	[3]	μόρια	_	_
9.9	2317	[1]	τέμνηται	_	_
9.9	2318	[62]	.	b	_
9.9	2319	[3]	λέγεται	_	_
9.9	2320	[29]	δὲ	_	_
9.9	2321	[96]	καὶ	_	_
9.9	2322	[35]	κατὰ	_	_
9.9	2323	[26]	τὴν	_	_
9.9	2324	[1]	ἀπ	_	_
9.9	2325	[47]	’	b	_
9.9	2326	[14]	αὐτοῦ	_	_
9.9	2327	[1]	μεταφορὰν	_	_
9.9	2328	[212]	,	b	_
9.9	2329	[5]	ὅταν	_	_
9.9	2330	[10]	εἰς	_	_
9.9	2331	[1]	διαφορὰς	_	_
9.9	2332	[19]	ἢ	_	_
9.9	2333	[3]	εἴδη	_	_
9.9	2334	[1]	συγχέωνταί	_	_
9.9	2335	[1]	τινες	_	_
9.9	2336	[28]	ἐν	_	_
9.9	2337	[2]	ταῖς	_	_
9.9	2338	[1]	τοιαύταις	_	_
9.9	2339	[1]	τομαῖς	_	_
9.9	2340	[213]	,	b	_
9.9	2341	[14]	ὡς	_	_
9.9	2342	[12]	οὐ	_	_
9.9	2343	[6]	δύνασθαι	_	_
9.9	2344	[1]	διακρῖναι	_	_
9.9	2345	[27]	τὴν	_	_
9.9	2346	[29]	τῆς	_	_
9.9	2347	[3]	οὐσίας	_	_
9.9	2348	[11]	εἰς	_	_
9.9	2349	[18]	τὰ	_	_
9.9	2350	[2]	μέρη	_	_
9.9	2351	[2]	διαίρεσιν	_	_
9.9	2352	[5]	ἀπὸ	_	_
9.9	2353	[30]	τῆς	_	_
9.9	2354	[29]	τῶν	_	_
9.9	2355	[1]	γενῶν	_	_
9.9	2356	[35]	τε	_	_
9.9	2357	[97]	καὶ	_	_
9.9	2358	[1]	διαφορῶν	_	_
9.9	2359	[98]	καὶ	_	_
9.9	2360	[3]	εἰδῶν	_	_
9.9	2361	[2]	διαιρέσεως	_	_
9.9	2362	[214]	,	b	_
9.9	2363	[6]	ἔτι	_	_
9.9	2364	[30]	δὲ	_	_
9.9	2365	[7]	μᾶλλον	_	_
9.9	2366	[215]	,	b	_
9.9	2367	[2]	ὅτε	_	_
9.9	2368	[36]	κατὰ	_	_
9.9	2369	[70]	τὸ	_	_
9.9	2370	[2]	τρίτον	_	_
9.9	2371	[1]	σημαινόμενον	_	_
9.9	2372	[3]	οἱ	_	_
9.9	2373	[1]	διαλεκτικοὶ	_	_
9.9	2374	[3]	διαίρεσιν	_	_
9.9	2375	[1]	ὀνομάζουσι	_	_
9.9	2376	[28]	τὴν	_	_
9.9	2377	[30]	τῶν	_	_
9.9	2378	[1]	φωνῶν	_	_
9.9	2379	[12]	εἰς	_	_
9.9	2380	[19]	τὰ	_	_
9.9	2381	[1]	σημαινόμενα	_	_
9.9	2382	[216]	,	b	_
9.9	2383	[99]	καὶ	_	_
9.9	2384	[4]	κατ	_	_
9.9	2385	[48]	’	b	_
9.9	2386	[2]	ἄλλην	_	_
9.9	2387	[217]	,	b	_
9.9	2388	[6]	ὅταν	_	_
9.9	2389	[7]	τὰς	_	_
9.9	2390	[1]	φυσικὰς	_	_
9.9	2391	[4]	οὐσίας	_	_
9.9	2392	[5]	ἐξ	_	_
9.9	2393	[1]	ὕλης	_	_
9.9	2394	[100]	καὶ	_	_
9.9	2395	[1]	εἴδους	_	_
9.9	2396	[1]	ἀποίους	_	_
9.9	2397	[1]	συγκεῖσθαι	_	_
9.9	2398	[1]	λέγωσιν	_	_
9.9	2399	[218]	,	b	_
9.9	2400	[5]	ὥσπερ	_	_
9.9	2401	[1]	δή	_	_
9.9	2402	[8]	γε	_	_
9.9	2403	[1]	κᾀπειδὰν	_	_
9.9	2404	[1]	ἔκ	_	_
9.9	2405	[36]	τε	_	_
9.9	2406	[31]	τῆς	_	_
9.9	2407	[1]	ὑποκειμένης	_	_
9.9	2408	[5]	οὐσίας	_	_
9.9	2409	[1]	ἀποίου	_	_
9.9	2410	[101]	καὶ	_	_
9.9	2411	[31]	τῶν	_	_
9.9	2412	[1]	συμβεβηκότων	_	_
9.9	2413	[2]	αὐτῇ	_	_
9.9	2414	[63]	.	b	_
9.9	2415	[1]	λέγουσι	_	_
9.9	2416	[16]	γὰρ	_	_
9.9	2417	[2]	ἔνιοι	_	_
9.9	2418	[1]	φιλόσοφοι	_	_
9.9	2419	[102]	καὶ	_	_
9.9	2420	[71]	τὸ	_	_
9.9	2421	[1]	τοιοῦτον	_	_
9.9	2422	[4]	διαίρεσιν	_	_
9.9	2423	[219]	,	b	_
9.9	2424	[6]	ὥσπερ	_	_
9.9	2425	[103]	καὶ	_	_
9.9	2426	[1]	ἀνάλυσιν	_	_
9.9	2427	[64]	.	b	_
9.9	2428	[13]	οὐ	_	_
9.9	2429	[4]	μὴν	_	_
9.9	2430	[1]	τάς	_	_
9.9	2431	[9]	γε	_	_
9.9	2432	[6]	οὐσίας	_	_
9.9	2433	[1]	διαιρεῖσθαί	_	_
9.9	2434	[2]	φασιν	_	_
9.9	2435	[13]	εἰς	_	_
9.9	2436	[8]	τὰς	_	_
9.9	2437	[29]	ἐν	_	_
9.9	2438	[1]	αὐταῖς	_	_
9.9	2439	[2]	δυνάμεις	_	_
9.9	2440	[220]	,	b	_
9.9	2441	[8]	ἀλλ	_	_
9.9	2442	[49]	’	b	_
9.9	2443	[2]	ἑκάστην	_	_
9.9	2444	[1]	ἄτμητον	_	_
9.9	2445	[1]	οὖσαν	_	_
9.9	2446	[1]	ἐνεργεῖν	_	_
9.9	2447	[11]	τι	_	_
9.9	2448	[37]	κατὰ	_	_
9.9	2449	[9]	τὰς	_	_
9.9	2450	[30]	ἐν	_	_
9.9	2451	[3]	αὐτῇ	_	_
9.9	2452	[3]	δυνάμεις	_	_
9.9	2453	[65]	.	b	_
9.9	2454	[8]	οὐδὲ	_	_
9.9	2455	[17]	γὰρ	_	_
9.9	2456	[1]	ἁπλῶς	_	_
9.9	2457	[2]	λέγουσι	_	_
9.9	2458	[5]	δύναμιν	_	_
9.9	2459	[3]	ἔχειν	_	_
9.9	2460	[1]	τινὰ	_	_
9.9	2461	[29]	τὴν	_	_
9.9	2462	[5]	οὐσίαν	_	_
9.9	2463	[221]	,	b	_
9.9	2464	[11]	ἀλλὰ	_	_
9.9	2465	[1]	προστιθέασι	_	_
9.9	2466	[222]	,	b	_
9.9	2467	[1]	ποτὲ	_	_
9.9	2468	[30]	μὲν	_	_
9.9	2469	[32]	τοῦ	_	_
9.9	2470	[1]	καίειν	_	_
9.9	2471	[223]	,	b	_
9.9	2472	[20]	ἢ	_	_
9.9	2473	[1]	ψύχειν	_	_
9.9	2474	[224]	,	b	_
9.9	2475	[21]	ἢ	_	_
9.9	2476	[1]	ξηραίνειν	_	_
9.9	2477	[225]	,	b	_
9.9	2478	[22]	ἢ	_	_
9.9	2479	[1]	ὑγραίνειν	_	_
9.9	2480	[226]	,	b	_
9.9	2481	[2]	ποτὲ	_	_
9.9	2482	[31]	δὲ	_	_
9.9	2483	[33]	τοῦ	_	_
9.9	2484	[1]	φαντασιοῦσθαι	_	_
9.9	2485	[227]	,	b	_
9.9	2486	[104]	καὶ	_	_
9.9	2487	[1]	λογίζεσθαι	_	_
9.9	2488	[228]	,	b	_
9.9	2489	[105]	καὶ	_	_
9.9	2490	[1]	κινεῖν	_	_
9.9	2491	[1]	ἑαυτὴν	_	_
9.9	2492	[229]	,	b	_
9.9	2493	[2]	ἤ	_	_
9.9	2494	[12]	τι	_	_
9.9	2495	[32]	τῶν	_	_
9.9	2496	[1]	ἄλλων	_	_
9.9	2497	[230]	,	b	_
9.9	2498	[2]	ὅσα	_	_
9.9	2499	[37]	τε	_	_
9.9	2500	[2]	τοιαῦτα	_	_
9.9	2501	[38]	κατὰ	_	_
9.9	2502	[30]	τὴν	_	_
9.9	2503	[1]	λογιστικὴν	_	_
9.9	2504	[3]	ψυχὴν	_	_
9.9	2505	[1]	ἐνεργοῦμεν	_	_
9.9	2506	[231]	,	b	_
9.9	2507	[2]	αὐτὴν	_	_
9.9	2508	[31]	μὲν	_	_
9.9	2509	[2]	οὖσαν	_	_
9.9	2510	[2]	μίαν	_	_
9.9	2511	[232]	,	b	_
9.9	2512	[1]	ἔχουσαν	_	_
9.9	2513	[32]	δὲ	_	_
9.9	2514	[4]	δυνάμεις	_	_
9.9	2515	[1]	πολλὰς	_	_
9.9	2516	[233]	,	b	_
9.9	2517	[1]	ἃς	_	_
9.9	2518	[1]	ἁπάσας	_	_
9.9	2519	[31]	ἐν	_	_
9.9	2520	[3]	τῇ	_	_
9.9	2521	[1]	προειρημένῃ	_	_
9.9	2522	[1]	πραγματείᾳ	_	_
9.9	2523	[1]	διῆλθον	_	_
9.9	2524	[66]	.	b	_
